20 99 3 3
7 18 17031 360
7 12 19558 81
7 2 2240 720
7 3 15008 220
7 6 11096 63
7 15 3985 25
7 1 23420 179
7 20 43182 77
7 19 5541 304
7 8 1728 20
7 5 7662 355
7 17 9772 239
7 11 3039 495
7 13 31679 262
7 14 20658 381
7 4 6971 37
7 10 12818 75
7 16 86998 490
7 9 15561 140
4 6 106216 372
11 13 18207 78
11 10 9692 35
18 12 19960 273
19 14 149573 121
16 6 2477 257
14 1 33996 118
19 16 70601 182
4 16 15003 31
1 18 12654 111
1 12 49954 81
10 14 3157 242
8 17 35295 545
4 13 123307 303
5 18 11843 116
17 3 14868 200
20 2 35356 57
10 6 45680 287
16 7 13219 56
15 12 25032 79
20 12 13882 346
11 2 17209 115
11 12 62209 30
9 10 36917 402
8 13 5643 320
3 14 168573 65
6 17 61047 100
19 4 18847 505
6 18 117741 37
4 10 35734 32
6 5 109321 1186
5 6 22270 12
14 2 226353 249
16 13 24460 41
11 7 15890 212
13 5 56422 2838
13 10 38001 113
19 17 49506 169
4 9 14665 212
18 19 4426 252
12 2 11940 93
15 10 7896 452
16 3 14662 89
8 10 28088 139
15 6 22405 66
2 19 59510 46
2 17 30284 142
17 16 33429 409
14 5 36056 124
3 10 4811 139
12 19 26370 134
13 2 25718 271
3 8 69417 556
14 18 5240 127
19 8 9593 631
1 3 83600 45
14 15 48848 134
13 15 32071 274
19 6 74775 136
13 9 35716 229
2 18 3469 215
10 2 24272 382
5 7 70447 215
6 9 20906 135
10 1 26179 715
13 11 19056 99
9 4 13358 650
11 8 3991 58
19 10 17840 81
9 17 24946 39
12 17 18880 218
6 20 11653 51
17 14 34931 20
9 18 46142 83
13 20 162441 29
1 7 7784 138
17 19 22968 1411
5 3 34158 101
4 19 48887 168
14 10 1762 140
7 570
19 105
13 308
10 100
18 163
17 208

4218473
