20 99 3 3
2 3 12255 31
2 10 9712 105
2 19 40056 72
2 7 1651 71
2 13 30212 176
2 12 16662 33
2 18 13243 54
2 9 41717 457
2 16 31247 238
2 11 3104 82
2 4 11985 107
2 17 40821 1041
2 5 9332 668
2 1 15405 69
2 14 4320 73
2 8 13808 344
2 20 227225 214
2 15 6621 173
2 6 29766 1615
15 17 4058 100
6 5 14974 171
7 11 4003 141
5 3 23807 29
9 12 54332 240
14 7 36890 429
19 2 6026 458
7 1 38279 62
8 20 4808 178
13 20 10203 225
8 2 18210 133
5 7 36657 70
9 7 9391 90
20 18 39522 144
20 6 44594 274
16 20 6239 339
9 20 16414 53
19 7 24480 117
10 7 55606 93
11 15 134720 52
15 1 12180 303
10 13 12553 19
8 16 70930 126
11 1 3631 176
20 9 37579 52
18 5 41457 50
15 18 38440 83
6 20 10203 50
18 2 14520 343
10 19 17836 193
1 11 10948 424
1 7 162854 190
8 11 40786 62
1 17 110260 162
6 16 13459 110
10 3 37747 606
18 13 14346 82
19 15 73994 44
10 12 5540 14
3 20 8609 187
9 2 13330 15
8 6 24898 89
11 17 3711 410
17 7 17115 552
20 11 65176 407
14 5 23673 78
12 13 13078 73
18 12 7707 956
14 2 36819 300
11 20 3642 198
6 11 38719 149
13 14 26922 43
10 9 9189 57
9 4 73708 146
15 19 81441 76
13 8 9720 424
17 9 8895 404
14 10 14206 40
12 3 5857 82
19 6 29010 329
12 14 8619 687
18 7 10336 53
8 1 12482 188
8 5 26444 287
4 7 13160 383
19 9 159035 250
3 9 2744 176
16 1 3388 301
16 9 6705 113
14 6 13942 245
18 3 18735 45
7 19 61616 204
3 13 16286 380
11 13 28829 119
18 14 64776 919
4 12 3456 93
5 6 6954 2259
4 18 162566 86
1 4 15447 131
1 5 3689 99
2 171
18 14
8 63
7 168
20 19
9 13

2520765
