20 99 3 3
15 9 5726 131
15 13 30846 209
15 14 136306 518
15 20 25631 77
15 19 15137 268
15 6 46220 236
15 10 9999 70
15 2 126404 155
15 1 40639 10
15 7 9942 176
15 5 4814 460
15 18 5978 351
15 8 11000 359
15 11 30473 45
15 3 12633 219
15 12 4238 250
15 17 14995 35
15 16 17168 45
15 4 39111 180
9 16 2410 98
18 13 34463 313
1 6 34002 79
20 14 30233 35
8 3 15074 51
20 3 16282 56
8 7 50369 35
19 4 20363 117
5 1 242122 110
14 20 118757 235
16 4 13937 208
3 10 7829 28
2 9 15553 137
13 15 20327 120
7 1 32207 1177
11 2 27864 1179
10 20 22965 159
19 9 25886 118
11 15 7058 174
20 4 37128 1413
19 18 11247 128
4 9 6306 127
9 2 44407 47
4 18 17840 83
4 11 11049 452
12 17 9709 66
2 16 42406 154
7 3 22325 405
9 5 12892 71
10 7 9267 84
13 6 181926 20
14 8 33397 289
13 2 13193 170
7 15 39903 175
5 18 11397 397
19 16 325804 40
1 9 46683 110
17 18 9180 430
5 3 18923 388
12 4 25843 171
13 20 27729 82
16 13 11425 114
7 18 22764 303
17 13 28278 182
5 10 4250 445
3 7 9659 24
1 11 77709 197
12 13 28255 651
17 19 91016 55
18 10 11558 143
2 7 56257 69
10 6 28310 75
5 4 3174 308
14 13 47825 91
17 15 75093 481
19 1 43408 258
2 18 90798 180
5 13 32860 113
13 17 57387 209
3 6 44526 79
17 11 4320 114
18 14 241089 117
3 9 64308 121
20 19 48939 57
12 3 22917 163
14 4 10934 20
18 15 8292 416
17 2 16014 135
8 11 83854 85
14 3 22230 157
20 15 34355 178
5 17 9978 267
10 4 214626 181
4 3 30620 74
12 10 67500 87
11 7 10205 22
18 7 12260 96
1 7 8916 73
16 17 8391 202
19 17 20238 37
15 228
5 112
19 48
7 18
4 66
3 206

2990838
