20 99 3 3
12 16 18005 447
12 15 24494 307
12 10 14662 116
12 4 29608 122
12 5 2396 83
12 11 22495 116
12 20 23246 861
12 17 95514 251
12 6 19406 107
12 9 8522 48
12 19 63864 143
12 8 36370 165
12 18 283806 258
12 14 97895 360
12 3 17056 67
12 1 299549 316
12 7 12403 16
12 13 18212 117
12 2 65848 158
8 16 18543 154
11 17 24444 155
9 1 17807 104
5 16 4919 110
18 11 20434 178
4 13 10178 39
7 17 5245 362
2 16 131332 94
10 6 70907 145
11 16 84950 209
9 5 59271 62
9 14 20027 229
15 12 32061 46
9 8 10827 252
13 14 19617 118
6 7 155709 438
11 18 28901 514
5 1 108112 229
6 19 3986 61
9 20 25148 141
3 6 18027 292
17 6 86784 175
8 2 26939 368
7 19 2813 624
16 2 15330 142
3 17 32475 285
13 11 79619 503
3 10 29598 225
10 3 16626 256
6 2 62740 69
11 2 16165 51
19 3 10210 89
6 16 5943 480
20 11 19222 370
7 6 11082 176
8 4 6089 124
8 17 35245 131
5 2 14936 68
4 14 39113 78
13 16 12806 55
4 9 28597 345
8 12 68021 322
2 5 34715 172
7 9 6860 179
18 20 18580 99
15 1 15019 94
10 2 13317 197
1 19 60626 92
2 12 3178 3067
3 13 36910 184
16 3 62455 96
9 13 13508 59
6 14 54591 113
16 10 2353 223
20 14 133293 228
8 9 11256 120
16 20 50689 131
13 4 20584 333
4 20 71923 468
10 19 5059 222
15 11 3715 128
6 4 5859 458
15 19 14417 120
8 11 22411 226
20 19 34835 16
13 6 98995 137
6 11 10619 129
5 13 4882 79
10 17 26166 237
8 7 21799 838
13 2 9830 54
4 8 72487 140
4 15 24691 138
1 2 37756 158
18 2 12610 145
1 13 32732 211
2 15 26847 83
8 3 56921 37
4 10 5865 128
14 15 22041 106
12 266
8 45
6 35
2 10
19 156
16 69

2987650
