20 99 3 3
11 4 32742 66
11 8 6370 633
11 13 8208 240
11 16 73303 173
11 5 6121 179
11 1 12811 46
11 20 13710 143
11 7 2731 185
11 17 6026 66
11 18 3160 284
11 19 146589 172
11 15 34006 214
11 3 10816 300
11 9 12692 367
11 10 18235 214
11 2 60579 91
11 14 32369 67
11 12 69988 895
11 6 20221 86
19 4 26947 46
12 17 101676 237
20 18 81167 71
15 9 217262 51
4 14 24715 229
3 15 33535 203
4 7 62837 169
10 12 63276 146
6 8 43188 217
18 11 35333 29
12 20 122773 80
9 13 42126 68
10 15 18606 125
13 1 35534 120
20 12 7485 29
16 18 15671 161
6 14 21630 441
19 5 43821 318
4 20 5036 52
9 7 36368 124
8 16 21495 118
12 2 5797 264
5 18 31662 482
18 15 23487 262
3 13 251586 94
15 19 9924 1021
2 5 15828 285
7 11 108309 94
3 11 49109 491
15 5 38966 68
17 13 75974 30
8 12 33394 68
10 14 7642 216
3 6 43293 1135
10 7 9664 709
4 1 8811 61
4 19 22595 229
19 11 31287 24
14 18 21521 131
7 13 53983 45
5 4 22950 83
10 5 8750 156
4 13 37891 116
3 9 14256 144
4 9 4821 293
6 2 67921 204
6 13 48803 47
5 2 78996 463
2 7 27118 66
6 5 82651 341
16 15 7318 101
13 17 18919 164
14 3 176297 165
1 15 46460 51
3 7 6400 612
15 17 7446 42
14 2 41731 60
13 5 13397 333
1 7 30713 38
19 10 67348 251
9 20 11205 55
17 11 98721 43
2 16 11013 298
16 2 32292 217
18 7 3896 201
17 16 36059 333
8 11 23578 114
13 16 31982 139
19 3 28114 62
5 15 36370 1070
19 15 5273 96
15 16 6140 119
5 7 3899 12
17 1 9885 223
17 14 185904 313
5 11 13349 109
12 8 19902 65
16 11 62538 580
15 14 13611 181
10 3 73922 393
11 399
4 245
19 30
7 164
15 204
13 98

6092213
