20 99 3 3
4 9 9508 147
4 18 140494 34
4 10 14245 47
4 15 3767 214
4 7 26346 256
4 3 5818 166
4 19 12330 58
4 11 48839 195
4 14 50002 94
4 16 6580 152
4 2 17120 690
4 1 15913 276
4 12 79591 110
4 5 28374 54
4 20 8285 125
4 6 46787 56
4 8 23845 31
4 13 34804 181
4 17 16287 46
8 13 137758 119
12 9 44930 126
6 18 10655 200
1 2 1655 370
6 5 42887 322
2 6 268053 407
2 3 22362 136
17 18 22732 158
14 17 109675 137
11 9 31933 143
1 4 30766 82
9 14 6917 366
20 15 26446 72
1 18 23122 81
19 3 14283 126
5 9 17285 196
11 6 23605 15
10 1 9216 98
5 1 10758 911
2 13 18920 125
7 19 16440 174
12 6 48176 49
12 7 90658 421
14 13 24186 46
19 13 11921 144
7 2 42604 38
3 14 70527 38
17 15 23668 80
3 15 12894 74
14 16 25376 195
1 10 5608 1290
5 4 47591 262
9 15 28777 825
6 7 90192 159
6 14 18166 77
6 20 19470 130
8 7 27214 94
5 19 8398 136
9 12 91039 74
6 3 8926 457
3 4 12681 224
2 16 71560 372
11 5 7568 255
7 12 10870 58
15 12 115438 173
13 6 78540 103
14 5 11344 17
12 3 11372 188
8 1 35975 200
8 20 8888 319
1 14 43519 1459
5 3 38900 63
18 15 151338 211
11 7 32170 65
6 16 12588 218
18 14 10732 194
19 6 63290 47
8 18 34219 22
19 12 3986 130
16 18 29354 459
20 13 12566 213
10 11 21423 132
3 6 75604 53
7 9 58076 24
16 7 8484 310
5 2 71949 90
5 6 65114 227
3 16 5134 69
6 11 6457 22
11 4 29778 2004
12 17 37518 52
19 15 17862 67
3 18 13331 57
8 5 10055 168
5 18 8747 404
15 7 72449 31
13 18 115003 227
12 20 28529 208
9 17 18358 692
20 5 55690 221
4 95
6 48
5 24
18 19
15 6
7 33

685907
