20 99 3 3
7 9 176337 881
7 13 70262 651
7 16 6336 201
7 11 8440 104
7 8 18079 153
7 17 22577 217
7 12 15894 65
7 10 9431 981
7 15 3926 73
7 2 14722 79
7 18 23733 285
7 20 5823 477
7 4 8536 420
7 1 5630 169
7 14 14731 188
7 5 10476 32
7 6 9042 115
7 19 22111 661
7 3 16420 27
11 4 2687 348
3 16 60713 14
10 8 63811 24
20 7 28494 30
12 1 25686 73
5 10 7917 97
11 10 20302 157
10 15 13940 323
5 6 11397 46
5 18 48135 182
1 15 8011 17
19 15 187380 767
10 20 85502 51
1 4 15732 117
17 3 47640 176
11 2 4094 28
13 15 37606 129
20 19 31780 103
11 16 16232 106
18 16 64706 40
16 12 5398 175
5 13 6582 23
2 5 39042 494
11 18 46758 509
6 12 16244 86
6 9 18854 303
13 11 7945 201
6 3 21698 73
6 5 4699 215
10 18 3779 86
17 6 25109 104
10 7 12735 52
4 2 17498 246
8 7 50153 755
19 14 29171 194
17 8 12200 172
20 4 34339 135
5 2 28740 275
1 3 57849 717
5 11 112333 331
3 13 43135 235
15 16 28613 51
3 14 10714 126
20 12 12890 165
10 13 12338 528
8 16 3241 163
4 15 14983 50
11 7 6197 225
14 6 7362 382
20 17 34024 83
3 17 60459 608
11 8 8387 40
16 20 2910 132
17 12 11948 184
5 15 30810 47
5 17 14955 65
16 7 24192 69
8 6 11102 410
9 1 21598 908
12 14 25594 137
8 17 11609 185
16 1 4102 398
8 20 6779 175
5 7 16593 602
13 17 5525 67
5 20 20389 565
1 9 4596 815
15 10 97022 303
9 5 50526 101
18 17 13122 199
2 3 17782 759
10 12 37021 67
13 5 7797 358
16 2 11559 242
13 1 31537 90
19 18 35728 849
1 13 14889 181
16 6 12618 97
16 3 4231 103
14 20 148485 316
7 114
5 160
16 154
17 160
15 94
20 96

3795496
