20 99 3 3
4 5 4496 1783
4 12 63624 62
4 17 37404 119
4 6 17145 123
4 7 58763 303
4 2 15534 95
4 20 7556 258
4 11 36820 386
4 8 34615 152
4 16 66432 121
4 9 6535 58
4 18 44051 621
4 1 5610 281
4 13 25557 217
4 3 18822 20
4 15 4265 81
4 10 32595 275
4 19 27410 18
4 14 38054 51
3 12 64560 95
8 7 3744 120
8 18 50785 55
9 16 5257 317
20 2 33744 29
1 19 15053 142
14 18 24740 569
3 15 23439 101
5 15 22604 42
9 10 24284 50
16 10 29634 183
14 2 48592 195
10 14 112506 319
5 19 7213 133
12 16 10643 104
15 14 43378 185
10 16 62304 323
12 3 11825 158
12 7 32415 163
20 14 11402 151
8 1 17882 356
11 9 103223 44
13 1 9981 307
18 1 9464 565
2 12 349236 146
1 9 19614 160
18 5 14291 203
9 14 29957 44
11 6 54732 124
14 9 33420 80
20 12 22980 75
15 1 110829 359
8 3 32753 1722
16 14 64107 204
14 6 10272 733
12 14 11842 155
20 19 18409 105
18 19 21492 4209
1 2 7139 32
7 14 42530 96
19 10 53175 445
14 7 4226 982
17 20 4364 19
5 9 17552 102
6 4 51107 26
8 12 35998 42
6 15 2307 110
20 1 10952 139
6 19 64433 82
19 7 16337 114
12 15 73464 469
17 13 63139 429
19 4 21402 50
6 16 68993 114
15 3 6758 377
10 11 22458 316
7 8 18210 253
15 11 46508 110
16 13 28746 229
13 6 46229 116
20 8 61786 62
7 9 76451 80
14 10 6384 274
1 11 330528 790
13 20 494057 13
17 14 72318 164
18 2 37650 155
6 12 38325 140
14 19 37022 68
8 4 27912 1692
1 10 2037 177
12 18 28008 860
6 14 8282 88
5 3 46214 222
19 16 13837 98
16 11 88999 2459
19 17 71638 73
11 15 20323 57
16 6 7813 693
6 17 13796 112
4 1140
14 42
6 98
19 480
16 87
15 361

22128584
