20 99 3 3
7 1 114405 484
7 15 47254 201
7 12 4747 104
7 13 16665 156
7 6 20827 352
7 5 12891 115
7 18 6676 114
7 16 146856 564
7 20 17705 162
7 8 21617 51
7 19 2782 129
7 10 15219 38
7 17 9245 99
7 9 56003 149
7 4 3511 25
7 2 79639 68
7 3 89308 217
7 11 17549 60
7 14 6063 106
8 10 4247 53
8 4 7524 63
8 3 20379 72
3 15 4743 267
5 1 209483 161
8 15 32920 41
12 5 15718 95
4 11 66266 23
15 4 19431 711
17 16 59604 349
6 2 10759 120
9 15 8348 643
15 3 7315 151
9 11 12782 136
1 5 13949 174
15 5 6392 22
1 9 12929 211
20 13 26168 240
8 7 11804 57
13 15 32721 356
9 20 15959 138
20 8 70364 26
3 19 112806 231
6 14 46822 216
17 12 17862 198
11 8 62537 68
4 12 64290 197
3 2 33371 295
9 1 7331 136
19 11 5094 190
6 5 60541 70
15 20 7769 851
11 9 9120 627
18 5 28493 64
13 17 2769 127
9 7 29495 358
9 2 15791 106
18 19 28336 168
16 12 7288 22
17 15 23497 925
6 17 43947 358
18 14 10563 150
16 2 48565 406
8 2 14021 35
8 13 10746 23
11 4 12200 57
19 10 60792 215
4 6 28161 334
14 10 8682 41
20 4 16358 132
3 7 247440 43
16 19 23692 244
13 14 12137 67
5 12 15524 139
11 7 49648 128
8 12 39932 151
3 9 8112 103
14 17 20729 490
18 1 8376 99
14 13 2160 104
20 14 78402 340
10 11 14402 54
9 5 54178 193
18 2 9773 258
20 2 6034 106
16 6 23713 27
16 9 28001 387
3 16 34365 44
9 8 19022 137
2 19 29274 1015
16 1 29199 74
1 14 13065 121
20 18 4466 143
11 12 74764 293
19 3 30813 557
17 19 22026 45
15 16 132332 298
4 10 4079 154
3 6 19300 168
13 3 49182 102
7 95
9 40
8 64
2 27
12 54
5 54

1355056
