20 99 3 3
8 12 20895 89
8 4 10925 609
8 20 38058 200
8 3 65405 122
8 14 17630 5
8 11 21615 73
8 9 23148 181
8 10 9168 98
8 5 22933 377
8 15 29413 693
8 16 50644 92
8 17 60056 1432
8 2 46031 554
8 13 15774 1141
8 19 91499 137
8 7 26931 296
8 1 43289 289
8 18 60281 15
8 6 29710 152
9 4 12229 70
9 13 23742 167
4 7 9437 768
17 1 4776 99
3 18 21301 39
18 1 53560 598
2 14 27999 315
4 11 28121 223
20 14 27250 88
19 10 54515 214
11 13 21400 82
15 14 11237 132
20 17 4952 80
12 4 28909 139
6 4 8933 119
1 2 13238 21
11 17 5597 53
11 19 26918 257
11 5 68890 27
7 11 62653 57
13 17 28415 31
3 14 5668 131
5 18 58888 621
3 10 70147 113
11 1 11020 445
12 2 58338 81
19 17 8161 37
12 10 61052 290
10 9 9660 81
19 7 14055 166
11 18 89826 2340
7 19 19144 156
17 18 13328 36
2 11 39566 107
11 14 31994 223
9 18 75113 121
15 12 20771 83
6 13 75856 156
18 11 66527 13
14 20 14304 119
12 16 37625 430
20 8 40357 109
19 14 6972 191
18 8 46668 185
14 2 84899 111
13 9 18848 141
12 14 8544 1360
13 20 178633 329
2 18 35490 1426
3 15 21084 220
4 19 27006 14
12 17 31922 283
11 3 15894 77
6 18 9370 379
3 13 23401 130
7 12 2424 338
1 6 12477 45
13 1 55152 1162
11 12 9607 54
3 1 81695 157
18 12 19737 144
6 11 90988 150
9 19 43734 80
9 3 15594 166
2 19 144587 297
14 7 5912 106
5 17 69424 229
9 7 17977 162
20 2 10001 213
12 7 38626 85
4 6 31666 131
15 6 19773 157
16 8 9030 301
20 15 11310 124
18 7 51814 379
1 11 14056 120
9 6 13903 36
5 11 17850 83
16 15 6938 362
19 15 1294 208
8 247
11 108
12 126
18 80
14 45
17 87

4454286
