20 99 3 3
16 15 57177 110
16 8 3676 165
16 3 12762 33
16 7 7708 446
16 1 14056 84
16 20 77918 188
16 13 5470 1056
16 12 14587 284
16 19 18373 112
16 14 26132 75
16 2 20419 247
16 18 14673 251
16 9 4767 776
16 4 23280 69
16 10 124131 550
16 11 17990 1045
16 5 15531 163
16 6 9704 223
16 17 6809 72
11 2 33006 62
4 2 84211 82
11 6 23004 477
12 7 37230 417
15 14 26298 12
8 1 270545 45
18 13 28800 207
1 11 20943 119
19 20 5358 58
5 11 5132 179
17 11 16700 236
7 17 345441 119
11 1 8556 112
20 7 7993 63
12 13 58145 195
10 6 6708 2206
3 5 84962 140
3 19 116327 180
20 13 18176 149
9 10 20896 1403
20 11 28011 108
19 6 40448 26
3 16 54267 475
14 1 15399 125
13 16 18937 278
7 14 79600 259
20 12 46119 650
4 9 44066 691
4 5 40361 181
5 4 9070 38
12 16 31206 137
2 16 21564 131
20 5 6077 67
1 7 16774 130
8 14 15706 54
15 20 27303 261
14 20 24444 141
8 16 28656 123
14 7 46624 319
13 17 122862 207
19 8 17683 314
12 20 30581 84
11 14 12698 620
6 13 11980 445
18 1 56455 178
1 4 60491 71
2 17 9969 236
18 14 6364 258
1 15 17357 85
4 18 142309 82
4 20 27847 1517
3 13 23104 71
9 14 32322 154
6 4 8637 273
17 20 7487 380
1 10 19129 591
7 19 37745 526
4 6 17675 100
18 2 7838 188
13 10 16917 97
5 13 62297 103
14 19 5150 111
20 3 7665 108
7 18 17953 325
12 3 18176 1271
6 3 16902 886
11 5 34707 304
2 18 140490 50
1 18 25902 1348
4 10 237774 248
4 13 11687 339
15 5 5044 116
1 14 5634 312
15 17 10973 24
9 13 18498 126
14 11 14752 17
7 5 33714 34
14 18 29575 114
7 16 16541 233
2 5 16045 178
16 190
4 80
1 266
13 50
14 92
5 55

1646033
