20 99 3 3
3 13 18218 95
3 2 40199 2993
3 7 10677 77
3 8 37028 144
3 15 19044 155
3 12 18527 39
3 6 14960 154
3 5 29328 221
3 18 28089 62
3 20 17691 140
3 4 19251 9
3 14 24423 82
3 10 43061 362
3 11 58018 165
3 9 10661 52
3 1 29346 110
3 17 32789 109
3 16 59098 153
3 19 20474 254
7 16 16044 264
20 16 104386 227
10 17 22355 114
18 13 6509 843
16 17 75118 15
14 11 16811 284
10 5 23182 127
17 13 15781 85
12 3 17479 132
8 16 63019 42
18 12 3420 205
12 20 5397 280
6 10 40407 93
7 15 24470 286
7 5 9076 57
19 11 27104 147
6 20 19291 98
10 6 15033 240
11 17 2491 161
9 12 37563 93
17 1 38339 12
15 7 64261 745
16 12 2094 141
7 20 38976 35
19 14 3715 69
4 10 28052 62
14 10 12733 165
17 14 40375 53
18 7 19176 55
17 3 50290 68
2 9 11938 328
4 9 49438 449
19 5 51532 31
15 1 4768 220
12 18 6701 54
4 14 29371 34
9 4 11181 63
6 2 35777 109
7 12 25101 121
16 10 5982 36
5 12 16321 85
18 19 68245 722
13 8 9589 1132
8 7 57875 79
4 1 5957 220
16 13 427569 37
2 19 38690 290
1 8 40428 79
4 5 14232 136
13 11 6110 354
15 16 7928 56
18 16 15918 244
20 8 37305 119
13 5 20550 25
10 7 15913 55
9 18 20280 720
15 17 12169 80
14 8 9104 76
8 17 7739 134
16 5 52621 77
11 14 22024 78
13 15 14332 47
17 18 35379 164
8 11 29379 211
15 4 17434 114
2 1 16141 168
5 4 43136 156
6 7 40765 314
9 7 18937 625
1 16 10530 580
6 18 30695 1028
16 6 18345 253
20 10 26587 134
5 3 25662 12
4 13 20700 254
18 15 9474 57
20 6 62936 93
2 12 17747 270
7 2 33696 740
13 19 36708 983
3 855
18 198
16 294
12 137
7 314
5 414

24702802
