20 99 3 3
1 15 23091 334
1 11 1842 93
1 8 4259 573
1 7 12790 93
1 5 15091 15
1 16 99974 192
1 6 20707 1788
1 12 27957 84
1 18 7962 258
1 13 43135 22
1 17 127605 381
1 14 38695 378
1 19 35703 300
1 20 36197 341
1 3 37152 213
1 2 49278 293
1 9 48905 135
1 10 10365 267
1 4 13776 125
11 13 114965 27
7 1 16008 137
3 6 111324 582
14 7 203414 161
11 2 7739 74
13 5 51632 186
7 2 4812 149
6 16 45396 36
3 7 36320 1342
15 13 50809 30
13 19 33775 325
12 14 26325 292
8 19 20284 76
18 14 3972 136
20 11 18292 609
7 19 8208 83
20 9 17198 100
10 3 33776 290
4 9 15796 108
19 6 177026 201
6 17 96304 163
19 4 49046 49
4 3 24030 62
4 13 3390 62
9 11 6820 196
5 14 17023 110
8 16 19540 605
12 11 31734 1958
2 1 12176 1204
2 14 81226 263
18 10 24538 539
4 17 23425 35
4 2 111784 93
8 9 21027 142
14 4 40835 66
14 6 201734 21
2 9 37249 83
9 15 3950 54
20 7 18226 755
5 18 72136 217
2 4 12374 66
17 10 33920 30
8 11 66298 92
6 18 48282 27
16 11 53936 585
6 10 32416 190
12 4 19715 196
3 9 30226 194
15 10 15140 32
18 7 9977 48
14 8 34357 92
5 1 16289 98
4 5 27977 1018
7 11 53132 99
9 5 20522 109
8 5 47839 52
5 20 5720 408
14 16 14849 259
5 2 35045 76
12 17 75682 321
19 11 10109 105
17 13 26650 395
4 8 26180 469
10 20 32505 94
17 20 13130 53
16 5 6427 607
8 10 31901 279
6 12 16738 238
3 12 11876 236
9 14 38526 40
11 9 200397 255
6 9 16953 42
4 15 41211 305
19 2 149281 84
19 12 6506 417
10 13 6946 158
12 15 49975 94
5 3 4903 194
19 14 48352 1386
17 3 44933 78
1 57
4 240
19 6
11 90
9 108
14 50

5366532
