20 99 3 3
2 10 52012 41
2 14 15729 139
2 5 31675 138
2 13 11295 28
2 3 31467 123
2 11 39685 417
2 1 105702 329
2 9 1327 304
2 15 41356 99
2 4 4061 39
2 19 16175 30
2 8 9109 3346
2 6 87782 111
2 17 11646 189
2 12 6535 16
2 20 12888 130
2 18 16845 178
2 16 19162 184
2 7 2174 515
18 9 32575 589
11 6 8704 231
6 2 6460 151
11 12 31747 73
1 3 10359 175
18 19 16162 104
6 9 44727 110
13 5 207871 77
4 14 52718 681
7 17 99766 49
19 5 19020 264
14 7 25137 107
19 7 64893 108
5 4 60017 294
12 11 34402 312
9 16 56149 62
5 12 13193 142
12 18 24081 76
18 14 4853 236
7 15 41389 82
9 14 43312 253
20 7 71249 618
1 20 35238 318
16 10 33070 246
11 17 73127 224
9 15 56871 193
19 20 54756 32
6 13 16834 169
8 20 19166 919
19 12 22216 144
10 8 7805 228
4 9 16866 889
3 13 10048 349
6 11 52196 153
8 15 71712 98
3 14 27661 738
8 9 8834 91
7 2 27180 186
16 6 46539 314
9 3 49953 73
17 20 5684 92
8 7 49110 190
4 5 69801 246
4 3 104102 89
15 4 7748 228
12 16 20197 46
5 16 31311 214
15 10 88977 165
18 20 445735 142
4 2 37851 35
10 6 85379 68
14 13 126849 53
16 18 22010 501
17 11 7699 4
18 13 36936 99
6 5 70047 534
16 19 4050 379
6 16 15814 50
20 3 12927 166
12 14 15498 978
20 2 7328 106
3 20 8933 209
18 17 19618 88
1 13 29956 404
6 12 62422 49
10 13 21545 251
19 2 14643 42
16 8 6717 1290
20 6 13820 420
16 15 55688 147
18 11 12479 64
18 6 22802 170
8 19 21706 152
11 14 22922 58
19 17 10672 201
3 9 23600 199
18 5 63534 31
17 5 11179 36
14 10 260553 30
11 15 5544 293
2 76
18 108
6 42
20 10
14 27
13 26

553581
