20 99 3 3
16 18 136627 195
16 12 21712 100
16 8 23980 63
16 17 29924 169
16 4 14159 204
16 5 38666 88
16 2 21064 100
16 3 86704 48
16 13 34783 19
16 10 8471 548
16 15 32576 491
16 6 8165 40
16 20 99414 816
16 9 21556 487
16 14 104608 266
16 11 6568 141
16 7 31308 106
16 1 30024 72
16 19 87725 218
4 2 37438 561
3 1 49961 31
6 7 47770 219
10 3 11209 143
1 20 24526 71
15 1 31900 31
11 17 16760 367
20 16 421780 90
14 5 67106 440
1 15 20506 146
4 14 16335 44
9 8 21677 71
15 5 30214 156
3 17 204013 208
2 1 114313 131
7 13 44432 95
12 13 219555 109
1 6 70597 71
1 4 132145 102
5 1 33406 471
13 15 31529 306
17 9 19118 62
17 2 19197 169
11 19 28945 119
18 8 7292 135
20 2 24234 230
15 10 43897 92
17 16 13117 235
19 14 9912 224
6 2 15164 109
11 6 46602 170
8 2 2204 404
5 3 23190 121
5 18 20318 158
9 1 28583 329
18 17 8818 793
4 1 6379 507
13 18 31060 572
19 2 46472 208
17 10 27125 93
13 14 12316 300
10 14 11023 295
20 7 29562 127
7 20 44498 42
3 15 128818 219
10 12 4933 128
14 16 109706 126
7 16 11099 502
7 12 49345 87
19 5 48851 89
20 4 3932 163
8 17 3593 311
12 2 13143 78
15 18 7599 25
11 8 16462 821
9 6 4426 172
9 11 282718 165
4 13 14812 78
6 3 34454 114
4 17 12433 176
13 7 21654 123
12 1 18497 85
4 16 10382 35
10 19 41497 108
18 10 38396 57
6 5 35117 581
4 11 33249 65
7 5 17193 147
6 19 63296 114
15 20 11910 263
4 20 8378 261
7 10 5682 150
17 6 8926 190
14 8 108130 129
11 1 5581 215
4 5 19793 104
19 17 11197 1125
20 3 16487 114
6 17 11442 18
7 18 92920 117
16 152
4 27
7 49
1 28
17 39
2 33

1606259
