20 99 3 3
16 15 19671 516
16 6 9861 262
16 17 12599 140
16 7 16642 144
16 10 14222 189
16 18 147040 466
16 11 29019 342
16 5 9388 42
16 13 11168 235
16 12 8418 240
16 2 23636 603
16 8 18184 209
16 4 39949 116
16 19 28370 354
16 14 32214 148
16 3 20309 31
16 9 34619 690
16 1 7233 117
16 20 40286 177
2 20 5155 73
2 19 25292 150
4 18 10691 82
18 16 9597 37
19 20 154441 83
8 4 19423 62
3 15 28983 65
1 14 23841 2746
3 12 16234 248
11 8 5881 39
15 10 15673 120
13 14 23610 193
9 16 23640 42
8 6 15804 175
19 16 5323 1718
6 20 14193 102
2 4 62856 97
9 14 6090 307
7 14 18979 119
7 9 55975 30
8 1 5080 432
7 20 15857 180
7 18 23891 48
13 18 214089 104
7 1 7798 78
2 5 7058 203
10 16 30982 35
3 4 17513 247
19 2 49551 120
5 15 9469 477
5 2 9356 219
8 5 16127 5
19 1 66916 136
6 4 116282 261
6 14 2499 1386
11 1 50929 123
11 12 19016 127
7 16 45618 60
8 20 6604 305
17 18 36174 195
9 7 12998 382
12 3 31440 360
13 4 2988 91
11 3 17721 140
5 9 4869 205
15 12 18465 902
1 11 35853 175
6 18 8237 49
14 9 13682 57
4 17 23975 68
2 3 37431 49
4 13 12179 398
9 8 2886 38
19 11 13509 1379
4 16 4376 38
11 9 8838 128
10 12 1484 576
19 10 7172 89
8 12 7737 131
20 16 16353 130
3 19 47736 147
11 20 42800 213
12 13 23607 31
5 14 30711 268
10 4 95285 92
10 6 15176 366
12 18 30406 36
15 8 72981 18
4 6 3386 306
7 11 39824 101
14 2 2966 262
15 4 23961 24
4 8 5341 78
14 11 14986 42
9 20 46917 457
17 12 27139 24
20 17 18971 420
10 2 77916 164
8 19 5981 543
19 18 166634 142
16 418
19 70
8 14
20 109
18 12
4 141

5454113
