20 99 3 3
20 2 129024 155
20 8 4703 134
20 18 31006 182
20 6 1775 203
20 12 36597 656
20 5 41592 59
20 4 31539 157
20 11 14947 348
20 15 22741 212
20 19 51039 253
20 10 19518 139
20 9 189915 29
20 16 70162 67
20 17 9622 95
20 7 16715 114
20 13 7247 56
20 14 29953 140
20 3 378885 139
20 1 18983 107
17 7 37289 740
5 13 46797 79
4 14 14645 80
11 16 15857 40
14 17 3062 47
13 11 9610 124
18 3 11937 1087
2 14 22724 731
5 4 70546 288
10 17 147159 233
15 7 13836 235
1 9 48937 122
2 17 19365 52
7 2 8601 176
5 20 27308 534
18 17 89959 397
19 11 22009 104
16 4 18902 311
7 8 42390 150
1 16 7773 255
2 15 31075 16
15 10 17777 298
2 18 5206 371
3 16 46160 76
9 12 24058 269
1 3 42284 668
17 4 15970 175
13 9 15491 52
1 8 114839 284
18 15 17954 144
4 7 5202 94
8 2 53059 73
7 15 3954 176
4 12 33456 140
12 1 11245 230
1 13 11386 160
14 1 10987 356
5 19 43963 629
3 1 25837 132
4 8 18404 153
19 6 36450 131
15 18 21688 11
17 2 13899 82
6 3 95584 92
5 17 36896 63
6 14 68687 63
15 17 26876 110
8 19 7269 65
13 4 64983 215
13 14 31705 1610
8 11 5569 547
12 4 48959 49
13 20 4124 23
13 19 58256 54
11 9 50591 849
16 11 8883 411
3 13 40063 2304
3 9 56797 62
17 11 3157 251
1 4 54678 172
2 10 35014 53
11 13 49510 2447
13 10 20035 263
11 20 27714 315
12 16 32925 174
19 16 37562 171
17 20 14579 59
9 14 5779 76
8 14 17672 41
10 13 20957 96
10 5 41007 116
18 5 6427 379
4 1 26606 53
9 19 13143 298
7 9 18030 89
13 7 35991 388
10 2 23470 103
19 2 28028 77
16 18 22511 160
6 15 4134 57
20 133
13 112
1 54
17 66
14 52
4 47

2963410
