20 99 3 3
1 18 16806 75
1 20 12317 181
1 5 46048 51
1 7 15438 347
1 9 18327 131
1 12 5373 73
1 11 28089 73
1 16 7857 1173
1 14 49400 132
1 3 28641 62
1 2 79454 655
1 13 76622 1043
1 10 6578 86
1 4 28329 22
1 8 27829 192
1 19 52799 145
1 15 32256 497
1 6 15906 82
1 17 23061 747
18 20 17910 1217
11 1 92684 216
10 17 69327 434
10 19 86421 149
18 12 26527 437
4 3 141438 447
2 9 32431 210
7 13 18312 213
15 12 7126 194
18 5 10301 48
5 8 41534 170
10 16 15646 79
6 7 61769 117
19 14 26099 212
6 1 96036 257
19 18 34432 29
11 14 10358 95
11 18 59099 204
11 5 15110 60
10 20 9169 350
13 5 169951 7
7 1 82884 131
19 15 20560 39
18 6 17489 136
8 19 13256 125
16 12 18849 174
8 6 38143 44
17 7 10113 1466
6 2 11455 62
12 5 39500 87
9 8 5692 33
18 17 34565 113
19 13 41565 470
12 16 132563 178
11 8 30495 39
3 9 25796 54
10 15 54924 398
14 1 103299 263
6 12 16149 23
17 14 8767 587
2 11 3762 35
10 18 161498 118
15 1 23676 464
15 9 45819 630
13 7 22175 25
18 8 25230 386
16 13 13458 173
8 14 135435 22
16 17 14817 165
10 11 101854 101
16 18 4790 308
18 15 39498 73
16 2 3592 109
4 15 18817 112
18 4 10445 18
19 11 2142 184
20 5 21223 169
11 13 16803 1851
11 19 5962 303
9 15 111035 482
13 9 67637 209
9 1 23725 44
8 3 118202 165
16 19 14663 107
8 2 19940 793
16 4 41627 234
12 6 16608 133
16 3 1997 70
5 19 27236 90
12 8 14554 40
20 18 41952 156
15 20 66269 73
19 17 36601 120
20 11 30942 235
15 4 28547 94
17 6 100273 23
15 3 21160 107
17 13 27875 108
17 12 25142 76
10 12 15184 75
1 247
18 88
16 32
12 50
19 125
15 35

3860149
