20 99 3 3
1 19 24690 103
1 12 22255 175
1 4 21594 488
1 3 5042 790
1 16 159097 284
1 18 11572 76
1 11 55033 320
1 9 31919 175
1 13 14840 1126
1 2 103551 180
1 10 8433 72
1 17 3743 31
1 6 36467 65
1 5 43072 104
1 8 16791 1411
1 7 15004 203
1 14 20972 394
1 15 18141 228
1 20 10870 126
14 18 77783 433
3 2 31595 61
17 15 45978 9
4 10 2917 112
17 20 39183 129
11 17 21146 74
9 1 28476 19
9 2 23222 184
12 19 64298 137
14 1 14078 78
19 5 32884 96
8 14 163649 78
20 16 5735 196
13 3 104986 1115
12 7 18980 145
5 14 12697 733
19 15 39459 97
15 11 13931 73
5 12 11008 69
18 16 11759 323
20 4 6601 118
16 4 24976 145
13 9 11062 291
3 14 125980 76
4 1 34390 377
12 5 6728 62
13 10 3372 30
8 3 46727 200
2 4 271932 252
12 14 22367 131
18 19 137793 405
3 12 69033 200
4 15 23704 91
10 2 14992 168
14 3 3677 89
7 9 9717 44
9 10 25232 109
3 8 37210 166
4 5 14083 54
7 14 10019 39
13 7 29304 307
17 19 47253 72
13 16 52765 44
8 6 4317 289
14 20 50950 151
9 14 13738 158
2 13 19258 130
9 6 10946 180
2 15 11356 45
4 19 132416 135
19 17 170255 104
11 13 55633 120
4 20 26770 169
7 15 16360 218
3 7 119379 36
7 1 17138 78
15 7 12097 346
14 9 28014 118
19 20 22549 48
11 10 36213 98
6 9 11739 280
15 3 74021 98
17 3 13658 22
9 4 14721 91
19 16 6336 72
7 17 1743 325
12 16 609027 59
14 11 75394 60
15 6 22240 78
15 16 51345 248
18 7 23543 181
15 20 1436 47
8 11 23018 64
7 10 8414 103
6 4 6461 329
19 10 5281 192
5 13 19316 28
6 14 27150 269
20 11 20512 30
19 2 9629 95
1 323
19 98
15 90
14 127
16 65
10 54

3377993
