20 99 3 3
2 10 126655 68
2 14 19357 758
2 17 48762 65
2 8 10709 494
2 20 9393 63
2 13 78046 176
2 5 11391 44
2 19 9783 122
2 16 20618 52
2 6 32835 30
2 4 14449 182
2 7 23726 64
2 12 75825 858
2 1 11722 114
2 11 67084 397
2 3 63317 133
2 18 18008 301
2 9 99919 69
2 15 3707 202
6 4 17563 973
12 1 14112 309
8 12 29430 579
9 19 98581 98
20 11 11903 321
5 2 3722 211
1 19 77126 190
5 4 35493 188
8 2 20375 1752
20 8 36400 379
3 1 36014 56
18 7 83188 393
10 7 2978 273
18 15 42468 214
5 12 29192 194
8 17 39607 85
11 12 42857 98
19 4 33400 600
4 7 148362 541
6 15 61404 540
19 6 41267 367
5 13 4310 472
5 18 52741 21
14 4 42882 35
14 11 21668 497
10 20 110877 304
3 2 3951 679
15 5 44774 78
7 11 80259 110
6 1 18403 138
14 7 22230 87
9 5 3673 119
12 5 28968 123
16 19 357643 51
6 13 4063 55
19 5 3084 263
17 18 10313 259
14 9 10376 48
18 12 44173 535
14 17 24655 360
11 19 3530 219
5 10 71111 697
9 3 18573 63
7 5 18569 185
7 8 16308 97
15 2 8027 104
8 7 20712 25
18 11 12776 83
20 9 14603 146
5 8 44052 134
4 1 9236 274
13 19 61963 242
15 12 40990 52
6 2 65925 164
4 8 44903 70
14 19 26966 338
15 19 11831 71
16 15 62360 83
9 15 27342 319
13 4 8445 262
12 6 14676 110
3 18 31456 215
14 2 96772 116
14 5 55769 62
3 12 4816 1190
11 16 41756 238
16 6 14824 267
11 3 16116 144
6 18 12887 18
6 19 34628 3309
18 13 53497 33
15 9 54517 1090
15 14 7395 127
19 9 22666 694
9 10 13458 95
16 3 4424 129
8 20 65519 253
10 1 133452 47
16 12 31193 105
18 20 47674 119
2 931
14 56
6 98
19 122
12 235
5 399

20666284
