20 99 3 3
16 17 18530 555
16 19 89399 725
16 3 25042 43
16 20 11363 352
16 1 163136 313
16 11 8110 19
16 18 15670 95
16 7 10822 29
16 8 43554 201
16 6 14918 84
16 10 46448 134
16 13 5336 45
16 4 133084 220
16 12 10164 97
16 9 15089 29
16 15 21351 36
16 14 9656 151
16 2 14323 271
16 5 38336 334
10 1 21234 23
18 16 49005 143
20 19 14716 330
17 12 55918 116
19 12 4624 124
19 20 4498 137
11 6 20831 208
2 5 104700 27
17 14 33827 698
17 8 26414 368
11 5 4265 49
4 15 9874 524
6 19 20053 162
6 3 23565 84
15 8 17399 82
9 10 5709 389
10 14 143587 436
13 9 7952 389
10 17 22454 167
8 18 6429 114
2 18 33081 68
13 8 8448 46
5 2 3717 158
15 6 34306 153
15 16 42301 61
1 16 27688 132
10 15 14427 77
19 10 4238 301
3 10 21407 78
14 20 11989 152
9 5 9572 61
7 4 23529 138
14 4 34921 178
15 13 9506 65
5 1 7598 192
5 8 40250 146
8 12 21696 749
18 1 17901 747
12 7 13033 286
14 19 18675 144
9 18 42899 107
2 4 68035 130
1 9 10729 223
17 1 6108 148
2 8 19083 66
8 19 35064 168
13 19 9328 131
2 14 17301 119
2 17 7667 196
8 11 10587 26
10 19 15255 150
18 10 2730 107
8 1 18295 239
4 2 562 597
19 9 39071 366
20 10 3464 52
18 3 7096 29
8 9 50750 177
12 18 42717 43
15 17 34827 100
2 16 18372 728
10 13 12094 232
3 11 6943 146
5 13 14609 556
19 1 32502 65
8 20 37191 365
4 14 24476 10
11 3 31101 345
6 1 139738 138
8 16 49806 117
17 6 44235 156
10 7 20404 40
14 17 73120 357
3 16 25982 113
11 10 58808 102
17 9 6132 211
15 9 88697 77
3 7 11580 37
10 9 33525 2543
15 18 8192 164
16 665
10 112
8 120
9 115
1 486
19 213

19956899
