20 99 3 3
11 7 9531 279
11 1 98103 105
11 9 25389 126
11 15 12899 199
11 16 44546 355
11 5 64706 240
11 12 48594 173
11 3 29038 310
11 8 11762 866
11 17 78803 1244
11 6 8915 419
11 13 21634 115
11 14 49842 99
11 4 3960 434
11 20 41829 2628
11 19 60322 154
11 10 41931 104
11 2 16125 52
11 18 50781 137
17 8 15811 820
10 1 63540 53
20 19 82902 212
18 7 36532 270
10 15 19961 97
13 18 21298 42
12 4 57214 281
1 13 11758 272
7 15 9666 20
14 7 34215 190
14 10 4417 219
4 13 8977 311
8 10 278954 210
5 14 1327 596
18 11 79493 267
7 14 8472 44
18 19 30730 331
17 6 30781 305
20 17 23896 78
19 18 21225 191
6 1 18803 723
12 16 6756 370
4 18 55942 285
9 1 18975 553
16 17 14631 53
1 15 10772 345
6 20 18375 921
7 6 36629 486
2 13 3045 25
2 9 5837 240
19 7 5643 185
3 4 3294 91
8 4 29207 221
19 3 71329 51
19 14 2421 39
4 8 35886 124
16 18 14884 163
1 19 8486 316
16 15 133679 257
14 6 24548 56
18 5 33585 196
10 18 28543 1264
12 13 11642 596
12 7 3896 250
9 11 30117 86
14 16 9518 39
12 3 3952 446
6 3 96961 105
18 15 12839 289
10 3 16620 126
17 1 20198 144
4 1 4368 515
20 15 40399 135
3 16 10988 128
1 4 23142 238
4 14 5673 179
8 15 26322 701
12 11 111420 30
3 13 33118 96
5 12 70187 134
12 10 15513 208
7 11 9005 260
5 7 96829 42
14 2 15734 156
9 20 12970 116
3 5 7821 379
4 16 51576 550
4 7 13469 126
15 17 8880 78
1 18 7790 409
9 5 1970 17
20 11 11431 152
4 15 55272 1253
19 15 13856 95
14 3 22709 53
15 18 8187 42
20 16 20466 29
7 1 42273 115
19 20 19605 461
13 15 16788 670
11 323
4 40
12 42
15 67
18 78
7 37

2107189
