20 99 3 3
19 7 8900 259
19 20 14196 304
19 5 4955 298
19 14 22058 141
19 9 25677 120
19 16 26920 64
19 2 138464 749
19 13 48220 1395
19 6 15687 24
19 1 20183 240
19 8 10980 90
19 12 6365 263
19 11 53019 236
19 15 35197 98
19 3 61993 41
19 4 6832 451
19 18 49749 239
19 10 433957 27
19 17 27263 190
14 20 11621 65
18 16 5891 109
3 2 39012 14
18 20 140140 54
9 10 4238 151
11 12 88035 482
5 12 66338 291
14 4 1550 127
11 9 33792 103
8 2 71255 92
7 11 12394 234
8 6 11631 754
14 19 23984 111
12 5 4258 938
11 1 8099 307
4 9 8409 71
20 16 16785 88
11 2 45258 170
9 18 38436 1218
14 10 12346 4
4 18 16095 102
18 8 60735 461
1 19 6006 480
9 3 39719 34
10 3 35555 200
9 13 30638 144
12 4 33679 240
7 15 82329 154
12 15 27704 146
12 17 27614 238
3 17 8699 40
6 1 10657 438
14 9 31554 232
10 2 5882 73
18 19 35895 72
16 18 33371 12
18 4 30749 61
16 12 20114 56
2 17 87685 25
3 4 28001 51
2 16 9836 123
3 18 13373 185
1 2 30831 397
17 7 22108 23
15 5 30864 64
3 1 6063 2054
17 11 5202 146
8 10 7712 565
17 1 14674 101
16 4 12388 146
17 13 106697 2713
5 3 5372 22
13 16 26677 292
8 18 17728 116
17 5 62574 313
18 6 8606 65
5 10 1357 81
5 15 41412 70
5 4 10040 633
11 14 50988 235
20 19 5069 41
18 11 85757 90
3 13 7584 241
2 19 93123 475
8 13 132175 1209
15 6 31167 383
4 10 12040 116
4 19 24070 565
10 1 18911 48
4 14 45248 98
13 19 136610 48
9 17 6682 59
12 14 4402 57
16 2 25585 12
8 5 9878 83
8 1 49444 36
14 2 12791 34
10 5 31253 200
9 2 37068 158
16 13 44583 237
19 95
18 154
8 84
2 7
4 113
1 64

2306052
