20 99 3 3
16 14 8951 51
16 12 18578 489
16 15 74659 144
16 7 10219 308
16 3 3132 41
16 8 8813 857
16 6 22939 248
16 5 27589 177
16 18 85240 370
16 13 31966 510
16 17 47481 256
16 11 3651 59
16 19 72973 73
16 10 14587 250
16 4 12221 30
16 2 27023 174
16 20 17814 70
16 9 26631 347
16 1 226993 63
18 20 2284 47
7 13 6006 268
12 14 5698 30
14 5 10687 27
6 15 11237 29
7 9 15481 32
11 17 36674 250
20 1 106508 18
11 8 4461 148
7 12 61538 173
19 12 12621 25
5 11 13622 247
17 14 30409 133
20 19 63674 295
12 1 5697 781
7 16 27960 305
7 5 20918 176
9 14 105100 424
10 2 83974 509
15 4 18318 253
5 7 8452 216
19 15 17222 57
6 16 13012 389
3 5 26544 55
4 15 2606 67
20 16 19993 323
7 2 50856 162
10 11 175933 271
7 6 978 274
9 13 5222 152
11 1 18896 121
17 12 6536 265
7 8 103396 89
12 5 24800 135
15 1 111886 111
15 5 14201 83
12 2 16046 123
13 17 16481 88
7 14 46598 27
3 13 46702 78
4 7 5438 858
17 15 36542 172
19 9 5195 101
11 2 60792 61
3 16 137361 407
2 7 8571 467
6 14 11885 236
18 4 9904 356
8 18 36550 36
20 15 9161 92
3 20 11379 107
6 11 6879 275
12 13 202721 73
3 8 39154 36
17 20 8903 659
2 18 18616 45
18 16 12032 755
14 17 9080 147
15 9 43872 84
7 15 140687 219
14 11 9629 205
3 14 45664 588
13 19 28886 200
7 11 25141 181
6 19 1109 351
18 17 6321 440
9 3 5775 127
1 20 147306 294
4 14 2332 110
9 16 27045 243
19 1 31319 39
6 2 40515 135
17 6 66069 112
4 12 7776 159
20 6 7272 366
12 6 74743 457
13 18 24325 133
8 10 16057 435
10 12 1698 72
15 10 17873 60
16 190
7 77
12 12
14 104
15 114
11 25

3237120
