20 99 3 3
15 12 21853 446
15 6 113858 388
15 17 18040 117
15 3 24360 290
15 7 9174 245
15 19 7476 62
15 16 15987 308
15 13 7704 65
15 8 21870 464
15 5 178859 161
15 1 33507 59
15 4 58651 214
15 14 31131 34
15 20 12262 267
15 10 22920 113
15 2 29276 290
15 9 155161 93
15 18 1569 381
15 11 81564 256
1 6 177117 45
9 1 182232 137
8 2 19212 92
2 7 39660 139
12 15 42237 460
17 11 25904 199
8 1 25580 44
8 3 25024 34
5 2 10661 223
9 18 18095 268
13 5 134432 145
10 18 73516 247
1 4 37541 134
8 6 46623 172
16 20 7707 149
11 19 45206 1184
3 15 75668 41
20 15 6363 176
12 14 19469 97
6 19 13675 123
5 1 6406 107
9 12 5758 32
12 4 11711 964
7 17 63360 32
9 6 19857 510
14 9 39678 208
18 14 14595 106
7 15 13601 119
16 8 11961 208
9 14 41343 92
4 17 29938 232
14 6 36931 404
20 4 48060 215
9 15 198984 263
17 19 167526 80
4 15 14312 113
18 2 38592 318
14 3 10346 936
8 5 8575 2134
8 18 126120 12
18 7 10002 254
5 6 37409 70
19 9 80359 862
18 4 15940 251
13 12 23644 220
19 1 11307 596
14 15 23049 222
4 5 33501 97
18 16 57184 946
14 12 22363 70
2 9 128319 96
6 3 17983 41
4 7 25800 1623
20 19 31701 282
8 13 13222 340
17 7 14627 281
8 15 60535 325
11 1 28211 95
3 11 56425 118
12 1 23291 173
8 16 23585 83
19 4 1362 299
11 16 5711 212
16 17 11903 118
5 7 21010 882
2 11 100442 95
5 12 33845 381
1 8 23338 110
16 4 16440 209
7 5 52166 669
18 19 27570 53
13 15 16395 38
8 20 87573 54
5 19 77803 22
17 1 23275 85
4 2 15947 107
6 8 182521 216
3 2 30241 112
16 6 32053 234
18 12 42468 140
15 76
8 10
18 77
1 44
19 31
6 36

2880950
