20 99 3 3
17 10 18012 152
17 6 13526 101
17 11 13000 73
17 15 70214 439
17 12 156431 144
17 18 17886 34
17 14 47521 184
17 4 37473 1231
17 1 255443 248
17 9 121807 63
17 5 35361 349
17 7 125210 72
17 13 21469 36
17 2 103828 234
17 19 13200 164
17 16 24023 69
17 3 139018 582
17 8 17382 23
17 20 10136 393
13 2 7239 76
11 8 22995 204
16 8 65152 104
3 20 6779 932
16 3 13203 335
8 6 21485 200
13 11 21397 99
1 4 37455 137
16 1 6454 128
9 3 14711 74
12 5 37905 179
11 4 154840 54
15 8 16787 67
7 10 12519 53
2 14 37658 354
1 14 17247 206
4 2 20660 134
8 12 18449 176
8 2 11442 669
18 14 63294 181
14 18 55501 49
6 16 8804 531
18 13 21191 27
8 5 21715 213
20 11 23357 81
7 16 26006 303
18 12 19419 177
8 4 65471 820
3 6 74076 453
5 13 25566 117
10 15 28961 140
9 2 33926 334
13 6 3416 90
20 2 30102 556
14 6 31279 485
2 17 86182 153
20 9 60377 176
14 2 123828 55
9 6 7979 61
2 1 45459 504
19 18 90010 45
19 20 6899 229
14 20 7760 470
16 11 25492 132
6 11 36007 90
10 16 30963 278
18 15 19869 227
12 13 18266 296
13 1 3556 158
18 10 122380 20
10 12 11860 9
3 18 53541 538
5 3 5624 361
14 15 4290 166
14 19 4738 131
8 1 15821 137
4 11 19724 134
11 13 9748 228
4 9 10486 55
15 7 26212 363
3 5 20838 804
15 2 24386 37
14 5 29481 167
8 10 36451 21
19 6 10189 148
8 13 21434 411
7 13 10540 156
9 8 11615 315
3 11 24782 64
9 12 113543 62
19 2 4698 461
1 6 19439 146
2 9 74322 304
18 8 18418 13
16 12 3702 168
4 20 23784 135
4 7 8120 122
2 13 103544 218
15 6 489304 99
6 17 23948 155
17 171
8 56
14 77
6 74
2 95
13 46

2919696
