20 99 3 3
13 3 12437 185
13 5 6418 511
13 15 4108 161
13 2 10941 40
13 7 24805 285
13 11 139680 374
13 4 15484 144
13 16 23940 313
13 18 31025 142
13 19 111171 19
13 10 12229 29
13 8 43352 80
13 1 10203 106
13 9 5790 634
13 6 189795 165
13 12 23938 89
13 17 70000 214
13 14 8468 865
13 20 24236 74
19 10 42636 67
7 13 36743 24
17 7 35676 125
20 1 27332 233
9 15 4382 6839
2 17 39235 50
14 12 4917 70
11 14 10962 123
3 7 22069 64
14 7 63640 205
5 3 7064 228
9 11 29199 146
16 4 23474 124
2 9 27684 94
10 6 88280 82
15 9 9318 64
6 18 23296 21
9 3 3473 212
15 18 24304 48
3 13 37106 18
4 5 18129 24
1 2 49802 392
1 5 9218 76
8 15 82087 115
19 1 19239 172
11 4 44087 123
12 20 27073 233
16 17 24303 463
11 9 31201 472
10 12 5500 215
10 16 46518 226
5 4 16835 425
9 18 63802 100
4 10 54058 502
6 19 9115 95
4 18 6048 512
17 11 85851 94
19 16 6524 159
1 20 10492 75
12 13 99319 681
16 5 23819 878
8 18 68566 555
20 13 9687 452
17 19 2386 115
19 3 21252 468
5 7 7634 36
5 20 22999 63
18 4 36465 347
12 8 32421 404
10 5 35598 250
5 10 36281 159
20 5 175770 312
11 7 52534 43
11 8 27654 119
10 11 30777 154
7 2 18779 261
14 9 3688 82
14 10 17034 122
19 13 36123 434
3 14 64776 33
18 15 14568 703
8 20 19599 31
6 2 18767 55
7 1 9391 212
20 15 3304 1320
16 10 22175 369
17 4 192892 1102
15 14 38388 184
11 18 11277 30
12 19 41269 224
4 3 12276 1353
4 6 22926 106
3 1 8186 695
12 1 13354 123
11 12 4356 120
12 10 4303 28
15 5 13096 275
17 12 37920 184
1 7 39411 57
1 12 10291 145
13 152
11 70
12 60
18 23
10 29
7 22

701228
