20 99 3 3
2 10 56231 311
2 4 50106 126
2 16 2959 160
2 15 13366 52
2 13 32304 417
2 19 5957 91
2 6 22828 262
2 14 44856 110
2 8 13635 343
2 5 51447 334
2 1 5455 122
2 20 6195 260
2 12 26127 90
2 18 20691 51
2 7 20196 12
2 17 23542 418
2 9 27083 144
2 3 50086 559
2 11 4956 135
7 11 30887 267
4 9 44909 168
20 3 21040 487
6 3 30413 90
17 5 10093 295
17 2 9967 79
10 15 78932 866
4 3 60631 32
3 15 12900 2564
9 18 3860 380
10 8 80894 39
8 2 27879 251
17 3 19731 158
13 20 64176 298
1 17 16304 203
16 6 49255 155
13 3 115135 160
14 18 53576 316
14 10 378605 110
19 8 127950 88
14 7 9467 78
8 10 40452 174
5 13 7740 344
13 5 18744 503
16 14 71240 230
8 16 51611 85
9 11 41286 25
13 10 16477 33
13 2 31841 36
1 16 211688 89
1 11 4826 256
5 4 43188 100
19 7 114095 171
20 2 80745 407
20 16 72873 209
15 10 23869 150
4 10 41408 140
17 7 46955 299
11 18 29050 335
4 11 21849 170
6 7 27006 199
17 1 73572 129
19 11 18525 60
18 6 53755 240
4 19 43735 69
14 15 2304 51
1 8 21893 50
1 19 17148 110
15 13 26889 47
20 10 26102 260
4 16 64349 243
14 8 147151 61
19 9 72453 374
16 8 9464 82
16 11 1226 284
3 19 70581 157
15 3 4906 95
12 2 63666 140
6 4 31439 94
19 20 41060 85
20 13 51802 807
10 5 28196 148
5 19 5112 97
6 18 6735 109
13 6 49489 102
15 20 38435 161
4 17 19996 19
8 18 10761 1409
17 9 5720 28
11 19 48655 352
14 6 36833 42
12 1 80851 220
1 13 47140 286
13 4 109550 129
10 13 15294 48
5 18 8435 51
10 16 39790 280
11 12 18242 96
4 12 9851 59
12 14 63621 151
2 266
4 40
13 56
18 67
11 105
10 43

2732321
