20 99 3 3
3 2 27973 143
3 16 24514 677
3 4 51716 1613
3 14 4569 54
3 6 49178 503
3 10 11829 493
3 17 19705 90
3 18 1885 682
3 5 50020 117
3 20 25786 249
3 12 13836 39
3 11 9160 53
3 19 17749 39
3 15 873 464
3 9 27495 65
3 8 5035 105
3 13 58376 97
3 7 44387 85
3 1 79968 1053
12 2 40661 225
10 2 45117 41
6 17 77331 997
9 10 33162 109
12 18 4879 201
8 16 2386 374
16 17 51104 87
4 6 3533 54
10 12 22999 166
6 9 45311 240
14 15 71065 100
4 10 2888 104
12 16 40673 40
16 10 9796 816
20 17 11154 349
7 11 14396 498
7 18 16633 340
18 11 9297 676
5 20 11485 278
20 15 10061 271
20 1 13308 126
20 18 45814 822
12 7 12750 55
1 19 41215 225
5 11 7426 345
12 1 9469 19
16 13 26387 15
14 19 44341 337
16 19 1159 53
16 2 75536 210
5 4 22457 77
19 2 32408 473
15 4 3153 715
12 15 50387 362
2 9 7973 40
6 20 13570 327
2 15 66079 498
18 7 17710 570
10 7 10446 614
1 9 7046 20
9 5 11189 81
8 14 17541 368
2 1 397280 115
4 14 29089 152
9 4 24142 529
12 4 4876 319
14 17 39274 142
16 1 3578 30
8 3 69384 401
12 11 3980 248
20 9 11044 72
1 12 14290 77
16 5 19563 85
8 7 7074 42
16 6 98771 1526
14 10 47808 49
2 11 21115 1665
5 2 42281 108
11 15 4715 180
17 7 25173 12
5 10 92711 91
2 18 4412 96
17 13 79246 224
12 8 34516 604
4 5 64008 1196
13 7 15767 82
9 3 94279 38
18 17 2007 40
11 7 4364 25
12 6 30135 36
20 7 12701 645
15 16 18368 97
8 13 107104 91
20 5 17297 35
4 16 8764 79
18 19 102038 161
11 4 38197 165
9 14 40268 99
1 13 8269 162
19 16 45367 389
3 114
12 60
16 32
7 49
17 16
15 13

572837
