20 99 3 3
6 13 1805 30
6 15 8387 127
6 18 10329 117
6 10 10337 63
6 16 4641 22
6 2 18201 71
6 1 241827 222
6 11 17184 144
6 3 44982 133
6 17 57311 87
6 20 21155 187
6 9 53277 72
6 4 2155 400
6 8 7356 336
6 14 20695 353
6 5 11692 65
6 19 39409 127
6 7 16485 85
6 12 23363 1002
9 7 13787 657
15 11 5545 31
11 6 4551 545
2 14 14482 54
19 9 18779 265
12 14 10367 422
9 8 34381 221
4 2 23340 105
8 1 15714 68
5 8 41367 124
5 13 20482 129
20 18 20947 174
7 5 51981 282
17 20 12450 54
1 20 68535 77
5 17 87651 324
16 4 7788 344
7 12 26163 1181
20 2 9011 415
2 12 51419 71
14 12 63238 393
5 1 3888 108
15 12 42352 112
10 5 94717 310
17 14 26160 673
3 10 6976 220
16 9 80062 128
3 16 50395 209
9 11 58579 88
20 14 8496 499
2 7 3258 297
9 16 30366 261
19 14 27427 529
13 8 7028 102
14 9 57208 62
16 18 18967 82
13 4 7156 128
13 9 15178 143
8 13 21612 58
5 15 15527 182
11 12 97322 82
1 8 22553 153
8 5 6934 227
12 18 47068 235
17 13 45089 46
1 18 289612 381
2 13 35918 144
20 8 16867 153
7 9 6819 265
12 1 22350 63
12 19 13356 103
20 4 26420 188
8 20 8732 67
18 6 13634 53
5 6 62032 37
20 11 39961 48
7 19 12378 356
18 15 41699 421
15 14 25724 106
12 9 12423 127
20 17 35980 70
15 9 6014 21
13 20 64330 192
2 19 25823 72
15 18 26624 109
17 10 53859 460
17 5 32728 306
13 7 48323 26
20 13 30467 200
13 15 17412 244
4 9 25557 108
10 9 4077 552
15 5 11560 715
10 19 57741 442
20 7 6388 63
12 5 42403 165
1 17 14853 63
19 13 28229 154
19 18 7442 179
2 9 3672 475
6 228
20 324
15 78
9 270
18 63
14 76

4582515
