20 99 3 3
12 14 37780 190
12 7 18143 288
12 5 16733 359
12 19 7057 382
12 1 4775 56
12 13 41949 30
12 18 716704 85
12 10 5584 188
12 15 32935 100
12 11 84973 96
12 4 11066 91
12 9 28472 267
12 8 13548 49
12 16 94769 127
12 17 6669 153
12 3 16498 142
12 20 39122 244
12 6 30915 74
12 2 6427 93
7 6 149020 197
18 17 9206 51
1 4 6771 38
8 11 13905 127
15 11 15336 188
19 13 15677 29
13 4 8256 337
18 3 5514 411
7 17 7456 63
9 5 3433 53
4 12 44534 344
14 9 8487 63
14 12 23185 777
13 5 9944 164
17 19 41148 288
6 17 2437 779
2 1 30689 213
10 2 7136 405
3 1 38307 78
1 12 37334 73
9 15 25559 120
15 7 26804 79
10 11 56606 565
10 17 10838 146
17 16 3645 267
17 10 22861 910
9 13 13464 86
14 17 15355 248
4 6 41080 80
10 13 115223 459
6 9 35520 47
16 19 15694 418
8 1 11980 595
3 6 6637 584
6 3 126837 81
16 13 77600 143
18 8 33278 120
14 2 286185 357
16 3 37434 93
20 18 5841 417
8 5 23849 197
2 19 8955 68
19 17 3849 162
15 14 39296 141
3 9 27741 576
1 5 12091 58
7 18 61929 35
16 8 4955 426
2 20 9986 139
6 11 8149 628
2 14 12252 124
19 5 502736 47
1 17 21418 175
13 6 18205 912
17 6 52710 94
19 7 73603 20
13 8 11770 798
20 10 118595 106
2 5 8579 50
9 17 12069 212
8 16 5998 33
20 3 10613 365
2 15 106435 286
14 20 129400 194
7 19 23483 252
20 1 27596 505
2 6 16062 166
10 15 39116 904
17 12 20832 274
5 2 54637 70
16 1 10700 87
16 10 192384 28
18 14 15235 84
7 20 34196 449
7 14 37050 72
4 9 17740 352
8 18 50993 368
19 15 14543 488
13 2 24118 143
20 9 35835 145
12 57
2 35
16 102
17 113
6 13
5 17

1795495
