20 99 3 3
2 12 8127 109
2 13 10567 343
2 7 6140 89
2 11 7809 107
2 19 15648 80
2 14 12816 115
2 4 319344 49
2 16 37331 116
2 17 32032 451
2 6 18025 464
2 18 28602 53
2 10 60536 247
2 8 19008 360
2 1 27820 248
2 20 12564 87
2 5 11517 453
2 3 32164 129
2 9 18734 74
2 15 111057 54
13 3 7951 163
1 4 12807 206
17 6 54829 309
4 2 24923 520
1 16 42927 321
17 18 45703 23
16 18 12042 359
6 12 7551 246
12 6 221864 89
18 1 4037 104
8 15 31013 359
19 5 169501 77
3 20 58660 29
18 11 11262 140
9 13 22359 34
18 8 7803 82
10 5 38254 187
12 10 32264 205
15 20 16547 325
10 9 4129 2026
12 9 39155 56
5 1 5353 151
1 8 56953 276
4 12 12706 260
13 1 27651 170
7 5 18392 22
16 14 15664 122
11 10 7327 1892
4 18 93684 68
17 8 59068 208
4 7 10557 52
18 5 22213 94
11 17 39240 103
11 4 54889 1034
10 1 69549 96
7 20 3211 54
4 20 29270 275
10 16 16147 149
18 4 19480 450
19 8 3141 102
20 8 2988 118
15 3 18213 102
19 4 7983 133
6 19 43691 89
14 16 76542 181
8 19 63395 143
4 11 28260 132
7 19 25820 98
6 8 23379 325
12 16 22891 79
15 13 17153 59
6 17 26738 256
19 6 35123 52
1 10 205105 83
15 19 5854 310
16 9 10334 723
1 11 14952 63
5 10 31362 230
20 6 21629 25
13 4 32108 208
14 13 10136 131
13 6 37666 377
9 4 18753 370
5 17 25602 170
14 4 3948 90
17 10 20698 74
7 6 9624 117
7 13 89861 342
14 11 31096 78
9 19 10243 2512
17 13 53140 623
20 13 23151 164
15 17 6202 75
20 3 46453 186
13 7 14943 45
9 12 23042 71
11 8 58494 63
12 18 27863 134
13 14 23883 7
10 15 10269 163
2 57
13 30
4 36
8 39
6 13
19 28

1225888
