20 99 3 3
6 12 5367 291
6 18 10215 258
6 8 9567 256
6 19 10688 95
6 20 62268 31
6 1 5102 41
6 9 19742 103
6 10 11784 231
6 16 23730 572
6 5 23416 633
6 11 81488 172
6 4 48192 91
6 7 14719 72
6 15 43192 81
6 3 69665 128
6 2 4862 78
6 17 1820 163
6 14 334396 62
6 13 8073 70
17 4 37350 149
12 10 21856 31
13 15 24567 53
7 5 38594 15
4 20 11646 61
12 13 43567 144
8 13 6086 38
16 7 46243 142
9 18 203123 22
4 16 518265 140
7 17 29901 79
5 3 50180 20
9 10 4143 29
19 20 7879 315
17 18 45683 111
10 17 27723 52
5 2 47777 65
3 15 49028 232
5 12 21242 86
20 5 83270 136
5 1 85755 179
10 8 100248 521
12 5 9381 127
13 2 15690 80
10 5 98760 527
13 3 9787 755
18 4 1410 193
1 7 40310 208
12 8 16705 926
15 19 4573 179
2 4 26959 91
16 9 17364 1057
7 12 21187 191
2 3 17857 226
8 2 6167 65
5 7 10015 115
5 18 1287 173
1 20 35173 286
1 12 19463 42
14 10 40509 194
3 7 11314 64
17 10 5613 35
15 3 35131 106
11 6 41214 522
14 17 43293 146
8 16 81493 135
1 6 5287 341
8 12 10146 1145
13 17 18605 158
20 17 37557 153
17 12 16382 66
14 20 13917 60
18 2 61781 83
4 8 3466 71
20 6 52340 156
17 19 30645 241
19 4 54560 117
12 16 18085 660
15 9 23065 48
2 10 51157 55
15 4 10817 205
10 11 36608 101
17 7 157756 402
2 18 14218 219
4 11 10428 739
10 2 8780 187
3 13 24522 298
14 2 6591 41
10 13 7232 139
1 11 25572 257
9 6 53680 100
20 9 11598 54
14 8 10354 70
13 18 17269 75
10 1 5280 321
12 14 71819 161
16 17 182706 611
2 5 28189 573
13 7 245878 337
15 13 20536 248
6 209
10 21
17 72
7 46
2 6
18 20

910546
