20 99 3 3
7 11 26147 87
7 20 139188 345
7 6 7705 67
7 1 78277 577
7 14 42617 48
7 8 32464 187
7 9 63985 75
7 16 34996 140
7 18 17723 73
7 2 20464 65
7 13 7012 61
7 15 15632 208
7 5 6918 296
7 12 22300 110
7 19 6637 558
7 10 74025 126
7 4 4796 242
7 17 102242 200
7 3 14285 72
8 14 23782 280
13 8 12939 102
12 6 35839 52
16 19 5552 50
19 18 19880 889
14 19 80600 234
15 16 77267 141
13 4 6209 74
16 17 7714 251
1 4 59208 294
17 20 24950 90
18 7 46068 226
2 1 26976 150
2 8 10416 79
11 4 11992 39
17 1 80466 112
5 17 34156 143
3 5 10627 64
2 14 18649 118
18 12 66220 24
12 11 3444 10
16 8 16743 49
17 6 7243 152
12 15 57188 123
5 10 44574 126
5 4 28310 1052
16 7 37978 82
10 16 13069 170
5 11 13475 111
13 5 16595 102
19 7 33613 621
19 13 71038 43
15 6 87546 84
2 9 26394 26
8 7 14083 185
2 16 31031 148
20 9 7341 144
1 16 32931 156
2 19 11325 49
3 20 7198 372
13 12 29389 1242
11 9 194017 162
10 13 26257 57
9 12 40628 220
4 3 33239 55
14 15 23767 37
6 4 109771 74
9 8 20942 259
14 4 21436 172
12 19 7717 195
9 1 15437 71
3 9 33361 43
6 1 12613 56
8 6 9377 26
18 15 9681 110
6 3 4062 30
16 18 26427 209
14 8 13292 452
5 18 33640 65
11 19 18660 56
8 11 6260 61
3 16 28206 123
17 15 27834 153
12 17 6705 22
13 11 50131 653
8 3 117229 142
17 2 7239 17
12 2 27757 88
2 10 32793 84
9 18 23705 285
13 17 12048 214
4 6 69928 391
5 20 27952 177
3 17 28774 533
9 10 25303 45
11 18 8728 434
9 19 2983 139
1 17 27236 132
6 14 3952 495
15 14 18206 116
7 342
2 14
13 54
19 51
17 49
4 16

1005575
