20 99 3 3
19 12 12324 368
19 20 15567 920
19 10 24321 50
19 17 15458 186
19 16 64561 79
19 15 56314 136
19 7 9379 113
19 8 22859 261
19 9 11607 92
19 3 21483 20
19 13 16113 188
19 4 4066 270
19 6 14919 102
19 11 60479 112
19 2 6167 713
19 14 8755 697
19 5 12893 76
19 18 7219 98
19 1 40893 173
9 11 43192 165
7 11 20056 56
6 8 7656 599
17 2 187626 166
5 9 33595 11
12 14 88186 14
6 19 6375 45
5 6 44042 219
18 1 35140 150
12 2 29099 98
5 13 16570 253
12 17 11838 116
9 18 39710 64
18 14 92304 53
11 12 129608 82
2 11 1660 262
18 13 14397 65
6 13 11638 1744
10 9 128806 573
5 3 10876 34
17 13 31304 230
10 1 36311 130
12 13 2871 96
5 11 30640 348
3 15 17273 162
20 17 32877 104
16 20 19683 37
3 2 33956 217
1 17 32687 189
13 2 14895 98
17 5 119137 53
12 10 15344 318
2 3 53864 46
4 15 6268 252
10 3 54382 94
5 20 6481 116
12 8 30072 145
3 9 24876 379
3 16 46408 32
5 7 16365 164
11 18 30548 161
11 5 9549 487
10 15 51516 1037
8 18 4783 202
13 20 16440 101
8 9 25936 679
7 15 51374 52
1 15 21961 218
4 8 10929 242
16 13 31121 858
15 1 37033 322
16 18 21714 110
9 12 17592 56
4 2 32586 166
4 13 18708 204
14 15 125107 92
12 4 88873 252
18 10 187205 698
13 4 16576 667
13 18 73835 689
18 12 62280 369
15 5 2885 30
18 9 9740 136
9 8 22010 798
4 19 6400 237
17 1 54726 25
11 14 199486 487
7 17 80053 109
6 14 11144 28
20 15 12911 7
10 14 25902 641
3 7 8861 464
14 1 18813 230
14 8 53861 154
10 17 8593 82
18 15 10499 40
13 16 126236 158
4 6 10882 80
15 4 52232 38
12 5 69093 1875
19 228
12 24
18 126
15 98
13 92
17 11

2233064
