20 99 3 3
19 11 50744 161
19 2 48039 190
19 9 5071 90
19 5 15609 114
19 18 9875 20
19 8 70035 119
19 20 10060 280
19 16 560635 94
19 3 13439 271
19 14 53537 136
19 1 13374 1139
19 7 18954 120
19 15 6699 89
19 17 189587 373
19 10 31909 133
19 13 59447 120
19 6 11836 39
19 4 29321 277
19 12 17690 125
2 10 24688 838
10 18 19895 14
16 7 6344 138
13 1 130614 60
11 20 5025 125
9 12 23084 54
3 15 8695 144
15 7 111368 104
5 7 11344 450
18 6 45689 266
9 4 7338 77
2 11 7634 518
11 9 8816 48
15 6 23365 221
17 5 182616 214
2 17 14651 1392
1 14 32258 103
9 5 6086 126
15 16 19565 443
7 18 28969 106
7 14 7681 163
5 15 144949 104
3 7 4667 136
4 10 12142 108
16 8 33284 156
7 9 94918 2958
3 14 18545 107
3 6 13464 234
13 5 53026 259
13 7 29800 89
17 6 32209 51
6 17 12320 90
3 4 41153 116
1 19 8419 60
7 6 25341 314
12 5 11836 30
1 4 15093 307
7 16 15251 39
11 8 9656 321
17 16 18036 212
2 7 30773 1339
14 19 8577 440
5 16 6023 81
7 13 5306 181
7 4 6317 239
7 15 14066 79
6 4 10950 196
17 20 37389 435
14 18 8910 115
12 10 50033 31
7 17 72395 267
13 4 10372 30
8 20 14212 95
11 14 22580 86
4 6 2413 157
2 14 11798 42
14 15 4682 101
5 11 151806 50
8 19 48678 106
20 12 14344 631
15 10 10480 238
18 15 12951 382
6 2 6907 53
14 1 22633 302
17 19 63368 424
10 7 12887 162
18 17 92943 126
15 9 18735 47
16 10 12159 141
2 6 82055 43
17 13 22229 76
20 15 10748 156
12 15 21014 178
4 9 18993 254
5 10 4424 108
6 7 9236 137
16 19 7692 17
4 8 7761 117
18 3 90341 290
13 10 95663 209
19 38
7 189
17 48
15 127
10 84
6 20

3126969
