20 99 3 3
5 14 4463 90
5 2 36210 13
5 6 41236 515
5 16 134710 72
5 20 7828 703
5 4 58612 627
5 17 14815 58
5 7 22095 63
5 9 20960 83
5 3 8765 117
5 18 17191 167
5 12 13371 56
5 13 56996 385
5 8 30546 1010
5 11 19826 100
5 15 60735 114
5 10 5514 73
5 1 54699 465
5 19 43813 255
19 13 37291 877
1 3 51462 166
6 15 8812 63
17 4 23204 162
3 20 21163 59
1 2 7182 1000
3 19 6826 1670
10 3 43495 1042
10 9 7179 191
15 5 13198 86
8 10 23229 57
6 7 81069 1127
14 1 11093 629
15 20 11348 106
2 9 21328 38
15 3 19382 129
1 16 15302 102
7 4 15145 90
12 9 110396 355
6 20 53283 271
10 2 25809 369
6 17 3890 25
17 9 37721 793
1 20 10116 555
2 7 9564 80
16 15 9911 78
10 11 16054 662
19 2 9249 18
12 13 81377 92
6 19 118846 34
9 4 1065 48
20 9 48994 321
16 17 29117 157
10 19 941 322
12 2 53590 19
20 13 29590 38
2 15 83908 48
17 3 74994 28
3 9 50139 259
9 6 71456 50
2 5 38581 238
13 18 15946 90
14 3 12448 413
14 5 38834 88
15 19 15563 277
9 18 42161 52
19 11 13088 78
13 16 8809 234
8 2 14229 67
8 6 51895 301
12 5 48513 69
11 9 15278 497
10 20 76230 311
6 1 21257 97
16 18 10997 343
2 18 18320 1213
4 14 60821 112
9 10 11490 54
13 12 10907 203
16 3 12578 148
1 6 23242 110
2 12 16088 1174
11 7 14999 141
9 12 61316 371
15 18 5553 292
8 12 14106 284
4 1 31120 518
2 13 49250 297
15 13 10858 91
12 17 23572 214
20 10 7236 104
17 18 2761 303
18 2 24275 193
20 15 29826 153
13 11 31605 19
16 13 4761 141
4 17 6376 143
10 5 46616 32
7 9 17414 241
8 7 13545 291
5 76
10 49
2 49
9 10
18 94
13 38

3067869
