20 99 3 3
1 6 35358 46
1 13 23824 170
1 2 21598 286
1 17 21549 28
1 18 48288 202
1 9 31710 575
1 14 29932 41
1 8 6150 739
1 11 28765 450
1 5 25851 313
1 4 7740 115
1 3 15787 196
1 20 41509 248
1 19 49040 200
1 15 13849 109
1 16 13365 39
1 12 8084 529
1 10 78922 275
1 7 5820 589
3 18 15679 783
2 15 26634 77
13 15 12299 225
7 20 10680 91
3 19 38939 289
16 11 7732 72
20 14 72524 145
4 7 30226 42
12 11 16855 155
14 3 182055 363
8 1 55413 66
8 10 8744 167
3 12 16542 72
17 19 15587 34
6 8 91486 499
19 9 4074 132
17 11 11780 355
9 1 34935 98
19 2 7431 345
10 18 21037 266
16 12 6507 396
12 13 5432 250
3 1 8302 37
2 9 18627 57
11 14 6793 670
13 8 53621 69
2 16 76372 98
14 7 18078 284
16 13 5857 166
17 16 15895 146
20 16 7700 868
11 3 3567 606
18 7 22394 641
16 20 111726 168
10 9 18968 104
18 12 2341 42
19 17 53066 340
20 15 48328 159
2 5 20377 653
19 6 17036 432
17 1 2292 88
12 17 45514 34
13 19 115086 310
5 13 172931 240
4 19 64268 50
19 5 31774 295
5 14 16598 87
7 9 7984 511
15 1 22591 41
10 2 106205 44
5 17 18025 185
3 11 2331 123
2 19 24924 140
10 14 32373 178
4 18 7456 138
19 8 75380 61
4 3 26184 21
20 11 13773 236
7 18 20715 154
7 6 26840 95
12 20 19472 104
3 8 10400 73
14 10 34969 155
2 20 7333 174
3 5 215855 249
20 5 31348 168
4 15 18106 531
13 3 67017 919
8 2 15273 183
14 2 9129 213
11 13 204935 329
4 14 13819 760
8 6 94024 388
15 18 11599 116
18 4 6890 199
8 17 6277 419
3 6 24636 244
20 8 52634 195
5 20 17377 287
19 15 15761 60
1 76
3 16
19 224
20 59
18 95
15 151

6557530
