20 99 3 3
18 9 35720 109
18 14 274796 74
18 16 51181 220
18 8 12399 38
18 19 14237 583
18 5 15804 205
18 17 55768 191
18 7 3241 163
18 2 71173 78
18 13 36782 715
18 1 69165 95
18 4 11605 109
18 10 17009 124
18 15 10755 71
18 12 39468 76
18 6 132147 318
18 20 1469 267
18 11 24329 131
18 3 12088 199
10 3 12527 1650
7 11 47539 132
11 15 7498 445
4 18 17842 109
16 13 155188 184
14 8 6123 407
1 3 16077 53
8 18 143157 35
17 6 42309 238
12 1 127453 454
11 14 3095 81
15 6 9767 407
12 14 4960 453
3 19 20228 253
15 10 29348 264
9 1 35971 161
19 15 3771 993
16 7 7337 31
12 5 7915 68
19 2 8640 375
1 12 11394 11
3 9 249218 72
4 11 18867 170
1 15 1455 25
6 13 27942 77
7 9 22264 89
6 19 7659 277
13 17 19647 90
16 18 7999 61
5 10 24974 106
12 16 59860 47
2 4 95562 335
4 2 41064 1062
5 7 16521 182
10 15 20925 26
13 15 5816 153
7 18 93968 1582
4 5 26473 131
5 15 136161 217
7 16 50164 94
15 3 7993 214
19 4 29352 439
17 2 26273 98
5 16 54392 240
2 20 4532 118
15 20 11419 84
20 17 25174 885
17 5 14904 269
20 3 24826 66
7 6 9594 160
15 11 7024 124
10 5 2069 264
2 14 28022 116
16 3 9066 404
7 13 10093 72
5 6 97886 579
1 13 22192 244
6 18 26115 325
2 1 5944 510
12 7 81891 107
6 4 41011 429
13 14 11709 196
3 6 32934 137
8 11 12608 955
6 16 10063 43
16 17 51673 81
7 10 16353 205
7 17 40965 112
19 14 25359 52
16 8 23399 465
5 19 20714 77
17 15 5256 152
8 17 21573 149
3 11 32780 53
2 15 11817 548
6 5 20402 60
5 3 52276 106
2 11 12507 167
1 11 6770 50
12 8 20795 106
18 570
7 112
5 49
15 56
11 436
3 58

12809298
