20 99 3 3
14 12 12809 378
14 5 3925 341
14 1 5704 81
14 20 105103 135
14 18 62313 414
14 10 17357 336
14 13 28251 80
14 16 108553 294
14 4 155871 81
14 2 13996 422
14 19 6885 929
14 15 8992 304
14 6 2626 64
14 11 19657 96
14 17 31043 86
14 7 107476 159
14 3 51749 82
14 8 52433 641
14 9 76493 131
2 5 52134 42
7 18 9322 155
18 1 7587 417
10 15 6218 127
2 19 1049 40
16 1 4485 301
1 3 11621 72
5 18 27293 74
9 8 194074 450
12 14 15815 78
9 1 29587 237
5 19 14269 119
1 12 49399 305
8 13 12820 49
4 7 55169 513
8 7 9634 84
11 5 16373 38
13 19 24015 80
10 12 17754 68
7 14 41873 297
19 12 14439 217
11 16 6247 70
18 11 85657 304
5 9 13776 27
15 9 20904 99
17 6 14343 369
20 2 55936 79
17 9 50317 154
19 13 8868 479
9 6 4266 62
20 7 18540 26
8 17 31792 201
9 7 38440 441
15 6 8772 461
19 10 11616 628
12 13 6216 447
10 17 6696 71
6 1 19413 92
18 16 38265 272
17 19 4980 251
19 18 31369 562
19 5 9673 217
7 19 806157 841
5 15 12570 69
8 18 6751 115
5 8 42723 358
17 5 183375 487
13 8 131507 208
20 4 25933 28
17 12 5225 469
16 11 75339 94
18 12 22796 70
3 15 17818 273
3 6 8551 777
17 13 196500 72
2 7 27206 176
1 19 51793 1185
8 14 32468 16
7 17 65252 59
1 8 28485 281
3 9 11636 258
20 5 16073 150
3 4 12683 206
3 11 29218 142
10 13 185742 146
10 8 5562 76
13 18 128089 16
9 13 102050 194
17 20 19361 249
16 18 102480 130
20 14 10098 143
19 20 77498 117
15 18 59989 115
17 4 10343 113
2 14 17844 100
8 9 19776 160
1 20 10419 29
8 11 3319 41
18 20 166982 157
20 16 21733 182
14 76
17 64
8 119
18 57
19 22
13 97

1683145
