20 99 3 3
18 17 56568 178
18 4 4733 26
18 13 124173 238
18 5 5126 156
18 1 27348 52
18 7 32940 611
18 6 40837 402
18 15 19317 40
18 14 37704 54
18 10 14159 67
18 12 32487 132
18 20 60005 418
18 11 12833 60
18 16 68484 262
18 19 26844 447
18 8 26195 129
18 9 11147 65
18 3 40152 129
18 2 10829 320
16 1 27985 58
10 1 90926 63
15 10 26995 200
5 4 27499 221
2 6 11914 27
19 3 14799 167
4 9 45755 308
10 18 17714 67
15 2 84067 111
11 1 12613 699
9 14 10800 58
20 14 10267 144
17 16 55289 25
10 19 33811 545
14 8 21298 275
16 18 10889 104
12 14 23357 202
1 9 44563 91
1 2 37883 231
14 3 29611 549
19 12 157051 61
5 18 6372 68
8 20 102582 713
6 5 40610 95
12 8 9649 579
9 16 156353 8
10 2 21492 95
11 7 9738 425
6 18 25264 198
14 11 29383 242
6 16 66194 57
3 11 11501 34
8 16 37906 119
15 18 55121 125
8 9 132338 199
5 14 13166 62
1 20 6641 70
7 6 59247 436
1 3 14376 34
17 20 17304 249
7 20 34488 304
6 15 14170 169
10 12 104065 66
6 12 12411 185
5 9 7113 187
10 16 44001 678
1 15 36212 47
20 6 30808 34
13 6 3079 46
20 19 13949 556
10 13 393159 338
4 20 4679 98
2 16 57133 201
9 2 14631 186
20 3 3491 68
3 2 16984 198
11 6 12209 51
8 6 19082 64
2 10 15920 274
2 9 6230 45
9 17 42599 100
1 6 109634 242
9 20 49437 165
16 13 18688 120
14 7 3233 44
9 6 5749 83
1 16 20437 59
5 3 46510 123
14 1 36868 89
4 14 7490 81
1 19 182229 106
6 13 63466 411
9 3 8277 72
19 5 17804 1712
1 18 8913 225
15 11 35518 83
7 13 16086 317
8 4 14726 111
6 10 10981 111
7 10 39603 118
18 171
1 99
10 56
6 75
16 116
20 47

5337643
