20 99 3 3
13 7 102515 156
13 9 5363 78
13 5 4281 88
13 12 6955 75
13 15 224376 102
13 10 199000 203
13 8 23098 485
13 18 4546 161
13 11 116544 538
13 16 18831 70
13 19 3524 25
13 17 8442 60
13 6 69534 408
13 20 8213 140
13 4 28908 141
13 3 161179 362
13 14 11304 40
13 2 11034 526
13 1 39564 255
3 18 43255 88
10 8 37967 184
8 13 5753 537
2 13 28703 320
20 7 6551 150
18 11 38268 304
12 17 49699 177
6 3 61056 213
10 9 9918 138
8 5 19974 632
14 15 8327 59
8 4 12812 121
4 16 54212 88
10 2 14982 11
19 16 3741 238
6 18 42828 193
1 18 20785 161
15 19 9197 74
14 4 23162 284
17 6 5944 154
8 7 29367 137
2 12 64883 254
19 7 5474 235
10 19 10551 420
20 4 11571 45
3 19 18523 197
10 16 91409 123
16 9 26336 83
16 14 14124 59
17 16 9553 81
17 10 40801 92
18 6 16671 229
11 7 5099 165
19 1 16636 143
16 18 70842 1105
14 3 32026 207
6 15 11871 18
9 5 168457 125
14 11 31754 65
14 16 46469 51
7 5 4927 40
18 16 21731 83
8 11 13046 86
7 16 63225 423
9 6 17760 367
10 15 2446 682
8 19 5898 169
2 4 14772 581
16 1 15496 221
14 18 10887 118
20 9 21881 75
3 15 11908 138
3 17 18495 136
2 8 7985 775
11 3 3883 55
1 12 14763 286
3 12 85528 787
12 6 9010 42
17 12 41481 104
18 4 47626 53
7 14 53592 82
2 1 38337 89
19 3 10374 97
19 10 10322 83
6 16 42397 89
1 11 12091 18
11 20 44221 326
8 12 94838 461
9 12 62188 498
3 8 9577 181
9 20 73424 194
19 6 183577 126
18 5 8947 355
6 11 54159 683
14 2 214076 113
7 9 58699 650
17 15 20430 296
14 19 37486 80
5 9 39437 27
20 8 4630 297
13 475
14 16
8 70
16 41
12 133
19 82

4359061
