20 99 3 3
3 20 29944 435
3 18 20451 89
3 7 18493 106
3 6 4479 33
3 12 112636 117
3 5 11073 738
3 9 6602 25
3 11 48585 90
3 10 65215 76
3 4 14771 72
3 16 49547 38
3 19 26841 478
3 17 12015 467
3 14 11270 721
3 1 8370 86
3 2 150700 115
3 8 5501 88
3 15 14964 101
3 13 44531 113
8 19 55511 73
5 11 73872 683
12 18 28075 30
8 14 70887 229
13 9 19843 241
14 13 32255 326
11 20 54102 177
16 13 6914 160
14 9 38682 279
17 4 23769 493
4 2 88792 201
20 3 85802 61
11 2 9093 377
16 1 16994 162
13 8 12271 138
16 19 327536 196
7 17 47915 1167
9 18 27324 532
9 7 58279 115
12 15 20936 131
7 13 6378 73
16 11 17995 26
18 4 3985 64
6 19 4978 151
13 14 65128 21
18 2 8840 66
10 11 54430 1685
2 8 10218 68
2 19 18084 73
1 7 27685 36
10 4 8124 95
10 13 28481 137
19 12 2028 282
16 6 197750 57
8 6 18085 414
6 13 42399 423
11 17 30318 67
5 18 14804 55
8 2 3646 233
16 10 18109 208
6 17 77885 130
15 13 12764 21
16 5 33596 304
10 15 144479 132
19 1 8408 350
7 14 4763 247
1 18 9556 193
4 9 68803 933
11 14 11118 51
12 2 5550 278
19 5 22900 432
13 19 101937 48
18 6 41446 158
19 4 14958 162
20 7 94797 69
6 2 14946 519
9 3 15371 149
9 2 6021 301
1 2 7978 723
18 13 69963 215
19 14 32848 158
2 10 4619 684
13 2 1804 132
17 16 446585 275
1 12 17306 31
20 15 50595 160
4 17 19192 83
17 7 35310 262
11 19 38046 96
14 11 266987 186
6 8 115424 89
6 1 19246 121
11 6 8222 198
4 14 5799 105
4 16 18192 96
7 12 148273 80
6 11 7874 184
5 15 5139 1073
7 6 22943 436
14 4 23609 230
3 133
16 56
6 14
2 58
13 60
19 19

1134171
