20 99 3 3
5 19 3079 231
5 4 22424 542
5 10 97094 69
5 17 1263 208
5 13 10743 170
5 2 14349 283
5 12 134758 159
5 7 4843 33
5 9 4927 52
5 11 42729 130
5 15 10216 782
5 8 48416 158
5 1 6239 630
5 16 31259 65
5 6 25106 332
5 18 72253 15
5 14 118431 90
5 20 38713 99
5 3 12089 227
12 19 4762 3102
1 8 6783 1419
1 17 6141 251
2 3 80023 235
11 19 48558 183
10 15 25793 1254
4 7 10732 234
12 4 111901 26
16 1 74604 22
11 13 19714 39
17 18 53384 54
9 8 32187 347
19 18 17837 443
13 11 6716 68
13 15 7927 70
9 18 65844 95
15 5 5767 109
11 14 63001 46
20 18 26388 177
19 13 33754 18
10 20 66136 263
19 10 27372 91
16 8 18177 132
8 18 10404 730
6 14 14565 675
12 7 7198 487
9 5 36513 147
8 15 5434 149
7 9 5834 102
1 2 7234 250
13 1 20468 35
6 3 2994 133
7 10 27037 85
14 2 23878 299
7 12 213202 710
14 5 67077 91
8 20 17989 129
3 20 14751 44
15 4 78035 178
9 14 74445 315
4 20 32552 51
7 11 11180 122
16 20 13371 62
20 10 23991 41
2 8 34177 411
17 13 3474 66
1 10 13327 123
15 11 37664 25
13 18 22481 106
2 12 30387 73
2 5 25211 332
8 10 48907 127
8 11 33564 174
17 19 31493 205
10 6 24679 172
2 7 2616 69
2 10 44245 528
16 15 30553 544
20 1 16435 232
8 4 17734 204
8 13 32322 28
15 20 64521 460
20 16 100673 594
13 12 2691 113
13 5 69571 163
17 9 18182 238
4 9 10730 215
10 3 3903 460
12 18 32552 205
18 4 87082 439
3 15 15837 280
13 19 15448 66
6 5 14641 344
19 6 24323 47
9 15 8259 185
2 13 13050 56
7 14 11830 51
8 1 25934 436
15 8 39294 267
19 20 23696 35
5 152
8 112
13 21
20 36
18 17
15 21

938586
