20 99 3 3
15 5 50502 184
15 13 19219 61
15 11 22471 191
15 6 14200 604
15 3 77541 737
15 7 20141 63
15 2 4386 157
15 19 25019 52
15 10 69647 277
15 17 84732 171
15 8 11937 140
15 1 31263 418
15 20 36181 816
15 9 18537 176
15 4 76130 158
15 18 16128 382
15 14 114655 120
15 12 16771 155
15 16 34743 217
2 12 78973 115
19 15 1691 942
9 14 44961 81
20 16 16266 107
17 13 88646 68
13 1 14412 34
12 8 19373 166
3 12 106450 555
3 1 23303 59
4 16 17584 118
10 8 17456 144
9 13 34309 110
5 10 7477 54
8 20 3525 61
6 14 2145 157
10 1 42337 330
19 20 40346 220
17 15 49658 123
11 8 6159 72
6 12 15226 349
7 14 23263 188
2 16 140345 173
2 9 35152 58
14 10 6928 59
18 16 35124 506
6 18 107833 93
5 20 21718 94
9 8 16594 243
20 12 9258 39
7 16 24159 291
14 16 17805 103
14 19 38106 42
16 4 4283 323
4 1 40584 430
16 9 149098 33
14 7 20021 101
3 8 28149 101
16 17 10086 337
19 14 21830 131
11 13 49353 120
9 16 60088 237
11 10 12095 313
10 4 8191 98
2 14 150077 941
19 3 12482 579
11 5 15438 22
2 19 21184 28
16 5 17522 551
2 5 24224 166
10 7 14905 279
19 5 108418 376
10 11 5147 189
4 13 11440 432
10 19 11871 315
7 4 8970 181
7 11 15011 149
9 3 42601 95
6 11 9390 93
9 17 6870 400
4 10 13159 714
7 17 5146 75
3 13 52491 155
20 3 11960 132
10 18 22845 258
3 18 10398 42
13 8 37298 149
1 13 8769 265
12 14 204630 286
17 1 5195 556
19 4 70578 320
1 14 6893 888
11 1 97267 570
9 10 94107 311
19 6 3361 82
14 5 23044 118
11 7 3398 58
4 11 50667 222
6 17 11595 73
1 10 10093 408
20 6 12060 119
15 209
19 147
10 84
16 91
14 53
13 78

4071973
