20 99 3 3
4 3 5976 218
4 15 2760 64
4 2 24738 391
4 8 151421 344
4 9 30232 236
4 13 17636 138
4 20 15912 69
4 10 1375 434
4 14 28478 55
4 7 7968 278
4 11 12821 679
4 6 12789 30
4 17 21355 19
4 18 15142 195
4 1 6882 543
4 12 37578 349
4 19 49271 173
4 16 20416 351
4 5 8389 25
10 7 18678 138
8 18 43900 197
14 16 71937 781
18 8 9019 232
6 14 24485 156
15 9 9176 362
8 6 19699 66
20 18 8647 270
10 12 9166 499
18 14 43110 69
1 2 74610 26
10 5 60444 114
15 5 19653 348
17 6 48536 6
5 4 9728 47
12 20 12957 191
11 10 13515 689
13 8 11505 212
14 10 148483 151
1 10 30090 202
13 19 341436 233
7 8 12366 73
8 17 19033 473
3 4 16949 58
17 7 10640 902
11 18 10976 80
10 16 6385 238
10 19 13030 763
11 19 18985 101
18 12 47734 111
17 11 38866 313
11 5 95880 23
5 13 9108 54
1 5 11715 44
20 10 21187 884
14 20 125687 67
6 19 3950 337
1 6 39788 114
10 1 12536 76
15 2 24903 35
14 4 2352 91
12 13 29183 107
17 19 14362 404
3 10 12771 207
5 12 29669 448
17 8 24266 70
1 18 33360 72
8 20 12518 413
9 6 10656 110
6 3 29253 159
18 17 6602 25
5 17 37594 62
9 16 41374 485
8 16 135454 132
15 18 7667 74
2 20 4466 146
18 16 14954 135
12 7 60234 22
1 16 11759 207
16 1 5622 108
7 17 122227 248
10 9 20109 156
12 4 34706 128
8 11 4167 52
20 17 56735 284
19 15 87572 186
13 2 40262 291
8 7 68444 106
10 17 28123 413
7 20 63628 72
20 5 19256 814
8 5 6894 548
8 9 69386 528
5 7 28652 333
7 14 6042 77
7 6 11012 114
11 6 15991 86
1 3 20827 24
12 3 82910 82
7 3 32040 38
4 133
8 99
10 120
17 78
16 53
6 95

3390249
