20 99 3 3
11 20 56497 157
11 19 15105 128
11 12 16267 51
11 3 8629 196
11 13 37132 335
11 9 38777 75
11 5 8160 195
11 17 15162 104
11 6 14294 52
11 2 9678 87
11 14 22642 157
11 10 14118 330
11 7 8776 63
11 18 19885 231
11 16 90581 176
11 8 14545 37
11 4 29104 62
11 15 2508 44
11 1 22991 192
9 12 67838 141
18 9 101042 70
18 3 57103 116
2 16 58562 132
16 1 23346 633
16 19 15665 361
6 19 158742 1449
10 16 127298 201
20 8 17939 791
20 10 31248 49
10 1 89182 58
8 12 9558 139
1 19 5325 196
12 3 22458 252
17 11 11895 41
5 3 84067 879
19 17 18776 175
8 2 20967 472
10 4 17932 136
14 20 101635 133
20 9 16685 346
13 17 12412 176
10 17 6451 363
13 12 11920 385
8 15 17321 51
15 16 36776 276
14 13 59290 157
10 9 35747 293
6 20 13881 148
6 11 39720 136
6 5 29375 93
13 7 34954 165
6 12 21926 854
1 8 6756 54
19 3 16344 373
7 13 27761 245
20 19 38019 213
2 7 10390 166
19 6 6841 100
13 8 58442 196
15 1 165075 68
13 14 31072 68
14 12 12710 301
5 19 36696 123
8 5 5001 134
6 9 8939 85
12 15 29410 118
5 9 6899 285
8 4 25028 166
10 14 37454 264
18 4 106307 698
7 14 25416 762
9 18 35677 645
5 17 25452 68
19 12 10096 224
19 8 38997 72
4 14 31513 194
17 19 7848 111
3 2 14709 35
7 5 4588 118
4 17 32515 120
3 9 34770 185
16 11 38922 234
20 17 5627 53
18 10 17872 594
13 20 27396 899
20 6 34061 26
15 5 39397 40
7 2 28189 50
2 19 8924 325
20 16 21167 351
6 16 40444 1187
15 17 204314 1901
7 1 7866 643
7 20 41504 82
12 18 30053 134
12 9 11606 229
15 8 19871 128
3 15 24304 89
15 3 38175 1069
11 95
20 28
6 350
19 38
17 258
9 151

12750758
