20 99 3 3
20 14 10399 301
20 9 1557 134
20 5 20200 207
20 18 31868 215
20 15 13251 81
20 3 26762 124
20 17 19706 48
20 19 84735 171
20 2 17016 787
20 1 10023 375
20 10 21277 58
20 11 30686 159
20 12 17704 64
20 6 23461 55
20 8 21446 55
20 4 10332 489
20 7 25498 216
20 13 99940 20
20 16 10277 34
17 6 12949 139
10 16 2538 159
9 13 12768 326
9 7 31801 284
4 7 9413 229
10 17 16129 294
19 3 46379 79
16 10 20960 62
8 13 43298 417
19 18 28988 216
7 19 18993 303
9 19 21856 156
4 12 71113 109
6 2 6684 96
11 9 50732 66
5 6 7491 19
19 13 3755 107
6 7 28691 64
5 1 18223 319
8 18 36279 74
18 20 34457 57
17 9 48500 61
12 2 12121 256
6 5 2671 363
16 7 4944 32
2 18 46793 184
18 3 9307 164
13 4 107683 214
2 11 10499 783
8 19 8290 200
14 10 96599 201
3 8 14067 73
8 17 18457 171
5 13 13910 420
14 11 23974 204
11 1 63477 71
13 16 22101 34
18 2 12410 375
8 11 13777 400
7 18 20519 291
12 9 94585 286
8 20 5502 233
10 5 12983 41
14 9 108822 82
19 4 38680 446
6 18 9018 391
6 10 42539 47
13 6 5599 127
7 9 37864 167
1 8 35184 257
17 12 177001 63
12 18 13594 80
19 6 15430 25
10 19 76203 159
6 8 15665 220
7 1 15028 132
5 7 17713 368
9 11 42790 222
1 19 49252 939
18 16 49205 141
12 17 50380 128
1 11 102066 135
18 15 4303 196
2 3 13974 275
6 14 54156 115
1 15 25636 466
16 12 23469 83
14 19 20132 68
8 10 67705 611
2 4 29707 469
16 5 64632 183
14 20 35216 160
10 4 26781 65
6 17 27288 194
18 10 14390 232
1 20 30081 260
12 10 133119 110
7 3 20805 467
13 12 76918 67
15 5 23866 56
20 114
6 16
8 56
19 110
18 29
10 20

2674616
