20 99 3 3
11 13 8547 208
11 9 25049 164
11 20 15705 53
11 8 16819 130
11 5 9447 222
11 15 16535 192
11 19 65991 25
11 3 15534 228
11 14 5465 282
11 17 21710 56
11 4 26806 313
11 18 21380 180
11 16 64694 191
11 7 7186 184
11 6 5444 686
11 10 7518 42
11 1 15078 394
11 12 6496 179
11 2 18223 184
15 6 31723 153
14 7 60199 142
4 15 41493 159
8 11 19556 646
12 1 7632 591
10 17 5574 109
2 6 9751 132
13 3 29809 97
1 8 142826 99
17 16 18474 283
4 3 6488 295
19 14 12935 241
18 8 31205 197
6 17 2858 79
16 18 52536 514
6 10 58811 218
3 12 4179 396
19 8 5654 48
9 20 17887 44
4 20 12459 94
19 7 23950 145
4 10 108824 317
19 18 18278 164
6 4 35168 130
2 12 43578 303
16 3 14939 96
10 4 22850 65
1 19 172035 306
17 8 15781 139
14 10 5290 72
14 8 50580 68
19 9 174347 1221
19 11 9397 228
6 7 9172 717
10 8 16432 378
12 15 33015 340
2 4 81002 331
16 14 133077 33
15 20 40703 140
7 20 97780 319
6 14 27997 81
4 12 11613 53
3 15 31621 39
20 18 21451 232
17 13 2077 146
15 12 19098 190
19 6 7839 64
17 9 40872 15
5 3 19490 43
5 9 20706 69
19 20 10049 127
8 4 96128 141
7 5 40053 1509
15 17 18001 247
3 16 57091 41
15 3 83348 18
14 12 23435 94
15 7 11231 86
1 18 35514 133
8 17 8302 66
8 7 4575 13
8 18 29309 237
18 20 19063 54
1 5 30180 161
10 9 41403 196
4 11 18437 88
20 13 5972 34
10 3 30655 658
3 7 9075 214
5 2 46842 125
8 20 51212 40
18 3 256759 140
8 12 10692 47
18 17 6642 36
7 3 34261 619
15 18 12301 183
17 19 34634 132
18 12 43174 228
4 8 13995 279
12 4 85144 38
11 380
19 24
15 14
3 156
20 69
12 13

3455653
