20 99 3 3
20 19 73121 1245
20 11 212768 188
20 7 680177 207
20 18 20807 55
20 10 73228 216
20 2 18848 50
20 13 75264 818
20 6 27712 247
20 15 39107 115
20 3 14701 149
20 12 14011 47
20 8 71669 163
20 5 32438 162
20 16 5912 165
20 9 101220 238
20 4 4543 172
20 17 2927 241
20 1 12502 22
20 14 20713 136
8 3 71039 124
10 8 28999 374
14 1 235790 44
5 19 42241 138
6 8 13350 182
15 16 8596 118
4 3 27069 218
17 12 62688 76
13 9 46784 1745
16 5 63649 50
5 17 113660 558
15 12 18187 103
18 17 30167 1960
10 4 5619 1263
19 2 97740 224
15 3 73404 123
15 8 15665 75
6 2 7378 650
10 18 71327 139
13 2 74723 312
15 1 6892 210
1 6 19721 239
17 8 33954 50
4 13 29546 423
19 13 25728 158
7 15 47997 76
9 4 12442 577
17 5 59454 185
11 1 4555 50
17 20 6842 142
4 6 23243 365
11 17 6003 99
10 17 8224 103
9 19 10380 180
14 9 20338 42
12 19 11421 186
15 9 41734 234
5 6 17225 69
2 3 47199 81
13 5 257783 151
9 18 16409 45
11 3 124835 277
16 18 11885 284
3 10 79422 121
10 7 17219 306
16 12 18574 119
11 4 33480 925
15 6 168231 81
3 1 18717 50
3 6 72740 159
10 5 5162 185
7 16 2143 146
11 8 36181 36
14 7 19491 29
10 3 30657 116
1 2 356063 1095
10 12 22974 90
19 20 47225 221
2 12 12816 652
8 7 10539 122
19 3 100754 340
1 11 11687 411
17 2 7218 106
17 13 20832 662
14 10 65481 226
11 18 42509 363
14 8 22641 87
14 4 12129 57
8 19 7664 339
8 14 37526 468
13 20 39533 647
9 6 20854 140
9 5 15698 168
15 5 109115 191
19 10 3036 61
18 12 51396 408
13 1 186315 177
2 5 40123 117
5 3 133418 89
11 2 42321 57
20 323
15 24
10 168
3 68
5 151
12 180

5376923
