20 99 3 3
14 3 35263 74
14 8 14787 646
14 9 29635 74
14 18 52557 117
14 7 33601 327
14 16 14211 606
14 19 10721 279
14 15 66902 77
14 6 39369 70
14 13 39954 549
14 12 42591 307
14 2 9813 80
14 1 8779 63
14 20 24544 36
14 4 27474 97
14 11 121273 170
14 17 5732 81
14 10 66363 36
14 5 4856 96
6 16 8051 283
8 6 19530 84
10 19 48922 196
17 19 12614 50
12 1 73528 492
15 16 74430 132
8 2 15777 39
5 10 5873 119
10 17 18352 97
1 4 34276 104
17 5 11066 163
5 15 8381 217
20 16 52190 181
4 12 45344 64
8 13 69094 85
10 3 15062 38
13 12 15709 531
7 3 12022 133
20 4 17557 57
5 9 16901 22
4 15 55170 379
5 1 19645 82
19 3 47316 230
8 18 28913 141
20 18 63465 129
18 6 14278 125
19 2 6086 207
15 2 27504 215
12 13 47881 188
12 14 28176 634
12 9 97657 396
19 17 6486 184
15 10 7399 63
17 12 21946 34
11 4 17826 278
11 9 18121 36
20 3 34525 143
9 7 12527 93
9 13 35047 206
16 20 7862 106
2 9 33232 165
4 1 10706 648
11 18 41114 308
9 16 7027 107
1 9 5481 65
13 2 4904 77
9 15 91138 122
6 12 15321 250
7 13 31107 154
10 7 9106 78
20 17 18120 760
17 1 5910 258
19 20 56910 157
17 18 154876 24
15 5 134577 162
16 14 5092 444
19 16 7765 62
2 8 52958 289
19 1 12176 209
3 16 36729 571
13 20 9030 135
8 16 16080 521
1 2 58006 461
8 9 30875 169
6 11 6095 147
18 11 30948 367
10 2 4028 464
7 17 32560 38
5 2 13963 187
4 2 52394 110
6 19 52462 108
17 7 49510 74
6 18 28238 265
19 10 18604 354
20 1 142637 229
10 6 45012 242
5 6 26210 230
7 10 90082 66
18 14 7147 610
6 17 10035 287
14 19
19 14
20 156
2 9
16 156
9 4

5651442
