20 99 3 3
10 7 13029 471
10 18 76106 203
10 15 31575 258
10 17 24424 267
10 8 83534 138
10 19 14175 53
10 9 83779 222
10 6 12011 96
10 2 58045 151
10 20 7943 36
10 1 23044 52
10 13 22212 72
10 3 6470 165
10 4 22326 263
10 12 2693 38
10 16 55425 125
10 5 22638 481
10 14 30374 53
10 11 20552 113
9 18 33277 513
19 2 31822 64
7 16 31604 123
11 14 2665 455
5 6 7684 264
2 9 3531 57
15 8 24639 119
2 5 34047 102
17 13 13333 150
19 17 11777 15
11 7 20003 67
9 15 26156 53
13 12 10111 221
12 13 65304 246
4 7 73486 829
8 12 85888 317
11 8 34821 259
19 14 61303 260
12 1 32893 267
12 11 30246 28
6 15 15876 102
19 13 28051 121
6 8 11001 99
1 15 56323 56
5 11 58232 93
16 9 18205 91
9 5 31069 27
14 12 11798 464
20 5 48157 259
19 10 21712 143
7 2 9116 132
15 13 9007 102
18 4 11410 170
6 4 16707 175
18 2 6171 41
16 11 13175 50
20 13 5567 21
16 3 36288 328
9 16 39358 110
6 13 28382 41
12 18 16246 108
11 13 5926 1817
1 7 5238 21
7 3 17233 444
20 6 34355 89
8 17 22155 55
8 18 33831 1272
9 10 49194 29
18 20 22288 260
14 17 8539 253
14 6 12987 140
7 15 91414 62
7 1 37829 221
11 18 24451 161
13 9 10348 153
3 7 25102 137
4 11 16196 77
20 16 62803 730
18 12 23100 274
7 14 12530 294
4 9 16180 88
4 1 6661 281
9 14 22249 87
2 19 9624 147
19 5 3435 609
14 7 15645 439
18 13 5766 225
20 4 30331 739
16 8 64255 202
14 18 9021 2150
1 14 38813 233
13 6 5268 261
17 12 43708 613
3 10 40066 111
20 9 56478 765
1 12 78527 199
4 3 21268 106
18 10 9650 100
3 18 6243 316
2 4 118505 594
10 475
20 144
19 102
13 128
18 424
12 80

16085081
