20 99 3 3
4 9 10109 28
4 18 33292 32
4 11 13258 69
4 1 20946 201
4 15 182101 117
4 6 20682 159
4 7 26679 76
4 3 25647 59
4 5 15115 36
4 8 17586 169
4 20 26955 350
4 19 5321 510
4 10 16580 86
4 14 10489 145
4 2 90251 222
4 12 73052 777
4 17 17881 174
4 16 27018 381
4 13 50963 97
7 17 13199 274
6 1 7320 51
17 13 23234 259
20 12 20059 65
13 19 7298 8
10 20 15074 106
15 5 18135 243
16 10 10381 483
13 7 50609 55
18 9 49142 154
9 8 72729 474
19 11 13637 277
16 18 42301 306
14 20 32991 34
7 13 38825 157
2 7 47406 69
7 15 62137 362
13 11 11132 401
5 19 72148 246
7 3 13601 224
8 19 16698 419
6 11 101565 30
19 16 18324 172
16 13 16620 106
10 19 22725 137
6 5 46918 176
20 18 27782 49
15 1 5628 190
1 18 33992 225
16 4 128791 627
18 16 9455 109
20 1 19538 21
13 8 63344 272
8 1 70553 240
17 11 16602 355
20 13 2490 130
5 4 53789 173
11 14 9528 583
19 2 22781 97
16 6 37327 42
5 1 5426 321
6 15 22264 211
3 8 38832 577
8 4 74036 728
16 14 11618 115
13 5 4428 213
1 13 9160 222
17 7 30936 2640
19 17 71648 190
5 6 52405 47
2 15 74880 105
17 8 11998 153
13 20 12354 67
9 17 19588 714
18 19 4508 79
14 11 105185 165
11 18 7983 1765
7 20 10428 104
18 12 16648 23
6 17 38843 159
8 15 11794 19
1 15 9692 63
10 3 7192 420
12 14 6654 51
16 8 57382 51
12 13 42458 647
20 4 18585 384
18 17 39805 35
16 19 32038 715
15 8 10010 304
20 5 63545 48
2 14 24071 278
14 19 34089 92
9 10 104142 71
11 6 13693 77
14 2 76928 88
12 19 22799 134
14 17 20901 122
12 1 38814 76
17 1 29112 168
4 266
16 40
20 102
19 79
1 73
17 62

2430093
