20 99 3 3
9 10 15209 159
9 6 46245 283
9 1 135557 261
9 3 4420 21
9 11 44554 209
9 20 7301 164
9 2 20236 140
9 18 2121 177
9 12 38399 403
9 8 23253 33
9 19 22873 225
9 14 32538 140
9 17 41728 324
9 4 12001 42
9 15 39989 52
9 16 8875 89
9 5 15538 72
9 7 12820 86
9 13 21342 145
10 20 12433 137
1 8 6566 81
12 15 61075 253
20 1 13603 124
3 2 14473 518
6 16 16162 1021
10 19 25616 73
17 18 5234 60
3 4 71816 801
18 19 104631 107
11 3 6235 30
17 11 23890 39
3 9 5329 234
17 2 30954 103
2 4 32256 21
11 19 30075 194
13 8 21671 98
5 17 15579 51
19 9 61942 26
5 12 108580 10
6 10 114537 434
14 16 31981 71
5 16 69003 131
7 3 62934 131
19 15 16453 422
8 14 16127 14
19 12 39922 806
8 5 119663 137
20 18 8244 158
6 3 19920 374
16 8 38602 149
16 14 44481 183
4 6 22958 47
2 1 14670 192
17 1 18618 142
19 2 51258 156
19 7 4207 778
12 3 13759 176
15 9 44915 136
18 3 49020 403
16 10 15473 240
6 5 71984 97
15 11 15920 71
17 3 54016 64
2 17 6285 162
11 6 26708 595
1 3 12463 93
13 10 98248 48
20 4 10646 152
16 7 3531 80
20 12 24598 89
18 7 42755 84
15 3 69364 274
10 6 75052 15
3 6 85257 172
12 18 86248 159
13 6 23951 130
3 1 41786 128
15 10 20025 834
10 4 31281 32
8 7 3626 224
3 17 20816 132
17 9 36872 74
2 5 1778 176
14 8 36013 67
11 12 47345 500
5 20 24362 128
10 7 35298 169
10 14 16381 68
5 18 43572 303
2 20 10799 41
14 12 39151 179
1 12 14460 162
14 4 19450 750
18 16 46690 303
4 9 95023 496
18 12 25809 428
18 1 17957 483
18 13 10461 56
10 11 43283 46
9 133
18 287
10 91
3 64
12 152
7 82

6341968
