20 99 3 3
2 16 6004 998
2 17 16184 670
2 19 13193 379
2 7 26633 1007
2 10 26927 42
2 8 35681 140
2 1 15405 41
2 15 7882 106
2 20 6923 69
2 5 46788 167
2 12 8657 582
2 3 24283 236
2 18 24617 239
2 11 10783 68
2 6 7396 501
2 9 4911 79
2 4 331659 123
2 13 36160 135
2 14 15114 87
14 16 10493 65
19 11 13287 174
18 7 20242 171
10 13 7701 69
14 11 18145 41
16 15 214678 93
8 18 292955 345
14 6 25142 842
20 8 13047 398
12 3 25473 112
7 15 45325 226
16 8 29336 166
18 8 18945 165
1 12 50243 512
19 8 57144 61
12 20 37700 327
16 12 69265 352
14 1 56871 141
7 3 19015 355
17 6 145324 143
1 5 26550 170
3 7 17482 281
18 16 16472 115
16 9 14554 116
7 14 27508 439
16 5 65749 66
17 16 46806 109
19 13 12041 33
18 3 42677 91
19 20 21089 17
4 9 1257 51
10 7 16399 28
17 5 22950 105
6 7 16606 24
14 10 17712 77
13 2 53993 68
7 8 13972 374
4 6 6299 559
11 6 58919 656
5 10 19089 111
9 10 57320 76
1 8 36911 523
3 15 81446 130
17 11 28876 21
4 15 61974 125
1 20 65136 108
15 16 3391 67
18 15 39471 209
12 10 9889 1052
5 12 14574 62
17 12 117790 548
20 4 60400 149
7 6 39385 44
9 6 107498 2414
11 10 49304 44
10 4 77383 492
3 12 25338 404
17 7 12674 34
14 9 9418 79
14 20 92379 38
9 7 24309 126
9 11 62163 309
10 5 95435 296
11 3 28076 114
5 8 4192 26
20 19 32021 533
17 15 17247 67
18 9 34433 1337
15 4 6657 102
15 19 22850 27
17 10 15822 571
6 2 9721 108
4 14 42754 144
17 9 177259 101
7 1 53621 471
19 5 24497 69
12 6 19701 238
10 11 8924 249
11 13 48801 429
12 4 51501 134
2 76
17 90
14 385
8 75
6 134
15 38

4920162
