20 99 3 3
17 20 18104 791
17 2 55947 485
17 15 24281 604
17 4 4609 289
17 13 90896 739
17 10 3935 130
17 9 73420 100
17 19 23738 599
17 3 56923 436
17 14 29276 213
17 8 48826 85
17 12 211862 197
17 11 10123 1015
17 16 6455 241
17 5 23888 305
17 1 34403 212
17 7 33393 253
17 18 26147 284
17 6 19961 74
4 2 9375 218
9 18 46797 49
19 10 32584 383
2 9 67533 71
12 13 5424 65
13 5 30880 11
6 16 14106 67
20 18 3789 534
12 4 21030 1122
20 4 2285 104
20 8 5017 250
5 20 22291 2490
1 7 26892 688
19 6 29214 2793
6 12 24935 155
3 4 36129 22
18 20 4898 209
7 9 85340 50
19 15 11145 113
8 10 28076 439
4 6 15242 30
12 5 14393 100
4 7 24301 85
15 7 39302 139
16 3 48613 329
20 2 31337 17
7 17 11147 56
12 17 125399 161
15 17 9735 82
12 9 17510 391
15 13 146791 92
12 16 20826 198
2 3 28072 73
18 17 4494 213
19 20 27353 195
20 17 7653 219
11 4 20884 61
9 6 4952 166
6 20 67077 71
4 14 155213 170
8 19 43545 730
7 12 71702 169
14 7 60560 140
3 11 20191 238
8 2 8808 132
20 7 81777 97
7 6 12115 1063
1 6 63757 198
18 10 22782 211
15 2 40435 147
18 7 34614 111
12 14 4732 100
19 17 14855 438
3 5 74325 77
7 16 11031 410
6 5 57283 144
20 16 3248 152
1 8 4922 71
2 4 13044 281
5 13 36735 750
3 10 30470 97
3 17 6171 36
6 10 9596 48
19 8 46962 90
20 11 7949 255
7 11 12848 79
7 2 6536 206
16 6 25402 240
3 6 56650 2378
19 9 35627 844
14 18 13577 198
11 1 72063 186
15 19 21796 263
6 13 4458 104
10 11 34808 374
15 4 10227 61
8 17 13498 273
5 1 24378 88
2 14 12704 107
6 19 7715 57
17 114
20 8
19 56
6 3
7 27
4 49

1047372
