20 99 3 3
4 3 9584 203
4 14 21179 717
4 2 11252 70
4 8 114739 317
4 17 49578 460
4 12 10011 94
4 19 12002 653
4 11 10019 103
4 6 16848 123
4 20 2520 84
4 13 4557 271
4 7 38776 105
4 9 13183 59
4 15 10244 83
4 16 8276 106
4 5 13581 45
4 10 61606 84
4 1 10099 128
4 18 59969 287
15 11 144221 369
10 11 24948 314
15 1 56336 45
18 3 24374 87
10 13 14131 60
14 16 44293 180
13 5 13018 182
19 7 12143 46
2 6 13255 91
13 11 12951 264
10 18 19980 107
16 2 23554 162
7 2 7459 229
16 10 64344 265
20 6 29923 67
5 11 17080 238
11 6 12668 215
20 2 74250 293
5 12 150315 267
16 6 18693 61
8 18 22335 55
5 15 3445 276
3 11 11751 21
7 15 54736 183
14 13 20151 296
14 3 3194 124
8 2 8843 57
17 4 5172 857
3 19 12919 393
20 18 37593 68
8 17 11648 219
19 13 11512 112
2 12 30383 41
3 7 6347 137
18 19 39350 74
3 2 6244 52
6 20 4235 104
13 18 20292 421
19 12 10776 42
18 1 33831 829
15 6 11260 63
19 10 43906 561
2 14 12716 119
15 4 88022 57
13 3 139268 105
3 17 52884 1043
11 10 63614 147
5 8 30590 134
5 6 29288 95
8 19 13427 1400
12 4 12331 540
16 18 40847 47
10 4 21152 159
7 4 59346 1344
10 2 3234 199
13 17 63822 158
5 9 8588 182
6 15 11016 286
8 12 35712 217
12 18 75890 258
15 18 25929 298
10 14 23976 26
14 20 36942 276
13 15 20260 278
7 17 42414 128
8 3 102807 414
18 16 42727 793
20 19 17050 172
17 12 31622 456
1 15 209206 91
14 5 17515 255
16 7 13067 266
6 10 23624 56
7 18 31868 79
9 3 12563 49
7 11 181288 287
2 15 26607 103
15 20 21807 308
8 6 107608 69
13 2 20017 123
4 551
13 42
8 84
18 190
6 133
2 261

10782109
