20 99 3 3
1 2 27273 81
1 15 18497 14
1 20 11219 1098
1 13 162540 318
1 11 1773 189
1 14 10729 151
1 17 9252 1092
1 8 23257 653
1 10 102189 154
1 19 44638 269
1 16 54867 99
1 3 3667 53
1 6 8976 165
1 7 15869 249
1 5 11766 180
1 4 46175 372
1 9 24688 95
1 18 8937 111
1 12 7497 130
3 18 19723 38
15 12 40442 347
14 13 7320 365
8 14 15568 163
12 6 53673 766
9 19 5575 124
4 13 29946 93
13 12 26379 170
12 17 6750 283
12 3 15515 434
20 9 17622 55
6 12 10629 1377
4 14 23092 43
8 5 39802 50
15 17 47835 133
13 9 32114 207
18 2 12725 118
3 15 5549 248
6 13 148292 144
3 16 31321 44
15 7 38505 57
15 16 79973 369
2 1 64174 232
13 1 18975 53
5 18 47762 109
15 11 14429 255
8 20 17044 781
14 16 37656 208
14 4 4632 55
16 12 71524 280
16 5 16400 280
3 20 35941 270
18 14 32011 38
4 16 33211 184
17 14 25178 349
17 10 51616 153
4 6 3999 52
3 12 3899 89
13 16 16237 766
9 4 18204 142
8 3 27494 167
8 11 7940 599
7 11 24638 47
19 6 9399 144
19 12 28024 516
20 4 8549 80
10 9 18515 209
4 10 29104 30
2 12 7410 32
14 3 89616 177
18 9 51183 601
14 8 52215 143
18 8 4172 43
2 4 6359 128
2 17 35732 221
20 7 42325 240
17 6 4925 73
11 3 33658 57
15 13 43501 29
7 12 74022 210
14 5 13411 119
18 19 17335 553
20 8 11433 18
17 19 9822 80
19 5 44363 393
19 3 11838 79
18 4 188694 15
20 18 88990 128
20 19 13863 701
2 5 41370 102
16 6 27360 391
7 1 143832 29
3 11 19214 18
8 18 100047 151
9 15 44234 960
12 15 33689 223
13 17 26745 35
5 7 10265 44
5 20 15556 548
19 7 27707 285
1 304
20 24
18 12
12 49
16 117
6 51

4836591
