20 99 3 3
2 10 47925 28
2 5 23765 519
2 7 78146 45
2 14 61612 42
2 11 20335 52
2 15 12310 154
2 6 9033 294
2 3 14004 575
2 17 34449 303
2 4 67863 13
2 16 47251 3659
2 12 12502 1109
2 18 36216 158
2 13 22658 365
2 1 41654 56
2 8 10246 453
2 9 16391 44
2 19 8415 257
2 20 25165 383
15 4 14402 188
3 4 6274 267
8 4 90396 99
8 5 4527 46
10 4 10888 233
11 8 20940 54
4 18 3512 135
19 11 22965 198
17 12 37070 254
4 11 17879 256
16 15 41404 40
1 2 72312 294
6 5 8045 162
13 15 25471 685
3 5 21912 432
13 8 80437 1243
5 2 59860 212
12 10 64249 225
4 8 12193 328
13 20 4594 597
16 12 5580 41
3 15 8112 273
7 2 20896 150
15 10 14159 341
8 7 17400 67
6 17 35113 205
18 17 13568 75
7 16 171476 160
18 6 23748 57
12 19 16432 123
11 20 56825 175
13 17 66085 132
9 17 356762 543
5 17 9200 16
16 14 14927 79
6 8 19618 309
14 2 104547 684
6 7 32854 53
8 17 23908 379
9 3 20802 49
7 19 18024 317
14 12 98100 859
17 11 14728 101
9 7 13052 15
17 10 18914 144
9 13 77298 161
7 12 18676 124
17 18 62155 418
7 5 11933 34
9 14 20305 153
15 16 9184 502
13 2 68288 152
3 7 7640 479
18 4 4182 387
19 7 11271 183
8 15 12033 136
18 13 73055 218
16 18 74670 42
3 17 126474 238
20 3 76009 98
13 9 9985 509
12 2 22032 184
11 17 52320 303
7 11 49774 110
5 3 47073 593
8 12 22321 113
12 1 66885 112
10 18 77822 69
10 20 8553 27
15 7 30385 347
8 1 63591 290
20 17 312285 314
16 9 13707 1203
13 1 16663 514
10 2 26826 140
18 20 236982 415
5 11 13663 116
18 11 10745 25
15 12 16039 142
12 15 7997 135
2 95
13 49
8 42
17 15
12 32
11 31

1178439
