20 99 3 3
19 7 40397 103
19 1 103236 225
19 10 22900 135
19 15 8696 27
19 8 11625 331
19 2 34231 80
19 17 33250 12
19 16 18204 172
19 20 54283 72
19 4 265866 197
19 18 3010 154
19 3 7366 252
19 13 262944 28
19 11 5663 194
19 12 5829 47
19 14 16456 196
19 6 130992 157
19 5 25251 86
19 9 93041 72
1 18 10702 129
20 8 4947 184
14 15 9645 105
9 15 21764 50
11 17 39776 759
17 18 68170 34
9 17 6924 111
13 17 67686 199
14 4 79389 5
5 14 7913 29
14 18 16375 1641
16 11 14891 334
17 14 11968 44
11 8 22876 129
17 4 17256 255
15 10 13657 535
7 20 60419 119
8 20 75871 191
18 10 10705 44
9 12 14360 392
7 2 12551 357
2 5 8514 120
7 1 1770 90
14 20 25265 180
1 2 31292 398
6 15 26211 125
10 15 17691 285
5 1 36252 21
16 20 66786 368
7 6 30522 199
20 12 19752 223
10 7 59048 165
2 6 12585 391
7 11 20337 123
1 4 124819 113
8 4 17183 78
10 8 30953 612
16 10 16044 31
11 13 245400 311
20 10 3693 243
14 12 13415 509
16 15 47353 111
18 3 76828 272
5 12 2428 213
17 20 16538 113
5 17 55213 892
1 20 21674 250
10 1 87488 363
2 19 3383 490
2 14 5255 133
10 20 6608 149
16 1 8046 140
1 19 8986 87
14 2 34561 22
18 15 34389 28
15 3 37579 289
6 9 6286 292
1 13 20935 710
17 16 84983 35
8 2 56146 1023
8 9 9827 93
4 17 34731 69
11 12 28933 115
7 10 40501 80
20 19 12594 1032
12 16 29505 150
16 8 67913 80
9 13 41615 67
18 11 13383 99
2 9 29304 105
7 17 19144 880
3 9 39391 1270
9 10 79430 164
10 18 16190 268
18 14 32170 35
15 20 132172 378
5 2 61905 13
3 10 17151 246
3 2 40335 462
12 2 13990 63
19 133
7 56
16 18
20 61
10 30
2 27

2122461
