20 99 3 3
5 7 22782 49
5 6 13062 317
5 9 19307 259
5 13 29858 559
5 18 68575 151
5 14 11818 293
5 2 16109 251
5 20 38301 39
5 15 9346 547
5 1 74657 52
5 11 32938 227
5 12 24710 144
5 8 11796 102
5 4 19176 499
5 10 172213 162
5 16 42646 15
5 3 103390 258
5 17 20895 155
5 19 18242 472
13 16 74070 246
1 10 8151 318
7 18 117533 16
17 18 26329 59
6 4 3857 34
1 11 20722 91
19 5 19856 49
7 4 10360 157
18 1 14136 53
8 4 55583 61
7 13 80333 356
6 2 7875 606
17 12 22293 236
12 5 7353 30
12 9 29165 76
19 2 7233 20
15 12 23617 126
11 8 39744 180
18 8 127128 174
13 18 10044 56
7 14 161250 69
6 11 14032 97
1 5 12478 75
11 16 22528 195
17 19 8154 113
7 6 96085 61
9 5 35965 117
6 12 38103 223
10 12 67324 122
1 2 6135 64
14 6 30437 67
17 10 31537 234
18 11 37707 39
2 15 48367 131
14 4 8910 208
9 11 22584 188
17 14 14875 346
3 7 31904 112
3 8 6530 230
18 9 9246 47
2 1 12165 134
6 10 41830 116
13 7 48404 43
9 12 9627 350
2 13 22665 92
3 9 1931 257
2 6 24023 19
4 19 19488 17
14 19 6127 128
20 7 16268 111
10 3 41733 161
9 8 25601 121
8 6 24216 87
9 2 10701 94
15 17 3645 17
10 17 37531 572
16 11 9813 171
11 12 25407 434
12 7 10769 148
11 10 4530 196
7 11 6047 207
15 19 26315 195
20 3 106206 171
16 9 9283 159
14 18 26055 310
2 17 4975 90
16 5 705 302
1 19 116097 742
12 17 2323 109
14 16 2699 15
20 11 5737 1073
8 1 9548 178
7 15 25655 201
14 17 39181 35
6 17 5519 92
7 16 70739 195
10 7 10634 27
20 13 160099 272
14 12 83609 316
3 6 7211 144
5 209
7 384
14 63
12 240
11 74
17 206

12487470
