20 99 3 3
10 12 34316 200
10 18 105988 278
10 6 11455 282
10 5 11565 385
10 8 102768 50
10 7 78617 104
10 15 6248 114
10 4 16304 35
10 13 21439 55
10 3 12660 116
10 11 9110 283
10 17 31216 65
10 2 17136 650
10 9 45229 263
10 14 11064 276
10 19 28034 282
10 1 56302 166
10 20 63682 95
10 16 10891 93
14 2 75452 436
19 1 17251 68
12 18 91695 595
4 15 20608 111
9 1 24979 165
14 1 13931 416
18 11 101853 437
11 4 5816 140
8 1 16855 71
16 9 5339 20
8 11 43669 89
5 6 12814 61
13 10 22120 671
9 7 238098 127
6 3 25176 245
2 13 8721 99
4 12 2986 81
16 15 17435 51
16 3 10703 196
11 12 63914 1168
20 13 17726 89
18 13 25724 407
4 8 3601 299
2 8 3340 122
9 5 47432 252
18 14 86655 207
16 4 8061 48
7 13 60748 333
13 2 80410 719
13 3 34659 78
18 12 46376 27
9 14 31038 277
6 9 50798 170
9 2 6350 184
14 13 5367 25
5 13 4200 292
1 10 27096 297
12 2 33610 226
1 11 27239 62
5 16 2882 226
17 9 7816 258
8 3 7136 851
5 14 21934 110
11 20 138627 70
19 3 21244 130
4 16 35919 1025
20 7 19892 32
15 4 266 85
6 18 27923 433
13 19 97236 365
19 4 66896 146
8 4 139366 161
11 19 12454 66
13 9 23021 570
14 11 31778 209
2 7 72301 53
2 5 7450 61
4 7 11740 76
17 15 56011 98
8 18 22618 85
16 8 39999 363
19 5 15453 111
16 17 10285 72
1 13 21837 56
18 1 40177 408
1 19 279168 80
13 15 4815 67
3 1 153994 312
16 2 59572 98
1 9 91813 1488
14 10 13870 340
16 5 14335 62
15 16 29053 14
19 14 135566 903
18 15 12105 309
5 19 46364 593
2 18 90411 208
9 6 33093 67
9 3 33822 376
8 12 9071 109
10 57
16 136
9 56
13 85
3 58
1 71

3825182
