20 99 3 3
5 14 73784 882
5 3 105080 184
5 11 24168 336
5 17 36534 138
5 15 22255 2847
5 4 15302 248
5 2 41541 270
5 1 43421 23
5 16 57889 265
5 9 59259 528
5 19 29850 203
5 18 55624 370
5 8 21886 341
5 10 9412 183
5 13 26187 110
5 12 38312 1123
5 6 31992 141
5 7 48359 1811
5 20 16443 29
19 2 66230 95
4 17 61013 260
16 18 14343 111
3 5 18677 193
1 7 5670 84
3 12 10708 160
7 14 27644 149
1 6 67124 755
1 13 10847 390
19 14 9890 876
20 9 22899 348
9 3 11167 2303
12 10 13268 77
13 6 78453 701
10 9 21136 52
4 15 49594 124
10 11 4769 420
20 7 32206 36
16 15 113923 199
8 15 15885 16
13 8 32464 25
15 12 1833 1298
4 7 18897 308
17 2 37077 230
19 13 5874 125
8 10 64482 229
16 4 6275 440
14 5 93680 119
20 13 1218 227
9 4 10736 63
12 2 15963 232
4 20 20498 129
14 11 98071 66
16 3 5868 201
14 6 78252 303
12 11 12025 291
1 20 6062 64
10 14 48985 67
17 6 16391 107
14 2 16077 124
9 18 10500 585
13 7 15318 113
15 17 35978 320
17 3 5054 35
2 18 44059 74
20 19 6494 68
7 1 18067 412
16 17 9187 653
11 17 6556 341
11 16 20049 39
6 8 22556 121
14 7 19908 146
8 19 1777 36
4 18 10469 295
11 19 55871 109
6 18 11944 30
2 20 9738 39
8 14 14888 155
6 9 54588 354
6 11 21301 967
4 6 13891 195
19 6 9376 441
16 8 7794 306
16 13 13619 228
12 18 20430 51
3 11 5548 297
14 17 6550 193
14 13 35150 382
18 2 63576 209
16 20 154388 291
1 4 37125 66
10 17 60413 49
3 13 32115 87
20 18 52231 281
16 1 26834 414
6 19 20183 68
14 15 25355 215
19 17 78504 327
4 11 61767 343
17 15 53595 66
5 57
16 396
14 464
18 178
17 410
13 63

7266691
