20 99 3 3
16 11 47851 397
16 17 20298 368
16 4 27101 2564
16 2 19533 364
16 19 10112 154
16 13 58040 120
16 6 44388 102
16 18 62495 170
16 5 23336 39
16 20 83627 121
16 8 25428 58
16 15 14363 49
16 9 23173 150
16 10 3080 185
16 1 70158 113
16 14 38115 306
16 3 18019 548
16 12 50607 112
16 7 47567 1235
15 14 56653 368
4 11 12500 467
9 8 9347 781
12 1 36282 59
14 5 94821 187
2 11 126779 22
20 3 22125 202
4 19 34396 252
15 5 93272 401
20 6 4428 83
14 12 40954 176
5 1 4286 134
20 16 69524 196
14 15 39695 339
1 18 87243 106
5 7 30058 38
1 19 42055 191
20 8 49668 347
17 12 196343 211
7 9 26120 154
9 19 49778 36
4 20 21533 1424
13 6 8276 149
12 18 4381 124
10 16 3505 359
7 14 11327 569
10 9 3456 243
8 18 10038 31
1 5 10158 98
11 7 23771 778
11 9 1844 286
10 17 12924 654
18 17 22300 128
1 20 1686 207
20 13 24054 45
10 20 131645 95
7 3 16333 324
12 14 101924 577
12 4 118586 95
13 9 23364 2396
20 15 48746 267
12 13 8984 371
4 18 20904 387
2 14 10923 273
4 8 33651 15
18 20 73642 136
2 6 20150 418
10 1 19273 300
1 9 13656 588
1 13 115779 108
2 18 16567 174
20 17 41002 34
17 18 32625 132
15 12 14735 91
20 7 45619 126
18 6 26036 171
11 4 93001 100
13 18 9997 68
3 12 39224 309
11 16 32618 230
1 12 15699 7
10 19 32043 188
6 13 11247 86
14 19 9542 23
11 12 22794 463
4 5 53597 123
10 3 55361 272
19 4 17783 353
2 1 16282 283
9 14 18254 80
15 10 5434 192
20 5 6917 86
15 11 27182 331
8 17 45939 203
8 2 90848 90
10 18 4792 204
18 9 37779 110
17 20 15168 26
18 8 67091 139
14 16 116603 113
16 114
20 45
10 32
18 10
12 79
9 52

3098109
