20 99 3 3
10 6 22498 139
10 7 105028 198
10 14 35816 1755
10 4 25350 49
10 8 3659 220
10 20 58835 79
10 11 2723 17
10 13 20178 61
10 5 12550 230
10 3 70705 68
10 19 13582 65
10 16 5040 69
10 9 9848 117
10 2 96131 38
10 12 30739 53
10 17 11291 112
10 1 14358 391
10 18 8624 124
10 15 4568 32
15 9 160934 452
2 7 82124 316
2 19 9627 217
13 18 119659 45
9 1 8053 206
6 18 10193 115
2 3 21783 375
12 10 153486 1488
7 13 33818 27
14 15 79847 160
2 15 6956 21
2 13 13351 43
3 15 8208 1450
18 20 72972 38
8 7 19560 50
1 12 40025 114
18 10 19000 80
7 11 30597 407
8 18 35933 56
14 8 16054 384
5 16 23617 155
19 17 14070 118
11 8 81697 85
18 16 14420 41
15 17 59695 23
3 20 4239 439
5 17 12918 41
20 5 45576 220
18 7 6678 138
12 13 23570 65
13 1 10846 602
8 17 3533 390
16 3 9211 183
5 10 16438 316
3 9 80001 78
20 18 194975 54
6 11 111432 214
5 1 9484 29
14 13 26858 246
12 18 21008 223
14 3 18170 108
15 1 3371 102
18 14 23311 199
14 17 18350 463
8 10 42918 557
14 2 199586 74
18 3 5889 305
15 20 14467 76
5 15 19089 175
2 5 13045 267
13 2 37925 121
7 16 4819 123
8 16 12756 43
2 14 9133 449
2 11 85699 823
8 19 10261 45
4 15 32682 297
11 18 25200 99
4 6 67031 13
20 3 64017 132
1 9 4690 144
20 8 14412 217
18 12 59450 270
17 8 27361 111
16 5 50875 275
1 8 19192 506
8 2 30643 72
16 6 234783 387
17 1 96478 144
19 18 65489 150
1 6 20973 160
15 18 100044 48
6 4 12432 72
11 12 14970 171
18 19 11031 40
3 19 7635 68
9 19 79761 664
11 9 84528 851
14 9 43951 199
6 12 34593 66
10 304
18 40
2 40
19 77
17 37
15 23

1164395
