20 99 3 3
9 10 26917 107
9 4 19015 77
9 6 13121 97
9 16 10316 174
9 1 38502 286
9 8 55223 106
9 17 5519 74
9 2 1750 89
9 18 9030 35
9 7 13318 2584
9 14 78888 258
9 15 19958 91
9 20 23081 161
9 13 14016 121
9 12 11513 290
9 5 32191 673
9 19 27535 202
9 11 7305 138
9 3 17061 86
7 2 12949 190
8 2 48592 102
18 17 167799 160
17 9 8398 48
5 6 20859 217
10 8 34868 1936
7 5 17208 75
7 20 21706 101
8 7 104869 68
19 18 14137 210
13 2 11450 100
6 2 7730 119
3 17 64392 113
5 2 18770 81
2 18 9903 65
11 12 40429 558
6 11 9689 105
14 7 7233 117
16 11 15829 28
4 7 41824 195
15 18 11528 340
13 5 4268 367
4 13 23605 69
19 8 37766 52
7 18 7307 9
14 17 83931 171
19 16 17186 428
15 9 7442 84
18 20 7552 174
20 15 26764 122
7 11 61685 125
2 5 30999 171
17 1 34050 204
17 3 12171 134
7 17 32947 18
10 14 49723 51
1 2 28475 1361
10 3 24365 73
18 3 20417 95
8 1 38060 72
8 12 18629 315
2 9 30608 89
19 7 9319 77
20 12 4330 127
14 3 17382 431
18 14 12708 89
14 1 23525 109
6 1 58364 855
10 5 141847 115
6 20 4209 465
10 7 32090 26
5 7 59255 70
6 7 67024 602
20 3 25510 220
15 5 20380 502
8 9 76712 78
12 5 150065 590
4 16 32372 115
10 19 9025 145
4 12 18454 352
13 9 92381 16
2 6 149950 188
13 10 10414 59
20 7 30333 176
19 13 112607 1265
11 19 11834 92
15 13 13691 87
17 11 178096 24
7 15 8452 491
6 15 19755 286
20 10 19013 110
8 17 8454 57
5 18 58055 192
15 12 6307 52
13 19 1558 119
19 17 7228 57
6 13 28873 180
3 7 68556 87
5 1 128388 65
2 8 28698 41
9 285
7 42
6 56
17 53
5 33
2 276

4004096
