20 99 3 3
5 18 24431 363
5 16 10893 294
5 17 29556 142
5 14 12394 320
5 9 125268 208
5 20 87268 215
5 10 42170 66
5 2 12471 128
5 3 51856 547
5 6 12296 98
5 15 33105 80
5 1 37096 234
5 8 8812 125
5 4 64664 136
5 12 12045 92
5 11 48671 121
5 7 15911 57
5 19 11349 128
5 13 62823 683
7 6 36155 399
10 3 14556 40
11 4 49330 490
18 16 8298 23
6 19 15187 142
18 8 12457 69
20 3 35473 216
16 1 19115 312
12 8 11704 166
12 18 17340 308
19 3 6473 10
14 13 66101 72
17 1 38977 331
4 11 43011 48
3 19 10016 107
12 5 16685 84
2 13 75013 76
6 7 4935 103
15 1 31475 103
9 8 32417 82
18 4 4812 86
20 19 16415 657
15 7 39759 468
14 19 55854 163
6 20 77911 99
18 14 33586 375
12 13 28980 71
6 5 2018 886
6 9 15418 162
13 4 29612 96
8 1 35246 1048
13 19 104264 127
12 14 140407 185
15 18 270562 158
13 1 2297 246
7 8 58635 94
15 20 22591 327
11 1 10383 214
2 14 26515 881
20 15 49907 200
17 12 9305 150
4 9 900 52
6 12 86565 32
16 19 45610 61
4 19 25007 693
1 11 105225 1249
19 8 11309 1267
3 6 155786 197
13 14 129513 106
10 18 12659 55
15 5 33502 155
19 13 24127 51
17 7 80607 39
13 5 60022 64
15 16 31585 121
17 3 61352 478
7 12 12635 193
15 6 7672 453
1 17 24570 215
6 8 17946 98
18 15 5656 297
6 2 4616 153
13 2 33460 508
2 12 11235 263
14 16 114367 470
8 6 75205 138
14 8 38238 14
8 3 92541 99
12 3 3609 420
8 15 61133 243
6 4 5851 396
16 7 29094 94
4 1 11814 47
10 4 9277 835
14 18 13425 106
14 15 47936 122
18 3 26480 137
20 8 86639 473
8 2 16195 351
4 16 34522 225
5 114
6 45
15 21
8 32
19 17
3 61

1429811
