20 99 3 3
4 15 33687 262
4 14 19793 115
4 3 11138 526
4 11 10349 266
4 12 15305 84
4 16 54049 213
4 2 58972 756
4 18 35589 571
4 13 29700 442
4 19 63690 81
4 5 9654 166
4 9 18665 97
4 1 73637 235
4 20 15291 220
4 7 6729 80
4 17 95261 1421
4 6 36828 139
4 8 4767 227
4 10 43066 119
19 10 16120 81
3 5 7628 169
2 19 11864 104
15 17 7267 203
16 5 5410 136
10 1 14614 62
18 9 30150 455
16 3 2497 344
11 7 10764 51
8 6 61118 63
7 11 7249 573
15 18 72426 355
3 6 12085 21
5 13 26349 629
17 19 37736 97
8 15 54938 197
1 5 43563 226
2 3 17319 45
16 1 48154 266
20 1 68604 94
7 5 71434 408
1 17 17465 41
15 13 5316 145
13 4 125356 118
19 20 18530 20
5 15 19656 147
19 13 39556 922
14 12 10987 445
16 6 19630 271
20 18 235116 137
2 1 3158 296
16 12 16219 123
8 2 6361 70
8 9 7141 104
13 5 5070 273
17 1 14925 112
18 3 41408 323
7 17 2283 346
9 20 62921 49
2 17 20144 204
5 19 36423 279
7 14 16692 133
15 16 9721 95
5 1 31629 208
20 5 16561 41
1 13 8157 436
12 15 16541 62
6 12 19048 80
6 9 24608 246
19 15 11735 225
14 4 2417 24
13 20 45117 214
20 8 21062 408
16 9 28570 183
12 10 6849 77
12 3 4670 228
16 18 176489 803
13 19 71703 206
2 5 17356 895
1 8 30831 167
9 8 108764 80
16 20 26020 77
14 10 26322 338
11 8 36805 314
17 14 27685 77
9 3 14833 373
9 5 73224 420
10 14 8588 85
9 6 53636 103
12 4 22015 296
8 3 5236 519
18 11 16929 1255
20 10 29624 184
15 4 36802 573
5 18 41866 354
15 19 49536 304
6 18 90207 19
1 2 26687 79
20 6 28819 73
2 8 18474 184
4 76
16 72
20 24
5 19
3 58
1 17

511698
