20 99 3 3
12 15 12951 98
12 19 29405 232
12 17 25354 441
12 3 11578 162
12 6 85478 364
12 16 56514 221
12 20 37811 169
12 2 20962 184
12 1 41850 886
12 4 86137 118
12 7 23914 154
12 11 17200 77
12 14 9633 118
12 10 38469 94
12 8 7352 42
12 18 14979 246
12 9 10351 219
12 13 79729 2025
12 5 31805 76
18 10 51665 145
16 14 35692 1230
11 4 6091 106
18 1 19108 75
15 2 28915 959
20 19 67976 52
16 8 87204 131
6 15 36718 53
11 8 36918 592
8 4 20948 186
15 19 18362 45
6 13 32185 152
4 1 12790 112
16 18 22319 336
20 6 17522 169
19 20 22488 78
6 5 20067 110
18 3 13778 351
4 2 43318 54
16 1 69356 49
10 12 154684 676
18 6 24415 41
5 18 3533 636
18 11 24275 402
19 3 35719 210
5 12 7200 96
19 12 35445 278
15 17 48146 229
10 8 117157 26
15 16 8856 392
20 4 149876 311
8 18 11976 254
18 5 7386 461
11 3 7656 56
17 11 12158 655
18 12 16707 161
19 9 44073 589
17 9 12647 891
7 3 98590 125
19 2 5420 171
17 2 31109 133
13 2 92766 104
18 20 24277 19
3 19 60194 58
11 2 5465 144
11 20 10884 43
1 18 4978 60
14 7 18359 59
10 13 57377 189
17 1 72787 74
15 9 7981 38
4 16 68985 252
3 16 21484 81
16 9 6035 94
4 5 65830 316
17 15 12295 1113
1 13 103652 231
7 2 25112 162
7 14 16212 184
19 18 19435 312
8 11 26610 631
2 13 9225 78
3 13 16081 220
2 3 23042 114
15 7 117421 78
16 11 7287 134
16 5 17958 278
17 10 6678 689
1 19 1906 50
10 15 10919 497
20 11 4679 498
20 14 8792 669
18 13 70208 110
14 19 41458 37
6 16 21745 74
6 18 37443 32
20 12 48254 25
14 2 7640 66
7 8 57711 18
5 6 18150 171
12 171
18 27
16 35
2 53
13 42
19 96

4466473
