20 99 3 3
16 18 30306 51
16 4 22980 235
16 10 2763 303
16 8 29982 37
16 19 17754 205
16 13 17171 117
16 20 12973 138
16 12 6679 56
16 15 3930 175
16 11 10237 51
16 17 128376 843
16 7 8491 88
16 5 11503 178
16 6 38513 45
16 3 126966 80
16 9 16675 833
16 1 13853 271
16 14 24774 188
16 2 26031 225
10 20 14699 143
1 11 144959 307
10 5 21115 257
4 20 30977 134
15 4 5546 111
13 5 89768 682
4 5 8666 72
6 8 10273 212
1 5 3843 255
8 20 26226 187
1 13 4575 315
14 10 36232 135
9 4 15584 46
20 11 26704 103
7 6 10861 13
20 13 30953 194
18 3 30528 301
20 3 10244 831
19 1 7816 2042
6 5 25350 87
12 15 59335 408
11 17 26525 270
1 14 62244 74
4 17 20536 192
11 14 74846 121
7 2 36095 88
12 7 29761 56
5 3 49917 315
14 2 8164 660
7 13 48987 348
4 16 12508 180
7 19 17113 1307
14 13 15268 1641
14 5 11450 28
2 14 26814 67
10 7 22026 122
6 10 30751 413
10 16 48218 247
11 3 12276 262
17 10 31080 161
4 9 15205 47
12 10 20112 214
5 8 20999 45
4 14 1818 150
4 2 11976 431
15 3 6348 411
19 17 9559 186
14 1 67142 116
13 19 16832 125
12 8 12219 229
13 17 45490 859
2 10 23048 71
3 7 11347 799
14 8 45855 135
19 11 5835 452
11 1 8170 675
11 4 82197 126
14 17 34808 68
19 15 16254 184
3 20 19750 1392
12 14 6824 53
15 10 6771 51
1 19 47630 435
20 2 26714 34
15 6 29323 264
12 4 2182 331
15 11 22175 82
9 7 16773 1157
19 14 2324 99
12 5 16176 116
13 20 52505 132
3 11 10673 172
17 8 17420 46
17 1 22769 896
12 19 108682 131
13 7 6666 216
11 18 20809 276
18 1 8980 436
15 9 14929 162
20 4 10873 249
16 494
12 32
14 14
5 10
10 72
20 49

943093
