20 99 3 3
15 1 29068 137
15 3 39004 150
15 20 8609 288
15 2 92151 98
15 12 56256 75
15 8 4123 524
15 14 18896 149
15 17 16620 122
15 4 123191 36
15 16 8802 80
15 18 2881 64
15 9 19033 154
15 19 22908 1610
15 10 18222 34
15 13 4014 394
15 5 31775 666
15 11 11224 316
15 7 86028 498
15 6 7062 198
3 17 55870 19
5 20 13287 156
7 11 628 66
2 6 21005 122
3 10 36136 357
11 16 12632 183
4 2 7889 125
18 2 8654 167
11 13 130956 291
13 18 32181 64
4 14 142142 611
11 9 27339 14
11 19 15986 224
6 18 24920 48
14 12 17146 1115
14 6 82592 121
5 3 15347 205
17 19 133693 202
19 11 22505 222
2 3 4985 72
16 18 14267 75
4 13 47726 267
10 4 35573 129
5 12 4931 218
2 10 14547 327
13 2 45751 468
19 15 12614 709
3 13 72281 215
4 15 7886 427
11 12 17395 229
1 6 27205 49
14 19 80107 56
7 12 24698 306
9 16 52523 74
10 6 6668 213
18 14 48954 63
12 20 22932 17
7 20 29562 133
14 1 8710 115
12 10 38034 189
9 13 24552 352
2 15 2304 79
2 12 11042 38
18 17 15674 109
3 2 16569 48
10 9 50072 277
16 4 6422 176
3 5 7792 233
20 8 12633 87
9 15 25427 65
3 11 28861 55
6 19 8431 245
13 1 77426 485
16 7 8196 196
9 5 57627 43
9 18 26847 246
2 7 89348 477
1 16 8291 88
9 7 15181 162
10 19 2186 87
7 17 15244 64
16 17 6255 455
19 20 11727 48
16 9 3084 111
5 8 31034 2271
20 5 47832 158
17 2 15251 175
17 8 5803 342
18 13 22072 158
3 15 19193 50
11 4 21563 314
6 16 16932 280
4 5 4600 762
11 17 7804 163
2 17 26247 32
10 16 5478 130
6 11 15013 102
20 12 26650 406
10 1 160272 539
4 9 39695 136
15 190
11 77
3 49
17 33
12 165
19 109

5031141
