20 99 3 3
4 2 10346 148
4 20 129739 388
4 7 10369 53
4 10 85971 590
4 8 122803 49
4 18 87763 467
4 1 22831 135
4 19 2435 581
4 11 38935 346
4 5 12751 449
4 3 19285 219
4 15 37594 71
4 6 24589 30
4 13 3495 28
4 14 5762 404
4 12 78873 227
4 16 10546 157
4 17 13590 200
4 9 12637 25
10 15 49672 249
3 9 87478 41
10 14 38777 155
14 4 16560 115
9 19 7774 178
8 7 2002 114
11 6 17571 106
6 15 24336 1101
19 2 18477 204
18 6 38959 123
19 16 17727 95
17 18 3380 231
16 5 60822 162
14 12 35374 41
2 20 8402 59
2 15 24359 434
14 8 47816 463
15 8 152593 113
9 20 20566 702
8 3 49333 20
15 14 13481 36
16 2 2741 88
18 19 18081 105
12 8 21253 279
15 13 17129 537
12 4 25560 232
6 7 41944 97
17 8 5087 106
18 14 35121 21
17 20 25102 42
20 12 7556 203
9 14 10747 207
20 5 11203 29
14 17 21114 457
2 3 22686 244
8 4 23730 262
3 11 49226 124
19 15 8008 242
8 9 20925 299
16 1 70255 41
5 20 122603 49
1 4 60124 726
5 17 31170 172
7 11 4252 118
7 6 3287 2212
10 7 120065 85
12 3 52235 110
5 15 11064 227
7 14 10424 259
14 13 7346 144
5 12 25697 113
1 2 10107 2533
19 10 43954 79
2 17 25194 82
8 5 71550 303
1 20 26186 4
20 17 9493 202
11 13 37466 89
1 12 16029 20
14 5 10064 143
11 16 48776 38
8 16 14828 105
14 9 3598 29
15 18 108518 333
6 18 31870 109
18 3 40335 1731
2 16 84045 54
17 10 24229 156
17 2 21991 141
20 16 10167 186
19 5 53270 166
18 8 174405 294
10 5 19635 581
17 3 8741 294
8 18 39202 44
6 5 3694 187
15 17 56921 374
9 18 13892 90
16 18 57499 56
18 2 76455 138
4 247
14 119
8 35
5 110
18 17
20 66

2632975
