20 99 3 3
18 12 27772 144
18 6 17448 359
18 4 32070 251
18 20 2665 920
18 15 170444 41
18 11 65276 69
18 10 71642 188
18 8 43995 197
18 14 9285 41
18 3 18385 621
18 9 5764 600
18 1 16544 310
18 2 19633 147
18 5 2572 731
18 16 33138 1565
18 17 57128 228
18 7 10011 32
18 19 10135 242
18 13 134938 108
7 15 84201 818
15 13 8781 30
17 19 20610 819
11 14 92106 316
13 14 19911 602
12 9 21202 112
12 19 12669 18
12 10 57717 213
20 8 32542 127
1 14 6255 41
11 7 9649 37
4 14 21004 144
1 13 8397 97
16 9 12781 97
5 17 6257 124
16 12 41169 200
17 10 44397 535
2 4 9085 44
6 15 1833 69
20 18 9461 84
8 13 13812 109
15 6 24221 94
2 13 22172 300
16 14 19334 51
4 1 4236 50
15 7 39226 100
2 10 133388 98
6 5 2853 177
19 17 67775 220
4 15 54213 17
13 20 41105 1375
20 16 63659 152
4 12 7736 1201
5 14 9388 179
9 11 15638 212
20 9 81040 75
13 2 18882 202
17 11 10457 66
14 1 21013 449
14 8 9533 2133
13 5 35026 29
1 17 31334 311
1 2 19399 63
4 7 20435 327
6 18 50314 1511
7 19 9997 47
13 12 32838 115
17 3 113316 76
8 7 46989 214
14 16 5560 64
2 14 18158 28
9 14 39789 194
8 20 19120 37
14 4 49908 32
2 19 13437 28
10 4 17140 356
14 7 35014 137
17 18 111339 35
7 6 15988 183
19 18 48148 106
15 19 3881 468
7 2 15892 313
7 17 8284 80
13 10 23985 120
4 19 7642 321
19 10 59578 331
11 9 59855 89
7 13 61121 97
13 7 9138 78
3 14 19828 149
20 15 128394 275
3 18 13219 161
9 17 73377 75
3 6 75493 112
11 20 16411 81
20 3 11001 13
14 12 15693 90
7 5 6441 50
16 13 59213 68
10 20 38737 1442
18 133
13 42
7 49
14 53
19 35
17 31

1133250
