20 99 3 3
13 5 21240 254
13 20 26892 152
13 19 22970 232
13 15 31487 98
13 6 51752 41
13 17 31048 30
13 4 18676 341
13 18 19503 451
13 11 41485 25
13 16 9296 498
13 8 20950 50
13 1 70056 359
13 3 67071 77
13 7 88853 714
13 12 3679 43
13 9 26207 87
13 10 11920 103
13 2 30201 28
13 14 9512 394
18 14 58022 54
11 12 9143 340
18 16 20655 77
9 20 10099 139
16 1 25576 517
14 16 35525 78
5 10 18467 128
19 9 47567 188
17 9 12414 111
18 13 7578 296
4 6 18180 150
7 3 342954 274
12 18 27112 368
10 18 5296 474
3 19 17733 124
7 19 127297 258
10 17 32502 58
15 5 21696 448
4 7 24750 88
14 15 15105 25
10 1 22681 786
14 1 5534 244
18 2 37568 32
17 15 133230 267
18 11 130468 168
18 17 23356 118
4 12 34070 636
17 19 47563 234
3 1 40967 572
1 17 26485 67
17 18 22576 803
10 6 7324 243
6 4 31831 62
7 10 9288 16
2 5 18051 36
1 16 9505 403
15 1 21272 155
3 11 39155 69
20 17 13421 524
4 3 17930 126
16 7 7092 167
10 8 11368 216
5 1 4530 11
20 12 38203 466
10 14 5350 175
15 18 152949 149
8 20 18032 218
12 14 13008 138
18 15 6912 98
3 6 23561 140
7 1 98961 30
20 4 108276 48
3 12 86365 151
2 13 20591 430
11 10 14956 61
14 7 6246 236
3 16 16473 201
9 11 36701 132
5 13 18652 136
9 15 25913 559
7 18 17290 69
11 20 3966 208
6 3 27085 230
9 13 34788 119
14 4 12667 170
8 16 7514 325
8 15 7498 601
2 1 95875 1111
3 18 130015 28
7 12 39268 86
8 18 131007 175
6 9 24054 450
15 3 11820 321
12 13 37912 65
19 11 72887 85
6 5 51826 157
11 8 41224 286
12 5 64234 297
18 6 6445 35
15 10 6037 102
13 437
18 32
3 56
1 92
16 101
15 29

2523576
