20 99 3 3
20 7 31515 1201
20 4 31440 469
20 10 5402 138
20 16 63802 323
20 18 11556 46
20 9 27030 13
20 1 77326 274
20 11 10275 2072
20 19 28921 79
20 14 4107 102
20 6 19078 96
20 13 19288 134
20 5 35653 85
20 15 9847 694
20 2 118330 88
20 3 13733 265
20 8 5504 53
20 12 18086 11
20 17 7645 134
18 7 91290 616
4 8 32390 104
10 2 5003 371
14 6 14451 193
17 6 62871 29
5 20 20176 317
16 11 9870 98
13 16 179765 910
9 5 73364 141
10 16 118545 183
8 2 21718 119
15 7 7597 41
12 5 18999 394
16 9 53197 281
15 17 25005 149
3 13 31029 150
3 9 274876 9
6 5 40157 117
15 4 12832 263
19 8 42138 54
1 16 9573 233
1 19 26930 519
14 9 57897 177
10 15 3152 155
4 16 41476 182
15 18 54636 289
2 17 17905 167
1 4 60789 80
3 11 14054 321
11 14 27939 297
6 19 11154 132
9 18 22163 90
9 11 20443 211
2 3 13786 1250
1 12 137078 154
4 6 41735 128
10 8 24723 178
9 7 65710 388
5 3 9824 23
16 2 85142 58
8 11 13371 353
8 17 35406 36
19 1 57598 326
15 12 17880 67
19 16 25003 96
4 11 19629 47
6 2 15688 50
2 19 38786 167
1 17 101072 57
6 12 9409 128
15 1 12677 81
18 16 82542 68
13 20 226751 140
14 2 195278 74
7 1 43678 128
5 14 68587 327
17 18 53700 165
14 3 7759 515
8 16 18811 42
13 18 14943 410
14 4 45629 210
13 4 12314 553
14 15 10454 250
4 15 18990 76
15 6 57571 470
7 18 17078 235
10 11 18694 138
12 17 23472 118
4 10 47184 223
5 19 19474 227
11 13 157411 73
7 11 1334 266
6 17 19236 312
16 20 7741 43
10 5 1162 89
3 10 28803 68
18 14 45025 237
17 16 22273 61
1 20 76923 353
7 2 23392 1065
20 1178
15 56
14 24
16 573
11 50
17 76

29566903
