20 99 3 3
11 20 36661 738
11 9 7638 315
11 16 19174 179
11 17 50645 196
11 5 8272 237
11 7 34881 329
11 2 83028 194
11 14 51530 333
11 8 106609 124
11 1 12535 257
11 4 56797 263
11 13 103851 175
11 12 107849 300
11 18 36502 1936
11 19 5513 331
11 15 6258 45
11 3 10514 5753
11 10 79562 197
11 6 11849 159
13 7 69074 81
12 18 222008 50
12 16 33637 85
3 5 1268 55
4 16 36681 57
10 19 10045 109
6 11 212278 700
1 17 55928 103
20 5 12629 650
7 17 31081 112
10 20 21502 226
20 3 21261 315
3 16 16232 171
2 17 178252 76
2 11 26023 106
12 6 18305 105
8 2 177483 93
20 16 59491 718
6 17 22576 28
5 1 12003 131
3 2 27505 331
4 8 8345 151
3 17 7735 100
16 1 5571 150
14 9 15934 80
3 1 13059 44
6 18 6674 2356
15 9 215226 123
1 10 16153 345
2 1 95782 63
5 16 30783 187
2 13 6637 190
1 18 12449 459
19 14 13697 245
7 11 8531 278
8 19 51659 269
8 14 13462 210
20 18 476691 29
9 18 40257 67
15 3 61209 15
15 2 22144 284
12 17 8105 160
7 5 58284 548
2 8 41078 40
7 19 54795 79
7 8 31380 243
14 17 24302 125
9 6 15300 168
6 12 52672 175
6 14 5360 1078
4 12 11222 576
18 2 8304 121
18 16 17427 932
18 8 8808 127
18 13 84134 96
9 20 21567 87
14 4 16723 138
10 6 14116 250
18 7 28754 149
14 3 38288 163
7 16 8759 59
6 3 260631 809
4 2 32950 21
13 3 9805 291
7 2 12505 96
19 17 27735 1556
14 1 26272 98
2 18 11273 162
4 9 10424 112
1 12 56605 702
16 20 19526 49
15 13 15338 144
18 10 35286 229
18 15 88158 103
7 9 34418 71
1 5 21443 47
12 11 27722 180
16 13 8742 420
17 2 2082 68
20 4 21798 261
11 38
7 104
18 49
17 8
16 45
2 27

764355
