20 99 3 3
15 7 96518 138
15 6 2106 120
15 2 23793 832
15 19 22124 38
15 4 23273 146
15 9 15689 108
15 8 110153 113
15 3 40559 44
15 13 59302 22
15 14 104279 125
15 11 217609 305
15 16 21654 171
15 17 390204 215
15 20 3604 189
15 5 28876 157
15 10 19915 182
15 18 104044 206
15 1 7226 44
15 12 40122 129
14 18 11794 94
1 3 26886 409
18 3 36490 61
16 9 39040 199
18 6 74122 315
2 19 5365 100
16 19 15578 93
3 8 13727 234
12 17 21842 371
10 11 123302 204
6 4 17385 417
17 8 12926 572
20 18 1184 112
14 2 9656 128
11 13 7374 2621
16 1 47802 188
9 6 11175 97
13 18 129837 189
6 14 16467 380
10 14 7115 292
4 12 13013 30
8 3 32086 151
7 15 12021 345
5 12 15686 135
19 18 73511 181
12 3 42206 70
16 11 40776 58
9 3 116329 254
6 20 35599 127
18 19 109061 158
11 7 31240 318
10 9 16401 21
20 1 7052 728
11 15 19448 138
11 12 8194 105
9 18 4175 118
12 8 10432 157
19 11 12596 126
3 13 16423 65
6 18 195751 27
17 6 69627 249
13 4 14521 374
5 15 35349 66
7 17 6198 92
3 12 41772 49
19 14 15771 62
18 8 226084 127
4 2 15115 511
18 4 27835 1544
4 7 1505 768
8 20 2969 104
14 17 5575 321
9 12 33042 54
18 7 15355 273
9 15 92294 158
14 11 13002 506
2 11 23077 10
18 14 23227 39
19 6 33094 81
1 15 33325 552
2 8 30448 308
1 18 15374 124
14 5 15970 132
16 12 50110 61
8 16 23511 96
5 10 5653 218
18 17 17520 49
16 7 1952 28
20 16 20521 158
17 19 59820 156
9 16 4906 105
20 12 90491 113
17 16 48161 215
13 8 63069 435
18 5 107056 229
8 11 50735 136
3 2 69613 932
9 8 14495 14
20 17 30644 504
1 16 4433 149
15 285
18 72
9 42
12 115
8 135
11 60

10261508
