20 99 3 3
13 3 28374 57
13 11 3987 102
13 14 10503 205
13 4 5239 121
13 1 46357 504
13 15 174445 183
13 9 13843 99
13 8 7048 30
13 19 2753 707
13 2 11688 63
13 20 15318 85
13 17 45645 88
13 7 61511 84
13 12 39168 61
13 5 135619 377
13 16 8091 380
13 18 5153 67
13 6 5964 473
13 10 8707 138
7 10 20625 215
16 14 17802 121
12 3 44719 35
16 12 17261 754
9 12 31071 179
9 10 42855 504
14 13 22595 93
11 20 39694 139
11 12 11518 308
12 19 27588 584
18 6 23999 16
12 8 68622 248
20 5 76329 50
5 13 264940 34
8 18 14663 248
5 7 24154 402
16 3 22347 18
18 19 52467 118
9 18 16558 68
19 13 4657 440
12 14 14047 112
3 18 7908 198
1 12 58919 101
7 9 6874 112
11 17 4696 130
12 5 39369 54
16 5 22262 2009
14 3 29535 211
19 2 13937 480
19 10 231737 263
17 13 65388 79
20 14 27387 112
12 16 103613 209
8 5 11798 43
6 9 66499 102
18 13 5643 900
20 2 19156 54
8 15 5686 63
10 4 34569 152
17 11 11299 45
15 5 44466 144
3 20 45370 946
2 15 19174 90
15 18 20681 220
18 9 9935 29
10 12 4460 47
1 14 16402 90
5 14 12596 61
19 5 24314 37
11 9 77216 164
2 10 7110 615
3 10 71912 95
18 12 45821 53
14 6 16630 36
6 4 55007 19
17 16 96873 268
17 12 51757 506
1 10 131920 615
16 1 37377 34
19 3 22425 882
15 14 258668 202
17 15 7776 350
19 8 8676 115
20 17 34453 627
2 20 80511 264
8 2 15343 108
3 9 10080 73
9 2 21676 61
20 16 1116 231
1 8 143728 115
20 3 59624 261
5 8 23290 30
6 14 3057 493
11 19 11236 296
3 7 125437 187
5 18 27638 444
3 16 12735 134
11 4 34310 87
7 14 7852 293
9 5 20676 236
13 228
20 66
19 138
14 57
12 26
5 12

1082691
