20 99 3 3
10 20 19518 91
10 12 17885 85
10 14 7867 373
10 4 68996 326
10 8 6648 160
10 1 32509 61
10 5 11822 121
10 7 30302 297
10 6 61410 99
10 16 13978 38
10 2 56593 64
10 19 312185 123
10 15 49771 104
10 17 19876 1702
10 11 147843 952
10 3 30448 150
10 13 35327 36
10 18 20122 715
10 9 33171 55
9 15 16660 367
17 13 64942 376
7 13 5533 320
12 19 2685 238
3 17 24206 604
14 20 21728 324
18 4 2720 431
13 8 41036 133
20 6 36267 12
15 1 2873 201
1 7 6972 512
12 16 51384 387
4 17 7923 289
1 14 242612 35
2 15 16499 145
3 14 147606 28
12 10 210564 356
20 17 30037 1211
19 2 140746 789
13 1 18641 209
18 13 101523 86
5 19 51926 332
16 5 42329 270
5 15 3243 573
12 11 3935 194
15 13 49725 842
1 3 13471 337
8 13 6063 185
19 1 37239 252
17 20 9765 64
12 8 11405 29
15 10 12604 195
12 9 16090 200
16 20 130913 161
18 20 22221 253
20 13 27132 127
15 2 35431 100
8 2 18978 159
6 8 11231 101
17 8 32310 131
3 10 231063 396
11 8 57347 68
11 14 108975 758
17 11 26908 42
18 17 33164 161
15 9 7378 670
6 18 52089 67
7 19 8699 836
4 3 14713 81
9 2 9735 155
17 3 36399 155
15 8 12465 305
7 5 7567 393
1 13 13787 41
16 2 146851 167
9 16 18026 257
13 18 12802 30
11 6 10130 556
17 6 40587 495
9 7 29412 61
12 13 10257 26
20 19 52554 98
5 7 19664 103
6 7 33683 139
5 12 11319 62
9 18 32368 211
6 4 34589 245
1 10 14287 58
16 15 12827 67
16 19 62680 351
8 16 58502 246
7 6 72635 513
14 4 27704 30
13 16 32633 57
11 12 13627 128
3 5 32366 464
17 10 28839 215
9 12 12190 272
19 11 15856 812
17 15 73341 176
10 722
17 40
12 14
13 273
8 40
19 276

14809946
