20 99 3 3
17 16 2444 619
17 13 48465 109
17 5 13200 218
17 7 20463 198
17 1 6758 79
17 14 47165 123
17 2 3084 87
17 19 4474 196
17 15 33308 125
17 11 23872 580
17 18 30013 134
17 4 5466 12
17 20 49937 52
17 3 16856 39
17 8 36186 212
17 6 16543 45
17 9 1735 49
17 10 10354 58
17 12 188977 194
12 9 16167 355
3 7 20252 149
14 9 6937 206
5 11 8321 171
11 2 22390 46
2 15 4074 59
16 5 41600 6
10 9 66425 572
7 2 19052 205
3 10 16671 37
20 13 16146 134
7 8 43152 21
15 17 10847 137
8 16 52062 192
11 15 57687 47
7 5 16330 554
1 14 4972 53
1 17 61542 53
16 3 9672 218
1 20 12927 94
12 5 6794 164
11 16 25212 737
8 5 17042 72
18 8 15811 81
1 4 20098 56
7 10 73234 625
10 1 35889 353
7 4 13117 431
19 7 23745 221
11 19 8919 351
4 10 84018 88
13 3 16995 491
13 19 7682 765
3 5 25355 201
19 6 4891 301
2 13 35862 52
7 19 9983 203
16 20 102897 57
4 15 57736 139
7 18 18645 158
9 5 15553 473
20 5 36639 404
7 15 9499 57
5 15 10822 248
14 17 4300 285
18 12 83824 517
16 4 37873 153
16 13 17331 311
16 9 13243 77
1 9 190130 200
13 4 16052 84
19 11 43212 371
7 20 37243 36
4 5 17644 119
6 20 117034 627
4 12 6101 273
9 1 11240 121
13 15 58010 155
15 3 18822 48
11 5 17893 14
15 2 42553 20
19 17 20004 111
9 12 4183 214
12 17 200543 1411
7 3 1488 332
12 19 34412 54
1 11 21889 155
1 13 118839 42
4 11 22069 969
4 1 45901 311
10 16 27013 653
1 8 60445 198
3 6 95294 314
19 8 74974 196
5 2 24973 42
9 4 116417 12
3 14 16315 84
20 14 14824 743
10 13 13792 167
12 1 8438 157
17 399
7 40
1 160
5 77
15 218
13 22

5088438
