20 99 3 3
13 11 20204 84
13 2 14604 390
13 20 18797 14
13 6 13638 93
13 7 8326 525
13 15 23998 231
13 12 11988 113
13 19 121656 17
13 4 29889 231
13 16 21808 281
13 1 17836 82
13 17 47462 684
13 8 79196 220
13 3 2201 225
13 14 146968 5
13 5 1245 118
13 9 47769 86
13 18 8396 74
13 10 2595 157
1 6 3576 47
2 4 17745 81
11 8 7210 157
4 16 120738 896
18 8 17793 260
2 9 105096 502
4 20 104319 1117
8 7 50361 51
11 10 23186 114
1 20 50466 168
20 4 13258 97
12 5 19515 242
1 4 26079 282
6 8 23979 143
4 8 41397 163
19 12 45554 45
3 10 23471 28
2 14 22043 175
1 9 20010 356
5 10 16823 232
11 19 50640 95
11 7 9599 111
16 10 8420 8
3 19 9462 80
6 4 11233 71
12 7 9838 280
14 16 3483 36
11 5 161337 895
2 15 16900 37
9 2 2409 761
7 1 76924 174
8 4 83411 291
20 2 24069 103
1 19 55642 31
17 10 18659 1079
8 3 9161 98
12 20 5804 105
19 2 16202 467
16 2 49233 349
2 16 24284 54
16 3 17696 144
5 15 39722 76
5 7 23282 398
12 9 21720 196
19 7 28504 656
9 14 6739 77
20 10 6182 126
8 18 16836 78
12 14 13683 56
14 4 17707 288
6 3 56188 722
10 14 52490 109
3 12 27410 32
2 11 18961 457
7 5 3949 611
11 4 3428 72
7 15 94665 223
8 15 37792 235
2 6 18583 355
3 18 5129 216
5 1 7246 493
12 18 22501 150
10 7 22714 186
6 9 56614 182
15 11 9372 346
10 18 27432 456
15 19 10555 237
6 13 59474 59
9 8 16840 125
2 3 24975 166
12 4 16887 74
7 4 57365 60
1 13 33517 33
19 6 115604 535
8 20 15087 68
18 10 19755 121
11 15 13493 121
3 13 16197 148
14 19 16820 32
2 8 7381 197
13 209
2 27
12 28
4 22
10 144
8 53

1516091
