20 99 3 3
14 11 10361 43
14 5 12743 147
14 12 33677 59
14 20 9179 179
14 18 1691 30
14 17 9754 88
14 10 42477 71
14 19 6882 30
14 3 38403 251
14 13 62482 43
14 7 22121 33
14 4 34157 4013
14 2 17683 127
14 6 5033 264
14 1 5897 24
14 16 76744 303
14 15 81315 214
14 8 4848 110
14 9 27828 223
12 14 13157 1074
7 9 34751 236
15 3 55743 285
5 3 6762 409
2 1 17840 490
18 2 60336 88
5 16 31879 65
5 6 27187 150
15 20 23393 68
15 12 33193 178
16 2 5400 97
3 12 82171 390
1 4 8871 533
18 12 139613 520
2 13 15555 220
8 19 8443 91
11 16 5902 514
19 6 18495 50
6 14 28002 45
1 16 26073 183
2 14 190629 219
7 14 21935 252
20 12 56137 85
1 8 29409 260
10 3 10314 225
16 10 28067 110
11 2 119584 423
3 11 21347 417
12 4 4979 367
8 6 9561 84
15 9 44568 386
6 7 6174 214
11 14 2472 70
15 7 12039 95
2 3 19439 57
17 9 20371 82
2 9 9398 61
20 7 34307 382
3 8 35366 56
2 12 9774 159
15 5 12345 40
9 19 9586 137
18 3 13471 38
7 1 54105 169
16 20 42673 436
11 20 63894 162
2 17 34549 106
5 13 84195 59
11 13 40778 298
9 5 138916 61
19 18 8702 64
2 16 15335 242
18 15 79245 53
4 12 8034 152
17 6 24894 397
9 1 64437 382
13 18 20835 256
2 15 19903 104
16 14 18068 339
7 2 10920 16
8 17 16575 145
19 10 11270 59
17 11 162124 189
20 11 107583 1079
20 2 26507 432
15 2 12415 95
19 4 21147 417
6 18 21018 529
6 1 8399 341
11 5 44032 727
16 6 38200 124
9 8 15014 174
19 9 20520 364
7 6 15895 69
6 11 40234 200
16 5 17023 95
8 2 14404 55
11 17 7038 81
7 3 6499 413
1 10 163460 150
14 152
2 18
15 21
12 19
6 30
3 46

1087267
