20 99 3 3
1 17 6185 97
1 10 13007 57
1 4 181795 90
1 13 16568 710
1 14 8210 138
1 8 67378 58
1 6 14782 74
1 2 31268 1185
1 7 11036 323
1 3 42221 122
1 19 95266 309
1 20 17267 72
1 15 44512 439
1 11 18484 766
1 5 38151 416
1 12 44160 111
1 9 32547 383
1 18 41366 96
1 16 4574 123
19 1 9540 112
19 20 20117 109
3 12 48259 58
19 12 30496 308
6 14 16487 13
4 20 24591 37
7 8 52022 440
20 15 17181 119
2 11 42212 849
4 5 29802 167
19 4 28015 79
4 8 129618 232
12 19 11239 236
14 10 32123 287
16 8 23384 424
18 19 47395 106
7 5 143225 90
10 14 893 149
15 7 51081 91
19 16 6508 74
13 18 3876 73
7 16 14708 25
11 10 8324 83
11 6 5988 101
9 6 13020 63
19 5 10384 66
9 7 7991 128
18 17 2033 44
15 6 50740 164
11 13 19121 8
6 3 33399 18
6 19 26811 140
17 2 9291 102
4 14 21793 260
16 18 47015 201
2 16 7246 128
7 3 10221 94
18 13 3389 149
20 3 32431 67
15 4 15866 75
3 8 27628 79
14 11 39850 43
9 2 42126 38
10 9 82253 99
3 11 9929 45
20 16 15060 246
8 10 8680 75
10 11 47669 143
2 6 2353 14
14 1 23177 33
17 1 18108 174
20 13 51861 198
7 13 20569 50
15 5 35631 437
7 12 17081 56
13 8 28348 85
6 20 13113 40
10 3 79813 25
12 1 17150 32
7 18 14686 114
13 19 115158 262
7 1 52098 422
9 11 2888 68
20 5 7967 131
13 11 16536 156
11 5 71192 194
4 11 7774 198
7 4 30644 887
13 2 41816 184
16 4 33889 828
2 12 14729 145
12 18 69605 10
19 9 33757 271
4 12 11708 244
3 1 2068 160
18 4 11499 152
12 11 74018 152
4 13 5598 445
6 15 145644 130
15 3 12447 32
1 114
7 54
19 140
11 39
5 25
13 145

3616854
