20 99 3 3
4 2 14349 1055
4 12 24759 35
4 3 13714 179
4 7 27986 229
4 15 13075 114
4 14 43571 242
4 1 33835 790
4 6 137258 34
4 13 24425 77
4 20 31925 98
4 18 64685 147
4 16 68673 227
4 9 29665 559
4 8 19005 461
4 19 11629 252
4 5 28177 64
4 10 2039 73
4 17 15762 42
4 11 24910 335
13 18 12568 258
9 11 23950 45
17 3 3455 1194
8 7 64299 232
7 9 42054 39
19 18 10679 38
6 19 140032 590
6 2 35649 127
9 10 27738 47
3 1 48214 190
11 6 34356 51
5 12 14700 37
10 15 7326 9
17 19 3810 345
19 14 15534 55
8 13 32796 33
11 10 21301 501
12 5 24067 437
5 8 163827 263
15 16 16457 210
6 15 7367 60
8 2 21114 170
3 11 30956 514
17 12 53590 92
11 3 132868 117
19 3 70214 16
12 1 33785 529
11 7 7571 82
10 2 95129 188
19 17 23443 11
2 17 60298 346
15 2 181153 117
9 14 3837 33
10 16 9993 160
12 19 34420 37
5 6 44131 93
8 18 27308 87
5 14 14149 154
14 15 20610 69
9 8 9538 578
13 9 20215 640
6 5 3938 64
3 7 19404 411
3 19 46536 271
14 13 23496 525
11 16 71748 141
6 13 5662 108
18 13 7312 377
6 20 20523 113
1 9 4932 325
15 14 45415 659
5 9 32407 617
5 17 227521 272
7 19 46070 583
12 16 3623 479
2 16 28158 177
13 14 8127 369
19 1 193832 48
20 5 16622 20
16 10 18545 36
19 11 34522 609
20 3 5582 645
12 15 7653 847
17 9 2432 31
5 7 73736 218
18 4 121862 52
18 15 18860 151
8 20 41464 117
15 5 5309 80
17 18 8342 389
20 6 6585 346
10 9 67156 389
5 20 19407 40
15 18 19992 399
10 17 21634 1256
17 10 4941 393
10 11 41592 89
2 8 5823 242
7 17 9690 343
9 2 22352 213
4 171
5 96
19 78
9 135
18 60
17 16

5024601
