20 99 3 3
6 5 37138 201
6 16 73922 99
6 20 12841 344
6 1 446523 142
6 8 46004 396
6 4 18816 326
6 17 10355 254
6 3 23666 181
6 19 3813 225
6 12 35636 26
6 13 22287 44
6 18 27897 232
6 7 6661 1388
6 9 77315 26
6 15 73108 115
6 14 42238 119
6 11 13544 265
6 10 72621 262
6 2 1332 137
15 12 8101 32
1 14 100472 201
14 12 221282 30
20 12 61702 655
13 11 36057 59
20 18 62165 329
12 9 44188 30
17 10 33630 259
18 5 12537 1567
10 8 19017 154
16 5 6634 142
17 4 8142 66
3 15 17952 494
2 8 63681 876
14 2 9699 33
13 2 29604 38
19 20 21266 1013
4 20 41459 225
16 15 36407 127
2 12 36342 186
11 17 14049 80
14 19 52987 155
7 10 2410 72
4 6 20397 338
5 1 2367 107
13 5 10462 526
1 16 3152 87
16 14 3722 131
7 11 5824 279
17 7 9239 113
14 8 11960 71
4 15 13201 252
10 7 20908 71
10 9 14768 230
15 4 26157 29
16 10 19231 155
9 14 14407 322
3 19 103147 87
10 18 61538 410
3 11 38192 183
7 14 16733 138
3 14 37631 39
8 11 7377 23
17 18 12728 72
12 8 15715 158
1 7 17865 79
11 14 254764 61
2 16 12505 218
5 20 38074 222
9 5 23371 110
3 5 28543 55
2 5 14947 41
15 20 23338 31
2 13 13529 659
12 20 18601 113
4 3 15805 24
17 19 13118 113
18 4 29144 298
4 16 15948 69
20 9 9000 18
17 8 3205 49
5 7 2225 126
11 15 33692 29
4 5 32600 37
18 2 57480 83
11 5 90203 275
10 11 8545 95
4 18 91568 280
19 13 153984 152
9 13 13464 90
18 1 3861 113
2 7 9126 83
5 3 103256 1017
8 4 15672 447
15 11 219881 122
3 10 66551 244
12 5 56705 255
8 1 52841 128
7 3 105621 156
3 13 14657 230
6 133
4 28
3 280
5 122
14 94
11 20

4633544
