20 99 3 3
11 15 23436 64
11 12 69021 166
11 17 34513 93
11 20 30043 329
11 9 17978 445
11 2 27168 196
11 8 41159 131
11 10 10881 350
11 19 20332 79
11 3 13941 29
11 4 41298 403
11 1 81605 124
11 18 24207 101
11 13 9021 107
11 6 108357 368
11 5 39583 315
11 7 25855 44
11 14 46406 49
11 16 48995 36
17 8 27166 116
4 7 16214 112
6 3 7048 84
4 18 20600 89
10 7 3937 226
3 13 13894 239
16 18 5483 318
12 14 37371 110
6 16 15802 100
1 5 88168 74
13 2 67902 86
13 15 13595 359
10 15 914 51
9 11 96125 165
8 5 18990 61
17 10 180968 135
6 2 10758 45
12 13 25149 171
15 2 32422 161
15 14 19575 107
19 6 28612 205
4 20 44972 967
15 5 17191 25
14 16 11665 256
4 2 17214 60
1 14 41821 109
2 4 41079 105
15 19 22892 223
2 3 68277 20
18 14 51101 719
16 7 2661 38
19 12 19815 471
17 4 81322 58
19 11 53071 64
20 15 32234 52
12 9 48248 304
4 16 16376 107
19 13 7803 46
14 15 6223 355
6 11 1325 204
14 19 45121 121
15 6 4199 84
12 16 24910 41
3 14 37039 408
8 3 9968 452
15 8 44023 21
1 11 59648 250
1 9 9158 14
4 12 25509 32
12 3 47994 161
2 7 20559 267
15 18 125335 51
15 4 15858 41
5 1 7430 147
5 3 26892 93
5 7 62542 747
1 20 5252 110
3 18 9231 117
14 5 46671 740
4 15 54822 48
3 6 28332 72
5 6 29588 56
18 2 22696 401
5 8 11647 34
15 1 30272 412
13 18 30509 186
15 10 14010 129
1 2 82347 207
14 3 5209 81
18 1 6270 417
20 5 24018 406
13 4 25022 401
17 19 12535 760
7 20 39086 134
10 13 10314 36
2 11 12546 78
6 10 23810 366
7 15 85357 216
1 17 2107 6
14 8 19068 47
11 76
15 60
4 140
3 104
2 65
18 72

4074539
