20 99 3 3
10 5 5690 59
10 13 10314 80
10 18 55342 95
10 17 5492 242
10 2 2687 346
10 20 13349 564
10 3 77985 293
10 4 47517 78
10 8 14662 89
10 1 7916 108
10 12 73408 37
10 7 12392 863
10 6 28420 72
10 14 7189 99
10 11 18972 133
10 9 31761 451
10 19 3988 141
10 15 29680 1011
10 16 66758 36
19 7 119286 68
1 18 3077 128
13 2 12327 26
1 13 22946 91
18 16 27804 94
11 13 327251 106
14 16 16110 47
14 5 63386 29
5 11 32947 171
4 14 27163 69
5 12 7565 65
20 17 69100 302
14 12 8866 538
5 6 2311 251
19 2 76084 51
3 2 91085 60
6 7 11834 201
20 12 52377 168
4 15 30909 420
7 15 7823 1517
16 18 5565 30
8 4 25526 278
16 17 4131 90
6 3 314739 114
18 10 6985 495
20 3 19680 29
15 5 6502 878
16 13 10148 24
5 15 18026 210
16 11 41486 308
9 14 110887 226
9 17 110890 172
1 11 87225 424
2 1 12952 214
13 18 16479 122
2 17 25778 413
11 8 18054 130
4 17 147044 290
19 1 146273 159
12 3 38604 41
20 5 9171 129
20 1 45762 43
19 16 34925 83
15 8 67666 731
18 1 1716 60
6 12 11934 102
19 8 66157 525
3 20 18769 118
18 5 72691 103
1 16 9864 333
12 5 19825 245
5 8 15677 72
15 7 60736 209
18 8 21341 214
11 12 41119 109
3 4 60869 148
7 16 82700 180
6 10 74548 264
4 10 5232 670
15 14 2499 177
14 3 47481 200
4 6 23996 197
13 6 11078 324
17 10 18968 25
4 16 84163 473
4 20 17875 74
2 3 11058 81
14 7 15070 72
5 17 7391 43
17 6 2117 1657
4 18 32965 146
7 19 3722 282
19 11 42112 90
6 14 41812 98
8 11 23539 783
2 19 3712 79
5 10 158915 1622
7 13 46110 162
2 13 5261 51
9 5 7187 296
10 57
4 24
5 98
17 10
16 29
13 49

1088854
