20 99 3 3
12 8 51407 204
12 13 8518 42
12 3 4708 43
12 19 48911 695
12 5 7018 625
12 7 15998 111
12 10 7012 228
12 6 8821 48
12 4 90169 185
12 9 73302 37
12 2 60573 90
12 11 56111 120
12 20 52113 207
12 15 12266 118
12 16 8536 179
12 1 23224 137
12 17 6708 115
12 14 277607 127
12 18 9759 106
6 9 13166 34
9 13 14471 593
20 17 9407 657
2 20 8952 308
20 6 14479 1254
16 1 57933 65
7 17 77676 675
3 10 418837 83
10 2 12026 193
15 9 6655 78
18 1 18758 1156
10 5 6149 79
16 2 26359 371
10 3 22252 87
8 17 40424 79
10 15 3022 436
19 3 115861 658
15 1 7594 1141
4 2 11737 433
14 18 33438 39
7 9 6538 293
15 4 31281 47
4 16 5151 18
13 2 39080 113
15 14 47205 780
13 12 15664 128
4 18 26792 163
2 18 60116 77
4 9 93052 36
11 16 33281 63
5 6 29181 208
17 16 35338 58
16 8 12379 174
7 4 44554 284
4 14 30104 50
18 12 20770 27
9 8 47114 223
4 1 12985 771
9 20 11677 332
19 9 9948 293
3 18 4471 178
1 11 171485 260
16 14 9637 55
15 19 6671 123
8 14 19298 25
17 7 24253 94
2 3 16695 65
9 11 14272 400
15 2 20004 551
8 6 7823 63
18 19 3657 106
17 18 17893 228
15 20 7322 212
15 6 60514 69
3 7 10567 261
13 14 2686 289
20 11 24611 65
14 1 9377 33
9 10 12854 770
1 10 15204 18
10 16 44350 82
19 7 20770 44
9 18 41045 1166
11 13 3266 34
3 11 21067 166
14 17 23910 82
19 18 3195 39
16 7 5401 950
8 7 10034 115
15 10 20231 70
6 3 36483 130
17 20 21695 322
15 7 19665 351
17 15 19742 1169
13 20 9208 146
9 3 72496 175
1 15 11702 76
1 19 22709 257
6 11 32385 848
16 12 3553 172
12 551
15 20
9 28
18 189
7 128
20 34

4244200
