20 99 3 3
11 20 35709 255
11 15 22193 112
11 7 15773 47
11 16 42953 143
11 17 16207 182
11 6 75077 317
11 3 43711 64
11 19 220517 88
11 1 20611 16
11 4 10425 76
11 10 103403 95
11 18 29608 93
11 5 12859 28
11 2 89913 33
11 13 64741 115
11 9 6893 675
11 12 25946 47
11 14 42153 41
11 8 7231 264
7 12 3778 127
9 4 77750 184
4 16 14496 71
9 20 52483 97
15 18 1875 32
13 8 12121 153
6 13 82183 28
7 13 52462 823
17 20 19498 81
12 18 88986 57
1 3 7515 172
13 1 36533 93
16 14 39236 105
2 16 13772 194
8 12 12103 142
8 4 8332 399
17 18 127195 713
13 5 70599 23
4 20 9120 217
10 16 43044 97
14 4 21302 229
12 9 18248 147
19 17 29016 72
12 13 50207 772
6 2 5474 174
6 3 2546 1177
10 5 73999 118
14 5 9435 90
20 4 69526 83
9 18 10344 73
7 18 8540 352
5 1 11297 130
17 19 19133 265
15 13 135017 293
16 1 9758 75
13 10 13364 226
7 17 56060 150
19 12 16490 143
17 10 53106 89
15 12 141590 132
19 7 59170 285
3 2 109318 122
12 1 17388 117
19 6 205861 153
8 2 31307 36
20 6 11077 359
6 12 23836 317
2 1 57992 1051
10 13 20104 1247
2 20 7648 263
7 10 7519 588
2 9 54576 257
8 16 8054 219
17 12 16410 110
16 8 51213 112
4 5 34226 1057
7 14 39313 266
15 19 19980 54
20 10 320630 272
1 8 7224 51
3 10 58617 209
6 4 10588 384
3 8 15805 299
3 1 5839 53
9 13 11488 19
14 20 18329 151
4 7 2250 344
3 20 42960 119
1 15 20946 67
14 8 33350 6
16 2 6418 115
20 12 16613 523
5 14 12558 124
5 4 10205 145
12 8 42254 578
3 12 9462 122
18 17 5373 107
3 16 3645 82
4 3 15360 1233
2 4 19053 29
11 95
3 91
7 30
12 55
4 24
20 58

1627328
