20 99 3 3
4 16 73052 127
4 1 52710 95
4 9 11040 181
4 12 115500 55
4 11 19829 203
4 6 13742 152
4 18 149871 41
4 5 8604 211
4 17 24749 102
4 14 59086 1425
4 13 30925 24
4 7 5829 344
4 15 15139 46
4 3 14511 105
4 2 22876 30
4 10 10625 204
4 20 44235 741
4 19 15533 901
4 8 69157 224
11 8 40991 331
7 18 35549 409
7 5 2089 324
19 14 31653 322
18 15 10252 182
8 18 12475 40
16 5 105365 110
10 19 313863 216
12 13 44971 26
18 5 23544 527
10 12 20301 256
1 6 17939 163
16 11 17968 61
15 4 122885 89
1 17 6983 275
6 18 28056 122
17 16 13916 256
17 19 54204 194
14 9 30485 96
13 16 53790 171
9 11 19483 42
8 6 151184 72
2 9 4305 361
20 15 1415 344
2 10 10318 46
10 16 36238 72
20 5 41160 395
5 7 195699 231
3 15 17494 648
9 12 14614 102
15 11 24393 24
6 14 27439 219
2 6 12245 285
13 12 22661 73
11 7 110639 28
15 12 17373 32
19 17 124349 34
16 2 17429 98
20 18 10384 65
3 1 74447 556
12 5 9069 160
16 19 20649 44
5 17 28674 280
14 7 27365 33
5 12 13747 43
3 18 77813 2240
15 5 13517 246
6 9 185808 248
20 19 45237 224
11 17 88876 81
9 2 13479 307
10 20 2980 285
20 10 4498 19
1 18 68089 388
11 20 38601 175
13 20 5580 306
1 9 35630 62
11 13 31078 83
5 20 13340 52
7 17 9105 366
3 10 6638 586
1 8 30745 93
2 18 15457 27
15 9 31570 444
16 12 169641 172
10 17 51741 93
15 8 14377 20
6 17 38988 643
8 19 31009 220
13 8 22138 309
17 3 15981 202
17 9 7836 134
18 6 4377 1246
9 5 170175 115
17 8 3985 249
13 6 29153 63
7 3 49055 408
6 3 12419 286
20 14 5622 55
10 8 27186 86
4 95
20 30
15 78
18 65
17 59
5 16

2201874
