20 99 3 3
20 17 22337 849
20 9 23570 81
20 11 49959 310
20 19 103059 168
20 18 24561 233
20 7 33156 122
20 12 5907 172
20 1 23053 28
20 14 10343 270
20 2 12271 82
20 10 13246 188
20 5 16955 238
20 8 4912 168
20 3 28257 428
20 4 7361 93
20 13 22988 733
20 6 25259 101
20 16 20988 190
20 15 17674 180
2 13 74246 909
2 19 21956 555
13 11 20204 571
13 2 8827 97
5 1 14075 207
2 3 75291 106
12 4 22246 44
7 6 244544 189
15 11 53772 350
16 6 14755 45
14 10 17476 50
13 12 109709 284
13 19 114378 312
13 1 13077 123
13 16 65697 28
12 2 46884 373
13 15 159892 57
4 3 7112 124
5 10 4805 187
19 2 2856 33
7 13 17334 175
4 15 24214 426
6 7 129305 119
2 12 69527 243
10 19 7945 19
1 3 1307 714
4 10 32828 357
10 9 12012 150
10 11 11754 71
11 7 43523 87
17 8 7055 13
8 12 20235 133
14 2 83611 798
8 11 23210 263
19 18 60921 232
4 18 123833 199
1 7 77312 582
12 8 47343 84
7 19 43067 253
4 11 45852 717
8 16 18541 294
9 8 23854 61
1 5 30313 60
11 18 48550 176
2 17 6003 996
13 3 10402 271
13 20 22815 155
11 12 22885 649
8 13 7825 1449
14 11 5225 412
6 12 14723 97
15 10 29825 272
1 2 35606 60
4 2 27063 477
14 12 27861 192
14 7 6158 164
7 20 94222 54
14 6 5299 53
9 1 16917 199
15 6 12758 254
13 18 15366 71
9 15 74553 124
11 3 103829 210
5 15 25861 683
18 9 25611 85
6 4 14326 309
2 8 73959 567
18 5 24025 94
15 3 152889 30
11 5 24532 195
10 8 44954 109
5 18 7233 73
10 20 4571 170
9 6 14324 131
14 20 7756 53
5 11 20066 695
6 14 118408 60
17 9 23298 104
3 9 11276 113
7 17 37102 275
20 380
13 370
14 98
11 229
12 68
3 113

4128560
