20 99 3 3
19 14 15487 110
19 2 55687 73
19 12 89598 72
19 17 20945 55
19 9 63180 188
19 5 6177 78
19 11 17162 71
19 16 6348 123
19 3 28399 367
19 15 8258 110
19 18 17123 9
19 7 6903 158
19 20 2256 325
19 13 47427 65
19 6 14776 261
19 4 20703 27
19 10 64275 69
19 8 49306 165
19 1 51148 8436
7 20 51458 157
4 6 40631 117
3 4 185525 105
3 19 9938 30
8 2 74118 90
2 16 253194 173
3 10 16665 166
11 18 44233 296
14 4 5344 80
20 17 26835 240
8 11 110976 585
17 9 48029 85
5 6 67216 255
17 15 44571 254
3 14 8586 177
18 4 17334 250
20 15 10759 165
18 11 4419 91
18 14 2709 158
4 10 32122 149
2 4 20872 209
4 3 5364 403
9 17 90045 35
13 17 116340 170
17 19 22782 231
9 20 24316 41
1 7 2330 94
7 18 57249 65
14 16 58209 224
7 16 12718 62
18 6 38451 461
9 1 64261 209
11 2 27243 84
3 2 45241 70
10 1 121758 248
2 14 6993 58
3 5 53216 42
13 4 35196 373
10 4 69270 1438
8 7 20287 817
3 1 59514 363
14 15 17752 112
20 12 22493 112
11 8 31604 133
16 4 13715 202
12 18 110327 35
1 11 22001 42
10 2 231737 53
11 10 79669 259
17 14 11593 1267
13 5 73160 15
4 5 13448 164
11 9 15017 122
13 2 17219 41
4 19 10292 86
1 6 1936 669
16 18 14294 429
2 20 20394 157
17 16 51505 141
17 10 13802 14
6 2 42787 165
20 10 17793 91
11 5 21731 320
8 1 13379 92
4 16 17015 89
13 11 83117 118
10 14 8771 26
13 8 23293 36
2 10 7727 54
12 20 15824 239
10 19 26190 598
7 8 3417 26
20 14 29674 139
3 9 15326 340
16 3 15032 725
17 4 1099 63
20 19 10926 245
13 14 3897 54
7 5 178333 359
1 18 11446 133
19 266
3 24
17 77
4 123
14 69
10 55

3191233
