20 99 3 3
17 13 25153 74
17 5 43856 53
17 14 64680 101
17 1 17755 44
17 18 19669 506
17 16 5307 855
17 2 67266 75
17 8 2282 508
17 6 36740 91
17 4 42676 299
17 7 24355 106
17 15 4378 323
17 3 7675 217
17 19 66297 150
17 10 8741 238
17 9 182604 193
17 20 50363 702
17 12 30934 58
17 11 26861 257
9 17 71678 16
20 12 6216 275
6 16 5785 159
3 10 8273 80
18 4 5464 30
10 16 43818 39
4 16 30721 62
10 13 44576 686
6 3 101334 80
18 14 16979 434
4 9 37596 291
18 15 27484 115
19 18 89956 495
6 5 26584 29
14 6 76008 17
20 11 10490 207
15 10 19468 275
9 13 240354 108
4 1 19177 251
5 14 48506 115
4 10 92660 255
7 5 90778 189
20 2 34901 114
5 6 7911 192
14 5 33531 77
3 20 31792 306
2 16 15118 150
2 13 10646 390
16 20 9801 250
5 1 9658 97
4 7 17887 901
1 9 24849 57
3 15 6672 94
20 16 6472 109
10 19 5590 99
18 12 25073 336
4 19 50072 902
6 14 21694 96
20 13 10055 120
1 15 59730 40
14 7 18071 179
11 5 10531 77
1 11 151360 76
14 2 26517 96
15 17 27431 184
19 3 9716 131
19 17 32311 32
5 10 138020 149
11 3 22032 133
5 8 30462 577
1 2 24505 93
19 12 53815 443
6 8 10374 71
12 16 42051 68
8 20 18674 583
5 12 20873 56
10 6 12679 488
13 18 9399 55
19 4 12813 411
14 13 113012 24
15 3 5948 76
12 11 84503 221
5 20 244831 94
7 8 30223 97
5 18 41781 17
7 19 22364 358
3 5 62919 188
11 17 4236 141
4 2 5756 204
7 2 4832 45
3 2 18720 371
5 4 13528 174
20 15 8310 195
8 10 8346 173
13 5 8515 66
3 14 320734 336
20 19 4709 192
10 7 244063 559
3 9 29375 18
12 3 8539 78
17 57
5 414
20 56
16 15
2 85
13 129

4266081
