20 99 3 3
2 18 10704 454
2 6 25806 139
2 8 26409 27
2 1 9194 339
2 13 124919 164
2 9 44028 188
2 4 54756 28
2 7 114445 982
2 20 66543 523
2 5 9111 184
2 19 13692 631
2 12 16156 40
2 3 18151 229
2 17 18805 50
2 10 23880 10
2 11 34651 256
2 15 7373 427
2 14 9514 88
2 16 19881 93
12 9 5522 56
18 6 65471 352
18 2 41048 647
10 19 3992 177
1 17 26157 208
11 18 42109 215
15 6 9138 194
11 3 30743 607
17 11 8531 211
12 10 5452 130
14 13 9933 456
7 17 21326 150
6 9 11965 140
16 6 17025 587
11 13 51763 156
7 11 13496 696
6 8 5285 148
6 7 184757 695
6 4 9168 169
6 13 20582 237
1 7 45475 136
12 11 12055 144
5 20 12273 142
18 20 12913 112
19 13 29728 314
20 4 7434 264
18 10 11577 55
19 18 99842 450
3 7 30889 327
12 17 67937 102
11 17 39320 193
3 18 11290 208
3 9 20155 282
19 20 3168 332
14 3 79026 82
6 16 23095 316
20 5 1901 245
14 6 7460 228
6 10 37660 86
5 13 11209 242
5 10 10082 163
14 9 9293 21
12 2 58455 323
4 17 12048 54
16 8 16546 414
13 20 38029 282
12 14 41940 138
12 3 6884 194
16 15 20740 65
7 8 24655 303
3 6 18588 93
6 17 12945 59
7 12 71736 152
5 9 73861 727
16 19 62454 29
18 14 57672 927
4 7 30890 265
19 12 20135 229
8 19 9677 66
15 11 24235 126
20 7 101876 27
4 15 17285 62
11 8 19435 338
4 6 11500 39
13 15 16793 71
16 5 16240 190
4 5 8022 58
15 5 4130 133
14 4 6508 94
10 1 12133 28
17 20 43529 110
13 5 5431 657
20 13 31940 115
5 17 42703 70
18 5 7864 682
1 14 30653 139
16 11 613236 148
3 15 3456 284
9 4 12610 133
12 7 4707 160
2 190
12 224
6 24
17 143
13 129
7 68

5911739
