20 99 3 3
1 10 76879 37
1 12 53762 117
1 15 76936 62
1 6 32508 135
1 5 8048 678
1 19 18074 46
1 3 27910 127
1 13 13292 256
1 11 16592 107
1 2 48020 225
1 18 8964 691
1 14 19840 46
1 17 43261 122
1 9 14842 170
1 20 32235 380
1 8 13849 437
1 7 7135 161
1 16 15137 184
1 4 14229 189
3 7 28179 73
5 17 8879 70
8 2 106998 35
8 3 2733 100
17 12 11443 1150
4 15 9119 31
20 10 55048 45
16 6 14228 69
15 13 5462 135
14 19 22928 33
19 17 20514 42
16 10 13005 52
11 12 21854 499
11 16 30310 950
20 5 36792 444
11 19 1767 194
5 12 70051 61
11 5 52077 110
15 20 8230 117
3 8 89166 217
4 5 29236 103
5 2 20213 64
20 1 43714 368
15 6 2457 164
10 15 20694 231
19 12 83806 13
15 2 19929 103
6 2 22434 52
17 16 145609 406
5 18 10793 586
6 14 40952 114
18 19 63281 271
20 4 25738 68
2 19 87417 81
15 3 26204 111
8 11 4380 46
5 19 66324 13
8 7 15813 285
10 6 15738 379
4 16 21114 317
13 5 8489 139
16 17 11139 183
9 7 91341 139
13 10 78210 915
4 20 155248 297
12 8 15050 348
10 5 12980 109
6 16 23747 120
7 1 8949 28
16 5 37587 296
7 3 14741 117
9 8 202069 1479
19 8 24867 88
16 14 117840 205
15 16 17059 121
14 17 102888 549
10 1 63060 64
12 14 6538 53
4 14 8763 455
18 3 6617 166
17 9 26060 130
4 11 20392 262
14 13 33622 135
6 19 8880 353
11 18 25222 264
20 16 8691 84
14 16 17928 80
17 2 10338 47
5 11 31234 142
13 9 10405 198
18 17 10989 157
20 14 35214 426
9 3 122288 119
9 11 30546 149
9 18 35164 173
18 5 5834 330
8 17 113604 96
9 15 25285 39
12 2 19293 188
19 9 89668 325
1 114
20 66
15 12
16 17
5 149
19 19

2634360
