20 99 3 3
2 20 3379 130
2 12 27493 39
2 15 93433 60
2 10 21006 82
2 4 131217 59
2 11 208932 974
2 14 3610 310
2 6 52782 322
2 13 28083 45
2 9 15236 98
2 1 26322 269
2 16 21237 333
2 8 55936 28
2 19 11449 155
2 18 65216 126
2 17 33965 279
2 3 145533 38
2 5 13805 64
2 7 14176 595
17 16 37789 76
6 17 19508 103
14 10 62473 47
9 14 94838 111
1 17 51597 297
15 19 28270 102
15 2 7103 157
6 15 16507 129
7 19 42746 142
13 16 7602 154
10 18 16000 323
17 18 61983 159
3 15 7029 51
8 13 11250 777
9 10 48078 188
19 9 88981 20
11 1 32635 247
19 12 54782 204
4 19 40799 20
15 10 7108 16
1 2 25435 166
20 8 31472 231
3 9 140997 26
5 1 17706 138
14 4 216295 514
10 11 21024 142
18 19 15277 112
15 12 6721 417
3 1 1214 325
7 1 13638 533
11 20 51931 94
13 20 15000 234
5 16 22189 83
17 12 94513 188
11 15 4115 77
10 2 24894 439
19 14 26200 87
15 6 15612 93
9 4 38460 84
6 3 3437 225
4 1 43081 321
16 14 29296 120
16 7 27862 32
1 14 24331 71
18 16 82857 75
14 2 8684 116
3 10 80500 128
10 8 32093 1682
14 9 11365 325
17 2 35547 697
19 2 28472 252
3 19 18108 31
4 13 28298 67
20 7 6514 94
8 6 29303 628
6 12 12840 875
8 16 12290 214
16 13 6319 216
20 9 48302 639
4 3 5332 306
4 16 175159 52
13 9 25687 61
5 2 8022 172
19 10 11854 399
13 8 11556 268
13 7 41813 344
15 7 36988 222
8 11 12666 95
13 14 24583 277
14 17 14724 403
11 14 62187 180
8 15 48055 247
1 7 31406 53
20 13 62313 133
12 11 23256 352
18 6 84839 104
16 18 302061 41
8 9 80460 88
4 18 17064 104
6 8 102882 264
2 76
15 66
13 54
16 61
14 11
9 16

838477
