20 99 3 3
16 8 5003 37
16 20 13811 127
16 15 21608 94
16 7 195871 82
16 11 42279 46
16 5 10868 54
16 9 54367 257
16 6 26441 51
16 12 4365 89
16 14 9676 252
16 1 138044 65
16 4 13601 103
16 10 19116 101
16 3 77284 43
16 13 14583 673
16 19 26235 505
16 2 106877 56
16 17 24257 454
16 18 53618 1836
6 15 39403 503
12 6 18734 2397
15 17 21716 225
18 3 68018 168
14 5 19931 577
2 1 19871 108
3 11 40607 83
19 7 69671 60
19 8 9555 70
1 3 41049 53
3 20 10522 46
15 5 15965 110
18 14 53495 37
5 3 108242 999
7 11 35993 79
1 10 24684 60
11 14 3256 1016
4 19 123067 184
3 13 8235 151
10 11 9584 42
5 17 19827 115
5 2 45910 270
4 8 13308 264
11 2 13636 185
13 8 241087 280
11 13 47008 76
8 1 34857 145
5 12 5035 163
12 18 32164 279
6 7 26643 34
1 14 5492 173
15 19 2979 3214
19 3 23067 166
13 9 21513 162
3 9 22634 377
4 3 5839 109
8 12 15585 163
11 1 8002 213
6 9 11276 96
8 20 21892 74
3 4 6254 83
2 17 40633 90
13 4 40526 719
7 5 53346 192
4 11 17767 116
8 19 36966 62
15 20 14225 419
8 3 92754 349
18 11 11815 580
18 13 23420 165
20 18 18854 356
1 17 36620 58
18 19 54373 205
19 6 44124 96
17 4 37488 128
19 5 18608 74
17 15 24235 115
19 2 39234 299
10 14 8317 203
19 16 24442 546
8 14 31548 346
20 12 16046 135
19 1 17845 41
15 10 34403 295
7 4 3294 300
6 18 35389 101
7 9 7764 522
18 17 1884 44
13 3 26475 735
1 13 78735 101
7 20 10333 155
7 19 25936 80
15 8 4102 181
18 16 15878 277
8 10 35858 46
10 16 59825 679
11 3 6173 626
6 5 20898 710
10 9 5313 1319
14 11 43656 314
16 57
19 64
18 14
3 40
11 24
17 36

2131613
