20 99 3 3
17 20 9968 557
17 6 23780 30
17 19 38741 317
17 7 33615 80
17 14 4723 43
17 12 10923 50
17 18 34625 74
17 8 6077 10
17 9 182147 35
17 15 68412 344
17 16 18131 118
17 11 32713 333
17 4 6861 527
17 3 56046 106
17 5 150408 44
17 10 16274 134
17 1 22391 86
17 13 20656 375
17 2 67862 89
11 4 57233 163
1 14 39960 52
6 4 17319 252
11 8 43817 51
10 8 183238 582
3 15 23324 53
20 1 10934 131
2 14 6321 118
19 16 11050 242
16 19 31593 98
18 6 10543 281
12 15 19527 73
12 7 31557 30
4 20 16034 279
1 5 30790 674
19 1 65578 216
12 11 9089 55
7 9 2586 56
14 20 10133 253
3 17 7956 128
14 17 4771 499
13 11 9155 70
8 13 8365 310
4 18 77894 114
11 7 34993 194
13 10 1614 130
15 6 11428 84
7 8 24629 196
2 1 8991 126
5 3 21297 162
19 7 4905 41
19 2 17824 437
15 4 13431 85
19 18 60529 12
7 6 53487 109
18 10 8388 299
16 8 13139 165
8 16 9727 546
1 16 107002 586
5 4 12009 1478
8 1 6999 718
2 20 82716 206
10 12 6483 185
12 16 116678 317
4 12 6262 324
18 4 9557 197
4 14 22242 204
3 12 9559 368
18 19 3479 213
12 6 25355 139
9 17 122644 507
15 17 2020 191
4 2 44684 27
3 18 36691 256
12 8 163885 670
5 19 10054 82
5 2 122195 90
6 18 54701 170
18 1 78316 210
3 9 32204 564
1 19 4944 55
7 10 7845 9
10 5 9917 215
6 19 7545 93
20 19 16854 124
18 2 1462 204
16 20 4050 701
7 13 133664 45
12 2 12739 112
11 3 14826 202
9 4 1599 84
14 4 3167 54
2 19 18149 85
10 1 8872 102
16 9 19692 121
2 7 2732 397
3 13 10768 330
6 13 19181 388
7 16 8735 290
20 18 11473 80
17 76
12 35
18 18
19 8
4 23
1 19

407849
