20 99 3 3
6 7 26069 47
6 11 63369 259
6 12 11274 409
6 13 39947 284
6 11 73533 41
6 2 41485 262
6 14 15534 65
6 5 6567 66
6 17 4415 98
6 2 30767 216
6 19 36752 297
6 13 10645 563
6 18 19299 42
6 18 23940 133
6 18 24527 383
6 9 17530 226
6 18 46727 110
6 8 35486 1059
6 15 257209 46
18 11 212340 367
16 1 24725 238
17 14 5766 122
8 9 50227 409
6 10 54444 299
14 8 14601 29
9 20 35548 363
4 8 34176 30
7 9 10559 64
2 9 5923 43
9 8 25240 280
5 3 23903 886
12 11 11200 770
4 16 37672 93
10 6 24283 51
4 18 20245 220
10 5 8755 116
14 4 10687 267
20 1 20659 160
11 3 10708 114
7 14 6968 219
17 18 53340 58
15 7 15910 343
9 16 3635 93
10 4 8558 64
14 7 44825 96
1 18 20262 341
18 14 23728 65
20 3 21035 363
13 17 9827 1962
19 11 31982 317
3 5 5616 237
12 4 6591 476
12 17 75660 282
5 4 12550 61
5 10 4626 126
16 12 136644 68
8 2 8953 499
17 2 12869 189
9 1 21228 36
2 5 5257 180
16 19 19472 67
13 6 14647 1470
2 4 26847 152
19 5 38047 519
1 10 40373 93
2 16 30004 139
10 15 3243 254
14 20 212008 270
13 16 39449 238
17 6 26850 34
16 6 27504 480
10 20 101606 36
15 5 66331 284
10 7 11716 165
5 7 6737 336
8 5 13992 401
4 9 45732 308
16 14 49620 78
3 1 16638 189
14 11 70187 56
15 16 31948 41
19 8 27101 69
17 8 5429 48
19 20 61468 19
17 4 4317 150
2 11 5078 61
12 7 6166 704
10 11 153256 179
18 17 17300 54
3 7 45842 69
10 17 9960 1098
13 12 6553 363
7 3 7359 91
11 7 19351 674
18 9 124899 618
3 13 65045 1889
1 20 64960 47
19 4 43956 184
10 3 2788 549
6 80
10 72
17 162
11 27
7 422
18 195

5766215
