20 99 3 3
10 1 5503 77
10 19 15580 511
10 14 145518 107
10 20 41449 155
10 2 5036 91
10 17 25150 286
10 4 38360 159
10 12 63772 20
10 18 22839 209
10 5 69666 373
10 19 6809 130
10 1 27772 961
10 13 29870 99
10 17 117850 160
10 8 115302 747
10 7 45379 56
10 3 48004 40
10 12 8523 134
10 19 31627 40
17 9 6792 612
17 13 60282 29
17 6 80230 126
19 4 9610 313
7 17 18988 62
11 10 17114 322
7 11 16698 246
13 19 9472 80
16 2 17200 609
7 9 18914 150
7 3 53694 257
13 10 21210 114
2 12 11263 161
4 5 3505 153
18 5 55501 60
1 13 13310 108
1 10 15103 108
17 3 6658 23
9 12 20005 120
16 3 24817 383
14 19 26418 434
10 6 122525 528
17 4 31209 35
7 12 8707 206
3 15 76952 50
8 9 9982 665
18 6 44351 18
6 20 69921 49
7 8 16780 49
13 12 19166 1066
7 4 15971 313
18 13 18676 147
12 17 47968 569
20 9 158365 123
6 12 49684 309
15 3 90800 113
15 17 71895 180
18 20 89868 336
20 19 142497 53
3 18 16753 132
20 6 1801 45
12 7 28079 101
6 11 18036 248
5 7 23489 108
6 1 14603 172
20 14 20981 778
17 7 49807 147
20 4 12573 194
6 2 47390 316
13 2 22573 183
8 2 201976 125
15 10 30852 863
14 15 4950 219
10 15 22517 622
7 10 109388 72
17 18 41065 121
7 6 26047 102
17 11 19079 173
2 1 25426 366
3 9 16658 96
18 10 76688 236
8 11 6358 340
15 16 54820 74
4 14 99696 1354
17 2 53995 200
15 11 75387 521
19 8 36417 42
19 9 287118 23
9 16 29282 186
8 13 47799 280
18 7 4788 269
16 17 159388 784
3 12 14060 93
6 16 11490 76
17 15 1384 166
17 20 23848 34
18 17 8385 58
6 15 10992 125
20 5 72545 995
3 6 66114 157
10 168
17 231
7 162
12 568
19 52
9 2215

4322222
