20 99 3 3
1 16 29827 347
1 10 26280 153
1 20 29751 188
1 2 13129 42
1 6 55193 1589
1 4 49980 433
1 11 23250 1120
1 17 12051 100
1 15 13827 218
1 8 5911 117
1 12 18336 202
1 9 5228 566
1 3 5556 220
1 14 6728 84
1 13 45893 479
1 19 39278 160
1 5 298152 324
1 18 51758 55
1 7 1408 41
4 18 23716 68
8 3 15548 159
18 17 13457 245
19 7 30429 678
15 20 7017 99
8 4 28046 67
11 1 9590 844
18 20 7401 121
16 3 3109 561
7 13 29132 1325
3 2 42508 82
11 13 18674 135
10 17 64000 206
2 4 101554 659
12 11 37307 273
6 16 15121 48
12 20 71678 310
13 3 79553 694
18 6 22719 11
12 19 115257 141
14 6 21079 180
10 16 31450 86
6 12 45642 76
17 2 16122 228
9 3 34137 56
18 12 48630 183
19 20 21707 208
14 1 8803 220
20 19 3635 40
3 17 33635 57
7 3 56924 96
6 17 11453 253
4 14 13799 146
19 18 38974 285
20 17 32513 165
3 16 32325 49
14 10 20413 367
3 19 86229 23
4 13 5471 234
5 13 15352 85
9 14 9451 290
9 11 17262 33
9 1 33401 76
9 7 10386 56
20 9 11411 520
8 2 9819 6
2 20 36806 331
16 12 12456 118
10 18 113883 773
9 10 22207 90
11 17 9229 435
7 10 13917 56
13 6 48059 72
17 20 179899 334
8 20 11171 61
11 10 21549 100
18 3 4097 99
6 11 55149 326
18 8 67390 472
14 15 46942 51
7 17 14305 876
12 18 36609 191
3 4 14831 69
17 16 18596 45
19 17 7507 190
19 14 50255 454
10 13 26228 74
4 16 13590 741
9 19 3948 235
15 5 29910 1205
16 18 20963 847
3 12 16202 518
17 8 43309 98
19 16 31135 154
5 9 4831 100
16 8 4807 84
19 11 16993 1120
12 2 111322 281
8 10 9997 28
17 7 78678 44
1 190
19 28
9 84
17 59
20 19
16 101

3902386
