20 99 3 3
20 9 35517 534
20 9 4966 67
20 11 5105 54
20 2 22036 57
20 5 80156 189
20 9 13333 87
20 19 59666 149
20 17 21230 320
20 2 13767 17
20 1 53529 61
20 2 4732 120
20 7 166951 218
20 14 166251 8
20 8 53682 552
20 3 128843 387
20 18 94831 42
20 12 26872 630
20 17 6283 194
20 14 60437 149
8 20 21467 396
10 12 7517 433
7 16 19954 86
1 8 1716 90
4 1 67699 403
11 2 28270 266
15 2 8767 201
11 13 10086 499
12 6 19054 43
10 18 14606 111
19 18 31488 216
3 18 13149 148
1 4 45209 49
1 10 9956 339
4 15 15162 493
4 10 25741 114
6 20 16726 39
4 16 37151 408
11 10 10253 62
5 10 15459 21
13 19 4883 175
18 19 18296 322
2 17 8730 216
14 5 3267 169
20 10 29943 403
17 6 18001 10
16 20 65491 92
14 13 2304 43
12 9 31215 382
7 5 98836 23
3 16 74057 156
5 14 44982 82
19 20 11884 22
12 19 19114 652
17 15 8718 515
20 16 46778 196
16 11 46282 194
19 2 12056 789
2 1 20543 426
13 17 94664 255
1 15 52547 103
1 18 14787 1315
2 16 24266 23
13 8 35719 2059
14 18 25411 145
9 17 56341 93
10 13 19613 60
14 12 106228 93
8 18 19352 97
5 8 37671 482
9 13 106661 75
11 8 78943 31
4 8 38469 133
5 1 8876 157
14 4 42311 291
13 5 29263 149
18 11 11165 146
14 10 17762 224
19 13 50663 152
15 9 60535 392
3 8 27042 162
19 15 15699 865
6 9 5987 495
12 13 13386 66
12 10 5369 9
15 18 323309 137
5 18 8540 150
10 4 57931 374
18 8 62002 178
8 17 32436 297
20 4 13851 22
8 2 10988 383
7 11 10305 135
1 12 9422 31
14 6 3364 50
11 16 4213 29
14 3 22872 1476
11 14 65905 46
11 19 9635 196
2 9 96247 123
20 198
14 96
11 504
18 145
8 685
10 147

27789007
