20 99 3 3
13 19 15266 242
13 4 9572 65
13 10 28474 174
13 14 1697 140
13 15 24425 32
13 2 22352 133
13 20 19374 201
13 8 136841 52
13 16 4056 985
13 1 14216 107
13 12 5892 501
13 6 57135 118
13 5 45342 116
13 7 38332 360
13 9 24846 76
13 11 3986 17
13 3 32913 310
13 17 9973 39
13 18 33885 74
2 9 30940 22
12 10 21085 94
12 19 21538 249
15 20 5697 430
11 2 24850 16
2 14 17369 600
4 15 3262 739
20 18 18516 305
19 17 9988 16
9 19 13077 57
15 13 38190 115
8 14 30827 111
15 6 32147 260
4 9 59609 177
19 20 30615 103
10 12 18868 70
12 14 16327 250
16 7 7201 394
19 2 8303 89
6 8 35415 341
7 14 14837 54
11 6 22839 338
1 20 8689 111
5 18 33882 493
15 4 29735 42
11 19 14782 103
15 11 24877 110
3 12 239488 280
6 9 47460 39
16 19 31314 112
12 20 39158 271
2 4 11264 66
1 11 43149 131
11 9 102044 129
2 18 53843 493
5 1 36954 79
5 7 102309 430
9 14 36103 161
15 3 154868 103
16 3 70741 92
11 20 19448 159
19 12 19169 83
3 8 10522 294
2 11 97725 874
3 18 17953 114
5 17 24177 118
6 7 12838 472
3 11 43920 75
2 17 11835 146
15 17 44504 88
4 18 20405 327
1 8 29027 96
15 14 13745 85
3 20 18659 649
1 6 9803 41
17 12 10682 90
14 3 6709 969
14 18 10924 268
18 14 5743 189
5 19 9119 222
12 6 15835 118
2 7 24897 294
1 17 210102 310
3 19 12708 67
15 1 9714 72
9 6 58146 1040
2 5 45995 40
7 2 16767 160
3 13 48833 631
3 2 25794 163
7 11 3648 35
11 12 35462 275
19 16 20068 75
5 15 4888 66
20 6 33362 72
20 4 138245 153
14 5 179138 145
17 19 32476 93
19 3 21708 287
8 7 67130 1376
13 190
15 9
3 136
19 204
14 28
20 32

3467880
