20 99 3 3
8 17 22515 88
8 7 76330 126
8 5 15979 72
8 12 101091 406
8 12 44206 241
8 13 15310 333
8 13 14062 317
8 20 16936 256
8 1 95281 112
8 9 31750 129
8 2 29026 180
8 5 18493 55
8 15 22825 66
8 13 2852 23
8 11 18034 1849
8 1 1928 69
8 4 17304 33
8 2 36022 78
8 6 54216 248
2 5 9964 151
16 17 35181 155
9 20 50023 444
9 1 16252 787
15 10 22244 20
2 7 19517 138
15 7 4608 219
9 4 2666 239
4 1 28739 71
5 11 35686 1252
17 3 141101 1227
9 7 11996 267
14 1 17817 72
1 19 99001 62
3 15 2024 1744
13 12 7227 234
16 12 20564 50
18 8 16751 328
2 15 30039 156
13 3 29781 185
12 6 100406 59
3 8 3164 114
18 9 29910 353
18 20 49831 177
5 7 14572 47
17 13 14386 139
7 16 61528 264
18 11 16263 161
5 6 7199 485
4 10 28020 348
16 11 104508 221
12 19 221273 45
13 11 22587 149
18 6 7869 602
7 19 50190 83
18 5 17486 18
13 1 11088 233
5 14 8749 81
19 5 33847 107
4 16 73301 265
11 4 854 47
20 16 3485 143
7 11 10591 1071
13 17 31683 65
3 1 13896 343
10 1 10020 145
9 12 7685 80
15 4 10535 147
6 20 16496 80
6 8 22210 78
14 8 25614 227
4 2 22587 346
3 18 22214 296
10 15 137339 335
10 9 2851 44
18 2 4846 92
4 3 10579 78
16 3 25452 255
19 8 29371 31
3 11 157364 64
17 4 13965 403
9 6 11398 319
14 17 10256 974
12 11 8109 269
3 13 8165 47
15 16 11985 95
17 5 27699 255
4 14 17511 211
17 18 19479 18
10 7 17713 21
7 6 191525 59
10 6 43554 95
4 20 16414 160
15 6 7294 71
11 17 12738 17
11 14 35298 177
10 12 12610 241
19 7 47744 81
18 17 32314 115
9 8 30212 316
8 76
18 72
9 49
11 36
6 39
1 150

1869156
