20 99 3 3
8 11 41672 948
8 16 39431 452
8 1 23439 102
8 5 18790 349
8 10 5294 245
8 19 13948 604
8 7 7036 356
8 9 10698 499
8 2 1667 721
8 10 19713 233
8 2 13961 27
8 15 6117 36
8 10 38959 312
8 13 48346 296
8 5 48008 74
8 19 127443 294
8 19 17353 470
8 6 74722 403
8 16 16698 289
7 8 9342 693
7 19 3597 1522
5 14 7496 200
1 10 9304 16
12 2 13563 380
7 17 11616 118
10 11 10189 66
11 1 130779 95
6 17 36748 88
2 8 52719 198
16 6 68409 244
5 10 66635 1397
6 3 29461 68
7 2 6470 31
7 6 23758 1329
3 8 63711 172
9 8 3563 92
4 18 21464 73
16 7 18308 111
3 7 23308 705
20 2 6551 123
7 1 4866 175
14 2 54073 67
5 4 30598 2180
11 6 2233 132
2 9 18979 86
12 14 95067 83
6 12 19447 483
16 11 13105 173
2 12 30024 308
13 6 6800 66
1 18 9838 287
4 9 3902 791
9 11 81447 426
19 18 72665 79
10 13 17184 116
2 19 23046 62
11 13 48724 21
9 1 71830 96
7 12 8251 406
5 13 32210 223
11 7 48008 9
19 1 51533 197
4 14 47958 158
5 19 5003 48
11 4 19420 139
4 19 4472 94
7 5 9446 26
13 9 144744 346
1 4 35991 76
2 4 6741 198
15 9 8636 17
19 10 4817 404
17 18 49728 44
10 8 14866 89
14 19 114980 237
16 5 14396 169
18 20 32235 199
1 13 10124 266
17 1 10896 159
13 10 10358 32
3 20 44912 209
9 17 40937 28
11 15 69407 24
18 16 22730 66
14 7 1847 649
19 2 594166 20
12 16 4583 202
18 10 57897 39
11 3 7294 94
9 6 1470 161
9 2 5411 50
13 14 29715 95
18 14 9127 334
12 20 44510 43
4 7 69618 16
5 12 19230 96
14 13 16928 52
18 17 16409 134
4 16 42923 223
8 133
7 136
11 77
19 60
10 164
2 190

3223242
