20 99 3 3
3 17 55607 84
3 19 20164 182
3 18 19286 93
3 2 88693 56
3 4 7445 79
3 20 20449 504
3 1 8201 27
3 10 6506 552
3 7 30888 181
3 9 15740 20
3 13 17610 431
3 16 26649 357
3 11 29387 121
3 8 67095 72
3 12 95391 66
3 14 59774 37
3 5 99895 87
3 6 52831 31
3 15 58603 533
14 20 19472 200
7 2 9340 350
2 15 86549 84
5 20 11740 632
12 3 15084 130
5 7 21064 961
6 19 79205 313
10 15 17037 17
2 13 26414 94
11 8 20731 83
7 12 155782 69
7 16 22490 30
12 16 117564 526
9 11 12576 47
6 2 36772 40
2 3 3845 17
18 9 9962 186
10 13 35270 245
1 5 52250 38
16 10 9335 100
5 17 105293 76
4 6 22493 481
7 19 17015 55
19 6 7063 315
19 1 10697 87
7 4 25339 135
11 1 12392 203
20 4 27532 66
9 10 17884 466
1 13 22104 330
15 11 11571 38
11 20 55840 27
2 12 26720 724
11 14 13879 54
13 12 57928 69
2 5 32795 90
5 12 13646 321
11 18 52897 168
15 17 40380 123
20 19 9041 686
5 2 49172 963
7 10 191781 1405
12 13 24933 54
8 1 15039 1312
6 3 12124 53
5 18 15342 663
10 8 32774 89
12 18 9481 239
18 19 4834 39
17 11 24272 99
12 8 1573 538
11 5 28993 50
10 17 68748 147
1 15 9779 807
18 10 34482 79
14 13 7856 71
16 7 12984 82
8 10 7537 61
6 9 15988 20
1 20 46850 194
6 4 33106 71
7 5 13272 2274
10 19 4122 174
8 6 24823 383
6 8 12184 236
16 1 20710 226
9 2 40940 126
4 16 156840 583
8 17 91075 341
11 7 122746 147
18 17 32039 46
18 5 22316 177
15 3 36583 471
6 15 20675 86
11 17 7687 57
4 5 29961 52
1 19 16213 1150
16 11 34761 148
20 1 8088 120
16 12 38570 24
3 190
11 72
7 56
19 145
17 100
5 52

4876338
