20 99 3 3
5 13 17779 28
5 20 15243 93
5 7 15908 949
5 10 6983 178
5 17 15421 86
5 19 9647 15
5 18 6852 177
5 14 26968 122
5 1 27727 31
5 4 8454 685
5 8 10145 237
5 3 48425 26
5 2 9344 237
5 11 20281 520
5 6 70745 288
5 16 9112 443
5 12 37210 216
5 9 12559 146
5 15 7431 49
17 7 6143 113
1 9 98690 104
13 3 6362 856
20 16 88081 39
18 15 20733 138
16 17 49887 37
15 13 98678 600
4 7 82903 868
11 1 127386 152
2 1 58113 110
8 18 28881 43
2 8 12734 226
3 5 2520 10
10 12 19352 40
6 16 89275 122
15 20 12920 88
16 8 5594 108
12 1 37087 42
14 1 12052 78
16 20 4662 158
9 14 40632 73
8 1 4760 309
13 12 191873 25
3 4 10289 264
6 5 13845 229
14 8 4639 35
14 7 51913 23
7 17 46948 230
17 4 34907 713
3 1 8481 4789
12 8 21594 128
4 18 8624 62
9 1 12539 734
14 10 65946 321
13 1 75922 98
16 4 9557 269
13 20 25864 67
14 9 20126 736
17 5 7058 58
15 18 7091 242
17 8 11932 122
3 7 17912 164
11 14 33324 365
10 16 13460 67
19 15 7332 457
20 14 5895 306
1 4 20229 61
4 3 30152 54
9 13 23627 143
18 1 5435 518
11 15 24879 182
11 17 60960 315
2 19 15316 985
7 11 14166 58
14 15 31140 265
3 14 10728 204
14 20 123995 76
11 10 27497 159
6 14 33424 46
10 4 59261 15
8 12 92817 186
11 3 15113 258
11 19 40797 527
8 16 35525 94
16 18 58275 121
18 17 2547 18
13 16 24020 210
7 20 8246 52
17 16 23879 199
16 13 38270 328
12 13 54881 27
13 14 31515 10
8 6 14979 81
7 19 104387 42
18 5 137578 83
19 8 9784 168
7 6 19791 615
7 16 63987 95
4 8 10478 141
20 7 30221 109
5 133
14 21
11 28
1 38
16 67
8 37

1337149
