20 99 3 3
6 17 35743 135
6 17 80454 478
6 15 13715 73
6 9 8280 124
6 9 43960 213
6 2 61160 242
6 5 82411 38
6 7 22141 127
6 2 59489 375
6 14 25753 38
6 18 11832 80
6 14 8404 33
6 9 167458 49
6 17 32696 166
6 3 25826 397
6 19 48828 170
6 1 23616 231
6 5 12876 47
6 1 14566 71
17 13 95483 132
4 1 57979 151
9 4 34068 187
10 4 5108 80
2 18 50806 92
19 16 5370 214
17 16 18451 131
16 2 11448 379
10 15 89006 170
19 14 28135 285
15 4 60818 276
5 18 34013 397
18 19 36677 39
18 10 65928 553
5 6 38161 40
11 16 17254 236
5 20 34845 379
13 18 13838 188
13 6 240729 71
9 12 11944 64
17 7 4095 50
14 19 52792 155
13 16 25307 367
17 1 12199 79
17 11 16415 214
5 8 1914 48
14 1 16754 68
3 16 9179 67
2 8 28230 104
18 15 10104 389
11 14 97002 85
13 11 46255 260
2 17 3763 42
12 5 5279 155
1 17 14095 245
1 20 6697 14
13 5 16650 60
6 12 43988 108
2 20 16906 760
8 20 23898 76
6 11 7641 68
19 4 40009 1180
14 18 15939 30
11 3 7409 412
17 4 28254 518
7 9 15776 1046
9 13 12700 314
11 6 108698 187
19 9 21443 65
12 9 62245 1293
1 18 16643 59
19 8 24605 65
10 8 49967 161
10 19 29893 91
5 14 4896 65
18 9 15009 237
9 3 22762 81
9 18 73510 167
12 13 5581 123
7 2 26185 32
4 14 8698 305
16 10 37550 264
2 13 23740 132
19 10 42151 172
15 7 114121 43
8 4 16343 67
10 1 3705 171
2 4 11051 13
15 18 4845 1286
16 1 85585 78
3 17 6275 75
2 16 31138 870
17 10 44098 35
19 12 8680 60
3 2 7156 61
3 20 24824 32
10 2 8627 94
12 3 58971 113
5 15 11101 218
7 15 23398 138
6 84
19 14
17 371
18 113
9 467
4 110

18088696
