20 99 3 3
15 2 13560 202
15 1 8178 118
15 12 9678 360
15 18 3339 49
15 13 11796 413
15 16 5806 135
15 5 11552 226
15 20 12935 48
15 6 35401 185
15 10 28361 197
15 11 2048 140
15 9 30571 74
15 17 55296 54
15 14 20832 110
15 19 6965 133
15 7 10698 150
15 3 125229 140
15 8 123633 1684
15 4 16586 292
9 20 13375 25
9 19 43387 154
4 5 16673 102
6 1 17318 241
13 6 53988 1729
11 4 4701 198
19 4 25826 248
2 11 8828 82
2 1 15326 107
4 2 14654 123
11 8 28270 239
11 17 6281 261
9 15 2230 430
12 3 21652 157
5 20 16131 84
6 16 18636 64
10 13 31454 111
12 13 77533 106
19 14 65778 46
20 18 2666 93
7 17 7003 154
10 5 36085 296
2 20 13768 143
18 11 12909 42
4 14 3342 419
4 6 3351 25
13 10 14953 30
6 2 7183 15
14 4 17685 89
13 16 26807 122
17 12 105601 144
13 9 7390 595
19 16 38487 72
13 15 89807 696
17 3 23306 148
9 3 20851 293
7 16 15885 291
16 7 40388 375
16 1 10125 67
14 12 41069 46
1 11 35700 132
11 19 23107 1183
19 15 28476 184
8 9 2727 291
6 10 14751 71
1 7 2299 29
18 5 3777 100
8 11 74443 205
16 4 10894 40
10 8 40429 50
13 12 32164 233
14 9 77300 251
10 15 13882 396
19 20 20410 45
8 6 12971 40
12 8 31605 134
9 5 85198 81
7 3 10348 628
17 7 10738 59
3 10 13679 49
9 13 8579 57
16 13 59693 100
1 13 23293 1560
2 7 12168 470
6 13 6388 12
1 19 40042 42
1 20 31872 103
17 5 29221 178
18 13 16158 189
2 15 4339 330
17 18 13477 118
19 9 45852 176
8 7 130947 104
11 7 5903 342
10 17 6617 277
5 12 38672 225
20 9 8976 89
14 6 71782 60
8 13 28109 103
8 12 166928 348
15 228
19 30
13 102
7 118
20 70
12 38

2375882
