20 99 3 3
5 13 19887 523
5 1 64862 31
5 7 1914 531
5 19 26127 41
5 9 142037 192
5 20 12921 67
5 20 53536 283
5 7 4418 101
5 6 66058 31
5 18 4125 167
5 20 54895 386
5 1 48686 330
5 6 56623 353
5 7 29688 493
5 8 10583 213
5 8 26259 675
5 10 22959 388
5 2 17676 307
5 12 60675 26
10 20 8618 99
2 1 5176 85
6 2 17112 463
13 4 4245 112
4 18 19926 84
6 3 28891 14
16 20 8507 439
17 14 57733 141
14 18 81788 172
12 15 6293 788
18 9 37975 55
4 20 20955 291
12 9 7026 42
9 15 23416 152
14 10 84096 334
10 1 20221 149
15 1 40528 66
16 10 14966 86
19 16 54341 582
13 20 21241 154
13 19 24844 81
18 4 12482 87
20 15 5152 45
9 16 20762 18
17 12 12484 73
8 2 39028 65
16 1 2527 10
14 4 27014 108
17 10 48833 750
19 11 21679 375
15 2 66841 567
10 7 26069 284
9 10 99125 91
4 2 77381 250
19 8 144574 163
13 11 43997 75
7 5 48590 567
1 18 306444 145
6 11 8419 72
18 20 23535 16
9 19 38347 402
16 15 2986 328
15 9 58239 98
11 17 33604 119
14 7 25053 103
16 19 8263 139
18 17 34607 63
20 19 5184 56
6 8 34524 488
2 5 28423 317
17 3 32242 103
1 8 118638 152
3 10 22029 59
6 4 117775 171
11 12 8842 65
17 15 57616 123
17 6 4248 59
10 16 21172 85
19 13 8887 314
13 2 85555 313
19 3 1962 143
17 18 33966 28
18 19 6813 150
1 9 25619 26
10 8 74579 202
3 19 13516 28
11 6 30091 416
6 18 27668 200
11 3 111639 258
18 10 16250 200
15 5 12810 276
16 7 26384 314
4 6 8267 153
5 11 3543 124
18 15 48371 96
15 11 8222 256
2 8 106216 121
8 4 21903 208
13 8 21678 428
10 2 10727 27
5 300
18 28
17 28
20 83
8 60
19 25

Impossible
