20 99 3 3
7 1 15872 96
7 8 2364 22
7 11 4633 95
7 14 35146 224
7 13 9948 615
7 15 1364 844
7 17 32385 174
7 8 71239 38
7 6 17153 78
7 9 33414 330
7 20 25295 21
7 3 7032 873
7 3 25885 579
7 17 27182 238
7 17 17494 188
7 14 27895 181
7 4 39808 606
7 13 18419 230
7 8 46927 80
18 2 7164 53
11 4 29397 42
19 3 6519 168
14 5 8315 217
20 16 38213 100
14 1 10659 83
4 5 18614 428
12 14 2703 319
13 1 66304 125
19 11 16130 93
15 17 70014 358
18 7 12634 749
13 3 17900 515
15 5 15033 39
17 12 66862 636
4 3 16906 179
19 12 11105 117
10 15 27212 311
6 13 27132 127
14 20 25111 532
12 18 33831 80
18 12 4323 174
19 16 18903 1267
16 15 40985 22
17 4 21605 86
19 5 106582 12
10 2 38351 62
15 8 56522 133
15 16 15940 115
15 20 16354 214
4 9 14409 731
3 13 14351 152
5 18 65180 167
8 12 30682 67
1 4 16293 123
17 14 34283 224
15 13 11105 221
5 12 32712 54
20 14 5062 882
5 10 58465 194
8 3 22216 271
16 6 57702 271
13 19 9829 52
16 17 12097 36
4 16 3588 951
15 2 104016 86
3 9 33973 436
9 18 20294 664
11 2 20392 184
20 10 26888 169
14 6 103934 79
13 14 18438 87
20 15 78285 117
20 9 6151 1277
15 19 13340 175
20 19 47411 68
10 8 45810 838
19 20 1461 183
14 3 307776 115
9 13 54150 44
7 12 25748 44
6 16 26138 380
1 17 203592 36
15 6 20086 91
9 8 86448 90
12 6 34718 124
12 3 40793 92
4 17 72387 325
19 4 7275 251
18 4 13380 33
20 11 15299 60
1 16 13889 46
9 5 2996 718
8 1 56811 451
5 3 22027 487
12 20 5199 214
10 19 46781 316
18 19 52635 96
3 5 13872 41
20 3 6759 319
7 200
15 90
20 32
3 253
17 66
16 58

3272654
