20 99 3 3
9 19 24649 145
9 15 6750 201
9 2 2854 92
9 12 15782 131
9 11 45942 55
9 13 15282 204
9 3 3543 99
9 20 21377 157
9 16 24658 140
9 14 13294 138
9 1 59114 92
9 18 15827 19
9 17 8776 40
9 4 61066 907
9 10 42906 104
9 5 60579 15
9 6 8316 108
9 8 64860 55
9 7 37638 399
11 7 33166 242
19 13 6119 203
8 11 12467 10
18 2 14754 73
11 3 66458 221
3 5 9601 466
12 9 144809 17
10 2 87849 151
12 4 5319 118
18 20 28203 68
11 19 43831 429
18 11 30160 261
15 11 30363 340
16 2 32030 357
6 14 67146 93
8 1 5853 199
6 10 25085 175
16 19 19132 123
16 20 22852 35
19 8 3116 333
19 5 38965 132
2 18 15790 25
18 7 12613 715
4 14 24774 49
15 5 62721 17
14 13 7678 359
13 6 10515 59
2 9 15056 195
16 18 20405 106
18 5 6914 386
6 17 36948 30
19 17 36907 62
18 4 26486 807
6 8 14331 348
6 12 30522 39
5 17 51376 273
12 6 31686 13
1 14 14799 95
16 15 70857 227
4 5 15314 1855
7 20 78880 33
2 7 27225 40
20 19 47832 1377
3 17 29104 298
4 15 9293 195
4 12 7395 221
14 20 25419 221
19 7 14242 126
20 1 19163 114
20 12 21424 87
10 8 82854 233
1 19 63425 30
2 3 33923 313
10 11 28287 57
13 7 24478 173
20 2 8137 39
3 10 41385 26
7 17 43903 199
5 3 13120 42
5 10 20322 446
5 1 9249 113
8 3 31371 581
11 12 12372 40
6 16 4868 174
20 4 25825 427
15 9 9989 350
5 14 25055 220
11 16 7570 492
10 7 17727 185
8 7 57194 159
8 12 16143 69
2 13 92610 795
11 15 12667 124
7 5 34398 234
2 16 26382 146
3 8 20004 505
13 2 6093 49
11 10 6124 116
3 19 55115 112
6 4 33036 2619
9 38
11 21
6 91
7 28
5 5
19 77

2613671
