20 99 3 3
8 19 23470 118
8 11 16009 57
8 14 22361 180
8 15 31468 61
8 16 24410 899
8 11 26924 122
8 3 8560 61
8 17 18484 40
8 5 7364 244
8 10 16032 158
8 12 8139 307
8 15 20830 351
8 18 7245 300
8 1 36771 107
8 3 8690 47
8 4 455543 501
8 1 19020 640
8 20 44013 90
8 12 1361 42
2 10 20890 84
19 20 41706 35
14 12 38758 140
14 6 7019 35
19 5 10438 123
6 5 18656 517
9 16 76286 151
4 17 1988 844
7 8 14294 36
7 12 59768 33
10 4 43073 175
2 1 13824 51
1 14 55492 10
19 13 289258 384
4 9 6432 152
12 5 39682 141
5 8 246025 439
20 10 54076 362
3 19 12502 556
5 14 34240 238
1 16 13320 76
17 14 109876 718
12 4 9272 512
18 12 13044 61
14 2 10139 362
5 3 12234 151
20 4 12208 206
14 3 7022 495
18 11 9736 129
3 20 4592 494
19 3 13283 104
4 2 23774 163
14 20 20856 498
12 18 8414 105
15 1 26494 341
4 6 3290 206
6 3 102911 88
6 7 29944 76
2 13 11745 35
6 15 24209 216
4 11 41749 472
12 1 78765 680
15 20 22136 42
15 6 29169 807
10 15 71142 130
15 3 18586 630
18 13 37028 681
1 5 24682 209
4 16 50407 101
13 16 44831 53
7 15 145846 194
17 5 11553 118
13 1 37760 78
17 9 14160 142
13 14 12449 36
3 1 25622 239
6 1 25063 2238
16 13 4197 111
7 14 5848 572
16 7 7259 168
10 8 58422 40
18 14 96889 460
1 13 20646 140
17 11 8921 177
20 11 4019 333
13 8 7561 527
11 17 52541 648
9 17 35574 34
18 19 7470 590
16 10 9838 47
11 19 25627 134
7 2 77990 134
11 5 51633 95
5 15 12184 324
10 7 26830 205
2 12 15045 271
17 10 14754 101
16 17 50100 113
3 2 11473 332
9 10 5932 50
8 950
4 72
18 235
1 571
14 966
5 1348

23686416
