20 99 3 3
20 5 82458 96
20 13 52578 24
20 19 20809 108
20 2 104271 68
20 1 89894 214
20 7 2223 229
20 2 10380 44
20 3 37266 155
20 18 22628 214
20 16 24482 102
20 18 13184 124
20 14 30920 270
20 14 53334 78
20 1 23307 181
20 1 83759 343
20 9 33008 68
20 11 5898 167
20 11 15876 641
20 3 20766 225
9 3 13402 121
17 18 9200 179
15 2 29554 17
15 6 17446 430
3 8 9165 107
1 6 84894 681
3 15 48879 43
19 1 31635 167
19 3 91231 60
14 19 15776 116
17 13 17804 284
10 19 5103 259
10 8 74517 341
5 20 24898 354
19 4 516 107
16 13 31470 643
13 12 6260 428
13 8 35621 1183
16 5 60539 29
18 17 38525 96
16 7 11161 199
14 1 31287 338
13 6 10045 88
11 6 107280 78
20 6 13204 118
12 7 17206 38
2 14 21485 170
12 16 36790 68
8 3 35106 136
5 9 12196 291
17 19 100989 72
7 3 32321 84
13 5 17323 234
7 18 23172 594
6 1 23735 483
8 14 86595 208
16 11 40852 42
3 1 41321 33
3 17 135627 64
10 9 13259 68
8 12 24877 67
1 7 390193 359
17 8 43709 163
7 5 47795 121
2 6 39851 111
3 12 12380 32
5 19 23954 242
6 11 44827 253
2 4 10716 64
1 10 14860 53
16 18 2286 164
13 4 170236 85
4 1 60832 35
9 13 18062 41
3 13 8842 126
11 14 7764 40
8 19 17826 473
4 3 17151 74
11 16 32655 22
8 17 11499 609
13 1 88712 133
5 17 10140 243
19 20 13504 89
15 8 44120 304
8 2 53955 49
18 10 12462 57
9 17 13850 231
2 1 119149 64
8 13 10477 75
8 20 92910 149
12 10 40242 125
10 11 32577 59
6 17 37008 26
3 9 12248 120
19 11 22058 45
20 12 11871 316
7 13 100143 199
15 11 11235 155
18 9 63366 39
7 12 10574 131
20 147
8 136
3 56
1 331
13 166
11 93

5399610
