20 99 3 3
15 4 81781 298
15 3 201930 211
15 13 48645 183
15 1 8307 203
15 5 19148 199
15 17 21213 159
15 9 23164 65
15 17 17214 168
15 11 70854 107
15 13 17686 246
15 3 11014 52
15 13 32549 128
15 20 86084 140
15 6 29354 165
15 20 3619 286
15 5 23763 1587
15 18 7485 98
15 4 28415 112
15 2 47455 28
9 6 7493 58
3 16 6163 634
7 3 17379 29
16 15 32364 136
20 5 78102 169
2 1 26143 52
7 13 21592 83
15 16 19614 333
17 9 16370 39
6 13 99959 167
10 19 12089 138
3 19 46595 137
8 18 7861 401
10 11 6221 94
12 19 34504 592
14 13 200609 96
10 9 44856 109
10 5 36651 421
17 7 6668 184
3 13 3349 356
8 16 14663 40
15 12 16587 260
12 7 15251 164
11 17 34936 83
12 9 87302 523
6 18 33287 51
2 13 32675 85
11 2 18544 189
14 20 11017 72
3 4 9316 72
7 1 52633 80
9 5 38361 156
10 20 19991 216
7 6 17612 297
13 10 54991 85
1 4 40574 779
19 18 44667 72
10 2 54102 92
20 11 8633 172
9 20 42423 34
12 16 50058 1054
8 15 30941 568
7 9 32665 46
13 14 29886 597
9 8 73965 553
14 9 18244 63
4 10 86380 108
11 5 5305 158
4 7 14381 519
12 5 32361 53
12 8 10294 690
14 8 9292 601
9 10 38045 77
6 12 118359 166
15 10 15263 71
2 14 40617 209
10 8 12097 135
3 2 96334 283
20 6 7856 105
11 6 38945 204
7 16 70666 61
6 14 105560 163
18 11 19126 670
12 15 67319 145
8 7 63999 220
12 4 38414 102
2 20 30857 96
16 19 21526 550
10 15 85792 41
17 18 25922 64
17 8 48404 26
18 20 26379 224
20 1 12951 141
3 9 33703 61
9 4 63358 85
14 12 72194 460
11 20 24448 46
2 10 8047 289
19 3 107345 59
14 5 21967 309
15 198
12 176
10 136
20 798
13 79
5 69

9860068
