20 99 3 3
2 10 600265 127
2 16 21942 31
2 19 5260 131
2 13 12999 35
2 14 60215 86
2 7 77013 320
2 5 40326 521
2 20 55047 136
2 3 4172 99
2 17 11700 133
2 4 19896 340
2 12 4579 42
2 8 61350 100
2 11 17425 101
2 6 28097 277
2 15 41432 114
2 1 1987 34
2 18 21470 501
2 9 26010 43
15 13 8649 146
20 6 4722 79
3 18 6017 407
11 5 8577 55
1 16 125028 145
7 2 8078 1821
6 17 5299 309
5 13 28302 245
7 6 11537 277
14 15 9543 123
7 10 11786 87
18 17 6502 114
9 19 31091 831
12 9 28524 96
14 10 25316 568
1 19 23363 96
15 3 11972 142
16 12 22639 69
9 7 17544 187
12 20 26609 55
4 13 113902 133
11 14 10903 81
9 8 32045 261
18 6 18987 59
10 6 16316 97
17 8 11466 134
5 6 4380 114
3 17 4947 1556
16 14 5438 100
12 8 76971 8
3 5 136925 45
5 14 66220 14
14 13 12324 164
16 9 30166 360
12 15 24198 37
20 18 5848 108
1 3 27502 563
8 15 10490 16
8 6 35156 80
17 12 7587 167
7 5 139973 347
10 13 56589 216
13 17 25834 406
9 10 9457 322
4 9 22085 78
18 20 7764 76
3 1 21434 76
15 5 15936 256
17 9 14595 375
7 11 69338 1309
1 17 93403 230
14 6 26042 216
6 2 21472 971
16 2 17555 277
19 3 14733 136
8 9 24666 184
10 16 14515 110
15 2 27921 186
1 15 8525 533
14 11 15898 187
18 16 25068 295
6 12 11718 69
9 2 33316 526
15 16 1967 118
3 19 17573 55
17 4 41793 210
5 3 84408 56
13 12 9785 127
19 13 27426 361
7 16 25412 347
16 15 19061 125
6 5 50801 182
9 14 1954 169
14 9 43180 1103
3 20 4394 75
19 10 20243 118
12 11 27937 101
11 18 42538 20
10 3 35785 161
13 20 36771 87
2 209
14 18
9 96
6 60
13 31
17 16

1334003
