20 99 3 3
17 8 8531 414
17 13 27753 139
17 3 16292 551
17 8 11781 94
17 1 9948 149
17 18 21053 348
17 15 10932 689
17 4 8674 88
17 16 43955 132
17 14 13622 30
17 7 17802 372
17 13 15402 216
17 3 21030 76
17 14 17187 38
17 9 60130 58
17 8 32849 83
17 11 37590 178
17 8 6612 55
17 19 6283 49
11 14 15530 128
4 16 38740 366
18 5 70096 479
7 1 10618 197
11 7 9543 78
11 16 124370 326
1 5 121393 53
16 14 30230 191
2 12 101476 109
13 3 10362 275
11 6 17499 198
1 2 30918 492
15 10 21516 332
3 7 35024 145
16 18 25827 354
3 20 5069 57
3 14 54213 222
18 16 24470 16
19 17 10327 90
19 1 31794 90
5 20 52673 154
5 2 57660 318
8 6 38214 1142
19 14 71303 119
4 9 27343 50
10 9 5543 217
14 18 52045 43
14 11 3141 150
18 10 4968 77
2 13 43727 81
11 9 11300 178
9 20 83444 312
4 19 113804 73
11 15 12287 734
13 17 44950 412
8 1 15106 116
5 13 6456 217
16 11 88792 383
9 1 16155 57
2 15 9892 240
6 16 5200 137
14 6 27367 76
9 7 4053 179
3 6 14692 300
16 2 25473 64
1 3 60579 39
15 19 15431 362
10 20 7720 90
10 2 9539 59
14 1 25053 113
14 9 24873 136
3 5 37925 116
4 12 60478 42
20 2 33766 2222
15 5 7777 56
20 15 72775 49
4 18 124717 193
18 19 29988 111
1 18 65241 145
9 5 31226 45
4 11 20609 70
6 11 6339 249
20 9 10109 15
15 9 7406 63
14 13 26981 190
15 18 55664 198
18 14 519940 33
13 9 10906 60
11 18 5388 15
4 17 71005 285
16 19 3098 70
15 12 31371 114
7 12 5565 55
6 9 9665 631
16 12 13224 42
10 7 27443 282
1 20 15759 296
15 3 51400 311
13 19 3792 82
6 10 14999 445
17 266
15 21
11 147
9 388
18 50
14 85

7730252
