20 99 3 3
5 18 63773 311
5 18 169238 19
5 8 46603 630
5 20 18404 111
5 17 6501 180
5 10 55981 135
5 13 19289 63
5 19 12748 166
5 2 32029 56
5 1 27439 33
5 10 21046 75
5 18 25812 314
5 7 36196 56
5 15 27344 203
5 17 19922 76
5 8 73545 82
5 2 72031 278
5 16 7318 190
5 13 13262 278
2 6 19473 93
14 9 62713 196
9 12 48151 172
20 1 47918 147
2 17 18469 225
19 8 13720 249
7 19 10485 219
16 20 23519 52
9 15 63140 143
1 17 46036 331
17 19 71096 48
17 5 24208 180
10 9 7274 233
9 6 23461 218
4 17 38062 213
13 3 7073 176
12 10 34292 28
19 1 64630 420
6 11 82052 92
7 18 17373 269
12 8 44381 179
4 8 18560 288
2 7 22561 92
4 3 75256 81
10 4 47473 165
10 14 4533 77
19 5 15610 86
8 12 6258 383
7 10 27353 283
3 17 74755 535
7 14 22798 26
1 9 22016 263
13 15 52931 235
18 9 5964 176
19 15 19709 290
15 11 4537 61
20 3 18159 621
19 11 20370 121
10 18 17769 428
20 4 16065 301
3 1 92130 59
5 9 14157 124
9 16 72415 13
12 16 5800 108
17 9 192662 182
6 10 27498 158
20 13 15296 64
7 6 20833 366
13 17 36597 27
17 3 12913 753
9 17 14412 157
16 1 23600 348
2 3 23457 180
18 8 139294 235
16 11 22538 167
15 18 11093 92
3 8 28857 63
18 5 39264 125
15 10 64864 149
12 14 48927 57
19 6 4563 1098
17 8 158446 100
12 17 5478 35
8 15 8327 42
9 5 17880 82
1 16 17210 123
8 14 8042 41
13 18 6904 59
15 7 4075 47
10 1 8703 84
6 15 26250 64
1 4 33485 123
6 18 3186 173
14 7 2195 232
3 9 13177 186
4 14 28345 106
8 2 27036 30
17 7 27461 225
7 16 49669 319
6 2 17600 658
5 60
19 24
17 36
18 182
8 16
9 18

2623617
