20 99 3 3
7 8 6528 188
7 17 14260 427
7 12 20030 233
7 9 109984 186
7 20 29605 85
7 14 16142 87
7 17 6994 814
7 8 9558 582
7 14 9040 118
7 2 54380 84
7 18 6744 258
7 8 31884 94
7 19 18420 60
7 17 3275 300
7 3 26004 391
7 11 52127 34
7 9 11848 705
7 18 41726 492
7 5 6650 200
13 16 13860 254
6 10 16485 229
2 4 32265 522
1 3 26664 210
11 7 13881 48
13 3 20302 77
11 18 33353 1081
3 13 454 125
2 17 50177 26
3 6 29662 21
20 11 19242 798
1 5 53503 105
16 3 19521 299
20 3 27325 194
15 9 25790 75
4 13 26426 223
16 8 133254 129
8 2 69996 186
3 1 23241 200
9 14 217394 1861
2 7 43859 922
20 18 5349 1166
3 17 152090 114
8 19 50816 101
8 1 30263 521
11 19 21404 340
20 6 14197 296
18 20 22991 127
4 6 28559 138
6 3 1377 73
11 5 79561 237
12 16 48409 272
18 14 3510 56
9 1 3826 39
1 13 16082 48
12 2 32289 80
3 20 142484 685
15 20 4814 135
10 3 20472 235
8 16 8005 127
4 17 18699 794
14 3 10610 105
14 17 49314 37
20 19 20353 38
20 7 264309 325
10 19 78558 172
12 20 25414 22
3 4 14448 95
9 15 17719 180
14 7 2282 216
18 13 7795 684
4 2 11592 167
1 6 5092 30
16 14 22904 121
8 15 141280 141
10 15 10848 283
15 19 47911 1919
6 16 33108 49
8 9 112149 111
19 3 10296 28
20 17 100827 223
16 20 5467 281
13 1 33771 242
19 9 21247 330
6 2 95567 89
20 15 20339 517
20 4 62222 79
19 20 14426 526
6 17 18133 15
5 10 20853 117
1 10 100983 125
15 2 176064 136
5 6 27721 706
18 11 45717 365
3 16 10579 278
3 15 43818 316
13 11 5821 99
19 18 4465 802
1 20 13525 75
12 18 101444 207
7 76
20 36
3 72
17 88
19 90
18 38

2370808
