20 99 3 3
4 15 12943 105
4 6 31978 61
4 1 7289 183
4 8 36178 931
4 18 29269 324
4 19 26375 316
4 6 81886 242
4 12 87073 174
4 12 5638 330
4 6 15541 1013
4 6 38971 37
4 5 5213 96
4 7 81107 339
4 13 153451 50
4 7 53934 261
4 9 32152 77
4 14 97706 123
4 17 14810 369
4 18 58847 241
16 12 116743 297
5 12 42118 176
13 15 39240 272
16 19 20047 195
8 17 48922 20
16 8 68408 117
16 1 68573 269
18 17 117589 318
17 15 14783 117
6 8 22851 374
13 8 5117 92
7 16 53889 138
12 15 30308 186
14 4 39019 54
15 20 26632 42
2 15 29595 351
3 4 89505 480
14 6 6547 756
15 5 7631 291
20 5 12134 294
17 3 4951 197
1 10 19438 186
11 16 18062 184
3 5 14545 36
1 11 14584 53
7 10 3035 101
20 15 15459 40
20 4 12360 73
13 14 65520 96
12 10 24731 52
20 10 37898 62
18 14 64295 62
10 20 24103 150
1 13 20562 72
17 2 16183 506
19 6 8794 45
13 18 7044 149
6 9 26297 45
13 6 36525 1102
16 7 38475 868
20 13 15003 58
20 9 42230 430
14 5 73318 31
19 18 11063 54
18 12 5613 85
5 4 40865 1178
9 12 73707 689
12 1 25591 146
19 17 3741 685
17 11 21897 29
16 9 7698 160
11 3 2816 244
9 18 3973 60
18 13 29489 348
16 5 9500 27
10 5 41971 217
10 18 44274 59
3 10 20206 173
1 20 27901 79
13 9 180425 81
15 4 16799 446
17 8 4330 96
2 4 2123 33
10 13 19607 395
12 17 44758 211
18 11 96846 107
1 8 11539 666
13 19 66103 306
6 15 42306 148
14 13 72204 510
2 18 51711 38
4 2 48922 755
10 1 102322 621
3 1 5532 248
7 9 5120 686
5 6 33361 158
13 10 55978 141
7 20 13202 107
19 11 10133 273
19 1 10657 41
4 160
13 24
16 14
6 66
18 193
15 88

2672754
