20 99 3 3
2 6 15926 65
2 14 41541 47
2 14 21637 87
2 16 1543 1180
2 12 23203 200
2 20 28762 192
2 5 23124 40
2 15 9648 168
2 20 31483 557
2 12 29401 125
2 15 44393 46
2 7 12325 205
2 8 101762 174
2 20 26528 150
2 15 105725 412
2 16 10794 146
2 14 81284 267
2 7 21145 35
2 16 61534 296
18 6 39796 90
5 12 73438 279
11 19 8216 162
17 4 16135 2452
8 16 30476 62
13 1 5288 388
4 9 23181 993
1 11 123603 71
12 18 3458 83
18 17 37905 347
5 11 50649 263
16 14 32460 343
14 19 27149 731
9 20 53423 196
15 18 60260 81
4 14 27837 286
20 19 6783 101
19 11 9079 206
9 19 7547 118
18 16 18316 72
16 13 50751 1089
1 15 5605 112
5 4 37312 1443
6 13 19178 106
9 6 149655 73
8 11 79562 52
3 2 28828 151
6 12 9155 213
11 10 124653 131
19 3 81355 51
19 4 19991 17
11 12 67383 443
11 5 35824 314
9 2 19381 57
12 15 31038 242
11 3 27140 274
17 15 15133 127
3 5 5992 181
17 18 16202 19
7 1 22847 225
20 3 6573 98
9 11 21251 68
17 20 24318 148
19 8 59030 75
3 12 27046 29
8 2 15211 484
10 9 29838 611
8 10 25922 56
13 18 2694 357
14 7 52678 45
6 9 34031 508
2 18 26850 279
4 18 31904 53
18 7 14044 16
9 7 20892 34
17 2 74940 78
1 16 20535 1664
18 4 19189 50
7 11 13232 102
20 8 176141 47
1 12 22744 116
7 16 171397 129
6 10 1479 214
18 8 51970 300
6 17 24246 320
4 15 72045 193
16 20 28193 117
13 8 13321 78
8 6 3110 693
11 16 21073 489
17 1 60142 977
4 3 106712 138
9 8 25659 289
8 3 24052 404
12 20 21384 232
8 20 24251 430
10 14 36888 281
7 18 54354 55
15 6 27779 390
3 4 20457 121
2 620
9 147
8 161
20 338
16 247
18 900

20673437
