20 99 3 3
13 18 21661 33
13 15 65785 177
13 20 12822 603
13 10 7978 243
13 18 10452 765
13 8 34969 343
13 14 5564 93
13 6 47765 169
13 12 34262 128
13 7 31001 59
13 5 17281 23
13 5 10570 146
13 16 13263 86
13 10 301700 251
13 16 2859 49
13 17 29716 262
13 5 6294 43
13 7 6940 303
13 9 7397 181
9 13 31527 391
3 12 15375 37
6 11 12369 74
15 10 40867 155
10 3 25922 454
18 7 14628 203
12 8 57918 275
4 18 28842 95
16 5 31305 43
18 1 52167 188
12 10 106546 364
9 20 17372 58
6 14 53660 277
17 9 34065 127
6 1 40339 39
7 10 5667 153
8 16 23573 43
4 17 18293 177
1 12 48137 88
18 8 44789 191
14 7 61385 303
2 12 50233 1157
9 17 57682 16
9 6 77448 1353
9 16 13487 302
19 5 174154 512
15 16 38520 639
18 15 15176 791
7 6 16971 155
16 9 46182 284
2 14 17224 88
4 19 93086 85
10 8 15124 74
11 20 8554 107
4 1 14549 98
6 9 67350 90
20 19 71072 330
19 8 9845 200
10 2 17968 202
11 2 128815 26
11 5 19044 398
17 20 9359 139
19 15 10171 153
20 10 33619 399
19 20 33747 219
6 3 15179 46
8 17 11337 60
20 4 20348 108
20 18 33766 548
1 8 39030 1099
3 15 54905 149
8 19 11909 169
8 15 17972 90
5 16 20514 54
10 17 284673 108
19 7 52794 74
3 14 31188 133
11 17 11444 1250
9 11 28658 239
11 16 13859 702
20 5 11613 9
12 9 7254 9
13 2 43335 81
6 4 23595 1550
12 7 61279 484
19 16 67011 49
9 7 70762 286
7 19 36193 73
1 6 39329 67
15 13 67176 306
1 19 79342 38
13 19 240164 56
18 17 20041 164
2 15 18954 54
19 12 22077 1012
4 14 21931 98
15 5 8086 105
15 11 79703 94
16 2 57822 212
11 8 20952 476
13 147
19 49
9 14
16 164
5 34
17 25

2541953
