20 99 3 3
15 14 3705 221
15 18 25540 704
15 3 32801 130
15 2 121025 212
15 11 21519 57
15 4 21969 146
15 8 44329 66
15 18 32440 18
15 6 68813 93
15 19 21826 487
15 18 6966 15
15 14 56886 2398
15 2 27642 74
15 1 10079 170
15 1 82398 30
15 13 20991 90
15 9 14556 120
15 17 5448 43
15 8 93296 359
15 10 15106 51
6 20 34490 628
3 5 3087 562
7 2 12278 67
11 16 38451 40
14 18 20127 157
6 15 3738 441
18 20 10798 119
5 13 24593 399
14 17 25661 404
5 10 21034 297
16 17 72888 167
1 12 20360 273
9 20 16368 167
20 1 106907 94
1 19 46022 181
4 20 42153 1148
7 18 2789 114
18 6 33706 114
20 15 27967 100
19 9 17413 205
8 10 45279 259
3 13 27868 125
9 7 105853 227
18 5 11831 231
7 6 14501 99
2 3 107995 138
18 16 18226 389
7 1 8660 139
16 19 25834 86
2 18 49112 102
14 16 60962 742
9 4 55514 38
20 5 26786 93
5 15 24274 169
9 8 43629 112
12 6 39391 317
4 1 38442 50
1 3 35133 47
16 18 12830 109
17 4 125812 160
10 19 14156 52
7 13 34612 370
12 15 29735 169
9 11 22493 261
7 15 17801 118
6 1 12504 22
14 20 13953 432
18 19 60852 201
12 4 27443 21
8 6 12095 263
10 14 14783 287
9 5 6734 106
12 16 24943 370
20 2 3889 445
5 19 88024 180
5 4 105547 118
4 9 16730 148
2 4 6226 517
16 3 13950 191
19 5 184942 201
3 6 38294 100
8 12 3510 87
6 19 39728 73
20 9 23743 51
14 2 31190 78
9 15 8147 201
9 1 42099 421
7 12 16702 59
6 11 19296 87
16 1 32284 307
2 12 87430 641
2 13 23878 1650
1 8 52306 183
11 15 27088 66
19 10 25357 77
4 12 42556 51
9 18 16445 162
17 12 14269 26
2 9 123922 283
15 140
9 36
7 91
18 31
1 678
19 140

2689803
