20 99 3 3
6 19 5258 36
6 8 4986 12
6 14 14578 102
6 15 54978 113
6 8 12592 362
6 13 12021 115
6 5 140184 47
6 2 50093 406
6 12 15935 258
6 3 37888 51
6 13 12784 429
6 10 37945 389
6 10 7474 236
6 8 23066 139
6 7 112378 104
6 5 8516 133
6 7 46925 80
6 4 75829 31
6 9 21687 65
6 16 17906 189
5 20 120909 128
5 8 81558 52
1 12 14697 67
20 19 45297 145
7 19 41463 127
12 13 26742 78
7 11 137703 920
14 13 28319 215
19 8 28845 119
8 11 135779 700
20 5 10419 470
4 18 11151 471
4 6 197391 67
20 10 18063 115
3 13 25383 70
16 20 11046 426
9 18 4626 374
17 20 16150 916
10 4 4798 207
5 10 19821 30
1 17 24469 227
18 3 43581 212
10 3 9073 126
14 1 9565 101
11 15 20789 24
2 13 12352 184
1 18 42283 201
17 4 15016 169
7 20 40296 102
18 12 7648 67
10 18 40655 309
18 15 92691 119
13 2 50001 117
12 15 21189 360
12 4 45191 36
18 2 8912 157
14 11 126970 124
1 10 14123 137
18 6 173650 114
13 11 77611 129
20 4 14709 89
12 20 59244 383
11 14 87232 77
3 7 12335 36
7 4 10058 181
9 3 50227 260
15 16 49646 384
20 13 4733 163
4 10 220493 147
12 9 101815 316
5 6 109823 46
14 16 10043 69
19 12 44599 378
3 16 66010 179
6 18 12712 57
2 16 9809 161
2 14 42424 55
2 6 4741 622
1 14 21119 114
19 7 14929 299
10 1 25985 53
12 16 71759 87
15 19 16478 212
2 9 18628 1152
16 19 3256 169
10 12 25258 493
16 15 7770 47
13 9 5801 362
1 3 9746 88
15 1 48179 92
4 1 97440 365
2 12 9097 302
4 12 7706 89
9 1 8433 167
8 5 14560 216
1 5 12665 12
7 8 5505 61
19 18 88748 65
2 20 12346 166
6 399
2 105
1 56
13 28
12 665
20 347

8492717
