20 99 3 3
3 9 11932 216
3 9 102268 68
3 13 24706 1135
3 4 59422 133
3 7 12341 75
3 8 24267 35
3 20 41565 456
3 13 54325 730
3 20 55354 375
3 1 5009 113
3 4 13616 30
3 12 121542 119
3 6 14039 114
3 8 124688 105
3 5 5987 425
3 2 93485 219
3 18 25101 20
3 19 24221 147
3 7 19131 201
2 14 21686 112
13 18 21443 306
9 13 63643 631
17 1 254768 92
8 7 16031 327
20 13 10964 150
19 2 3339 29
13 2 78588 220
2 19 73993 1205
4 12 4002 128
18 9 22551 33
1 12 153888 101
6 12 34267 289
4 7 15878 338
1 11 16766 426
19 3 5443 101
9 3 25936 2096
2 18 10771 155
4 13 6723 147
2 15 41204 184
20 7 31489 43
15 10 10911 519
8 11 22121 152
6 15 69818 191
17 4 12764 415
5 3 27889 85
11 5 18071 252
17 11 5753 125
6 18 30652 184
1 17 3763 79
13 17 21390 113
6 8 7216 127
7 1 11029 103
4 19 29025 956
5 10 20055 172
2 4 18435 131
17 16 11894 25
11 8 50271 109
19 10 7434 520
13 5 34092 40
5 13 6250 41
6 17 8011 556
9 5 10097 294
15 7 88580 220
10 8 22209 45
14 16 42276 720
18 5 35122 31
11 2 5550 34
2 11 383935 42
16 6 134359 69
7 3 13399 1139
10 16 12488 1905
1 7 10757 140
1 14 40392 315
13 10 164912 41
14 3 4700 46
12 14 12733 179
11 12 2111 1239
7 8 28355 92
2 8 4979 356
19 1 62615 37
19 15 25834 93
9 15 168138 66
20 8 8076 2630
16 2 8647 77
4 14 16253 349
14 2 6652 160
20 11 3108 309
9 6 5539 62
7 5 29526 110
7 9 47906 48
13 4 24949 98
2 13 17028 68
13 15 3141 87
5 11 35221 415
12 7 10761 55
3 11 51203 74
6 7 28169 118
20 15 9703 309
15 4 82845 197
3 100
2 24
13 49
7 47
8 98
11 33

3301933
