20 99 3 3
12 11 160373 80
12 7 32410 175
12 16 20049 227
12 19 7118 242
12 2 97418 65
12 19 7982 109
12 1 27150 270
12 15 56489 934
12 2 19812 105
12 2 52991 406
12 8 21763 571
12 13 48643 48
12 1 26919 45
12 17 56180 378
12 16 8825 50
12 6 41618 283
12 5 13375 700
12 11 7298 156
12 13 10770 195
18 1 54051 271
15 5 39783 143
16 1 7591 187
14 4 48870 47
3 18 20437 71
13 9 16636 24
9 4 37830 37
11 2 41273 1748
3 9 8953 95
20 4 33773 62
20 3 13854 65
15 10 2942 378
12 20 21079 230
8 10 5578 47
19 20 17244 110
8 5 25762 109
3 20 14495 636
3 14 7012 357
11 17 3991 174
13 16 20258 93
15 12 98389 91
10 8 36465 44
17 1 102414 423
5 11 37264 52
15 13 3851 183
4 8 60384 74
1 3 18767 198
17 7 79996 249
18 10 3530 131
13 18 23940 132
8 11 28941 156
15 6 49922 82
11 18 21625 762
19 11 12036 103
2 19 9531 191
2 12 62025 219
2 15 28547 56
10 12 53878 194
19 6 7213 41
6 1 25338 93
15 18 16716 67
19 10 23663 62
13 19 4978 491
3 2 30460 103
8 6 12737 127
3 19 22212 180
7 20 10917 302
7 17 16329 138
17 10 17056 132
14 10 5003 228
5 18 8709 53
7 4 39221 182
15 9 99538 24
18 12 11865 292
5 2 15611 80
8 4 1399 159
2 7 3397 426
8 14 12532 62
5 8 24502 84
15 16 29295 427
11 9 36473 157
16 11 27335 77
19 14 5269 78
19 12 32621 185
4 11 15097 52
9 15 30239 341
13 6 2685 43
1 17 8601 1659
11 5 84149 105
18 19 107986 644
1 8 314192 114
8 18 7712 18
17 14 10054 200
17 11 20509 152
16 19 13933 75
15 8 11211 75
1 6 19522 498
17 2 18473 121
17 13 70626 169
6 18 12626 28
12 200
15 261
17 49
11 378
19 291
18 38

5804296
