20 99 3 3
13 3 49956 50
13 9 88615 266
13 14 117388 2412
13 11 28231 142
13 5 42915 33
13 14 40116 88
13 12 3357 475
13 19 6300 111
13 8 19086 197
13 5 15477 219
13 4 92263 807
13 9 12757 165
13 7 23032 176
13 2 31165 176
13 18 26532 66
13 8 14086 151
13 9 105740 455
13 6 35065 558
13 3 23806 395
2 5 30732 244
11 9 10320 120
6 13 10914 95
1 5 134391 321
7 10 10480 420
7 15 37068 98
20 18 13637 137
15 4 36653 49
18 3 14526 187
7 9 47495 70
4 19 181214 45
15 9 44192 58
2 3 4294 120
5 12 14498 117
2 4 205223 802
17 11 12410 199
8 7 71624 549
17 16 2824 180
10 9 45009 263
13 16 14282 422
18 15 60306 562
18 8 22656 196
7 20 2518 60
6 11 14455 223
16 12 43902 11
4 6 40789 119
6 5 19508 42
4 3 13525 378
5 8 9939 373
15 2 165000 250
19 2 13616 373
15 10 63789 21
6 7 37312 44
16 11 79704 40
11 12 146761 277
13 10 8031 36
17 2 26106 109
9 11 45881 94
12 3 68452 183
1 10 49842 420
9 16 52362 116
20 14 12487 263
11 18 21052 126
12 11 22221 179
10 17 16105 154
3 2 8299 68
5 10 26228 84
18 7 146807 55
8 10 79716 17
20 8 63908 133
14 9 37501 272
4 12 32288 48
11 2 33893 100
1 9 16325 355
10 4 92169 87
17 19 17575 163
11 20 66320 119
13 17 6623 723
15 13 54745 1184
14 8 12090 62
19 6 21937 184
5 18 109017 35
7 18 342024 42
17 10 53485 43
15 12 28663 268
17 5 92623 290
16 9 11996 534
18 13 273835 48
8 17 12487 447
9 19 17652 74
11 4 276251 137
2 7 4735 77
14 2 16344 393
12 18 5949 52
10 14 24081 166
16 13 4842 598
9 1 36894 177
16 19 23079 63
11 15 16756 193
15 5 22684 1585
13 176
15 63
11 42
9 21
10 74
5 252

4929948
