20 99 3 3
9 20 3331 78
9 1 4684 73
9 6 35396 690
9 16 18503 2033
9 16 45637 178
9 1 14994 157
9 7 92048 89
9 2 48656 289
9 3 142279 206
9 18 4959 68
9 17 19292 278
9 7 15239 886
9 4 12760 361
9 17 15174 603
9 7 173432 96
9 5 37697 179
9 19 175630 428
9 8 18860 84
9 10 23948 82
18 10 9114 404
6 19 39479 62
7 5 42034 68
11 8 65384 41
3 4 10381 161
2 5 7843 144
4 3 18649 42
20 8 45049 375
1 16 22154 98
3 1 25218 39
14 16 32769 46
17 1 13758 55
17 2 5570 46
16 3 20154 236
1 3 9003 22
10 19 30241 108
5 4 28407 150
4 19 28997 88
5 14 1168 121
3 13 21785 125
11 2 13774 79
20 15 30876 450
7 3 35932 208
4 16 112601 383
19 10 11091 93
6 20 54205 26
9 14 9479 1268
15 16 72271 1199
1 11 29451 249
17 4 147564 217
6 16 4565 462
10 2 16117 41
19 2 5892 70
7 11 4573 125
11 17 2744 66
12 5 9461 25
8 16 6708 128
17 8 42774 52
7 18 13099 192
14 1 36875 1924
6 4 36741 1069
1 9 15132 42
10 14 93699 42
12 13 40290 275
14 11 7301 190
6 7 39711 110
3 2 15527 246
16 13 26565 680
12 4 23772 60
16 15 89118 249
13 9 5182 73
15 19 22045 258
20 2 10119 56
13 14 257726 537
1 2 4419 110
2 11 28787 197
5 12 73863 199
18 13 5810 211
14 15 45902 522
2 9 31932 56
4 20 20362 83
7 4 1635 182
9 15 26125 152
12 11 23798 61
1 15 29145 222
12 17 9340 114
4 17 16811 42
19 17 12954 301
14 6 43376 282
4 1 46064 89
19 4 8490 56
8 12 6358 330
16 6 8528 44
12 6 26122 103
14 7 9353 95
5 10 7675 133
17 20 6212 43
15 10 62474 523
19 15 26800 137
10 9 16602 49
9 231
14 42
12 150
16 166
4 321
2 11

7409400
