20 99 3 3
20 5 11964 150
20 2 68724 207
20 2 12398 217
20 8 12920 126
20 11 78478 393
20 7 16063 287
20 4 8494 41
20 10 3684 51
20 19 32610 222
20 17 9924 251
20 18 26119 187
20 9 6988 170
20 12 25050 63
20 14 31053 231
20 12 3275 130
20 8 147263 223
20 6 2498 222
20 8 6375 322
20 12 39015 88
10 11 14273 2709
16 6 7017 432
8 13 14174 135
15 3 84656 280
18 13 29828 453
16 14 38629 1100
15 8 24361 82
2 1 40898 86
12 17 3091 67
13 11 70404 31
1 17 162837 165
17 12 1650 351
6 15 12132 61
15 12 3726 220
12 2 43116 75
13 5 61457 222
18 3 17202 405
4 2 21451 209
8 9 7925 91
16 18 10777 726
17 10 15163 139
12 20 5671 194
16 13 283043 133
6 8 22293 475
1 6 17176 83
17 18 52805 31
9 10 81592 73
5 7 13889 94
10 12 57324 156
9 2 63336 1291
1 16 24258 80
7 13 20861 430
18 2 56276 103
11 8 45808 57
15 2 97695 154
1 9 58030 50
14 18 3473 501
14 7 24646 70
3 18 20640 265
1 15 15821 166
7 3 25709 103
19 9 38048 113
5 6 23166 84
11 12 194777 146
6 17 20598 67
17 2 39576 57
9 17 17833 54
10 19 81697 17
14 9 19871 97
15 20 141258 51
15 11 9796 72
20 16 78311 165
7 12 36041 48
11 19 5302 274
6 7 24516 123
2 13 11039 64
13 16 33976 54
13 2 11048 70
10 15 4737 37
16 19 103889 21
16 17 17079 171
4 10 27330 265
10 18 57174 54
18 5 3755 357
6 16 17495 115
5 11 55616 202
5 14 8431 250
3 15 20733 76
12 13 41385 120
3 2 76388 496
15 6 58783 51
14 6 5451 45
19 4 2572 400
19 1 49364 129
19 16 4004 280
16 1 48695 57
14 13 21126 326
11 3 46261 151
19 18 9230 73
7 10 17893 75
20 120
16 77
15 14
2 27
12 28
18 242

3148161
