20 99 3 3
7 13 23011 309
7 15 29380 109
7 10 7359 524
7 1 7927 284
7 15 29273 5707
7 18 8956 504
7 18 20850 244
7 12 5132 50
7 2 28449 463
7 11 17302 165
7 9 34225 32
7 15 9982 180
7 19 65007 330
7 14 15194 104
7 12 31164 138
7 8 72950 1377
7 2 40001 248
7 5 46102 30
7 4 50216 194
18 7 7231 37
3 1 95950 453
3 16 3395 129
17 9 45670 52
2 11 471997 623
17 20 15828 262
12 9 15534 83
9 1 48409 113
10 12 1825 187
15 8 13104 914
6 9 14673 2681
15 10 11377 181
12 18 24667 52
15 13 56290 82
12 3 21621 53
15 6 82641 166
8 18 19722 120
16 11 20841 87
13 7 18454 136
8 17 6888 183
2 20 4141 144
20 17 12703 110
9 3 15200 164
18 15 178229 53
17 3 22943 60
15 16 17266 30
18 1 18458 188
19 10 4757 156
4 12 41951 33
18 10 13324 66
12 17 29878 146
14 2 13527 203
1 3 4183 190
11 4 11716 292
9 11 66233 259
18 8 25325 203
15 12 35065 617
19 7 20147 91
10 5 35637 41
9 18 12461 235
11 7 14724 30
3 8 6612 67
18 4 22367 137
15 11 14950 204
19 3 47206 78
11 2 44118 24
8 16 6637 258
18 17 54466 153
19 5 41080 376
11 1 21576 253
12 14 92648 78
14 20 10207 180
13 11 25334 54
20 13 25470 50
6 13 33460 334
2 17 7474 50
15 9 26166 79
15 18 38539 236
2 9 2406 260
14 5 1107 67
1 13 21620 100
13 10 8458 1458
19 18 52100 27
18 11 16264 255
1 5 10675 307
19 15 13866 15
20 18 6547 116
1 2 43666 253
19 11 46972 758
13 9 97900 636
9 15 46602 357
1 19 12393 55
19 2 63261 100
13 17 13683 87
13 18 30302 19
1 7 143310 154
12 8 67901 172
4 15 5729 25
2 15 724 55
1 6 41377 330
7 133
15 81
19 24
18 88
11 52
9 158

3785096
