20 99 3 3
9 1 15568 468
9 2 74683 545
9 17 33487 49
9 13 33243 239
9 3 47518 1485
9 18 30968 535
9 12 67375 61
9 16 16038 114
9 20 102499 146
9 5 17252 427
9 11 39844 629
9 15 63954 99
9 10 33964 342
9 8 8021 228
9 14 9522 109
9 7 17371 82
9 6 9377 181
9 4 2838 90
9 19 36877 269
14 18 3694 77
7 13 100759 11
1 15 31289 198
18 9 19093 445
12 14 32259 157
16 8 12272 88
3 14 131017 153
15 18 126218 75
6 19 17563 83
5 12 7779 839
15 13 14713 165
18 20 5489 227
18 1 19193 93
1 11 21538 45
17 18 40675 55
10 15 34459 389
10 11 7980 35
20 10 58395 512
14 17 32738 473
11 18 7035 439
12 19 29958 200
17 5 4367 154
18 7 9162 709
14 19 19577 78
11 1 73575 97
19 11 116099 68
16 4 75352 29
16 2 8020 32
13 16 18121 228
17 20 10168 708
1 20 10177 117
3 18 13222 985
14 15 8127 141
5 17 20689 76
8 7 14300 262
3 12 11390 221
18 13 34495 118
19 17 255716 456
15 20 133500 31
19 1 20544 348
4 1 16427 22
17 10 30238 591
4 3 61004 434
18 6 309502 596
10 7 22762 520
5 7 12342 864
7 3 38190 87
3 8 66882 840
20 4 5892 722
8 10 7763 128
16 3 27071 1334
1 18 10157 171
17 15 13181 407
1 5 105819 71
3 11 23484 1154
14 4 44569 325
8 9 274617 316
13 14 29598 127
7 17 9985 255
2 5 16770 128
6 17 54535 318
3 9 13742 56
10 8 11827 68
19 10 13750 365
2 8 134907 47
7 12 6674 609
2 12 72720 102
13 19 26821 489
14 7 12790 330
1 8 4788 340
19 6 21639 87
1 14 28391 69
10 2 34941 55
7 8 27920 250
7 1 45736 143
10 13 39022 52
19 2 9741 26
6 4 9330 51
12 17 30420 68
13 1 27783 145
9 209
1 42
19 90
18 39
17 24
8 116

1966618
