20 99 3 3
17 18 21942 343
17 3 17676 97
17 1 15335 225
17 2 22420 557
17 15 5459 134
17 15 9088 408
17 6 49206 369
17 19 26319 64
17 18 85414 195
17 12 8416 63
17 15 11504 595
17 12 14679 172
17 1 12065 326
17 6 52529 58
17 8 9370 34
17 7 22953 475
17 10 30801 185
17 7 2469 30
17 3 2489 152
3 17 40439 109
8 18 11958 35
5 8 16674 158
16 6 27848 320
20 15 12579 21
18 10 5034 93
16 5 248009 72
8 10 11693 75
1 6 30502 215
8 20 40164 265
3 1 18399 264
20 6 108051 338
13 18 25029 101
2 17 13248 483
13 11 17955 22
9 7 398060 122
13 2 21738 673
20 2 40447 124
6 13 20237 46
18 1 16933 183
5 7 20236 263
12 2 35533 240
6 19 19811 74
19 18 16999 136
10 20 15622 40
5 13 7245 339
9 8 14637 87
20 8 4327 245
16 2 10179 99
9 5 32950 186
18 6 113206 176
20 19 19949 140
1 5 11717 669
9 6 3093 428
2 12 5273 200
18 13 9220 227
4 7 20721 233
9 13 8166 64
5 11 48711 273
15 11 26721 856
17 5 28685 89
13 3 7873 75
16 14 37223 48
5 10 46401 288
14 9 29971 405
16 11 5918 414
8 16 12011 50
12 10 82705 96
4 3 66546 125
6 18 121910 915
10 15 103450 186
2 20 34608 37
6 4 36849 412
8 6 35790 199
5 6 4015 65
12 19 51296 89
7 14 18401 146
4 17 14793 524
12 8 10293 152
8 3 10706 210
8 15 4249 190
15 12 325261 311
1 11 25426 91
18 4 64060 91
5 3 34412 410
4 1 34971 181
9 18 1818 34
20 14 22581 160
19 13 3169 87
6 7 29797 889
10 6 8632 153
20 18 9315 49
4 6 3541 90
11 14 10622 558
15 3 39669 1108
9 19 5882 187
18 5 9869 107
15 4 39213 118
7 18 31043 59
6 15 14210 479
17 60
20 140
9 70
6 11
18 22
15 281

2242410
