20 99 3 3
7 13 13824 175
7 16 26801 61
7 19 64205 10
7 11 4924 63
7 3 7540 160
7 11 57825 110
7 16 91252 667
7 6 15727 59
7 18 37262 94
7 5 18996 368
7 15 11200 334
7 6 7581 677
7 2 17214 118
7 19 10091 73
7 17 137434 150
7 20 44337 38
7 9 6311 66
7 2 6340 123
7 15 171341 50
10 16 27394 238
9 7 25844 199
11 16 44531 270
11 3 15233 12
17 1 6509 154
9 14 43318 236
17 4 19932 180
18 1 38248 154
15 17 139638 182
13 15 61569 210
19 3 19014 111
6 19 17407 287
13 16 24110 264
3 11 74402 129
3 12 5247 118
12 7 12387 41
3 16 47915 1062
2 11 24904 70
9 16 33328 149
19 6 7235 71
4 8 28149 2218
20 15 226129 184
4 6 17052 86
14 18 6923 54
9 2 19724 87
12 4 43716 106
11 13 5273 70
12 2 17312 628
16 9 9985 167
1 5 24689 36
16 17 26399 136
16 2 8185 49
11 6 18865 83
13 2 53002 719
12 20 9644 138
5 20 13244 50
1 15 78876 68
5 18 4090 205
18 2 36278 366
7 14 10654 1494
13 3 24515 274
20 19 10538 229
15 4 5624 622
3 4 10920 59
6 5 14404 199
20 1 28879 58
19 1 6681 123
9 11 83137 122
15 7 25031 54
7 4 11587 185
14 13 15751 652
14 4 40800 29
10 1 11773 62
19 4 7368 14
10 5 21355 126
12 18 88691 118
14 10 22510 164
3 15 10137 788
10 12 12604 50
4 11 8976 123
5 1 59834 245
18 11 4951 158
20 10 51909 151
11 15 13780 62
4 3 12327 876
2 17 17310 255
11 14 44611 1209
11 4 22027 198
20 16 38802 175
4 12 45941 141
2 5 6622 57
4 2 58121 110
9 13 27661 475
11 10 14144 164
4 18 51313 114
15 11 16486 28
2 7 11935 18
1 6 10320 185
2 12 4557 368
9 1 27633 135
7 252
11 160
9 21
16 25
4 178
2 258

6675038
