20 99 3 3
6 8 17102 354
6 3 22240 267
6 16 17817 655
6 16 33665 1114
6 3 45259 128
6 4 18959 158
6 17 1826 184
6 10 101528 37
6 13 6322 96
6 11 9872 474
6 1 17493 365
6 7 35298 68
6 19 20497 94
6 12 5005 501
6 7 53070 20
6 2 35320 86
6 1 79375 55
6 5 179924 182
6 20 69919 85
1 13 11014 37
9 5 14736 31
12 15 13413 85
4 16 8537 379
1 2 29609 107
16 13 11082 342
12 14 17619 344
14 9 58143 456
3 18 93969 85
2 20 108326 71
17 2 18389 289
1 6 28068 134
5 7 28881 534
12 7 11317 17
8 6 73665 56
10 5 11149 471
5 4 34981 8
20 3 3279 268
4 12 13439 317
18 3 108458 82
1 12 46128 227
14 16 17070 499
1 8 34906 246
9 18 13678 505
2 9 21254 69
20 19 16074 116
14 3 153703 48
3 4 73260 194
17 11 68115 114
3 17 7417 113
15 10 45724 156
20 4 11164 49
15 18 28737 89
9 17 77386 27
3 16 5554 187
20 10 13726 191
13 11 27034 95
12 1 13839 182
19 2 16105 106
4 6 21253 204
14 5 90121 67
10 11 34391 612
16 18 8271 727
6 15 19243 52
17 15 5078 540
9 12 63721 194
8 11 17456 161
7 18 43460 51
17 13 10306 73
17 20 19702 34
17 4 33065 51
7 4 25687 2023
2 3 6749 18
9 15 11510 300
8 12 19955 298
13 8 10785 83
8 14 33262 29
18 10 59730 62
2 1 168805 110
2 4 32852 359
12 6 8661 66
8 16 48187 190
11 5 65967 509
20 8 34551 181
4 20 4501 76
18 13 15604 231
4 8 23220 475
2 5 3524 270
2 7 11853 180
11 18 6034 858
4 17 28947 236
16 2 15303 83
15 6 31014 124
15 2 85637 166
8 18 23323 104
10 13 55559 575
15 12 36795 148
7 19 68866 129
7 17 49018 118
11 2 42107 52
6 80
2 56
17 36
18 161
4 17
16 20

3977997
