20 99 3 3
4 11 22185 138
4 13 32119 173
4 19 30639 385
4 14 169899 470
4 19 1305 1017
4 16 98865 290
4 19 35092 117
4 13 10776 118
4 20 29084 47
4 18 47389 6194
4 15 66092 334
4 9 2584 255
4 18 19095 93
4 17 32845 523
4 7 13626 166
4 10 26511 428
4 16 37766 1864
4 16 14236 328
4 3 22365 229
7 6 59434 82
5 19 20584 130
4 8 20521 176
9 12 12507 96
19 11 7648 156
11 9 14280 198
2 8 12643 972
8 15 20320 24
5 9 14151 238
11 1 6632 1077
18 12 33805 37
3 9 97731 109
19 15 27885 30
3 20 36680 77
13 6 17786 328
3 17 77649 454
19 18 128903 44
20 17 8203 45
14 3 13587 331
18 5 14670 471
2 20 38665 880
15 8 6551 207
11 17 22891 61
5 7 13979 90
6 3 18500 119
16 10 6599 105
15 5 7593 85
12 9 4696 112
11 14 106807 72
19 8 16303 1867
17 19 12351 243
20 2 6892 283
5 16 20929 108
3 5 27581 26
18 8 21693 98
3 16 20686 270
16 20 30074 418
2 1 24561 725
15 11 13362 64
9 18 13219 246
15 4 5445 765
7 13 10800 349
13 19 16327 595
11 16 30703 141
10 16 55516 33
7 17 170571 153
13 3 22057 157
6 16 12524 153
5 15 7130 179
16 11 18027 105
1 9 10165 61
17 18 83581 484
10 11 138993 436
16 12 5840 73
14 19 36468 316
9 16 25026 153
12 19 30103 38
11 15 17540 802
18 3 2536 88
13 8 7080 75
9 1 8562 29
19 1 13384 445
12 6 8313 78
11 7 18995 557
8 18 33877 258
11 19 11530 215
20 11 73599 349
5 2 58828 69
11 20 179758 28
10 12 124699 31
7 5 74338 73
13 20 13054 463
6 10 14418 231
14 17 89800 70
6 9 39705 85
1 15 222013 212
20 15 22668 63
8 13 41879 161
17 20 19979 54
2 19 41845 52
4 880
11 18
5 30
19 1955
16 264
20 161

1772340
