20 99 3 3
13 10 170847 50
13 14 56770 164
13 12 1525 63
13 4 11533 410
13 15 16418 48
13 9 31948 241
13 2 67087 231
13 6 5104 52
13 4 2445 249
13 4 28729 26
13 6 8224 120
13 12 3548 333
13 17 65833 29
13 10 14316 318
13 2 51211 97
13 15 34527 1128
13 1 44663 562
13 2 31489 244
13 14 9734 108
2 12 36479 299
16 11 9953 168
19 4 22870 286
8 1 45299 73
10 18 37879 193
19 17 5894 388
12 5 3784 173
11 8 10255 34
5 16 9883 921
19 1 13722 42
9 15 30767 48
16 4 43248 102
16 17 21418 217
20 19 133373 497
8 11 74529 150
14 15 85529 97
15 14 16009 27
10 9 42846 101
3 12 55052 54
13 20 5321 1061
16 12 8111 69
17 6 7589 224
3 5 117834 63
3 13 28803 263
16 9 6878 96
5 10 125483 313
5 20 20242 1119
9 12 16862 191
20 3 3416 170
12 8 15255 450
15 18 23619 73
17 5 81070 283
17 18 4822 162
11 18 78561 126
3 17 37845 670
16 18 13918 106
5 12 48042 115
7 20 19368 802
8 4 15089 125
5 7 109606 83
6 13 16519 135
10 8 285207 36
4 15 37663 16
5 13 27806 66
10 19 10134 783
19 13 4230 99
3 7 3229 78
4 9 11868 1154
10 2 25145 896
1 9 30146 30
17 11 104979 256
6 2 7315 180
2 1 17093 5436
10 5 28794 129
19 11 45307 197
16 7 10796 160
12 6 22511 58
15 13 59699 72
13 3 15299 91
13 8 8521 254
4 16 37345 24
8 10 10437 37
3 11 19750 119
1 17 15489 82
15 11 32745 145
18 6 705 195
12 20 21980 43
17 4 84007 167
6 11 94197 436
2 19 9655 341
6 9 6043 23
19 14 12564 138
1 20 11949 220
18 19 51757 369
7 16 6843 57
5 15 117636 40
7 4 32414 122
18 15 23051 151
9 17 15701 137
10 4 40594 17
13 110
16 28
10 42
4 64
15 137
12 16

3302716
