20 99 3 3
5 10 21289 114
5 7 38263 114
5 2 16902 118
5 16 14281 288
5 6 145432 59
5 19 28502 34
5 8 11140 34
5 14 53541 157
5 18 22278 324
5 13 20531 36
5 1 4627 47
5 3 10691 154
5 11 13120 182
5 15 33472 65
5 9 14133 38
5 12 2946 240
5 17 24799 119
5 4 44000 103
5 20 38604 32
18 14 45060 117
13 5 8357 182
13 16 25049 142
4 10 464479 36
2 18 19216 64
13 17 75111 25
12 15 144541 888
3 4 24665 91
7 20 7634 76
14 8 5112 511
3 13 8169 83
20 1 42808 542
9 2 14670 82
18 5 6926 344
13 11 9424 101
7 11 8279 36
6 16 8876 99
20 12 15578 6
10 4 30149 173
6 11 31215 283
2 20 44218 33
20 11 60123 279
9 8 118315 50
11 3 15018 122
15 6 13227 88
7 8 18979 120
20 18 45949 9
4 20 1551 253
8 19 127807 106
19 16 22036 59
1 20 7895 53
11 7 71458 176
14 20 35540 38
9 15 23726 237
12 7 10346 66
13 20 32254 40
10 17 20225 66
3 14 24496 144
16 11 110189 30
11 13 10947 273
14 7 7933 209
3 18 10826 131
8 16 77963 152
6 17 95279 279
4 12 47450 530
17 2 22959 502
16 19 34261 360
8 12 7381 208
14 18 67891 55
14 16 19402 222
4 3 29946 80
2 14 2857 84
9 20 34363 85
1 15 13331 81
4 6 36408 47
14 10 372933 26
14 6 205481 68
10 5 4617 123
14 3 46899 313
6 8 33852 207
14 13 68403 95
18 8 23443 76
14 2 14082 56
3 19 13419 137
11 5 19423 36
1 2 13828 1587
3 8 121747 238
15 13 24069 203
20 9 5066 297
20 16 4971 515
12 10 33591 239
10 20 17592 105
16 6 13051 146
6 10 52698 133
20 15 44807 2281
8 10 83463 72
17 19 45152 328
12 17 90617 151
7 16 57952 70
12 8 27388 338
5 38
14 260
20 42
16 113
8 74
11 37

2371887
