20 99 3 3
11 1 18439 596
11 1 20680 6
11 8 13900 73
11 16 13068 16
11 15 23713 316
11 13 29053 96
11 20 27176 329
11 13 49010 46
11 5 11029 340
11 3 21862 1886
11 8 32904 32
11 16 10990 81
11 9 14167 346
11 15 42593 211
11 7 72914 384
11 5 4848 80
11 1 53648 169
11 19 2453 422
11 6 23242 264
12 8 3002 78
4 1 25691 113
20 15 46571 222
8 15 15672 56
20 9 13326 365
6 19 48450 348
5 1 72455 60
18 10 22961 95
8 20 35976 87
2 11 15293 177
17 13 31548 350
13 5 10267 179
16 3 5054 462
6 20 39434 78
5 12 10575 174
4 13 15881 106
8 12 24508 235
10 13 23282 538
15 17 100558 385
12 14 76767 115
12 10 5055 143
13 2 14880 557
10 16 84714 100
7 4 6865 262
6 15 55590 374
11 12 2351 232
14 15 12140 36
7 16 13041 80
4 11 96852 202
5 7 7088 343
20 13 104111 423
1 14 12593 81
18 2 127961 751
5 10 22430 28
1 11 60547 251
12 3 35614 342
15 8 18677 947
12 20 1683 1383
19 12 127706 53
5 8 21504 114
17 5 35604 18
3 19 59724 86
17 20 36101 148
4 3 39265 298
20 7 9390 561
6 11 3294 434
13 6 6243 87
2 3 40012 326
11 14 96680 204
16 1 63539 401
2 20 29971 84
17 15 19295 203
9 19 21050 102
14 9 20072 270
6 10 8673 88
19 3 7538 35
2 10 9285 251
14 5 45719 205
16 9 9764 82
18 8 28134 860
6 18 26790 242
16 14 115862 9
2 6 1741 375
7 6 5362 105
8 3 4922 86
19 4 29188 95
8 1 36437 220
6 12 114219 29
11 4 82852 458
14 12 38501 342
16 2 83991 117
1 17 8516 91
16 10 2359 162
20 19 14968 159
20 5 36984 272
20 6 11296 32
6 4 85923 189
5 14 30946 192
16 5 26271 34
13 12 108633 82
11 198
6 48
20 56
15 44
12 156
5 114

2860478
