20 99 3 3
20 17 146654 551
20 2 23335 229
20 14 9839 289
20 11 12917 88
20 6 14156 774
20 16 10421 408
20 8 6989 44
20 14 47317 106
20 3 44042 136
20 13 41204 60
20 17 58189 1035
20 2 21232 220
20 3 5121 35
20 8 44145 619
20 12 68553 218
20 18 114577 70
20 12 13044 223
20 18 245470 57
20 12 56282 313
8 18 4818 103
15 2 2566 354
5 11 5522 65
4 10 53177 110
1 9 93001 1896
7 6 13335 73
1 2 7549 234
5 4 53016 104
1 8 30214 423
15 8 241638 140
8 12 6251 446
1 11 65769 94
12 7 4183 274
16 17 3252 220
12 13 17930 129
12 14 72563 35
8 13 51630 109
14 3 38186 10
6 11 3310 157
17 3 38725 79
6 10 13377 316
16 5 24030 124
12 20 5742 48
15 17 5367 116
12 17 11079 41
17 4 15487 25
16 18 4978 43
18 3 85716 49
16 11 38118 131
7 19 251771 108
8 19 81058 105
4 9 7509 76
6 9 2925 338
13 12 6876 80
17 10 17892 169
2 19 10923 86
18 12 79515 260
2 3 31143 519
9 15 15031 65
11 8 10151 20
14 13 2934 364
17 19 15729 225
4 7 15628 240
8 5 17352 182
3 1 33733 202
10 5 99311 128
3 4 24116 211
14 6 34114 150
15 3 6762 175
18 7 2964 1278
16 14 5909 601
14 18 14720 57
13 2 16490 281
5 19 12643 631
18 6 12078 837
3 5 8259 503
12 18 14423 52
14 7 33436 66
9 14 2943 79
7 4 13824 343
2 8 14133 77
3 15 48610 118
7 11 47290 377
11 19 18856 227
11 13 14753 35
10 4 53259 95
5 9 56348 85
3 6 23806 78
3 18 28168 140
17 13 33995 79
11 6 24985 243
9 8 18694 139
19 17 37532 152
15 14 140138 359
7 15 10111 118
13 5 85401 29
10 19 18665 287
2 18 24345 290
2 20 6306 328
2 10 24957 54
20 19
12 60
3 48
18 28
19 102
8 39

2116247
