20 99 3 3
9 17 9196 128
9 3 143172 1320
9 5 22138 158
9 11 52785 131
9 5 10678 237
9 14 30629 156
9 5 25618 261
9 13 7488 272
9 4 75621 386
9 14 26790 47
9 14 2667 27
9 5 6711 152
9 19 35634 198
9 19 30519 25
9 2 6350 24
9 14 42637 49
9 13 18735 122
9 12 10237 147
9 8 8368 446
6 8 33729 129
10 18 31340 17
13 7 31475 590
8 15 13727 88
7 6 84058 224
18 13 39691 62
11 4 6420 335
13 16 144264 437
11 17 98503 546
14 17 2013 774
14 10 16168 307
19 12 18076 150
4 6 125353 150
16 11 10181 524
14 7 23428 333
9 15 15290 19
14 8 44552 334
16 10 81572 116
3 16 16900 129
2 16 16620 82
10 1 30633 80
4 19 34678 221
7 5 23195 120
7 1 6117 117
15 14 12831 98
14 11 2297 1196
17 12 62054 83
18 14 12093 536
9 18 11072 948
17 2 27651 160
17 5 29366 40
15 20 10722 365
18 8 4970 263
18 6 30430 237
5 8 15013 411
3 17 20101 203
17 19 31257 116
9 6 10527 431
14 6 118889 199
7 10 27133 149
12 17 12316 68
12 8 28937 179
19 11 29507 107
8 12 32368 44
11 20 11961 1313
10 19 9732 164
2 4 206388 101
16 12 4802 642
13 3 25950 228
8 13 29882 77
13 19 33764 1214
10 6 14277 332
12 9 20050 39
10 20 22490 102
19 9 15462 259
19 8 29202 98
20 15 10791 84
16 15 71539 158
17 20 52481 172
15 17 65742 117
13 14 29734 81
11 16 67224 290
3 12 7441 159
18 16 11110 96
7 4 41757 1180
16 3 62295 282
10 15 26350 375
10 17 39930 80
13 2 28916 395
17 14 134334 367
1 9 6533 313
10 4 30478 145
3 10 54579 136
13 8 17214 268
11 8 14185 99
5 19 16590 51
16 9 48905 20
8 16 14184 116
17 3 38196 176
1 5 7297 62
9 792
10 8
17 49
8 317
14 339
19 196

15650960
