20 99 3 3
14 1 15573 262
14 16 33772 71
14 13 6981 32
14 17 43075 825
14 4 107297 264
14 4 21776 182
14 4 20419 14
14 9 36673 297
14 2 77008 334
14 20 64025 58
14 7 17264 63
14 13 8457 305
14 12 34797 159
14 12 43683 44
14 19 8985 58
14 20 41058 238
14 13 39283 241
14 19 57152 57
14 17 170508 212
16 18 12686 323
10 16 34516 140
13 8 34380 77
2 9 23708 149
18 4 14259 19
14 3 12340 551
11 1 14890 101
15 14 21510 232
7 1 38015 370
6 4 15740 192
8 13 11574 52
13 15 97630 345
1 3 18071 280
9 19 21447 186
20 5 12364 122
18 11 21391 206
16 19 9427 77
1 2 190354 57
18 10 108060 418
11 14 24320 223
12 20 57983 29
16 12 18043 271
4 2 32270 416
5 19 3196 392
7 20 107389 228
4 20 47810 36
5 17 29917 253
1 18 8965 131
5 9 33514 249
16 10 18587 57
16 7 14622 139
17 8 3110 240
2 6 10294 697
16 8 419721 337
6 10 41726 717
20 12 92303 53
1 19 11190 185
11 19 21056 321
5 11 40209 66
13 6 59830 202
6 11 19917 38
11 5 6251 312
15 12 33881 23
13 1 136211 228
19 13 12897 103
12 18 9617 117
19 1 16187 164
13 7 40844 690
6 13 2299 229
17 4 41639 149
19 9 3078 101
16 1 5191 25
17 5 36113 131
16 6 2344 230
13 14 56816 91
9 2 59944 66
13 16 16582 169
4 6 37144 145
15 1 9321 25
3 14 138495 57
9 12 14624 61
18 12 8133 49
17 18 20649 101
9 7 65364 40
1 13 36617 1125
12 11 7076 58
2 18 24054 234
3 7 23168 343
9 15 69254 278
12 5 11864 857
19 4 10281 158
12 3 5306 181
5 15 41027 384
17 15 50263 170
3 15 89485 91
7 10 70410 458
12 1 75510 38
13 11 19110 878
16 3 85460 1893
3 4 21086 360
14 280
16 234
13 136
4 371
1 304
19 99

12347076
