20 99 3 3
4 8 5962 136
4 10 12231 1627
4 17 65949 140
4 20 198608 655
4 18 16358 1554
4 19 13870 25
4 14 40816 65
4 12 18331 46
4 1 39284 127
4 2 4664 269
4 15 8653 157
4 3 93740 61
4 11 19102 128
4 7 38985 250
4 13 25909 132
4 9 1686 141
4 5 25323 326
4 6 2394 40
4 16 103546 143
10 2 20739 141
16 6 8219 62
12 2 11307 284
16 12 62542 299
16 17 146197 77
18 7 951 44
18 4 1644 247
17 10 9712 110
15 7 33887 931
13 14 80508 478
9 16 63372 197
13 5 15054 246
3 1 59884 249
17 5 82876 142
2 6 47032 34
11 13 10813 415
6 13 23691 433
2 13 28142 263
13 4 29111 340
12 19 22820 514
5 4 17468 231
11 7 10447 462
17 13 58284 311
14 17 7054 113
3 9 30104 123
12 8 16726 19
17 1 6794 13
15 13 4652 395
10 9 103179 116
7 6 18680 256
9 13 24434 91
15 16 10702 261
7 4 25356 445
18 6 22468 125
11 2 73585 122
1 17 68381 142
12 5 58001 58
1 18 31507 41
1 7 9590 369
8 11 11586 83
20 19 27442 322
11 18 22824 36
20 13 8871 149
14 11 25069 43
13 11 65038 171
11 9 26158 475
12 6 23179 49
16 3 5314 88
10 19 19998 445
3 18 10657 573
3 10 21391 30
1 14 71244 60
19 6 19828 91
15 2 7517 22
7 16 23182 80
10 6 8055 186
18 9 7149 70
10 3 15238 92
19 4 64187 525
2 11 7701 98
10 12 6464 378
16 10 19615 54
9 17 26045 157
17 7 6730 99
18 14 111864 63
19 18 45566 80
20 2 18393 119
14 18 3333 81
18 15 67534 205
10 11 56139 63
17 4 57333 237
6 19 16315 160
19 16 11148 55
1 3 168117 201
12 17 6482 128
11 10 104428 200
16 4 6798 25
14 5 23570 91
12 14 12392 99
6 7 49912 752
4 247
12 70
10 14
13 51
6 98
7 33

2215665
