20 99 3 3
20 11 16008 162
20 6 70736 185
20 8 26096 113
20 4 62975 51
20 9 20475 108
20 17 34174 411
20 5 4056 99
20 14 21637 148
20 2 22119 380
20 3 14251 26
20 16 22347 449
20 12 27455 301
20 18 22632 59
20 10 22750 78
20 13 9566 114
20 15 16847 69
20 1 12168 857
20 7 11862 189
20 19 50597 299
15 11 28433 393
14 2 82281 53
11 13 30249 68
14 1 109591 130
9 4 6011 99
2 8 37599 270
6 13 21532 260
9 12 11916 443
9 10 18858 91
12 9 5745 199
2 14 32142 200
4 11 12662 152
4 7 30328 212
19 13 16936 263
1 19 11801 705
16 14 19865 168
10 3 42332 170
5 14 9706 106
15 12 47492 71
7 11 31960 40
10 19 147178 135
17 8 6140 348
19 2 62113 417
10 8 26067 204
2 13 8325 159
16 2 8470 470
8 11 77518 114
5 12 12739 228
19 3 36884 1209
18 5 13433 281
5 13 17117 74
13 9 65629 105
1 2 98331 114
12 1 337057 81
11 1 45100 166
18 9 29788 578
5 7 13541 850
7 17 15248 74
15 19 5247 58
19 15 45394 341
15 17 6359 115
13 2 25394 172
7 10 142262 229
15 4 9765 99
19 8 24308 109
5 15 10421 100
4 14 34029 134
5 6 35808 91
15 1 6155 140
3 15 12720 283
10 5 9750 347
15 6 7971 40
18 17 17329 90
2 10 119079 92
12 5 17666 93
13 17 1803 78
18 6 59566 220
8 10 305743 464
12 18 21003 1045
6 5 35745 317
14 18 8404 505
13 3 13176 143
16 20 4475 326
16 10 15674 181
8 5 89781 606
17 20 22611 296
14 4 50002 122
8 20 18657 414
9 19 4928 621
17 5 9639 612
4 19 30504 425
16 8 4167 96
7 2 29002 106
2 6 30565 60
6 19 13750 284
12 20 42271 26
3 11 17250 2858
11 2 24884 42
2 19 56925 26
18 10 102314 237
20 76
15 49
5 90
19 33
2 29
10 28

1451602
