20 99 3 3
13 11 11388 211
13 16 13850 32
13 5 6054 190
13 7 102933 313
13 16 24423 59
13 18 23647 320
13 20 14089 368
13 14 10859 65
13 9 25172 870
13 3 9038 1393
13 15 58924 71
13 12 2648 180
13 7 3953 155
13 16 11216 87
13 6 122682 106
13 8 6431 11
13 10 28729 470
13 12 41432 187
13 17 17643 193
20 4 31039 573
3 7 34053 53
4 6 19884 294
18 10 50675 393
4 14 12290 70
4 5 770 76
5 14 27267 44
10 2 5013 43
17 5 78729 426
5 2 7691 139
2 14 12835 444
15 13 10600 69
19 11 18982 81
6 10 5017 135
11 19 17781 498
10 1 7721 26
6 12 25255 239
6 19 38140 67
16 1 24174 306
16 9 7122 35
8 1 19329 400
18 1 17358 82
5 20 15392 404
15 8 14476 230
9 8 10142 374
2 15 17626 467
7 9 5788 91
11 15 66184 27
18 2 3437 48
12 11 35512 468
8 17 30061 53
2 4 28481 237
18 12 1863 837
6 17 10244 32
12 4 38691 196
16 5 27070 444
3 8 19590 224
3 20 6238 413
12 20 9204 223
16 14 49452 177
15 10 24147 168
18 14 38206 114
2 12 18360 161
12 13 23528 41
16 7 36619 221
9 2 28124 101
9 12 25719 264
20 7 16764 120
9 20 19272 32
1 6 17429 97
17 14 65300 164
1 15 22146 83
10 15 33593 279
2 5 5783 67
17 8 10757 1790
14 8 11106 73
14 3 247521 348
5 11 24641 198
10 5 28936 43
20 8 8940 436
17 13 105290 541
5 16 28323 171
16 20 4262 40
18 15 3098 250
18 7 13756 33
4 3 9062 74
16 13 18372 837
20 2 9521 126
7 20 17437 149
6 8 63827 69
10 9 6265 166
20 10 19310 75
8 20 13536 1209
20 5 19975 37
15 11 19395 68
5 3 51502 322
1 18 33538 33
3 18 21170 94
17 9 77488 160
17 1 47368 58
13 57
18 28
16 98
20 69
8 92
14 37

2565229
