20 99 3 3
16 5 35099 140
16 17 21643 124
16 9 17494 366
16 14 76065 50
16 12 7393 1286
16 13 33558 261
16 6 36818 57
16 10 21773 394
16 1 74276 23
16 15 43914 242
16 19 36169 116
16 8 7136 130
16 7 10708 12
16 2 445930 168
16 18 25604 203
16 3 72165 1483
16 4 2330 34
16 20 26586 236
16 11 3412 516
12 13 124329 261
8 12 25175 533
3 8 164170 82
11 16 16247 96
11 8 31252 78
14 12 22767 137
8 15 12424 325
18 3 37716 304
19 9 8015 200
11 2 16771 592
9 18 80426 433
19 18 21502 374
10 19 298639 30
15 18 166952 312
20 18 425226 171
17 5 40656 33
5 11 6470 285
12 6 11744 87
3 5 394142 184
15 19 9039 55
6 4 12695 89
7 2 10540 39
6 19 29342 568
15 11 17601 1180
14 20 105044 39
8 10 6935 178
9 17 12079 507
1 13 5132 40
4 19 60475 157
15 8 7836 387
12 14 42226 145
8 7 13813 45
8 13 16447 485
6 1 153935 119
19 2 22980 90
19 3 13510 212
5 9 1552 93
14 13 28664 155
10 5 7681 420
17 1 26158 464
10 7 4188 87
2 8 2371 44
13 8 11006 74
1 15 27966 68
9 20 22572 254
13 19 9359 69
1 4 282016 136
19 16 29848 425
12 7 9611 74
3 1 37460 30
11 1 49390 1818
6 2 6825 52
17 18 2882 141
13 6 9624 917
13 2 72713 269
7 8 17769 58
5 12 38192 56
6 20 8484 112
13 1 50746 67
7 5 10481 219
17 15 16290 158
4 17 18349 80
3 18 26325 93
9 11 136337 141
5 7 15845 188
4 16 30988 235
20 4 5445 248
5 18 32311 172
15 4 32501 69
10 17 38716 52
17 3 13064 714
10 18 114468 30
14 18 10532 482
10 20 47454 50
8 5 22326 145
5 6 31083 202
1 9 9803 47
9 2 20929 162
5 20 40697 73
20 6 5016 337
16 152
5 168
10 60
18 76
8 224
2 42

5218242
