20 99 3 3
11 3 79533 687
11 3 12403 83
11 18 2372 91
11 2 15677 311
11 4 20447 43
11 16 10552 123
11 6 20951 449
11 20 22918 251
11 18 14115 215
11 4 17901 219
11 2 98480 140
11 5 160756 132
11 5 35517 248
11 18 17941 214
11 8 30612 92
11 4 5896 239
11 18 56470 188
11 6 22283 298
11 18 73019 133
18 2 20732 90
20 11 12045 283
16 3 10231 261
20 14 8719 140
1 6 50314 132
1 5 21347 50
12 4 32684 22
4 7 20737 55
12 16 30219 23
3 15 6428 566
7 14 186957 510
6 12 54093 805
1 14 132221 1191
16 6 8325 209
12 3 6678 1741
6 11 56489 183
10 6 15259 60
13 4 17001 286
13 2 14088 388
13 8 6357 81
16 17 107126 47
9 2 1748 28
20 17 41096 54
19 20 93864 15
4 11 10274 126
11 19 5773 230
19 10 7293 36
10 2 8406 140
4 1 33534 259
6 17 26776 754
4 3 9433 163
12 10 9780 146
18 7 42899 997
12 7 7908 530
12 6 19699 2675
16 8 10571 81
13 10 18533 41
15 17 11655 1536
2 20 27037 202
10 9 37498 65
5 9 20623 36
18 8 59456 25
8 2 5316 324
1 4 54611 189
3 12 36156 338
15 6 48700 257
5 17 35356 187
18 1 32420 1205
5 11 74056 373
2 16 70794 156
18 5 14168 118
14 15 31703 110
15 11 6028 99
3 9 89663 110
1 7 12188 224
3 4 95613 157
9 16 17442 150
5 18 10514 158
10 14 45285 84
11 10 1549 216
5 3 11766 47
3 8 4301 225
20 4 23326 389
18 20 6482 194
15 8 36405 69
20 6 10109 115
6 20 36387 129
8 18 5801 62
5 13 9322 146
8 11 32928 81
3 1 1378 462
2 3 14348 55
20 16 11352 1227
7 2 178449 66
20 19 35570 973
7 9 53909 261
14 7 12890 89
20 10 18050 216
12 17 137613 356
17 10 8506 694
11 21
20 160
12 98
6 45
4 54
2 203

4571684
