20 99 3 3
15 8 6047 196
15 12 95224 189
15 14 43365 398
15 6 20991 174
15 4 25571 257
15 5 2183 187
15 13 19908 197
15 1 19781 176
15 7 22631 142
15 11 10479 22
15 19 188163 255
15 10 28968 992
15 18 23865 281
15 3 14638 13
15 9 38571 307
15 20 20775 12
15 16 27086 26
15 17 108516 386
15 2 23959 31
11 1 13745 64
8 19 52578 631
12 9 7220 353
14 16 26969 20
11 18 8019 165
1 9 10261 211
8 11 9643 57
2 15 4285 235
16 3 17465 54
10 4 18478 298
16 7 57232 335
13 10 57994 44
7 19 19153 212
3 1 23511 158
6 7 6274 1007
5 10 23466 165
3 4 22158 852
20 16 11499 407
4 14 10441 45
18 12 28238 4082
11 6 17924 315
7 6 11169 559
17 4 58674 98
20 10 18835 338
18 11 3406 437
19 11 29448 137
20 4 44592 49
3 2 9433 126
14 4 64685 511
4 7 41733 66
4 18 42365 57
11 17 111746 1510
13 12 30291 21
8 12 57183 270
19 7 10274 235
16 1 107311 98
6 8 11984 28
3 13 57595 375
12 2 56270 22
18 19 10938 91
11 2 80648 120
7 11 12336 126
16 11 10850 66
10 1 39565 99
18 2 19117 60
6 3 18991 653
16 14 23979 46
20 1 16477 1509
14 20 11483 413
14 6 83032 150
4 20 36634 330
19 9 67063 691
3 19 38730 236
11 20 34928 1279
1 15 16268 135
1 20 25522 123
10 20 11348 208
14 18 21392 302
3 12 21992 143
1 19 147476 106
4 2 81665 588
7 8 19164 41
2 17 298958 354
19 2 7629 1047
5 20 6111 136
4 19 23096 297
10 12 2432 51
2 7 17870 181
12 20 22317 120
8 9 6227 134
17 7 32845 35
17 16 15717 81
8 13 19310 939
13 11 28864 196
19 5 24211 133
2 13 29231 124
8 17 29461 182
10 13 61602 70
19 13 170172 82
6 20 19066 129
15 190
19 90
11 96
20 97
7 79
2 187

5790697
