20 99 3 3
14 13 14547 475
14 19 9492 73
14 10 49685 26
14 12 72354 289
14 20 49537 333
14 18 13076 52
14 11 27030 130
14 2 44586 15
14 16 52973 34
14 7 10262 724
14 1 97114 166
14 6 42870 200
14 8 14846 224
14 17 14227 67
14 9 77860 68
14 3 44319 95
14 15 23627 199
14 4 5190 162
14 5 53725 263
17 5 36526 2271
15 11 16233 128
13 5 13285 439
16 10 97031 299
8 20 6950 51
18 12 4357 176
1 9 114133 90
7 3 10523 89
11 9 24592 903
12 14 20168 221
13 9 6299 142
16 20 14410 91
3 7 31464 67
18 7 9264 189
16 9 3576 35
2 1 31808 278
7 10 71719 98
12 1 10618 329
2 19 15470 107
19 13 56483 6
2 9 4150 44
15 13 51475 255
11 5 12999 137
5 16 12138 278
19 1 3685 53
10 17 12055 243
5 17 89090 67
4 16 63793 142
9 14 22787 24
11 14 36165 201
13 15 11157 188
6 17 13039 172
11 12 20753 194
15 2 30335 70
10 19 8925 270
10 1 25553 139
8 13 28509 59
11 7 50548 335
13 12 157103 1082
11 15 4245 256
4 20 65509 48
2 12 44848 53
6 12 14922 15
15 17 445470 130
1 20 7386 86
11 4 49692 463
10 15 76017 64
18 1 12176 58
3 19 16908 144
10 7 7418 66
11 10 54664 179
20 16 14398 27
6 15 44138 450
18 15 8058 106
1 18 135301 286
13 18 66655 175
7 19 14376 65
15 3 7454 40
19 20 35838 54
5 18 8264 96
17 11 79127 158
6 14 7423 248
6 7 98757 101
6 2 9148 30
20 4 16954 148
9 12 87314 8
15 1 11056 66
4 19 18646 112
8 9 49501 121
10 8 48362 557
3 12 11505 110
2 7 4067 50
11 20 45372 186
17 6 48307 196
3 20 55215 120
20 1 13856 233
4 14 21325 461
7 9 7528 34
17 15 34103 94
9 11 23754 148
14 95
11 279
15 6
20 44
12 40
9 43

2437064
