20 99 3 3
19 9 41730 108
19 13 17969 44
19 14 21539 239
19 10 8402 225
19 14 3426 299
19 7 21815 30
19 13 19606 484
19 13 21082 347
19 4 7335 17
19 17 108376 71
19 6 65301 346
19 8 16201 784
19 8 12590 273
19 15 133299 115
19 18 51865 298
19 13 90446 104
19 15 44455 294
19 18 7896 160
19 17 21355 40
1 16 58088 250
18 14 13574 37
6 17 17452 297
15 20 23975 37
6 20 45970 471
8 11 25712 247
20 8 19821 105
4 9 12395 261
6 13 114949 120
12 20 63333 794
8 2 32223 765
7 17 33729 563
5 2 2700 188
8 13 15452 53
2 13 6783 234
13 7 111712 375
2 1 3436 363
18 9 16356 80
18 17 38335 22
1 7 8818 178
15 9 29633 127
6 18 250410 369
16 1 52192 128
5 14 7552 223
2 3 14642 77
15 8 70504 150
5 3 34364 55
16 9 14647 89
4 13 8257 11
13 4 378204 169
15 12 10914 77
7 1 16192 389
12 19 93173 10
12 8 1309 144
6 8 69498 255
15 2 16608 105
2 19 6915 29
18 4 10624 333
10 17 12144 207
13 15 27247 96
6 5 10803 363
10 9 56248 530
14 15 258420 352
11 14 19497 321
17 14 58504 114
11 10 12187 37
9 16 323778 871
7 2 18807 253
12 11 60912 149
9 3 15728 118
14 16 24909 120
7 15 25310 365
3 12 25031 183
12 3 8208 13
3 16 22950 47
6 2 15303 15
6 9 7750 32
2 4 36571 169
14 7 6341 162
18 7 66672 108
9 10 38245 51
12 2 6212 103
8 3 35340 54
3 13 27699 139
20 12 40099 57
20 13 34987 111
9 5 86577 316
8 10 28761 136
17 1 83949 181
17 10 13517 57
18 8 13365 1420
8 9 9327 422
18 13 31267 277
10 1 47216 768
7 14 14458 268
7 5 4026 48
8 20 18128 32
18 1 25961 95
14 5 37378 157
6 7 129588 91
19 133
6 117
18 112
13 134
9 147
14 418

3992771
