20 99 3 3
7 18 19186 34
7 13 48061 53
7 16 12855 19
7 10 126885 793
7 11 12547 211
7 9 40188 50
7 3 6693 405
7 5 6258 89
7 1 12438 535
7 8 14252 1685
7 6 12081 28
7 20 27834 2738
7 17 59355 215
7 2 32949 70
7 19 6590 32
7 4 17368 93
7 15 75129 1419
7 12 17103 1085
7 14 9372 1203
8 13 17804 409
3 5 18994 297
19 16 2799 78
12 8 79824 68
9 19 42378 81
6 17 34161 160
1 7 63199 83
6 19 5597 112
15 19 37341 118
5 6 43098 75
17 7 52285 59
18 12 68006 45
15 12 23559 104
13 1 11613 268
12 20 72282 74
10 3 5352 93
15 14 7645 176
16 12 17914 190
16 9 9814 262
6 12 35847 95
4 12 20274 239
14 2 27119 75
20 4 62999 215
10 11 52413 460
3 17 19780 106
10 12 17064 207
3 14 61216 419
13 15 48591 28
1 14 26541 52
20 13 4183 205
4 19 9497 1361
9 16 11839 28
18 10 29960 381
19 17 9478 373
3 10 30853 101
8 10 90841 291
13 8 363254 17
6 5 45822 67
20 8 8251 492
20 16 45267 209
13 2 30861 246
2 15 123678 351
12 16 36568 333
16 10 32747 115
14 19 9127 377
20 3 34992 153
2 14 28565 238
11 15 44651 160
14 11 4250 117
5 17 56108 69
8 3 12060 15
14 13 10960 563
9 20 28186 288
17 16 241379 249
4 18 27446 236
19 7 10592 146
12 3 14671 153
5 14 6339 130
14 7 10405 186
8 6 54719 91
18 14 49652 251
1 18 66120 134
20 1 45507 418
10 4 14173 34
8 12 627752 93
16 1 52419 404
19 1 1799 69
16 17 35179 103
20 9 8710 349
14 18 4832 124
9 14 88578 139
10 17 51081 460
12 13 59722 91
11 17 120388 23
4 8 23576 306
16 19 36714 301
15 6 6078 90
8 5 3234 594
15 7 313572 28
14 3 14896 118
7 437
20 112
14 56
17 267
12 145
19 23

9286939
