20 99 3 3
3 2 35160 112
3 12 40894 380
3 9 3391 334
3 7 9232 199
3 12 25699 145
3 15 27665 89
3 12 195815 134
3 15 14763 39
3 18 21549 141
3 19 42409 170
3 11 21439 97
3 1 6677 303
3 1 202678 70
3 1 8459 122
3 20 222897 334
3 5 59776 76
3 6 73093 468
3 10 16115 35
3 8 6008 86
5 8 5973 17
4 15 28242 585
6 3 50218 310
4 12 32530 566
16 12 10348 204
9 15 33793 406
18 5 20566 487
17 5 26995 504
9 2 7909 320
3 13 38918 254
19 7 6471 415
7 10 28767 44
16 10 12188 114
13 18 3395 33
12 5 4452 255
17 11 28195 65
12 10 53598 23
5 16 111286 152
13 9 5371 264
6 17 19232 49
3 16 23635 35
13 5 11439 138
1 17 24244 437
20 15 15220 125
20 12 14494 169
9 4 11111 470
4 1 113015 584
8 10 21105 221
11 3 30302 147
18 2 29802 561
2 20 11716 112
4 9 28994 208
13 15 33546 423
8 13 19829 578
14 16 8151 136
18 4 58787 268
2 15 9308 32
5 3 28212 291
12 19 36848 774
12 13 6688 39
2 14 13566 127
8 19 8783 1353
16 11 14617 40
14 8 133190 151
20 1 26345 109
11 1 13785 349
19 18 83707 58
15 10 27648 559
7 20 6429 224
2 6 16422 1069
12 15 32946 134
19 16 24557 158
18 11 79030 338
7 15 4227 400
4 3 17212 122
9 11 96102 134
4 6 52050 21
11 10 45422 21
16 17 37819 103
11 20 27474 143
18 16 7618 447
4 17 1730 77
5 6 10102 173
16 8 20435 238
10 3 9506 523
20 2 13365 508
19 9 27733 618
10 19 32683 253
19 15 4190 149
17 16 16220 241
8 2 35953 142
7 9 32470 97
12 17 13167 311
6 10 50891 85
17 6 6667 85
2 18 26376 60
8 17 64034 429
5 15 17893 111
16 3 29884 1006
2 11 72077 38
3 399
4 238
16 66
15 101
10 349
17 329

18577258
