20 99 3 3
14 6 6334 305
14 3 11082 25
14 9 11429 67
14 2 14534 161
14 1 63530 26
14 19 12285 194
14 13 57349 298
14 8 30114 26
14 20 15722 178
14 12 20616 146
14 10 12423 94
14 15 18766 667
14 17 91544 176
14 5 60078 201
14 7 43933 267
14 16 8303 467
14 11 50607 198
14 18 30044 46
14 4 4609 77
7 3 7497 352
16 4 88267 477
18 9 61935 116
7 10 59939 60
10 18 14790 1138
10 19 8753 140
8 15 64117 218
6 7 63361 113
17 14 11219 50
12 17 13646 38
4 8 26661 132
6 4 3232 68
16 12 12343 417
7 20 41124 35
10 4 6833 100
2 20 45837 359
1 8 35193 24
12 4 19969 87
8 1 15494 93
20 13 41429 23
2 11 61771 77
15 10 24393 277
20 6 80069 652
5 12 3410 38
16 2 2483 478
11 2 4662 8
7 8 45615 366
9 2 14821 103
10 9 11635 24
13 17 39906 548
9 20 10792 30
17 10 19381 219
6 19 3587 666
8 6 5740 92
20 16 7891 46
15 4 3489 422
7 14 27482 98
17 16 73425 457
16 1 5755 42
9 6 9713 107
8 14 57290 103
1 17 14864 182
13 10 10277 18
3 8 4662 218
16 6 15369 382
18 16 11733 111
9 19 188732 57
1 3 32625 55
20 7 86183 400
1 7 6051 329
18 15 6998 112
17 1 16087 40
20 4 78585 150
6 9 16453 84
11 8 44355 181
2 19 43996 120
10 15 10962 185
15 16 29150 180
13 8 26290 87
5 3 31594 213
17 7 117699 91
7 12 4723 143
20 17 91274 189
9 4 20855 35
18 13 31193 334
19 15 55175 138
9 5 69382 450
4 15 20501 51
4 20 25508 735
5 6 2203 433
12 6 13441 38
10 20 11531 17
13 6 43625 497
12 16 16326 153
3 18 38182 75
8 9 34583 128
2 12 15348 50
7 11 36732 778
8 19 16918 228
15 8 10041 191
14 76
7 35
20 24
8 9
6 77
4 13

818976
