20 99 3 3
8 7 43986 39
8 17 48482 90
8 18 13455 113
8 13 5015 106
8 12 83359 79
8 14 8482 72
8 11 32697 450
8 4 16586 234
8 17 6485 265
8 9 8362 109
8 13 29198 172
8 5 218151 81
8 1 153545 120
8 10 52111 132
8 19 6341 48
8 19 19776 100
8 17 28192 686
8 16 40188 34
8 9 74752 284
10 8 8569 199
4 11 64020 62
3 15 25748 39
17 11 10052 59
20 16 33447 184
11 20 39629 436
15 12 42713 75
13 11 30320 10
3 8 32129 904
12 2 23938 343
20 6 4861 319
17 2 16852 153
7 17 16907 56
18 3 1880 242
5 9 6130 203
10 6 33480 107
8 15 3322 80
18 1 15728 138
19 20 78683 392
17 3 14600 30
6 8 7181 23
14 5 23397 137
9 18 8802 82
11 10 34626 77
12 6 25352 338
19 3 23297 111
7 18 42984 434
20 1 35238 340
7 12 19344 309
6 15 52002 153
12 18 8336 80
14 13 17910 125
4 20 4266 246
10 14 35303 397
18 9 46865 64
6 1 3850 23
9 19 17824 87
3 19 71105 2294
6 16 4136 849
9 10 37457 127
2 14 17257 152
4 10 3105 298
9 3 5733 157
4 9 2332 122
16 4 4218 153
14 4 151450 291
14 1 80156 848
16 17 22769 62
6 12 103410 359
12 10 16058 106
14 9 212817 296
4 6 63504 2300
12 4 7809 32
20 11 51139 47
3 1 13359 125
5 15 65369 44
11 18 23775 144
17 8 151218 279
19 1 110067 1177
12 17 4307 31
15 13 37097 110
4 3 9237 36
15 3 8498 154
13 4 28646 208
20 5 17294 68
10 15 3061 149
5 20 8540 439
19 15 47785 68
10 4 4333 1064
12 9 44926 349
3 6 8935 241
14 7 7096 87
9 12 43330 52
17 1 5357 138
19 8 22054 842
11 15 14583 27
18 14 205253 306
19 4 17615 417
15 18 13679 37
1 10 23833 39
8 180
12 35
19 66
1 50
15 374
9 32

3609083
