20 99 3 3
15 2 5423 639
15 17 94226 140
15 12 45494 158
15 20 4872 35
15 7 49353 599
15 19 2131 258
15 12 26941 55
15 17 25069 115
15 10 7180 93
15 13 8740 57
15 2 135281 85
15 7 76452 151
15 4 103052 8
15 14 34599 66
15 17 194202 139
15 17 16899 143
15 4 12108 202
15 13 12688 270
15 19 78490 191
1 13 11517 761
17 5 3887 513
3 16 64247 113
9 5 9330 63
10 18 43404 259
6 8 34044 501
16 9 36635 63
3 17 6451 57
4 8 87263 271
8 19 230761 24
3 11 625 1212
7 6 4010 62
11 5 17541 480
2 4 31874 146
13 2 21118 100
19 17 18605 802
5 11 15762 1018
3 8 48454 54
20 9 30445 450
4 16 11418 72
15 3 26133 666
18 9 29640 284
5 2 42840 1760
18 4 70894 65
14 1 3032 1043
1 7 20101 54
19 7 46962 410
11 19 40282 80
16 20 29007 321
18 5 37112 276
3 2 8240 230
12 17 9598 55
13 8 35210 220
13 1 39797 216
12 8 15334 218
15 1 73255 1096
11 14 18375 14
9 10 62353 450
3 4 37393 126
14 2 15569 263
20 3 26293 65
10 12 16199 203
14 4 37144 630
7 13 65220 16
14 5 11874 1057
1 6 66925 128
17 11 19945 31
7 14 33789 132
7 9 35151 54
1 3 48802 73
4 11 27785 170
2 10 6198 49
20 14 18325 75
13 9 16015 1600
17 20 21891 153
1 2 28779 115
2 1 14523 441
17 12 5462 41
18 7 50774 236
20 19 2288 370
7 10 23782 180
4 9 18444 21
9 12 29153 67
15 11 20098 454
6 7 9407 64
17 3 39853 158
5 20 13864 117
19 14 8261 530
13 17 68746 465
5 15 10440 215
15 8 5129 66
2 16 23197 440
9 17 15977 334
5 4 18231 112
6 5 9678 154
14 3 12198 113
4 7 52191 204
18 15 2638 449
5 19 32430 93
11 18 64553 327
15 1311
5 36
3 12
17 48
7 1648
4 959

52954441
