20 99 3 3
7 8 26701 112
7 8 20917 29
7 15 12060 497
7 18 64920 94
7 11 24251 955
7 16 27815 552
7 20 58308 332
7 20 84746 1354
7 2 34527 88
7 19 10646 501
7 3 20680 901
7 1 68926 291
7 17 87088 79
7 13 41311 292
7 9 10170 286
7 13 11666 177
7 9 42023 144
7 9 11951 480
7 14 8922 104
5 18 28586 62
13 20 121020 237
15 10 17817 319
2 3 5926 85
14 5 9810 28
16 18 19171 418
17 7 25450 187
1 16 12614 243
11 5 14753 35
17 2 15641 38
13 5 21842 23
11 4 15188 62
14 19 15295 40
9 12 14075 90
16 15 14317 209
9 2 10805 933
1 19 40963 37
4 17 197946 111
3 2 4519 354
4 18 8646 2317
1 20 18505 333
19 9 11003 133
2 6 20568 27
13 2 11371 481
11 20 19427 119
3 8 17954 168
5 10 11257 106
6 1 41669 94
15 3 80561 10
18 3 41217 270
16 19 17673 194
8 14 76900 56
3 4 24448 1020
6 8 18065 91
6 4 73301 125
12 7 66121 9
15 20 2999 11
15 19 70173 55
6 18 13803 244
17 4 76405 1135
4 16 108478 52
4 11 41278 288
1 12 27077 80
20 18 28850 1393
2 9 113910 376
19 10 144164 90
11 17 19053 1273
11 10 13821 76
15 9 3688 58
5 6 7597 212
17 3 4879 892
18 14 25529 196
4 13 49488 261
2 16 35035 998
6 16 8972 101
3 10 112274 154
12 13 8467 752
14 8 23352 44
20 9 9174 384
1 2 42953 405
10 17 8984 74
5 1 4667 223
19 20 71540 14
5 20 12824 78
9 11 3585 55
10 4 5900 224
20 13 60162 127
3 7 13187 129
6 10 79248 348
18 16 31627 151
20 8 30376 58
11 18 36255 1869
5 17 32771 302
17 9 12590 69
10 19 52229 188
10 2 49084 188
10 3 16335 112
3 5 8836 20
20 15 128993 37
1 11 16284 89
7 190
11 36
6 42
20 169
9 88
18 237

5387005
