20 99 3 3
9 8 13246 76
9 16 16648 69
9 3 1860 104
9 15 27706 278
9 18 48837 66
9 2 8792 410
9 15 157063 135
9 11 46037 377
9 2 6171 1599
9 7 15169 478
9 3 9521 193
9 5 10230 349
9 8 10371 205
9 19 46445 772
9 4 6813 269
9 8 17945 40
9 12 8641 344
9 1 38921 44
9 2 88991 886
2 6 4582 114
20 14 29546 88
10 17 116312 59
10 2 23023 656
11 12 14485 89
5 1 7307 196
14 10 36768 284
8 16 1910 140
15 20 23770 18
3 12 14960 866
9 17 35902 72
12 15 19231 254
7 19 30236 33
18 10 19762 43
16 1 14062 757
17 18 13619 450
8 1 184230 256
4 7 6693 333
13 19 8904 85
10 1 3534 438
3 20 60506 152
7 9 9664 128
19 2 96326 59
18 19 5772 65
6 17 33059 899
19 14 12523 403
13 2 90363 68
17 7 8514 138
1 2 27951 63
4 20 65050 130
6 15 46926 536
2 19 9477 143
3 4 26202 497
11 17 11179 164
11 9 172207 230
17 9 34615 880
11 1 20488 71
15 2 51504 199
3 14 110110 356
15 5 14228 163
7 15 14876 191
9 13 22474 95
17 19 37795 31
5 16 35222 62
15 18 28664 52
18 16 182255 350
5 17 61361 295
7 8 32339 491
9 10 47157 251
5 2 31697 94
17 15 28384 63
6 7 41274 298
12 18 6138 174
11 4 43705 146
18 11 17745 736
7 10 72045 76
13 7 15874 61
12 13 40779 596
5 11 64010 1652
12 3 21922 206
20 6 8436 70
13 9 91206 270
14 9 35020 218
8 5 25254 355
5 13 49032 121
14 17 36919 35
7 13 34290 87
20 2 18594 109
6 4 80370 182
11 18 30533 306
8 2 9375 57
11 6 45112 148
7 20 20260 203
20 10 10656 217
19 15 6315 65
2 1 13419 82
10 19 87218 21
1 3 32511 116
16 20 6746 500
7 1 59486 116
9 220
7 16
11 21
2 183
1 87
19 139

2543509
