20 99 3 3
17 9 7611 576
17 15 16144 217
17 16 57228 46
17 8 8767 100
17 7 17035 195
17 14 125150 88
17 13 5206 80
17 10 13451 45
17 19 6514 75
17 4 66795 25
17 11 22196 195
17 13 13565 1042
17 8 15601 162
17 9 16383 347
17 13 245769 132
17 10 14402 146
17 1 39339 92
17 13 59296 77
17 13 14114 538
7 9 28163 35
3 20 5211 70
7 12 43737 280
5 19 29254 275
9 13 26561 381
18 5 10740 49
5 3 73122 181
6 18 41136 184
12 15 23529 26
4 10 17407 246
3 12 36785 1334
16 7 22204 641
20 18 7658 173
20 7 6058 140
13 1 124522 509
6 10 15839 206
1 19 54680 83
2 13 18660 139
5 2 9794 294
14 20 12106 405
15 5 42032 74
19 5 19487 749
16 15 47488 458
1 20 49650 331
7 1 15649 1981
6 11 46793 203
6 9 11324 19
19 18 56094 99
1 10 29514 218
3 11 14184 84
9 20 32187 150
12 16 20283 358
10 3 8360 59
9 16 23654 128
14 6 9742 80
3 5 14786 119
9 10 17414 79
20 8 5753 1885
2 5 9476 160
1 18 10810 139
6 3 29405 737
14 12 7007 191
18 6 33488 137
1 14 14174 381
7 19 17028 918
4 1 102422 70
4 16 49325 170
9 4 11477 768
13 15 181288 221
13 3 6879 428
7 17 13698 266
6 17 58937 36
5 10 8130 224
13 10 84279 39
2 19 64581 712
19 15 18045 52
15 17 369111 203
8 17 4197 13
17 12 105536 217
7 14 19833 326
6 1 4864 158
16 20 2323 322
8 5 14801 322
5 6 53700 162
12 20 12579 981
13 20 82799 1049
9 7 2813 37
12 4 15703 44
11 9 16563 222
19 11 17671 112
2 15 55791 32
18 19 192356 324
2 6 6711 122
1 7 40486 38
5 7 177800 630
10 18 159097 29
6 5 36800 738
4 19 34794 106
3 6 56215 744
16 3 48909 98
17 160
6 96
9 6
10 46
20 474
19 31

5614681
