20 99 3 3
5 11 5010 425
5 11 54141 221
5 13 16402 232
5 3 55270 830
5 14 62347 131
5 3 10062 118
5 6 37523 343
5 8 35004 366
5 9 50233 123
5 9 35672 247
5 4 9062 154
5 10 62848 173
5 4 67559 455
5 12 33761 43
5 9 24028 58
5 19 72267 287
5 17 9060 74
5 14 48717 156
5 11 207310 368
19 2 27727 76
1 2 6326 158
2 18 11704 4
3 16 54098 695
11 8 24931 307
3 10 14331 298
11 4 125325 1086
4 20 25560 322
2 9 10668 170
2 6 15935 513
12 3 18323 19
7 20 30161 75
1 4 13039 150
14 19 34726 28
3 15 31714 444
19 20 6435 898
9 15 22319 46
4 11 51601 751
15 11 3311 89
14 8 11647 31
12 11 9400 178
4 6 69425 1910
14 20 7794 318
15 7 34640 182
2 1 10858 88
16 13 9309 65
12 5 13868 536
16 7 36381 47
5 2 147206 26
15 4 20722 351
16 18 90071 511
16 3 89343 87
11 3 8999 83
19 18 32090 199
7 12 6383 201
18 11 16065 169
10 7 28416 271
10 6 7474 335
18 19 26080 21
11 14 94047 1064
2 11 35165 532
16 14 50719 195
20 15 29250 512
17 8 25376 399
10 13 29005 174
9 18 55939 67
10 9 165197 1541
11 5 9578 74
15 17 40940 434
12 6 32880 171
10 18 36262 146
2 7 35710 314
13 17 8533 32
12 1 8162 51
14 11 13152 62
16 15 112415 30
18 12 36046 119
17 14 12409 50
16 12 142691 24
9 11 55698 161
8 2 5203 92
6 9 33112 68
19 10 1205 38
10 1 17530 907
13 14 15042 524
19 9 16653 172
6 8 79855 73
11 15 80457 134
12 16 25821 86
20 2 8407 1388
4 9 95230 44
20 5 6844 10
19 6 16879 45
10 17 79472 281
17 4 46966 40
9 6 63766 551
7 1 36862 80
15 6 5202 78
8 18 19820 367
16 11 41187 97
5 80
16 136
10 21
11 10
9 162
6 173

10225504
