20 99 3 3
12 9 22559 428
12 5 91682 55
12 3 22760 41
12 16 172631 424
12 3 41968 142
12 7 4353 199
12 10 14665 82
12 18 11171 57
12 11 235961 230
12 15 8562 183
12 10 18608 214
12 16 33434 121
12 9 28374 315
12 20 32091 103
12 2 143887 89
12 13 29558 241
12 13 22214 641
12 19 8755 90
12 11 34237 183
13 3 4660 99
15 20 20694 21
17 16 16001 35
10 8 31570 73
13 4 25049 272
17 19 15812 37
4 19 30175 101
16 5 14171 22
2 12 184483 340
18 14 9575 463
8 9 20331 114
8 13 44373 26
6 1 62246 280
18 4 61009 425
6 8 5961 51
15 12 77776 498
7 17 70672 220
10 7 19150 30
8 3 35849 631
20 10 5879 72
16 20 21524 72
15 7 81700 140
10 19 12417 509
7 19 3441 62
6 14 22395 370
9 15 77690 516
6 15 25005 173
11 4 9035 106
15 11 16270 560
4 13 7117 163
10 20 17525 109
1 15 22172 459
15 5 18885 384
1 9 81453 85
4 17 40331 914
12 1 22002 278
20 12 22741 383
7 3 22052 97
6 7 5501 63
11 15 46942 261
20 11 14084 47
16 14 17315 137
15 2 305440 56
7 16 120170 282
5 7 24451 238
7 9 64775 371
19 8 80762 192
2 13 16433 68
1 6 24765 254
2 11 35012 138
11 9 8391 130
13 8 7922 225
19 4 8448 236
3 16 7286 2562
10 17 5497 364
11 19 33103 369
10 14 12894 130
9 18 29112 937
5 1 59531 26
6 2 54408 903
5 14 2538 255
19 3 21322 285
3 7 6418 59
13 14 9981 111
3 4 75290 408
14 20 22946 85
14 12 71002 145
4 10 36589 127
19 2 59222 160
17 15 4844 171
14 17 110971 81
9 12 12413 164
20 17 5569 189
7 1 13101 141
4 5 8737 2395
16 19 23854 20
20 2 7540 445
4 16 17296 181
7 15 8124 25
14 15 87064 390
12 60
7 154
15 1032
19 248
16 442
14 829

63014644
