20 99 3 3
19 16 10485 85
19 1 32721 319
19 14 9388 112
19 4 66183 120
19 12 10457 1206
19 7 36683 360
19 8 9077 52
19 9 68477 214
19 13 12046 710
19 20 8893 204
19 10 69933 301
19 15 20554 585
19 2 43084 143
19 11 66700 114
19 3 58063 41
19 5 22964 42
19 17 87988 153
19 18 44079 227
19 6 18811 972
12 10 29101 28
7 8 21410 428
9 15 40086 199
1 9 5541 28
1 2 60721 99
5 10 263209 194
10 7 14962 646
15 4 140234 74
17 8 13985 1794
7 13 3437 70
13 16 12360 359
5 14 31995 49
11 5 28004 28
3 6 127892 200
2 18 69595 405
1 14 4300 261
11 15 3837 293
7 4 45408 220
8 12 24128 55
17 19 45193 184
10 4 51383 474
16 14 18330 378
14 10 46571 180
18 11 8315 123
4 5 13487 1052
16 19 513281 136
8 19 15599 93
15 2 11313 62
18 5 5640 104
6 4 40116 97
1 6 47863 452
1 5 15861 85
9 8 14975 162
20 5 33047 39
20 2 25484 563
18 17 70103 440
10 17 16569 216
8 15 12140 951
7 3 12712 133
9 17 10220 23
8 11 30603 505
5 15 70392 54
10 14 22794 973
20 7 24416 208
14 1 4806 306
6 19 19968 250
4 17 7985 96
17 9 14889 62
16 11 74963 362
5 7 20930 194
3 12 4229 172
11 10 14889 96
8 7 5151 196
14 8 87675 127
6 14 68051 239
14 4 14272 572
16 3 52124 72
6 17 105479 111
5 6 10917 63
12 19 23174 82
18 13 77250 111
9 20 14315 119
6 2 12723 320
8 17 129647 345
9 13 3736 111
18 19 29229 52
9 5 57330 33
6 10 16674 526
11 6 5754 163
8 2 67025 352
10 2 2122 197
5 13 44976 277
14 11 5832 22
1 20 8921 723
4 18 8387 561
2 3 24253 266
13 17 47418 319
12 3 2364 102
12 11 15277 205
8 20 13702 34
19 133
8 40
9 36
17 97
5 18
2 7

3154313
