20 99 3 3
5 1 25263 175
5 9 58764 192
5 12 5307 148
5 4 24883 160
5 15 10346 102
5 2 42586 306
5 3 11208 616
5 10 3186 134
5 19 78003 346
5 18 77878 113
5 7 24184 171
5 20 15087 31
5 14 33260 105
5 16 120469 956
5 11 19001 236
5 13 36000 124
5 8 6330 877
5 6 13356 113
5 17 29539 52
16 14 8367 165
4 6 75599 56
16 9 15583 117
17 13 34413 35
1 2 29212 207
6 13 5589 168
4 19 5000 254
10 4 72652 181
6 17 9037 24
18 12 19171 53
20 13 11834 1500
7 4 9993 47
7 8 5075 83
11 10 56681 147
15 12 10902 310
4 11 27936 203
11 12 61538 254
15 3 25902 37
13 15 43962 113
10 9 8438 142
10 15 48717 303
20 8 1741 159
3 13 11360 182
3 12 53037 1089
4 15 111222 293
15 10 58686 318
10 13 12463 96
2 6 21403 130
10 6 7439 84
13 14 12953 21
13 17 31029 14
10 1 63093 404
2 9 46606 98
7 11 15174 129
8 19 69455 205
17 7 9983 135
12 17 15161 41
12 7 53179 126
11 6 576289 145
9 4 2709 554
7 17 17486 70
9 17 58538 52
15 14 19831 179
14 2 55509 82
13 18 10514 144
1 16 42679 438
20 1 10211 48
16 15 67068 471
17 20 12356 190
3 11 8993 71
8 4 45012 172
11 17 16321 303
9 19 11823 68
16 17 27299 328
12 16 42132 355
6 7 41803 201
1 5 10395 599
16 2 41664 46
12 3 33754 370
20 4 33432 152
19 5 23199 105
4 8 100230 106
9 12 37476 128
17 11 10341 97
1 11 31965 136
14 7 10983 251
11 8 10630 167
10 20 12515 144
17 12 25609 64
17 14 15306 582
9 8 83706 219
15 8 12810 59
9 13 9627 352
4 5 34516 351
3 1 37976 1138
16 7 12380 278
18 11 4910 311
14 18 29529 135
19 9 983 51
14 16 18745 197
5 114
10 77
17 42
13 18
12 24
11 21

568863
