20 99 3 3
3 4 10229 34
3 12 11815 112
3 9 57886 621
3 2 15826 218
3 20 10648 40
3 19 11419 159
3 11 135948 214
3 13 5990 1166
3 7 31159 52
3 14 7899 218
3 5 2145 27
3 6 3934 160
3 1 33151 23
3 18 9138 218
3 10 32164 69
3 16 53829 584
3 8 34695 206
3 17 12092 13
3 15 57523 134
4 19 32477 396
17 9 16113 349
15 9 25124 581
6 12 34039 80
13 4 7652 255
2 16 13192 27
14 16 33324 53
10 13 23195 250
5 14 4606 27
8 14 4855 60
9 3 15115 132
12 3 27560 33
7 20 24117 182
19 13 13663 31
8 13 9579 425
11 17 15680 48
5 20 45164 188
9 5 47893 280
18 19 15415 166
13 16 61222 228
4 12 34669 119
12 6 34668 119
5 18 43704 92
12 9 25527 70
15 12 92397 332
9 15 16330 344
6 2 3243 894
18 17 2921 50
13 7 5846 322
20 8 31919 31
20 17 52059 59
2 12 53713 507
2 19 5585 89
15 5 11012 24
16 1 11309 125
20 10 96942 182
8 15 28148 113
7 1 34238 121
15 8 132104 349
12 8 8422 220
4 1 5155 1646
2 3 50364 66
11 8 31209 263
10 2 124396 181
12 16 32658 142
15 17 24659 121
14 10 134945 28
15 2 15471 29
16 17 26601 67
14 4 63439 61
16 11 16838 143
17 16 6527 245
5 13 20482 58
17 2 20866 289
17 18 7624 182
15 14 51561 1231
20 11 4986 353
11 9 55866 892
11 19 15007 333
19 15 8693 415
20 4 8133 228
6 16 18036 259
6 14 2701 448
5 7 24075 181
8 4 113362 1043
16 6 17818 130
4 13 27181 309
4 20 61792 324
8 19 69872 66
15 16 20074 270
10 6 11298 80
14 7 4795 525
8 20 24894 73
19 14 17558 131
4 17 9627 741
10 8 63871 152
6 17 3734 550
4 8 36239 65
11 5 39337 365
13 11 20234 26
3 95
15 104
4 21
17 165
16 36
8 12

3308318
