20 99 3 3
20 1 23207 97
20 17 34972 242
20 9 30167 241
20 15 30385 160
20 15 283711 115
20 3 26607 1126
20 19 32355 795
20 1 14637 301
20 12 67384 716
20 1 46323 100
20 11 13387 288
20 13 38528 855
20 3 18632 458
20 6 20949 397
20 17 9449 198
20 15 64973 509
20 10 34730 152
20 12 19140 354
20 10 3559 57
18 17 85850 68
14 5 17848 38
1 17 87676 173
16 9 50227 169
15 19 32853 48
3 2 68066 321
18 7 25828 62
11 10 29929 145
3 14 3671 92
12 15 4704 632
19 3 37464 426
4 7 22381 41
14 20 16508 78
17 2 8662 610
7 17 9990 65
10 12 73910 33
20 16 93248 332
12 9 5110 543
19 17 135402 394
7 13 27777 158
15 7 8220 250
12 8 5899 38
4 9 36616 263
7 6 17183 303
13 17 32797 138
18 13 29073 70
6 3 56097 68
16 11 9478 760
14 13 26886 230
3 16 256030 290
9 19 28400 1052
11 4 35925 215
19 6 117421 122
5 10 19460 248
3 5 20230 69
6 18 9828 55
8 2 23818 144
12 16 45403 798
13 5 27047 472
5 14 67853 445
7 11 4953 31
8 4 312306 265
12 10 38400 194
1 12 37557 74
10 20 11605 706
9 2 22613 949
14 18 49470 221
9 4 41390 144
15 6 39645 240
2 16 60126 59
1 8 26997 259
8 6 7074 528
17 4 36977 96
5 3 10180 72
17 7 55497 79
20 2 20049 198
6 1 13222 48
19 5 4968 44
8 5 107900 199
6 17 23669 140
5 18 79210 274
2 5 38045 35
19 12 24334 142
10 2 8127 271
6 9 11200 132
18 15 39477 144
5 17 55762 230
15 3 5379 33
4 14 13914 46
10 17 4897 240
7 5 11960 63
8 10 22460 290
19 7 24773 201
7 4 98798 266
11 15 14656 193
6 11 3799 365
5 16 229618 48
9 6 98270 520
16 2 9226 338
11 12 57963 111
20 105
19 24
7 12
17 28
5 44
2 76

1574858
