20 99 3 3
13 4 50337 348
13 14 18460 134
13 12 1910 136
13 16 31941 44
13 10 118809 82
13 1 6270 40
13 9 18997 137
13 18 11860 193
13 12 64319 103
13 4 62181 36
13 19 61794 84
13 12 6229 60
13 4 202564 790
13 10 6051 142
13 4 13650 21
13 3 5887 9
13 9 120779 745
13 12 4068 111
13 7 148864 396
4 10 18871 127
19 11 9429 577
15 17 8654 392
11 18 7374 201
4 18 19148 106
5 15 12045 234
17 8 23880 30
10 12 191357 36
16 9 13321 412
10 5 74426 254
18 20 7607 253
7 1 12916 71
7 18 13557 335
10 14 15178 294
17 20 5297 1949
8 19 15704 94
19 1 14795 141
9 20 8521 26
5 10 14478 315
19 14 24805 113
12 14 6931 205
2 16 15125 477
12 16 24851 72
11 4 48891 144
1 16 93756 83
19 3 55356 85
11 10 38701 69
14 9 39346 140
6 9 215687 46
9 11 27044 519
1 18 44522 152
8 17 33200 22
8 5 23222 336
11 7 4672 98
20 11 7698 193
7 17 12254 474
13 15 8433 147
18 3 15713 123
16 13 73795 723
16 6 18111 148
13 11 20791 65
2 14 23688 229
11 15 44912 867
5 13 31549 175
18 17 15719 234
11 5 4839 123
1 11 46105 29
17 2 17909 238
12 1 12759 99
2 19 27824 381
16 18 155686 26
16 8 4119 46
16 12 38032 220
2 10 24056 98
5 14 9383 320
16 19 16854 75
4 19 6800 293
7 14 27807 174
20 6 2158 462
19 10 29432 127
14 12 19500 1027
12 4 6104 107
12 10 9460 397
4 13 6914 38
3 7 105219 297
19 20 25391 108
10 19 10585 95
1 5 34917 70
6 5 7584 57
2 6 31168 52
20 10 68589 325
19 18 14633 86
5 4 56151 168
15 20 15895 288
14 13 10686 62
12 9 135716 182
18 11 9482 100
12 3 12135 262
17 18 4820 257
7 3 7405 1123
13 84
19 70
16 147
10 24
18 11
14 329

7703026
