20 99 3 3
9 16 46799 224
9 7 17170 45
9 13 8141 187
9 13 41885 219
9 2 292973 149
9 11 6708 164
9 4 22568 362
9 8 12845 82
9 6 33453 46
9 8 32280 38
9 6 69520 135
9 3 52278 131
9 15 22263 37
9 11 17238 271
9 10 3085 98
9 17 14267 185
9 17 3605 609
9 2 34028 285
9 20 9723 284
1 13 85904 91
14 10 15389 28
3 5 19935 73
17 4 87269 201
10 8 10979 286
8 20 87098 50
10 11 27531 107
8 1 69356 231
14 11 11556 2227
17 6 46086 261
10 17 41773 959
4 6 68126 232
7 11 13067 5
2 17 84063 210
14 16 19246 424
7 16 61891 338
11 19 197453 139
4 17 234116 466
19 7 26801 225
20 4 83437 130
16 10 23918 152
16 2 52631 406
14 2 17706 25
12 9 48610 184
7 4 5461 416
19 15 9240 38
9 5 41162 141
13 11 13899 103
7 12 19899 44
19 14 34802 229
6 19 7127 115
15 16 9044 28
12 2 52316 289
6 3 52508 27
20 17 123046 282
2 20 6459 194
20 10 48669 658
16 15 32877 733
3 16 25511 177
4 5 55990 136
18 5 3581 108
13 3 32419 162
11 13 76996 44
7 19 50291 226
5 10 19338 149
14 9 6149 60
1 20 44609 221
17 16 70857 119
8 3 48128 75
18 20 43015 491
15 9 16977 97
11 8 17753 87
13 12 9170 221
12 7 5018 74
8 9 44194 456
17 12 9462 115
8 5 73086 327
19 2 11909 388
13 15 4603 61
4 14 64657 262
17 7 27317 52
19 12 48523 494
3 4 8800 328
19 5 13110 97
4 12 42663 138
18 15 12410 289
17 3 11010 477
3 19 26842 95
20 11 16300 81
15 2 21504 84
9 12 33009 482
11 12 34227 23
13 19 198919 227
12 3 16030 176
6 16 17275 33
7 2 6985 100
6 20 8173 513
18 1 52570 314
15 1 7902 292
7 9 12097 97
9 21
7 98
19 132
2 42
16 71
12 97

Impossible
