20 99 3 3
2 1 24420 343
2 13 51264 575
2 18 8649 127
2 20 18998 205
2 6 36092 249
2 11 31870 106
2 19 82019 108
2 7 46372 503
2 5 19366 77
2 16 52461 77
2 4 33000 39
2 12 6715 291
2 14 47051 117
2 15 28134 38
2 8 53671 375
2 10 31021 122
2 9 29914 311
2 17 24696 126
2 3 79184 135
17 15 36374 73
8 7 49438 404
1 15 3581 117
14 19 13881 1179
14 20 25943 71
15 7 81087 52
15 4 29064 327
6 5 109486 27
1 2 6333 22
1 7 71291 120
4 5 21644 199
3 1 5447 279
16 10 22481 482
6 1 15541 659
15 17 14163 181
20 3 24589 229
1 18 12996 142
11 16 5610 6
10 1 12002 133
7 20 74074 260
8 3 13737 364
15 19 134164 68
18 8 29631 101
19 16 9475 167
1 5 6994 108
15 13 101197 102
20 18 34455 385
16 13 30042 282
3 17 37196 92
18 13 175255 525
6 2 61023 250
12 3 15399 75
9 8 82124 43
6 7 50587 215
20 14 10237 62
18 6 150989 245
12 7 14162 692
5 13 82844 3334
3 10 7838 194
13 9 15009 83
12 13 74104 220
19 20 5874 781
13 12 41701 165
12 17 17703 98
11 3 25027 138
8 17 4681 114
9 20 43305 132
18 2 46296 159
19 13 21928 70
11 9 40248 29
1 6 25518 206
6 15 55105 355
7 17 48827 221
16 9 72599 45
19 4 53180 931
3 11 6063 160
19 11 136182 486
17 18 14844 62
1 8 90096 48
9 17 173128 196
9 4 56145 336
17 5 30113 187
13 8 24091 507
12 18 15554 124
19 8 1372 70
5 7 39961 137
20 6 56596 72
13 3 35689 14
18 17 12267 549
6 4 16579 136
8 5 14950 71
20 15 39336 107
11 4 25489 82
17 6 94349 246
16 5 70129 71
15 1 405697 180
8 15 19448 73
5 8 32600 109
14 3 8594 95
1 14 54185 96
2 76
1 72
19 48
17 59
13 37
8 76

4081360
