20 99 3 3
9 5 13494 309
9 14 34106 78
9 1 6431 27
9 2 106650 44
9 5 16356 120
9 8 15571 237
9 16 14173 89
9 5 16996 170
9 8 8336 252
9 18 93730 124
9 2 18446 34
9 13 13813 216
9 11 8992 510
9 1 3776 21
9 15 29798 309
9 7 24452 119
9 12 12036 334
9 11 29146 297
9 1 10928 365
20 17 6042 138
17 11 61786 414
10 7 49075 47
7 12 42548 246
10 13 273628 100
1 10 36242 106
6 9 173036 29
7 9 38917 53
10 1 44576 15
20 16 58707 70
7 6 59711 102
16 12 39831 119
3 16 29274 46
20 4 58429 48
8 18 4837 271
13 5 36397 693
4 2 18666 173
18 7 17934 35
13 11 32526 109
14 5 17080 841
7 8 12172 208
14 3 10125 945
10 5 20031 183
17 4 18443 205
3 11 23040 787
20 13 3568 1145
19 10 11952 80
17 18 8195 171
5 11 27328 167
3 17 16506 369
8 17 29452 214
18 6 19888 71
15 3 10257 39
9 3 40838 63
5 13 76817 43
6 7 58133 65
2 14 9546 7
17 6 27602 401
18 8 15637 105
12 18 69984 71
6 2 93116 276
10 15 31888 231
12 1 33879 9
11 8 10846 25
12 13 5762 70
15 2 24105 92
6 11 35865 452
14 12 3051 92
12 7 20943 159
9 19 42251 680
4 1 19033 97
15 11 2900 140
7 19 18354 183
11 4 60626 417
13 17 53149 115
17 1 40753 300
12 16 24499 113
5 14 109482 188
1 17 59061 229
17 2 10083 762
19 5 21803 135
7 15 45249 331
19 7 16945 67
19 18 2057 1229
14 13 1424 262
14 10 6262 62
14 19 60119 211
4 14 9831 30
16 2 25596 132
16 19 9962 116
5 3 29512 112
17 8 15122 227
3 10 11875 98
15 18 15249 715
14 7 69145 28
2 5 39983 223
5 6 7976 131
14 4 9784 783
18 13 21888 23
4 3 21785 410
9 210
14 40
17 133
11 107
5 257
13 50

8576824
