20 99 3 3
6 16 46079 43
6 8 30154 254
6 20 59376 144
6 20 3278 16
6 14 14380 69
6 1 10021 229
6 14 56305 304
6 17 24413 341
6 12 9824 57
6 1 17298 90
6 7 19537 37
6 19 2957 129
6 13 1617 86
6 15 33678 70
6 7 27471 108
6 15 6324 172
6 7 25339 48
6 19 4541 411
6 9 7968 73
1 10 144035 49
18 1 206076 58
1 15 71190 210
4 11 3694 124
8 7 42298 26
16 19 150299 151
1 12 37964 50
18 16 2227 777
12 9 11896 284
15 16 15006 124
20 14 25366 156
20 9 30488 160
9 2 2874 107
17 14 8053 485
3 19 25572 98
13 11 87885 177
14 7 6757 227
1 14 12113 46
20 4 5784 61
13 20 27406 425
4 1 10959 150
4 5 8871 161
15 2 13575 183
3 13 20655 61
14 1 107600 143
3 18 10758 1776
7 18 57888 644
18 14 26698 62
5 6 28649 209
13 2 15265 9
18 9 9234 213
10 8 23626 101
8 19 24683 90
2 17 5687 207
11 7 46796 361
17 8 15406 319
16 10 15435 86
8 14 60690 223
6 18 20686 42
14 20 30879 336
2 16 43924 37
5 2 13674 45
11 8 72814 183
14 11 19299 203
2 19 42028 132
8 16 60297 10
17 19 60035 68
13 7 85124 75
4 2 29340 61
1 3 26248 89
12 20 8799 97
19 7 63529 445
8 9 6331 166
16 3 51517 189
7 12 25479 218
5 13 12825 165
13 17 11679 57
9 8 13712 391
19 4 35351 78
11 2 50797 171
9 13 29266 470
2 9 69703 119
20 15 8506 230
19 9 12488 12
10 3 44842 58
8 15 41055 142
18 8 7705 122
12 10 8184 11
4 19 6828 66
15 8 38710 280
18 12 6235 90
17 18 34862 102
5 15 10415 91
20 8 9769 72
3 6 12531 2288
17 16 31618 451
19 6 11751 158
8 18 13501 70
11 1 20921 220
14 3 15015 217
6 220
8 49
18 108
19 294
7 16
14 145

4763729
