20 99 3 3
10 17 32641 34
10 15 5311 790
10 2 10660 104
10 11 19014 129
10 16 33616 1102
10 19 24233 97
10 9 81706 115
10 13 9454 242
10 6 16502 98
10 8 107288 118
10 14 23044 372
10 1 5335 82
10 12 30872 330
10 3 78025 484
10 4 94789 517
10 7 17107 206
10 18 37964 173
10 20 8170 206
10 5 13181 1482
20 9 36486 32
9 6 6907 1455
20 5 8477 108
13 7 4340 74
8 15 215120 154
16 12 62109 37
16 3 61777 59
17 20 11661 79
4 14 5350 341
8 20 6683 368
16 18 7214 61
3 9 32823 120
4 11 11131 50
8 4 11466 248
11 20 14048 112
5 19 3252 167
16 11 25567 39
18 4 109010 1825
11 18 5670 266
7 19 46891 320
15 1 10623 76
1 17 122219 64
3 16 9369 1110
19 7 74180 80
2 6 12940 168
2 19 13641 18
5 2 42743 76
3 6 16281 135
8 17 41860 29
12 10 6276 541
9 5 266780 826
1 12 21956 35
11 8 16863 71
15 11 82151 396
1 9 27874 187
11 2 5135 416
17 18 12561 45
19 20 66944 158
4 16 18252 101
14 11 46944 39
19 3 36819 158
19 18 68883 120
11 17 8820 82
12 3 32263 11
16 7 21658 120
7 12 59706 405
7 5 53574 383
2 20 17918 912
8 6 10991 210
19 1 8424 28
16 2 68141 211
19 13 125851 58
4 5 6951 69
20 17 8544 147
1 10 9201 279
6 4 11074 379
17 4 64417 313
7 10 31481 151
11 10 22079 190
18 15 11890 429
13 10 988 398
16 1 41425 111
1 14 39308 492
9 16 7740 86
20 2 18338 248
11 1 8500 133
17 16 19344 75
3 20 85531 69
13 12 24870 102
8 2 37352 103
1 6 22140 223
14 19 62369 82
6 10 5562 695
2 8 14189 41
2 4 36977 25
16 15 6670 169
6 9 53314 325
13 11 59186 11
19 8 6489 39
14 16 12488 688
10 152
16 96
19 63
20 22
11 182
6 64

5775963
