20 99 3 3
10 13 7207 360
10 14 30141 685
10 15 3242 150
10 5 19842 58
10 12 6542 137
10 15 11726 28
10 19 75858 183
10 5 40634 130
10 12 14203 128
10 8 2918 45
10 13 30851 77
10 5 41540 93
10 4 11217 403
10 18 34672 35
10 17 9693 192
10 3 9502 322
10 16 2809 351
10 2 10035 962
10 20 26552 102
7 8 107632 76
20 3 265252 79
1 14 22817 54
20 5 64461 360
11 8 5752 62
14 16 61716 587
13 18 9783 86
4 3 38398 402
10 11 23708 240
12 5 34131 32
13 12 2398 835
9 6 17001 50
16 17 19109 35
7 16 29093 74
13 4 12589 356
13 7 75419 41
17 14 10124 75
5 6 56012 529
15 18 25936 1066
11 17 71862 217
17 11 14712 105
15 17 10469 149
15 5 366409 569
15 6 12330 188
4 6 28591 1179
12 16 18557 412
16 7 3251 436
3 2 8513 54
1 7 59625 243
15 2 22920 290
7 15 67596 39
17 2 11135 329
3 9 134974 59
17 16 24801 264
1 3 24315 74
8 4 44461 43
5 2 27849 87
5 17 28428 262
4 1 24212 41
3 13 6936 410
13 8 26724 60
12 8 30014 46
7 9 44311 65
19 7 43607 698
4 16 11674 75
19 11 51565 355
8 15 9024 75
15 20 17710 138
11 4 28671 135
19 10 5592 380
19 8 8916 132
11 9 8965 100
7 19 3202 489
17 3 41520 89
10 9 5191 116
13 19 4951 133
17 19 46705 281
12 6 123937 143
15 10 35084 56
7 17 25802 212
11 5 22761 381
8 11 53685 1137
16 2 38821 89
17 5 109397 211
6 1 14370 67
20 11 14306 121
11 15 14137 71
7 6 150794 111
13 6 38424 1124
16 20 2600 91
15 1 6945 114
17 13 99818 87
14 8 11610 320
15 13 6932 249
1 6 5556 376
19 18 348444 86
1 18 16265 225
13 20 62375 323
15 19 20793 104
14 13 11015 219
10 189
15 70
17 120
6 79
5 29
8 14

Impossible
