20 99 3 3
15 9 15385 136
15 17 89093 25
15 13 27108 38
15 2 50897 71
15 3 5136 124
15 7 8518 186
15 10 60551 95
15 18 11627 40
15 19 97878 931
15 5 5997 23
15 1 18227 928
15 14 16427 36
15 4 5480 96
15 11 53339 176
15 6 35893 252
15 12 13145 361
15 20 29838 98
15 16 39546 111
15 8 18656 157
4 1 13532 56
19 6 51150 75
4 16 9652 291
20 8 18554 835
18 4 13970 523
1 3 10008 199
3 2 5686 64
13 18 17002 119
14 8 9608 74
2 5 89313 117
10 2 15705 386
17 9 104570 103
4 12 39317 711
4 19 23245 257
13 17 5197 203
7 15 46025 283
2 14 72418 15
20 15 4571 460
14 15 20072 59
17 2 7109 472
17 3 76352 193
12 14 16270 64
3 8 34514 127
10 13 34720 369
5 14 9521 248
16 10 30732 46
10 5 11750 99
19 8 44204 229
3 6 175452 57
17 12 6877 845
4 10 67260 293
8 9 73084 171
10 17 15687 402
7 4 5637 130
3 19 17628 313
10 15 33006 158
10 19 32813 191
9 14 39632 28
3 5 19244 3717
14 11 13492 307
16 7 8229 91
20 5 97398 224
1 18 37434 61
20 3 1871 273
10 8 6842 470
16 1 32002 38
14 9 29891 50
6 16 29777 362
11 5 24379 340
7 17 22994 159
6 8 15504 422
1 8 7758 736
12 4 21956 70
7 16 11640 30
17 10 15632 190
8 10 55465 82
8 7 25586 104
9 12 22399 442
4 20 90806 284
11 12 26657 218
10 14 7803 34
19 7 9267 86
16 6 11233 296
9 3 33280 1783
10 18 40935 310
16 14 30043 70
6 1 6947 463
2 4 54720 101
8 15 25933 516
7 19 10530 374
10 1 27849 211
7 18 40913 251
20 16 11870 48
5 17 14453 41
14 7 18180 246
12 1 3561 60
7 3 54408 445
2 7 3994 330
10 16 60527 120
20 2 9517 582
15 228
10 55
7 84
8 6
14 32
16 21

535188
