20 99 3 3
5 20 159490 62
5 12 10549 1003
5 8 54655 671
5 3 14904 119
5 11 12249 313
5 7 16486 160
5 10 157790 297
5 16 3576 148
5 6 3047 47
5 13 5527 71
5 14 7293 113
5 9 22787 210
5 17 50073 92
5 1 13708 26
5 4 15918 33
5 18 7998 60
5 2 29107 30
5 15 34647 564
5 19 10579 121
10 15 9449 102
9 2 15971 56
7 9 5270 41
14 5 37734 626
16 14 18186 94
17 5 8625 144
8 17 9045 192
12 4 5736 133
2 19 30353 28
14 2 49116 184
13 16 11736 170
18 10 12029 90
9 14 36808 281
12 13 22988 198
10 4 22379 41
11 1 59593 95
9 20 77160 219
14 12 27852 139
2 12 16889 33
11 10 74621 451
7 13 12915 38
6 5 5390 186
13 5 30773 292
3 2 21113 181
12 20 22836 395
7 2 101470 41
12 2 15620 286
12 11 24269 484
16 11 31449 68
16 6 7569 148
13 3 49039 357
13 4 74825 77
20 16 32130 542
11 18 14078 306
13 14 27946 219
20 11 9839 274
17 2 25218 67
13 9 9731 151
20 8 17646 135
19 15 50662 40
11 2 105010 58
4 16 4032 1846
14 11 8027 81
14 9 33206 118
7 20 43360 222
20 17 9480 128
18 5 35133 766
8 19 324663 162
14 19 44048 1497
10 14 12192 196
6 13 5666 337
18 7 15973 62
20 13 9760 600
6 10 6179 173
4 20 12963 13
16 15 12316 249
9 19 23110 204
15 19 10110 58
12 6 10747 173
12 7 9187 169
20 12 17266 160
13 2 6370 18
9 4 27493 43
14 4 18591 16
2 16 33659 164
17 19 37225 89
6 19 17981 367
2 4 25131 168
16 20 13827 86
1 6 5058 132
16 18 11672 353
3 6 9486 10
10 16 29605 696
8 6 17587 102
10 3 107838 149
19 11 18543 547
19 13 43838 120
4 1 33279 135
16 13 2827 30
13 12 12123 346
5 114
13 40
16 35
2 49
19 13
4 91

2522976
