20 99 3 3
7 3 8580 786
7 19 4510 160
7 11 1632 233
7 1 106409 71
7 20 27025 47
7 6 3668 502
7 8 14710 49
7 5 21307 70
7 9 11557 98
7 15 97861 60
7 17 34600 177
7 16 15359 10
7 12 4527 415
7 14 9573 71
7 4 5127 67
7 2 31634 101
7 13 4211 34
7 10 28948 184
7 18 41734 16
12 11 3980 312
6 1 28706 98
13 7 19596 119
15 19 21745 293
19 9 19952 129
17 3 59140 227
3 14 6614 147
10 3 7430 1314
8 20 40835 252
15 9 118315 239
19 7 27794 57
15 20 50318 168
15 1 5363 124
2 5 35508 464
14 11 26855 189
14 9 80272 284
20 14 54478 824
2 18 19503 372
3 9 50909 640
1 3 18306 32
12 19 208379 308
18 10 113074 101
12 2 31051 21
19 14 27148 58
18 14 20650 165
5 14 36425 110
11 14 95192 219
11 5 8864 62
16 2 56913 174
13 18 21788 74
20 18 10971 71
19 10 46450 61
19 4 91638 683
16 6 3964 42
5 10 24080 1627
5 1 14621 56
2 16 1569 144
20 4 55240 367
9 2 3678 170
17 18 4458 213
1 16 15762 67
2 9 13151 433
6 9 28131 25
1 7 34314 108
9 7 27405 248
1 11 37806 264
1 13 8344 104
13 6 26319 130
9 5 77622 383
12 1 32565 167
14 3 3430 123
8 18 11727 162
9 8 16111 12
9 19 781 198
18 6 14311 285
3 11 8296 165
11 17 17916 915
11 8 12423 267
13 10 27366 39
2 12 3143 17
14 17 22893 280
5 3 110422 186
16 5 7205 777
10 7 27585 179
20 19 5641 100
8 5 102189 100
14 10 30534 3362
2 6 154460 257
12 6 24392 533
12 15 145059 410
4 6 73183 543
1 5 15422 90
13 9 5719 110
10 8 34514 153
19 6 40953 114
4 16 19957 833
14 8 36148 832
17 11 60693 360
8 10 80012 37
10 9 39285 145
7 361
19 48
14 180
9 123
6 92
10 344

12098351
