20 99 3 3
7 9 58471 273
7 3 11550 20
7 20 4699 188
7 19 101332 24
7 1 29868 156
7 11 15092 407
7 5 12036 100
7 14 9243 184
7 15 42878 88
7 16 11909 92
7 6 36966 78
7 10 31731 343
7 2 2692 152
7 8 70929 57
7 18 12217 133
7 4 58753 139
7 12 32005 310
7 13 50354 122
7 17 16822 348
16 10 126045 27
8 3 10729 240
4 2 103288 59
17 6 60668 1215
16 3 54003 329
6 12 41017 112
5 18 5299 321
18 10 18447 330
2 14 21972 173
12 7 18771 196
9 13 35391 91
4 9 11207 156
18 19 5646 33
19 18 20526 97
19 10 50334 328
8 4 46863 298
6 18 3320 239
3 20 421242 65
1 15 30103 51
12 11 13206 162
3 18 25401 56
8 14 36255 30
16 7 13970 367
12 2 5889 361
9 12 25192 81
5 8 155876 158
2 15 30701 996
2 1 161643 183
16 14 12053 1467
2 3 19201 182
6 20 25257 692
9 3 13046 216
5 2 18162 13
2 12 10442 44
14 2 38351 58
20 8 35801 476
4 5 22331 35
13 2 12125 45
10 1 28672 197
12 8 9044 450
5 1 63181 345
1 7 15368 39
12 9 5211 69
12 5 12390 342
4 13 3907 113
14 17 28782 69
13 14 35441 471
2 9 17960 152
15 7 3906 196
6 8 19919 190
19 6 2252 151
1 13 26861 158
18 9 32045 170
15 19 18800 400
1 3 14243 115
20 13 179559 81
2 10 47580 130
13 1 5459 170
4 12 15785 372
11 5 21220 203
5 13 9934 310
9 14 13176 203
14 15 92618 121
10 7 10445 95
14 12 100156 31
14 16 37521 12
13 18 103433 116
13 12 64645 282
6 17 6293 178
1 2 33693 103
8 5 175410 200
18 12 20980 16
6 15 93182 24
18 6 7753 63
8 10 21273 104
13 9 25404 14
13 20 7920 218
2 18 22099 163
16 13 24991 205
19 3 20007 38
7 247
2 216
13 63
12 59
18 161
3 70

4240814
