20 99 3 3
14 11 136036 87
14 10 16413 113
14 1 530 56
14 8 9601 74
14 12 35443 96
14 17 14238 105
14 11 46018 1040
14 17 23110 34
14 18 33938 151
14 20 20133 275
14 17 7534 282
14 20 43934 599
14 16 28960 481
14 3 39661 215
14 5 39377 226
14 19 342543 64
14 19 38245 74
14 4 13452 173
14 18 25174 120
9 7 28733 42
17 18 9518 95
4 14 5198 82
9 17 6645 186
6 14 70658 87
20 10 11329 604
10 5 10637 208
3 14 7842 359
11 19 4292 65
12 9 6203 36
4 5 18524 111
18 8 30846 368
8 10 11701 27
18 7 24152 257
3 9 6309 506
15 5 2211 123
1 9 257346 27
8 2 37662 55
20 1 58621 301
6 18 10024 88
16 13 52121 270
9 13 16732 91
6 17 2597 269
1 11 17980 285
2 12 89557 47
5 10 45367 205
6 12 32469 1890
10 17 45994 63
8 7 70020 270
15 14 3233 75
8 9 11703 60
2 17 26069 66
13 16 135118 74
3 7 14151 47
7 2 25556 824
12 10 24457 54
4 8 105817 252
2 3 14471 248
20 2 8656 172
17 19 199929 63
3 2 13414 46
2 13 4991 185
15 6 19725 59
10 1 25367 39
3 6 5457 437
20 14 3439 128
9 6 20422 82
11 18 15025 121
3 20 65878 282
8 1 24790 619
20 15 190271 188
9 3 22883 133
4 18 77144 251
12 13 36231 65
17 11 19199 282
18 19 55101 286
2 1 33669 114
16 10 25509 126
16 2 7892 85
12 18 18060 40
1 5 23027 897
6 16 13189 71
3 8 7550 589
4 19 5700 235
15 20 36689 48
19 9 50402 44
19 17 97342 66
16 7 112660 354
7 3 39903 700
18 17 27430 236
10 4 18415 123
6 9 13057 17
6 2 24196 30
14 9 76501 117
8 14 14094 262
20 6 26715 214
7 9 90074 180
10 19 81082 189
12 5 4332 70
15 8 19389 368
14 240
6 49
3 42
17 78
9 379
19 35

7260541
