20 99 3 3
11 18 49571 1277
11 12 43053 100
11 14 6248 137
11 3 39988 31
11 17 203263 282
11 18 20976 71
11 3 30664 135
11 3 3848 130
11 18 12473 145
11 7 18904 980
11 15 40406 65
11 15 9069 984
11 10 6483 536
11 14 20231 1081
11 3 42162 188
11 16 10544 202
11 15 5980 394
11 17 8175 183
11 18 11421 242
19 16 67047 320
18 9 5895 75
2 3 13667 242
10 15 19598 59
18 16 18222 580
9 19 10842 100
13 18 17493 95
13 9 106935 314
1 8 8941 67
19 10 69604 185
6 18 47183 79
19 2 61672 57
3 7 22257 490
15 17 7688 234
4 14 13694 174
12 15 372547 70
19 4 3256 111
12 17 37618 899
17 15 28257 769
3 5 7980 228
8 17 11698 227
3 16 14309 1060
9 6 5021 300
18 4 19384 179
6 11 7286 97
4 7 2981 681
10 11 1953 138
19 18 41105 390
11 8 8463 143
3 19 26655 40
7 3 44143 161
13 20 92785 56
1 3 28342 66
2 8 12599 191
20 2 144750 194
16 4 78548 105
10 7 158599 464
19 9 28370 213
20 17 42979 598
12 20 31012 378
4 11 59240 114
19 12 37057 2417
9 7 85800 119
9 12 7881 280
2 12 7065 62
11 4 10237 93
5 16 66814 200
12 16 13429 185
19 1 15564 98
4 2 22690 357
2 9 19006 463
5 6 32695 76
5 8 9737 146
10 5 17709 100
7 10 77710 228
16 20 18220 82
6 14 20924 200
16 6 19297 270
18 5 71252 627
14 1 25374 77
1 14 2414 139
20 13 12212 35
14 17 3430 104
9 18 15289 474
9 17 14226 92
16 11 17470 135
7 2 10576 42
20 9 44879 43
19 8 9896 76
18 12 24385 66
7 14 54756 186
17 7 21724 227
6 17 21770 460
10 12 36371 101
3 13 2434 253
8 3 66508 412
5 17 38394 528
13 8 11683 219
20 5 18918 116
1 7 6976 196
11 105
19 45
9 150
17 47
18 159
3 305

3612364
