20 99 3 3
4 13 12603 374
4 18 76357 387
4 11 4407 945
4 7 53614 66
4 20 74401 166
4 3 3394 1493
4 5 9204 97
4 3 25697 107
4 5 84584 59
4 10 24126 412
4 18 16158 30
4 19 29262 132
4 16 14556 200
4 20 80578 39
4 18 24982 174
4 17 7369 178
4 2 13665 183
4 7 8208 221
4 1 37197 650
14 8 64394 959
18 14 33092 118
15 18 10729 157
5 20 16066 211
16 13 168518 75
9 19 25448 302
13 18 72395 366
1 16 218557 188
2 4 36236 39
17 12 16215 370
5 9 11367 325
6 20 169714 317
12 6 15829 133
6 15 6230 250
2 20 34742 338
14 2 14873 525
10 13 38631 10
15 8 28737 158
2 9 12438 358
17 20 8219 241
3 15 8559 95
1 6 11571 186
6 19 22282 238
10 15 6420 198
3 11 80486 186
17 13 12700 76
10 20 49025 44
5 1 26754 449
10 16 70265 741
8 17 69882 78
8 16 13906 155
2 6 18468 231
20 18 22503 128
11 2 10028 130
11 10 26442 22
19 3 54633 113
1 7 30024 351
2 16 15596 391
15 5 5146 99
14 13 44000 552
2 17 14526 1537
17 6 26359 419
17 11 9010 3578
18 15 33694 267
12 15 1816 371
6 12 79053 104
20 16 8843 254
15 3 46688 90
3 14 102992 220
11 4 157114 463
13 9 8351 391
2 3 60981 418
8 14 11937 189
8 18 99533 45
4 6 15219 127
7 6 4275 154
17 1 16524 77
19 10 7692 96
3 8 26295 27
18 20 12926 767
13 6 54247 851
7 15 11421 103
13 14 29526 89
7 20 16701 90
15 2 78524 150
10 18 11519 251
5 18 2796 195
14 15 18139 174
7 14 8384 90
10 11 14844 119
6 8 7485 25
11 18 13954 589
1 17 44935 289
18 17 62225 43
2 15 19601 1208
6 14 53664 654
14 16 25335 122
8 13 115176 49
4 8 52786 162
3 2 27174 299
4 210
2 80
17 402
18 196
20 155
15 493

9886061
