20 99 3 3
20 7 2019 236
20 16 21069 95
20 18 14992 65
20 19 36137 406
20 6 47299 51
20 17 18239 332
20 19 30619 468
20 18 32636 178
20 1 64973 129
20 18 25135 385
20 15 9428 103
20 3 12458 26
20 4 6068 21
20 8 8859 75
20 7 11273 91
20 12 7357 469
20 15 11294 53
20 5 48020 76
20 9 2277 278
4 9 35113 226
2 7 39541 2382
8 11 41913 32
18 11 13276 656
19 2 10516 153
10 16 36067 268
1 16 105587 549
11 9 16789 222
13 9 15114 806
9 16 62552 86
19 5 33228 259
3 5 16655 180
13 5 9052 996
16 14 30737 65
8 1 4869 151
1 15 98773 380
15 16 35030 43
13 3 24841 545
12 2 30866 104
4 11 38985 189
9 6 16441 67
16 17 21561 69
5 3 7161 110
6 2 24909 206
7 9 19212 384
8 18 1694 92
7 2 43135 792
11 6 36651 15
17 14 53946 47
14 6 15920 464
13 4 39223 30
15 4 6304 462
5 19 58683 410
16 6 47989 645
14 9 11879 114
1 9 13752 127
6 16 39442 62
11 4 25504 47
4 2 19101 25
20 11 48160 195
12 7 1241 106
4 12 12962 44
13 14 15106 141
19 12 65420 26
9 5 31351 494
16 11 4981 734
7 10 19862 83
14 5 26194 1184
7 16 7855 84
1 17 43930 80
7 13 66801 22
13 19 48072 129
17 19 34955 126
10 14 18014 37
11 18 5776 583
5 9 83236 92
17 9 28672 41
13 6 36180 158
19 8 9223 31
3 20 20902 22
6 11 3254 153
15 2 17612 445
14 16 142876 119
1 11 23624 101
15 14 11980 82
19 3 46402 448
18 10 100500 167
4 7 12051 25
18 16 7050 222
10 19 32572 126
18 14 35679 160
4 8 239732 720
12 9 75019 66
6 4 27863 88
15 13 24656 72
8 6 46564 56
12 4 25512 978
7 20 155148 133
15 20 11189 135
8 15 32688 132
20 500
13 14
15 372
9 4135
16 259
11 316

16558911
