20 99 3 3
20 16 8203 410
20 16 10419 198
20 6 49742 72
20 10 33949 254
20 4 40982 28
20 9 96454 170
20 4 52431 78
20 15 16425 200
20 3 20536 164
20 3 17782 518
20 18 26215 164
20 14 37157 325
20 6 14948 826
20 11 57633 204
20 6 69466 179
20 6 14410 524
20 16 15953 578
20 5 20727 75
20 15 5069 75
20 7 6954 100
5 3 46421 92
3 12 10573 128
13 6 10890 80
10 6 19277 38
18 19 325186 28
15 18 9290 169
13 3 42040 437
12 19 67880 639
2 20 45877 62
7 16 319031 186
18 20 3975 44
13 4 26174 270
12 18 56496 96
3 13 66199 129
20 8 114374 51
10 9 1607 791
7 4 2753 98
15 17 5066 385
4 9 49813 322
15 9 197962 79
6 11 17534 30
2 8 17537 26
4 20 61973 230
9 1 25407 418
5 17 286349 156
18 17 5450 231
4 5 57119 282
4 8 5816 33
18 11 39602 189
16 6 61657 111
5 9 9763 37
6 4 10501 65
3 16 4680 135
7 20 21176 217
9 19 17353 203
9 7 32470 826
18 14 34119 263
11 2 10801 172
10 15 9296 256
13 12 31861 183
12 15 14466 157
5 15 5526 51
12 13 31438 221
12 6 23503 68
7 15 34270 48
17 18 18676 104
1 18 34733 324
5 1 29400 94
18 8 11770 223
16 8 3118 256
15 19 21282 120
19 20 11246 142
16 14 25384 119
15 10 38799 59
13 10 19059 312
12 4 110020 160
3 11 51883 156
13 14 34543 20
12 14 15364 85
2 16 9555 343
8 11 10555 27
16 12 25407 30
2 13 6629 52
6 18 46685 16
16 5 7160 91
18 3 205697 200
9 10 7964 300
12 8 12299 17
7 8 112947 33
15 12 79004 43
14 16 125322 513
15 4 23493 47
9 14 9320 631
8 2 4682 67
17 15 7638 258
8 3 90891 172
17 19 35790 125
2 3 29725 68
13 15 11204 130
20 231
12 24
18 63
15 194
6 151
16 483

2791531
