20 99 3 3
2 15 14602 325
2 18 12119 124
2 19 194485 351
2 1 23891 42
2 13 14721 122
2 11 48549 191
2 10 43959 65
2 20 30660 376
2 16 34329 528
2 7 96260 1342
2 14 54463 94
2 17 26850 366
2 12 27269 94
2 5 12420 52
2 8 21841 163
2 6 3005 224
2 4 17513 63
2 3 239090 142
2 9 120679 43
4 13 49563 146
11 17 38233 214
6 12 28827 186
4 2 85679 572
5 11 8247 19
15 4 4495 339
6 15 15240 21
10 6 3321 62
15 3 9850 567
14 16 2619 469
3 12 9862 211
13 9 4756 68
17 10 7020 2153
18 4 20364 123
18 1 36516 198
20 11 105116 176
16 10 22621 128
5 4 5034 355
13 8 23511 62
10 5 8210 42
1 9 6945 61
17 2 14530 536
10 16 4822 119
20 4 16149 336
5 20 25080 191
19 2 99371 292
5 8 14095 140
6 9 14509 29
16 3 20953 118
13 3 19303 1067
19 17 21612 65
15 12 9174 135
5 6 13447 36
16 8 20788 26
11 7 19418 67
10 17 13358 331
12 20 12213 100
8 7 22514 927
7 13 6741 239
14 1 38871 135
14 8 134343 184
10 3 55695 312
19 7 10043 160
8 20 33487 202
6 17 165081 737
17 8 3829 477
9 6 5909 164
4 12 16721 242
17 4 77090 62
12 19 37556 142
16 9 11631 244
4 3 34369 132
6 19 15529 97
13 19 49461 283
5 7 10629 147
9 14 13521 96
17 7 15101 32
14 10 16136 154
7 2 7487 252
14 7 12191 306
17 15 37698 164
14 11 13254 192
9 19 19653 497
3 2 6511 85
8 3 27302 131
4 17 1449 214
8 2 73681 146
8 19 21265 73
16 6 11569 226
19 10 8759 63
12 3 10685 19
4 15 11886 113
4 11 78199 128
12 16 41284 53
15 13 13109 25
20 16 33601 393
19 1 24859 40
12 15 14149 342
4 18 21327 125
6 20 43613 105
2 323
4 144
17 96
3 91
7 51
19 345

13849717
