20 99 3 3
4 15 24165 108
4 7 3172 78
4 14 14080 31
4 19 24592 51
4 8 95481 167
4 3 11116 175
4 20 25227 44
4 17 35482 810
4 3 15795 159
4 7 28520 15
4 14 30756 1618
4 14 30537 238
4 18 233625 538
4 8 24359 276
4 2 6463 91
4 19 72282 221
4 19 8325 289
4 14 40848 216
4 10 58372 169
6 3 14487 92
10 7 6347 112
12 6 122319 261
20 17 5534 157
5 11 3411 190
6 9 4990 153
2 6 75300 268
10 20 5056 242
5 1 8225 71
8 20 49419 348
1 20 3438 63
18 8 8149 449
17 15 77908 192
16 18 40804 179
15 16 10449 164
12 5 7727 12
19 12 82944 177
14 4 48711 107
10 4 4007 905
7 12 99182 44
14 3 11894 230
16 5 5965 208
18 15 17143 105
17 1 107006 91
14 6 46138 102
13 14 43299 178
17 6 5682 107
1 15 32092 246
13 11 43087 144
12 15 76086 36
20 19 7278 96
12 19 21745 93
4 11 65113 41
13 1 36528 422
17 10 8424 94
11 13 8678 143
10 5 88358 90
13 10 13842 212
10 1 18063 198
11 3 28498 770
15 2 71886 52
20 12 13003 416
17 19 12336 741
1 5 7704 23
15 5 3408 179
14 1 18663 774
15 12 1558 437
18 3 108328 115
9 2 15321 282
2 5 26809 249
15 14 93399 71
7 5 269676 75
3 12 47549 56
13 5 8023 543
2 15 32460 53
14 5 14708 394
14 12 39471 74
11 5 73228 58
11 17 18144 133
5 12 10788 173
6 14 5655 42
13 20 18555 59
5 18 21259 154
8 10 28331 190
19 18 4521 58
12 3 22137 52
11 1 19535 73
2 16 1744 1028
4 9 94795 296
12 8 17240 211
12 7 4123 71
4 6 13004 99
5 14 6301 18
20 4 37899 95
11 8 23237 111
7 14 27877 72
14 2 26612 88
15 8 16884 401
14 18 44576 240
5 2 2837 218
4 22
14 48
12 63
5 209
3 26
19 18

2404420
