20 99 3 3
12 17 35261 212
12 20 35178 341
12 7 78514 153
12 9 14883 68
12 15 8074 40
12 3 12368 289
12 18 13873 1691
12 9 11284 77
12 17 9126 22
12 6 116014 130
12 8 8429 56
12 13 5622 85
12 4 68335 507
12 2 16017 238
12 14 14690 574
12 11 2583 115
12 3 12500 376
12 14 15025 346
12 18 28281 61
14 4 17562 332
4 12 86267 507
13 18 40299 78
1 15 43853 564
4 9 16247 256
3 17 4728 183
15 12 54132 173
6 19 33040 391
8 4 36185 197
14 2 18136 43
11 10 18514 66
13 10 6944 72
14 12 20812 55
2 1 19332 91
6 16 101448 171
2 3 43608 37
1 2 115803 97
4 11 71204 76
2 18 89915 119
9 7 5360 123
20 13 29826 148
10 19 17371 255
16 20 22463 1335
2 6 187242 198
3 6 2686 54
20 18 43268 88
18 15 44554 38
7 15 25050 56
8 12 13370 917
9 4 16075 347
9 2 14203 30
13 8 25029 101
14 18 34108 334
15 11 129122 33
20 19 19666 140
20 12 15350 188
12 5 27130 599
5 12 11450 415
16 13 28317 72
5 11 20410 104
18 8 156589 174
18 10 23241 206
8 5 30426 562
13 11 27299 150
17 12 71867 169
4 3 10242 243
1 13 16487 27
14 9 41095 109
18 1 27789 28
19 8 20555 1321
4 16 15795 249
1 5 13188 134
9 1 16641 103
17 16 11339 129
10 16 338586 262
10 6 9376 37
6 10 16035 57
1 11 18033 209
8 9 34435 205
8 18 55846 614
9 19 75977 558
18 14 59516 373
3 15 139659 376
13 1 35048 171
18 4 56173 101
9 3 39166 175
14 17 41525 81
15 19 18291 402
3 13 6990 137
1 14 31514 386
14 15 28383 89
2 4 1597 277
17 8 14792 99
17 7 40285 155
9 14 6208 179
4 15 31638 968
3 8 7633 466
8 20 90500 513
11 7 10640 87
1 7 120817 15
12 200
14 140
9 42
18 14
15 204
11 354

8219725
