20 99 3 3
16 13 8129 124
16 18 4878 178
16 3 286697 1051
16 11 15485 288
16 2 102804 219
16 20 10393 248
16 10 28563 186
16 17 15446 135
16 9 7427 14
16 8 33859 126
16 19 18989 939
16 15 46216 73
16 6 51441 528
16 7 78899 54
16 5 9316 145
16 12 31002 169
16 14 48138 2544
16 4 15232 25
16 1 4952 78
15 13 9841 450
1 9 50808 639
13 5 2108 29
13 8 17987 370
17 4 7874 138
6 13 5296 284
4 11 6905 295
14 8 159652 81
20 2 75317 128
15 14 61719 27
5 4 14785 179
2 17 22915 219
13 20 20224 346
20 9 33788 345
4 14 5805 80
1 19 306291 980
18 20 151963 77
17 11 149238 91
20 3 13449 82
12 3 8160 612
7 14 2794 170
7 16 54003 514
15 6 106843 33
18 1 7084 57
2 4 6556 82
4 17 11468 87
3 14 6635 456
3 18 5552 365
17 1 20066 1276
11 7 54010 357
11 4 9270 133
2 16 12865 48
19 3 62707 165
20 11 12154 762
10 2 14088 140
12 8 11635 146
14 18 42623 292
11 6 70746 295
1 15 9746 244
3 12 47134 71
7 20 45795 204
5 13 40939 40
8 20 4926 158
1 7 24222 1226
14 9 17012 47
2 7 13339 239
9 6 12511 324
3 16 17745 611
11 17 18630 482
10 19 118912 586
14 19 8546 130
14 13 8455 119
9 2 27020 495
14 15 35719 142
3 17 928 532
17 5 15965 289
6 9 7027 127
4 10 5910 170
1 18 23042 113
9 11 34175 851
19 12 49334 100
8 2 3821 91
12 11 17475 149
10 16 55858 137
17 15 9561 34
13 1 192063 47
18 3 93690 138
10 17 114603 202
9 10 19281 267
1 5 5781 384
3 2 2415 551
20 18 41938 379
19 15 10863 16
14 11 22861 1372
4 16 9087 507
19 18 103656 133
3 8 26945 721
8 15 21590 45
18 4 36336 98
18 7 60743 51
16 76
14 126
3 21
11 9
18 17
17 94

1734901
