20 99 3 3
13 12 4482 72
13 7 30044 27
13 7 16237 833
13 12 34427 19
13 2 51673 463
13 20 33628 197
13 18 44562 508
13 1 17140 78
13 8 10461 1004
13 19 130233 497
13 20 8291 198
13 12 7109 156
13 2 13486 349
13 15 18303 60
13 19 2890 252
13 18 17176 27
13 3 14657 64
13 19 4233 20
13 10 4332 94
20 6 29230 191
9 7 56218 108
8 13 7855 203
18 16 7800 83
14 2 3924 270
4 19 22534 64
18 15 32471 52
8 20 37642 81
16 1 12933 263
7 19 230278 319
14 18 31304 46
3 9 18125 136
3 2 19932 182
12 1 3039 1150
19 16 144455 99
9 8 15088 219
4 16 16066 33
9 3 9636 19
20 15 15430 120
19 7 16191 18
19 5 16107 104
16 15 93830 270
5 9 21405 1020
10 9 9769 21
15 2 7687 50
16 17 5283 290
3 18 18484 9
11 3 18889 20
2 6 108567 560
14 1 20493 182
20 12 17510 66
9 5 28363 58
6 19 39470 574
6 2 14703 60
17 8 21948 54
4 18 25578 68
14 12 5278 274
20 3 6495 24
17 3 5835 502
4 11 16626 30
15 17 66083 148
7 8 9901 46
7 20 46016 433
17 11 51614 59
10 4 17676 140
10 12 22073 98
18 10 5888 34
15 7 31909 96
9 13 10023 290
10 7 5891 347
16 20 19340 28
1 18 50157 11
17 12 12811 63
13 9 41281 50
13 14 13889 213
8 10 16412 218
10 17 11732 1532
12 14 26912 34
3 1 4675 75
3 16 23039 164
4 6 36986 2253
1 19 14376 303
16 12 6667 289
20 13 24330 183
10 8 19245 107
6 1 8614 132
18 17 17783 325
19 17 110221 100
4 12 18951 82
12 18 27478 825
15 20 111965 54
15 8 14637 517
18 13 23634 241
11 20 29763 44
8 4 44000 199
1 13 13897 117
2 15 3627 316
9 12 16161 114
20 9 8571 111
20 1 40999 54
13 336
20 28
10 534
12 662
19 180
18 82

20288683
