20 99 3 3
15 16 149963 56
15 18 55713 81
15 4 16636 12
15 6 10502 25
15 19 60326 423
15 6 6839 45
15 1 16024 82
15 17 12344 105
15 16 57708 151
15 7 11227 182
15 20 88348 251
15 6 28882 338
15 11 15736 208
15 11 196207 104
15 3 109375 610
15 10 63579 1589
15 12 17748 342
15 3 23770 295
15 12 10319 80
4 6 34215 49
17 13 15853 35
6 4 23789 670
17 19 6116 407
11 12 1829 446
12 10 10343 77
20 5 11706 104
19 11 10797 662
14 13 57600 583
2 19 23890 149
2 20 21780 57
18 5 24227 23
2 5 40008 104
13 3 13398 185
4 15 79298 414
20 11 31173 89
19 14 15079 99
8 18 14037 89
6 13 44711 59
10 16 50179 362
17 12 6005 713
20 18 32661 95
12 8 34876 127
20 7 14864 272
12 11 26951 47
18 4 17037 281
9 15 147280 79
13 14 9775 484
17 6 20729 181
7 3 104011 170
13 5 193167 26
4 8 9472 386
12 15 27631 91
2 16 5170 84
8 19 36289 323
10 15 229181 107
9 6 59563 181
1 18 31658 43
6 12 30502 34
6 5 88420 56
20 19 23617 325
20 2 118326 219
3 11 25396 72
17 10 25699 175
14 6 11115 27
9 3 22409 39
16 8 33674 135
10 13 45556 419
8 11 23537 68
20 15 17994 1583
16 3 13184 39
11 7 11079 182
5 1 25487 53
1 15 8620 263
19 6 29610 134
6 19 8751 219
10 11 138634 38
16 15 3789 143
1 3 68925 205
18 16 24139 72
13 17 49041 50
20 8 25113 1009
9 11 29991 665
8 14 44580 180
16 9 18380 299
7 8 11738 20
1 19 1424 265
9 12 9476 89
4 12 17042 388
7 13 11773 189
1 10 3223 106
10 20 14552 126
16 12 11907 71
16 14 14876 62
9 4 54720 135
7 18 4078 172
4 5 9093 25
19 5 48441 52
11 15 6798 96
13 20 10948 125
15 266
20 24
16 84
11 123
12 495
6 195

5123445
