20 99 3 3
15 1 2789 468
15 10 10363 823
15 18 56042 36
15 12 56640 104
15 16 8559 104
15 11 26484 19
15 8 56359 259
15 2 35156 138
15 17 95728 51
15 7 2945 161
15 6 34244 594
15 13 25548 182
15 3 9476 91
15 4 12794 146
15 9 25717 711
15 14 8971 103
15 20 10729 107
15 19 13867 30
15 5 136595 16
19 8 2581 43
17 7 34750 218
8 20 8781 135
20 5 6200 45
13 18 22335 284
18 7 17490 160
18 2 11796 153
16 4 15762 1336
8 2 4143 431
7 5 11937 518
12 9 32033 47
12 11 10761 43
11 2 61755 320
2 7 5414 346
10 16 18947 186
2 9 14492 34
20 3 30682 102
18 13 3802 146
17 5 77434 72
3 5 45240 707
9 19 47330 28
9 4 48154 868
6 2 56966 22
12 2 123289 15
19 15 159213 56
11 7 25202 47
4 2 230642 160
4 19 25347 329
13 15 11779 479
7 10 5393 436
2 16 19875 102
4 14 17458 207
3 15 62367 236
19 2 48965 27
8 18 15805 154
11 3 38249 165
8 7 8065 408
18 6 27464 311
12 4 9927 918
20 8 9336 263
17 4 290747 45
16 3 43559 109
8 5 3771 434
14 9 22639 40
5 11 26016 104
2 18 16109 22
9 3 9950 41
6 18 28203 79
13 3 7863 302
4 3 39522 74
5 10 26712 200
5 9 15723 67
1 8 8621 305
6 15 7375 145
7 2 57593 239
12 19 22819 64
17 9 33107 36
8 16 11560 353
5 13 9588 103
7 6 24807 476
3 11 9247 61
20 1 23814 758
7 16 107211 287
5 12 3386 426
7 1 30094 165
3 7 434829 130
1 16 5959 155
19 9 14890 121
20 10 15238 61
18 16 91176 93
20 2 7609 59
1 14 68723 146
18 4 9806 48
2 17 15767 261
8 4 152514 441
13 19 10676 114
4 10 36098 662
1 10 7624 106
18 20 16229 197
7 17 13988 48
15 114
18 14
8 21
2 16
16 51
9 76

2426447
