20 99 3 3
3 6 62621 200
3 6 31619 48
3 14 7062 142
3 2 83967 204
3 12 4611 676
3 12 84278 52
3 11 3686 167
3 18 10923 1329
3 14 34778 84
3 5 12899 524
3 10 59320 222
3 18 6355 362
3 18 36320 227
3 7 7506 244
3 2 17962 642
3 18 13267 111
3 10 21039 264
3 19 25219 66
3 6 2055 139
20 13 117021 202
8 12 54407 139
17 5 5669 37
13 8 17394 216
1 14 5747 547
9 7 11230 284
13 3 14963 137
11 16 24679 262
20 8 70388 23
17 12 158862 193
11 17 23599 63
9 8 39515 48
6 2 450253 304
14 9 15788 29
6 16 15878 232
5 4 123932 288
13 11 4689 41
6 8 66236 312
10 11 36478 162
13 19 28426 313
17 19 13050 536
2 11 42597 12
13 1 7908 145
19 6 23712 225
18 11 6192 99
10 18 51222 197
11 6 96099 31
4 12 7908 69
8 7 37842 73
6 11 54535 179
9 6 71047 182
20 10 18548 734
8 17 18212 175
19 13 12234 116
9 12 15982 245
17 6 10801 239
19 16 14498 98
14 12 2320 19
7 10 72279 138
15 8 39413 56
18 17 44885 98
18 4 42182 1910
8 10 18643 157
2 8 44945 237
18 12 14341 406
1 8 83386 47
15 5 10945 160
17 18 37207 146
19 11 16656 20
16 4 57185 133
5 9 13946 266
9 1 28497 171
13 2 30083 33
6 4 16601 106
12 6 5196 57
2 10 9238 678
15 1 21407 75
9 5 9107 287
18 7 33930 110
12 5 74905 144
14 10 73632 44
5 2 5191 358
2 4 45014 250
6 18 26626 295
12 3 11437 551
9 18 39716 13
20 15 31695 126
11 2 85236 92
12 9 85446 88
2 13 3469 115
13 9 36642 288
13 20 53122 88
18 6 51920 77
19 7 36574 165
11 5 45402 41
2 20 8728 830
7 16 265250 212
18 15 27611 145
15 19 5442 319
7 13 67325 51
3 779
13 208
18 42
6 266
12 348
11 612

14527722
