20 99 3 3
1 8 62824 239
1 19 46064 145
1 8 12877 309
1 5 28870 101
1 3 18758 483
1 17 22173 14
1 7 5311 381
1 18 43722 466
1 5 198888 895
1 3 83034 125
1 2 83664 218
1 11 30932 338
1 12 37550 19
1 10 27756 131
1 15 22940 122
1 9 6642 158
1 4 11293 265
1 20 97592 147
1 4 125486 305
8 2 48376 66
14 11 28761 612
13 11 29594 138
3 9 33926 534
14 19 13420 255
10 7 49703 49
14 1 8915 77
9 11 33666 529
1 14 40099 130
19 5 20369 113
11 20 12807 48
2 12 3655 220
17 5 16418 154
13 18 3913 146
9 19 4334 167
5 10 3491 139
13 20 100467 185
9 15 9547 372
15 13 49994 83
3 14 4736 120
17 18 21312 48
12 17 27289 86
10 12 83553 186
7 9 10556 145
12 3 34306 388
8 13 15588 184
17 11 70939 97
7 5 9095 72
4 11 16121 48
16 14 69774 111
9 5 37636 545
20 16 5010 42
1 6 37741 113
20 17 25174 445
3 5 9882 968
8 12 31224 217
19 13 2674 682
14 17 143221 92
5 3 19100 173
5 1 26841 61
17 12 43780 31
20 15 3894 707
14 9 22224 632
15 11 37265 103
20 18 6336 1899
4 7 3166 84
18 8 14022 249
7 18 14028 209
4 18 3391 24
17 20 139671 65
15 1 25941 195
14 12 9537 19
6 16 69304 253
6 20 36982 168
13 17 158185 17
9 17 38423 826
19 12 75913 243
17 16 28211 100
15 16 8131 140
17 9 35929 285
18 5 55249 96
18 6 21187 511
3 12 14701 1238
13 15 25860 137
10 17 26051 1031
12 4 52055 219
4 16 9329 574
18 16 16625 528
15 7 18967 71
19 2 56163 105
20 5 44256 189
4 15 34022 86
8 1 65934 77
15 4 19127 634
6 12 13562 55
13 9 5741 730
5 15 6828 68
2 9 25172 468
8 3 84623 247
20 14 37167 318
1 231
17 112
20 36
12 172
5 153
11 170

9659146
