20 99 3 3
3 5 121443 58
3 19 18824 476
3 17 113367 177
3 15 5522 113
3 18 241258 64
3 8 56717 70
3 9 1579 395
3 12 14188 318
3 1 22636 75
3 14 12414 193
3 7 10982 183
3 13 48662 105
3 2 73817 226
3 10 14450 242
3 4 5689 375
3 20 17966 122
3 16 3699 72
3 6 14045 26
3 11 40919 194
13 3 59507 377
14 17 6251 142
18 19 12068 89
17 20 51425 413
5 8 84593 911
6 3 3007 176
2 7 47091 929
12 5 199887 36
4 3 19183 341
17 2 35754 48
8 18 22853 241
20 9 33120 142
8 16 6041 74
7 12 7257 78
14 12 13130 98
11 15 3874 134
12 14 12576 625
12 18 20578 250
15 9 25832 112
12 13 24715 146
16 3 61812 199
16 12 11245 329
5 19 72416 56
1 6 142980 286
1 17 27412 301
9 20 13701 86
7 18 28179 191
8 6 9807 64
10 18 3668 493
20 10 20957 49
9 16 32192 75
9 12 6411 114
20 13 28991 208
9 1 105105 371
7 2 33869 36
20 6 155125 290
14 15 11191 103
14 4 37586 340
4 8 71269 158
9 2 52922 671
5 17 15710 788
2 1 5459 173
13 14 24131 26
9 19 49512 319
17 16 46651 21
2 9 24548 591
11 7 38150 42
4 13 49137 105
6 4 20367 44
5 10 79041 66
19 13 28132 71
11 18 102165 82
16 14 17242 339
9 14 77694 554
8 11 22819 141
19 16 62745 325
19 8 13898 236
16 10 74669 583
12 6 8427 366
14 8 9172 43
7 10 16278 37
8 19 136569 92
13 1 53023 304
11 14 25291 89
16 2 7688 256
4 11 20070 157
1 7 4288 51
16 19 16075 60
9 15 11221 85
20 2 29043 286
15 4 47473 152
13 5 23861 82
10 19 36107 56
17 10 105711 198
14 6 110362 159
16 9 91931 98
12 10 10991 78
1 4 8899 126
13 18 34212 704
10 5 9571 52
3 247
9 48
16 98
19 93
18 27
10 23

2407228
