20 99 3 3
14 7 11529 165
14 10 10953 1067
14 8 22030 60
14 5 12385 92
14 15 8670 102
14 15 7175 94
14 8 6903 93
14 20 45989 113
14 12 3711 27
14 2 21137 98
14 13 4670 68
14 13 11179 44
14 16 74747 150
14 11 10819 366
14 20 12779 214
14 20 7309 151
14 1 40616 151
14 20 48890 267
14 9 26381 312
7 16 32375 106
1 17 10424 209
15 18 23201 56
13 8 21971 138
10 3 33373 171
2 19 9403 73
8 18 3046 73
8 6 72034 15
10 11 10290 28
2 14 27144 298
19 4 24745 273
2 8 8148 35
7 11 5545 73
8 2 12106 369
9 15 16874 420
6 5 53900 197
16 12 2653 94
11 20 12791 161
15 17 47951 179
5 19 5945 315
11 3 39601 154
11 5 22259 41
5 1 9383 62
10 20 10214 291
11 8 4939 178
7 17 34932 335
18 15 39320 89
12 9 23540 463
4 14 52108 133
11 1 27925 209
12 6 34682 70
1 8 8903 74
18 4 7869 121
15 6 6839 134
20 16 122752 634
20 4 29760 61
13 7 3018 233
20 2 16013 348
12 20 38084 63
13 1 28960 235
12 10 11617 379
9 12 16529 483
16 4 6017 121
17 15 52297 68
7 15 28329 201
11 19 78918 93
16 6 22774 191
14 18 14264 515
4 10 102498 559
6 18 8903 124
19 18 12796 499
3 11 118339 381
19 12 39020 999
9 5 5158 86
19 5 1851 289
15 19 123965 382
2 13 5309 481
13 16 47751 123
17 16 39581 723
17 3 29207 45
12 3 11183 792
16 19 51730 190
5 13 4657 112
9 13 15059 351
20 5 18942 49
16 8 28676 126
5 12 11713 299
7 5 4900 1754
16 7 70697 751
5 16 81784 50
10 9 22332 45
10 13 24843 157
20 6 57889 151
14 19 66987 112
20 14 6099 72
6 20 28101 201
4 16 9109 558
16 1 54113 171
15 11 20705 219
18 16 73729 74
14 147
16 28
20 114
8 303
5 79
19 231

4540306
