20 99 3 3
19 8 33505 93
19 12 49721 414
19 4 57769 28
19 15 4994 241
19 13 27696 50
19 3 26766 384
19 9 98078 182
19 1 249079 89
19 2 38143 368
19 20 15199 106
19 5 15583 96
19 7 55710 121
19 16 18924 138
19 6 119904 90
19 17 42929 157
19 11 9937 67
19 10 6089 73
19 18 39607 918
19 14 46694 195
13 7 63809 580
13 8 20404 38
2 9 13306 52
16 6 27391 37
10 9 1597 498
16 20 98723 331
13 11 51450 377
11 4 4442 190
18 19 24168 256
14 15 26164 47
17 12 13782 73
8 20 64160 64
3 11 149396 116
16 12 37346 91
3 1 11777 1472
11 18 14966 200
10 2 7218 66
10 12 26552 16
11 8 53368 93
1 11 25002 95
13 17 2680 104
12 2 32605 318
2 15 90120 82
1 10 42845 89
18 10 24020 74
6 18 84298 66
7 1 70497 412
17 7 8463 120
1 6 35367 38
18 13 74454 69
9 13 27774 559
6 19 13726 159
13 2 11591 35
5 13 6509 350
8 12 22071 148
18 7 11750 131
20 1 20551 814
17 4 45555 78
9 19 16712 290
18 14 7002 80
12 14 35781 62
5 12 109907 227
9 4 48394 215
7 19 106115 153
14 20 6910 137
17 3 42943 8
8 10 20833 47
5 4 16496 46
12 20 36927 242
6 8 19830 340
13 12 7154 212
15 9 124411 442
4 14 153206 98
1 2 3887 72
11 16 36806 375
13 20 34448 294
4 3 20121 1261
12 9 4442 51
18 20 11096 51
1 9 20003 70
11 13 101145 92
11 7 43957 338
18 12 20864 70
20 19 22127 117
6 4 16639 19
2 11 12496 596
1 18 42896 68
9 20 87702 65
1 16 23318 597
6 12 34114 133
11 17 52323 35
7 10 5559 103
4 11 22501 197
10 18 13029 91
15 20 88622 76
8 3 19534 337
13 19 29280 497
11 5 29672 110
13 16 12718 39
15 18 19312 25
19 114
13 36
11 24
20 19
12 19
18 51

1300077
