20 99 3 3
9 14 36103 90
9 13 108063 498
9 16 48547 56
9 18 11544 172
9 17 8948 948
9 19 32152 247
9 12 62063 31
9 15 48535 347
9 7 10650 165
9 10 7731 281
9 1 77458 183
9 4 18857 372
9 8 11058 97
9 10 111108 697
9 16 70645 102
9 13 4503 124
9 1 8776 179
9 14 9814 34
9 10 77881 353
7 3 30580 93
14 2 16686 1366
7 8 18715 62
9 6 24847 431
1 16 6340 121
10 1 35133 146
12 19 54140 89
8 1 72793 1219
20 1 35093 228
11 2 37664 33
10 15 29416 334
8 6 14758 673
19 15 57205 108
10 9 58369 49
12 11 148585 115
11 19 6136 362
15 16 49140 23
13 2 23719 188
15 12 2863 248
3 5 38650 139
3 17 5454 507
5 7 29535 43
14 15 27763 191
11 7 8996 170
15 2 8445 164
13 10 17277 150
12 14 7924 34
14 19 7579 141
16 15 25354 139
4 8 4691 600
6 19 17041 65
4 3 9726 161
13 1 15514 2554
4 20 7250 119
11 10 14672 105
2 14 17381 263
2 17 56089 165
10 12 69585 271
12 6 56130 102
15 7 37812 258
19 12 36002 120
4 9 32708 43
20 7 8602 190
8 2 4077 200
20 5 38481 64
15 4 35059 501
11 4 14909 366
18 7 20771 97
16 9 49192 27
11 13 12755 118
1 18 2917 295
15 10 116676 225
18 9 15089 21
13 18 11083 389
20 17 37795 165
3 7 17396 130
19 17 23520 314
8 14 103330 71
18 13 13205 111
17 3 34998 506
1 5 78984 31
19 9 10548 67
4 12 18696 141
18 16 15938 122
7 17 21957 106
5 11 14364 40
16 4 8986 91
11 5 14452 73
3 4 12629 112
18 2 30654 42
3 2 14263 135
19 10 96736 106
16 19 28810 134
8 18 24776 39
2 12 10344 146
20 15 43503 605
17 1 1166 65
2 10 20246 531
20 10 8996 175
18 8 70833 341
9 80
11 140
20 30
10 16
7 425
2 24

2322796
