20 99 3 3
15 7 106250 116
15 8 59204 146
15 4 5625 261
15 16 8618 94
15 20 40013 806
15 5 147410 271
15 3 320606 71
15 9 60783 579
15 18 3624 131
15 11 24023 298
15 2 10912 1420
15 13 9968 188
15 12 33858 59
15 6 400241 577
15 10 19045 412
15 1 14590 911
15 19 82147 114
15 14 4112 392
15 17 24055 78
13 9 42343 254
3 8 55806 45
19 11 189769 361
6 20 19761 86
11 18 17014 134
20 18 16950 111
20 13 19188 273
5 18 30854 86
5 19 88709 428
13 20 15738 163
13 17 6102 1315
14 20 26262 59
6 9 53609 353
14 6 31176 93
5 3 17932 89
18 14 14455 48
7 20 16135 66
20 3 17727 145
8 1 10950 339
2 15 91634 103
17 18 126704 31
7 9 8031 297
14 7 3770 16
17 10 18436 125
9 6 17700 165
18 7 8383 131
12 7 28241 130
3 1 35070 162
7 17 9214 230
18 11 34154 98
11 2 4526 88
11 17 2295 32
2 1 62762 34
16 19 45238 269
9 8 22815 184
2 17 44398 363
4 8 29172 1382
6 2 30039 41
2 8 11522 603
16 18 15720 91
3 5 42763 110
19 12 5562 1698
3 18 46327 78
1 12 12333 105
8 3 22920 1165
8 20 9619 516
9 13 19374 32
10 3 19681 52
17 5 114769 96
7 19 23701 62
2 3 31133 156
1 19 184513 309
4 18 36088 339
7 11 13657 896
12 18 9566 450
13 8 3875 89
10 2 33583 93
18 12 221183 318
13 1 64319 538
12 6 7047 27
17 4 10815 94
11 12 27115 86
18 20 46281 550
12 16 472142 96
7 13 44863 81
20 11 16596 185
19 3 14018 110
12 19 6352 275
5 20 13726 414
13 5 3702 236
16 1 43200 81
16 9 185239 110
12 5 17024 237
6 13 8919 127
5 13 12692 84
5 10 10877 677
7 15 49058 42
9 18 20197 77
20 12 62522 87
3 11 22990 216
15 133
7 14
13 66
18 35
20 61
3 79

3294114
