20 99 3 3
18 16 24862 199
18 2 14100 79
18 19 29514 98
18 6 19823 90
18 11 23392 187
18 4 25683 1399
18 10 13712 92
18 20 24672 72
18 17 10778 15
18 5 15154 113
18 14 17129 340
18 1 24127 253
18 12 63457 396
18 8 51654 53
18 3 17280 956
18 15 18324 99
18 7 29918 239
18 9 24550 60
18 13 216693 191
19 9 16805 58
8 5 10954 291
10 6 12826 131
11 9 41336 150
15 20 33529 266
13 15 30436 84
15 5 5918 35
15 6 37255 35
4 10 38867 115
10 2 26631 189
7 4 50643 94
15 7 16667 402
1 6 31948 56
10 15 6567 149
8 3 36683 166
11 6 21704 203
11 4 29883 295
7 17 17676 136
15 3 36932 658
13 2 79619 311
1 3 22567 143
1 15 18807 20
20 7 3436 1091
19 2 20205 27
5 14 14153 207
3 20 4234 97
14 18 33855 77
10 5 41956 234
12 7 29943 250
7 11 23424 877
6 12 87591 135
16 7 16153 18
1 9 22279 940
11 12 135519 45
6 17 10071 411
14 12 3345 127
2 20 56382 198
14 2 33009 82
20 4 29827 428
6 19 109612 100
14 8 8097 700
2 17 38130 188
12 3 24535 116
20 19 24741 32
11 15 9820 151
16 10 40405 1061
17 16 38693 87
17 5 8121 93
2 11 17094 77
17 11 8423 526
5 18 100143 45
2 3 39201 232
15 1 80469 181
8 20 27941 1215
14 7 9486 803
11 17 157362 413
8 15 32017 576
12 2 8181 428
12 1 26215 17
2 13 8040 93
12 11 13111 2489
19 8 9630 255
6 2 31391 342
11 13 18983 479
5 13 112679 16
17 12 7382 82
4 8 68431 55
1 13 9781 767
8 2 18023 174
7 8 32587 312
12 4 14892 13
17 18 46940 173
16 4 63048 151
5 4 65220 266
9 8 23686 58
13 14 14767 217
4 11 24097 313
16 2 8862 41
20 12 15673 1645
16 1 15099 460
18 133
11 21
15 66
2 28
4 10
12 86

2377684
