20 99 3 3
12 8 51821 414
12 11 7993 124
12 4 6582 356
12 6 11110 49
12 14 36608 129
12 17 11641 228
12 18 12103 211
12 13 26515 193
12 4 42609 106
12 18 7740 184
12 18 66563 160
12 17 74720 379
12 19 15755 51
12 5 38156 875
12 20 26966 77
12 5 94553 105
12 13 9650 302
12 18 7542 54
12 15 20890 446
1 2 15314 707
5 6 15005 362
15 18 6921 36
4 20 13142 27
10 15 7730 251
14 4 9128 487
3 14 130725 476
7 16 11644 351
3 20 6013 39
6 18 30001 180
6 1 6935 187
2 13 9842 1321
11 14 4521 702
5 1 5883 25
10 2 33918 194
4 19 15542 318
7 19 23645 309
6 8 5597 791
11 15 1211 399
13 16 4000 127
16 17 28583 239
19 9 2874 285
13 11 38765 106
13 2 15732 198
15 20 7900 473
19 11 70693 520
17 6 6116 71
16 12 16461 79
7 5 28278 533
15 8 7577 308
1 4 45980 308
10 7 151713 267
9 17 13629 195
3 2 926 498
1 15 22685 85
17 8 20753 332
12 2 26387 382
8 19 10314 111
8 16 14241 124
16 19 17363 312
5 19 10820 97
12 9 19156 39
6 10 55552 203
18 4 23499 184
16 13 14915 85
14 11 40828 369
16 2 134030 148
20 10 10690 451
19 10 10063 171
9 16 6314 124
15 17 31905 56
20 7 22215 27
3 12 17100 107
5 2 2525 354
10 12 3168 55
3 15 13395 1057
15 1 21729 26
14 5 45868 177
18 14 23050 99
18 12 18733 98
2 14 108301 200
5 10 7541 207
19 4 262768 31
6 13 5727 42
6 3 17682 731
19 14 11726 74
12 7 164891 223
20 1 23625 147
10 5 69657 128
7 1 30427 148
3 18 7272 560
5 15 22476 86
14 6 127848 205
9 7 173342 23
18 2 63001 271
17 3 13709 341
14 8 18475 398
13 1 116169 11
6 20 20344 205
1 19 26198 141
12 308
6 28
5 90
2 430
19 27
18 41

7612109
