20 99 3 3
3 1 13283 85
3 5 30639 79
3 18 29164 132
3 17 14781 78
3 4 17286 940
3 14 166159 183
3 10 11737 267
3 19 14397 18
3 7 18621 274
3 6 14226 172
3 15 5377 31
3 8 144961 1233
3 16 14963 32
3 13 17118 48
3 9 23460 43
3 12 5828 128
3 2 26420 102
3 11 154645 290
3 20 33741 4327
10 20 14091 100
19 14 16166 909
12 2 22729 39
10 11 3855 557
19 2 18293 29
20 13 66505 53
17 13 10091 218
2 19 14729 98
13 2 58349 42
4 14 19379 116
1 7 34445 618
10 13 6906 128
8 18 26551 170
8 14 61029 125
18 20 79653 59
14 10 16291 86
20 3 58480 215
16 20 13982 163
17 16 20252 106
11 7 17945 287
8 19 42983 52
11 14 16806 341
7 6 8343 144
14 19 61828 90
11 8 63459 67
7 2 12650 225
18 10 52772 55
18 1 55986 80
10 6 128453 313
5 11 88856 969
10 4 69933 358
5 7 12387 135
10 2 49359 356
16 13 9256 164
1 2 164388 159
7 12 225507 233
11 17 84286 407
2 5 16785 466
7 20 18432 34
12 14 5776 39
17 1 21535 407
14 1 83808 120
18 11 15901 14
12 16 6660 101
13 1 16076 473
10 7 13722 203
13 6 101391 195
10 18 13942 39
4 16 1878 150
5 3 221921 64
12 6 63218 184
16 11 11533 281
18 5 13164 148
20 10 63812 152
9 4 35700 141
6 20 24480 783
12 5 1000000 260
15 17 10504 1390
10 5 26050 49
8 2 53349 361
7 11 29892 29
5 14 18161 284
6 8 39134 176
2 14 21955 230
2 8 71645 713
5 12 10557 229
2 18 1822 270
7 13 4744 395
8 3 138087 184
2 12 6259 117
19 6 15595 225
8 6 15304 43
13 8 43367 104
20 4 30360 332
4 9 78498 308
10 12 24493 166
6 5 4015 165
20 5 5319 1164
18 14 55014 128
6 1 56865 453
3 57
10 120
18 24
14 59
2 22
6 112

3937002
