20 99 3 3
6 1 6347 824
6 20 76658 35
6 17 20306 357
6 14 15788 42
6 4 43755 71
6 5 123125 293
6 5 36047 143
6 10 14573 82
6 5 11378 137
6 20 47607 183
6 2 8448 95
6 17 40696 247
6 2 84712 284
6 14 13173 392
6 10 183315 384
6 8 25804 277
6 15 1435 239
6 16 81471 246
6 20 2645 132
11 14 9407 441
4 7 3327 87
18 10 30081 235
7 16 18894 210
17 10 2376 41
4 2 12736 73
4 20 72470 32
17 3 27340 472
7 18 42480 36
18 16 21992 199
17 4 15697 472
12 17 95050 61
20 17 223617 116
19 9 56849 33
10 8 30562 76
20 6 12187 333
11 15 131513 61
3 17 23119 228
8 12 16386 251
11 3 29260 88
5 17 3425 162
19 4 313555 655
9 17 5724 162
12 8 39407 360
9 8 22481 332
20 9 56003 74
14 6 43862 258
17 16 2883 197
16 7 38453 362
13 5 31327 355
11 4 13508 451
19 13 87758 50
1 19 107207 666
5 13 11081 168
8 9 63343 103
15 6 8178 208
8 11 26196 61
4 12 3284 639
12 2 4703 205
5 14 30781 212
1 16 55165 51
7 19 37177 52
14 17 3675 102
5 4 9362 94
4 15 5519 390
10 15 9338 282
16 13 19391 313
3 2 7041 50
7 11 6837 538
11 9 14827 265
3 18 17031 281
18 20 42924 336
18 3 43378 163
12 11 15261 61
13 15 22260 136
5 6 7723 110
1 10 7644 51
13 19 22527 49
13 11 19346 2130
19 1 14616 391
17 9 30246 271
8 20 16977 1033
15 10 33375 543
14 1 4055 428
19 11 26392 521
9 16 3624 37
8 19 79032 159
7 2 20121 321
18 6 177171 220
15 3 46009 117
16 18 7362 64
15 11 11351 117
13 6 41340 46
18 4 30754 476
3 15 8928 92
14 15 16483 217
14 4 8811 51
10 5 75570 1228
1 2 120316 464
12 10 1274 64
6 266
18 18
19 25
17 51
15 197
10 95

2374968
