20 99 3 3
8 6 7721 183
8 19 6312 204
8 5 5314 203
8 18 29587 93
8 20 11894 130
8 19 9753 170
8 20 14665 41
8 6 9283 112
8 13 26631 95
8 14 107716 40
8 17 26963 546
8 15 2395 130
8 16 15545 136
8 6 56215 62
8 4 16913 650
8 6 110486 34
8 4 32910 168
8 16 2908 43
8 5 7551 344
16 10 42173 530
9 4 20429 362
9 6 4622 146
11 9 47373 151
14 10 18959 39
14 15 26651 105
8 11 7276 37
10 14 21278 100
16 19 61638 124
12 3 128887 11
13 18 8368 725
4 7 12703 316
17 2 50777 34
16 8 4566 66
4 3 9916 3414
1 7 8932 27
3 1 48997 89
8 7 25975 101
1 4 17849 55
2 10 8195 557
17 10 24003 325
7 8 16219 395
13 2 33143 718
15 4 25760 209
11 6 10266 129
4 6 34221 369
19 3 10640 163
4 17 26560 46
7 5 33358 115
5 1 34931 788
13 4 134174 1023
15 18 86668 139
6 7 270324 265
12 16 17848 80
2 7 7945 786
19 15 29634 250
14 19 11924 46
1 8 7662 352
20 6 26416 191
4 18 12725 249
3 19 14890 128
1 11 29137 336
9 10 35530 219
17 1 11688 76
14 12 53758 217
16 13 18067 421
2 17 13028 150
9 1 24240 418
18 3 101466 251
20 9 23360 213
15 5 31943 69
14 18 5024 100
18 17 24904 42
13 15 3493 43
13 9 141353 111
10 3 10900 84
5 15 7165 1052
15 9 22077 351
6 4 42875 903
17 15 5930 116
20 18 59968 34
14 1 60099 217
7 20 39908 87
3 4 28304 218
12 6 17313 422
19 12 12168 300
17 4 31243 35
5 11 25588 2640
5 14 31769 392
12 18 180359 405
7 13 46708 397
15 7 6175 253
1 14 8475 266
18 4 66252 534
11 3 3643 621
13 1 19343 79
6 14 205943 42
2 6 16930 344
13 3 30122 139
6 5 36014 105
8 231
13 35
14 78
6 373
4 121
18 313

2543279
