20 99 3 3
8 13 3075 776
8 17 7077 436
8 19 35058 59
8 16 67521 231
8 16 49075 284
8 7 57080 24
8 13 17786 230
8 11 26536 377
8 2 28538 133
8 11 2038 53
8 13 51060 484
8 4 10458 339
8 12 9709 141
8 13 17252 944
8 10 93636 18
8 6 1182 5
8 9 8739 26
8 18 29232 96
8 15 41452 166
13 12 111335 208
4 3 32432 48
1 12 4965 123
5 20 6389 261
6 12 17118 55
7 10 17626 88
9 11 47945 68
12 6 12072 66
15 9 42928 41
6 16 10295 92
4 16 6628 35
10 3 64104 2892
17 8 7473 79
11 17 11348 227
3 9 59117 1193
11 13 31338 79
9 15 128104 878
2 10 9370 92
2 20 13774 196
14 1 23195 145
3 10 45678 108
20 5 10384 37
14 7 14091 49
10 15 30069 85
2 14 82566 222
7 14 16595 143
18 16 42849 53
10 19 51890 8
10 11 7103 81
20 3 6610 47
19 9 37187 584
5 2 28307 223
19 3 20222 430
20 4 18075 278
15 14 16535 594
16 13 16117 167
18 6 12040 64
14 13 34207 117
14 3 7659 85
16 20 16940 243
5 11 22633 417
3 17 18585 44
16 12 51542 44
3 11 18634 53
1 17 13443 132
16 6 39767 146
2 1 14970 156
8 14 37995 155
10 4 15548 1024
15 10 13938 368
12 3 10575 174
7 2 32857 470
5 13 19416 85
12 20 8956 65
11 19 18010 155
12 8 78563 342
19 16 18143 32
17 11 3576 84
13 17 81205 417
19 13 3670 504
17 12 35957 211
13 9 20509 49
9 17 15718 336
16 14 34230 168
9 4 15590 510
12 15 54268 50
15 1 147734 112
2 13 11774 258
13 2 25386 107
8 5 25514 550
1 3 7515 628
13 1 6016 426
12 14 8853 85
5 18 5133 114
8 1 81791 51
14 6 37664 635
16 9 28527 161
13 5 51237 206
11 14 154120 300
3 12 2993 190
8 176
16 90
13 60
14 85
12 56
11 691

5883568
