20 99 3 3
5 13 36792 74
5 10 35940 544
5 20 24571 31
5 11 100267 59
5 10 32944 118
5 11 44265 101
5 15 29028 103
5 19 25461 171
5 16 75520 58
5 15 26417 134
5 2 15334 54
5 1 15086 103
5 8 5108 86
5 12 38787 80
5 9 26779 235
5 7 6785 112
5 3 13148 131
5 3 110305 338
5 12 23155 8
18 2 60314 146
8 3 69663 392
3 18 32298 129
8 19 27111 34
7 15 37021 295
18 10 4238 1429
4 3 23540 158
18 1 27010 70
5 18 40210 215
10 14 280996 222
4 17 15099 409
4 6 5917 111
3 10 15863 51
16 2 101333 250
20 11 40977 227
20 18 82549 98
10 4 11751 138
6 1 125984 190
20 9 37534 153
11 3 20753 107
20 6 7959 973
16 4 23536 106
9 11 39400 65
3 15 8027 347
9 20 59312 99
10 15 36782 161
9 2 25304 58
16 9 16558 135
16 7 8823 810
20 7 12761 118
9 16 6715 87
8 17 8595 1108
10 7 78988 51
12 4 67002 545
4 7 28045 291
4 9 89010 23
2 19 26485 86
19 2 22149 140
18 11 44097 120
14 5 39162 153
10 2 23199 167
15 13 21703 626
17 6 6365 42
3 12 26936 56
1 3 86763 162
1 19 36874 64
13 7 47507 328
20 5 29783 154
9 17 44538 54
3 8 111327 69
16 3 4321 181
6 20 18181 223
10 8 14456 100
2 1 14665 96
18 12 19454 74
10 11 4473 70
15 5 19167 1073
15 18 7738 143
18 8 80260 162
7 14 5406 501
2 15 11241 261
4 5 39767 57
12 19 6037 880
14 20 54764 47
4 1 2201 261
12 3 28704 145
20 17 28173 154
7 4 12505 33
9 5 80708 210
2 4 14523 76
13 12 109154 19
18 5 98145 15
16 8 26137 216
7 9 13030 474
16 19 12008 335
9 13 38967 407
17 13 2154 163
20 12 35913 64
20 2 82819 82
4 18 18268 258
5 40
20 234
4 24
3 88
2 109
19 355

11370535
