20 99 3 3
1 5 8919 74
1 8 51303 190
1 17 1582 33
1 15 109890 131
1 6 16622 56
1 19 10991 38
1 17 13396 197
1 17 8169 146
1 3 24618 548
1 10 30605 154
1 9 11620 134
1 14 6288 146
1 15 73931 192
1 17 70997 172
1 16 21707 171
1 9 17031 197
1 14 9309 305
1 6 20792 86
1 14 159632 72
13 7 11988 67
14 4 14094 53
5 14 8174 2619
18 13 2621 199
12 1 8510 73
4 12 32864 43
1 11 7085 66
20 1 19918 672
20 19 5117 131
16 13 11981 219
2 6 21313 99
6 9 5323 1098
7 4 75834 303
17 19 6150 610
20 11 242380 591
20 15 19007 71
18 17 48663 611
18 14 62588 137
8 15 30789 280
8 17 15265 15
14 5 20574 87
15 13 3820 131
1 13 42447 293
3 11 99995 74
18 3 64527 565
4 3 12771 23
11 17 18382 163
12 8 51797 33
19 14 26619 171
6 19 23362 22
2 7 25119 1134
5 2 133872 136
13 1 35543 95
5 6 34385 518
9 15 38207 292
16 17 16715 118
13 20 32957 49
7 12 30249 343
10 8 43668 112
18 15 75331 223
17 13 16153 80
5 10 77195 99
18 7 16697 38
6 15 20758 130
15 1 18563 30
20 4 13749 184
11 9 124916 183
8 1 61246 303
20 16 59851 90
2 11 7909 197
13 15 20834 388
2 17 7628 28
13 19 93981 116
5 11 31255 163
13 14 39011 120
12 5 3792 107
15 9 7254 78
17 3 42680 106
18 6 7143 1035
12 9 11774 93
15 12 60454 130
18 8 4609 215
11 19 89037 737
16 15 91678 190
17 18 16148 27
7 1 15002 285
15 4 14495 144
20 9 64656 838
7 3 25019 377
13 10 26121 51
7 11 47194 126
17 1 23949 111
10 6 12815 41
3 14 83456 59
3 19 33539 73
9 17 56484 146
18 1 44820 75
4 7 10800 61
11 5 151521 1457
3 13 78353 184
1 168
18 9
20 119
17 26
15 168
14 326

3885432
