20 99 3 3
6 2 76548 24
6 14 53565 29
6 17 53162 51
6 19 52867 30
6 15 9150 209
6 14 28901 183
6 15 41359 153
6 13 36589 42
6 2 48950 90
6 5 20523 69
6 2 9911 81
6 16 144714 204
6 2 47367 32
6 8 29922 9
6 16 10679 235
6 7 29346 214
6 2 63316 307
6 3 28446 329
6 19 22808 160
8 17 36817 176
20 2 150118 72
3 12 13260 63
8 3 59567 95
11 12 37556 176
1 16 7791 81
1 12 29855 226
12 1 19870 339
5 8 8891 99
19 11 169825 426
5 17 78213 173
11 4 7823 298
15 12 6551 300
16 6 163380 295
2 12 29953 86
14 13 34947 38
2 19 455056 152
13 3 68668 291
17 9 56437 332
2 6 2514 272
12 19 34376 47
8 12 9469 345
3 7 13304 925
17 16 156328 24
17 12 8777 144
8 4 27307 201
6 11 48482 157
1 3 21592 82
15 20 23344 36
7 13 9386 355
17 4 36200 78
4 7 37947 258
8 11 25689 173
20 14 13647 252
16 9 28777 237
13 10 162330 88
12 16 77411 40
19 10 168778 339
20 3 51625 193
14 5 59070 27
20 17 26683 26
2 10 26664 266
14 20 2919 51
16 14 10804 113
4 5 8806 821
2 1 20061 249
15 5 17402 151
4 10 14245 86
4 9 15807 145
8 18 5256 105
20 8 11688 304
9 17 34759 116
18 4 26897 628
2 17 33969 158
15 16 67969 16
5 7 46379 383
18 6 6755 60
11 10 15088 47
20 6 32647 424
15 10 33362 206
20 18 40119 244
12 8 266022 537
4 16 7173 618
12 18 242069 833
7 3 18795 46
3 4 35386 125
5 14 32877 468
12 5 44777 128
7 8 65752 90
10 6 317813 619
7 4 7953 79
10 9 25552 244
12 6 62290 25
14 8 7352 96
20 19 6011 99
6 20 26261 115
5 9 8443 150
18 20 21902 204
10 12 54977 40
3 2 38635 198
6 252
20 16
12 49
16 1274
2 91
17 23

4411217
