20 99 3 3
3 19 84455 204
3 14 56821 338
3 18 4733 10
3 20 20332 198
3 1 61765 493
3 15 81281 168
3 11 42974 76
3 2 82433 112
3 7 9638 527
3 4 10888 96
3 10 144655 549
3 12 25756 2880
3 6 39667 92
3 5 18973 245
3 9 34132 135
3 13 36831 43
3 16 23457 165
3 8 60172 162
3 17 84855 179
9 18 7743 174
8 7 149657 216
6 10 178939 164
1 8 826 113
12 16 17344 457
12 13 35034 223
1 18 21372 124
13 12 36416 416
18 15 79086 115
13 8 47409 389
1 3 17394 411
11 5 8073 50
7 8 24844 272
16 18 5374 177
18 20 38973 153
1 14 37139 69
13 19 49151 124
10 19 37391 119
2 12 39033 371
7 15 10250 290
14 5 4878 181
13 16 31534 248
9 13 11239 72
11 13 151510 38
14 6 14631 27
2 4 27642 123
17 11 23703 206
16 12 14579 139
11 17 28111 184
16 17 8000 39
16 20 16102 85
19 13 23715 41
12 8 22553 67
18 5 21782 54
20 7 28632 273
20 5 15069 387
2 1 15534 286
9 2 22604 334
16 4 8763 25
9 11 23458 87
5 9 9383 63
20 14 11374 122
20 15 18053 38
14 16 8155 231
16 19 17766 268
13 2 57759 113
17 7 18587 68
10 5 5863 68
19 6 97208 86
2 7 20040 57
1 19 60078 37
8 20 13109 208
13 9 11358 256
19 15 38159 132
18 13 10162 402
6 4 114607 395
15 7 78419 79
17 14 17853 139
2 6 55275 63
12 3 15442 870
18 12 89546 238
10 4 7878 301
2 15 115916 205
1 10 23749 1378
2 10 127056 193
5 7 12019 61
18 7 9639 639
2 17 18963 41
4 3 18155 81
14 17 2256 187
12 11 139905 154
2 9 3310 781
15 6 21242 194
12 2 9809 134
19 20 208860 90
13 7 19354 226
20 16 6858 119
4 11 14637 260
7 17 23717 38
4 9 8400 277
3 57
2 90
13 42
7 59
17 90
15 7

3549717
