20 99 3 3
18 19 52982 57
18 6 41024 60
18 12 30101 143
18 11 103989 566
18 4 18866 158
18 17 19093 1008
18 10 40360 73
18 14 30623 184
18 9 40198 24
18 3 97741 157
18 20 11240 251
18 5 5957 36
18 13 20147 57
18 1 14559 223
18 15 12952 128
18 8 69789 21
18 16 107759 128
18 2 54528 462
18 7 11092 187
8 14 36955 40
5 15 306115 49
20 14 83511 439
1 19 19790 303
15 20 24902 579
7 8 15713 225
15 8 78249 47
17 16 17876 176
4 2 11247 292
17 10 16868 1038
9 1 74159 867
8 17 149131 67
5 7 14204 28
16 12 21136 10
13 4 7151 189
3 7 17699 152
11 13 2086 468
3 17 7502 527
16 1 8561 130
3 4 176962 280
4 1 6573 92
15 9 55548 355
15 13 10719 156
13 14 22921 272
10 3 52212 145
4 16 36425 113
7 15 24466 128
7 3 22579 278
17 9 7769 192
7 9 11031 80
9 10 4973 29
9 5 3662 398
9 3 10906 208
10 4 66121 200
20 3 3180 648
14 8 9874 31
17 8 7937 69
10 9 14130 99
1 3 110223 82
14 3 7041 30
5 19 85795 301
6 7 54731 81
8 9 16264 43
8 11 9751 51
6 20 31793 583
8 10 170977 82
16 20 11566 124
16 19 20834 132
8 3 82344 199
12 3 21400 180
11 18 20049 1582
12 19 45215 104
15 12 24019 78
15 18 25916 522
4 15 13971 62
1 17 2742 278
4 19 16457 114
9 2 11053 170
3 11 15011 43
11 8 15528 51
15 3 26842 91
8 5 31832 411
5 12 31775 448
10 15 4732 545
4 14 53197 127
13 10 56581 135
14 6 7838 64
16 4 15407 274
9 8 127427 120
19 1 69684 132
16 18 52469 797
15 2 155648 124
1 16 24190 45
3 2 4381 283
16 14 7146 452
1 18 22515 77
3 9 23896 60
2 18 23515 463
7 13 22340 818
14 11 28270 35
18 76
15 16
16 119
3 40
9 48
8 44

2263705
