20 99 3 3
17 18 14148 75
17 13 14537 36
17 5 103479 112
17 12 10844 302
17 2 16512 221
17 2 7693 123
17 3 36208 148
17 3 11072 345
17 7 20403 14
17 6 6373 879
17 2 8935 136
17 6 23263 450
17 4 40603 63
17 11 101176 264
17 18 27301 91
17 8 5641 35
17 10 224962 211
17 2 23643 78
17 6 5776 15
18 4 124636 49
19 15 13747 28
1 18 14999 226
3 5 18102 599
3 19 104881 176
9 13 33257 372
16 8 43415 348
1 6 41841 39
10 5 21172 199
18 5 13827 165
20 5 14480 211
10 7 51277 481
7 17 9312 166
12 8 36687 82
3 2 13766 242
13 15 13585 109
16 11 30761 118
18 8 225799 189
16 12 9344 615
4 12 14640 26
8 1 49514 311
10 11 70041 447
8 12 25409 501
9 7 56116 361
18 9 52970 277
4 2 31409 230
17 14 8846 175
9 6 33526 476
9 5 13431 151
11 18 24472 769
8 2 4643 709
4 6 23226 245
2 15 15255 272
9 11 17677 42
6 3 28247 469
11 1 28027 129
5 7 18830 1536
8 7 23320 154
1 15 88938 57
20 3 6521 503
7 12 16017 63
7 3 87225 22
5 14 11106 1002
12 15 18023 241
18 6 34754 211
15 6 10322 436
2 19 84114 117
4 19 18961 531
2 10 21955 629
3 16 16604 256
16 18 32332 441
13 3 84750 62
12 3 58062 61
4 16 15770 595
9 17 193285 80
19 1 22499 385
2 4 10782 387
7 18 23093 98
13 2 17790 283
2 11 9416 321
15 7 51182 10
6 1 20463 23
19 16 98899 315
6 5 13097 346
6 11 78834 26
7 16 23941 66
14 20 166226 56
19 7 15456 574
14 11 42572 161
17 20 3412 216
3 15 26644 1909
14 8 6270 50
7 8 9814 67
2 9 121177 229
10 8 27894 147
20 19 22654 187
5 20 4153 390
12 1 89318 200
5 18 137723 195
19 20 5461 82
17 84
9 72
7 12
6 253
2 13
18 43

3113733
