20 99 3 3
6 8 15619 112
6 3 7216 248
6 7 52164 257
6 15 5644 101
6 4 18496 234
6 7 25752 871
6 10 20300 167
6 8 80787 154
6 15 43898 51
6 19 90771 161
6 4 14001 155
6 16 18428 506
6 14 6717 309
6 16 59672 115
6 18 121915 36
6 5 6058 219
6 20 13214 45
6 20 14746 88
6 2 29612 61
5 6 39231 12
19 14 35101 549
8 19 10028 107
6 13 6323 79
17 6 13346 226
19 7 7948 409
10 1 76404 113
13 10 18656 169
7 5 26496 174
17 19 12961 14
7 3 104326 188
3 4 18020 150
1 9 4212 377
19 13 8851 892
4 8 30482 24
20 13 27019 384
13 17 13453 10
20 7 74802 541
18 19 29277 124
13 1 51956 67
1 6 25958 95
9 16 45096 39
8 15 86981 44
11 9 88964 176
4 12 200237 78
3 11 21108 27
13 18 6226 89
8 14 29503 119
4 16 25105 256
15 5 97028 78
10 6 11239 352
1 20 22757 160
13 11 3084 157
4 19 127909 82
10 19 11267 134
5 12 24710 98
9 17 23205 356
12 1 26380 259
2 18 18641 201
11 4 29667 310
1 8 46831 357
10 2 20079 81
3 8 27396 76
19 20 11063 60
8 16 5230 236
18 14 1885 91
12 17 16765 69
5 14 17178 291
7 16 22244 804
18 6 8560 77
10 14 41171 1264
17 3 196867 534
15 18 24022 99
7 12 4002 134
17 9 102433 292
1 17 9336 93
12 8 8547 370
5 20 68054 637
8 3 14099 114
10 8 17797 171
20 10 27462 41
13 9 9046 51
13 19 15966 149
18 17 21386 380
18 3 5323 723
8 20 17661 37
8 11 178889 57
10 4 59033 120
17 14 26384 139
4 10 30001 363
13 16 43558 81
4 14 86305 152
19 15 14422 858
7 4 14846 18
19 9 13222 448
10 17 22781 156
3 16 35183 271
2 7 4860 122
20 17 204678 97
3 15 56198 266
6 400
13 48
10 40
16 99
14 77
19 344

9263235
