20 99 3 3
2 16 28061 40
2 18 56132 602
2 9 29832 121
2 11 21681 125
2 17 9942 311
2 12 20104 123
2 3 33215 744
2 17 12683 89
2 11 92804 935
2 9 141893 423
2 6 8363 62
2 10 130372 33
2 19 4820 64
2 12 52876 162
2 19 102611 84
2 15 38980 264
2 13 22961 232
2 3 71536 13
2 11 9214 130
4 2 40652 523
17 5 34057 174
18 7 106480 514
4 20 14108 856
17 9 37165 510
6 1 9509 40
18 1 34333 38
14 4 11334 68
3 11 5727 256
17 14 13444 50
5 8 9338 51
19 18 5941 827
12 18 49908 112
15 6 64114 96
12 19 16152 140
4 5 57988 138
4 15 13596 75
12 7 35566 92
8 6 37884 64
16 9 20004 407
17 2 21605 143
7 1 23846 258
3 1 46970 116
13 4 16173 497
17 10 18410 132
7 14 33492 197
9 13 128892 59
4 11 61637 959
14 6 25625 97
2 14 24671 325
10 12 33137 193
3 2 44569 194
15 11 61804 216
15 1 6535 102
13 15 8999 148
13 10 12070 135
10 18 234361 99
15 8 37361 122
17 3 6899 71
8 10 20438 112
11 20 79553 111
4 6 17590 18
19 13 27226 127
10 20 12460 24
5 20 8269 139
20 11 15907 71
13 14 102093 122
20 5 16188 59
9 15 10674 126
20 3 11594 330
19 8 9848 159
11 4 13376 422
6 18 10851 44
9 16 25316 158
6 19 46100 204
3 6 33104 79
14 1 38210 116
1 2 6506 44
13 2 10921 1055
14 7 30042 725
18 17 11651 124
19 10 19889 176
12 1 23314 20
11 16 58550 210
10 6 7058 2825
16 15 3267 56
8 19 3076 109
17 7 112713 28
6 11 181461 47
5 16 15497 243
20 2 40276 20
3 14 2994 116
11 9 6919 364
1 7 71548 444
17 16 181340 21
11 7 12186 52
12 14 43406 60
9 17 45512 115
15 13 69192 169
15 2 8409 103
2 280
17 24
15 30
11 116
6 134
1 109

5900736
