20 99 3 3
16 4 16578 56
16 5 28550 358
16 13 19854 84
16 14 63492 270
16 14 41762 78
16 17 12207 191
16 19 98345 32
16 6 9604 165
16 2 59909 126
16 14 38534 94
16 1 3071 159
16 20 6828 101
16 7 232020 71
16 20 22419 60
16 13 4460 250
16 7 14966 59
16 5 12884 4829
16 10 91385 165
16 15 12486 168
14 7 19103 304
14 17 4406 273
20 15 2868 752
15 18 40248 858
6 11 19581 152
11 20 37671 208
18 5 67097 395
18 1 16341 20
7 16 1476 25
7 17 13096 36
11 14 8089 539
1 14 33582 47
6 19 7032 36
4 19 15330 188
11 19 11195 724
2 7 15663 180
2 14 33167 15
19 17 4992 95
12 19 15951 349
19 13 25379 106
1 18 17120 77
20 8 44095 47
3 14 15794 41
13 17 15080 22
12 4 16697 63
5 2 14701 67
19 15 31881 96
5 4 49977 2119
9 16 279616 243
17 11 132597 42
1 9 6719 79
12 18 8886 130
5 13 92897 483
19 6 4005 298
12 15 8508 115
7 1 21763 97
16 8 51739 297
4 8 11842 292
10 5 67383 112
19 16 27312 222
5 17 18097 711
6 10 8302 142
7 20 13522 392
12 7 10692 32
13 19 39264 182
14 2 11324 207
13 15 21724 758
14 12 29058 61
13 1 58860 67
7 6 16486 176
4 5 35245 54
9 12 14451 791
14 19 16202 164
15 20 3061 38
5 14 37249 99
8 19 32959 489
10 3 101188 184
2 4 6993 103
4 9 14809 100
18 15 36225 170
2 6 59636 74
1 2 11483 305
5 7 29636 23
14 18 45852 40
19 18 7182 99
1 8 79868 424
17 4 29334 63
12 17 25549 117
6 7 3078 164
15 4 131262 24
18 20 10218 38
20 3 20056 17
15 5 15050 307
12 11 10607 32
7 15 23045 1176
3 12 51143 53
9 5 91496 65
4 3 87141 234
3 19 130548 212
17 12 26625 175
16 320
12 98
19 108
14 337
17 291
15 73

8874795
