20 99 3 3
7 18 39964 183
7 13 15047 173
7 1 8623 374
7 3 18205 173
7 16 23136 43
7 19 26121 158
7 15 16676 522
7 6 60088 166
7 20 16510 49
7 17 22082 15
7 8 11761 194
7 12 36488 33
7 14 31256 160
7 11 45804 218
7 2 16225 218
7 5 11575 254
7 4 32959 512
7 10 27588 67
7 9 1730 535
5 9 35127 138
5 1 55535 81
4 19 29245 180
11 7 3813 85
16 10 13908 42
10 8 23642 141
18 12 18524 360
3 10 21602 608
10 2 54573 53
20 9 13790 302
2 9 6280 20
13 20 43703 89
20 16 129344 194
2 18 40689 157
11 2 13120 21
3 1 15082 225
16 8 44642 183
14 10 25274 220
4 3 72467 147
4 18 6040 339
10 13 7485 111
20 1 8167 93
9 14 72110 106
11 20 50769 203
1 20 23817 1107
10 17 29560 52
6 1 88036 156
10 11 62644 61
12 13 14408 719
8 15 7949 135
14 19 7948 495
16 14 33075 476
19 12 24292 583
5 3 49510 187
12 3 3020 393
19 18 10699 38
13 12 60340 35
15 20 31937 600
11 3 34381 65
9 7 18939 30
19 13 56533 313
15 19 32646 58
14 4 17948 709
19 6 48283 29
1 16 9678 20
16 20 15849 796
6 15 22912 84
8 2 13538 331
6 4 19768 158
2 4 5728 31
18 3 7779 175
14 16 28961 63
16 2 29537 310
12 9 3244 329
1 11 26241 1061
9 3 122533 93
6 14 13096 174
18 7 121567 105
6 12 6647 71
6 5 55496 1367
17 2 7204 311
10 9 16901 441
20 14 237435 563
17 6 21568 69
19 14 31076 417
2 20 37737 29
10 12 63359 48
9 13 22329 94
2 19 8395 156
17 12 10271 389
6 10 49380 584
20 3 9796 271
2 14 31114 370
8 11 51774 287
14 20 21497 195
16 11 38328 161
16 4 35372 134
3 4 11686 91
10 5 12457 306
8 7 3285 58
7 171
10 32
16 105
20 201
3 16
14 16

4789191
