20 99 3 3
17 3 78624 148
17 13 155280 393
17 2 112219 55
17 7 33203 188
17 1 5451 47
17 12 24855 1810
17 14 126605 193
17 8 4522 1425
17 6 9371 110
17 19 72263 76
17 10 6503 41
17 5 39280 100
17 20 12095 610
17 15 14085 326
17 9 13602 77
17 4 27254 122
17 11 10292 107
17 18 18923 186
17 16 21305 25
3 19 23498 241
16 19 31293 472
20 3 19251 221
20 8 59794 280
1 12 61013 98
14 15 14805 317
3 6 30634 124
15 18 20326 297
13 11 95789 223
11 13 3618 748
19 7 13359 262
14 6 5515 435
18 4 14161 223
9 2 32189 32
7 3 31790 120
2 1 6041 51
8 17 78104 171
20 19 19343 87
15 20 33372 38
8 1 20700 44
1 17 27937 513
8 15 7520 85
2 16 8447 151
8 14 13067 96
2 3 22505 231
11 20 8162 143
12 15 47117 97
10 15 32056 638
16 11 31884 315
12 5 15229 102
8 20 30801 142
15 14 20398 265
11 15 4941 171
7 20 35320 118
2 8 17195 118
4 2 2588 225
7 16 9465 49
16 14 9133 82
15 11 11685 65
18 3 41851 77
13 17 112097 454
1 9 87997 72
4 13 29645 377
20 14 28563 95
19 10 15685 601
6 1 19171 243
13 18 25064 791
6 19 30854 29
18 11 58187 233
6 11 15857 352
13 9 46527 68
15 12 21058 209
11 18 148161 367
14 19 15192 138
2 7 36653 65
19 6 9739 71
10 16 14693 404
3 20 10225 124
5 11 44444 1668
1 18 15248 131
3 15 13775 26
16 18 37401 249
8 7 5398 48
7 2 12536 446
19 2 38951 186
10 20 15464 229
3 16 5008 31
7 8 60236 183
4 10 28464 94
7 6 12004 43
10 9 78739 417
18 2 63861 100
5 6 34974 63
18 20 2836 814
1 2 8808 351
12 19 21140 301
4 11 52824 31
1 6 17241 40
20 4 39562 100
20 12 94283 152
17 114
20 156
8 48
11 18
19 73
15 47

1950735
