20 99 3 3
16 14 98620 222
16 15 5046 163
16 1 11903 613
16 3 6706 56
16 6 31175 133
16 12 4498 215
16 9 16835 203
16 12 8790 96
16 13 17490 168
16 4 9934 208
16 1 15923 31
16 2 5909 1823
16 13 113620 601
16 13 79561 405
16 5 12234 75
16 9 31382 159
16 17 28691 129
16 20 17358 54
16 11 7817 84
17 18 60539 463
8 5 25603 44
17 5 24661 63
2 3 5641 142
15 2 8243 137
15 17 3622 42
17 8 1440 87
9 18 42556 108
15 19 45315 171
14 12 10716 75
20 1 9885 85
11 19 10170 135
12 18 9871 1099
12 20 36294 49
2 16 79503 447
20 5 36845 32
20 19 62536 835
9 17 98168 197
14 7 6683 666
14 4 94544 121
19 17 6585 60
5 2 21071 108
18 19 4669 648
1 12 17412 335
18 11 21906 27
20 10 4858 48
20 11 102445 659
2 1 42866 104
14 3 8256 225
19 3 4117 389
17 4 5216 592
19 14 12552 38
10 19 5526 216
1 3 17821 166
5 10 12439 147
5 6 110808 790
8 4 37819 999
1 16 5674 391
7 13 11716 85
1 6 17208 36
13 8 12451 199
12 3 12744 20
6 12 46411 261
15 20 38722 38
11 12 63229 462
4 5 37291 339
11 16 12321 144
13 20 14513 160
15 12 29911 113
12 6 185696 209
11 13 41664 236
3 5 31029 225
4 13 15481 94
4 16 18056 68
10 15 13303 65
14 9 21254 345
19 7 25612 22
14 16 11242 77
20 14 14827 41
17 9 2689 97
9 5 20110 135
6 8 9342 388
3 15 66111 467
13 10 8510 322
4 3 21560 38
13 1 8110 567
20 9 6258 607
8 6 23704 204
18 4 8615 51
3 11 23297 205
19 13 25416 37
18 3 106419 306
8 19 14169 162
11 17 22911 57
12 8 24077 369
4 10 11638 903
11 1 52534 340
13 17 36806 72
11 3 6922 153
10 18 19346 81
16 114
20 56
11 14
3 136
13 15
12 80

1558920
