20 99 3 3
3 19 35467 673
3 14 6223 156
3 8 17397 973
3 15 42106 208
3 16 9153 85
3 7 2617 58
3 10 72312 77
3 8 51036 57
3 19 10320 349
3 17 15172 268
3 19 13024 62
3 8 28166 65
3 14 8315 150
3 4 19284 196
3 13 15959 72
3 13 73514 133
3 9 4626 49
3 10 13477 309
3 15 26370 136
11 13 20592 245
10 14 36890 481
13 8 46256 41
17 9 8687 11
8 9 19666 838
15 6 279665 170
20 11 29180 349
4 18 83209 345
17 14 21266 311
17 3 27908 435
2 10 5649 256
17 6 28052 202
14 17 50347 21
2 19 27799 432
8 11 8816 42
9 1 37212 165
1 14 33147 179
3 5 103213 360
14 4 6305 158
4 1 65461 518
1 2 5704 85
4 6 41854 67
19 2 24821 91
14 13 5786 180
8 17 15929 123
19 12 25864 1195
6 13 23064 148
1 5 22272 194
13 2 10921 77
16 20 15807 108
17 1 43943 710
7 10 1083 149
19 18 61132 172
19 16 9736 129
1 18 12388 718
14 5 8112 16
12 3 80061 582
19 6 14347 60
2 15 3112 37
18 16 15428 31
13 1 38548 82
9 8 5132 231
14 12 25278 77
18 5 37860 60
12 8 23157 244
20 5 22568 242
9 20 21949 325
8 7 5300 189
13 6 12460 121
11 7 116712 100
19 13 12284 135
6 20 13200 137
20 3 26779 203
7 16 13479 162
17 16 43497 83
5 8 23442 532
7 9 26156 197
10 2 7311 1294
8 4 82237 401
1 8 41445 99
2 9 6225 131
7 14 10004 84
5 7 5033 121
16 2 12245 318
4 7 76368 17
11 14 144118 122
10 8 4836 135
6 2 201717 72
2 5 85787 127
7 5 159204 20
8 3 7577 35
12 19 47756 226
18 1 16827 319
18 17 20445 356
4 11 16551 149
6 17 47338 11
4 5 32190 109
9 13 46511 66
5 11 3126 174
10 18 183890 68
3 140
19 54
17 18
8 19
5 201
14 58

6420556
