20 99 3 3
12 16 47168 182
12 14 4634 303
12 16 13406 86
12 19 39406 164
12 4 29538 101
12 10 9609 311
12 6 48218 115
12 2 25264 121
12 6 25311 471
12 5 14394 41
12 9 117368 272
12 13 95678 1057
12 15 10843 102
12 18 10963 223
12 2 59201 253
12 1 14780 55
12 7 10454 1242
12 14 6557 68
12 19 30927 176
10 13 5323 505
3 19 90444 90
5 12 58719 117
11 18 30071 28
11 16 58293 104
15 10 162228 239
12 20 22499 387
8 12 6892 246
5 19 38958 37
20 12 7968 151
20 19 50599 390
5 10 43774 29
17 16 8947 139
8 14 9945 163
10 11 15152 272
11 10 32071 90
10 19 15833 28
9 14 46557 156
5 9 10735 693
5 11 25081 232
7 11 8741 127
18 5 9443 146
8 7 57140 29
17 2 141583 1181
1 19 33795 267
15 12 24034 1328
1 3 51307 446
10 3 30540 53
2 4 19113 32
8 13 16671 131
6 18 7978 128
13 2 4158 269
16 5 21014 348
2 6 178131 398
4 8 10835 58
4 7 18239 18
10 16 5995 243
11 17 3493 37
2 12 20645 147
4 15 29945 223
16 9 9056 440
1 8 24826 121
3 10 19097 24
14 18 114725 534
1 16 54194 68
10 2 27195 161
6 5 48044 80
19 5 100566 45
15 16 23218 276
14 17 5749 23
7 3 25815 298
9 5 6378 134
18 1 21257 77
13 9 35375 144
1 11 4675 69
14 10 10805 311
9 17 146074 58
11 15 1781 208
13 10 42604 178
19 10 14755 395
8 16 59844 199
7 6 29562 197
4 3 188461 416
10 6 123395 98
9 13 185360 510
17 18 17325 52
5 3 85301 335
13 19 17703 440
9 1 52679 103
6 20 271138 157
13 15 21251 106
8 5 17633 552
11 6 35737 1151
15 4 7209 200
16 13 33655 83
6 12 11979 45
4 12 15550 93
2 18 42175 357
14 9 12305 122
5 1 9784 285
12 200
10 56
5 56
19 192
16 213
18 15

5717005
