20 99 3 3
11 3 21617 31
11 6 21183 73
11 15 22075 80
11 17 26369 417
11 7 63795 770
11 19 7146 125
11 5 21226 82
11 9 36398 64
11 16 124377 42
11 13 89090 519
11 10 13486 326
11 2 104077 165
11 8 12217 172
11 20 3470 397
11 14 7505 170
11 1 13255 120
11 12 11270 1668
11 18 30594 646
11 4 7111 442
6 12 16100 142
7 20 140436 211
14 2 23679 132
14 7 5528 118
18 19 6030 241
20 11 7001 139
3 19 33105 57
17 1 71526 402
2 12 14240 82
7 15 35629 164
18 11 57254 346
9 12 95920 34
19 12 3376 131
8 10 7148 166
17 8 18059 65
10 13 6449 311
8 20 41068 200
10 9 36649 15
12 14 52074 622
4 13 56801 241
10 1 12276 104
10 4 27075 63
4 17 12830 221
6 1 13198 155
17 5 17230 283
12 4 25297 108
10 19 40418 178
3 12 7426 870
19 14 11998 513
14 20 53761 215
17 11 38061 22
12 10 54508 222
10 2 2818 29
17 3 12355 101
14 8 9272 197
9 2 8265 31
13 7 8911 76
7 14 7798 244
5 9 34149 25
13 1 49096 247
2 3 108931 179
16 8 22821 127
6 18 149418 464
18 15 421575 360
18 5 107012 29
8 7 20019 669
15 1 2914 75
7 11 23753 672
14 13 26683 108
14 18 11613 693
15 7 47888 140
15 19 22361 372
19 3 8663 360
8 9 4263 682
18 3 5286 68
15 13 302158 182
3 13 11191 107
7 13 17865 78
19 15 29835 225
8 19 12601 129
16 15 21156 11
3 1 10803 63
9 1 3191 657
18 6 41060 85
10 16 22263 22
18 14 77291 641
19 16 54663 361
18 10 23386 210
10 17 18633 387
20 8 41185 288
6 5 21175 258
4 3 24654 141
19 10 38557 91
3 8 28082 28
10 15 4347 97
2 19 32055 142
13 16 17800 77
19 17 15691 107
18 2 18459 106
15 14 16961 364
11 38
18 45
10 45
1 22
19 16
13 11

327161
