20 99 3 3
19 9 15032 139
19 20 19202 32
19 7 7154 174
19 11 55672 237
19 11 26268 89
19 12 2777 231
19 14 18727 322
19 3 70292 329
19 10 18452 36
19 4 17497 68
19 14 32703 298
19 16 43778 145
19 7 500579 82
19 6 7625 50
19 9 21094 641
19 4 11163 656
19 6 42357 126
19 12 27795 126
19 6 7852 67
9 8 25874 88
6 15 6995 76
8 17 26939 68
12 2 33719 219
5 19 30829 48
15 12 5278 230
10 20 4060 785
2 10 12576 196
18 17 34721 373
4 18 32984 192
6 19 49550 103
14 12 58572 282
10 7 69058 6
17 4 9868 610
9 2 100281 134
7 14 7910 232
3 12 23216 363
7 9 32077 44
18 12 3879 209
8 12 12923 267
1 20 2379 27
16 12 39140 247
11 20 5870 455
3 17 91848 186
5 10 230727 107
11 19 81347 853
4 17 40962 204
3 11 3996 117
2 3 9428 168
20 17 17026 192
4 20 62094 132
10 8 3795 523
7 12 8489 298
1 6 129283 202
2 9 11691 60
17 13 3758 290
4 7 41000 1219
1 5 18637 36
5 9 12571 203
13 5 12119 34
10 4 30196 124
1 8 11339 53
11 2 50094 57
11 9 9470 19
13 2 10613 204
6 9 89421 79
5 6 17783 298
1 13 9064 1053
20 12 5739 97
8 19 16504 174
11 7 9059 151
3 5 92216 240
13 15 31649 11
12 6 5824 215
14 18 55583 137
11 6 7518 46
6 10 21352 98
10 1 9500 162
14 6 20816 116
20 15 39274 126
18 7 13784 139
14 10 50759 28
16 1 52638 36
6 17 35364 176
2 7 44695 117
1 3 23465 211
20 19 8598 280
4 2 53837 55
17 16 27377 136
11 10 16745 176
9 6 39899 127
15 14 28061 80
8 5 185093 230
7 4 7407 118
11 8 14071 174
2 19 11979 25
19 1 22900 49
8 2 26992 97
7 10 10396 114
14 3 17601 149
19 700
11 112
1 18
12 415
6 838
10 2006

10814721
