20 99 3 3
9 10 15738 385
9 13 30554 54
9 6 22301 84
9 19 225958 132
9 7 24810 39
9 18 32640 20
9 5 72746 129
9 12 17861 596
9 3 46716 229
9 12 14283 461
9 20 48170 66
9 13 43345 95
9 4 42056 315
9 20 191591 187
9 16 2819 1425
9 18 23073 25
9 1 36205 281
9 13 29979 525
9 15 7383 123
3 10 26393 49
9 17 16860 21
17 6 5757 71
4 10 100513 144
11 17 21906 1099
17 20 5206 39
5 16 16217 107
8 4 37690 634
6 12 47235 31
3 7 21888 133
1 7 69500 148
10 17 14698 72
16 8 21062 26
18 7 36474 163
20 18 21124 154
6 1 21514 33
1 19 33467 377
10 4 11201 385
10 20 36090 51
16 12 4593 138
16 17 5627 231
2 16 21969 42
15 20 50901 215
11 4 38029 65
11 18 6407 72
10 15 120109 915
3 8 5315 20
20 14 34348 200
4 18 27548 35
20 10 30442 52
19 13 87492 581
15 17 11262 363
5 20 122166 44
9 8 58343 93
2 15 157970 56
9 14 12664 151
11 20 6370 1757
18 4 2762 150
17 1 29545 394
8 16 141571 1590
19 11 6145 133
7 2 152809 115
10 16 38171 42
4 5 14216 1141
17 8 21892 109
11 10 13556 163
20 7 60506 317
1 20 23110 210
3 15 19345 98
15 3 14801 200
10 5 4422 25
4 17 248674 125
14 8 17108 753
6 10 58307 124
5 9 17636 38
10 18 32091 57
12 18 28678 181
5 4 27275 192
12 7 15469 85
11 1 23248 31
2 14 8535 230
12 14 53542 367
6 9 24303 28
8 19 7047 9
18 8 20578 66
5 3 28493 64
5 11 29225 252
19 7 45059 95
16 5 36695 35
11 6 37473 275
14 13 24413 72
14 17 145201 86
17 13 26430 412
13 2 29342 56
18 17 74836 446
20 13 23942 238
13 8 61509 98
16 11 128803 57
18 10 59613 208
12 2 20848 57
9 154
11 105
10 154
20 95
17 276
18 47

5748137
