20 99 3 3
5 7 11299 262
5 20 10282 130
5 6 7617 78
5 3 21502 303
5 4 10893 333
5 13 38141 1541
5 15 8326 741
5 11 22176 92
5 14 36636 97
5 12 101903 84
5 19 24469 67
5 10 59386 37
5 9 55519 121
5 2 9721 295
5 17 3286 378
5 18 81725 194
5 1 7868 622
5 8 15139 224
5 16 44191 73
11 2 24896 264
10 4 34217 70
12 18 7492 35
9 10 10995 38
10 7 21680 364
19 14 92932 521
3 6 6214 11
13 6 42008 323
16 9 6661 234
14 11 12754 341
8 1 25630 280
16 14 25617 20
20 4 33055 174
4 17 25380 212
2 16 230110 675
16 18 23893 35
8 16 18729 287
15 4 40228 96
7 8 5692 66
4 3 4303 204
3 5 27261 314
8 14 2839 192
11 18 2860 404
10 12 27396 93
20 18 82928 111
2 9 2695 49
13 11 17388 290
4 1 65896 474
6 3 59764 72
13 10 16283 66
6 11 26789 522
7 15 13528 406
7 14 40645 891
11 19 45855 1078
16 2 18573 142
15 19 9250 1925
16 5 126707 40
4 19 34264 88
7 2 34594 283
17 19 9486 114
4 2 12119 108
2 4 150304 244
17 13 29445 510
9 20 9675 1929
4 12 7544 185
20 5 6267 496
10 2 22619 183
12 7 5976 155
19 11 14893 190
2 5 59982 807
3 12 17187 118
3 20 10388 46
8 4 29691 378
14 10 23824 29
8 2 11068 452
2 12 115088 151
11 13 10521 282
13 5 9361 1023
12 5 25747 493
7 20 13806 27
18 15 20063 295
20 12 37048 76
4 16 26356 552
6 14 31479 292
13 14 15553 259
9 19 24049 122
3 7 16065 275
3 2 27619 293
15 7 12486 181
19 9 25811 13
1 12 15362 85
20 10 22434 78
19 18 20478 303
13 3 27329 68
10 20 23079 82
17 9 9316 46
18 17 29501 254
13 16 9574 545
15 1 34801 26
16 17 20968 1064
5 95
13 280
4 77
2 62
14 6
12 211

4817545
