20 99 3 3
4 20 11680 55
4 2 41854 36
4 9 53417 403
4 9 6290 98
4 11 12049 141
4 11 9782 509
4 16 16225 454
4 8 12743 1291
4 14 24881 99
4 10 16795 150
4 6 97952 376
4 11 23645 425
4 6 6913 291
4 12 82495 800
4 7 14864 97
4 10 7907 725
4 13 49859 24
4 8 5952 1259
4 10 18310 184
4 17 26966 497
3 16 8311 106
5 7 31961 20
12 11 46229 59
11 6 35302 365
17 15 38017 183
19 2 36988 189
2 1 50809 142
9 5 26013 364
1 18 25389 968
16 7 17122 81
1 12 19100 394
2 12 114853 138
8 5 10101 248
20 8 7343 983
9 1 43560 108
10 14 14193 56
17 2 1122 109
12 2 13733 120
2 10 40918 156
3 4 13880 352
17 18 6168 42
13 3 174998 27
18 12 65865 296
12 17 13927 63
19 20 9429 657
17 5 5519 525
2 4 13905 76
15 18 7479 51
18 16 20618 163
2 6 75084 386
3 8 8684 76
10 13 14773 353
8 4 107941 310
14 7 12788 523
16 10 30224 28
16 5 22485 205
11 2 13825 231
15 2 75410 79
3 5 46123 44
20 4 40852 375
1 10 95997 62
8 6 27873 76
19 18 16817 124
9 11 8363 67
3 11 5458 32
1 16 21137 147
6 20 49972 492
19 7 81960 173
14 13 25115 331
17 3 77543 131
16 2 27203 36
13 20 18951 111
3 9 1977 684
8 18 64062 209
1 19 6901 483
14 5 39067 155
12 10 16817 925
14 20 24973 52
12 13 15815 291
10 16 10312 70
9 19 117198 402
1 3 22162 143
8 3 119818 271
6 18 79286 181
8 15 13608 193
17 11 13799 606
14 11 32865 629
15 3 12347 22
14 6 6548 100
7 17 14365 105
14 18 23678 27
12 9 24838 60
5 11 34659 174
10 2 32563 126
17 10 6978 73
15 7 102417 70
19 1 2565 426
8 17 70748 89
15 17 23283 158
4 60
17 266
14 21
11 279
10 36
2 77

3725934
