20 99 3 3
6 1 46609 31
6 15 48171 180
6 4 34782 131
6 17 28337 626
6 16 14092 388
6 19 16039 205
6 11 19560 562
6 20 10273 900
6 9 11432 107
6 18 33041 41
6 13 63632 592
6 8 13174 251
6 14 68759 283
6 10 113989 458
6 2 74823 17
6 5 16611 30
6 7 15430 293
6 12 24552 124
6 3 30993 611
2 17 2934 394
18 11 11812 334
11 19 17616 163
1 18 9700 575
10 14 67965 328
11 20 30837 269
16 15 17075 202
9 16 13904 891
15 11 71016 47
3 5 35321 42
2 7 12787 173
16 14 19818 235
16 12 7249 203
10 11 9074 184
7 4 412944 355
15 14 10029 103
9 12 5305 61
10 9 46973 276
20 16 20821 247
15 1 38898 113
14 20 102527 213
2 18 36890 540
17 8 12609 121
17 14 114242 123
13 17 31800 78
9 17 40078 58
4 8 2694 65
14 5 36396 94
12 18 152708 485
1 14 17159 309
2 9 3221 1684
15 12 9276 1622
2 15 152466 253
4 12 16007 482
14 18 326927 108
14 12 19837 60
18 8 10445 42
14 7 25795 57
13 4 13546 239
19 9 7531 844
17 20 40911 170
7 2 12215 54
11 14 13482 77
1 19 26922 28
18 20 50007 27
3 13 9918 70
18 3 30221 172
3 7 135888 228
10 3 13251 41
15 6 28890 547
11 7 111076 135
1 3 10419 196
12 3 3638 141
16 9 11561 1032
11 6 52654 326
7 1 26152 106
9 1 17211 284
10 19 5265 143
8 18 4872 35
5 14 25073 1022
19 20 3764 430
12 11 36163 40
12 8 48781 68
18 16 11427 2949
11 10 14763 1616
4 18 98931 119
17 19 107803 244
1 11 56899 82
14 13 28845 140
3 11 11939 397
20 3 15315 237
1 10 15066 23
20 18 9928 451
10 6 67526 149
1 17 8786 720
7 8 8137 84
3 4 6284 66
20 7 73783 330
20 9 47367 426
8 16 6947 19
6 133
1 21
14 48
18 70
11 10
20 12

1437000
