20 99 3 3
13 18 11186 183
13 11 36357 131
13 18 9994 277
13 12 29848 138
13 8 9385 525
13 17 7195 208
13 5 4175 779
13 4 72055 41
13 11 32352 120
13 17 37836 78
13 19 7511 133
13 16 6180 316
13 17 66395 275
13 19 19731 305
13 3 95236 248
13 7 15122 26
13 14 23211 469
13 3 1993 584
13 2 41126 235
16 12 50109 182
18 4 3073 15
1 14 20017 156
1 10 129968 61
4 17 20864 50
9 3 54863 244
2 3 15761 210
4 18 24176 76
20 12 18224 610
4 9 21051 622
2 4 2485 219
18 8 7813 80
12 19 18264 248
1 16 35965 165
9 6 48355 130
16 15 5345 264
2 19 121022 1041
3 9 44511 56
11 13 40364 285
15 11 11964 260
16 13 222436 108
1 3 17846 136
1 7 7944 127
17 2 20009 116
1 8 23634 153
7 16 22342 152
12 14 24317 68
5 15 13160 111
8 15 101872 107
4 2 190438 2277
15 9 12253 917
1 13 13437 288
18 2 12494 319
6 7 44922 420
1 15 28199 385
3 8 22823 196
6 8 29887 34
20 6 8299 152
20 7 23049 288
1 2 27501 47
17 12 9006 233
3 4 10295 128
7 12 20062 37
19 5 19136 127
11 1 7448 398
15 2 15582 57
8 2 10712 104
3 19 12956 248
18 1 9388 399
10 17 87666 35
10 19 17371 470
10 7 25980 46
19 10 14629 297
12 2 54395 51
1 17 14899 41
14 6 28112 26
8 1 127438 109
9 20 58641 120
10 18 21492 147
2 9 55014 39
19 17 207294 107
10 8 24562 376
6 9 73960 252
9 16 35997 47
20 13 25098 295
5 14 13403 66
10 5 20558 68
16 7 11082 834
16 19 18297 55
6 11 59844 9
17 14 17943 117
10 1 41203 11
8 13 93887 984
5 19 32820 39
11 3 9164 1057
20 17 73717 440
13 6 39748 293
2 13 86286 426
4 11 97872 93
5 10 2960 37
13 120
1 90
10 49
19 69
17 390
2 86

3336406
