20 99 3 3
18 20 12540 75
18 15 39941 80
18 7 20242 243
18 16 1524 162
18 1 23185 375
18 19 126381 70
18 6 5448 169
18 15 19438 556
18 14 10847 63
18 9 40454 1129
18 15 12664 676
18 20 41245 214
18 19 24625 150
18 15 32667 217
18 16 16132 243
18 2 19214 604
18 3 20154 718
18 19 37518 373
18 13 22136 111
6 8 4672 97
7 6 10337 299
3 19 56090 163
6 18 31286 2087
7 11 157825 322
17 16 2716 102
11 4 32842 296
4 1 2034 190
11 3 49558 154
13 2 10733 109
15 18 67541 184
12 19 74238 51
4 8 58392 218
19 3 14325 168
4 14 9063 86
13 14 68462 32
19 16 108103 360
8 15 20218 639
19 9 15009 26
20 2 48578 126
8 14 70781 201
20 4 8874 131
6 5 31795 23
19 17 11602 263
19 8 133137 76
17 9 19296 49
14 15 15327 180
9 1 19808 1234
5 20 48403 170
17 14 25281 128
3 4 21712 489
4 15 6704 79
2 11 32908 617
19 15 4857 120
15 4 163039 1138
20 8 43292 96
17 6 58428 121
12 5 8781 245
10 15 7823 220
14 19 8341 48
4 13 5517 98
2 6 39596 195
2 10 197924 197
15 9 114276 99
10 1 92868 226
3 17 12195 276
12 9 23218 35
10 16 21069 47
7 13 9609 197
4 16 16840 60
4 17 4839 97
11 19 18322 262
8 3 8255 328
1 3 31307 213
16 3 11853 355
3 20 13445 354
9 2 9140 49
8 7 258517 397
3 12 11351 2818
20 15 41727 65
1 20 181131 77
10 2 59959 691
8 4 19045 138
16 10 19679 24
9 19 21076 72
1 12 9437 820
2 15 23292 192
10 12 11027 343
12 4 43612 202
8 1 15146 101
7 19 42372 38
7 18 6522 148
20 11 20846 142
5 16 7298 106
12 10 16562 94
2 18 75390 83
17 3 11371 41
5 6 62270 191
2 17 64513 280
17 5 109161 159
18 57
4 91
19 66
15 54
16 54
3 140

2029663
