20 99 3 3
12 8 8392 102
12 15 23107 128
12 11 118123 347
12 17 13140 436
12 13 22666 154
12 6 12944 112
12 16 20139 124
12 20 7003 65
12 14 240664 69
12 4 344689 26
12 10 17937 519
12 3 10061 226
12 7 15896 138
12 9 6122 982
12 2 38850 33
12 1 67173 185
12 18 81064 173
12 19 9264 165
12 5 8034 351
17 2 7089 152
15 13 204001 303
16 9 58756 79
11 19 13561 43
11 16 27926 58
5 15 74393 69
7 16 39626 96
6 15 32845 54
19 8 20867 174
18 16 5632 273
2 3 6538 26
10 4 17659 80
18 20 11985 53
18 2 12285 295
3 6 10832 106
4 3 36037 360
18 10 7763 627
6 10 59430 138
13 14 37891 56
7 18 113472 121
18 8 47075 47
7 10 29635 50
7 12 13961 251
9 8 9403 75
10 14 42596 132
3 1 75601 740
7 2 22467 256
19 13 44758 176
7 17 8692 591
3 4 93160 101
20 12 81371 114
1 14 99184 156
5 19 12598 334
2 18 72583 606
19 11 12316 278
16 20 11799 99
7 1 7344 64
5 16 4880 47
14 7 57483 401
1 18 9102 41
7 15 39898 258
3 10 13061 52
4 1 48541 61
13 7 12020 262
5 14 6450 75
5 13 24223 343
1 13 19325 19
18 17 39118 169
17 12 22387 124
4 6 8582 421
20 11 7074 176
20 16 9442 77
20 3 26646 415
9 3 4008 196
16 8 18406 776
15 5 17364 118
4 8 97173 13
3 11 37845 240
15 11 6950 177
7 9 74200 120
17 11 8475 88
17 15 34580 606
4 12 44008 62
4 9 56985 232
6 9 1851 154
6 18 25816 291
14 11 23468 14
11 13 50379 88
18 11 3163 124
4 20 13165 263
16 17 33665 14
5 17 87588 64
6 1 14067 90
9 10 117974 92
13 16 38096 610
3 19 92816 31
16 11 9463 32
15 3 163925 129
19 17 16089 51
1 7 8644 1354
12 95
7 27
18 21
11 11
16 84
17 27

1376770
