20 99 3 3
10 2 21843 73
10 5 3716 138
10 7 159312 1258
10 7 64284 208
10 15 23558 153
10 4 11070 283
10 16 18720 1468
10 7 20327 3847
10 15 32040 59
10 11 3859 523
10 4 50464 496
10 11 18259 82
10 12 67031 36
10 6 11056 150
10 6 42044 57
10 15 51718 152
10 13 20003 105
10 19 14957 200
10 4 51174 174
4 3 26539 83
5 20 30375 64
7 12 8338 291
5 3 22523 24
12 5 47564 36
1 2 23984 220
20 1 130064 664
7 16 47084 126
18 13 101121 72
18 14 53998 104
14 12 25944 31
14 17 12304 130
16 5 37427 76
15 12 81091 376
18 15 29543 105
3 17 12618 67
9 12 12716 83
17 15 14074 93
5 19 31534 119
17 12 12905 66
13 17 13137 261
13 11 41754 137
8 9 15694 45
18 5 23001 264
8 20 16419 94
17 3 2735 143
11 12 33978 102
9 6 8898 139
17 18 14515 121
16 6 47962 250
3 1 15506 614
18 10 56055 109
3 7 8566 45
1 5 21769 294
13 18 25788 25
1 20 16508 42
9 3 13770 82
17 6 11247 73
15 11 16719 52
1 8 13729 438
15 1 23541 886
4 8 31601 900
16 4 4037 149
11 6 12851 77
19 20 69105 302
19 18 5564 263
18 17 7116 35
20 8 53682 218
16 11 11811 113
8 3 9469 205
9 16 54770 62
5 6 8170 51
10 8 27617 1735
3 6 6668 274
15 7 11022 136
3 14 22584 87
15 17 47703 83
8 7 23760 147
3 15 8675 28
12 15 99694 39
10 9 194310 163
17 19 11064 347
20 7 119781 82
12 9 67583 36
18 4 46955 70
15 3 14101 255
16 10 7499 457
3 18 39038 103
6 1 39920 55
13 5 10444 196
3 4 21053 174
16 3 35400 273
5 11 11701 137
6 19 18532 1298
14 13 12936 426
4 9 55300 1524
17 5 27334 90
11 5 42156 484
11 4 47847 109
6 20 16788 247
10 231
3 304
18 63
6 231
5 315
15 203

7073728
