20 99 3 3
12 20 39357 89
12 8 89278 138
12 7 110627 87
12 2 323859 386
12 6 41666 436
12 10 7924 92
12 18 10719 51
12 8 9913 119
12 9 52590 199
12 7 54310 276
12 14 63587 618
12 6 16947 83
12 18 12635 195
12 8 125395 783
12 19 65061 70
12 19 3073 32
12 8 69705 129
12 6 4909 105
12 4 20155 952
1 10 19890 208
3 8 37161 133
16 19 19464 122
7 10 30525 124
17 9 24789 214
8 1 5810 74
16 14 17272 62
14 1 5569 194
14 12 181871 136
18 5 4157 423
11 15 98572 168
13 3 51227 35
8 6 24193 394
5 7 2344 86
6 2 12204 133
17 10 9782 24
1 14 28624 16
5 20 41069 181
10 17 26141 232
12 16 7061 69
7 19 40506 221
7 13 13049 97
1 17 10861 137
17 18 50626 1131
2 20 18375 64
4 13 115023 1417
17 6 10339 237
5 2 41405 73
1 7 43095 113
6 11 14532 51
16 15 106880 101
3 19 41783 214
3 7 11858 216
11 12 2549 171
14 11 86601 240
13 18 46035 188
2 18 71660 189
19 13 6007 513
3 16 22826 179
8 4 16658 23
8 9 12636 1244
3 18 25853 505
9 5 32295 187
20 9 13100 74
2 4 51880 40
18 7 29372 380
19 10 37674 44
5 10 30960 66
20 4 2766 119
3 14 13738 166
7 1 19198 13
4 8 26252 360
15 10 13117 429
17 5 48232 352
4 3 12138 159
7 3 7995 478
3 5 6623 116
11 6 41522 368
18 12 9167 102
4 9 31779 45
4 12 39699 175
16 12 20143 127
9 2 53798 31
16 2 55850 163
13 17 62488 49
8 15 7989 47
16 6 13657 479
14 18 1145 23
4 7 42781 63
19 20 30264 47
19 18 138365 51
17 2 19666 325
15 11 16932 93
7 18 30261 364
16 4 24772 116
4 19 77547 73
13 10 5285 1257
11 8 20679 278
20 16 10641 71
14 19 14154 59
12 60
16 210
4 14
18 168
10 70
19 115

5884455
