20 99 3 3
8 13 6098 92
8 12 53393 25
8 1 67211 71
8 12 22709 83
8 4 3679 227
8 7 2626 208
8 3 7360 324
8 11 12784 915
8 5 30938 76
8 20 3409 82
8 6 41345 84
8 7 8466 16
8 3 85946 103
8 12 4640 132
8 1 57486 35
8 15 20951 315
8 3 7627 88
8 6 12057 345
8 17 7654 71
1 16 76668 249
11 9 5432 89
20 15 80690 38
11 5 5489 192
2 4 19654 165
3 9 12567 62
3 15 50408 30
15 2 481741 58
19 12 17683 1646
3 12 10433 414
9 18 9865 238
20 19 16351 253
3 17 6505 171
5 20 11083 242
11 8 4304 67
2 15 4453 57
6 5 5797 135
3 6 19660 73
17 19 39248 1161
17 7 10132 346
19 9 17324 142
1 14 19820 40
3 16 28976 27
17 5 14558 268
13 10 25546 58
10 3 38141 179
1 17 29800 953
4 20 4138 59
15 18 44409 282
17 11 7355 56
4 13 28447 103
15 10 47159 105
10 11 64155 242
15 1 27930 1856
7 11 22467 109
10 8 19428 226
17 2 4174 688
3 10 8976 50
5 4 100342 100
12 16 19338 554
16 2 4794 109
10 7 8373 160
6 3 63064 174
5 3 7895 164
12 5 43321 134
7 9 24111 351
2 18 9659 201
20 8 37638 318
19 17 5390 87
18 10 14571 110
8 10 257733 78
2 1 58163 110
19 14 27741 147
17 12 3818 443
11 12 76064 144
14 9 10255 149
17 9 32569 130
9 3 49484 724
6 10 21202 154
8 14 8810 91
20 13 7060 85
12 2 14940 5
9 19 17991 200
2 9 19339 73
1 20 100810 197
20 7 14366 205
4 3 59135 791
11 3 53344 673
15 17 5154 122
12 10 9533 45
14 7 8402 535
4 8 61170 175
16 11 333617 354
17 10 44824 176
12 8 97866 70
6 13 22854 62
13 4 7231 73
7 3 68072 10
18 16 8117 1154
16 13 3565 333
8 105
17 688
3 42
10 885
12 420
9 104

11489554
