20 99 3 3
18 14 107883 78
18 17 3405 45
18 9 31562 256
18 8 8552 141
18 12 16546 1343
18 15 34570 206
18 11 94728 216
18 16 83090 84
18 13 42955 222
18 2 3241 39
18 3 21588 257
18 1 82933 224
18 20 225387 317
18 4 24007 81
18 10 307793 68
18 6 15348 140
18 7 15627 92
18 5 32840 72
18 19 9729 52
10 2 6083 273
8 15 7121 73
10 4 34418 53
9 18 7251 45
17 11 17618 329
16 2 6057 112
20 18 72518 326
12 4 60735 141
13 6 39663 687
12 10 5307 261
16 17 3430 435
6 7 70483 37
3 14 1379 139
17 14 28149 1600
1 6 9359 370
14 2 25421 199
3 7 2881 33
12 1 54226 261
19 12 33291 107
11 19 7967 382
9 2 22484 66
13 7 18308 41
13 8 6434 56
9 15 21359 134
13 4 24850 188
11 1 13056 657
13 19 256748 864
6 17 16190 107
10 9 11986 247
14 3 47141 89
8 4 79258 225
15 2 28002 191
14 16 19632 28
12 5 33993 350
17 9 15676 263
20 5 35143 695
20 19 21310 496
10 16 36608 194
5 6 18622 88
3 9 5850 104
7 11 24634 1034
16 20 23506 34
15 17 16006 66
14 15 50479 63
1 19 9122 158
4 8 1415 179
1 18 23679 136
15 14 18533 78
12 7 5909 253
1 11 16291 101
4 15 109702 39
15 20 11127 362
14 5 2946 843
19 5 10221 48
8 16 79290 83
2 12 27036 225
8 7 15834 43
20 6 145586 248
20 2 27958 134
15 3 31531 41
7 19 11649 520
16 6 72470 251
7 2 19989 65
17 2 29924 1531
8 19 10899 331
20 14 60649 48
20 8 9575 511
10 14 19945 92
6 4 2281 28
15 7 9894 173
12 20 34503 85
6 9 15932 434
16 1 11306 77
6 20 5114 29
14 6 4016 79
9 10 48789 32
10 11 31225 180
7 18 65253 284
5 19 77867 106
13 2 10888 436
18 76
20 105
15 84
2 13
19 5
7 65

733888
