20 99 3 3
10 4 65322 292
10 7 11434 82
10 8 7444 249
10 17 62495 166
10 5 10114 279
10 20 3849 109
10 15 9883 645
10 14 12748 147
10 12 20029 1533
10 9 18550 131
10 16 26692 437
10 1 4461 357
10 11 11825 827
10 2 7372 279
10 19 34776 332
10 18 5022 64
10 13 21970 205
10 3 3619 281
10 6 45272 61
13 7 15229 80
15 3 17204 139
9 2 27542 120
1 14 17277 18
12 4 22830 259
3 10 9882 142
2 10 29526 41
19 11 183267 34
5 13 62719 192
6 16 13869 56
12 18 2426 240
11 4 5013 154
15 14 22125 656
19 1 14490 306
13 14 44697 156
6 13 48736 166
5 18 20132 93
19 2 31012 173
17 11 110447 348
11 17 10778 394
8 9 63131 304
12 8 87931 143
7 14 146535 316
19 20 25076 356
7 11 7041 42
9 15 112976 198
7 17 147506 166
19 7 14624 259
16 9 4321 349
7 16 15557 841
17 5 5700 258
12 6 202718 746
11 5 11398 172
13 17 40220 168
13 2 29858 1360
12 15 9048 205
15 18 61430 129
14 1 35065 133
5 2 3771 20
18 11 59321 1024
3 17 9546 3022
9 20 25538 63
2 18 59271 313
2 12 28714 441
1 6 9377 193
12 1 4801 35
5 15 44607 80
18 16 23554 328
7 19 295966 242
19 5 38665 42
13 18 27411 20
5 10 16946 40
14 4 40405 158
6 15 10594 142
8 12 25574 344
14 2 34707 392
8 14 2835 492
17 12 45308 72
20 16 167966 155
11 14 3623 194
16 18 19298 184
12 2 19505 64
16 12 159081 403
15 13 7449 153
19 15 12288 1005
14 9 55453 426
14 11 21183 159
8 18 12108 71
14 18 86997 52
12 11 54765 235
8 3 16163 81
20 9 70162 26
5 7 23870 54
17 18 8404 79
1 19 8009 36
8 19 30629 104
13 20 79754 331
13 6 20108 72
3 2 51475 24
1 9 95766 112
10 114
12 16
19 70
18 16
2 9
14 66

783578
