20 99 3 3
1 10 4047 21
1 13 16037 1785
1 15 35682 236
1 16 56278 98
1 8 7571 407
1 9 23052 755
1 3 9638 341
1 20 60970 77
1 2 30223 382
1 19 5420 47
1 12 4249 183
1 14 26860 137
1 4 58439 289
1 11 45721 47
1 18 8268 36
1 7 6914 22
1 5 19351 145
1 6 15282 1290
1 17 17494 132
9 4 77699 1197
14 2 4965 26
2 8 45271 8
16 3 18886 864
5 15 51486 206
10 7 19806 389
9 1 45018 324
2 15 24581 319
14 3 45977 337
11 8 51975 300
11 16 38976 20
7 3 30736 263
11 17 64560 563
2 7 11808 94
13 11 60277 87
12 16 14343 117
5 20 19148 136
4 19 91226 36
20 8 28711 831
2 6 52504 111
11 6 9681 92
17 1 6950 129
2 9 1756 38
8 20 2023 84
20 9 22390 57
19 3 20211 132
4 11 19018 133
5 19 22501 222
3 18 29891 254
6 13 51338 108
16 10 41828 75
5 16 9543 42
6 2 94994 140
15 17 69243 227
20 16 1582 680
16 18 32581 27
10 1 44853 95
4 13 69436 153
9 8 15780 43
17 13 7114 168
5 6 26854 118
18 15 1494 36
7 14 46416 53
4 14 45442 280
5 4 227834 111
11 3 11699 299
18 4 8649 23
12 20 6678 263
8 4 3358 98
7 9 94263 52
14 7 20050 165
9 17 12150 236
18 7 26547 165
14 1 21309 91
15 5 9386 406
15 19 93574 76
11 7 10515 34
7 13 11628 310
17 11 26739 62
9 5 20261 192
12 13 14048 42
7 19 5165 185
20 10 16237 32
20 6 94214 891
6 8 8380 192
15 1 8715 204
17 18 31000 114
10 16 38402 62
2 14 6832 150
15 6 6062 116
18 5 7666 1452
19 18 28736 330
12 3 53759 98
12 19 37088 100
9 7 13473 85
10 11 59510 61
12 18 15568 298
10 8 15048 30
6 5 27280 193
8 18 57717 40
1 38
12 42
11 18
18 30
8 16
7 26

730558
