20 99 3 3
8 4 19731 86
8 15 17104 76
8 5 20406 500
8 9 38409 96
8 11 12651 319
8 9 25979 285
8 4 32947 166
8 16 2511 256
8 5 31265 52
8 7 10698 161
8 16 98309 190
8 13 64467 491
8 15 11390 404
8 11 3948 1036
8 6 18145 674
8 15 17205 496
8 7 7102 756
8 15 115892 63
8 15 12510 200
19 2 36795 554
16 4 12291 157
16 9 10322 27
13 15 23300 79
15 12 39022 334
9 14 33830 83
7 11 20342 175
14 9 21566 270
12 8 21464 82
1 11 29821 392
18 10 19505 56
6 10 66255 381
10 14 26037 88
19 1 12357 227
19 17 16327 151
18 2 5523 29
8 18 63603 52
10 17 22331 107
13 10 11680 60
15 16 17280 76
15 17 100677 114
1 2 88651 99
10 1 56986 212
10 19 70051 94
9 15 12242 49
18 15 114103 828
7 16 14257 48
8 20 4246 60
16 5 170663 915
10 4 70723 52
8 2 36838 145
13 3 13075 264
16 2 32288 163
2 15 10098 175
4 20 16743 266
12 4 30714 355
1 15 15491 846
2 7 17906 200
17 7 82575 82
7 8 6028 88
6 17 12366 95
20 19 8726 207
14 13 8068 28
12 6 84119 245
7 1 23908 83
10 8 16968 146
7 15 8241 847
1 9 52415 22
16 10 23689 93
3 15 13884 25
6 9 46719 831
13 11 10988 145
16 14 44887 129
1 12 47064 43
17 8 153857 63
6 12 32799 193
18 5 39532 97
1 5 5620 53
9 6 7667 206
16 3 14617 120
18 4 16990 466
7 13 9858 977
9 3 34979 227
4 1 7279 168
8 19 29830 72
13 12 3149 188
9 11 21445 196
16 20 16374 48
19 18 13417 343
20 13 7361 638
16 13 10797 268
15 6 67454 73
7 4 8133 34
3 20 26212 183
5 10 82669 189
4 13 53355 48
6 5 22079 74
1 20 22332 35
5 8 12733 100
1 4 74356 115
8 69
16 288
1 88
15 19
4 767
13 959

6429908
