20 99 3 3
3 9 22988 397
3 9 30012 335
3 9 33508 73
3 13 15443 191
3 9 23265 530
3 9 38977 242
3 16 20148 225
3 10 35725 94
3 12 197493 240
3 8 10122 23
3 5 68623 33
3 2 100314 632
3 13 56892 119
3 7 22281 75
3 18 2890 55
3 17 6292 262
3 9 13835 145
3 4 40161 76
3 14 15919 41
3 20 17461 161
14 8 33522 25
5 13 21863 16
14 2 47961 94
20 19 6900 540
16 14 5004 93
19 15 9377 79
1 11 9786 492
14 5 49903 154
7 13 6539 166
6 18 22504 225
13 3 20372 26
4 3 10234 219
16 15 7416 273
13 7 82929 357
4 5 58535 92
18 20 2559 195
15 18 142477 120
17 6 2562 204
4 18 8606 39
8 9 7009 384
15 13 27776 292
13 20 3187 78
6 2 25354 55
10 4 2602 408
2 10 16152 131
15 16 22721 142
9 16 67280 447
7 19 25671 24
14 12 5453 159
19 7 22424 79
5 6 9475 14
2 7 12048 101
4 9 111694 80
2 1 9418 134
1 8 46367 310
14 13 66212 333
11 13 35711 53
4 13 46064 54
12 18 23190 112
11 20 43370 415
1 18 32417 172
11 8 21769 35
10 13 60170 115
2 5 11532 130
8 17 19093 256
18 4 30761 179
1 12 78538 10
9 12 19242 157
20 2 12300 39
9 10 7690 246
1 17 3316 161
10 20 8451 264
15 5 166840 164
10 8 8595 149
11 1 12883 96
15 14 10929 197
15 11 50902 56
6 1 25564 529
13 10 23750 59
17 3 37422 35
1 4 1795 452
14 10 19330 108
7 15 5599 110
16 10 9463 214
1 15 15782 68
18 14 6804 854
3 19 22228 754
7 17 6925 181
5 4 11076 37
10 11 25277 170
20 9 81620 62
7 11 35824 278
14 6 59738 171
11 9 32049 117
20 5 10412 88
12 5 38765 796
20 6 7547 85
19 16 74807 264
8 11 125440 113
3 252
14 84
1 168
9 475
13 192
5 1732

11067138
