20 99 3 3
16 4 16540 16
16 6 35951 70
16 9 14890 125
16 20 24301 715
16 13 43251 260
16 17 34509 163
16 18 15931 241
16 13 24718 257
16 5 28907 59
16 5 127884 48
16 6 47297 594
16 20 25663 69
16 12 7253 133
16 7 34357 196
16 5 12348 379
16 3 26913 123
16 4 37027 55
16 6 64050 426
16 20 8719 271
18 17 4700 353
1 13 46628 518
11 13 37693 473
4 19 92618 38
11 6 49898 90
5 7 10934 147
14 13 23047 305
11 8 11285 125
1 19 24983 51
18 10 10119 67
3 10 15746 223
5 3 2258 108
19 2 42998 672
17 1 9213 269
13 3 5310 44
7 20 7766 269
9 6 14150 239
1 9 16346 101
18 4 18664 201
7 18 3085 673
6 7 15754 95
7 19 57338 44
13 7 9114 679
1 2 100862 33
20 14 138100 605
11 9 55303 82
6 11 56308 141
11 16 130671 255
7 2 32626 373
14 17 25625 74
19 10 50919 1186
8 19 129613 81
20 6 34180 401
17 2 4628 243
20 19 35793 320
19 17 70870 188
15 19 66499 159
11 12 12750 354
4 15 53821 35
12 13 31418 410
16 19 11246 151
16 15 21955 30
8 2 108819 485
13 12 67378 312
8 3 18775 49
2 6 36060 126
6 1 4319 428
6 12 4342 40
2 3 199129 133
17 14 214557 152
9 7 13442 215
12 18 13426 417
2 12 27485 512
12 4 16640 55
7 5 19136 16
12 14 24548 763
11 18 26977 145
9 1 16315 171
3 12 38540 472
13 2 50196 122
12 1 33889 445
16 11 16296 317
13 9 7278 482
7 10 18611 158
3 11 3493 1482
19 3 83587 63
20 1 121678 85
13 4 62710 206
6 16 18174 104
18 15 26786 159
19 8 29839 114
1 12 85952 136
2 14 37696 163
19 16 5815 103
11 15 28149 200
14 5 19426 68
10 11 93896 262
12 6 38198 560
12 8 28800 495
3 19 23620 355
16 220
11 368
12 28
19 2357
6 217
13 551

18154416
