20 99 3 3
15 7 27716 306
15 17 28301 240
15 4 16277 325
15 18 19067 437
15 1 43086 68
15 6 18990 106
15 14 50221 69
15 9 7586 317
15 18 14110 50
15 17 5578 271
15 20 13870 37
15 3 38662 669
15 16 59203 135
15 16 101784 207
15 6 1937 255
15 20 99219 103
15 19 71252 122
15 16 43075 27
15 9 10882 115
20 14 86588 1076
13 1 10051 89
10 4 4492 93
14 11 3620 101
2 9 20735 130
20 5 40006 1314
18 15 17240 12
13 10 10414 76
16 10 14744 133
12 11 92715 927
2 11 36615 109
11 7 10210 120
9 5 34822 484
19 14 13367 97
14 9 122327 1348
7 4 8003 157
6 15 6977 12
3 1 176745 47
2 5 67464 92
11 4 10376 134
18 7 92502 213
5 10 4852 1079
2 12 24310 150
6 4 3595 42
17 11 39999 69
20 16 52603 1690
16 14 40806 40
20 19 50350 195
11 8 58142 45
20 3 4033 74
8 14 9231 234
19 9 9904 110
6 17 36186 159
10 15 18087 82
13 6 114158 184
1 15 43417 75
1 11 124100 25
12 3 12138 20
10 11 19926 655
18 6 6678 521
16 3 7837 102
13 3 46067 22
4 3 20893 192
8 12 76667 35
11 1 32192 22
3 20 39574 36
11 18 7940 75
13 5 57823 49
10 8 27967 343
8 13 13444 73
11 20 95273 330
4 11 3139 72
13 16 39730 72
17 8 128518 57
14 1 25390 819
7 5 44641 72
5 12 9100 194
3 4 33932 268
6 20 25652 120
17 15 41175 211
15 12 38162 513
1 5 59716 323
19 11 27031 64
13 11 4518 140
3 13 256470 336
14 19 81506 130
17 13 94132 149
10 14 32103 649
19 2 13295 134
17 12 20209 54
17 19 30351 80
13 8 4008 25
5 19 18679 38
3 10 43498 113
9 20 18612 252
1 16 10351 182
17 6 10418 25
12 8 96137 162
19 16 15992 124
7 11 39545 147
15 100
13 24
17 70
11 257
16 91
20 37

4084552
