20 99 3 3
18 6 9486 31
18 4 23709 48
18 3 101760 39
18 9 10835 23
18 14 8095 34
18 7 27914 179
18 13 26627 34
18 11 7403 1635
18 12 18007 159
18 16 159772 211
18 17 25669 1098
18 5 10915 551
18 19 17807 42
18 20 14469 241
18 2 5910 560
18 1 3795 131
18 15 218303 67
18 8 18257 78
18 10 13745 269
10 12 56095 83
13 8 64684 391
3 4 9110 124
10 6 40354 56
10 16 21385 20
9 11 151808 60
10 14 30490 166
11 19 106031 644
5 12 46197 1196
14 12 24540 314
11 3 11530 42
10 3 8068 39
10 2 53512 87
16 11 58260 118
16 15 3802 204
6 12 21022 150
6 9 6072 92
13 19 13785 140
20 10 12840 31
3 11 44978 60
13 15 23124 161
16 14 87968 407
12 19 25389 103
4 3 37210 56
20 18 4410 344
12 9 13119 210
6 14 19377 271
9 17 6210 9
19 5 4276 52
12 8 19620 92
8 18 76007 834
4 20 71046 618
11 15 11923 202
1 15 96243 16
2 15 17259 88
13 12 21929 61
8 14 104848 562
14 18 15784 1838
12 17 18637 114
3 1 22234 150
13 9 26724 64
14 6 45468 131
13 11 28394 95
17 12 23592 612
14 17 10141 44
6 8 129545 1742
1 7 27531 214
4 9 54072 258
1 12 27559 153
7 13 8436 177
15 18 6185 104
10 5 27492 361
4 2 11867 349
13 18 21382 195
5 8 10035 44
15 12 34103 953
17 20 7893 52
9 16 47448 146
14 10 59189 135
5 9 62269 191
19 8 135380 218
17 7 78278 76
10 17 128084 210
3 5 14500 244
6 7 54049 1381
11 18 11151 224
11 6 52575 236
5 14 33051 559
8 9 6058 682
16 4 9233 707
16 9 8499 86
17 1 34070 449
14 7 21432 97
7 6 73564 319
12 1 11837 83
14 11 15648 37
5 6 10703 336
8 5 18638 109
11 8 8351 61
17 11 15622 181
18 57
10 32
14 7
12 12
9 13
11 8

416163
