20 99 3 3
14 2 18347 67
14 13 8864 77
14 20 40469 70
14 15 13267 290
14 12 16930 320
14 9 4490 603
14 5 67794 84
14 11 12168 73
14 8 6047 271
14 9 17993 399
14 5 36287 577
14 12 12996 77
14 7 36505 57
14 12 45939 165
14 8 43200 911
14 8 40235 159
14 2 33958 119
14 20 28492 203
14 17 102322 311
7 14 53215 243
5 15 59904 36
6 1 10396 221
18 8 6705 216
12 11 13528 231
6 13 11014 92
18 9 16771 251
6 4 59654 289
15 3 19705 43
5 1 5422 139
5 7 32003 173
20 10 5420 36
18 15 35458 43
19 14 21532 741
8 14 23374 647
16 12 31812 95
18 7 7144 627
8 18 95050 1171
7 6 7070 28
4 5 25673 253
8 20 36629 184
18 14 17314 126
17 6 66620 109
19 8 15041 283
9 16 19979 352
17 11 34535 847
6 7 29250 84
7 20 6849 225
20 13 6981 395
12 16 3376 38
5 20 22337 121
18 3 836 155
8 16 29937 100
1 13 51422 187
4 7 18889 94
20 5 3738 348
15 6 42000 279
14 1 43750 94
1 5 153244 372
10 3 15671 503
16 10 20274 349
18 5 39803 130
15 12 134959 195
17 5 1480 93
8 2 22123 237
6 20 21467 46
7 12 25322 325
12 2 3207 140
7 15 44954 1035
11 4 96707 31
2 19 30944 1063
10 9 140944 92
9 7 11465 109
13 12 72531 144
1 6 82958 19
13 1 17011 104
15 13 8357 16
4 9 130698 40
19 13 14492 89
8 1 3824 74
16 6 68200 44
6 18 114741 667
10 13 54832 148
11 5 66030 124
15 5 30805 60
10 17 4982 268
17 2 42990 102
8 15 14598 373
12 19 11965 333
17 13 74560 252
16 7 15376 71
13 2 42778 442
14 3 8360 332
6 12 19506 34
4 2 8863 147
18 17 39177 607
1 4 5759 298
3 9 14993 532
1 8 6307 26
6 2 9534 183
14 441
18 256
6 88
5 219
13 813
12 1475

12452893
