20 99 3 3
3 14 87336 394
3 5 14462 261
3 10 14564 600
3 9 9522 112
3 6 1785 98
3 12 35689 12
3 7 85071 477
3 9 42961 29
3 17 53346 142
3 10 18405 95
3 17 75838 71
3 16 14697 110
3 20 3990 149
3 20 12523 70
3 10 12584 227
3 8 6610 339
3 16 11176 30
3 12 13273 485
3 12 46478 385
6 12 27646 260
16 7 9067 211
18 7 9838 241
10 2 6531 176
19 18 62521 301
15 1 8012 233
3 4 7778 321
13 10 2855 29
19 10 70662 117
10 15 18671 1106
10 18 30575 146
7 6 7118 103
8 7 71709 390
8 20 105798 604
4 8 30400 1139
10 9 7585 29
11 20 17092 107
9 15 60668 81
11 5 28367 366
7 8 27192 66
6 10 6980 57
16 2 7228 55
1 12 21443 51
12 10 65369 130
7 1 107918 117
9 11 23649 512
13 6 35736 673
20 8 51118 32
9 6 13576 295
20 18 9512 50
5 17 29972 225
9 19 61195 166
15 5 10433 86
2 6 28068 82
15 18 36343 74
4 3 6238 195
5 15 20040 111
17 13 9652 83
4 10 22651 34
19 14 6457 691
2 15 17980 159
3 2 31289 119
20 14 901 652
1 17 16229 22
2 18 38277 463
14 19 36466 980
20 12 193270 136
17 18 30600 298
9 18 10662 295
2 11 36237 437
9 20 3887 111
18 15 32932 259
3 13 83555 442
9 10 150612 190
4 19 12781 152
16 12 43385 91
4 5 9334 259
14 7 5535 27
4 9 19703 151
15 17 42962 511
16 10 26779 252
7 13 50905 419
10 20 54845 50
17 6 10527 454
14 12 139545 283
12 6 32459 62
16 15 25386 868
16 6 9615 93
6 3 14535 185
18 6 55704 93
10 17 184984 208
5 11 30721 64
10 14 14759 56
2 10 6726 129
15 20 6573 377
10 3 13863 58
4 18 21501 141
6 20 28078 184
15 2 11270 177
18 12 58560 15
3 880
10 40
9 28
12 1426
6 35
20 2872

11909541
