20 99 3 3
2 11 28539 34
2 16 15910 71
2 12 2899 159
2 9 8363 222
2 4 25789 47
2 20 10111 660
2 1 10129 335
2 6 8889 103
2 5 354626 166
2 7 209479 152
2 13 24024 88
2 17 36436 138
2 14 71096 84
2 18 13601 336
2 15 36364 38
2 10 11467 110
2 19 33895 76
2 3 151192 25
2 8 33779 69
20 17 11020 1322
1 3 37169 23
17 15 38389 78
17 18 62333 138
19 6 3604 18
5 12 5656 601
7 3 3137 74
16 17 14618 242
19 1 18507 102
7 16 4374 187
5 8 8052 78
3 13 19387 239
11 14 7110 73
18 19 11046 187
16 14 41104 47
13 19 89473 242
18 15 23298 58
18 9 33649 283
14 7 17927 69
13 12 23594 229
10 16 22004 50
10 8 29858 1488
19 12 35761 61
8 13 14465 42
12 9 421912 54
15 3 110482 134
18 8 51260 263
1 10 7099 53
7 1 46078 86
16 19 11376 151
10 18 50567 71
19 5 24441 133
7 11 18700 26
16 6 52800 244
11 20 8171 165
12 14 8098 177
3 18 197150 214
19 16 6562 143
6 2 16802 66
19 7 16941 341
14 12 90708 859
12 2 20293 92
3 7 16897 97
7 14 124624 163
13 14 33572 196
10 11 48460 138
13 15 92303 39
1 2 58003 385
6 16 18321 215
6 15 5062 16
3 14 10106 121
13 9 13639 691
16 2 11517 125
12 8 23763 130
4 15 57411 185
11 3 15696 111
5 7 7690 38
18 4 31321 267
13 4 6825 650
10 12 10924 138
8 20 23118 347
9 17 56731 373
16 12 9863 112
11 1 84989 481
7 4 620021 89
19 10 56451 147
12 11 51097 35
16 8 33116 213
17 10 48697 223
14 18 17798 923
6 12 7163 75
10 7 17138 121
3 5 76760 136
5 13 12316 711
9 20 7048 137
14 5 4742 103
11 18 10537 31
10 6 14314 154
1 12 40241 208
11 7 4918 162
2 76
19 77
16 70
12 23
14 19
7 165

3905781
