20 99 3 3
12 5 40602 121
12 10 3701 743
12 8 12195 822
12 1 50894 138
12 1 22559 804
12 13 11908 85
12 11 15226 82
12 16 17660 102
12 5 28847 107
12 17 77514 1739
12 15 223352 71
12 19 3532 94
12 6 19399 100
12 17 113667 225
12 15 26011 150
12 1 24130 39
12 6 35077 54
12 20 35344 160
12 19 42488 125
13 11 19181 33
20 6 8233 209
18 17 9220 127
4 3 24018 105
2 13 81451 195
16 12 84341 38
19 20 11775 35
12 2 8582 382
1 17 27383 118
15 19 30678 82
20 7 4749 461
3 9 38251 39
17 9 1688 185
4 6 5018 284
6 12 19809 10
12 14 21398 1277
19 4 11682 159
4 14 75966 162
10 14 7411 134
16 10 71973 1522
1 7 39798 130
7 18 21029 172
14 15 8912 352
8 10 6406 78
10 18 12660 37
17 18 94567 367
3 15 20711 1309
14 3 66805 102
2 6 115689 74
17 3 18297 437
11 9 11990 62
11 15 8378 291
6 8 9045 298
14 7 8843 50
13 17 39370 304
13 14 13482 184
19 2 15135 210
2 8 128854 75
6 16 84483 49
15 4 7763 75
20 18 3586 56
1 19 49451 813
20 1 19248 72
9 17 41377 803
17 13 9537 88
17 8 22370 37
8 2 13297 150
13 7 16016 131
7 20 21634 632
20 5 94543 107
8 20 17234 2150
8 4 10356 354
18 4 23775 122
15 3 27497 9
9 4 12370 117
6 13 6744 431
4 12 15900 503
12 9 71571 113
6 2 54807 36
16 5 3538 131
7 16 12149 115
15 7 19926 116
16 2 77017 94
8 19 48136 537
4 9 8090 95
9 14 131385 679
2 20 43715 215
20 16 40805 99
17 7 3365 246
2 7 298036 132
5 11 8457 75
15 10 5969 88
2 9 5986 97
5 7 5701 49
8 14 12116 74
2 15 26757 22
7 2 93635 671
13 20 6021 117
8 11 23127 44
10 8 8454 2819
12 176
8 63
2 42
7 161
20 117
17 32

6356448
