20 99 3 3
10 17 76731 236
10 20 7604 229
10 15 8954 63
10 3 83127 200
10 9 38777 219
10 6 12947 112
10 2 111443 103
10 7 12449 95
10 16 21441 121
10 1 20684 334
10 4 61304 160
10 5 14744 61
10 13 4693 58
10 19 19234 249
10 12 51593 83
10 14 11628 44
10 18 41325 111
10 8 4140 770
10 11 57414 104
18 11 201569 495
5 10 17436 41
11 16 77077 90
4 1 17898 183
12 19 160060 31
4 8 12340 276
17 15 13564 62
9 17 14674 43
16 15 18128 991
5 20 46223 294
7 1 31675 168
6 16 5437 108
20 14 37610 142
16 9 121801 82
15 16 10987 242
6 2 17889 93
9 3 6971 174
7 15 20875 154
4 14 2917 349
2 20 61086 235
15 19 27307 892
15 1 40484 226
7 14 5186 108
18 1 32230 112
14 11 15862 26
1 18 17320 72
14 19 12385 165
2 16 25162 128
7 10 6582 1024
20 6 29783 103
5 11 41658 40
11 9 18146 17
12 3 47330 33
8 13 7679 112
2 8 37983 103
4 18 15362 286
2 19 14431 163
18 5 19408 22
3 8 29697 78
14 7 79131 245
19 11 45052 160
4 15 4341 25
14 16 15347 2749
19 14 4169 460
7 12 7367 360
4 12 7110 41
13 4 17820 652
9 13 37679 39
3 1 1913 183
18 13 158557 44
4 2 5429 40
11 6 13945 62
5 12 3542 162
3 4 73556 130
8 18 38658 197
2 11 42162 909
4 10 108256 669
6 3 9514 198
11 4 7159 129
17 18 36033 370
13 8 7517 90
20 1 6097 589
14 18 26326 87
18 12 70640 78
17 14 29706 520
4 5 12473 96
5 14 14417 355
7 18 6977 25
16 10 13834 820
3 7 119980 20
11 3 51783 213
13 15 18940 240
8 17 6440 190
13 7 27574 157
18 20 31085 238
15 6 62373 134
17 10 35829 243
5 18 10485 149
13 10 36794 45
12 17 5192 42
10 76
4 153
18 126
14 33
1 205
16 76

5979263
