20 99 3 3
14 8 9222 539
14 7 12323 800
14 17 7624 76
14 17 20335 37
14 9 43293 11
14 12 12346 203
14 6 56276 211
14 19 49680 53
14 4 77597 521
14 8 46407 251
14 13 18381 30
14 8 40713 37
14 15 18884 137
14 1 45668 127
14 12 2099 96
14 6 41323 420
14 8 35747 189
14 13 54941 890
14 20 4580 113
5 19 18038 326
8 4 28251 797
5 16 26137 504
12 8 56651 18
14 3 47051 416
1 12 36081 76
17 14 47916 229
12 16 24829 130
1 14 30933 138
9 20 97394 1157
10 8 6222 93
9 7 6067 176
13 5 104364 209
3 4 6933 38
9 17 26195 259
16 15 43258 435
19 2 21214 274
5 10 52995 208
16 10 9479 170
12 6 3371 123
19 3 6776 212
13 1 8517 130
15 20 20263 313
2 6 52489 868
3 19 3828 231
13 15 36620 128
8 16 14928 15
12 1 77679 59
17 15 21284 483
17 20 7233 94
6 16 38343 34
13 20 220315 268
15 14 17716 192
7 1 10853 410
15 2 47110 580
5 12 16066 673
8 15 64135 249
13 4 25575 113
4 10 23421 151
7 14 12083 130
18 9 16152 437
6 14 92206 79
11 4 32543 359
13 6 11073 399
17 2 18877 878
20 2 16701 25
9 10 22309 51
6 4 68736 345
8 9 14238 131
19 17 13958 58
3 5 10145 216
6 17 30844 396
6 19 20825 309
11 2 8798 418
18 1 21406 104
11 20 5082 76
17 11 18721 129
13 2 5821 386
19 15 86061 47
10 15 20913 90
16 20 11615 145
2 12 2346 519
18 7 69818 40
17 3 6979 82
20 8 22980 197
6 12 51468 313
7 16 4302 66
10 13 55592 61
5 18 69560 335
2 18 15480 130
9 14 78405 53
17 13 51612 53
3 9 55320 200
19 16 85499 119
13 14 41386 638
3 8 34897 113
8 20 19658 143
1 13 40837 225
4 6 30731 385
6 13 12822 179
14 80
13 120
17 7
20 216
8 15
15 147

4811431
