20 99 3 3
5 3 69845 208
5 16 41348 308
5 19 6139 236
5 3 39823 837
5 16 22983 68
5 2 20996 364
5 18 34889 20
5 4 3590 58
5 4 104923 293
5 20 28075 70
5 16 7125 29
5 18 25340 161
5 12 28960 150
5 3 15108 17
5 6 7142 86
5 10 49508 318
5 15 25243 59
5 14 53122 81
5 13 11819 113
13 18 15562 169
11 9 8754 154
15 11 28804 118
16 12 9825 79
1 16 90268 846
3 6 60851 99
12 9 12037 397
2 14 23029 208
1 7 48236 129
3 16 30841 747
18 19 10031 148
11 10 12099 92
8 7 35249 947
2 7 26477 49
7 2 6803 255
18 15 39965 401
17 13 9702 508
9 17 25431 37
16 4 31453 243
20 17 100870 427
6 5 28078 88
6 7 28811 131
2 3 6973 151
6 11 51773 118
6 15 11305 44
4 9 40252 127
19 7 5509 156
18 4 66496 126
16 10 43211 406
2 9 17443 587
14 11 27373 997
16 17 6998 127
14 15 2390 165
17 15 27506 67
12 6 27897 366
15 9 26874 159
10 1 37693 137
14 19 82964 106
10 12 2485 150
9 3 4511 122
18 3 47408 23
2 16 55593 464
19 17 23482 25
18 20 16071 104
17 3 9412 141
16 18 52743 388
14 20 7139 30
2 6 12666 260
16 6 98004 523
14 3 6113 31
5 8 27814 176
20 7 6571 78
6 14 10647 67
17 18 78622 106
14 13 4766 87
8 18 20025 162
10 11 181515 149
1 9 4868 95
10 14 21813 198
5 17 188984 763
6 20 49098 52
18 2 44182 190
1 12 56158 237
12 2 8119 96
20 1 34991 105
17 10 23350 299
2 11 31255 131
13 4 19256 221
10 5 14620 101
3 11 9808 127
19 16 22747 102
1 19 10488 230
19 15 41986 106
13 2 68365 182
7 8 1750 41
6 9 14060 265
14 17 25582 646
8 10 37710 301
15 8 31272 82
3 4 39332 491
5 252
14 84
6 49
3 598
16 51
9 440

7660106
