20 99 3 3
16 6 12621 40
16 4 52961 148
16 9 12023 166
16 13 32084 491
16 2 21949 269
16 5 28499 236
16 1 23856 245
16 8 9979 30
16 15 29444 442
16 14 10997 32
16 11 59578 60
16 10 15976 107
16 7 54986 158
16 18 70934 137
16 19 10302 359
16 17 116410 604
16 3 15239 75
16 20 90524 72
16 12 26127 263
4 9 25396 477
20 16 80539 195
17 9 16893 844
15 11 16073 591
14 17 3390 94
12 1 4276 10
1 7 26687 106
18 6 86261 17
14 9 28815 89
4 7 85649 29
6 9 10675 114
11 2 9631 356
8 4 38042 58
13 7 8274 95
11 19 4842 186
17 15 8483 279
20 12 14212 114
10 18 24461 56
20 11 34331 177
2 4 37425 215
5 4 53019 129
7 11 26687 6
12 9 12227 238
6 3 10351 56
2 7 5217 179
18 19 40109 67
19 20 8515 1196
6 11 29560 557
3 18 37118 372
17 8 13370 123
4 1 5119 42
13 8 9760 112
20 19 62104 177
2 16 23624 305
20 17 9740 361
17 12 34712 128
2 20 32222 98
5 8 17712 561
15 3 10050 146
2 12 9230 183
19 8 22735 62
9 10 14267 173
8 1 81200 76
4 11 122080 271
11 5 13977 67
11 7 22482 370
4 14 7730 288
6 4 44235 609
1 3 31608 350
1 19 23013 234
3 4 27170 772
13 11 5893 93
18 11 96096 19
14 6 836445 105
5 11 19022 68
12 5 39735 253
3 6 17743 154
12 20 52353 175
15 8 4812 89
20 13 27710 107
15 13 29451 42
15 2 12035 213
11 18 73322 57
3 9 29403 222
20 2 4299 104
10 2 14004 16
3 5 16103 141
13 17 40131 32
7 1 6679 499
3 11 73890 32
10 19 29858 42
1 6 232401 122
7 16 18433 448
10 5 20487 286
19 4 11624 152
20 4 32192 235
19 7 10935 1030
6 10 33508 57
11 16 25297 96
17 10 14329 21
16 38
20 80
11 6
4 29
9 17
7 43

1237205
