20 99 3 3
14 11 61839 544
14 12 25222 148
14 10 18473 544
14 4 69718 236
14 5 23381 227
14 8 30502 119
14 8 24254 153
14 9 6907 355
14 2 16013 70
14 3 18886 64
14 12 21255 36
14 10 21313 322
14 10 5558 37
14 7 17416 210
14 12 22505 211
14 15 9494 400
14 18 8602 357
14 5 80309 713
14 3 9819 50
1 14 35032 15
17 4 90152 455
19 1 7940 200
5 11 33849 194
18 11 20081 598
1 15 24919 28
12 5 35174 63
20 12 6183 37
11 14 7142 27
6 10 123283 62
16 10 11005 200
5 4 21622 40
19 4 14213 203
13 2 157114 158
11 20 53554 51
6 1 325743 150
13 20 25414 309
20 1 96207 352
1 12 12936 76
4 3 49004 170
4 20 6832 617
9 8 7709 240
19 11 39445 333
11 15 23721 335
12 13 11405 287
18 4 4077 70
14 17 13500 76
1 6 13409 395
6 13 7752 156
6 19 65889 34
12 2 28096 150
2 1 6365 46
2 7 46845 155
11 16 10950 907
10 13 8423 465
17 20 87851 128
2 16 54884 69
13 9 12476 29
17 1 59683 501
8 13 99273 216
3 18 48689 47
9 4 2982 99
6 11 9045 181
1 8 264324 89
8 1 77818 731
19 17 2204 200
5 8 14039 86
1 13 129224 120
20 5 80690 283
5 1 15328 105
10 1 16990 219
17 15 13752 73
4 10 123861 104
11 19 25355 209
9 1 6816 119
12 3 59458 386
2 12 237185 154
3 7 14007 570
12 6 22300 81
3 1 6459 253
7 19 57088 59
11 3 141270 2804
11 2 16015 134
8 4 9548 82
10 3 4951 90
16 5 9638 44
11 9 21198 109
7 8 10395 143
1 17 18320 61
15 19 29134 527
5 15 24357 142
20 8 12451 17
17 19 52693 715
11 10 84805 244
13 8 12454 705
13 7 123902 58
4 14 26312 495
12 20 7934 602
18 5 77199 463
14 13 18062 200
14 84
11 63
1 7
8 43
10 14
4 141

2428466
