20 99 3 3
13 2 8132 197
13 17 3072 1517
13 7 13643 339
13 15 12181 80
13 7 18620 31
13 11 21969 88
13 10 57211 188
13 1 35595 28
13 9 12153 96
13 8 6889 116
13 9 17462 56
13 11 11794 70
13 18 23387 434
13 10 10577 99
13 17 14110 76
13 6 3251 142
13 4 104968 93
13 3 84512 692
13 14 13325 109
1 13 47000 343
15 13 39250 120
15 10 14565 272
12 18 48195 457
2 7 11354 195
8 18 10359 344
20 14 3905 76
16 12 63255 144
10 14 16647 23
4 10 74514 176
19 14 19026 229
1 15 20076 52
15 8 56828 346
10 3 25486 101
5 10 9245 675
20 4 18609 206
7 2 54196 19
13 16 26624 98
16 10 6488 200
1 9 35411 9
2 10 8904 801
2 3 19465 24
6 3 52841 176
20 17 167011 103
19 7 33919 175
14 11 5252 253
17 5 59759 507
14 12 20925 491
17 19 7084 119
6 12 46711 94
15 6 2364 86
12 19 115426 54
5 11 6562 97
5 19 6196 38
7 1 44369 165
3 20 6586 1292
11 5 22207 699
19 11 22316 125
14 8 34815 54
13 20 28510 155
8 20 35841 83
9 19 5543 75
2 12 42920 169
12 1 34038 19
9 4 117267 1043
4 14 33354 459
5 20 41115 107
10 12 15339 296
20 13 157841 326
17 1 21356 41
17 4 16247 143
19 20 46334 64
9 20 14655 249
5 1 36689 40
5 14 9681 206
6 20 33408 429
11 7 17953 171
10 15 12534 145
2 5 29428 148
8 4 10261 83
11 15 12011 287
17 16 42532 210
2 20 21070 29
1 5 5340 95
14 6 14557 30
15 1 9511 92
11 10 45208 110
20 18 35976 148
8 11 7070 145
8 9 45132 221
1 18 6220 65
5 2 50404 46
8 15 48775 406
17 20 7320 350
2 4 23245 87
3 11 14682 65
19 12 39469 249
18 1 27130 321
4 11 16412 313
4 2 19788 162
13 1743
5 42
2 35
20 2859
11 1057
10 481

37074384
