20 99 3 3
19 4 46466 66
19 10 7176 239
19 6 9145 67
19 18 5803 29
19 2 15185 158
19 14 9312 52
19 15 52236 689
19 5 70868 1176
19 9 12314 371
19 20 22492 18
19 8 15281 218
19 11 23348 90
19 17 27929 735
19 13 140618 259
19 7 22267 33
19 12 1906 1582
19 16 54716 342
19 1 5798 79
19 3 55194 40
17 4 31008 373
8 1 27499 40
10 18 11109 209
13 1 52415 94
13 14 31214 546
17 10 21814 590
9 19 27146 35
20 7 30800 43
10 11 24644 28
9 1 8072 394
9 6 20357 78
9 2 50159 200
11 19 20281 50
10 16 183574 33
1 13 50265 299
18 6 40728 193
11 2 8709 66
16 19 76635 121
8 14 38992 23
12 14 10082 217
1 4 14357 265
20 17 59677 28
8 9 17714 388
10 5 29404 114
6 12 10345 2300
4 6 2442 2535
14 6 7959 200
15 3 16638 97
16 4 61662 668
4 3 109721 376
5 19 30959 912
7 3 41170 153
5 18 10050 2008
15 13 11084 48
14 19 20871 416
12 11 9414 531
5 12 20150 146
1 19 11758 99
4 19 13468 335
8 15 12756 56
9 15 1628 226
18 9 58853 203
18 12 20607 400
2 1 30648 87
15 10 13108 332
12 5 13228 158
4 1 42440 88
13 15 177118 98
9 10 24441 243
2 19 4576 69
4 15 134568 103
7 17 18390 251
15 7 91512 539
7 10 112945 218
13 3 31855 525
17 8 14998 255
6 15 27923 229
16 18 101600 34
16 3 18291 418
2 17 7584 273
11 6 14172 250
10 14 25122 119
18 16 48392 373
18 19 41901 422
17 15 22043 713
1 16 20906 355
3 19 47600 1279
8 20 19153 814
18 13 59660 47
11 9 138631 309
13 19 17606 476
12 19 20288 8
15 4 39533 273
8 12 9215 18
11 16 36884 224
15 2 9917 97
14 1 34221 178
1 12 16832 78
20 4 15928 901
16 10 5109 537
19 152
18 84
15 24
1 59
12 14
10 47

706038
