20 99 3 3
6 10 32075 153
6 9 42437 194
6 7 58417 115
6 11 46146 206
6 19 28238 49
6 15 27552 101
6 17 11829 45
6 12 104579 31
6 8 5731 24
6 13 43578 245
6 4 9536 32
6 3 55450 76
6 20 42039 374
6 18 34582 1809
6 14 21396 131
6 16 30276 291
6 2 21788 261
6 5 41377 119
6 1 10809 39
20 6 3844 57
7 17 43830 163
7 8 22771 117
13 5 18501 35
14 2 11611 170
4 2 6540 74
14 18 2174 583
5 14 38219 102
18 13 33797 480
11 5 20922 329
13 14 56077 259
12 9 22875 36
14 17 13124 45
15 2 42177 51
1 10 18446 153
14 9 669678 68
9 16 39568 505
19 7 6348 110
13 1 17333 114
17 5 10449 42
11 2 12234 195
4 17 19604 203
12 18 29885 91
7 6 3249 59
10 4 18576 58
15 1 5185 51
15 12 71906 56
2 9 18654 197
17 19 19953 20
19 17 16783 550
8 14 19948 81
11 17 34703 50
16 12 168389 211
12 2 61610 53
1 5 57155 143
14 1 9400 26
16 8 27099 19
2 13 57955 259
8 17 11249 93
10 6 13286 230
13 11 77864 51
11 16 10393 322
9 17 15968 464
3 16 44992 35
17 3 12635 170
4 9 20662 270
5 13 20477 77
17 7 9341 70
7 18 23640 17
12 6 38889 78
5 9 23767 1175
18 2 167355 342
2 1 22060 483
18 12 79980 50
9 19 34892 89
14 8 13066 268
3 8 17698 10
4 6 83255 58
16 6 8943 44
18 11 16621 72
15 14 52041 185
12 19 44784 116
17 14 1715 98
1 14 56531 80
18 16 29664 34
20 11 4549 27
2 5 60203 64
7 9 38675 159
20 1 8312 246
14 3 15026 36
19 11 10544 1129
16 20 4219 523
16 7 19933 83
5 15 5644 79
19 13 5556 168
10 9 1797 120
9 14 30717 264
19 4 15170 35
9 7 13735 23
7 13 12082 96
6 247
14 28
7 24
17 93
9 43
2 2

2578219
