20 99 3 3
10 9 29586 51
10 14 29856 20
10 11 33322 157
10 5 35910 64
10 4 38476 156
10 2 48352 162
10 17 12494 265
10 1 8670 363
10 2 108459 535
10 7 35277 405
10 5 46053 246
10 17 17362 108
10 11 14680 148
10 1 101359 320
10 5 63712 53
10 17 15873 322
10 4 243925 601
10 16 44334 149
10 18 52468 97
7 19 6324 45
5 3 29269 388
15 2 12350 86
9 12 20222 25
8 10 1098 106
6 9 13521 58
15 19 22599 80
18 2 113164 87
17 4 93821 137
13 2 9570 45
20 13 6631 356
6 17 30496 331
11 17 68881 118
9 17 13609 173
5 8 18691 38
16 8 14787 199
12 4 77907 258
9 6 4117 166
16 4 18671 80
1 18 18477 283
2 18 92502 15
7 18 26325 950
8 9 8215 302
11 15 688 104
19 16 5691 517
18 17 3855 169
19 9 53384 85
17 14 21767 138
20 2 11092 1218
20 6 49740 509
2 12 22861 58
18 5 47256 129
17 3 157937 39
2 8 30188 56
8 11 12941 307
7 15 78475 165
4 14 17519 141
14 6 30969 466
6 13 43247 345
2 19 3235 22
9 15 33218 269
1 19 10366 86
13 16 18225 280
11 4 28514 239
8 18 22124 68
17 1 65417 397
12 3 84975 758
8 19 8924 26
5 13 6558 96
8 16 37822 77
13 4 17941 137
1 2 19893 57
2 13 36314 86
11 7 18048 431
8 3 5609 26
20 10 5748 64
5 2 184569 51
3 19 7378 526
1 17 153001 72
18 19 26988 746
7 9 39445 245
15 12 13851 55
16 9 65580 44
15 1 33488 272
20 3 110443 34
20 11 20433 543
17 20 8406 93
9 13 29625 258
16 1 9218 106
7 13 46406 361
6 10 22199 32
7 5 15907 60
15 17 21809 553
16 12 22142 179
4 2 12569 22
5 11 8441 416
11 3 27435 70
2 20 10106 196
9 2 4544 20
5 1 29156 843
10 95
8 63
20 12
2 134
17 48
19 26

2964409
