20 99 3 3
3 1 5534 187
3 6 17920 58
3 13 22417 94
3 2 16274 23
3 7 46552 248
3 9 12312 110
3 4 9702 178
3 12 35077 8
3 18 12262 50
3 14 57086 274
3 17 4438 132
3 19 34231 92
3 8 23144 125
3 16 27721 133
3 11 16327 116
3 5 29308 329
3 15 48460 22
3 10 16707 260
3 20 20262 164
13 3 29837 188
7 16 22296 87
17 13 137919 224
20 18 10088 38
20 5 45510 317
15 19 31431 68
8 18 2750 499
17 16 12570 527
1 4 21930 308
1 15 24055 79
2 15 7367 194
12 13 15871 183
15 5 49080 949
11 3 12903 263
2 17 20217 82
2 20 5579 245
6 7 15205 6
6 4 88457 527
2 18 16342 1963
8 15 17057 8
2 14 13458 873
4 12 22568 112
1 17 15645 163
5 20 56819 196
14 2 31191 72
11 13 30634 86
14 18 24119 244
8 10 7450 41
16 20 14988 182
18 13 8469 45
5 15 51022 710
20 17 9088 135
16 14 38703 143
10 18 130044 463
7 18 68018 453
7 6 11709 80
1 3 32305 63
4 6 1585 113
13 18 30798 62
7 9 91629 31
19 13 18439 84
15 2 19495 71
11 12 20447 609
9 2 27704 159
1 13 20865 527
18 9 130700 236
1 20 10589 77
8 17 28168 215
15 7 116317 158
15 20 4600 346
13 4 16170 147
20 1 14618 140
13 1 8506 124
15 8 17830 445
16 3 36851 154
12 15 36746 368
7 15 26324 138
19 6 74290 89
4 15 12567 234
7 1 10524 22
7 19 10255 149
18 16 15844 282
18 1 68105 235
14 17 88948 225
5 4 3719 133
16 13 200576 109
15 11 5685 779
5 16 104650 103
12 20 10248 232
12 17 12879 491
11 18 12107 62
11 4 34966 78
18 11 9715 690
12 6 9555 180
6 1 54411 149
16 2 8469 359
15 17 88112 78
9 13 41799 63
11 9 14562 221
4 3 13913 225
3 152
15 48
7 77
18 29
13 18
17 32

870772
