20 99 3 3
16 19 11363 90
16 8 9165 169
16 9 35283 173
16 12 8072 278
16 5 6417 206
16 4 49156 449
16 19 67426 260
16 10 2228 196
16 14 12188 94
16 1 63537 664
16 8 38683 34
16 20 29874 341
16 19 5098 69
16 2 6235 754
16 14 24925 1197
16 6 17553 917
16 10 27101 17
16 3 7794 102
16 18 29745 127
5 10 16078 398
2 1 23706 1630
11 9 20170 133
8 11 16239 110
10 15 54635 144
16 15 23694 148
9 12 73250 393
10 17 7011 47
12 18 15975 183
6 10 82621 90
14 7 7586 178
18 17 85783 213
18 8 69373 387
5 4 12507 72
13 7 10062 144
18 19 16291 83
15 16 5588 14
5 9 27316 335
18 16 10384 30
15 2 15478 154
7 9 17061 96
3 15 130899 333
2 7 35285 481
13 9 11925 118
1 8 7809 327
4 5 197105 166
13 4 19443 129
17 20 18580 215
11 20 120950 171
17 14 5993 94
3 13 85871 407
18 4 4505 36
17 2 50056 270
5 20 59828 165
10 16 16874 118
13 3 18707 85
17 6 32960 112
3 4 23224 51
3 14 75431 134
20 16 22483 269
18 13 16291 194
9 3 32392 300
12 20 36690 481
18 15 10901 154
17 5 15770 733
14 11 12084 87
19 10 42922 727
5 15 3966 72
9 19 38740 200
18 1 17141 57
14 1 13918 251
19 12 35692 88
15 20 3695 91
19 13 141110 62
7 15 4916 209
8 13 34056 301
9 15 13420 218
17 19 15409 339
2 16 53767 55
14 20 14819 67
15 8 3957 157
3 20 104463 245
5 17 11990 386
8 9 35658 46
7 19 5855 118
8 20 23967 41
1 6 9154 149
14 19 21018 37
20 4 15010 370
4 18 85016 53
6 19 29323 113
11 17 94404 132
7 14 34807 72
7 20 20678 237
5 19 14652 596
8 5 22929 655
15 17 71598 279
3 7 7303 337
13 16 16238 128
4 1 30116 114
16 120
18 56
5 49
20 206
19 28
15 95

2980419
