20 99 3 3
3 10 78571 69
3 15 8583 53
3 13 125308 90
3 16 30758 584
3 18 18204 22
3 8 32070 428
3 17 21198 272
3 5 19022 274
3 7 64800 198
3 20 62960 780
3 11 23030 594
3 4 135993 48
3 12 11251 172
3 1 29123 57
3 14 34815 48
3 2 64313 217
3 6 3295 715
3 9 12379 129
3 19 36732 218
4 12 19419 372
9 6 16957 122
8 14 19916 56
6 19 22038 153
17 19 60495 188
20 12 14463 85
16 20 79290 81
10 13 13008 53
1 13 7473 158
7 5 20136 193
2 15 5430 71
10 8 10677 69
14 1 13665 95
19 16 7825 90
7 15 23207 459
17 5 16739 112
15 18 51846 114
5 17 14551 27
11 7 37119 85
10 1 27948 466
4 5 14575 204
7 2 10487 121
15 9 17327 132
8 4 19063 273
1 16 15204 131
6 17 5071 19
9 13 41904 72
20 3 7984 987
20 1 16097 220
5 12 16820 49
13 5 18279 945
18 15 48645 53
10 6 36643 1402
6 16 18817 147
13 11 140151 112
19 17 4779 34
10 12 7491 251
16 3 9061 59
10 7 40652 61
7 9 15590 229
14 17 29819 71
16 15 38612 29
12 1 119826 92
17 13 40192 302
4 7 5213 775
16 2 31307 131
5 13 23370 501
7 3 16692 111
17 1 24532 16
1 2 9627 523
18 2 19377 261
12 5 25354 109
7 17 74169 175
13 3 21856 160
16 12 27079 36
13 8 7088 407
1 11 29127 16
9 20 9549 682
1 20 43688 137
11 8 140631 49
1 6 18474 267
7 10 53396 2669
18 14 36811 235
17 20 20571 148
4 9 74163 120
5 1 14069 23
7 20 86385 135
6 1 7929 637
16 19 99426 160
14 13 3420 56
12 15 82842 253
17 6 93942 66
5 10 60477 1011
15 11 37417 88
20 9 104247 65
17 7 131747 31
20 5 15229 239
5 8 8443 320
4 8 10502 110
14 15 34726 20
3 152
7 48
17 63
1 144
15 88
13 23

4159575
