20 99 3 3
1 20 28947 136
1 6 7045 88
1 7 32571 100
1 10 8340 342
1 4 41048 265
1 17 11940 30
1 19 18081 421
1 15 99240 40
1 2 49153 202
1 9 35105 104
1 8 30089 515
1 16 47970 604
1 5 8024 605
1 3 12550 147
1 12 11002 158
1 13 28077 327
1 14 44180 144
1 18 2702 120
1 11 46676 133
20 18 55460 289
18 2 30918 63
12 18 27240 35
4 19 125108 385
8 16 4979 241
8 17 68532 988
2 4 16287 126
9 12 17023 258
20 12 83735 110
6 14 69577 279
6 4 8580 419
10 17 288942 429
14 20 41487 59
4 13 11581 87
14 18 29168 130
3 4 28104 430
14 11 33042 465
10 4 14306 326
9 1 26664 102
13 18 13307 95
11 10 25177 358
3 2 9882 174
13 15 105124 482
10 9 11852 109
10 1 31913 100
19 13 8987 180
6 8 18093 792
3 1 19922 253
18 15 115984 180
2 5 12949 75
6 2 9491 27
19 7 35295 146
12 19 7002 744
19 8 27585 152
6 19 44920 45
10 6 12205 223
8 4 8234 256
3 11 56424 352
8 18 4460 218
4 12 108830 128
9 19 5054 472
4 16 108075 35
4 14 39272 65
6 3 11914 54
8 11 28635 128
15 3 25346 45
10 19 4055 655
11 6 26355 115
12 7 3830 209
7 16 8111 43
7 3 208856 88
4 11 22069 890
3 9 105214 195
4 8 5446 159
16 18 55958 172
14 7 209253 53
16 14 42073 81
2 18 54991 50
13 11 71217 380
4 18 176985 651
17 9 16706 509
5 20 15386 24
2 16 8033 1148
18 20 30954 45
17 1 34846 129
15 2 102953 79
3 17 60593 191
17 13 8620 45
14 2 2978 293
6 17 2999 196
14 1 20815 36
10 5 84895 43
5 2 26925 1392
8 20 14091 20
12 14 23685 72
11 7 17571 222
6 13 53825 145
16 20 13387 116
15 7 49982 1043
13 20 55019 306
1 247
6 112
4 312
18 30
20 92
2 536

22091245
