20 99 3 3
2 1 76113 62
2 15 3808 32
2 20 103467 109
2 8 124855 29
2 13 8437 176
2 6 12270 421
2 16 3361 352
2 4 40740 201
2 7 46806 24
2 3 119824 39
2 5 5786 452
2 19 25051 350
2 12 9931 549
2 17 21576 195
2 14 54640 255
2 11 44159 150
2 10 110919 7
2 9 4126 239
2 18 11760 217
13 2 62671 48
10 13 3774 92
9 4 9003 688
12 7 25778 49
12 3 11144 83
13 11 20749 370
9 11 116176 151
15 2 13703 98
4 17 29737 39
7 14 8765 359
6 19 13100 82
4 3 4929 329
18 20 71790 567
17 10 22658 25
3 7 19963 717
8 7 4060 42
19 14 5334 320
5 3 23909 412
18 16 48862 569
16 11 13797 268
3 6 27310 183
19 9 61400 70
10 7 14626 62
5 11 15655 203
4 1 3039 536
5 4 12656 463
11 18 46168 352
7 19 43550 25
10 11 52798 81
10 3 16470 86
12 15 33528 121
16 3 3119 32
18 14 6213 61
18 11 16156 104
15 17 116560 119
14 19 48147 401
16 6 16790 693
12 6 6265 442
4 13 21685 72
17 11 2703 181
9 1 10528 84
18 12 19493 71
6 18 10242 72
16 7 11214 157
5 12 37040 92
8 14 20321 427
13 5 29337 197
14 8 24898 98
3 12 17372 65
19 1 55412 405
13 1 15809 74
15 14 30043 282
14 12 11704 2420
9 3 30523 375
19 10 32901 51
3 2 3058 134
19 5 21503 304
8 13 19783 100
8 20 84980 204
13 19 263006 171
11 12 73058 127
16 15 12351 135
7 11 26247 108
13 15 43630 368
17 1 68259 329
13 3 5996 238
8 18 4076 189
17 20 19877 136
5 6 30617 1313
1 7 30591 279
1 18 185085 77
11 9 14896 147
9 16 7146 645
3 10 14909 585
20 6 18097 48
10 12 23313 226
18 3 26388 452
12 11 31079 760
12 1 50057 360
9 13 147853 319
2 76
13 70
18 30
11 13
3 96
12 10

897538
