20 99 3 3
3 6 57666 287
3 5 23217 139
3 15 20434 97
3 6 19838 101
3 14 26642 56
3 11 5772 194
3 8 171504 127
3 19 112648 186
3 7 14260 40
3 8 15299 130
3 11 13172 185
3 7 24241 803
3 1 35396 353
3 12 7553 283
3 12 56151 353
3 1 21013 64
3 1 29801 385
3 9 18802 327
3 15 15271 68
2 9 89066 239
4 15 19246 20
13 19 11253 1117
19 10 9094 75
20 18 31273 97
14 15 7877 387
1 9 677270 339
7 2 92981 164
4 9 20785 147
6 1 6279 362
1 5 858 289
19 4 7233 136
10 1 78047 1579
9 13 20750 48
13 16 18586 402
11 18 17180 98
8 1 20101 187
17 20 17532 89
14 16 62757 92
16 7 9618 169
12 15 12293 66
4 6 54713 425
4 3 12244 216
13 17 14412 77
10 16 50158 47
2 8 16023 17
10 14 73297 196
8 15 3653 345
17 8 8857 750
2 6 57554 89
7 12 28777 185
17 7 50151 293
14 13 23545 296
10 7 8474 481
18 12 36538 378
2 1 33808 87
13 20 21863 282
17 13 3200 35
10 5 12239 81
5 2 11812 607
8 2 20856 155
10 13 5741 659
16 10 42558 37
9 3 15296 619
2 19 16186 601
5 17 20074 95
12 6 32243 181
4 10 9266 174
6 8 7870 303
20 14 20357 196
2 13 24285 53
17 5 5198 159
9 16 43176 238
13 2 8039 237
9 7 18546 371
13 15 73669 352
13 1 8910 95
12 10 9156 528
11 10 4541 174
13 3 27943 12
15 20 9065 20
5 6 79035 117
11 7 47798 247
19 20 3292 96
6 4 37911 61
12 3 5879 1020
5 4 20910 73
16 18 3586 158
8 12 37578 50
6 5 52747 107
19 17 61243 1909
2 16 11055 257
4 5 16286 764
18 8 93001 28
1 10 26152 484
8 3 4818 159
9 14 72406 82
11 16 8289 199
11 17 46433 40
7 14 17936 119
3 437
13 120
2 56
1 161
15 668
7 606

10497915
