20 99 3 3
3 20 12793 123
3 14 31841 786
3 2 5527 212
3 5 2454 73
3 15 5086 33
3 7 43150 123
3 8 8522 25
3 12 33069 126
3 9 141136 85
3 17 22841 851
3 6 45096 142
3 1 7913 854
3 16 65221 272
3 13 356268 18
3 10 8900 30
3 18 19680 777
3 19 42683 209
3 11 113696 221
3 4 24403 266
2 5 52212 965
6 8 77661 336
12 15 65756 30
17 12 67738 181
5 6 89349 14
11 17 17046 250
1 16 14390 119
8 6 33502 998
16 12 5260 369
19 1 55053 10
7 15 11625 521
10 2 36670 283
14 19 20705 87
6 4 103822 645
6 17 13647 411
15 1 30555 51
12 1 14473 240
13 16 14448 588
17 20 11870 48
1 15 21492 242
6 9 1261 332
16 18 45589 214
15 4 29035 161
14 18 104198 1086
4 18 90023 302
10 9 30349 90
1 4 120759 75
12 9 23482 175
19 11 40206 18
14 20 7796 388
15 18 26302 84
16 3 2445 92
2 10 6514 726
6 11 17016 68
15 7 12228 51
20 6 15370 401
6 3 55552 187
14 9 20537 37
4 15 20614 81
1 2 71700 572
2 19 5432 67
16 20 18070 130
8 12 73027 206
16 11 36731 323
12 19 30288 53
17 10 79745 286
19 15 50687 43
16 19 11655 18
15 9 38208 167
20 11 3448 50
5 7 24071 610
10 8 61966 157
12 7 39334 54
6 18 27332 766
10 14 47281 187
11 20 82092 65
10 15 25685 29
19 2 41851 702
10 1 47099 724
14 6 1275 1094
6 19 14662 1331
4 14 239958 169
12 4 12914 157
15 5 27041 179
10 18 43475 61
7 5 200050 23
18 5 3709 108
18 2 3795 869
5 17 33946 174
10 13 24294 61
16 6 22746 85
7 10 9751 450
7 2 17412 16
4 11 20646 51
19 16 13478 90
10 7 73698 261
6 1 14183 163
7 11 6924 221
13 11 19696 128
14 4 13414 428
3 38
10 81
6 81
11 36
18 5
15 79

2230154
