20 99 3 3
3 2 9508 72
3 10 15550 107
3 7 8863 143
3 17 21592 103
3 8 47856 847
3 4 1605 88
3 18 234378 169
3 19 132510 71
3 11 114430 182
3 14 16321 18
3 9 8194 162
3 6 22689 122
3 12 37870 174
3 15 10074 141
3 5 47389 58
3 20 5920 176
3 13 35959 307
3 16 46820 397
3 1 85532 80
18 5 18721 49
15 11 19603 179
19 5 30215 78
6 9 11166 125
18 7 32085 97
6 8 19906 55
4 12 103820 197
2 9 4400 303
20 15 50158 126
17 12 72620 245
12 8 10951 294
15 3 32145 118
20 9 5994 44
15 16 153827 748
13 4 12185 87
10 1 6083 115
6 11 14349 356
18 17 58826 348
10 5 7012 880
9 14 37883 252
6 13 11034 41
7 6 17184 212
8 12 35066 347
1 11 9526 134
14 3 65415 16
1 2 23500 310
19 6 70097 33
5 2 6927 220
9 11 22348 241
18 10 29450 38
12 17 17758 73
7 20 50744 79
10 18 21718 300
1 19 8531 244
8 11 9181 129
18 13 207262 97
5 4 53873 57
11 7 70142 235
12 19 29965 67
15 5 6804 99
10 11 96942 235
4 2 6820 63
6 4 23806 120
9 17 15179 51
19 13 16533 23
1 4 21246 402
16 10 7465 37
1 20 80433 566
9 3 43183 14
5 13 26091 349
5 15 7387 25
2 8 25093 77
20 16 14658 422
17 11 3335 140
14 10 18982 91
12 7 21907 337
1 6 6142 190
18 15 17158 750
11 6 5741 302
10 9 23963 30
4 9 6384 42
9 4 33017 40
12 5 40237 448
8 14 19014 112
15 19 21803 87
12 10 9919 568
17 15 8748 240
9 20 68517 111
13 8 153899 703
10 15 12695 113
16 8 14467 174
20 11 30708 645
1 3 13772 264
5 18 61052 248
20 3 6174 204
2 17 24298 75
11 13 17353 294
9 16 2812 74
10 20 13246 112
10 14 12873 84
3 19
10 80
9 161
11 30
15 20
13 18

1091033
