20 99 3 3
10 12 12777 95
10 5 104804 466
10 2 25478 113
10 18 10943 206
10 4 54666 45
10 6 15555 2062
10 13 84751 92
10 17 16790 37
10 7 46577 645
10 8 3341 20
10 14 56642 73
10 19 29416 76
10 11 10362 124
10 16 50467 347
10 3 4060 2277
10 15 77225 66
10 9 102229 41
10 1 18119 868
10 20 211897 128
17 13 28630 249
3 8 13364 51
5 12 39058 125
19 17 16930 19
20 8 4830 321
5 16 24555 61
5 17 27456 416
3 12 76379 91
7 9 7247 274
4 7 10701 46
4 3 7675 68
12 10 39660 141
11 7 7669 393
7 12 333430 104
16 1 26372 95
17 7 45603 398
1 18 8302 204
16 6 5767 81
11 15 3419 1014
2 7 8219 109
15 19 96272 251
9 5 174818 224
16 3 44377 165
13 12 11745 44
20 11 9981 71
14 12 11498 495
19 9 23833 103
20 14 48129 118
11 12 17069 253
12 9 142570 89
16 19 4772 47
18 2 8593 777
13 10 14169 124
16 7 36203 98
14 3 9204 21
6 10 14377 144
12 17 5179 153
8 19 17678 97
12 19 119321 465
19 18 18419 14
12 11 56281 153
4 8 18009 314
5 7 81395 54
15 9 100689 131
14 16 7480 45
16 20 17106 169
17 2 11219 45
2 14 35390 529
12 20 33362 167
20 3 8046 279
13 2 42836 98
20 16 2870 105
6 3 94439 21
12 14 6603 103
20 2 75940 754
6 19 106726 40
17 4 73075 221
16 10 10934 92
2 17 8464 297
9 3 2851 420
3 18 30073 803
18 7 13048 314
17 14 32282 214
15 2 50435 247
18 17 57393 865
13 7 20674 106
15 8 9061 222
19 7 418059 46
6 1 25218 351
6 18 99835 139
3 16 59819 185
2 15 82799 496
6 9 5051 77
2 20 17363 743
18 5 31213 153
2 19 7932 910
11 3 9191 416
15 11 17058 243
20 7 8045 328
5 10 20804 91
10 76
20 56
16 14
7 20
3 53
19 19

481098
