20 99 3 3
20 19 55408 207
20 3 26521 394
20 7 78877 386
20 7 10822 34
20 3 3816 532
20 5 54210 437
20 14 58298 117
20 9 19547 1078
20 19 69897 140
20 5 14272 74
20 1 20735 339
20 9 4946 770
20 8 24290 324
20 1 25582 409
20 9 46506 285
20 13 32926 38
20 6 21269 96
20 19 75829 263
20 11 13696 174
16 13 25704 30
17 16 20599 337
15 12 11486 69
19 1 131062 73
4 10 9169 431
5 20 40558 457
5 14 18054 99
6 10 9415 1090
2 10 20079 258
19 16 5588 35
2 14 8523 113
11 18 74315 336
14 3 18219 894
15 7 11231 442
5 3 117498 103
4 1 2753 858
14 17 58925 228
5 15 14902 329
19 3 25983 110
12 14 18459 350
12 5 16260 457
15 13 48405 51
7 1 8491 42
13 16 2917 193
18 9 22931 641
5 17 15464 346
19 8 24338 151
1 19 9462 277
12 16 37543 183
9 12 26195 173
20 10 49170 44
1 13 18815 57
3 8 54665 113
14 15 67552 144
1 10 4565 280
9 11 10656 221
10 18 8866 279
20 15 14527 405
13 5 98868 275
4 5 8979 87
16 7 20312 183
20 4 172800 77
2 15 7988 50
2 5 7761 43
3 11 4540 44
13 2 25337 90
9 4 35791 222
11 20 8330 458
15 14 89318 53
11 19 87538 154
15 3 15735 149
7 18 45691 171
18 4 28883 47
9 10 40962 203
9 3 4872 442
17 11 62519 76
13 15 69124 198
6 2 114407 201
12 11 8031 70
14 11 92158 3123
8 1 22538 25
18 7 29163 140
19 17 13699 192
11 12 35863 427
1 4 167175 33
6 9 22575 393
2 9 11447 939
1 2 8813 211
5 8 86535 269
4 12 26838 364
11 16 9659 447
12 4 81766 238
6 3 8684 82
8 20 6147 170
10 7 15335 33
5 19 2526 93
8 18 36317 258
15 9 14144 131
9 20 6154 46
3 19 93288 70
20 286
5 14
15 72
3 384
19 125
9 8

2246932
