20 99 3 3
19 14 12481 75
19 16 65195 489
19 15 82072 47
19 7 14366 72
19 17 27131 159
19 1 256837 228
19 20 13979 565
19 18 65813 28
19 6 10869 438
19 9 24946 52
19 5 10514 411
19 4 12355 131
19 10 4897 84
19 2 8968 470
19 12 18036 706
19 3 124653 81
19 13 44874 96
19 11 9890 430
19 8 48474 249
1 13 80552 69
17 14 84625 65
17 16 7266 1155
6 17 26337 144
18 15 84215 189
20 2 44959 82
2 8 87842 41
20 9 65217 243
8 20 63150 106
15 7 85972 485
3 8 24815 71
15 11 49142 80
18 3 23466 428
14 19 12323 409
6 19 48718 200
11 9 14638 1396
2 17 12201 75
2 3 3572 339
18 10 16025 274
5 7 8211 93
11 15 66192 96
15 5 72080 132
3 17 30286 207
9 17 5313 377
11 7 6674 108
6 15 322140 69
16 9 4819 259
4 16 83553 308
12 19 16139 87
20 4 23696 76
1 17 22529 535
17 18 32801 49
16 6 15071 209
4 11 41262 122
5 19 11102 200
2 5 4979 449
14 18 68365 349
18 6 11295 121
18 9 16745 65
14 10 33526 70
6 3 50114 34
4 6 13790 396
11 2 12061 514
9 16 19752 136
2 18 11268 52
12 5 97117 294
4 17 9061 227
15 16 51533 220
12 4 65858 700
4 18 42890 48
7 11 5760 153
7 6 6804 98
18 20 186747 545
10 11 88444 270
5 20 25983 200
9 12 10970 239
8 7 7951 104
18 17 15597 50
10 8 48131 50
3 20 74711 70
6 12 7235 245
15 19 130450 136
16 5 36610 25
8 4 18168 168
2 16 4525 157
15 6 8545 164
14 11 58144 171
16 15 82941 49
5 15 3109 233
15 9 29800 66
1 11 37247 41
18 16 52775 983
20 1 42503 190
11 14 67786 336
3 11 25495 43
17 8 31544 14
4 13 11510 327
20 11 26530 289
18 8 78599 113
18 12 9829 98
19 38
18 120
15 7
11 16
17 21
16 42

1239883
