20 99 3 3
17 19 10758 150
17 2 10255 267
17 13 1321 311
17 10 4437 21
17 18 33853 431
17 1 76734 42
17 7 58841 235
17 3 49711 54
17 16 14115 53
17 8 143387 372
17 11 65573 191
17 6 45562 128
17 9 50727 66
17 20 10041 50
17 12 8801 57
17 14 102098 24
17 5 17338 146
17 4 42002 160
17 15 43491 42
15 10 16610 675
4 6 1819 33
4 11 12317 136
7 5 88314 414
5 15 55520 203
16 13 4191 177
8 15 7619 98
12 5 3459 53
3 17 8010 254
1 10 12797 394
10 15 11995 173
11 15 32759 76
11 9 123769 192
10 4 23959 360
3 11 153913 181
10 12 13372 154
8 18 25247 600
8 17 70904 228
6 13 7986 51
2 3 7325 100
11 13 43818 27
4 5 78800 40
12 14 16640 40
14 19 32773 507
18 4 59033 249
4 20 8525 103
13 9 43664 699
9 3 63597 28
16 20 9300 205
16 3 39339 68
20 15 5769 377
20 9 24178 143
2 13 1255 86
13 2 26253 79
1 4 39886 32
4 10 9096 184
9 4 52671 65
16 5 32623 84
9 19 26023 791
4 19 38024 358
7 14 42359 360
3 19 20498 69
13 16 20572 59
7 9 46747 67
7 20 1061 127
13 1 4307 82
8 16 79194 95
6 2 2812 115
9 14 16433 65
16 15 77594 182
9 2 16453 286
6 5 7101 25
13 14 26360 59
7 2 8089 372
18 14 20494 466
9 15 8062 124
12 4 12897 373
11 10 6942 239
3 10 22487 641
5 8 67893 138
13 17 40122 169
16 1 7807 291
4 14 24142 296
15 17 8146 93
10 2 14627 70
9 13 10237 713
9 7 19671 279
4 9 5446 188
13 8 3698 237
19 20 34693 160
3 16 5743 1403
11 8 52807 373
15 16 22724 108
18 1 6393 257
18 20 7638 59
20 2 54704 441
9 10 39916 1018
5 10 3977 483
10 13 122026 99
18 2 21644 9
17 57
9 126
4 40
15 179
10 7
2 28

1863785
