20 99 3 3
14 20 14005 37
14 16 3724 405
14 3 83554 320
14 9 12174 39
14 19 20034 73
14 7 24623 337
14 10 99298 100
14 6 16339 70
14 4 14391 224
14 20 6900 46
14 11 2688 99
14 3 60339 379
14 11 35794 374
14 12 35394 49
14 10 6616 199
14 2 16458 109
14 11 73662 92
14 5 6610 165
14 11 5293 18
11 19 8440 304
15 17 20053 176
20 6 10339 73
16 11 4840 50
10 12 25701 406
5 16 73565 215
17 19 1366 48
5 6 21840 60
18 5 3580 312
10 15 122156 346
11 1 13994 322
1 4 14547 36
2 16 33505 142
1 16 7753 183
18 17 70772 555
15 20 64249 220
19 14 4122 30
9 18 26296 95
19 17 29501 659
18 3 18523 721
15 6 15446 125
4 3 28285 187
7 1 13819 406
11 16 31071 100
6 15 29690 42
1 17 14135 357
3 6 3801 134
5 12 50561 41
2 7 167162 170
1 20 12268 222
13 8 79378 214
5 19 3269 170
9 19 5927 469
8 17 49673 460
5 11 36337 79
15 5 13390 51
17 7 14032 17
4 11 71342 24
20 5 18773 74
17 3 12934 352
7 16 2886 234
14 18 68881 46
17 14 28188 152
16 13 17196 186
17 8 11607 89
9 14 58376 122
8 15 39032 696
4 19 29219 40
2 14 17528 186
6 3 59837 99
10 13 7094 75
17 11 34466 25
10 8 22702 88
10 18 16381 355
8 3 12773 239
12 10 25325 249
3 20 6603 73
20 14 36522 29
20 19 47912 56
20 15 125358 62
11 9 134321 17
12 11 16946 157
6 11 11087 102
17 18 27608 177
11 10 32882 96
15 19 20797 79
6 10 33180 113
12 3 22391 155
9 6 2962 98
1 18 26802 16
16 7 14115 409
7 19 18561 259
1 8 18271 136
4 5 35598 109
18 10 87709 36
3 18 11774 353
10 7 23516 171
7 11 73227 137
15 16 34499 274
6 7 22234 98
14 220
17 84
15 18
11 70
19 219
3 47

2501064
