20 99 3 3
1 13 26200 189
1 14 9650 171
1 3 13481 330
1 6 7644 494
1 2 6566 158
1 7 31786 1216
1 5 132095 143
1 11 40893 53
1 8 117766 78
1 18 9963 172
1 17 12214 310
1 4 9936 95
1 15 16941 91
1 19 6886 105
1 10 23710 405
1 20 15145 186
1 16 54239 44
1 12 7097 613
1 9 14759 195
11 18 14550 77
2 6 16640 115
9 20 67802 44
11 17 18738 361
8 20 9736 679
13 6 99247 242
5 9 7800 65
7 15 21706 64
7 14 85123 43
15 18 14471 182
10 2 11782 118
6 4 30731 332
5 19 5836 224
3 6 31096 587
19 18 60205 423
2 3 35778 193
2 4 17522 194
5 20 34884 927
8 19 8663 119
10 11 11605 145
7 4 103758 95
13 20 32957 170
11 2 132147 31
9 13 6838 418
13 8 17408 1346
13 14 12616 262
9 12 54125 324
10 16 3442 320
17 20 29418 469
4 3 158584 49
11 7 19843 58
4 13 32943 48
14 18 18431 24
15 1 67424 817
15 11 5308 100
11 6 9049 282
10 9 27016 1239
12 3 35781 1566
16 14 50554 33
11 8 104103 254
7 1 2235 222
19 4 59156 91
6 12 9895 86
8 9 5055 225
16 10 18216 46
9 18 6069 194
12 6 21567 320
17 4 179108 99
10 1 32881 115
7 10 35654 232
3 4 40466 166
19 11 10155 217
10 6 65483 101
5 6 14867 490
4 15 36219 128
8 1 4876 94
3 2 17176 220
19 17 11586 72
19 7 89828 678
10 18 98470 227
4 9 7314 38
11 13 29450 203
17 2 46661 36
18 8 80641 899
3 10 54358 31
5 12 78007 984
7 5 165478 241
10 7 4992 120
19 3 28531 410
18 7 12537 92
18 6 82650 691
14 6 17067 63
18 17 41503 116
9 1 26122 378
5 11 29003 58
3 17 8424 24
7 11 2549 57
14 1 200666 415
7 9 45471 71
18 4 32605 331
1 323
10 40
7 32
6 158
4 96
18 114

3475002
