20 99 3 3
5 13 50222 138
5 18 5050 141
5 2 13649 64
5 9 49727 179
5 4 21178 261
5 7 31444 683
5 3 6317 128
5 13 32838 324
5 15 45487 742
5 14 11927 128
5 13 56807 664
5 14 93406 295
5 18 15675 87
5 7 59588 59
5 7 11275 377
5 3 65525 142
5 2 132872 154
5 12 6647 26
5 17 9035 554
17 13 78055 431
15 18 25937 321
6 14 25348 663
1 14 10750 111
11 10 19210 109
19 5 14515 74
12 1 28128 261
15 5 21608 163
4 13 9744 252
18 14 12082 906
4 18 29710 222
7 15 29142 6
2 5 25317 90
2 7 35449 150
18 2 30030 193
4 7 13958 1661
4 16 8939 162
7 18 11171 113
17 3 28612 93
6 20 24234 79
4 11 21172 190
20 9 22972 21
20 14 17554 26
20 6 20680 307
3 7 9433 71
20 13 11563 48
3 6 32499 124
19 20 2080 24
6 9 63909 49
14 4 102761 95
20 2 55437 64
7 14 7031 222
1 4 37248 12
10 6 6954 121
6 10 99475 390
18 19 1687 161
18 11 33228 204
14 19 159927 544
19 13 90648 599
11 3 31631 129
9 17 23068 140
15 12 10791 38
2 11 16377 341
12 18 7708 239
12 2 9799 626
5 10 15686 291
2 6 22455 55
17 18 17865 42
19 18 20933 93
3 14 10201 171
10 19 9431 162
18 16 41497 25
15 1 50701 347
18 7 9294 404
14 16 65487 182
13 4 28195 72
13 10 14258 270
17 6 26940 374
20 18 29545 578
12 14 17841 291
8 19 451271 2149
8 10 11426 107
5 20 16051 177
9 18 2865 649
16 11 27264 63
11 8 26994 1388
19 2 21253 161
14 9 26664 133
4 1 31515 828
9 3 215162 260
7 11 4152 182
20 7 41476 283
11 5 24116 173
15 9 87730 12
18 1 23497 616
7 4 46758 268
2 9 21322 85
9 19 23289 465
10 18 38179 619
2 3 111671 141
5 105
20 21
18 35
14 80
7 6
13 105

2539178
