20 99 3 3
8 13 131554 113
8 12 14593 295
8 20 45552 28
8 19 18540 182
8 5 11823 560
8 3 107074 11
8 10 151752 163
8 15 68657 219
8 2 25847 102
8 20 24256 134
8 15 21962 114
8 17 165003 877
8 17 62480 194
8 9 44025 115
8 19 76208 225
8 19 9494 626
8 14 119966 96
8 1 37605 102
8 5 9429 79
4 12 14923 196
16 11 10647 507
4 14 157339 119
3 19 20720 327
18 1 8178 19
5 3 40485 908
17 16 33517 741
15 1 130508 55
7 13 25004 157
20 8 2725 109
13 20 2839 45
9 5 67594 201
10 13 23796 36
6 12 11684 92
5 12 42215 124
19 6 149523 121
16 13 13616 166
15 13 12191 155
3 1 19550 126
12 20 74728 77
17 9 22795 69
2 11 4123 585
20 11 21238 86
17 3 4220 143
10 12 50940 474
10 16 55008 202
4 20 53792 41
2 13 15129 320
14 16 61588 988
5 18 14281 59
9 20 32535 215
19 3 21648 76
7 20 6626 69
2 18 20960 43
19 17 10847 58
15 11 31909 220
4 6 25284 318
13 5 10502 281
16 14 9250 203
3 13 2642 353
16 7 144399 335
12 15 4284 435
12 19 11047 356
6 2 14956 427
10 15 46457 52
15 3 61958 70
7 1 18457 34
15 5 64666 161
7 17 34436 91
14 5 37518 28
2 20 18629 212
3 10 1350 87
7 14 7597 39
14 11 43356 502
19 18 30558 404
3 14 93300 23
4 2 113991 88
4 18 104676 132
14 7 20279 289
17 20 8762 79
6 9 59387 276
15 8 41206 132
10 5 47165 89
19 16 35675 169
1 17 14287 21
20 9 65626 576
2 10 44104 23
12 9 13379 93
18 16 34268 110
18 6 28543 417
20 2 13461 224
20 10 39518 103
11 9 63544 47
9 1 84939 184
20 3 127214 49
1 10 42235 99
3 16 10482 120
3 9 32831 116
14 9 13982 227
1 8 24209 121
8 209
3 98
20 66
9 34
13 199
5 244

3936267
