20 99 3 3
1 9 50943 122
1 4 29638 99
1 15 19502 412
1 14 21977 179
1 19 51353 116
1 6 8305 673
1 5 27940 102
1 20 22865 70
1 2 4253 60
1 16 13667 1517
1 10 20812 175
1 18 18827 996
1 8 6646 799
1 3 18307 169
1 7 31555 295
1 13 19599 74
1 11 14064 26
1 17 22545 781
1 12 15578 345
12 11 13107 114
5 3 17998 166
18 15 7492 65
7 15 27823 213
2 7 74328 94
14 12 26298 142
18 3 8214 146
20 14 28134 572
7 20 32021 97
3 1 44193 124
17 18 89732 423
20 1 2690 20
2 5 25780 185
9 12 6804 297
16 13 9106 123
4 3 27621 261
4 8 13553 82
3 12 68030 45
7 13 80317 249
11 2 36894 45
15 1 19541 394
10 7 29339 315
2 6 11099 128
8 9 16229 179
6 14 9339 72
6 4 46540 541
16 1 16665 214
10 13 33013 36
10 12 36755 95
13 4 2386 47
9 8 16088 1794
10 2 74328 223
18 12 5986 134
2 10 9457 276
8 5 30214 69
8 4 14704 76
9 5 12540 42
20 6 21813 157
6 2 22492 107
2 11 47229 145
11 3 7939 62
7 18 26468 81
16 10 30450 39
2 8 33979 204
13 14 60050 136
9 4 12446 364
19 13 114167 57
3 6 199354 79
6 16 83800 107
16 11 68763 28
15 7 4962 153
18 2 68272 61
5 14 9548 157
18 4 7341 62
7 6 47410 71
15 18 11931 64
4 17 58657 271
5 18 12870 141
6 8 6997 612
7 8 11946 576
19 15 2842 29
19 4 22950 33
13 12 49845 97
10 8 10240 92
8 13 168910 170
3 14 79875 352
6 20 13222 438
9 3 55667 506
17 1 10196 67
10 14 31152 143
9 6 24888 71
16 19 52142 497
18 20 22911 129
5 12 33355 458
8 2 5473 115
12 19 29682 17
14 18 17081 55
8 20 9590 56
16 3 7602 471
6 18 11029 82
1 152
6 427
18 24
12 370
14 54
8 118

8600062
