20 99 3 3
19 3 41211 86
19 4 63865 77
19 4 244412 135
19 3 15578 48
19 16 72327 62
19 15 37406 79
19 1 24155 18
19 3 3420 67
19 5 36616 173
19 20 12396 429
19 6 46678 232
19 15 27954 130
19 1 10502 113
19 17 18900 88
19 14 54518 182
19 11 4643 196
19 2 20138 77
19 9 5132 901
19 14 7744 90
3 16 46043 80
8 5 57661 125
5 11 7747 897
8 11 18036 95
11 16 7227 29
3 15 31585 71
14 5 32353 64
2 6 13566 1142
10 11 8387 45
3 12 6779 179
2 19 15946 187
20 9 9067 285
7 4 4297 625
15 16 20279 180
11 9 9232 111
10 4 3778 403
4 16 39223 416
3 17 26952 170
14 2 5083 722
5 10 2742 236
1 7 30146 710
4 17 85548 106
1 19 949 842
13 11 60386 321
18 1 24258 36
14 3 26313 41
6 7 10814 138
18 14 12789 324
6 3 13819 111
14 16 39780 170
7 12 5929 53
12 6 28864 142
1 18 22779 64
9 2 207555 310
19 18 17694 374
9 20 9595 709
10 6 16933 357
12 15 18507 234
11 13 36391 108
14 19 17199 175
6 17 18128 161
15 4 3988 302
16 13 56129 161
2 7 15529 399
6 16 48364 36
11 6 33518 1860
20 10 7552 106
11 1 29021 128
5 6 50055 185
5 13 12560 273
5 9 12977 79
11 4 28328 98
5 15 33036 68
13 4 60913 73
18 8 104279 89
12 18 42840 380
12 3 18181 86
4 14 21095 191
9 18 54974 354
8 19 36087 23
3 5 204952 407
14 8 7685 298
9 10 21008 80
14 4 33547 104
8 7 23235 194
20 5 16433 254
9 6 35325 9
11 10 11114 439
8 4 30957 61
4 2 134799 168
15 12 29156 79
14 9 12464 149
10 8 42104 241
7 8 26585 26
2 13 22989 124
1 8 10212 69
18 10 9389 77
4 19 187063 147
12 7 59256 196
13 1 10672 192
19 160
14 24
11 42
4 45
16 82
6 529

5093465
