20 99 3 3
14 10 37234 28
14 20 42323 39
14 3 5448 177
14 16 9986 114
14 7 13779 200
14 4 4877 43
14 6 33697 22
14 12 39429 93
14 16 13662 245
14 17 11277 58
14 16 15184 75
14 18 51090 145
14 18 15029 67
14 6 77960 180
14 10 37324 186
14 6 21305 117
14 1 12036 98
14 13 42762 74
14 1 11324 473
3 18 9930 125
16 9 13135 275
17 16 67498 289
6 16 31717 308
8 1 26855 133
17 6 15434 71
5 11 45927 54
1 2 7361 213
7 20 21812 329
19 13 35376 275
19 9 31352 30
6 9 13287 575
15 6 15713 148
9 2 29346 304
19 7 23645 17
8 12 15940 52
18 19 11133 313
19 6 14271 81
8 20 57251 15
1 9 58850 255
13 14 4634 911
17 9 8336 630
13 16 10716 127
20 4 199176 262
12 7 18891 640
14 19 10985 43
11 8 10632 123
19 3 13765 296
12 6 733 125
6 19 12255 127
6 3 6793 220
11 16 70351 597
10 9 9085 256
20 5 9219 77
8 13 27521 20
13 4 9522 68
16 8 57597 205
20 15 3888 85
4 20 44105 83
16 17 12715 117
12 5 141856 153
17 14 14197 357
20 2 16991 128
16 14 6294 30
17 11 26474 509
4 11 130965 120
2 10 19571 219
3 14 12922 79
18 1 1325 157
6 12 21908 277
20 12 83132 235
11 20 17173 148
5 2 23178 358
19 10 74771 123
1 15 24170 381
10 5 13840 98
17 3 52585 44
18 14 21835 204
3 5 9337 273
19 12 18666 59
2 7 5368 218
17 19 40825 71
2 14 35458 78
1 8 20273 149
12 13 7778 145
20 13 23727 191
4 16 16122 355
7 19 7871 296
8 3 38268 64
2 17 12501 133
6 4 14396 71
4 3 60372 963
8 4 18831 40
5 13 8427 29
13 10 14490 78
13 3 59751 358
6 18 19339 168
20 18 45748 101
13 8 7045 105
17 5 6944 463
14 340
17 40
20 56
16 68
6 43
3 398

6243735
