20 99 3 3
14 6 25776 80
14 9 14978 93
14 1 22649 25
14 2 6516 17
14 18 55302 97
14 4 11076 536
14 6 23324 45
14 20 10385 979
14 17 7560 37
14 11 6160 32
14 16 48875 483
14 3 3529 364
14 7 21782 216
14 17 288700 53
14 2 26727 38
14 17 17202 148
14 19 9895 1168
14 12 90198 353
14 19 110181 31
19 14 2803 267
12 4 29205 27
15 8 3831 31
8 4 27568 69
12 6 107608 141
6 2 20784 290
20 3 11377 157
16 4 10605 142
4 7 17054 131
10 1 11229 100
12 18 63104 121
5 1 20795 184
16 20 15828 221
19 10 5976 262
19 1 100040 462
13 19 254559 718
15 13 18648 180
7 5 47824 128
3 13 35935 7
12 19 7164 387
4 11 14951 110
11 10 8063 104
18 9 6778 45
3 14 59835 28
10 8 8935 66
16 6 9542 14
7 1 19016 312
17 15 7176 256
18 10 16168 333
6 19 29702 166
3 19 27693 41
11 7 21416 191
19 3 33698 175
12 16 6168 52
13 12 466608 357
7 18 17578 173
19 4 18152 121
7 16 11237 3392
5 4 9634 36
1 3 12866 386
16 17 15809 64
5 7 19758 62
3 18 124833 217
6 9 21819 391
8 14 4485 42
17 1 4570 508
18 19 20274 85
10 3 8302 484
9 13 4789 491
16 13 4532 311
5 12 103552 9
15 9 2933 25
13 3 42958 103
15 16 99884 122
9 6 237215 260
8 13 1914 204
8 3 39542 1047
1 14 40239 256
5 17 11341 180
11 9 31276 54
8 7 50490 534
10 12 41843 101
17 3 22003 184
2 8 4073 44
2 16 22988 35
4 6 65449 185
14 10 17879 755
17 18 4280 91
11 1 34887 131
17 19 103190 354
7 10 11085 162
16 12 71073 70
19 17 29515 172
19 9 7063 107
17 7 26631 28
2 11 14888 88
18 16 11337 29
9 1 31601 351
1 20 60191 218
15 17 10538 117
14 120
19 91
17 84
3 166
1 200
16 35

1788793
