20 99 3 3
19 5 37079 103
19 4 18548 80
19 9 6651 402
19 20 15702 238
19 15 12671 403
19 9 58962 30
19 20 244056 578
19 11 29890 195
19 4 9195 435
19 11 51795 113
19 15 14465 1425
19 5 13054 29
19 5 30080 120
19 17 26391 1978
19 2 18108 114
19 20 42908 533
19 20 109100 25
19 2 48905 83
19 18 149940 233
3 19 19697 108
2 12 31379 353
10 8 2056 21
8 9 11202 1454
8 15 39528 80
5 2 71410 203
17 12 39308 66
6 1 79910 227
15 12 60246 221
18 10 8899 1108
5 17 14966 25
12 14 32436 101
9 11 89809 138
20 13 26735 115
6 8 80387 251
9 20 22189 133
14 12 12762 109
11 13 7466 207
4 3 9342 110
16 10 10628 70
1 15 9140 490
19 10 47786 135
13 6 143660 84
2 4 39331 203
12 17 33863 276
3 15 15534 262
4 10 11228 201
6 9 20335 171
7 3 11389 49
17 3 9326 2688
14 7 4852 190
13 16 5370 57
7 16 13128 264
1 2 20004 231
11 10 8096 282
4 9 4527 949
6 5 18237 62
1 10 35724 137
15 10 47722 93
18 11 34133 24
5 15 44783 57
16 11 19910 42
18 16 9145 346
9 8 88960 222
17 13 161145 240
11 16 15682 248
5 4 25826 95
19 1 2231 330
9 17 16692 168
6 20 32499 119
17 1 50779 185
9 16 6915 72
2 10 58792 296
3 9 13229 407
20 19 1665 45
20 15 3909 176
17 6 48102 300
1 19 127226 33
13 12 19272 59
8 11 47337 36
7 10 2932 783
14 17 109999 156
14 8 12771 131
20 16 73552 64
15 18 6919 286
11 6 30225 44
1 20 9931 324
16 9 17654 96
11 20 64369 189
3 13 3089 113
10 19 110226 101
20 5 16020 25
19 16 27405 78
3 6 40438 887
6 11 11558 71
8 17 11774 499
16 18 101661 505
5 10 66557 97
17 15 127642 80
11 4 27965 1640
19 176
17 60
11 72
10 110
20 26
15 336

4075808
