20 99 3 3
2 15 57695 319
2 20 17409 221
2 3 156694 42
2 4 4819 136
2 6 20203 233
2 5 40940 406
2 14 9261 102
2 18 26221 77
2 19 19907 59
2 9 23294 137
2 10 26487 80
2 11 23329 140
2 12 54664 402
2 8 15726 180
2 17 6658 437
2 16 11152 333
2 1 60664 1865
2 7 120961 128
2 13 22172 97
16 15 25995 173
8 17 3977 546
8 19 37608 617
18 2 19697 100
1 2 10381 65
6 10 45678 902
6 2 21530 182
14 6 3372 440
7 6 18290 537
19 10 51335 79
11 16 5580 46
12 19 10400 135
16 14 6121 73
5 20 70130 66
7 5 67098 250
20 16 27214 136
17 1 17609 103
8 15 76154 294
15 1 25761 115
20 18 13851 21
18 15 10205 245
18 12 30370 210
11 15 7806 213
13 1 22610 51
14 16 29840 54
1 20 36708 65
13 12 60376 177
11 14 12239 250
8 12 10937 38
1 15 45551 296
11 8 28721 109
4 19 6795 36
10 19 87069 516
1 9 69748 374
17 19 35353 81
9 20 6695 75
7 20 11670 312
11 2 6146 352
12 1 13764 48
14 3 61926 425
10 5 6164 444
10 17 26797 105
20 2 74535 87
19 3 12336 70
5 6 71768 96
12 16 105427 417
13 10 45479 303
1 4 30098 137
11 10 1020 226
11 19 32959 168
19 1 9669 130
13 18 18038 162
5 1 25186 187
8 20 6797 35
16 19 28671 125
5 10 16915 95
4 8 1704 296
6 16 35208 112
14 1 15770 84
8 18 27253 56
8 3 151357 307
6 4 15557 25
15 14 42831 160
20 12 11850 454
17 11 16339 225
15 13 124235 34
13 9 162129 101
16 13 6722 206
6 8 4374 77
7 11 170969 11
17 8 12026 160
18 7 21308 929
14 2 75717 65
15 9 6225 1664
11 9 78832 101
13 8 13706 170
3 10 18270 89
6 15 39114 31
18 6 2337 36
4 2 42051 29
2 646
11 40
8 182
19 76
1 230
15 56

7389056
