20 99 3 3
14 19 61158 163
14 16 11032 170
14 4 25424 299
14 13 3278 260
14 10 9768 56
14 6 24790 372
14 11 26535 467
14 15 35380 150
14 17 20238 1064
14 1 4831 167
14 5 9117 882
14 12 61635 248
14 20 38685 238
14 7 17868 36
14 8 44357 86
14 18 93195 198
14 3 11775 111
14 2 104908 276
14 9 68159 151
11 8 4951 703
19 20 10162 57
11 16 71090 66
6 10 6443 81
11 14 19130 194
15 13 90692 322
3 16 35148 657
13 6 7652 26
3 18 7101 151
4 16 36947 247
3 8 3816 265
18 10 31670 58
8 1 28600 3320
8 14 7615 85
5 17 18995 104
13 5 67045 2365
17 11 19835 101
12 16 22106 36
17 16 30177 311
13 7 36678 225
19 2 19722 51
13 11 21485 402
13 17 80100 498
15 19 20535 105
10 19 22556 60
16 18 70522 157
10 12 34995 290
7 9 206356 407
3 12 97216 124
5 4 29559 126
11 17 20999 143
8 18 11306 114
4 6 20305 256
2 14 8113 307
12 7 39900 41
16 6 12000 52
19 5 8529 117
20 4 6448 52
10 9 26230 50
15 5 149143 37
2 9 8247 92
4 19 16532 229
16 3 8980 211
6 1 27259 190
18 2 46879 260
20 2 12002 201
6 18 8800 53
17 1 7639 17
8 13 39915 429
4 3 54346 62
13 19 11061 218
19 1 11725 31
16 5 26448 200
15 16 1985 53
19 11 3465 160
11 6 28938 319
8 9 4634 132
1 12 32656 96
20 10 24774 172
8 11 5026 131
19 18 40996 188
9 4 33441 317
3 4 12805 131
8 16 36881 173
20 16 6520 39
18 1 8172 121
7 6 26882 78
3 15 30461 157
2 16 15789 38
13 14 71719 322
12 6 40865 160
4 10 140187 89
20 3 26210 179
18 9 22986 142
15 4 52797 300
4 11 125394 182
19 7 16780 49
10 14 7169 342
1 15 15039 67
8 20 56584 85
14 190
8 88
19 175
16 93
6 50
18 57

2507366
