20 99 3 3
5 14 35941 158
5 10 39218 362
5 9 23119 43
5 1 22519 99
5 17 73746 546
5 10 20309 135
5 18 7756 154
5 7 13728 98
5 8 5045 71
5 3 13401 43
5 15 39622 40
5 3 5747 214
5 3 18317 147
5 6 10844 54
5 11 15853 102
5 11 26177 66
5 7 80030 284
5 6 8476 56
5 14 82662 661
6 10 61381 77
4 17 3740 100
7 2 14247 81
10 7 23984 186
7 1 29493 187
12 17 72139 94
16 5 25523 399
19 16 4538 529
3 13 40708 68
14 2 8087 88
19 15 41086 89
1 18 11255 166
2 12 3400 882
3 18 34679 146
12 19 11810 140
2 15 28062 179
12 13 38775 43
9 15 53353 79
20 3 48463 73
17 12 18665 446
12 2 12054 73
18 17 17815 101
10 17 9923 296
1 20 13025 474
3 9 50804 526
8 14 4048 194
1 16 41121 238
9 2 54660 401
11 20 28696 114
3 14 12310 54
17 19 44753 309
16 12 34337 137
11 7 10960 168
16 20 39374 186
1 6 36655 419
13 16 58632 145
15 8 70615 68
19 17 35558 373
5 16 51449 121
9 13 5946 85
15 19 5884 37
12 15 49875 40
7 10 75562 40
7 5 35476 265
13 8 17121 23
11 1 25044 309
5 12 13222 342
10 15 64292 25
19 18 34472 169
14 12 15025 383
19 10 14033 60
13 1 39747 284
2 6 117831 52
12 5 115977 176
12 10 17947 301
8 12 22913 170
3 5 33503 150
6 8 10797 592
4 2 13672 103
8 6 15342 38
14 5 33652 176
20 4 25095 36
10 5 24392 94
10 2 19859 151
6 12 143900 103
3 20 76119 47
16 6 22690 286
10 20 4060 167
18 11 70877 237
5 13 29780 181
7 19 46270 48
2 16 3649 271
6 16 62924 404
6 20 7823 234
14 18 6960 82
8 17 16668 116
16 4 23142 234
19 5 35723 551
20 8 9238 14
19 6 31748 59
5 440
19 42
12 105
17 381
6 122
20 144

13283280
