20 99 3 3
17 13 63047 1071
17 15 72985 9
17 11 13623 128
17 10 16986 110
17 1 43600 132
17 14 71404 63
17 12 30866 576
17 16 29427 820
17 2 2654 119
17 8 28908 286
17 7 16964 47
17 5 16397 275
17 6 2196 75
17 3 15406 11
17 18 8740 87
17 19 32785 86
17 20 22559 297
17 4 38619 823
17 9 12586 422
6 18 93035 156
6 11 39451 165
16 2 23276 53
7 11 60233 276
15 13 7215 65
4 20 3318 211
15 9 33274 83
4 8 13324 158
9 11 40665 226
19 7 28031 729
3 5 7937 41
19 6 43280 60
13 2 24618 94
6 7 46059 74
19 3 37933 87
13 14 78752 71
6 13 7318 1196
12 8 14289 23
7 9 36977 335
14 1 11055 36
1 5 9297 91
19 10 85639 638
4 14 11930 53
11 13 5462 366
4 7 151628 52
2 15 3675 316
5 6 11401 37
20 4 27501 54
5 14 28355 94
15 2 3728 74
7 12 20399 279
4 16 15554 573
7 18 9874 861
9 20 10679 159
20 17 44898 801
1 7 107389 797
12 7 11773 493
10 15 41175 79
2 3 6239 191
6 3 55978 402
8 15 8980 182
10 19 51792 129
19 13 17238 121
13 1 9538 42
19 4 32650 167
16 19 27422 63
14 4 3671 17
8 7 54062 86
10 9 50833 401
8 3 47252 650
6 4 9042 217
8 16 9458 203
4 13 10132 123
9 3 31987 422
13 18 5874 73
8 19 14533 158
18 19 15029 633
4 5 16635 115
9 2 18681 47
14 13 45793 131
4 12 8176 883
18 12 19211 79
10 13 17548 327
2 18 71770 202
4 19 3243 69
18 7 30115 133
9 14 7268 434
1 17 7927 1295
8 13 26781 55
18 10 40445 549
13 10 40063 236
1 15 8695 78
11 4 3271 809
15 12 49937 166
14 3 24387 177
12 17 61756 56
11 18 10739 102
3 11 21049 315
9 19 11696 42
2 5 24229 321
17 190
4 198
19 168
13 146
7 105
3 44

3778564
