20 99 3 3
8 6 9081 97
8 18 16451 1744
8 11 37434 78
8 13 3933 297
8 12 32923 60
8 19 51200 159
8 4 40620 54
8 10 6839 70
8 9 51330 120
8 7 11628 186
8 6 16428 107
8 20 22518 79
8 7 55160 200
8 2 9544 47
8 5 26354 72
8 13 17861 183
8 11 21998 2724
8 13 47604 98
8 4 14955 267
7 17 259083 74
7 10 10140 738
20 11 2813 497
10 1 22583 204
18 1 30466 118
13 12 192713 49
12 13 153310 248
11 7 46922 206
14 7 53454 166
18 3 6344 24
19 3 16558 200
5 11 23055 41
9 13 112421 745
18 10 20421 196
14 4 8458 301
9 4 40446 179
9 8 161648 108
9 10 22421 36
5 20 74447 67
1 5 3547 179
20 4 161081 953
12 1 26529 413
9 11 39578 50
3 5 68305 53
10 13 9839 93
11 2 23247 61
3 20 15047 338
8 16 14339 194
15 5 4788 54
7 19 4650 291
14 3 4585 165
5 4 38498 413
13 2 76606 61
1 4 15958 964
6 19 21031 118
17 2 17951 244
10 15 55629 605
17 18 68257 17
11 3 91139 27
11 8 45028 67
6 16 7410 943
5 19 37270 200
16 8 13214 642
15 16 18752 251
17 14 69457 71
10 5 9465 76
17 7 45336 300
9 19 57925 577
19 12 9449 112
19 6 4750 259
6 1 11765 98
2 13 8223 623
13 8 34393 75
16 14 15558 124
12 20 21151 871
3 1 7171 24
1 7 169467 190
13 17 12462 176
12 18 6563 132
12 2 8500 108
17 5 27420 124
1 2 130700 39
17 4 16970 30
2 8 76225 124
1 11 5147 133
12 14 8726 243
5 3 10295 336
9 3 18054 187
15 1 2731 32
3 15 11824 246
15 6 11488 95
10 2 11636 65
2 10 53824 588
11 14 4716 1032
13 18 13004 40
13 6 53421 279
4 19 9745 129
11 13 36053 101
19 16 19412 26
5 13 44893 304
8 60
9 7
17 180
13 49
4 245
2 26

8167819
