20 99 3 3
1 5 19846 944
1 15 25012 179
1 5 4090 646
1 9 13377 133
1 10 19734 403
1 8 30413 1031
1 19 39105 32
1 2 7563 41
1 11 16079 755
1 2 5647 67
1 16 13547 35
1 13 10767 237
1 8 345642 32
1 4 16664 108
1 11 15279 449
1 16 16300 76
1 13 20297 289
1 14 33559 658
1 12 18651 163
4 10 47735 36
13 2 40815 175
4 6 85242 250
5 7 82448 50
18 15 9589 421
9 13 16768 104
16 13 23800 77
18 14 4440 30
6 19 21996 118
14 17 67874 1026
13 12 50263 167
13 15 3481 34
5 1 18532 267
7 9 47588 348
11 17 14764 63
5 19 19749 27
14 13 68430 109
8 13 34873 98
3 14 2120 48
3 17 2998 222
7 16 15293 54
4 19 78800 1232
7 15 25944 607
11 2 15164 162
14 6 32053 859
10 20 29967 99
14 10 5147 480
7 2 25587 122
13 18 42848 266
6 18 24148 236
11 14 39406 224
4 12 51605 1196
6 17 11785 150
2 1 20870 250
16 6 50735 356
10 11 54425 81
1 3 7596 426
10 9 6957 96
17 13 2617 139
5 20 12949 265
11 5 12853 102
3 10 32165 370
10 7 17950 614
13 16 21492 25
15 11 9101 749
15 13 14858 192
11 9 60251 1176
3 4 24662 169
14 8 58350 910
14 11 30533 287
4 16 40444 392
2 19 6305 125
20 4 14156 376
4 7 22390 125
16 17 15937 35
17 2 38279 76
19 17 31380 423
13 10 20706 453
12 10 4761 459
17 15 19943 135
8 4 15664 112
19 11 74435 157
7 5 59298 146
6 3 85035 130
7 12 25258 56
20 15 63848 184
9 10 15351 404
7 8 20373 48
3 2 7099 43
5 13 4245 130
12 3 46621 64
13 8 4512 486
2 3 12142 813
17 7 5400 96
6 1 21825 528
7 6 26713 381
11 16 37454 268
6 15 5562 124
6 12 1622 146
5 9 20764 883
1 280
7 304
13 7
15 407
10 266
2 609

11286198
