20 99 3 3
4 13 9483 192
4 9 148419 44
4 1 8508 109
4 18 15452 126
4 2 22229 334
4 20 18798 691
4 3 10337 189
4 15 144455 69
4 12 133389 423
4 6 12911 36
4 16 50320 37
4 8 38822 158
4 17 14503 472
4 11 40717 145
4 5 69746 30
4 14 37138 173
4 19 15761 207
4 7 2537 86
4 10 11458 90
11 2 27426 392
18 19 19901 990
8 9 5613 24
19 20 10721 362
15 11 65416 63
16 4 48622 364
8 7 106733 74
8 6 31574 2600
9 11 18892 19
16 7 110750 460
11 16 30202 462
12 18 17754 121
5 6 35483 311
10 18 110746 610
1 12 37427 110
20 3 12873 35
10 16 48757 66
11 4 58210 33
17 8 54155 1521
10 17 26683 38
10 13 39629 1536
13 19 18895 156
7 9 7163 511
7 17 5426 122
17 1 72996 122
12 4 2952 92
1 3 9335 615
12 5 159951 389
10 14 29939 12
13 11 35190 42
14 2 27680 177
5 4 3015 85
14 5 84159 155
3 19 22588 601
3 10 7990 182
16 6 5227 44
7 19 27838 505
8 14 18844 147
19 15 42257 98
1 18 34722 166
14 17 9854 366
17 16 27326 74
15 9 42017 66
1 15 7002 31
19 9 133443 319
2 7 38355 133
8 5 15062 686
18 11 21036 286
9 18 34296 259
3 6 30351 180
14 8 3770 171
17 2 6041 285
1 10 37786 463
1 5 11198 55
16 12 113235 119
3 20 17820 13
18 1 29814 172
16 13 69515 109
1 19 46128 270
20 1 14788 226
17 5 39144 174
11 17 16168 44
16 3 6393 27
9 3 36043 79
18 20 7128 614
5 16 99320 1719
11 12 19454 77
11 5 38323 181
9 1 14838 52
8 10 30594 156
20 6 14762 144
13 18 24254 20
13 3 16179 113
12 13 23976 300
12 14 10921 117
1 11 1004 144
2 10 28432 432
8 17 34103 303
11 14 30928 205
8 15 71291 67
4 247
8 40
1 8
5 38
19 192
18 23

3922952
