20 99 3 3
3 15 22058 179
3 1 16250 256
3 14 5934 46
3 20 18959 29
3 6 16513 380
3 5 113050 366
3 8 58919 217
3 11 55484 1084
3 4 49294 66
3 4 6491 452
3 12 124303 863
3 10 25671 101
3 20 32633 918
3 1 9150 89
3 6 68305 84
3 16 21107 41
3 11 12103 45
3 13 6231 2304
3 16 39741 19
6 8 63174 172
5 12 50134 55
5 18 32799 287
14 19 99187 56
9 4 40772 223
20 7 18795 199
16 11 9756 40
20 4 135861 1559
13 1 156817 625
18 15 26889 86
11 5 23181 41
12 19 8020 229
11 19 72149 324
7 10 51616 393
1 4 22293 97
5 6 49135 441
7 18 2561 116
15 1 75605 46
12 18 11295 428
11 2 32424 31
5 17 45643 133
9 10 36948 27
13 16 9417 70
8 17 18383 1003
8 20 24780 456
18 3 48694 519
11 15 48890 137
9 13 102109 233
6 14 17527 436
10 9 23224 495
10 1 47273 65
9 12 29204 20
2 1 9701 17
16 3 9564 735
13 14 21401 126
20 14 3022 52
7 19 64984 152
14 7 34076 679
1 12 70258 502
11 13 24867 195
13 2 11768 156
7 2 5973 16
6 18 1175 79
6 4 40062 175
6 19 15828 1549
7 14 10688 270
10 19 11172 81
4 1 18287 392
4 10 4855 62
14 3 49071 645
17 6 44618 780
13 4 27596 182
8 4 5568 276
9 5 18136 39
8 18 29242 232
8 6 13524 158
16 8 25522 176
13 7 68901 209
19 20 11722 53
14 8 11805 260
8 2 36207 186
20 12 68226 524
5 19 6647 1414
8 14 12481 75
20 2 37801 61
5 4 10228 36
5 1 55690 16
15 6 36913 297
2 12 112709 199
11 7 50657 945
18 4 9034 25
18 20 15789 205
12 2 5355 175
17 16 70654 218
5 15 31770 22
1 5 18547 262
5 3 17715 198
10 3 22811 49
20 13 24292 138
19 9 22686 200
3 912
5 63
8 70
4 329
1 1197
19 171

15863912
