20 99 3 3
4 19 88719 182
4 16 18799 198
4 3 13624 110
4 19 38140 52
4 18 9047 63
4 12 17166 60
4 13 32722 18
4 2 44975 179
4 14 59444 211
4 7 90439 36
4 12 54938 580
4 16 160655 201
4 8 97240 42
4 1 14639 195
4 7 151081 246
4 20 15757 256
4 8 51760 154
4 1 8088 51
4 5 33521 229
10 8 11062 324
15 16 11059 20
1 2 2654 336
13 14 34937 185
11 6 81289 102
15 10 70238 29
10 11 5384 194
12 13 42956 132
13 10 74265 405
18 16 51464 123
9 15 26600 497
8 17 19254 81
15 18 112536 210
16 8 4036 176
16 12 52355 18
1 12 37615 130
14 16 5029 56
17 11 45097 403
9 11 9325 187
2 17 4803 96
3 19 17167 207
17 13 48313 146
6 8 10930 290
18 6 23329 418
1 4 5958 145
20 4 300415 123
15 3 16401 37
5 19 2647 23
11 14 12682 68
11 13 19001 324
4 11 2705 289
10 14 19493 341
5 7 22637 229
10 19 90091 157
14 9 59137 94
5 18 41302 99
16 2 5787 479
7 2 15209 409
2 11 40873 54
12 11 14550 17
9 4 14605 80
3 15 32139 39
12 5 3033 74
16 19 9017 91
19 15 42511 323
14 6 77221 267
19 17 19773 111
12 19 13333 98
13 19 59923 315
18 3 8146 802
9 3 24569 28
2 12 24985 175
6 4 26932 123
17 3 44453 325
1 9 37936 239
11 20 23588 63
9 6 26356 430
3 7 4403 329
14 2 41036 156
6 9 13133 97
18 10 10380 136
2 8 21241 117
3 4 28467 39
12 10 12522 435
12 18 32371 41
16 20 2509 50
15 14 5914 415
14 7 18266 120
15 17 64991 15
10 7 65331 29
12 15 19539 392
14 19 23932 246
2 5 6815 62
16 10 31951 335
5 16 71150 71
10 20 15528 150
8 9 6682 624
16 9 5619 193
3 9 15613 295
14 3 21411 373
4 420
16 63
14 56
19 187
11 271
9 425

5401396
