20 99 3 3
4 12 5165 55
4 1 3708 318
4 19 30798 37
4 11 3946 37
4 14 42654 67
4 19 24386 367
4 16 31207 97
4 15 7230 106
4 15 57430 31
4 19 12937 91
4 16 26005 88
4 16 35506 88
4 17 86031 175
4 5 28219 576
4 6 15180 507
4 10 62733 89
4 9 23822 282
4 12 3606 495
4 17 12545 1052
18 14 16263 20
16 17 15513 360
11 6 141496 29
7 4 18604 341
18 5 42660 137
15 16 10850 569
3 7 18332 680
13 2 78530 42
1 8 22442 629
9 14 9591 176
10 9 35110 173
14 9 7438 32
12 19 80331 143
20 1 17333 488
7 8 9740 1059
3 12 50794 187
13 15 8411 154
1 4 19824 85
11 10 75347 951
6 10 26015 113
15 18 20885 52
2 8 15429 44
18 3 37641 136
16 19 9278 92
20 13 66219 8
20 12 2515 121
9 6 18604 79
20 3 6503 193
15 10 203738 114
2 19 38060 146
12 17 37741 170
3 4 58047 96
9 4 49774 173
15 19 24186 143
18 16 14302 142
10 18 23823 199
5 4 13888 680
19 8 26310 64
2 15 189475 67
2 1 33138 217
19 4 63900 121
9 8 15723 74
14 5 7593 127
12 2 11092 84
11 20 17122 49
14 3 3931 671
4 2 14828 133
12 18 9617 286
7 5 19225 90
9 16 8443 245
10 4 27543 38
11 5 155279 321
2 6 18862 26
8 7 16149 80
16 15 12450 103
10 3 37616 25
12 13 26107 279
7 1 37635 776
10 16 48488 180
1 19 130602 2984
18 17 28785 98
11 4 18919 296
15 13 3026 353
12 5 166456 149
13 20 13264 10
17 3 6008 366
7 9 35670 432
5 15 262894 14
18 12 20375 454
7 13 20426 133
13 10 6997 269
17 8 9526 402
12 15 29999 109
8 11 110226 219
6 7 5551 44
17 11 30034 160
12 14 9137 159
17 6 16297 207
13 1 28587 239
14 13 103635 224
4 80
12 16
18 102
19 153
16 163
15 100

2419908
