20 99 3 3
18 15 17139 23
18 2 45437 654
18 15 4734 240
18 17 84351 224
18 20 6115 96
18 20 13836 288
18 17 2059 155
18 12 18727 230
18 15 56315 1447
18 9 125776 109
18 5 19545 90
18 15 7367 154
18 2 33353 55
18 6 22343 578
18 3 19494 114
18 11 4580 228
18 14 38982 53
18 9 8515 21
18 12 38059 346
4 10 16530 371
13 1 25785 104
3 11 33428 103
20 6 6009 54
6 1 15215 120
2 14 83220 51
16 1 11412 333
11 17 293296 26
4 3 226736 437
1 4 11710 141
9 19 6571 37
6 14 110623 242
18 10 12703 265
12 4 341766 149
19 12 15395 85
3 18 28321 158
11 10 29808 671
18 19 47800 448
19 4 29630 860
15 7 88444 52
19 8 13562 234
7 13 75488 139
20 4 45085 37
3 9 105443 130
11 12 19766 179
4 17 6456 38
4 9 81174 88
4 8 387371 329
7 5 47072 251
8 4 59488 82
13 17 23787 61
11 5 8778 671
9 3 19256 109
15 12 8341 53
3 4 57265 207
15 9 8925 83
9 2 5235 112
10 2 4547 95
1 20 22600 372
14 6 10656 62
19 2 106727 32
5 10 18085 297
8 11 120567 137
18 16 9803 180
11 8 75158 135
16 7 14314 13
10 15 53195 43
15 1 20970 79
7 8 37871 59
3 5 56614 159
16 3 43765 140
5 11 41535 90
7 12 20777 435
11 16 9806 239
6 7 41275 28
16 13 18050 149
6 18 20117 120
17 9 59535 38
5 1 101769 94
1 5 25308 344
19 9 36912 178
11 6 36283 29
2 9 6149 82
5 16 29487 62
3 10 16926 928
20 5 228005 66
17 8 33806 265
5 20 53231 469
14 8 25690 336
5 17 71421 172
16 9 19921 71
3 15 20648 142
3 19 7273 722
16 14 53260 155
20 2 5849 43
19 20 23443 591
7 16 31569 117
13 3 54244 29
2 3 68668 1174
9 12 11711 64
18 110
3 224
11 56
9 146
12 1274
17 42

7901199
