20 99 3 3
3 8 45521 63
3 16 3203 121
3 7 25071 300
3 12 12895 77
3 18 57334 24
3 18 42935 120
3 18 20464 270
3 8 58203 205
3 2 4210 136
3 14 10472 76
3 18 2341 146
3 4 121992 57
3 13 23393 61
3 16 36825 170
3 6 1627 617
3 5 6700 564
3 18 56955 139
3 2 8058 109
3 20 364850 137
13 15 29735 724
1 14 17032 53
13 10 50222 116
15 13 82272 295
4 13 39238 452
9 13 8807 77
12 6 45810 62
8 15 59597 131
4 19 9207 200
17 16 21930 36
19 1 4338 883
16 17 96244 44
9 6 6154 307
13 18 45073 213
20 5 12996 460
17 3 6299 201
2 19 35734 347
16 18 33585 299
9 10 34178 108
4 14 7135 38
20 12 3067 91
6 14 12747 681
6 8 284832 42
8 18 11767 91
7 9 20932 77
2 18 36333 219
13 2 10002 56
1 2 3753 1265
8 19 5329 224
14 3 18118 118
17 2 6338 64
3 10 184836 168
19 6 29620 404
14 1 177971 64
7 14 42691 44
18 4 2416 147
18 14 22624 154
10 2 6171 152
4 17 16276 373
8 16 8282 1068
15 12 32220 57
11 5 65331 397
19 16 17338 81
16 15 23195 78
13 9 15679 103
10 9 67846 13
10 15 8042 152
6 3 93760 128
10 12 6579 27
13 7 98858 741
8 6 373846 23
15 4 19928 79
18 16 32018 47
5 19 75135 85
8 17 8177 529
9 3 87269 48
5 11 13679 92
17 4 40616 75
10 17 22752 22
2 1 25175 126
14 5 23452 98
16 9 27537 232
1 12 30447 105
11 8 24710 47
16 3 23607 125
7 10 24954 217
18 6 68373 419
20 14 15804 137
3 1 34716 241
19 5 19625 114
7 8 26238 7
14 18 47004 907
16 13 18452 218
1 8 26220 39
18 11 6807 204
1 16 163866 429
12 19 65569 216
16 2 12854 25
9 17 35060 70
7 1 1574 143
3 42
16 35
13 6
18 5
14 42
2 53

983557
