20 99 3 3
18 10 5776 433
18 7 13633 162
18 13 46732 113
18 8 14062 891
18 14 45848 58
18 2 5253 117
18 17 16021 295
18 12 30836 95
18 6 11596 126
18 5 4736 146
18 9 14440 155
18 3 6429 253
18 15 39612 645
18 20 16413 310
18 4 9393 623
18 11 61848 37
18 19 16222 22
18 1 4200 261
18 16 32678 90
14 5 64373 66
8 10 29047 441
17 15 50721 39
2 5 12450 1719
19 20 32367 1063
3 18 17959 35
12 3 17116 206
5 15 15388 64
13 12 8032 400
11 6 35908 21
9 10 72313 25
20 14 22009 173
3 11 32121 100
4 3 25016 247
7 8 13670 133
5 19 38315 486
8 13 52390 180
19 6 2693 54
14 13 9194 32
14 16 12017 226
6 15 7215 17
3 12 14711 512
20 5 13113 406
2 8 8561 173
11 20 12133 150
19 8 3797 168
16 6 29977 342
4 12 76828 933
1 14 24957 119
6 14 6316 236
19 15 23607 151
7 14 25776 51
10 18 39473 215
10 5 65703 70
14 20 194950 243
17 12 35826 97
12 16 2653 718
12 14 15571 403
1 6 20036 131
4 16 39521 193
13 19 135582 21
7 2 106300 88
8 18 52961 123
20 10 6204 210
20 3 8011 322
5 16 102159 368
8 7 7614 337
14 1 5024 93
6 4 32814 269
13 2 23439 98
12 17 13132 83
11 4 13097 18
14 2 8476 329
2 19 23417 316
15 18 215421 234
11 2 11619 77
19 18 9274 146
6 18 10974 251
19 16 107623 521
19 1 6795 369
20 18 10613 27
2 10 5177 234
1 5 7711 52
5 12 54027 564
19 7 57521 230
13 15 6308 71
16 17 32904 81
7 17 14709 84
3 6 28548 203
11 5 34626 1781
11 8 125819 96
14 4 17235 16
13 7 65857 43
5 2 29016 145
19 11 4274 151
13 1 46491 38
10 11 43882 5331
16 4 60878 505
12 10 55889 107
12 11 44899 427
18 38
19 45
14 49
5 6
16 46
15 50

1399860
