20 99 3 3
8 10 77306 89
8 13 10449 554
8 19 42218 290
8 11 25270 665
8 6 22597 81
8 5 46565 173
8 1 21395 483
8 15 23414 800
8 14 89336 38
8 20 5338 16
8 16 44819 93
8 18 5301 416
8 9 50530 158
8 17 33582 168
8 4 3787 480
8 12 19207 281
8 2 31803 274
8 3 36803 206
8 7 60931 53
13 15 29592 1491
9 6 62592 64
19 18 5543 80
12 8 25626 69
7 9 12086 239
15 11 107848 283
6 16 6974 177
10 15 58464 251
7 5 41926 10
12 10 2052 237
16 2 6266 665
9 3 30373 199
16 19 36325 77
15 14 45798 1630
7 19 34935 246
6 20 96268 85
19 6 7671 53
19 17 8000 988
13 16 10654 194
2 13 10001 129
4 11 72925 126
15 13 26159 113
1 18 42681 247
9 19 13256 395
14 6 129450 35
3 5 3285 112
3 12 18715 51
18 19 10213 199
2 11 12964 432
19 4 18272 143
14 2 36522 41
15 19 28454 92
13 6 108905 107
12 7 150504 187
11 10 37746 169
10 18 2541 235
4 19 190726 192
14 1 229679 539
11 16 22949 124
7 6 37827 23
11 9 113199 27
16 1 50747 176
11 12 32832 70
15 10 18660 77
19 13 198060 1114
10 20 71215 71
15 9 18467 56
18 13 18480 3472
11 13 73593 8
16 18 102568 253
1 11 7442 212
20 5 26547 73
4 17 89754 513
18 12 9234 201
5 8 12845 62
9 8 2457 289
9 1 111967 67
7 1 34262 286
6 18 16013 111
4 8 30152 120
10 19 36106 207
10 5 22145 42
11 5 8693 143
14 18 20692 52
11 4 3794 114
4 18 48765 247
14 3 18142 1029
4 10 16652 399
7 18 45931 221
15 3 5938 754
2 1 131978 160
16 12 8659 53
12 4 28307 363
1 7 2769 178
18 10 34028 75
14 11 279098 588
16 3 19117 47
19 1 4534 215
1 14 35555 208
7 4 35887 1083
8 133
15 119
11 35
18 34
19 57
1 26

1585780
