20 99 3 3
4 10 34306 57
4 2 41227 69
4 5 19927 195
4 5 9921 214
4 5 94353 138
4 9 66127 69
4 13 19130 311
4 11 69751 140
4 19 29497 352
4 9 43186 548
4 1 13482 221
4 2 5928 658
4 5 22335 210
4 7 9492 28
4 9 7573 337
4 8 12692 45
4 13 41089 202
4 13 38823 34
4 20 50311 87
12 19 51404 175
17 18 27659 130
18 19 11627 94
4 14 18726 132
14 8 62051 28
12 2 2981 107
17 7 90824 516
2 1 22439 33
13 6 15316 35
16 11 7213 137
10 11 22950 438
15 1 6637 20
16 9 7806 136
7 2 19469 41
12 16 12338 263
10 19 5021 34
1 17 38464 84
19 14 16041 49
14 4 11902 72
5 10 25972 156
14 10 26641 53
7 14 27898 19
20 3 9880 119
2 10 11061 97
2 19 23034 73
5 11 21021 546
11 20 14334 266
16 15 9230 63
15 12 13502 76
9 4 11498 115
7 17 18756 1070
20 9 67369 458
16 13 50160 72
9 11 10955 69
5 4 8287 112
19 11 10741 873
2 6 19677 59
5 20 7889 999
17 6 43719 133
8 19 9081 799
5 1 18819 53
5 19 15266 394
1 19 76404 76
3 1 10010 49
6 16 8529 169
14 12 50293 130
12 20 4433 16
6 12 3617 21
3 11 55481 124
3 6 61258 246
4 18 20573 203
1 12 44811 409
3 14 22116 373
20 10 17301 489
13 5 17449 617
17 2 14808 398
3 16 39402 254
9 3 21207 136
11 18 13174 62
15 3 7699 538
7 4 65486 309
1 14 29412 77
3 5 45380 498
2 17 62375 85
17 5 11421 306
10 7 193128 22
18 5 12307 85
2 16 15396 19
14 2 8604 192
19 13 26105 89
10 6 18906 80
18 7 251155 1206
18 12 30029 98
10 4 25300 95
10 13 73199 105
6 1 13574 312
7 5 80146 69
9 14 33642 276
9 8 6121 207
12 1 110490 296
4 105
10 30
5 12
19 4
11 15
1 202

2255232
