20 99 3 3
13 18 20033 57
13 8 9984 426
13 3 34107 57
13 9 12723 1378
13 17 12153 77
13 12 5556 23
13 20 40626 284
13 16 31051 183
13 15 15186 187
13 1 18179 86
13 11 68761 267
13 7 121203 106
13 4 34915 536
13 19 34965 205
13 10 3816 91
13 2 8839 32
13 5 4252 463
13 14 29446 92
13 6 31863 71
8 17 76530 323
1 12 196767 1414
18 3 40490 363
19 12 28596 104
19 10 50470 190
19 17 10814 32
4 17 16520 148
7 12 58642 2040
18 9 12702 833
5 9 41429 60
12 15 45006 398
18 7 16299 931
12 10 57631 492
8 19 120604 35
4 10 17886 63
14 13 16397 332
10 6 79949 213
17 4 42666 271
5 6 126813 57
10 20 4302 1178
6 8 15350 1096
15 13 11514 665
9 19 6001 245
7 14 40779 389
12 19 26987 68
19 20 22945 115
2 14 4750 90
15 14 51261 132
14 11 19011 95
11 5 8482 397
10 1 51353 154
9 11 6221 42
5 3 14611 361
1 20 19612 142
9 20 17348 152
15 1 34430 1097
6 18 19234 123
16 2 38414 384
17 3 15933 42
11 10 12294 26
17 9 20240 272
11 15 23256 50
3 1 50639 204
17 12 35601 196
5 15 3121 43
17 7 31907 568
14 2 19800 23
20 3 49900 157
15 3 51646 27
19 14 48913 24
11 16 59352 274
10 16 134134 142
16 10 5945 1312
12 1 16140 1586
5 12 2645 43
3 6 7253 87
4 12 19884 75
20 1 12293 1066
16 19 16771 46
17 6 15071 376
3 9 14522 82
3 7 5113 381
20 2 55863 154
12 6 6230 702
20 18 24869 187
19 6 20168 247
8 13 26570 383
9 5 14511 25
19 15 3756 194
15 2 8682 2637
9 2 43458 189
8 18 47100 249
19 18 15127 179
8 20 74954 83
14 1 34746 230
20 13 25213 388
9 3 4304 223
3 5 14669 107
19 11 2552 51
5 19 13758 46
13 76
19 90
17 36
12 9
6 51
3 130

3474713
