20 99 3 3
12 20 88716 130
12 7 33599 140
12 17 20693 262
12 11 10099 271
12 1 10480 3176
12 14 43693 1064
12 6 13402 78
12 8 11599 97
12 3 33500 419
12 19 3870 218
12 15 41221 36
12 5 12272 153
12 4 9448 59
12 13 28621 87
12 18 6515 101
12 2 18439 199
12 10 17948 256
12 9 19028 110
12 16 1347 681
11 14 28206 27
20 1 8561 262
4 5 42648 170
10 1 36757 419
1 12 37991 85
7 11 41745 268
3 10 3568 96
1 13 24793 112
20 4 128039 322
18 5 13442 71
4 20 16487 110
19 16 8225 125
1 5 2014 255
19 4 31735 17
2 3 14068 67
15 10 7703 3191
1 20 4435 188
5 4 23048 1042
9 7 121550 183
19 10 16722 70
18 11 29931 482
4 10 21297 29
14 3 33923 67
8 11 17245 80
5 19 27402 304
18 7 31176 90
5 11 13072 601
11 12 77658 588
4 15 3188 89
5 1 75513 49
9 20 260562 708
13 20 1140 695
11 8 8631 278
18 1 57526 108
18 20 7599 99
16 13 40843 108
14 9 27061 243
19 14 19517 291
4 14 46843 59
20 7 9964 446
2 19 11401 91
9 3 50821 2926
9 16 20723 417
20 18 36668 252
9 8 11449 192
18 10 26251 13
11 7 67908 1063
2 20 44506 242
8 15 24905 350
10 11 10709 45
2 12 33938 687
9 6 20990 155
20 6 45516 256
11 9 78670 163
11 4 11607 122
13 3 44843 65
11 20 10219 39
20 14 36725 106
17 1 9623 18
20 10 2385 200
6 2 102308 92
13 11 28279 357
17 14 83088 132
20 16 25860 38
11 3 9146 718
8 2 22181 25
1 14 9541 608
13 2 36397 137
18 2 12770 74
16 17 52997 24
19 6 4864 92
6 12 11649 467
3 17 6194 166
2 18 221677 48
17 13 143816 593
14 19 74835 186
8 9 34796 201
3 1 9157 60
11 10 13073 878
13 5 8482 488
12 209
11 27
20 32
10 29
14 26
1 70

1317554
