20 99 3 3
11 13 26750 126
11 1 13050 183
11 17 38397 224
11 6 4486 16
11 8 29855 453
11 15 14706 67
11 10 24378 181
11 9 176598 1199
11 2 45090 59
11 4 21197 315
11 5 28343 18
11 20 20446 507
11 3 27381 627
11 12 2548 146
11 7 18113 52
11 14 55515 80
11 18 7215 266
11 19 44185 694
11 16 7028 94
6 13 5942 835
7 9 69930 25
7 10 34375 93
15 17 76707 242
15 14 42254 262
13 18 3663 228
12 7 35094 527
12 10 13551 811
9 14 20805 778
18 3 4558 160
12 13 21701 256
9 4 64274 297
2 17 3658 64
14 3 8386 1293
6 9 2354 75
5 9 16051 113
4 8 45494 28
17 20 7640 177
20 19 15184 243
6 3 97996 407
19 12 18532 55
18 1 26003 293
3 9 46741 70
17 7 17835 178
18 20 19718 24
1 16 13926 1369
4 5 53401 170
9 11 16897 68
8 7 161461 157
16 15 90800 203
15 6 21329 44
17 13 44566 101
10 18 26092 314
6 17 6685 41
12 5 27639 64
19 13 3636 82
18 5 21330 208
13 3 173739 165
15 16 44077 72
16 18 46058 104
4 14 3676 344
3 10 3381 227
8 15 27031 99
2 14 40365 243
8 14 3389 66
14 13 25020 118
19 5 69812 75
15 8 14819 463
10 9 46310 205
17 12 40218 83
7 5 41133 145
6 10 47170 98
9 10 11253 208
8 12 48687 558
8 16 17172 171
6 19 7762 35
15 12 80741 166
13 7 1881 131
16 5 50567 240
1 7 7126 152
14 6 175208 60
6 11 26649 120
5 2 13045 865
1 5 38595 288
17 8 26335 188
18 13 19614 114
17 18 7650 168
20 8 23886 129
3 4 11377 332
7 14 11623 738
16 4 23044 231
9 19 3331 72
2 18 21447 73
19 10 12530 627
2 10 8705 324
5 15 5723 29
7 3 11981 46
2 19 39859 178
15 10 18381 1240
16 6 38879 683
11 57
15 119
6 21
10 49
5 67
14 24

3217926
