20 99 3 3
17 12 32830 1066
17 8 21561 49
17 6 11353 93
17 5 53296 102
17 18 277118 313
17 16 52076 168
17 1 73020 399
17 13 9413 394
17 14 17400 143
17 9 43071 129
17 3 38673 45
17 2 4351 188
17 4 2403 434
17 15 14829 151
17 11 48526 2613
17 10 846 285
17 19 8113 287
17 7 7365 38
17 20 16952 46
4 13 24270 373
9 4 2344 161
11 20 6312 472
3 7 56042 91
11 9 8093 690
11 12 34882 378
15 9 27510 23
12 8 19390 367
2 16 19568 1435
10 12 73383 2330
4 7 24989 78
18 10 1793 57
3 14 7170 71
16 14 249769 55
6 3 37336 333
1 7 9026 85
14 10 94954 61
13 19 32558 143
15 2 19497 390
6 14 46967 189
15 1 5583 243
19 6 84698 205
11 16 40558 229
11 6 68199 48
12 10 10935 71
14 4 83071 174
16 11 28313 233
16 5 5360 97
4 18 24623 69
10 16 4711 297
8 12 9813 28
12 3 27256 198
16 3 4760 180
18 9 5146 435
14 11 23032 111
11 13 64388 72
4 6 88650 29
2 11 73327 346
2 19 24393 126
3 8 5694 81
15 11 19089 136
16 6 202079 573
18 15 51554 306
3 9 29124 472
19 4 33750 87
14 7 94568 322
6 7 11057 70
12 1 59984 514
10 13 16215 403
1 19 37794 102
13 9 10767 209
13 11 19403 30
9 5 2204 122
13 4 164256 189
20 4 17537 160
4 10 14642 151
3 20 1235 41
5 10 7242 33
14 5 91898 173
11 18 23684 75
13 20 105526 182
15 4 8201 247
5 11 21005 124
7 9 27400 433
1 5 29413 264
16 10 11050 35
3 15 49558 95
8 2 60632 517
18 5 37217 345
12 16 18210 68
13 7 112733 24
12 13 12368 1215
1 8 50082 222
8 13 5966 30
5 3 11888 155
7 8 4498 1184
16 8 53065 55
7 2 12872 248
5 1 67107 96
7 5 53145 141
17 247
16 63
11 56
10 36
9 34
7 29

519203
