20 99 3 3
7 5 65020 385
7 14 23853 31
7 16 60440 268
7 18 44575 44
7 11 8213 747
7 9 4821 195
7 13 109225 482
7 18 21125 99
7 14 14880 157
7 16 52946 49
7 11 92309 14
7 13 32068 89
7 2 13607 491
7 15 85438 153
7 18 46763 269
7 14 26770 99
7 12 40068 222
7 10 25833 197
7 1 16983 648
14 2 4185 318
3 16 51130 211
6 12 42470 257
5 17 36906 61
17 10 19983 91
1 3 21135 170
6 14 64576 45
13 10 9803 54
3 7 6370 229
1 15 15628 432
1 8 20479 144
18 12 32754 76
6 8 17921 396
2 8 60279 32
4 5 50021 117
12 14 11825 100
12 5 13946 127
15 9 107998 41
19 14 23903 41
7 19 109830 245
18 14 76733 336
3 2 32816 150
4 10 13923 74
1 7 28816 134
5 9 40947 127
16 2 23413 349
8 11 18433 107
11 12 6268 284
19 15 14176 230
6 15 12552 253
12 17 16874 222
5 12 3631 107
8 6 25420 32
6 11 8819 234
5 15 16375 97
14 5 108515 223
13 11 53428 207
4 1 6522 60
4 9 28542 108
4 14 43016 100
6 17 33610 60
9 16 4340 70
10 4 15584 31
19 11 11493 400
12 18 17684 144
10 16 37909 101
14 20 77615 55
15 5 22024 126
20 10 7771 104
14 8 11877 70
8 10 43248 471
10 6 21702 75
12 7 11744 283
12 11 10013 157
13 19 63250 90
20 1 57877 599
8 18 34531 238
13 4 64485 592
3 11 2854 170
3 1 30509 34
2 19 4787 80
19 3 5190 421
1 10 80559 338
4 16 11874 237
18 8 18767 814
4 13 35333 127
14 11 15045 130
4 15 20111 126
14 4 5547 611
5 4 81198 95
9 4 4246 269
5 19 200344 233
13 2 3426 59
13 14 9336 24
10 19 20300 13
19 5 65299 185
2 12 33672 82
7 3 36853 20
9 17 8854 40
18 16 19308 436
7 126
4 80
14 270
11 31
16 246
10 558

9068022
