20 99 3 3
8 20 8553 30
8 1 7657 103
8 11 26671 112
8 9 89104 168
8 16 20016 39
8 4 35896 33
8 17 78495 78
8 2 74737 290
8 10 2309 6
8 18 9425 80
8 19 10833 660
8 13 3605 120
8 3 6773 131
8 14 14746 353
8 7 57636 162
8 15 4713 840
8 6 56199 156
8 5 33125 65
8 12 7550 159
13 3 18982 254
6 18 41713 61
13 15 24294 62
12 15 105418 104
2 9 22481 96
7 13 65412 210
15 7 23034 16
20 8 6870 221
16 1 6335 223
9 6 8936 190
4 8 5220 74
16 6 41285 214
10 5 3235 16
12 14 14467 80
5 10 8403 20
13 14 48494 977
3 8 47142 499
7 18 54439 450
2 18 124730 521
20 13 17266 680
16 3 7029 87
18 7 12544 71
5 3 102740 158
14 7 13538 383
5 19 60432 77
19 8 17532 55
15 6 26350 75
14 15 118268 149
1 9 2024 228
6 3 8254 282
17 1 22038 321
1 2 32958 397
6 8 11616 37
20 16 3134 248
11 16 39735 143
11 2 25897 232
15 10 13647 233
20 15 65966 55
3 7 6989 385
13 19 31740 39
2 16 22583 80
1 5 7946 135
17 19 37720 117
10 7 6413 635
11 8 96223 229
15 8 37090 328
15 19 50926 39
13 2 9413 21
12 2 7834 37
17 4 48630 58
14 10 36173 1067
2 20 34718 36
12 17 18048 28
10 18 43475 683
6 10 2716 253
20 19 66874 672
13 16 7540 46
17 18 1344 22
6 16 5219 121
7 12 15523 236
1 3 185768 47
3 9 27576 105
3 2 7600 513
13 5 17270 167
7 17 49169 188
9 14 10882 102
19 3 41535 196
19 6 72785 119
2 14 5924 109
16 15 438640 166
4 20 51135 170
1 15 66929 1063
2 7 13562 174
19 5 11086 39
7 15 37210 84
11 13 40248 96
16 14 35630 224
14 5 54836 132
6 17 10465 1097
3 20 12353 209
8 190
13 21
6 36
15 17
7 31
3 79

895745
