20 99 3 3
4 14 41194 498
4 19 26823 59
4 17 20038 125
4 18 78637 664
4 15 25112 323
4 5 26372 469
4 2 35912 565
4 10 3757 126
4 9 25535 350
4 11 17487 74
4 6 9425 81
4 1 10791 222
4 20 61639 252
4 3 12791 46
4 7 27231 334
4 8 3769 158
4 13 16474 23
4 16 19643 203
4 12 22426 185
8 4 26294 76
16 13 10193 8
5 16 9927 186
16 3 6383 87
18 9 7887 103
20 2 7346 150
18 8 4887 63
7 10 90606 503
14 9 22879 360
11 8 141623 140
18 19 14033 136
5 2 4397 68
10 9 43472 764
6 15 5259 123
8 20 4197 35
14 15 61835 53
13 10 6394 519
19 6 12488 308
19 20 54870 720
11 14 5081 116
7 15 5975 341
6 7 19273 557
2 12 201959 193
12 19 3516 1454
16 11 11154 77
9 5 140460 298
17 3 31959 74
2 20 11316 149
20 16 22913 314
8 1 6830 61
9 6 76996 154
19 13 29794 177
5 19 76157 561
19 8 12628 542
15 18 78785 197
2 6 30080 170
16 18 41742 895
1 16 20367 203
11 15 22224 88
8 19 33291 68
1 10 21150 67
15 17 54621 59
16 10 38973 39
18 13 10603 94
11 16 13683 444
6 17 20198 407
17 16 6395 112
10 13 11568 235
15 2 46087 98
20 3 14462 126
19 10 52213 394
3 9 15137 189
14 17 35376 295
1 5 12482 470
9 20 35880 472
8 7 25350 143
13 12 10703 477
20 8 3552 134
3 19 128682 184
6 19 3738 257
15 8 8578 131
12 5 51466 198
3 1 6001 275
7 11 20270 123
3 6 46563 273
13 11 231664 235
2 16 158382 102
3 16 25140 190
7 8 17798 202
19 5 108496 93
13 1 63519 270
15 7 33714 374
5 13 83376 51
19 18 100669 142
11 2 7077 118
3 18 35991 13
11 20 6866 42
9 15 54664 291
19 9 54194 373
11 6 20604 113
4 57
19 32
11 280
16 38
8 34
20 164

2921781
