20 99 3 3
19 15 4263 192
19 1 19861 405
19 4 24163 512
19 7 14474 97
19 5 37357 1227
19 3 6018 684
19 7 30087 215
19 13 86598 236
19 16 22296 514
19 1 69875 34
19 5 17837 42
19 20 15428 360
19 8 131550 430
19 1 4079 85
19 8 9985 101
19 7 163735 156
19 10 12011 391
19 17 10993 63
19 17 9880 796
2 10 5153 57
3 14 28030 466
19 14 13535 248
7 4 88782 102
6 11 76387 107
7 2 12821 66
11 8 50365 138
10 15 3905 105
1 5 8752 145
9 5 135986 222
6 3 8081 121
8 18 7797 31
8 4 15350 170
12 10 11466 126
12 1 12213 65
20 9 12542 132
20 8 18668 400
10 9 60149 165
10 5 18837 78
20 7 29799 61
16 8 7228 369
18 20 55732 38
5 1 29206 51
20 6 21345 14
6 8 75195 566
10 2 25304 366
14 4 26051 357
4 13 30502 449
8 6 41987 245
5 11 43618 451
20 4 4888 51
1 3 4043 103
4 5 34113 96
14 17 13617 191
9 12 35158 121
15 13 24509 83
18 16 20499 35
3 6 8384 250
7 16 4294 206
12 17 113709 384
9 6 27835 102
18 17 10190 115
16 18 32498 270
18 1 49733 637
18 15 64848 139
13 9 3931 289
8 1 7546 59
13 12 22531 603
20 19 13511 85
6 14 33692 81
18 12 17365 19
13 19 19576 298
6 12 5090 1133
19 18 17036 20
13 2 24594 254
14 9 15145 168
18 14 14549 94
15 16 17734 306
5 14 16316 109
17 11 149125 19
13 18 10169 104
10 6 21339 637
6 19 45949 45
9 13 6629 116
15 19 14671 185
20 16 38324 388
16 13 56562 131
14 16 9054 309
5 17 4720 163
13 10 3404 194
9 19 100166 136
16 6 22369 95
13 7 22092 34
2 18 35238 653
11 14 47103 765
2 13 14505 86
1 6 8093 24
2 16 52456 170
9 11 17550 143
20 12 16534 448
19 84
20 160
18 161
16 88
6 241
1 842

9462113
