20 99 3 3
3 8 10931 590
3 7 28885 289
3 18 57846 164
3 1 21389 339
3 5 82395 505
3 1 21122 791
3 20 54622 133
3 8 60175 361
3 20 10491 344
3 18 25400 27
3 6 9965 162
3 4 142381 836
3 20 9149 45
3 6 88654 26
3 5 121996 177
3 10 35627 36
3 4 10700 311
3 13 62389 104
3 18 31315 54
12 16 18244 88
4 7 35049 101
14 12 8575 234
15 5 99158 265
13 12 65131 182
14 6 29091 624
9 11 62121 117
11 2 56698 1158
20 12 60078 155
19 10 18349 717
9 13 32113 124
8 1 30926 201
18 19 8737 275
13 4 21057 39
17 2 17667 93
18 8 10493 471
8 7 6210 768
10 2 44701 59
9 3 25950 973
20 18 14636 111
11 8 32613 61
10 19 91082 345
3 11 9720 954
15 7 23030 38
11 5 83908 129
5 9 3307 415
10 7 52102 477
17 19 89836 26
8 13 22926 151
17 8 5625 67
14 10 15594 298
16 17 11611 353
15 6 22928 39
13 14 29095 278
1 15 70259 112
2 20 1446 129
7 4 15265 68
7 10 56278 21
6 4 48284 60
3 15 90359 127
16 15 12072 257
11 17 8991 407
12 19 8303 138
12 13 6068 265
17 11 16638 133
7 9 192636 113
12 3 19556 190
5 13 51099 246
15 13 87307 105
2 13 26197 128
10 4 10675 239
5 3 17422 76
18 5 31869 131
11 3 26726 827
15 1 7134 55
18 14 56885 184
6 5 13774 58
8 16 9250 232
17 6 333979 109
14 3 24219 125
5 2 7708 355
20 9 18803 80
7 14 3480 59
20 17 10722 310
16 6 12886 293
9 7 4814 82
10 17 18129 63
5 17 81120 331
7 17 84509 179
16 10 116532 121
5 14 16816 228
14 15 99182 416
6 18 8281 82
5 11 13507 36
15 11 9125 77
6 11 26377 366
14 9 64123 255
9 16 12375 204
11 18 53826 90
15 18 3867 81
3 84
15 7
5 70
18 87
13 12
17 62

3029329
