20 99 3 3
17 9 3994 103
17 5 9072 146
17 6 4356 257
17 12 11600 121
17 3 25563 66
17 19 36309 268
17 18 24932 1059
17 16 8531 120
17 2 19897 31
17 4 8711 90
17 8 42749 170
17 10 29645 72
17 11 14266 263
17 13 71442 481
17 7 5385 27
17 1 43841 650
17 20 5911 62
17 15 4693 130
17 14 4154 30
4 3 11280 44
1 9 10062 125
20 10 19925 31
1 19 286344 259
8 16 19251 112
16 5 22048 102
20 18 3516 98
3 9 128630 203
19 20 23328 82
19 18 41475 49
14 5 10003 61
15 4 59904 78
7 8 15115 453
19 5 17889 70
14 3 63963 71
12 2 2712 241
6 5 15468 127
1 16 9845 37
2 1 11126 30
20 7 62868 92
10 11 2245 254
10 2 11623 63
4 18 180137 142
19 1 8715 195
15 13 86164 365
8 5 72511 137
16 20 67243 59
5 9 6152 197
3 2 56311 199
12 11 83100 148
10 12 12288 221
1 4 5956 47
18 3 65341 338
1 12 24797 31
14 10 12011 87
3 11 17918 63
15 2 36180 144
20 14 34743 292
1 11 68387 176
10 16 8004 123
11 18 21402 246
11 2 12143 70
7 14 38155 75
20 4 4975 49
4 10 30999 177
11 8 36089 151
1 14 24628 29
7 6 168017 36
6 20 45011 586
16 7 15430 201
5 7 55780 523
12 16 5722 265
3 1 74650 216
8 13 14218 206
15 1 56139 41
20 19 51118 420
19 15 14772 121
15 16 44785 51
2 12 25505 67
8 12 17499 161
8 11 43181 114
2 6 19387 89
18 19 5950 118
11 9 17663 156
3 12 24954 77
5 18 34359 156
16 6 36884 236
10 18 106104 797
2 4 66759 65
3 4 14936 166
16 8 36707 278
14 15 15337 117
15 18 4214 117
18 14 49081 298
20 2 8221 179
20 1 40852 142
11 15 2240 44
6 16 27346 221
11 19 35829 36
19 6 26135 224
17 665
20 96
1 28
18 81
16 385
2 139

8965143
