20 99 3 3
18 3 100140 155
18 10 9945 187
18 13 12892 183
18 15 11169 35
18 19 41972 185
18 6 19032 129
18 4 10231 233
18 8 12509 111
18 6 7149 111
18 11 9216 115
18 2 9135 106
18 14 29887 12
18 19 23365 93
18 16 11265 135
18 5 40761 217
18 19 6340 85
18 9 15381 249
18 10 9439 157
18 6 7032 154
11 14 25762 87
11 18 4979 390
14 17 27073 32
8 13 14537 80
18 20 23763 371
18 1 6831 41
15 8 35847 19
2 16 37458 348
13 19 312575 604
15 7 49020 122
17 4 23586 124
9 18 33575 56
19 12 6614 252
16 11 43626 825
12 20 15059 351
11 2 74413 1039
15 19 23897 375
19 10 76863 196
2 6 8477 134
12 14 2157 263
17 19 16496 138
17 10 40503 41
9 5 12192 1753
4 18 16736 280
2 17 14478 77
3 15 9649 103
14 16 5382 382
19 7 49961 105
11 6 5045 432
10 11 7676 387
12 3 11925 169
2 15 74622 199
5 13 12803 217
17 15 12104 407
5 17 221866 160
12 9 4358 57
19 16 7055 80
7 9 16257 95
20 8 19177 119
20 12 25994 247
13 2 11592 37
16 1 8596 14
8 19 3875 162
11 19 25927 31
11 17 66705 138
5 10 9758 170
13 14 10715 230
7 2 15553 309
1 11 3536 270
1 19 11952 72
20 14 23542 183
3 18 27762 458
17 2 21551 980
19 11 10253 117
6 18 25634 90
14 4 10445 116
16 18 36715 89
2 7 89935 121
13 15 65097 151
7 13 74973 27
9 4 11991 347
3 10 22993 26
19 2 138873 233
4 16 17136 370
3 4 17443 90
15 11 24838 70
13 8 18402 275
17 12 16307 123
5 14 22946 225
16 12 10424 43
17 7 14476 79
3 16 23521 189
10 13 11449 74
6 17 37504 537
10 20 66786 159
20 16 7142 121
20 4 11277 799
17 18 15185 70
15 2 173000 19
15 18 67052 141
18 126
17 48
19 36
16 44
2 24
14 176

2793366
