20 99 3 3
9 14 123879 83
9 13 11646 208
9 5 30357 96
9 11 7814 635
9 3 7327 75
9 17 17486 287
9 2 14219 302
9 10 9893 205
9 7 8335 1213
9 18 24797 52
9 20 10313 158
9 16 9358 290
9 1 39052 47
9 6 73782 366
9 19 6991 504
9 15 12841 106
9 12 9147 24
9 4 22806 276
9 8 8455 230
14 16 23722 270
15 6 23067 151
7 20 3027 921
8 1 20675 267
12 7 54821 279
7 13 28620 339
14 17 167477 51
6 14 5572 243
16 2 9399 613
16 4 4127 179
10 20 6356 119
12 1 69914 507
5 6 19017 26
1 12 60927 107
16 17 7511 31
19 13 7994 126
20 15 23943 244
4 19 44990 17
10 6 17305 81
2 4 36718 164
19 5 44483 92
20 18 50542 92
12 13 4691 15
3 13 34105 52
1 19 76575 530
18 1 71124 105
2 7 16455 92
17 5 73201 61
16 20 14456 149
4 12 15857 386
13 4 32180 331
11 8 21641 584
16 1 6482 213
2 11 14066 383
5 13 92043 304
16 15 40967 36
7 14 5781 339
19 4 4040 130
17 4 20559 57
7 6 14269 209
20 5 81006 96
18 11 11096 875
12 20 30838 64
1 2 14263 193
20 14 38141 114
15 11 32890 165
16 9 63820 342
6 5 5561 72
4 15 48057 67
2 8 36462 109
17 1 18678 98
3 6 34945 420
12 6 28816 238
1 13 48161 785
20 19 24604 162
3 19 67444 26
10 15 101064 12
20 13 3888 365
7 10 88823 162
19 20 14043 106
8 11 29913 412
13 16 117598 333
18 3 24635 304
11 1 88312 47
14 8 21915 152
3 7 37114 222
12 16 19262 100
1 16 50452 230
17 13 15926 77
16 7 8773 142
19 18 8795 221
8 7 30794 110
20 8 3061 37
16 11 46472 29
14 13 25565 90
20 6 72983 94
17 14 16226 244
3 4 78569 260
13 7 27070 698
15 1 13532 107
9 76
16 27
20 88
13 81
6 58
1 22

1768564
