20 99 3 3
12 5 34844 68
12 5 23013 50
12 15 26007 151
12 7 11387 152
12 13 14093 326
12 17 24887 158
12 4 2098 64
12 5 5986 334
12 13 31412 102
12 17 8548 27
12 3 25519 115
12 16 11997 530
12 20 44872 39
12 8 12627 1042
12 5 25467 47
12 18 12617 176
12 14 3132 355
12 17 16361 58
12 8 11745 76
3 19 28469 78
3 8 33008 106
6 12 1801 87
1 20 13800 104
6 16 13488 168
11 9 105465 32
4 10 100347 282
18 9 25979 68
15 12 10265 309
18 10 16243 549
5 14 62743 73
15 10 48166 347
7 3 66319 280
13 10 8331 141
4 2 33355 416
5 17 13165 81
10 19 4215 223
15 5 92007 987
3 16 33115 84
14 18 123025 231
14 10 12120 120
14 17 3907 77
3 15 15338 114
10 7 11086 93
15 17 26621 69
20 3 105130 113
4 18 29746 56
4 1 15685 27
2 1 17559 326
4 14 34375 285
16 8 2015 106
2 18 2490 140
1 11 10773 78
5 3 1756 212
1 13 26930 144
17 9 21334 346
18 11 4941 13
3 18 50241 1317
17 10 12575 150
8 13 24706 344
6 1 7518 65
7 15 85205 255
9 11 25474 38
15 9 27242 285
17 19 10839 48
17 7 17908 361
4 17 8473 49
19 4 23040 252
13 6 42793 144
6 8 136359 68
17 8 431927 214
16 19 80704 52
10 15 8790 255
5 10 5819 250
17 5 14320 234
11 4 158443 547
6 15 27565 1848
11 6 2269 95
14 20 18835 39
11 10 23857 825
11 13 28518 71
4 5 38839 134
10 4 20359 229
7 2 5172 167
10 13 48300 98
5 18 37361 76
8 1 13640 204
14 1 54680 297
10 2 9163 48
7 19 47729 186
19 11 99191 271
9 17 19012 50
8 7 14294 223
6 10 17352 39
15 8 48712 107
17 4 18587 28
19 3 4056 1026
8 5 84332 46
20 6 42312 77
11 17 33463 133
12 95
17 49
4 98
10 365
5 70
8 106

4482699
