20 99 3 3
20 10 95956 557
20 8 54999 280
20 17 75171 400
20 15 5796 193
20 10 36961 35
20 19 6156 400
20 9 5818 304
20 17 113332 78
20 3 45088 10
20 4 27171 83
20 8 26189 17
20 16 12347 9
20 2 3475 39
20 11 7789 458
20 9 15228 62
20 7 4465 336
20 10 16433 208
20 17 32471 124
20 18 112608 857
3 6 1902 4677
19 7 60407 117
6 4 115065 53
17 8 16451 207
2 7 90480 123
5 19 7568 102
1 19 11383 547
19 10 58303 84
20 12 20374 674
8 10 17230 190
12 1 28112 66
5 9 16505 76
9 15 57895 47
13 6 9187 97
3 19 19352 128
3 5 31567 72
7 16 17788 282
7 19 6591 348
12 20 79915 71
5 16 4905 1499
13 14 22575 65
2 6 38242 115
16 15 54081 118
19 5 14158 196
6 10 22859 449
2 5 5478 40
3 20 15189 225
15 1 16826 150
12 11 28433 274
7 3 18786 140
3 8 14793 70
7 17 7967 428
17 13 96513 42
2 14 26252 142
17 7 48982 618
14 2 37192 67
1 8 7544 277
4 3 21466 153
20 5 26646 199
5 6 35245 70
16 11 23482 57
10 13 106524 60
18 1 12698 24
8 20 12355 126
11 18 17350 16
13 4 11258 95
3 11 11995 156
8 16 6905 238
4 13 11274 70
16 12 87506 68
13 8 11071 42
12 15 10383 266
4 11 45037 667
14 20 50586 161
6 5 94300 22
19 13 23723 179
18 20 67448 92
18 11 8565 155
10 3 47282 32
4 1 5077 475
9 13 21194 224
1 11 18978 59
5 2 49785 93
7 14 7774 259
8 5 6657 29
16 8 32932 256
16 2 117504 55
12 14 68545 298
12 2 112693 125
12 6 9477 49
14 4 7370 251
6 18 25491 42
12 17 22351 229
17 4 198431 185
3 14 23490 20
13 7 50829 150
10 15 17801 473
4 15 7791 459
15 12 18164 70
15 16 37493 86
20 567
12 24
3 70
11 86
8 178
15 707

10973457
