20 99 3 3
20 4 22760 149
20 5 36591 218
20 16 23793 275
20 1 32344 610
20 18 1968 31
20 3 66351 950
20 6 24245 174
20 15 11066 1369
20 10 7538 206
20 9 34590 243
20 8 81679 258
20 7 58518 84
20 14 19158 52
20 13 59914 212
20 19 36553 88
20 11 23689 136
20 12 8119 53
20 17 8555 198
20 2 9129 12
14 15 63127 78
4 12 21687 105
9 12 11715 1411
18 10 88893 118
19 17 14274 253
1 2 38003 99
14 6 3651 35
14 13 36658 132
7 11 34600 66
8 15 13566 32
2 1 13428 30
10 6 13568 65
5 14 67025 355
8 12 8243 46
12 11 80812 267
7 19 41508 528
16 11 16051 59
11 17 14836 341
11 12 6838 237
9 20 2372 167
12 9 1737 205
3 19 3776 259
13 4 23934 210
18 8 28641 149
8 13 10574 153
3 6 54383 281
14 19 16127 149
6 12 103501 763
2 13 23693 66
6 9 1553 20
9 10 28572 110
1 4 19055 42
3 5 8330 136
3 1 11855 36
17 18 16168 18
12 16 59241 205
9 14 34567 92
9 8 4245 286
18 13 7478 1783
9 17 9481 75
11 19 226148 275
12 7 12737 62
4 9 146238 159
17 20 6178 29
15 1 2645 226
1 12 118784 80
2 17 22329 67
7 3 19309 81
17 14 13013 49
9 16 12529 128
14 2 9634 264
18 7 103095 62
3 17 19188 269
1 17 67002 435
15 8 12324 304
12 8 25181 202
1 20 51526 24
17 6 36760 36
14 20 93748 336
2 19 20322 271
2 5 14662 667
9 5 38423 178
6 8 76694 97
4 19 51416 539
1 14 26756 41
6 4 100641 158
14 11 7668 144
13 8 10979 99
12 20 11724 604
3 8 27283 62
10 13 61864 45
6 17 13652 270
7 8 24983 232
11 10 40732 219
4 16 12403 271
1 10 7629 34
12 3 125576 200
9 4 28265 124
15 14 241876 81
15 20 53308 50
20 532
9 18
14 42
8 73
17 51
19 39

1903267
