20 99 3 3
14 2 15315 27
14 4 7626 125
14 7 24852 14
14 20 2118 306
14 20 16167 117
14 9 32965 61
14 6 43398 43
14 8 14856 548
14 3 80417 87
14 1 34612 36
14 20 3881 330
14 18 115968 264
14 7 17676 267
14 13 20326 89
14 17 16778 56
14 8 35276 41
14 16 17864 425
14 15 10233 449
14 1 50103 420
9 5 23180 32
2 3 19385 530
17 2 81783 54
12 6 15870 182
16 3 12238 191
17 11 41576 207
11 4 71371 92
2 1 67739 61
9 18 78100 73
17 14 24828 696
7 17 24432 147
4 20 12270 802
7 5 9397 117
1 16 5352 577
9 12 15052 111
20 17 6513 491
18 20 3423 345
18 15 55486 36
5 6 8262 195
11 17 3994 166
20 5 10203 28
11 12 5853 98
17 6 62603 188
2 17 64705 131
6 14 64570 37
7 9 4774 165
3 14 22884 798
19 9 8858 54
9 16 12177 68
11 20 7919 90
10 8 11057 149
20 10 35377 169
15 10 51013 68
9 6 34067 64
5 7 20155 956
16 8 62194 118
17 3 25686 161
3 13 32350 110
5 18 72855 206
18 6 6832 392
13 14 13522 155
5 15 150115 131
20 12 15195 340
9 3 5097 64
7 12 118337 51
2 20 48777 61
6 8 71211 950
6 19 26662 125
19 7 12012 182
19 5 54403 48
16 9 28497 311
12 15 23040 355
11 13 9881 148
11 16 12357 68
15 14 198844 190
4 1 15422 77
18 9 6923 134
4 13 42864 72
1 2 390687 98
7 16 13613 275
17 4 62014 64
5 13 22917 132
9 1 20582 226
6 9 3673 117
8 17 14592 103
20 15 23804 126
4 10 36487 82
17 13 24380 56
2 14 62671 38
16 2 65114 182
15 9 42560 319
7 13 12775 377
19 12 92878 84
4 7 82253 415
9 20 28852 386
8 4 19152 327
2 5 4223 162
1 11 7803 96
10 14 22216 149
1 13 22618 126
14 76
9 112
17 105
20 95
13 111
6 132

6856626
