20 99 3 3
14 13 3485 104
14 11 6162 371
14 1 5652 165
14 20 22959 67
14 19 15520 39
14 15 53809 1038
14 7 149240 269
14 17 11830 67
14 7 48885 233
14 10 19704 1025
14 10 137773 107
14 1 20816 357
14 4 99932 102
14 15 30841 194
14 4 23824 495
14 2 3903 224
14 6 11292 125
14 17 75978 433
14 15 10351 56
16 19 7407 15
13 17 22457 273
11 1 40880 13
20 18 100654 670
13 15 3418 95
7 9 15947 261
9 1 11950 415
17 10 22051 134
2 14 44239 77
15 4 4538 84
3 4 12715 111
19 7 23687 262
6 2 38624 8
7 10 80670 109
17 14 18917 327
10 13 2098 334
4 9 11143 573
5 15 64316 120
4 10 35321 668
13 2 20718 362
13 1 18794 176
11 19 42707 52
5 11 4276 135
10 16 22217 100
7 5 132296 190
20 9 24714 15
12 5 27478 301
12 11 21380 276
13 9 12262 157
11 12 25488 185
12 4 28314 112
6 15 145893 73
17 6 16905 258
9 2 5599 63
8 9 25758 595
15 14 34020 281
11 16 19040 71
15 20 54596 397
15 6 8200 43
15 17 28584 24
9 5 48732 89
5 2 32062 48
7 6 209252 343
16 9 28740 116
14 9 35640 116
2 19 8702 41
2 15 8672 333
11 17 104987 136
8 4 6899 50
12 14 2095 77
8 11 34924 23
3 16 24957 117
8 6 36627 105
20 12 26640 38
19 3 75895 76
13 16 7431 457
20 16 7325 100
12 3 188738 407
18 3 9558 347
8 1 36023 146
15 5 23590 327
16 20 42541 32
5 13 2850 168
5 8 6604 80
11 5 19822 179
20 2 31008 120
10 17 115644 59
10 3 70111 620
11 14 9855 70
1 14 35612 233
5 14 51139 696
3 12 7667 184
17 16 10192 42
7 3 17921 83
5 1 58970 389
4 7 10951 419
2 17 5417 119
5 3 24978 1170
19 4 27431 51
7 19 19986 124
14 280
5 104
11 49
17 276
15 57
9 176

6111051
