20 99 3 3
18 10 15791 107
18 14 18343 984
18 2 199837 94
18 9 26016 71
18 9 17349 143
18 20 16747 387
18 3 346530 113
18 12 53371 75
18 19 33575 89
18 15 15246 160
18 16 19006 174
18 1 37700 1815
18 4 55967 331
18 8 13950 19
18 9 74706 53
18 15 22611 158
18 19 11885 700
18 3 20354 813
18 6 23111 384
5 1 6881 200
17 6 7259 204
11 4 109422 131
20 11 35052 82
6 7 20400 293
10 19 42375 136
6 5 12288 54
5 19 94551 263
1 17 43468 34
3 1 26779 8
15 10 42309 548
9 10 26623 76
14 10 52347 290
8 17 34125 91
5 11 18296 142
12 8 192689 807
4 5 6352 494
13 19 44076 35
15 4 6158 364
2 17 46145 118
19 12 47840 269
9 2 60711 114
1 3 71879 171
5 3 5562 74
11 14 77751 202
13 12 93193 361
17 13 49492 173
8 1 16865 705
12 2 57838 342
15 3 49309 66
6 12 22672 180
8 2 16121 171
15 7 16507 83
17 3 13088 50
14 2 25279 156
7 16 2379 57
14 17 75075 29
10 7 23030 120
19 6 8778 96
9 14 4767 75
13 10 46222 1870
16 17 7156 70
11 12 28129 78
15 9 19212 144
9 5 14205 171
11 19 18207 169
12 17 43353 125
20 2 12269 106
8 16 17741 48
6 8 3633 61
12 7 15508 87
11 5 13549 853
9 17 10867 103
15 14 17577 85
15 6 152897 637
3 6 13925 180
16 5 155162 690
10 8 24199 57
7 14 4595 739
4 9 32699 96
10 3 49014 64
15 1 12686 110
9 18 5484 249
10 20 9217 50
9 6 34329 253
14 4 9371 445
11 20 62649 163
17 1 16236 269
20 4 95784 333
11 17 7228 402
16 10 26469 41
10 9 11488 151
13 11 43581 104
5 4 4808 38
16 4 31736 379
16 18 33569 196
16 3 5000 1485
8 4 61773 465
2 12 29154 675
3 8 11338 297
18 114
15 200
11 63
17 897
4 21
3 226

7088624
