20 99 3 3
13 2 19459 138
13 2 58393 267
13 9 18861 669
13 15 16084 171
13 16 16749 13
13 11 40083 270
13 2 39375 182
13 3 26024 62
13 3 16991 72
13 16 8171 129
13 9 13795 199
13 8 36700 110
13 17 7362 918
13 20 17217 155
13 17 17994 92
13 19 16835 248
13 10 3524 101
13 3 25660 85
13 17 72214 225
10 6 24391 671
19 1 11245 183
6 20 21102 155
6 16 7725 74
12 18 30086 54
4 3 8717 93
1 17 32123 37
12 6 90286 20
19 13 20240 74
1 18 15811 153
6 10 51440 345
16 5 39022 375
12 17 40669 186
20 4 7776 146
19 20 33726 132
14 18 81247 118
17 10 12683 250
16 19 16912 167
18 3 36467 158
14 5 9862 670
4 14 18911 84
17 7 33472 51
7 18 5813 152
5 7 228749 71
11 13 180586 911
11 6 27879 35
15 14 5524 689
17 3 76618 199
15 16 94993 207
18 10 9004 427
1 6 112292 210
8 19 29490 122
19 14 94645 94
4 6 73177 112
11 5 35833 80
19 2 53979 765
4 10 44423 44
17 8 50796 174
1 15 51810 157
3 20 166304 2021
1 5 10844 142
1 19 11302 185
7 2 31416 12
13 6 13492 104
4 5 89389 35
17 5 16331 789
2 18 40652 400
2 9 14285 42
10 12 12574 146
20 11 30388 100
8 20 45210 390
14 11 18119 196
3 15 3275 639
8 16 22138 192
19 4 3496 122
11 20 5836 43
12 9 12544 128
4 19 12381 49
9 4 31510 625
4 1 25084 103
9 11 4512 663
10 15 13667 37
1 20 86289 108
18 4 1664 76
15 13 11467 17
8 3 7487 132
8 9 29462 59
18 9 9062 99
17 19 2128 849
20 9 17778 130
6 1 14088 110
11 3 22745 654
3 18 27927 955
8 7 53175 84
20 12 40894 659
11 4 140621 16
10 16 9034 30
3 11 13220 73
9 5 29020 405
9 6 20929 193
13 20
4 7
1 28
3 37
20 11
9 9

1032529
