20 99 3 3
20 10 40208 232
20 16 42844 45
20 18 7912 37
20 2 7787 454
20 15 18608 294
20 5 12191 44
20 12 26858 136
20 9 33585 41
20 1 20367 550
20 14 6222 93
20 6 147380 178
20 8 7253 132
20 3 16663 125
20 4 28543 384
20 7 30848 357
20 19 52084 383
20 17 30143 144
20 11 69343 229
20 13 14544 432
8 13 20449 777
8 2 10070 62
13 20 3155 25
3 8 156023 72
10 4 14908 214
15 12 41998 71
1 14 6573 70
19 12 24003 128
14 17 6267 147
11 5 49638 735
2 4 9298 458
2 7 71607 74
1 4 9075 12
4 1 14162 60
4 8 32217 93
1 2 5629 55
5 14 20985 120
1 9 30538 260
4 6 9987 29
4 15 28792 26
10 5 49353 114
9 3 7504 186
13 12 59484 113
9 10 5446 28
5 19 14519 82
11 4 57265 338
18 20 3943 139
3 10 10035 222
9 8 4940 904
19 2 22767 46
14 8 228105 184
11 8 73796 22
8 19 22789 61
9 11 5198 44
14 6 16355 36
17 19 28693 142
17 11 123246 49
8 5 6643 634
12 13 11019 370
8 1 37400 90
3 6 30170 531
14 13 23512 106
16 1 38463 204
2 20 55368 106
9 18 64473 140
14 19 65415 156
4 12 30886 43
8 12 40339 1760
8 6 47529 146
18 5 44336 182
13 11 82434 271
7 2 2215 215
8 18 38490 122
7 16 6256 13
18 10 3858 371
10 8 5799 178
16 10 3228 841
10 15 4607 842
9 2 113112 42
15 20 23425 270
18 15 6757 117
15 5 12008 232
7 4 55619 94
13 8 9952 131
5 12 13565 179
6 14 57558 33
9 13 60746 79
13 18 36396 321
9 17 29830 43
13 4 36628 245
12 20 9128 47
18 19 35884 139
2 8 18341 166
17 18 41846 95
4 2 80389 139
2 12 16245 44
12 3 17347 42
18 17 35733 69
3 19 57921 51
4 17 80112 356
20 304
9 80
8 160
12 221
19 111
4 79

9046016
