20 99 3 3
12 2 13866 551
12 19 41771 25
12 10 90403 40
12 7 19261 183
12 11 11481 97
12 2 2906 1025
12 3 68797 341
12 5 16490 443
12 20 22839 307
12 4 42138 158
12 17 22172 59
12 14 27824 115
12 3 276320 133
12 13 135674 68
12 15 24454 598
12 15 13654 316
12 19 77576 123
12 9 27830 298
12 11 105753 108
6 13 5172 159
17 15 39402 80
7 20 13994 84
11 1 6440 102
16 10 3276 98
9 11 20621 593
8 3 13858 175
17 10 6839 104
9 13 73135 68
5 17 50080 281
17 2 108068 48
6 2 2207 97
9 6 33397 159
7 4 37053 222
7 9 11851 18
5 19 14166 360
9 19 14079 283
14 11 52196 93
8 11 48620 173
9 10 20938 151
11 3 7339 250
20 3 36756 60
2 11 13742 120
17 20 29621 69
8 2 73847 108
17 14 12123 117
13 12 27476 274
11 5 21698 47
15 9 18409 84
11 8 30890 96
11 10 6654 92
18 1 39673 27
7 16 9431 127
7 14 32887 160
6 12 17610 203
17 19 16600 462
7 17 35160 119
13 10 19479 247
2 1 27142 466
19 18 6513 21
15 17 27862 172
20 16 29440 260
19 11 12526 66
13 3 36614 184
1 20 103045 65
6 7 12139 100
17 7 17193 93
20 13 11361 401
7 18 15145 662
1 9 2983 38
3 6 9724 207
8 19 10082 136
10 7 41034 175
20 1 39189 472
20 18 22361 129
16 15 24713 2444
9 3 68370 258
3 19 8714 266
1 17 9770 66
13 15 9507 92
2 15 8990 638
20 11 8979 23
16 18 23151 106
18 20 12621 67
9 5 7044 155
10 1 12850 421
5 11 17639 73
1 2 18541 328
20 12 51876 200
9 17 102811 89
13 20 6383 80
11 6 13035 508
15 4 8291 106
4 15 80906 211
5 4 10968 43
18 5 7675 44
17 16 16898 653
18 11 3094 441
11 9 8402 120
11 17 11823 272
12 437
17 200
11 8
19 697
15 38
3 437

14114132
