20 99 3 3
14 11 4697 247
14 12 12391 619
14 13 72038 123
14 10 15735 76
14 17 32507 983
14 9 20396 61
14 20 183110 520
14 4 1332 63
14 16 8020 232
14 2 166539 266
14 1 71224 723
14 15 5112 278
14 3 32263 36
14 7 24177 478
14 6 10104 235
14 5 89835 72
14 8 24533 133
14 18 16409 68
14 19 39105 469
1 10 68500 740
18 15 20640 151
12 4 19526 128
2 4 26539 322
20 14 9352 180
19 16 91683 99
8 3 9445 289
9 15 74519 379
17 14 16563 94
3 1 7565 48
2 10 19443 224
20 5 9893 187
4 5 29305 145
2 8 93014 109
1 4 7231 168
10 3 19863 131
12 11 28331 162
1 14 20257 109
8 5 9872 541
17 10 4376 1340
16 13 61720 41
5 6 8194 135
3 5 37545 174
12 15 30130 77
5 11 1805 53
18 7 27165 226
18 4 31171 160
17 4 36491 193
20 1 24279 126
15 2 65519 275
19 7 7163 190
10 6 15905 74
16 4 38311 43
13 12 98370 370
5 9 1206 78
9 6 43968 931
11 3 5788 70
8 20 77973 107
10 14 16802 1080
16 11 6105 53
16 7 24233 119
10 7 3967 37
4 7 48596 683
16 18 21960 201
20 16 23302 416
7 1 21040 55
8 1 56482 201
1 5 5323 152
4 9 13108 205
16 5 13759 144
7 15 8261 731
8 13 17167 26
17 8 77862 97
11 13 19651 539
5 17 34102 725
8 7 20191 126
16 2 11205 108
1 9 55588 400
17 12 28061 245
13 9 29637 2516
5 3 83893 669
16 17 32824 42
3 20 14696 60
15 14 60332 100
17 18 24073 37
19 10 55534 126
5 19 19343 785
18 16 7826 15
3 19 11325 622
19 5 57415 605
13 6 22728 460
15 1 40906 269
18 13 39524 70
13 3 15772 191
1 18 76064 189
13 19 21684 761
11 10 29627 135
10 1 11586 190
2 11 104462 114
17 6 8314 265
14 228
16 176
17 63
5 150
7 190
4 98

7043937
