20 99 3 3
14 5 55069 30
14 1 15819 67
14 16 10388 179
14 15 15866 562
14 7 7652 97
14 19 4795 68
14 2 60499 108
14 6 24741 476
14 20 31882 50
14 8 19932 197
14 13 4203 249
14 18 2824 205
14 4 72760 37
14 17 21057 148
14 3 26798 166
14 11 24612 322
14 9 20126 80
14 12 45328 105
14 10 100288 143
19 7 20625 94
2 19 13275 163
7 17 24200 232
7 11 15800 37
9 11 40147 21
12 18 147831 103
19 6 18092 707
3 20 122176 121
19 18 5161 138
13 20 11560 422
7 14 72034 449
8 7 14906 283
16 18 22862 46
3 15 2948 67
9 4 9842 438
11 4 11103 469
13 9 5417 131
9 18 1031 128
2 16 1962 239
17 2 46908 527
6 7 5962 30
12 3 19335 132
17 8 4576 1430
4 17 37649 25
1 9 16009 327
5 9 61660 29
10 3 69328 62
19 20 12605 146
5 2 19870 60
15 13 103486 317
5 15 47177 59
11 5 6775 635
11 10 23610 39
12 9 19371 173
13 7 7293 172
2 11 8449 19
3 1 25479 1157
18 2 19654 79
3 6 17309 45
17 14 17950 77
10 12 4382 882
13 15 32122 1542
2 13 3966 66
12 1 34469 290
7 20 39754 36
10 13 22759 759
8 12 4086 303
12 15 8432 322
20 6 34588 23
6 2 13224 160
4 19 11164 131
17 16 37855 27
18 1 30865 174
18 3 10305 67
10 18 20494 119
15 7 8123 92
18 19 17433 126
1 15 20265 1690
5 3 13434 143
10 14 40067 161
16 6 18180 641
11 17 13289 41
12 11 2682 62
11 14 62502 328
13 12 5871 871
20 19 12602 299
8 9 3649 80
1 13 7781 451
19 14 12693 17
1 14 34304 92
7 12 42189 117
3 19 11993 86
12 8 14549 59
12 4 45636 89
6 15 3879 61
8 16 22424 205
8 6 86397 94
20 3 11776 159
20 17 15996 129
2 7 11161 318
14 95
12 40
19 70
15 19
7 124
18 52

1667615
