20 99 3 3
16 3 5160 414
16 9 38629 214
16 10 47124 142
16 11 7910 116
16 4 9545 30
16 6 48966 97
16 5 12529 204
16 15 12108 115
16 18 3220 239
16 14 130562 102
16 12 11799 209
16 19 5811 167
16 7 37777 15
16 17 21315 158
16 8 3314 329
16 2 3446 173
16 1 13797 742
16 13 236097 543
16 20 10755 181
14 5 22301 459
17 2 17053 147
19 13 5244 19
18 10 22263 117
9 1 75288 213
10 13 8076 452
6 12 23161 1080
4 19 16707 19
14 8 31101 237
19 17 14015 302
18 17 28289 259
2 5 44506 134
8 5 45547 553
18 15 12476 66
6 17 3972 103
15 1 138753 118
10 16 27514 131
17 7 12797 288
5 6 78627 219
3 13 33586 108
14 9 12732 52
8 10 32004 74
19 9 29703 129
8 13 13302 142
8 2 33947 56
19 15 52425 166
19 4 5684 77
18 4 34250 31
17 20 53440 227
5 9 24899 459
4 5 27276 161
11 20 5814 170
5 1 10430 264
6 1 43599 289
8 3 27172 59
13 9 61541 124
11 9 31209 159
6 4 7159 110
15 12 6812 747
8 9 48629 43
5 16 24884 494
1 3 80762 154
7 11 14901 63
15 7 19801 866
18 16 25519 21
3 6 190340 53
20 8 56078 482
18 8 30785 58
15 8 14132 112
12 9 8613 68
20 10 28679 175
9 17 52531 705
18 3 13182 104
12 16 103242 75
6 11 66627 168
14 16 1020 74
18 19 25486 128
7 3 17300 253
6 20 33131 197
13 20 9291 187
8 18 7554 22
8 19 84079 643
15 11 36721 577
11 18 72864 43
14 11 11719 335
1 9 15167 463
20 1 8489 215
19 16 17579 214
6 8 7320 453
6 18 10313 332
3 20 167459 628
5 18 43397 56
13 19 10827 81
9 10 21540 237
7 18 54341 172
18 13 21928 277
15 18 10902 96
20 19 48290 76
19 11 14766 265
13 18 67689 20
16 342
18 45
8 240
9 157
20 155
19 54

6126367
