20 99 3 3
5 2 3647 139
5 3 10961 197
5 17 7747 107
5 20 28062 1368
5 1 23620 496
5 15 29208 329
5 12 37341 24
5 9 32133 27
5 10 16486 118
5 14 10972 79
5 15 27484 31
5 13 17855 305
5 3 96886 143
5 16 6719 228
5 11 4651 154
5 16 50010 227
5 18 21080 204
5 14 41070 552
5 12 18403 223
11 19 185838 64
7 3 8749 65
1 12 33615 164
18 6 36152 174
14 10 22546 62
15 6 43961 80
2 20 11619 441
2 19 9239 176
12 15 17998 113
13 17 36343 46
8 3 11390 277
1 2 7043 348
9 2 11990 139
19 8 76771 61
19 2 14584 551
13 14 15834 226
18 9 39053 85
15 20 28237 113
7 14 23178 599
10 1 93072 102
13 9 55528 924
1 8 14845 55
2 12 21890 38
6 10 7341 287
18 20 5343 89
3 2 52082 40
7 6 14314 117
18 15 18515 90
14 15 10618 60
16 13 9665 1260
6 7 210336 356
7 10 35106 335
11 5 16854 77
13 6 16953 19
14 12 64573 233
1 10 18485 1225
9 4 13362 166
9 19 8857 35
16 4 99439 93
4 11 170035 200
16 2 42850 307
6 11 82181 194
1 6 32187 840
11 20 43136 171
8 9 23845 106
11 10 3848 134
3 6 7093 231
20 15 20154 187
2 6 38931 87
12 17 52136 167
14 16 83527 40
14 3 9450 112
15 17 3630 339
15 1 26383 330
3 9 9090 160
12 20 32447 205
7 9 34191 256
3 13 10960 400
19 4 22212 77
19 11 21418 351
16 15 16007 150
1 18 42979 139
11 1 30301 400
19 15 4431 132
6 20 55312 412
18 3 48155 503
1 4 12815 144
18 17 63934 977
14 7 13038 225
15 2 7595 446
11 16 20845 221
6 8 9906 280
16 12 13895 38
1 17 40964 94
19 7 21735 360
10 8 22410 1296
1 11 9052 496
17 8 175460 654
20 9 37264 104
9 15 33832 101
5 1691
1 90
19 24
15 1087
20 731
9 113

48909813
