20 99 3 3
12 1 12504 235
12 4 16657 326
12 17 25704 199
12 6 29418 141
12 19 26767 59
12 3 8943 62
12 10 190731 97
12 19 14587 508
12 19 62744 64
12 3 3654 109
12 10 11852 171
12 3 27541 332
12 13 10462 658
12 11 101101 108
12 14 50170 100
12 19 22658 401
12 6 15479 16
12 17 6080 389
12 13 5230 67
6 7 52668 52
16 15 9262 74
20 13 83485 333
17 7 15249 136
12 16 48601 101
3 6 10152 157
6 3 25511 54
11 16 4803 764
3 19 218514 581
2 10 47563 48
8 15 7222 173
2 19 36083 230
13 6 19086 571
7 4 3814 31
16 5 22337 151
1 15 32059 197
18 15 2237 72
19 10 66036 90
7 5 108610 46
13 14 117588 2408
4 19 59886 190
15 16 15674 98
2 7 12322 90
19 13 4418 35
3 7 107890 37
17 18 7412 127
1 19 3817 555
11 1 22521 78
4 7 7514 1308
7 17 64054 50
18 4 525687 146
15 19 30039 466
11 9 56700 371
6 5 6357 224
4 15 9658 122
7 8 5624 47
10 11 38757 55
3 18 30730 474
6 19 98005 295
7 6 3174 1128
15 14 66703 63
2 8 20882 177
9 11 47269 117
14 17 3833 75
18 10 9631 73
1 17 14536 463
11 17 70350 96
5 9 67925 315
8 14 9199 105
5 2 17743 74
15 5 21952 117
14 10 41413 517
16 6 13958 163
17 10 121855 78
9 16 27052 261
17 16 3930 307
11 10 20616 9
9 3 29855 54
19 2 9890 83
18 2 27259 164
6 10 37228 54
9 15 6649 38
14 7 13348 106
11 20 23454 426
14 20 10052 12
19 20 13726 188
17 12 22163 166
1 6 94420 10
14 18 45546 282
19 4 15336 486
3 13 31217 214
5 13 13793 61
17 1 52952 773
5 19 98733 254
4 11 5734 527
14 16 48251 50
7 2 36147 188
10 3 16695 11
4 1 9831 355
16 1 19192 207
12 300
17 96
14 78
19 77
10 209
6 190

6840095
