20 99 3 3
7 16 20437 30
7 12 10552 246
7 1 24357 76
7 6 9632 131
7 8 30056 314
7 4 36343 159
7 2 54296 230
7 12 108547 377
7 19 29644 159
7 13 30215 268
7 11 27165 29
7 8 27511 260
7 8 38944 58
7 6 22835 716
7 11 2761 347
7 4 11272 143
7 4 10211 288
7 8 16191 337
7 3 52518 90
12 18 10564 726
10 2 29480 105
4 10 33157 446
16 3 20895 72
2 15 13799 787
17 6 66397 533
15 6 51465 54
16 18 17164 194
2 11 66955 25
8 9 57386 116
3 7 35047 50
11 5 15874 952
20 13 20382 269
2 5 25307 270
8 12 24237 724
6 20 17613 248
1 20 15427 334
15 14 24901 507
10 17 10407 833
5 10 84003 501
2 8 6682 164
11 18 10260 174
16 7 15845 484
8 7 15596 323
12 17 28033 504
10 16 9857 235
18 4 8505 16
15 2 9784 216
18 15 7038 302
3 4 9777 108
6 15 112269 406
2 19 6457 522
19 18 22019 381
19 9 4730 90
16 9 10184 591
2 3 15674 173
18 2 61264 128
13 8 3303 130
18 20 5286 196
15 8 7318 389
19 1 2150 259
8 14 24069 56
1 7 41805 126
7 17 16754 175
18 12 36755 256
15 11 109999 136
9 8 24475 74
1 4 51407 64
2 4 5749 223
9 10 54903 185
12 10 60531 105
4 8 31219 76
16 12 28619 112
10 5 16620 252
8 13 75644 52
17 7 79964 62
14 12 33045 504
17 2 159432 296
13 17 7771 549
14 1 17679 169
2 12 28478 1274
2 6 7731 92
11 13 31602 446
13 14 12060 89
9 11 10716 316
6 10 18649 184
3 5 5457 171
5 18 40305 97
14 11 137160 183
16 4 17110 175
10 6 14880 135
16 10 7440 163
18 1 25343 34
4 7 2082 91
6 3 17121 19
15 10 49427 130
5 4 18598 13
11 19 62861 203
6 11 13269 310
4 20 8035 55
7 580
2 90
16 49
8 103
4 723
12 119

7649882
