20 99 3 3
9 16 46305 94
9 11 262901 155
9 6 16673 440
9 20 20465 207
9 6 16724 1285
9 20 7098 146
9 15 17417 329
9 17 11177 20
9 5 46723 495
9 15 15204 32
9 6 7193 83
9 11 10263 305
9 18 52926 104
9 1 11768 233
9 15 31253 285
9 16 5024 743
9 18 53465 15
9 6 5281 183
9 15 10079 135
14 16 22706 192
3 12 21332 367
19 1 32474 96
17 7 16417 39
4 19 7791 365
9 4 16708 239
13 1 23673 411
2 6 83240 752
16 9 96449 850
19 13 28642 53
15 11 27295 131
3 4 18421 188
4 10 42388 51
5 11 23596 254
11 10 12794 177
8 10 11468 165
2 1 91212 87
1 6 34674 211
17 8 37489 465
17 6 14297 112
16 18 13704 184
4 8 71445 318
14 18 63308 143
19 14 6258 102
20 10 11837 176
6 18 13527 101
9 7 8034 125
15 17 28283 369
5 4 23761 125
3 2 19411 338
6 3 77394 497
20 11 30443 123
6 5 31563 206
8 4 13352 145
12 13 11131 131
12 7 163606 28
15 14 5125 37
16 11 8024 24
2 12 32285 970
6 19 5293 193
4 16 3930 242
14 8 14818 169
3 7 19401 309
15 16 17358 47
19 15 16145 135
13 4 15608 104
16 12 4338 33
19 18 90155 941
11 18 57453 155
13 11 81984 50
13 7 24523 43
19 9 21331 164
15 2 12891 260
11 15 31531 122
10 9 13121 294
15 10 25105 201
1 2 5866 203
3 18 20543 49
1 15 11746 47
12 1 29114 257
15 7 43230 429
13 19 53464 48
16 20 44066 360
20 9 33870 108
11 3 5683 86
6 2 27473 90
12 15 88251 83
10 12 55431 178
3 1 42756 184
18 9 22545 289
16 5 11231 62
13 10 39998 110
13 16 28653 29
1 19 909 111
14 15 14994 126
16 4 118481 229
10 19 18342 164
14 17 6971 179
11 4 8300 34
19 16 7655 78
9 189
19 14
16 49
15 242
18 36
11 713

2676073
