20 99 3 3
17 4 19563 268
17 13 147226 67
17 3 69542 185
17 19 40422 125
17 10 9458 150
17 8 21091 115
17 19 82474 106
17 7 70781 45
17 3 58903 42
17 6 168751 173
17 12 19041 69
17 11 3552 109
17 6 5240 75
17 13 7375 51
17 1 44601 146
17 11 49721 222
17 11 23727 128
17 14 9732 16
17 19 8758 80
8 10 65210 394
12 15 12643 37
16 10 26295 393
7 13 3573 114
16 15 8761 16
20 1 10434 53
6 2 15020 129
4 6 23996 40
20 8 5486 147
5 17 153990 80
9 2 10349 53
6 20 3786 25
11 9 65360 47
19 8 35197 193
17 9 106211 745
8 9 12031 348
18 11 28249 52
6 11 13072 159
1 7 11262 126
12 16 44083 358
11 7 68496 206
19 16 51448 30
10 14 9347 91
18 7 12826 221
14 2 51648 171
15 12 12372 48
12 4 9986 432
19 3 29107 273
12 18 36543 52
18 1 4899 43
15 3 27978 283
9 4 6438 66
16 5 7795 106
7 11 25738 269
20 12 78005 91
9 15 40929 393
16 8 26887 27
13 14 45163 108
3 13 7830 24
10 9 56423 98
20 4 82715 46
20 15 103920 2488
13 4 31692 90
5 19 10969 678
19 2 16888 79
3 10 11906 177
12 20 81661 427
16 6 15204 2179
14 11 9154 586
2 20 30510 74
14 3 35207 14
7 15 20164 168
5 6 41917 63
19 13 25445 44
5 1 14946 216
8 18 19570 247
19 14 40935 74
7 17 48299 103
17 16 10165 392
6 1 172429 17
6 14 5770 208
11 15 259246 196
10 4 13903 252
15 20 8317 123
13 11 37890 135
13 7 21531 22
13 1 4600 280
8 19 9916 226
14 9 13932 129
19 6 37421 96
10 11 35148 37
10 2 7455 431
11 8 4871 58
11 2 157549 87
1 8 206584 340
2 11 29339 140
3 18 6909 147
14 4 18738 425
4 16 14549 177
20 7 41020 255
17 42
19 63
20 126
11 25
4 117
15 160

8162034
