20 99 3 3
5 4 6121 188
5 10 5709 109
5 13 28312 165
5 13 12173 206
5 10 16391 292
5 14 86065 23
5 6 4375 78
5 1 2073 110
5 11 16791 91
5 13 38816 54
5 20 12914 399
5 20 26398 246
5 18 9984 104
5 13 36804 888
5 7 301952 271
5 3 40780 623
5 12 70181 35
5 7 8462 317
5 7 11516 94
13 20 7389 122
3 11 40592 474
11 6 5240 66
9 12 14951 122
3 10 83877 711
20 3 8000 96
18 7 30584 115
13 4 10715 35
7 12 101754 114
8 18 5422 357
16 10 4091 115
19 20 79647 148
4 18 6960 35
20 9 50340 19
11 8 42390 268
1 7 92908 36
18 5 6133 104
13 17 53196 519
3 9 27618 833
17 9 8237 89
19 17 9507 118
10 1 20708 202
7 1 13868 128
6 19 16528 62
14 20 43818 66
9 16 190717 73
5 16 41890 189
7 14 4785 103
3 17 33212 91
12 1 47938 27
14 13 58844 333
2 7 3916 197
15 14 25517 47
6 12 15507 68
18 9 5099 7
19 8 52952 101
6 5 135064 130
15 10 31876 123
14 8 16595 82
12 17 25991 71
12 3 18910 179
14 3 36231 21
17 1 4403 23
10 12 27884 182
16 15 9141 158
16 14 29786 182
14 7 21038 62
11 5 83474 49
2 5 15344 41
8 12 85281 8
16 20 8473 517
2 17 59956 483
6 14 16757 57
4 8 63281 649
15 5 39477 59
7 2 104195 87
6 4 59532 18
2 4 104555 225
12 20 8774 383
1 6 13696 840
2 14 676973 138
1 11 19682 69
20 15 14746 20
7 6 13348 596
1 5 21787 240
2 15 44036 431
8 3 44036 169
3 15 10943 164
3 5 47114 160
12 4 5359 344
15 12 28528 81
5 8 31273 366
11 9 15664 194
8 7 5058 113
16 9 54782 68
10 18 25149 1068
19 14 9034 790
8 2 17018 23
12 7 57277 784
1 2 30530 237
5 903
12 126
3 60
7 2049
20 89
14 1018

27853017
