20 99 3 3
3 2 22376 108
3 11 21185 73
3 17 17385 318
3 9 35783 231
3 12 16448 76
3 18 20995 458
3 7 19439 176
3 6 7222 166
3 20 30973 85
3 14 44069 54
3 1 34016 334
3 13 44670 153
3 5 57743 716
3 8 23777 229
3 10 5949 58
3 16 21120 1171
3 4 14259 342
3 15 24968 19
3 19 190836 77
2 19 89310 30
12 11 9866 209
11 9 11170 38
8 13 25057 339
15 13 47004 111
11 18 5344 186
8 1 25292 1642
12 3 7064 270
15 16 14512 178
9 6 4618 89
8 14 17561 304
2 17 11286 53
4 9 52769 19
12 8 16838 395
18 15 40869 39
9 19 186273 545
13 18 51569 341
18 7 17475 112
20 2 81609 88
5 12 33479 196
15 3 4311 1570
5 9 32570 185
14 5 205939 275
17 7 12803 330
12 14 21779 92
6 15 29976 195
15 10 22716 106
10 20 13264 53
2 1 33828 91
15 18 466738 75
19 17 226216 777
11 2 37073 51
15 1 2532 165
1 11 24241 249
8 16 22010 254
12 1 35176 33
16 20 19257 102
15 12 3246 83
13 16 152751 42
8 19 11930 159
18 9 14700 91
10 14 11032 1342
7 19 8954 132
1 3 42486 87
14 7 14138 22
16 13 49678 285
1 7 30186 122
9 15 42643 220
5 4 13636 303
13 15 6880 1453
6 13 11187 137
18 1 53811 427
14 3 18489 151
9 2 54372 68
18 3 15300 396
8 18 64804 83
19 16 40030 60
10 7 18537 876
1 10 6044 785
12 7 7814 38
6 7 2415 218
20 3 24747 33
12 6 16157 95
18 19 31598 88
19 3 4969 33
16 8 15260 274
17 10 75893 123
13 20 33108 915
1 14 7761 65
14 15 16022 126
16 11 83071 353
11 17 4044 102
1 12 2223 431
16 4 9917 114
11 13 79233 887
16 9 39061 51
13 3 7484 206
14 8 70400 231
13 11 20837 88
1 15 1577 131
3 38
15 105
12 14
7 32
19 42
13 20

1543614
