20 99 3 3
20 18 1586 152
20 7 99057 38
20 3 87464 685
20 14 3662 83
20 12 37471 356
20 15 9388 907
20 13 8006 159
20 16 6314 299
20 9 58771 76
20 8 31404 83
20 10 47043 79
20 11 38814 157
20 4 131376 229
20 1 10717 26
20 6 2111 141
20 2 85169 360
20 19 16206 357
20 5 4693 652
20 17 8928 234
6 17 90466 24
4 12 29388 24
16 9 49957 23
1 9 27259 66
12 9 128710 93
7 17 31546 359
8 9 177393 69
15 19 30064 537
2 4 27350 194
7 3 9440 273
13 18 79426 28
6 19 38574 393
5 13 20437 331
4 13 13553 170
1 5 14608 201
11 15 23061 187
14 13 42801 757
18 16 16709 177
11 2 14730 248
17 1 22934 24
15 11 17865 62
6 20 112960 120
10 15 10522 73
19 3 26354 325
10 8 47884 724
16 7 19591 302
11 6 183673 202
6 18 11207 440
17 8 27281 13
17 3 12345 144
13 7 46748 200
19 7 52429 459
2 17 30119 29
8 4 18524 203
17 13 11831 14
16 3 10441 72
12 2 11605 60
1 18 251196 66
14 10 12918 583
1 8 46146 30
5 20 8614 198
10 19 7290 134
13 8 55262 232
3 17 96342 290
11 20 75237 199
4 8 45558 627
14 6 16886 197
15 17 1360 520
1 13 139046 51
18 10 20118 302
7 2 20768 83
14 11 8381 153
6 14 207597 212
19 18 12355 136
6 3 18129 581
12 15 6874 131
14 20 72892 244
12 19 90175 246
5 14 14051 178
19 4 49528 281
11 16 134055 512
11 17 17861 161
6 10 85537 464
12 8 6273 398
9 20 29009 424
8 7 6542 81
3 19 20192 96
10 13 13557 319
8 3 45879 41
4 6 26748 88
1 19 55927 366
2 13 80097 49
18 7 7995 126
10 3 9421 320
6 7 44177 123
9 5 44616 90
13 11 22328 339
18 20 15081 95
11 12 18109 161
8 2 137806 80
20 171
6 128
11 168
13 70
3 32
19 27

1534142
