20 99 3 3
12 6 17346 216
12 6 44634 116
12 6 95126 28
12 1 4512 579
12 13 23712 293
12 6 6235 138
12 16 24993 241
12 15 65898 217
12 18 37176 1156
12 10 6500 172
12 14 102815 74
12 7 20613 64
12 13 11262 442
12 11 22359 561
12 5 99027 31
12 13 61725 110
12 19 10378 261
12 15 7467 187
12 3 14909 138
10 4 44537 245
9 19 17081 221
11 14 50082 103
13 2 25127 168
4 16 33223 834
12 8 52004 31
4 2 15293 268
13 12 164596 57
14 16 26652 168
10 1 43474 376
4 17 23208 153
17 8 9458 189
10 18 19206 207
5 19 17847 82
15 9 10829 64
18 16 97424 198
1 19 48662 160
2 3 8799 123
7 9 10516 145
6 3 33536 34
2 15 54207 130
9 18 109493 815
3 1 47054 183
1 3 15170 118
2 17 96922 102
8 15 52611 102
2 19 114844 59
3 18 2595 91
9 7 4425 164
20 13 8159 64
16 5 42569 52
9 3 3356 178
11 13 7255 207
11 3 39767 106
2 18 8729 429
2 8 25472 119
1 20 18764 155
16 3 38614 564
1 12 89756 257
8 2 6298 140
18 19 7945 41
19 16 58806 3219
10 17 10073 86
3 10 11873 340
8 17 29329 233
16 8 200952 201
5 10 52459 272
14 5 9824 225
2 6 20054 291
3 20 27022 144
16 7 7516 70
1 9 15018 581
19 15 14869 66
8 10 2831 217
4 8 38838 352
15 6 8141 127
7 2 17257 298
16 15 14129 413
15 12 46576 212
18 10 17628 92
20 14 14862 461
15 8 5922 262
7 13 57534 2141
16 20 7321 19
6 5 31869 974
20 6 4384 325
9 12 9537 81
17 11 18190 46
20 3 26544 192
10 2 13957 4797
8 19 46856 105
18 5 4340 532
14 11 16201 135
18 4 43835 211
13 15 79095 165
14 20 44419 147
10 7 17421 46
5 7 15382 224
2 9 17892 409
18 17 34615 152
12 240
2 104
18 84
3 34
19 43
15 537

9105991
