20 99 3 3
15 1 21813 122
15 6 12904 161
15 1 3919 381
15 8 56643 147
15 14 54326 105
15 10 9862 181
15 10 47421 296
15 12 53331 89
15 2 15211 174
15 10 10298 77
15 2 20801 434
15 18 5365 131
15 20 13236 347
15 9 5401 66
15 13 256148 851
15 9 50317 83
15 10 28102 282
15 7 34642 157
15 6 12640 942
18 3 6382 540
18 15 36817 277
3 4 12895 69
15 3 59926 274
13 10 24113 128
17 12 3073 363
5 10 7136 218
2 17 23458 815
5 3 4990 97
1 16 19910 45
3 5 28031 1007
4 8 72951 177
2 20 76498 301
15 16 10766 27
17 5 6286 119
9 15 6995 428
1 4 7019 282
1 3 315977 1064
7 18 23291 105
4 10 14547 785
1 7 45298 72
19 6 145018 668
12 15 12772 64
11 14 105554 141
14 10 51904 808
14 3 27476 59
13 15 66389 1028
13 17 24918 123
3 16 29281 185
16 18 9320 127
10 16 32159 549
14 19 7087 131
18 1 12220 95
16 12 30159 94
14 12 19795 84
11 6 20088 54
7 5 36513 310
3 17 20607 97
12 8 46827 31
10 14 20689 149
9 12 46956 136
16 20 5301 22
14 8 5993 250
4 17 15036 174
12 14 86032 516
14 18 6086 45
4 3 21424 537
10 1 10693 607
8 5 77727 143
13 8 28349 460
17 13 19528 75
13 1 35738 4
17 1 12619 466
6 17 2719 389
10 4 13013 74
1 13 17799 17
13 19 16718 43
12 11 33848 476
19 8 7841 422
20 3 9008 213
3 6 9536 42
10 9 29062 47
16 4 49102 60
20 9 62682 228
13 2 11432 231
6 11 117078 142
2 9 9367 77
9 3 21142 88
14 15 21167 224
3 7 11668 95
18 10 25097 165
9 16 118797 85
15 17 24314 143
4 12 12279 240
3 19 45840 610
8 14 28338 35
11 19 102072 366
1 19 4170 326
1 20 51624 1592
7 19 14296 114
15 242
14 98
13 77
10 478
3 89
19 206

4504601
