20 99 3 3
18 2 23948 369
18 8 1080 109
18 2 12414 570
18 11 12138 31
18 6 26293 30
18 5 10414 226
18 9 36360 178
18 7 35168 118
18 20 90167 104
18 2 8322 96
18 5 22082 621
18 3 12923 702
18 14 27524 124
18 12 8140 168
18 4 93415 54
18 6 69351 122
18 3 40849 93
18 19 7203 252
18 7 38897 116
5 2 154037 115
12 18 7222 294
5 10 94361 203
9 3 45206 422
16 17 5524 175
17 12 13390 102
6 3 6370 22
6 8 61524 773
14 19 12363 223
3 9 38264 564
12 6 5910 23
20 18 46391 139
1 5 93356 225
1 13 12212 428
11 19 34745 304
9 14 17654 39
9 10 8146 63
13 1 10117 87
1 20 93945 285
14 10 15878 241
14 1 8539 97
10 6 83337 155
4 20 10299 125
2 17 24163 84
11 3 39767 198
13 12 5542 230
17 15 12302 78
10 18 8322 241
10 4 15433 55
16 11 120201 94
13 8 16999 604
9 18 8232 136
5 1 12635 223
13 6 2693 474
3 6 75828 295
12 13 17222 52
16 7 109140 454
19 5 23180 257
2 12 130522 214
7 17 22195 141
17 13 66082 390
5 18 16158 357
9 12 5961 39
11 18 97269 81
6 2 15639 324
2 7 15521 301
12 10 188860 65
16 1 8384 94
4 14 14629 837
7 13 7078 90
20 2 11876 60
20 11 134560 88
12 15 5866 137
16 6 7195 143
19 16 85955 201
7 4 24893 424
14 9 64552 80
9 15 79278 126
9 20 4311 97
3 10 5851 165
10 13 50554 86
13 11 105036 23
4 17 19553 340
12 1 7779 135
13 20 12595 275
19 10 9152 122
5 17 7105 142
12 11 15518 540
14 20 7571 310
14 12 8573 303
12 17 4390 176
4 8 7315 1078
16 10 4097 293
12 3 17659 78
15 2 15316 129
8 5 29492 139
8 7 11382 124
2 20 7214 316
3 7 16436 243
17 19 41475 301
18 133
12 144
9 42
20 232
10 75
6 34

5456749
