20 99 3 3
7 10 7999 69
7 17 23203 176
7 19 18392 38
7 10 13979 28
7 12 63536 448
7 11 10564 98
7 5 85883 892
7 3 10725 138
7 4 17166 236
7 5 28312 93
7 17 12258 40
7 18 30026 115
7 10 47201 198
7 18 7541 351
7 6 12127 109
7 9 34907 108
7 9 17690 248
7 6 7975 178
7 13 2910 80
20 8 2219 122
15 16 24151 482
14 5 40717 182
2 11 27042 519
3 13 64879 96
9 11 14778 317
14 20 19753 109
12 3 26247 372
12 8 25549 402
18 3 21409 160
20 7 29916 161
1 15 6289 71
7 2 88923 80
6 18 3265 96
6 9 5093 154
19 20 37140 558
20 3 3332 281
4 11 9574 108
19 2 8631 208
5 12 19433 86
1 8 50401 250
2 7 10253 256
6 5 8151 39
12 16 69756 115
20 15 84074 48
4 7 20214 415
20 6 39274 375
8 3 24032 236
18 6 4501 476
17 4 152841 74
19 17 5761 366
19 12 6412 229
2 20 63028 571
9 5 22124 325
18 14 9188 161
13 7 16798 85
5 1 19623 337
19 9 20552 304
5 7 73959 520
13 19 19451 338
12 7 9207 92
17 18 65246 25
2 4 13901 12
15 18 11607 116
9 10 84547 269
3 17 21002 28
1 11 1945 186
13 4 53905 125
15 4 6880 105
20 5 41107 34
5 14 44563 291
11 2 25426 99
14 1 151889 256
14 7 12376 53
12 17 21976 119
11 18 8231 182
5 4 5256 96
14 8 16117 97
7 1 18163 109
8 12 116180 957
4 15 8265 286
15 10 9396 539
18 9 33684 990
18 16 28224 267
6 19 30310 84
17 13 9789 934
9 2 30730 212
20 14 17722 115
3 5 11960 47
4 3 30227 346
9 6 30233 151
14 15 43605 190
20 10 11098 228
16 18 31193 135
4 13 14699 19
14 13 16359 691
16 12 13418 549
5 11 13378 160
15 13 46748 84
2 5 81304 36
7 168
20 136
14 21
5 588
18 93
13 229

4991880
