20 99 3 3
9 20 45239 267
9 10 42250 196
9 8 7106 118
9 16 9791 482
9 1 27761 217
9 11 15273 256
9 7 19058 113
9 1 23407 103
9 11 66955 98
9 7 16060 81
9 13 4418 144
9 17 20066 453
9 1 46941 349
9 16 20843 299
9 2 9421 87
9 7 11531 69
9 13 6707 249
9 11 59941 996
9 10 10386 121
3 2 3601 358
13 15 35067 100
16 8 14799 139
16 15 97409 55
12 16 4975 264
16 12 14107 78
14 15 65522 558
20 3 31885 1123
7 18 23685 241
1 9 8023 738
3 13 4787 154
20 17 12642 45
12 10 46261 93
9 15 95982 66
13 19 19739 714
17 7 42845 116
3 4 15370 197
17 12 33651 204
11 9 27117 421
13 7 29598 140
5 14 42513 276
4 17 26059 153
4 10 38835 25
20 1 4434 94
8 9 9932 82
2 15 57545 57
3 17 3024 342
4 6 37867 207
18 8 19046 525
12 8 26251 159
6 7 12011 103
5 11 47700 422
13 5 11380 198
13 14 234194 63
15 8 9654 124
7 14 8053 200
10 5 42193 746
19 13 32061 285
9 14 53821 153
11 4 17799 667
13 10 25965 608
13 9 21214 430
18 13 40645 93
20 4 9172 23
15 17 59144 141
8 13 46595 82
11 13 8638 414
2 6 10705 177
19 14 9110 293
14 18 15899 83
18 11 5259 67
15 20 11526 332
19 17 8530 331
8 2 43852 158
2 10 12714 234
19 11 8927 117
14 11 27747 12
6 16 234855 101
15 19 21624 252
1 17 20969 95
7 20 12542 86
2 13 63743 164
4 7 1335 347
10 8 33020 42
16 10 37895 167
16 13 473732 78
13 8 47530 322
4 2 27878 71
13 1 42239 1521
6 19 35482 94
20 2 123582 345
1 2 9168 641
1 4 115970 61
20 8 73342 228
7 6 10411 991
16 4 4882 335
1 7 45703 147
15 13 1553 34
8 3 16813 61
14 9 37308 66
9 105
13 18
20 150
8 185
7 42
17 79

4441660
