20 99 3 3
4 2 16944 225
4 16 4788 102
4 5 10422 156
4 17 12235 331
4 16 59281 90
4 14 4884 212
4 17 39841 427
4 2 87687 251
4 5 82883 52
4 1 10630 40
4 9 11843 1263
4 3 43143 46
4 18 20381 66
4 15 20225 24
4 3 6057 564
4 19 8617 60
4 2 21328 91
4 19 30333 90
4 3 6364 194
8 18 16348 76
2 20 2321 608
1 12 7708 61
14 7 23563 120
1 9 97548 129
9 7 35064 170
5 18 25079 120
20 4 31314 31
10 6 6922 223
7 8 47712 171
2 6 9582 85
13 11 5671 46
17 11 5657 391
5 10 17242 268
17 12 29025 188
11 10 11898 80
6 9 40541 35
9 12 65142 258
10 9 369787 355
19 17 39674 160
20 3 50454 279
11 14 30423 115
6 1 48748 562
14 1 22661 395
3 8 55596 101
17 8 28732 753
19 7 9969 359
12 17 31970 73
14 15 2308 60
5 17 69332 142
3 14 26309 336
15 9 11298 199
18 4 13604 44
7 4 49161 157
7 3 3813 52
18 16 43204 136
14 5 106892 618
11 4 4026 17
5 3 308929 332
19 20 29061 93
3 1 39557 69
6 20 8540 21
13 9 4644 642
9 8 24347 124
20 15 15744 188
8 20 241651 42
5 4 66712 63
3 2 181499 164
7 16 68121 534
19 5 11403 482
18 3 32837 135
5 16 10743 342
7 10 120653 320
13 12 26212 189
6 18 17672 202
3 12 9062 181
11 12 15638 124
5 19 24290 31
12 18 9093 130
7 11 25909 438
1 18 8311 148
18 13 17489 14
20 18 58852 95
8 9 39667 295
18 7 9291 187
13 8 8925 456
2 1 1649 60
20 13 46422 193
17 4 8731 16
14 11 23765 1683
1 13 13551 624
1 14 15251 413
16 18 4323 32
15 2 26362 51
16 11 18115 61
19 13 20384 466
6 7 9030 88
20 17 116312 93
8 7 72549 84
7 14 63040 358
4 247
7 70
5 154
18 306
9 549
3 195

6632229
