20 99 3 3
8 19 8101 262
8 7 13944 44
8 18 28114 61
8 20 3391 267
8 11 8254 550
8 4 12986 246
8 17 12231 101
8 9 12541 93
8 13 8572 57
8 6 34974 113
8 3 56461 149
8 14 9531 195
8 5 28355 121
8 1 5104 131
8 12 50231 1212
8 2 60456 347
8 10 128162 155
8 16 9697 28
8 15 98804 76
14 18 10446 149
1 20 14347 194
1 3 35976 450
14 6 22601 215
11 12 18614 26
12 15 13412 70
15 4 35462 54
14 4 13078 82
5 2 124498 726
3 17 17324 122
17 4 78044 161
15 7 4272 714
3 18 74334 256
7 1 33166 141
16 3 61945 100
6 1 18975 322
4 5 8041 38
6 11 34330 29
11 20 16648 105
9 1 24917 96
15 17 12024 43
18 9 25742 572
10 2 91185 116
5 4 16324 26
11 1 20938 39
9 11 63936 675
10 6 36281 116
19 14 29611 14
3 12 6743 229
16 12 10027 149
13 4 36597 249
10 15 11961 133
2 17 25628 29
7 20 4159 157
11 2 25569 119
7 5 99734 127
9 14 64218 1259
1 9 6588 725
16 6 13908 59
14 12 10240 425
10 17 12420 409
19 10 34230 474
4 14 27769 30
15 19 48806 19
13 19 83246 470
7 2 4519 24
9 18 12024 233
3 15 10281 190
2 15 76024 43
2 7 249141 40
4 7 14920 243
15 12 7559 167
18 19 109539 210
16 7 53691 29
11 17 11789 9
2 13 6049 21
1 19 58179 97
9 6 4236 77
2 16 7438 38
4 15 3636 153
17 5 9493 181
18 17 30990 143
14 19 6542 1592
5 19 27527 132
2 12 28794 55
13 16 59188 34
17 11 3716 142
11 18 11292 72
14 8 6890 95
20 4 2884 89
9 12 1873 112
17 16 70745 423
12 11 17350 175
12 14 20857 46
19 3 5924 77
14 2 20253 78
9 5 37830 50
6 5 9116 316
1 8 209603 42
1 17 66848 211
8 57
14 14
9 70
17 69
12 36
19 16

1230249
