20 99 3 3
10 13 37935 129
10 5 27037 671
10 16 49103 43
10 9 4552 342
10 18 16734 105
10 19 54167 408
10 8 42990 91
10 3 89344 112
10 11 17863 86
10 12 5679 337
10 15 13671 264
10 20 36530 553
10 6 16563 43
10 2 57946 453
10 4 13097 203
10 17 32581 104
10 14 54740 9
10 1 47108 62
10 7 62249 91
17 18 44753 78
18 14 12394 129
5 14 9510 294
17 5 60785 109
18 9 5108 105
15 16 20475 233
15 12 13494 115
19 6 7310 283
6 20 15558 149
13 12 24083 183
4 11 19792 61
20 6 79439 78
17 6 16189 272
9 19 81674 149
6 13 14729 301
14 11 10569 664
8 20 10206 362
2 10 2861 39
2 13 25271 207
8 4 27194 319
14 2 166229 237
19 9 3770 22
17 8 163161 461
11 4 9723 60
11 14 42409 55
17 4 31030 60
8 13 50496 434
3 2 50791 759
16 8 16735 287
9 18 60480 328
8 5 7391 228
1 16 29885 41
5 6 10617 70
14 9 24916 27
12 14 26785 298
14 7 93056 215
7 8 66415 44
9 7 68507 1049
13 11 4866 126
17 16 5146 129
16 12 22701 42
2 16 82983 86
7 10 67705 427
16 18 21918 155
9 5 26366 371
1 12 7447 64
2 6 54213 291
18 16 159010 93
16 17 32166 105
17 12 30056 962
14 20 46427 1030
5 1 7773 163
9 2 23396 335
2 3 22820 258
4 19 41172 504
7 14 20848 256
20 5 76215 36
5 12 205475 724
13 17 28853 196
11 18 26300 103
15 6 17551 341
17 9 34771 35
17 1 7225 274
16 3 5885 322
6 12 17690 42
17 13 29550 548
13 14 5902 225
7 17 12054 93
1 7 25678 158
19 5 6509 540
16 2 6538 491
17 11 13437 495
16 20 10816 76
12 17 30433 104
1 5 45348 309
5 10 19182 94
7 2 27051 80
7 9 23175 224
3 7 8458 720
11 13 25759 102
10 76
17 66
16 77
12 40
14 16
6 146

3897303
