20 99 3 3
19 5 15109 369
19 20 15977 545
19 17 2466 45
19 5 28699 68
19 15 95898 334
19 16 71963 12
19 13 30574 796
19 5 99015 280
19 8 10713 45
19 18 2481 60
19 2 7622 124
19 7 52283 261
19 15 49933 410
19 12 9599 510
19 18 25773 152
19 7 41208 225
19 3 39972 1664
19 17 4229 76
19 14 252514 79
8 1 11783 823
8 12 44275 32
9 8 9614 701
14 19 1984 216
4 16 9310 177
10 2 16562 48
5 3 21726 74
8 17 5712 64
11 17 14379 125
1 7 11626 502
13 3 36913 225
1 17 85075 174
2 3 25024 41
2 13 19285 261
16 3 27533 423
13 14 35554 170
4 14 5258 46
4 19 21668 322
15 7 23904 324
5 15 23236 205
3 12 39000 54
20 7 24284 570
8 5 56298 80
17 11 4744 947
8 15 197521 191
16 6 44765 74
6 9 10592 111
18 1 19973 279
8 20 4593 423
2 11 20990 163
20 4 34009 298
18 7 18527 153
7 16 74381 174
15 4 34044 59
18 8 87125 198
17 2 20844 156
10 4 21490 129
12 7 80600 160
3 15 24204 66
12 2 103651 84
11 19 18149 221
16 10 39502 34
3 13 34728 63
8 9 15674 291
4 15 12580 621
14 11 98312 36
5 20 15659 205
10 17 15106 190
6 12 55207 326
6 2 59030 26
15 3 10208 91
1 18 13828 770
2 14 24398 41
3 11 52038 105
8 2 27293 107
10 8 13681 117
7 1 8129 296
6 10 21949 100
7 8 22195 373
1 19 23625 649
4 11 30331 39
11 2 21683 170
8 6 14088 4136
12 8 14907 483
5 1 56501 207
9 1 7197 308
14 1 107459 143
12 16 4609 124
13 9 138861 51
14 9 35143 80
5 17 34752 40
1 2 15447 87
12 15 36103 259
6 11 40115 869
17 6 22787 173
10 18 184267 134
10 5 27681 598
5 13 5330 330
17 19 7784 146
9 10 55393 322
19 76
8 54
10 96
2 48
17 60
15 118

4803410
