20 99 3 3
7 8 28399 269
7 10 70664 214
7 15 16054 334
7 18 140042 407
7 4 67532 145
7 12 3892 31
7 5 949 28
7 19 41877 29
7 13 4684 29
7 3 127409 158
7 9 18229 123
7 20 143871 716
7 14 19259 408
7 18 9220 223
7 3 39129 136
7 5 43045 151
7 11 31878 104
7 1 3821 37
7 4 12433 119
3 5 10539 39
9 14 46068 99
8 6 25903 45
13 12 65860 110
3 16 33576 134
5 14 37042 137
16 5 39587 301
11 7 51654 268
8 10 56058 211
10 9 3846 254
8 15 32340 124
9 8 39157 120
2 16 20209 44
3 12 47027 122
2 10 20176 69
19 11 26244 60
14 16 6362 386
1 2 21226 286
1 13 6093 1433
9 5 42370 140
15 20 14973 35
16 4 48136 43
1 8 6640 66
6 20 119569 1162
10 15 44607 444
13 20 16330 95
14 8 13654 30
16 1 4190 416
4 16 9597 61
5 11 38462 287
1 20 31524 250
20 14 44572 58
15 17 51903 24
1 9 17462 48
3 15 78793 69
9 13 67340 110
3 20 58352 102
18 5 17103 383
6 8 5244 622
10 13 7822 676
13 5 53935 75
9 3 10307 24
1 11 42923 230
2 20 51562 835
19 3 18788 34
16 2 80218 160
12 18 28603 48
11 3 31037 73
16 11 54496 92
9 4 52146 316
4 3 12454 95
19 16 89810 287
15 1 26823 2225
1 15 28088 201
4 14 10901 145
4 9 5243 345
13 9 22972 83
20 11 22388 74
16 19 30739 136
12 8 2795 98
14 7 3104 118
19 9 6219 59
1 12 2917 228
18 17 16295 227
6 9 31763 27
16 14 18617 565
3 11 35085 39
18 2 64053 83
13 14 23707 148
16 17 17227 90
19 17 6536 206
5 4 35614 377
19 10 18430 76
3 7 13060 101
18 7 15854 497
17 2 67733 65
17 16 50092 82
10 19 43132 47
17 6 27844 54
3 4 36070 360
7 1216
16 96
3 96
20 1472
14 1116
11 32

58698687
