20 99 3 3
1 19 15263 281
1 12 13617 50
1 16 5611 248
1 13 5783 110
1 8 5553 124
1 5 143048 549
1 8 17089 36
1 4 6882 135
1 6 5545 149
1 11 80868 323
1 2 8878 41
1 15 35366 369
1 17 12202 347
1 15 65955 71
1 19 16670 722
1 11 13440 42
1 9 3558 110
1 12 9691 2682
1 18 10125 122
15 19 30324 166
20 4 45332 53
11 6 60172 150
17 12 6631 340
3 20 13291 82
6 12 414110 89
7 3 11061 301
9 15 23244 265
5 16 9350 173
18 17 17835 245
12 4 59595 101
11 17 52028 575
4 1 21004 610
9 19 30056 171
8 19 42893 169
10 12 52499 185
7 14 19713 122
18 16 4504 10
11 12 127465 82
16 18 14593 91
2 18 29081 168
11 15 15796 9
13 3 20366 72
8 15 1583 72
17 20 33790 178
3 4 17350 207
14 2 34679 284
4 8 30188 131
14 18 31069 246
14 15 128303 161
4 13 15541 1445
2 20 32758 288
7 13 13875 232
3 5 18513 210
8 20 21525 51
17 7 7176 103
10 5 10958 544
10 2 332400 215
2 19 10442 218
15 6 27400 48
8 11 21400 45
2 17 35231 191
20 16 25631 69
6 19 37431 79
5 3 26496 206
20 10 31044 203
17 9 16560 70
15 7 9267 534
11 14 54253 61
5 9 7029 71
8 9 28285 204
14 20 17177 113
20 7 22181 156
6 13 25971 404
14 8 53397 110
9 12 7970 398
17 10 40885 121
11 16 65029 205
16 19 51695 286
19 12 9526 321
8 10 36899 163
9 13 16428 148
9 5 67676 265
15 5 22152 857
3 6 145943 76
17 3 12977 126
14 10 96758 347
8 4 2666 148
15 1 33392 127
16 20 32256 166
11 19 54870 352
7 5 26137 363
3 11 4223 55
2 11 40155 102
5 15 39361 32
11 5 164787 104
5 2 26456 94
15 2 7524 751
13 2 28839 115
5 12 10043 127
1 285
11 72
8 42
19 225
12 70
15 122

7646962
