20 99 3 3
17 8 48348 48
17 19 28076 400
17 13 16934 211
17 6 8145 77
17 2 4332 78
17 4 11500 72
17 4 197796 188
17 7 113161 82
17 5 9465 172
17 1 30958 63
17 13 71020 1040
17 8 9555 732
17 14 21578 314
17 14 117992 238
17 6 24544 88
17 14 26214 363
17 5 24574 379
17 9 7521 43
17 14 19816 205
9 13 7578 159
8 14 74951 761
20 19 1246 289
16 7 20351 451
18 1 204934 209
13 5 14348 102
1 8 18079 451
1 9 72902 108
14 9 25012 315
20 18 1058 190
2 7 48214 138
2 1 22956 399
15 3 83502 796
16 19 29199 62
17 10 60637 138
8 6 6817 176
6 12 11874 131
11 12 148909 52
6 8 7814 257
9 17 4839 426
16 9 16078 369
12 5 70761 64
5 7 46655 152
13 4 3323 66
1 5 12968 142
16 13 8590 40
13 15 173380 77
14 10 38063 26
6 10 5964 106
19 20 31170 355
4 18 35411 38
4 5 11178 578
19 15 34765 14
18 5 131285 42
19 3 120748 148
14 18 7330 88
15 18 11006 354
5 19 43576 42
17 18 10419 45
4 1 46323 332
15 14 19176 221
5 8 19546 1469
5 15 15989 170
15 20 37452 47
19 18 69205 140
2 4 5009 62
19 12 295240 1184
2 6 35758 400
13 11 20385 160
3 14 132065 42
13 6 10704 207
17 15 8557 204
19 1 81228 50
14 19 39501 112
16 20 25620 160
13 20 24330 72
5 18 58458 115
19 13 9614 109
10 15 13170 137
6 14 85798 110
5 13 10323 512
13 16 30310 165
13 7 13765 1026
18 14 146521 78
19 4 16334 151
20 7 9166 433
11 5 133589 488
4 13 58761 191
6 7 31460 1686
1 3 10082 106
1 12 20823 30
6 2 3969 191
4 8 10696 95
11 19 14663 77
10 18 25683 276
10 20 18213 75
11 17 13882 303
3 16 18941 265
4 16 47477 107
1 17 9599 97
17 88
19 96
13 80
14 72
18 245
5 33

6070672
