20 99 3 3
15 1 24147 100
15 13 35672 218
15 6 44948 495
15 7 88655 87
15 3 10532 249
15 9 255213 350
15 20 3524 55
15 2 10186 94
15 16 8811 1399
15 17 18045 488
15 19 62637 275
15 11 4039 169
15 4 16789 66
15 18 106515 38
15 10 25321 58
15 12 34198 104
15 8 9459 81
15 14 9584 167
15 5 9761 105
18 3 4690 25
10 7 13428 314
8 1 7444 110
7 12 2733 390
17 5 227344 83
16 13 13180 291
2 20 121821 263
2 5 13238 238
13 16 11864 451
19 16 33888 475
6 18 18466 359
12 14 29645 173
3 13 48430 264
19 7 6444 153
11 18 53549 96
7 10 27759 397
2 9 53863 312
4 19 25058 120
11 13 44794 115
20 19 150510 76
5 17 46717 826
18 12 72631 53
8 19 12985 1001
1 9 19505 78
9 7 13963 344
11 10 5317 53
16 9 39774 266
7 8 10262 829
8 3 4338 111
20 4 81568 31
6 2 28744 555
2 12 14665 580
1 20 12805 61
3 9 58002 815
3 7 17561 411
6 3 10673 285
18 7 18182 345
12 18 34252 303
5 3 100182 178
19 10 17798 111
14 20 11706 215
7 17 9485 79
9 11 38280 109
4 14 6673 68
12 7 24024 439
20 1 16554 39
14 7 28903 14
20 12 19016 355
13 18 36531 30
12 1 17673 214
11 4 63705 124
1 17 88862 408
7 13 33782 56
19 12 9350 97
5 19 7980 219
3 15 102767 77
2 14 4568 138
13 1 13859 103
8 7 18705 298
18 8 5206 51
7 20 41434 58
13 12 27515 64
11 17 12056 26
18 13 23750 109
14 12 130523 8
5 7 11644 23
6 10 19859 310
16 20 32190 213
13 14 57016 359
9 1 69736 144
18 6 78422 200
19 5 42144 117
16 18 15965 106
7 2 69017 20
11 8 16965 233
1 18 22786 72
8 6 115610 676
7 18 24914 54
10 3 30853 289
14 5 26718 7
15 133
7 32
18 342
12 32
20 18
13 141

3297353
