20 99 3 3
4 10 5764 151
4 13 21638 30
4 14 8764 214
4 18 67974 341
4 3 23452 583
4 7 40949 90
4 18 24626 438
4 10 8597 284
4 10 2153 24
4 16 28160 195
4 3 2998 18
4 5 11777 140
4 3 4611 233
4 6 47051 245
4 1 9795 247
4 20 35446 914
4 20 22639 337
4 14 21771 127
4 1 41575 81
18 4 10071 362
3 14 8081 1301
18 6 6459 52
18 17 29809 58
16 3 21612 404
15 19 8028 278
1 8 45647 132
16 12 36367 149
17 11 17900 591
6 5 9115 336
15 16 17233 233
15 13 32132 60
10 18 38728 461
2 4 31025 675
10 19 85054 180
1 5 140395 44
1 3 16802 251
2 15 10451 161
6 4 25277 63
11 4 9985 264
20 18 38069 42
12 3 3295 222
7 11 17880 130
3 16 46986 183
3 5 11546 57
3 4 12053 151
14 2 18864 39
9 1 18173 90
7 19 10714 122
13 18 48216 55
14 13 14257 310
20 1 13668 51
15 17 23581 67
2 14 15388 424
3 20 20720 229
7 2 7910 270
3 1 1179 60
10 2 219184 1073
13 2 47658 796
12 6 16158 87
14 17 52636 695
20 7 51102 88
10 20 2792 284
17 4 16620 13
14 9 26667 93
11 1 2000 98
3 12 3887 292
20 4 33793 491
3 6 81665 539
19 4 45944 466
14 19 26831 87
13 7 43242 142
13 3 38859 241
11 12 5582 139
20 16 80295 560
18 13 55934 79
10 17 51213 247
20 12 100797 91
7 6 17673 100
8 10 208437 112
15 1 60947 81
5 1 4286 109
20 10 83135 41
14 12 13573 552
3 11 6357 94
11 16 115599 303
16 13 21645 14
18 10 1793 241
2 19 5624 106
12 19 46128 170
7 20 64969 91
18 12 8772 1206
1 10 7591 240
7 18 14172 1068
16 11 17750 162
8 18 63260 34
16 7 19528 102
13 5 24623 111
19 20 4218 332
15 12 5205 411
4 152
3 36
20 203
1 892
18 381
12 76

8398204
