20 99 3 3
3 5 8049 366
3 1 4224 181
3 19 22100 165
3 10 25331 259
3 11 61272 608
3 1 73093 363
3 13 14147 70
3 1 6360 60
3 7 70741 324
3 16 3762 148
3 1 105449 147
3 2 31788 23
3 17 8323 144
3 19 12988 237
3 16 42546 173
3 17 192874 177
3 7 50838 160
3 7 14143 203
3 10 97648 101
14 19 28099 132
19 13 20275 88
7 12 13969 36
16 17 48553 40
6 2 38257 17
8 9 19487 368
17 12 6016 477
2 3 149040 30
16 13 12446 165
6 3 58454 278
14 17 38853 981
16 5 68767 47
14 3 319299 484
14 10 42793 73
12 19 13304 57
14 1 342125 62
7 4 28745 79
9 4 62028 903
12 3 30900 100
17 15 37317 897
16 2 43196 43
1 2 33806 26
4 10 37518 1214
5 17 6510 964
5 9 30520 39
4 12 120869 762
2 12 47780 58
14 16 17815 49
6 14 5804 19
19 12 15390 110
4 16 4555 69
13 5 43534 93
19 5 4683 32
20 7 38230 52
5 19 63941 156
2 15 41344 207
1 19 30691 2214
17 19 128634 148
11 17 37751 582
16 4 10570 39
20 10 3612 35
9 6 41661 52
3 20 48918 562
15 3 158515 477
14 7 14473 213
18 15 151024 193
10 18 117177 105
6 1 26003 113
9 12 88293 171
6 10 78872 30
14 15 6746 120
20 16 23233 256
6 17 43562 112
14 9 14662 76
19 6 2326 72
11 19 8651 93
15 4 43585 83
13 18 7652 73
17 10 31142 197
6 20 5335 126
2 1 21666 104
9 10 35487 862
2 8 32566 148
19 16 6110 463
1 17 22802 170
9 20 26086 111
1 12 70951 147
9 16 59404 228
4 18 16915 151
18 5 73078 124
7 14 7650 141
8 13 31805 126
17 7 171936 183
19 2 18258 118
2 4 6423 62
19 8 46806 275
13 1 8870 105
19 11 36208 331
14 2 61464 478
18 3 56663 19
3 140
14 20
19 56
17 36
10 13
1 19

Impossible
