20 99 3 3
7 8 35725 161
7 13 1276 77
7 10 7737 217
7 9 57813 111
7 5 6928 495
7 20 62254 546
7 16 11989 15
7 9 22358 551
7 15 49132 100
7 17 125739 2211
7 8 17985 553
7 20 8236 233
7 20 5557 83
7 2 10569 499
7 4 8968 101
7 4 24043 37
7 12 76150 199
7 18 10042 2256
7 1 12767 85
16 14 19160 124
5 3 29443 122
16 18 54613 12
13 20 109281 142
3 6 33888 148
5 6 9032 51
4 9 20508 544
9 2 17079 85
17 4 47877 100
18 2 18216 59
2 10 37619 321
1 4 8179 727
16 3 19062 67
12 8 6669 305
19 3 13143 33
9 17 18902 8
8 9 63625 67
3 7 25754 279
9 6 17205 559
18 4 34838 27
1 9 73366 175
3 16 3420 216
13 19 8098 300
10 7 18005 27
7 11 37272 26
4 20 12602 36
9 4 15854 60
16 10 2956 200
13 11 12004 614
4 1 5071 139
1 10 129220 240
20 3 48733 214
19 18 51195 78
9 8 27840 143
3 15 21318 53
14 8 25103 38
6 14 20398 382
12 18 84557 91
10 3 11029 138
11 2 22802 39
11 16 199778 720
17 8 2258 325
14 20 13339 250
5 15 20735 220
10 18 8027 281
14 4 14807 201
8 12 18284 230
9 1 8615 55
11 5 19395 258
10 17 16541 138
1 6 26937 248
5 19 49495 269
6 8 28544 256
17 1 6645 151
9 19 369807 121
13 5 2199 119
3 13 11178 128
13 3 50679 120
19 2 53085 68
15 17 11133 46
9 12 22355 278
16 6 11908 91
16 17 191184 366
8 13 131747 102
5 10 13589 109
1 11 34351 241
2 4 6269 100
17 14 193298 142
5 17 5000 194
3 2 15663 166
9 10 7777 59
2 16 44477 550
19 4 13717 220
18 19 11884 116
15 18 18799 110
19 13 15644 112
5 16 71395 237
4 11 30933 60
3 9 4904 441
20 11 28513 290
7 320
9 18
5 154
4 1583
8 49
20 209

5295649
