20 99 3 3
3 20 19475 209
3 13 75096 108
3 17 23751 44
3 1 23954 913
3 16 23276 44
3 15 13835 66
3 1 11657 533
3 6 14398 116
3 16 97814 236
3 12 152225 597
3 2 30295 321
3 9 24137 43
3 13 20589 16
3 14 3982 1293
3 6 5008 249
3 9 12428 125
3 18 13815 469
3 12 9221 74
3 18 59735 56
2 1 25458 49
14 8 17723 60
9 15 58890 79
4 14 3910 416
16 18 50317 225
1 14 80202 104
10 18 163700 213
13 17 131568 106
6 16 675 253
6 13 37016 84
14 16 20719 43
8 4 9695 71
11 8 14198 40
10 3 29442 380
20 4 57212 203
7 5 22414 17
12 1 40159 218
1 15 9815 293
7 17 51887 678
6 18 3999 87
14 2 13084 8
6 10 16950 83
16 11 74982 30
5 14 39139 110
2 8 72492 43
7 15 63741 66
8 2 28824 70
9 7 4030 156
12 6 9980 559
18 2 14414 288
12 16 5433 146
13 3 33591 109
5 2 36411 104
3 4 12508 4139
10 8 35314 268
12 7 25299 63
17 13 26130 319
17 14 8192 340
14 13 33316 1708
12 14 4054 432
18 17 11192 215
19 20 8322 367
4 1 59120 183
11 4 27865 28
12 18 27850 530
9 1 23501 26
1 18 10188 17
5 6 49026 83
16 13 23930 178
9 2 2851 142
15 11 4622 259
9 10 28445 285
1 8 7547 232
12 13 23067 609
11 5 26421 751
15 10 59535 68
15 1 13748 141
20 11 5729 631
4 2 5286 243
15 2 20204 625
16 20 45515 65
9 4 9587 111
14 5 25472 241
9 16 33548 78
9 20 43165 42
4 8 9453 170
1 17 12309 1230
15 18 8929 325
7 1 18851 178
15 9 33538 85
8 6 80095 61
12 15 68849 195
8 12 8339 84
1 7 70578 901
13 20 5215 22
11 2 13410 120
16 9 34223 149
20 6 115645 388
18 7 6835 26
20 10 5953 80
3 520
12 56
9 24
2 170
18 308
1 312

7199512
