20 99 3 3
15 18 477138 313
15 9 2624 317
15 10 5604 319
15 18 10755 558
15 17 5833 71
15 5 7197 98
15 20 4006 14
15 6 191948 485
15 3 29922 401
15 5 15571 1251
15 4 9944 328
15 12 19814 145
15 18 62185 649
15 14 11544 193
15 10 37920 433
15 2 254533 200
15 19 14183 187
15 12 91998 190
15 14 13359 300
9 20 13350 102
4 16 10488 74
13 16 8677 97
8 12 31576 1165
14 3 44760 132
12 4 145960 78
20 9 20130 11
16 7 33035 185
1 10 48471 573
18 10 62999 427
8 13 22075 491
4 2 40695 107
4 10 15956 178
12 20 5351 31
9 14 10228 170
6 8 94605 183
3 10 39477 85
12 3 29241 47
3 2 8642 96
16 18 10310 296
3 16 1388 95
20 4 18430 169
19 20 5654 259
5 13 21018 264
1 15 14817 312
2 19 82130 27
16 1 4092 92
8 15 52717 764
19 4 29584 951
16 11 39909 117
11 10 13768 79
12 11 23814 64
3 4 67864 322
9 19 2810 79
18 11 7480 74
4 15 4117 75
4 8 32910 29
7 11 75107 130
10 16 62412 267
11 9 17605 123
7 17 97522 391
18 2 40496 335
14 11 21990 151
17 7 30475 103
18 14 7148 1140
1 9 19053 84
14 19 8957 58
7 1 13307 278
9 7 14302 435
4 19 35704 32
19 7 41811 113
8 1 61587 26
9 15 18834 540
12 1 24186 110
12 10 38967 324
11 20 63557 35
11 2 23693 963
20 2 5639 214
10 12 29882 131
19 14 52316 252
9 11 8124 24
18 5 18660 53
6 17 80982 200
10 17 17938 618
3 19 30097 90
7 19 22470 752
12 19 45164 61
1 14 8405 132
20 18 24846 540
16 12 17289 43
13 18 3227 217
18 8 6693 121
10 14 32369 71
4 9 219488 158
1 11 5651 45
1 8 5483 87
2 5 11912 586
14 10 19378 57
17 11 45263 410
1 16 19723 99
15 1178
12 91
4 28
10 321
19 3715
11 241

30591907
