20 99 3 3
6 4 34614 231
6 1 81419 183
6 12 21272 698
6 1 30516 1076
6 7 25204 382
6 9 21854 23
6 3 32649 421
6 7 26290 244
6 10 33435 644
6 18 6346 174
6 9 14281 249
6 12 16978 544
6 2 101693 362
6 5 8260 250
6 2 12401 530
6 18 40006 100
6 16 3403 30
6 15 42901 185
6 7 32411 570
20 7 22350 799
13 1 64844 158
13 17 18429 139
5 4 137587 44
7 20 50256 124
15 9 109086 689
7 11 10340 183
1 8 59423 238
20 16 27955 144
10 20 41842 459
3 6 41736 294
15 4 2887 182
8 10 39390 67
14 12 49265 925
8 7 15449 45
20 12 68179 185
17 2 56993 34
15 10 2443 176
11 18 88934 204
9 20 17816 799
16 17 3033 69
11 4 3473 303
4 1 12326 470
10 9 40645 219
14 6 24694 256
14 2 2114 425
7 16 100182 302
14 16 26561 126
11 20 8938 298
18 14 12929 192
8 6 42245 119
15 20 40736 324
9 10 9350 255
18 19 31159 1362
9 8 59150 344
9 13 16787 192
15 14 66964 119
8 18 53621 298
8 20 48154 29
5 6 56307 317
1 16 37185 55
18 11 13409 82
12 15 20881 58
8 17 57274 59
15 11 168643 205
6 13 31141 203
2 1 63757 346
7 6 12440 61
18 16 229423 219
1 3 15816 151
9 17 40898 74
15 17 16478 29
8 16 37591 247
2 16 29522 255
12 7 6271 47
9 12 56865 73
5 16 10909 346
2 8 3945 256
13 9 3475 84
13 19 33523 202
19 1 12558 110
19 16 2905 176
7 4 25411 1118
15 8 76704 238
6 19 19307 91
14 8 49428 21
19 17 10751 207
20 17 34821 340
1 2 15477 82
3 9 16195 165
14 4 7766 177
9 19 13825 263
8 4 82885 80
1 13 14804 43
2 12 30045 76
7 2 22886 246
3 1 4902 129
16 2 121611 119
11 7 23956 244
14 9 17514 107
6 105
15 520
8 16
16 220
17 114
9 529

26976166
