20 99 3 3
17 12 4756 44
17 9 15823 53
17 4 46344 68
17 6 2832 89
17 2 5986 656
17 16 5038 1045
17 1 3004 131
17 10 28938 87
17 3 103725 85
17 11 19209 307
17 15 18727 480
17 5 31908 62
17 18 16568 88
17 7 34990 103
17 13 43435 713
17 19 89892 308
17 8 15419 347
17 20 17495 65
17 14 9939 455
5 9 23075 110
9 14 30666 385
7 18 127464 145
6 19 33241 49
10 8 5975 120
8 14 53924 270
1 2 10362 114
5 19 66803 404
11 15 32175 93
20 7 15826 506
12 10 3181 29
6 16 41919 574
10 1 6756 797
5 1 5309 390
2 11 67550 317
3 11 13349 103
13 17 79923 10
5 15 34212 176
13 8 2019 84
4 6 64362 127
8 20 93117 283
18 20 5554 254
7 16 31320 54
5 14 89318 160
8 18 14914 402
2 4 27878 109
20 8 236069 145
20 13 22140 142
18 8 108043 90
13 2 61337 21
3 5 150305 216
18 16 10714 205
14 17 75982 593
6 2 25712 32
6 8 215539 153
15 6 116433 176
4 2 80316 322
12 1 11329 68
14 18 102150 45
8 6 15590 133
12 16 5052 201
20 15 19958 394
9 6 9145 197
4 15 49562 60
11 9 28291 48
12 7 3214 175
3 6 57486 247
2 3 20321 111
11 19 11957 232
4 8 17025 691
4 17 202756 32
11 6 11045 195
4 11 148071 314
5 6 2326 621
9 5 8152 311
16 7 5856 128
10 12 83001 502
18 15 26179 42
6 5 18046 151
1 5 8696 74
19 7 14073 164
8 7 18029 48
6 9 73232 69
14 20 27007 54
15 7 10079 179
5 20 20494 84
4 16 92911 18
19 2 24906 311
13 3 5302 370
3 9 20740 160
15 9 23844 505
4 14 3870 47
11 13 195573 260
3 14 6893 53
13 7 11549 32
4 10 34817 8
16 5 30357 344
18 11 30158 445
9 10 16772 273
19 10 7553 148
17 95
4 288
5 70
7 67
6 230
8 42

5666784
