20 99 3 3
6 3 16005 162
6 12 3895 285
6 10 82104 63
6 9 128664 49
6 19 17030 545
6 7 35981 68
6 8 10186 830
6 15 9610 61
6 5 2041 206
6 11 3498 87
6 1 28827 25
6 5 13953 408
6 4 62795 616
6 13 11591 60
6 5 37503 57
6 4 9198 92
6 14 11714 8
6 9 15836 88
6 9 37780 470
3 18 51915 250
20 7 40458 177
16 18 19185 738
18 15 28875 329
1 9 19861 1221
19 4 87886 168
2 3 97717 141
14 7 35830 328
9 1 43266 163
3 19 73210 117
12 19 24861 307
3 20 15275 106
13 20 30433 91
11 20 6385 93
20 3 15689 195
8 11 13377 149
6 17 73139 178
19 15 43367 380
17 14 12381 42
14 8 26015 339
4 2 12745 217
9 3 7894 563
13 3 21988 19
19 13 43472 232
2 19 14982 864
10 1 56021 123
7 18 7259 26
10 14 17952 379
18 6 32018 205
16 5 3586 835
5 7 9009 326
9 20 11859 422
2 17 27343 98
20 11 124427 538
2 6 8089 169
18 7 9354 1044
12 7 19345 145
4 5 24163 807
8 3 52882 95
15 5 90993 387
17 1 31493 167
16 15 18050 20
14 9 14157 18
11 13 10412 342
3 5 6498 97
13 6 21326 69
13 12 78781 55
4 6 21219 95
16 19 10342 307
19 10 2790 421
12 3 18983 113
1 19 38281 71
17 5 13640 80
2 11 25803 50
5 3 29696 317
17 3 82159 230
9 13 139896 381
20 10 8538 60
13 7 40997 422
4 7 36825 194
5 14 20480 766
1 4 25562 69
5 11 57476 524
18 17 87223 76
17 11 43220 330
13 5 28546 1026
2 7 48167 52
15 13 44475 47
9 4 23842 86
18 2 37976 585
13 9 15069 213
4 15 140012 82
20 4 23394 172
16 4 43912 67
7 9 12880 153
3 11 12511 55
9 7 7026 44
10 12 69694 88
20 19 4557 135
9 12 13303 206
6 400
13 98
9 77
7 431
5 38
3 252

8348284
