20 99 3 3
14 1 21048 94
14 18 14980 628
14 10 9994 59
14 3 9800 158
14 7 9899 479
14 17 23977 15
14 20 4058 442
14 2 11938 282
14 12 20383 495
14 19 45655 167
14 13 20850 239
14 11 6603 230
14 8 64229 58
14 5 42289 65
14 15 66355 59
14 6 6418 90
14 9 30570 116
14 16 96351 39
14 4 21140 462
2 7 35165 135
18 12 109131 40
5 8 23022 196
3 17 10015 167
10 17 35519 259
3 18 16912 85
11 2 20747 311
5 4 5731 35
6 3 35875 152
15 10 464507 271
17 6 4725 131
16 6 29606 70
11 4 2274 233
18 7 70840 276
13 11 129391 396
6 9 17038 362
20 12 12887 760
16 18 21623 65
19 13 12271 61
18 16 13130 423
18 11 15699 109
7 1 7193 42
11 1 26466 418
19 16 10644 126
19 3 8215 99
13 20 8973 468
4 8 24661 39
17 15 41363 45
16 14 26089 217
15 13 121578 131
18 10 4938 47
12 6 20934 59
18 17 43832 12
10 5 6440 484
9 14 9625 393
17 7 2994 186
4 15 11305 100
5 13 39876 359
13 1 103339 28
5 14 29710 147
7 15 13718 242
16 17 19754 130
16 1 51468 134
17 13 183942 159
12 16 36227 260
18 3 113633 296
17 12 22608 306
19 10 28179 643
1 6 10625 231
16 12 15459 16
6 20 60017 326
12 15 43303 60
13 12 14856 82
15 2 19931 69
2 11 132604 84
12 4 47549 894
3 11 31385 57
15 16 52938 484
5 16 6121 143
20 18 28298 85
17 8 68239 81
18 6 6034 83
17 19 3992 231
19 9 3733 118
1 7 13234 117
13 19 7344 79
7 16 4944 78
8 17 18351 123
16 4 83147 333
7 3 9366 161
2 1 21189 151
20 17 11019 171
6 13 6627 226
17 9 17137 1358
3 20 16613 17
12 14 15877 669
12 17 3036 166
12 19 76685 101
19 7 56303 112
8 2 25643 359
14 209
18 24
17 104
16 36
13 22
12 49

1365817
