20 99 3 3
10 6 12196 337
10 2 101140 162
10 13 45725 223
10 1 4608 1024
10 15 112126 166
10 20 57718 450
10 17 17087 645
10 16 29432 1190
10 19 102488 253
10 6 22987 169
10 13 23574 36
10 11 39690 289
10 17 6950 66
10 13 10452 603
10 9 97622 62
10 11 38953 217
10 3 34787 413
10 17 19372 40
10 1 12709 139
5 4 149290 36
3 4 20478 780
12 18 8474 159
1 18 21213 597
13 11 17058 165
10 14 18503 528
9 2 7197 56
4 7 33162 309
8 19 43883 242
11 1 8846 42
8 11 284553 928
1 16 15273 63
13 16 103637 288
1 15 58529 128
7 19 33180 467
6 3 18390 128
16 19 29028 279
20 17 3459 514
10 8 2514 466
20 14 19165 23
4 13 40418 555
13 3 13292 62
6 12 8855 276
7 2 32370 19
6 17 37236 723
14 7 24522 93
3 15 2614 51
13 18 18089 40
4 17 31161 39
17 2 15827 79
14 8 17698 538
6 2 15009 359
18 3 8267 162
14 17 12714 118
19 11 402052 346
9 8 7082 361
4 18 7804 665
17 3 1627 122
11 3 136436 67
16 10 36419 588
18 9 6734 244
17 7 6221 122
14 18 10176 176
14 20 34080 446
19 8 38801 133
16 5 93627 194
7 20 27214 32
2 6 17958 43
5 9 78283 188
6 1 14737 54
1 17 11880 218
1 20 35724 62
4 15 22166 142
11 20 11231 116
2 10 50811 337
16 3 17586 173
17 9 34251 91
13 9 20280 133
5 15 33325 580
6 14 217230 114
20 18 34605 55
4 5 23295 171
8 4 97223 54
7 14 44317 239
13 14 40223 134
14 5 6702 2123
11 12 48132 44
1 14 31474 204
2 18 56203 85
1 2 8318 33
6 9 7416 61
2 12 34269 393
13 6 58521 123
19 16 56175 480
10 12 38770 301
12 13 23480 125
15 20 17084 168
14 6 35150 744
20 16 10037 66
9 5 12038 100
10 66
14 84
13 98
17 43
18 210
3 333

2826213
