20 99 3 3
5 1 103038 131
5 10 33939 13
5 8 48382 63
5 18 46228 1297
5 20 7035 390
5 7 7864 219
5 17 105208 230
5 16 11210 42
5 14 11331 27
5 19 11846 74
5 15 23549 79
5 6 11971 1081
5 13 159781 244
5 9 29365 2225
5 3 13501 213
5 2 12332 407
5 4 24417 58
5 12 8818 198
5 11 11721 184
20 19 37433 82
11 9 11452 104
14 20 14172 15
10 20 58241 56
3 19 64006 52
17 7 9077 335
16 14 11012 391
13 18 10870 86
20 6 49515 221
17 6 76631 51
8 20 14185 78
20 14 15868 285
9 12 17261 19
8 5 49729 339
2 4 22927 119
15 17 37769 537
17 11 35522 331
19 4 34056 72
11 14 77466 400
18 7 9653 293
15 6 67370 172
10 4 39505 256
16 18 9308 215
6 14 2128 272
10 16 9924 175
15 20 55505 145
12 11 7871 213
8 19 767 282
2 11 13733 192
9 4 21907 66
12 2 11334 138
7 20 14739 95
15 9 32134 39
19 13 52598 34
20 16 157980 71
16 5 23351 147
6 18 6583 174
7 6 3401 326
12 8 1783 151
12 17 9533 148
2 13 13880 115
7 19 7266 266
14 19 30720 401
17 16 47320 43
11 16 18484 129
15 14 17646 587
18 10 3281 430
14 7 27230 72
13 11 37101 291
9 16 5937 131
6 7 50871 18
10 1 20163 222
19 6 84656 195
15 19 7121 28
15 13 36043 576
20 18 28760 355
12 14 12083 211
14 4 14583 146
6 15 79809 449
6 19 22408 205
16 8 7160 726
2 6 28213 410
18 17 33425 255
9 11 4821 150
12 18 3984 261
19 18 56619 164
3 14 16069 41
6 1 39699 97
6 9 8837 77
3 17 22160 370
2 17 11477 71
19 11 15969 1173
14 1 23687 129
19 5 3889 105
1 12 8960 29
3 15 43248 178
8 7 18618 240
4 12 30995 123
17 1 24408 183
7 14 46521 97
5 114
15 119
6 112
14 210
19 36
18 81

3137063
