100 299 1 1
84 72 27896 30
84 28 29745 202
84 100 12518 83
84 18 83633 259
84 81 12830 275
84 79 5840 279
84 25 3990 504
84 77 26456 350
84 93 6202 280
84 97 92135 251
84 17 10564 130
84 52 27619 91
84 40 65010 205
84 56 7123 195
84 71 14938 29
84 58 7618 135
84 99 13421 557
84 94 116691 226
84 63 3497 1114
84 47 42705 344
84 90 65859 37
84 39 4758 158
84 9 2786 142
84 80 27571 120
84 96 17264 1072
84 38 15989 48
84 14 10770 317
84 91 19628 290
84 49 23655 207
84 87 23996 99
84 32 15701 542
84 89 4923 265
84 44 29881 233
84 20 19090 209
84 41 20466 237
84 66 55782 52
84 83 24220 49
84 64 10397 77
84 88 57803 95
84 48 35099 425
84 13 14844 263
84 34 34212 321
84 51 10387 148
84 10 53714 36
84 82 20343 309
84 76 12703 327
84 3 60431 41
84 73 9321 38
84 75 13719 1231
84 29 8067 123
84 8 8424 151
84 43 8618 85
84 42 11740 701
84 11 8542 411
84 6 45092 91
84 78 7531 132
84 30 59567 142
84 7 32032 1205
84 45 14618 100
84 37 10442 157
84 22 12991 411
84 65 5973 40
84 68 9448 151
84 12 24447 12
84 16 24952 46
84 2 34842 52
84 23 51030 177
84 57 22745 145
84 53 8757 494
84 92 66674 224
84 19 3557 84
84 35 7825 47
84 54 60633 612
84 59 94217 153
84 69 10620 454
84 62 13257 93
84 61 8919 166
84 21 72190 222
84 33 16600 1334
84 86 48139 134
84 95 3744 84
84 74 20995 784
84 55 8163 381
84 36 28098 112
84 70 60669 576
84 26 19142 431
84 24 50901 114
84 50 17720 95
84 31 12108 136
84 46 43107 594
84 4 12312 71
84 5 8264 1234
84 15 27529 119
84 85 23961 122
84 98 44119 392
84 1 29982 147
84 67 18718 120
84 60 15324 54
84 27 55856 148
44 89 178773 49
53 24 14745 493
22 78 60184 61
79 95 26795 106
25 41 29973 213
23 34 114213 371
55 62 9308 201
76 20 38065 147
27 94 138393 33
65 58 72788 180
27 81 11280 156
70 69 106233 44
34 47 13651 536
32 63 5172 283
43 57 11625 358
56 24 24475 126
30 52 31366 37
5 16 6664 91
51 83 18456 980
26 29 11631 52
33 98 14432 37
94 13 29451 117
90 60 399363 328
11 59 99076 374
25 79 14340 158
65 96 13614 171
93 76 10651 150
53 42 100689 119
10 33 11782 142
14 42 24967 771
96 11 2979 205
48 46 10573 69
91 13 4011 109
10 13 8969 102
44 9 11678 82
43 25 39491 220
58 2 13616 241
89 87 10393 834
28 47 14470 89
100 63 31467 62
97 83 14365 77
89 23 10220 111
96 55 6780 195
100 13 22212 33
75 12 13380 153
19 27 32963 207
44 4 55310 135
40 33 35695 208
74 33 75746 139
71 33 55104 76
6 34 14844 153
12 87 7009 46
93 26 60469 148
40 73 22325 147
94 54 56738 402
9 74 16992 141
97 63 18385 144
35 19 19947 285
63 99 4167 38
36 41 34561 170
2 96 12888 40
48 39 8565 115
51 14 54753 339
79 88 15626 73
83 24 25476 59
8 67 38114 94
20 60 52655 103
52 51 22139 214
7 44 11646 319
99 4 31669 104
27 50 21141 228
52 53 4981 138
59 79 38655 78
55 69 162527 219
28 82 62317 234
75 15 21445 119
69 87 17631 334
98 26 13303 65
86 41 11854 94
82 10 16702 204
67 57 29731 908
25 1 20356 141
81 11 11856 98
5 15 56711 91
65 22 23447 103
89 48 33070 774
28 83 100844 78
41 31 26850 149
78 47 69157 134
79 89 35620 133
46 17 24322 349
11 96 57603 93
5 50 5659 80
98 38 53713 380
4 48 11181 612
54 75 12742 61
19 34 32082 10
19 54 46015 172
19 52 10196 561
16 4 100700 663
35 29 38994 23
35 28 8245 733
79 20 16814 27
10 100 132141 898
16 74 74567 137
25 17 10819 49
64 12 11050 100
54 15 9958 108
45 68 16547 697
60 40 9928 67
72 65 85879 114
3 64 5115 235
47 17 9900 173
17 90 20929 220
85 98 20853 398
16 25 45053 116
40 11 75663 113
55 31 36352 28
1 64 34037 40
19 22 30040 271
7 2 21056 163
50 20 211621 296
57 96 16860 118
14 73 12165 218
78 10 11763 184
13 5 29624 33
71 67 2623 246
53 29 42228 120
1 88 5287 36
24 88 23025 294
55 82 10205 212
89 40 11154 164
22 70 13543 319
61 46 27182 88
69 47 17780 244
48 20 15797 522
40 69 17391 68
85 5 128204 31
29 51 9983 102
64 14 11374 110
54 99 18209 95
88 94 11484 709
95 40 18948 343
45 32 14402 148
46 22 29853 138
24 6 37346 516
100 45 7984 63
36 4 18715 76
95 16 7461 471
45 98 21723 135
61 98 30074 201
58 87 31130 160
85 24 42007 322
59 82 15151 53
19 30 9828 107
76 89 37259 56
86 84 22781 168
23 53 66363 292
70 16 73266 127
90 37 5027 60
99 88 26384 111
27 53 49037 138
77 59 2645 39
20 91 32092 589
41 87 8584 128
90 21 19685 190
80 72 11576 32
8 95 33957 115
69 95 7912 271
65 52 43379 168
97 58 79801 172
47 78 13947 90
11 17 20722 122
64 85 9635 196
37 86 3136 149
22 68 13824 364
1 94 65215 324
24 37 16711 100
30 25 10926 261
42 54 18504 104
31 91 16832 76
79 31 40864 24
77 62 38586 45
67 15 9524 315
16 95 14779 438
6 46 17757 143
45 41 22043 95
18 25 9859 43
79 39 27908 461
44 68 12523 182
99 82 38374 217
54 28 13209 37
9 82 19513 44
63 43 17486 335
43 35 40214 583
13 6 78994 147
71 73 10758 93
33 78 121338 401
71 18 42770 1871
31 1 67429 165
84 3366
87 1251

45723548
