100 299 1 1
49 85 40659 112
49 79 11738 168
49 18 22073 402
49 61 60959 398
49 82 4964 808
49 37 56198 83
49 58 7571 227
49 20 18319 119
49 13 77523 77
49 70 97658 209
49 21 15298 42
49 57 1122 121
49 33 5588 18
49 46 23003 94
49 89 69273 60
49 96 59828 47
49 92 20622 321
49 44 10103 114
49 7 7436 38
49 22 44945 544
49 27 27924 196
49 59 10996 749
49 19 10252 450
49 87 23530 6133
49 5 4920 99
49 80 10761 516
49 14 9444 13
49 3 8450 693
49 40 29994 15
49 69 51472 165
49 12 68173 234
49 97 18226 394
49 55 23489 250
49 66 19411 682
49 91 144895 245
49 56 3364 100
49 15 210875 221
49 90 21196 49
49 68 19415 69
49 83 11756 37
49 60 15764 182
49 67 21928 196
49 42 10396 49
49 30 57845 232
49 93 11658 1149
49 50 58552 524
49 52 11327 1406
49 71 23054 2122
49 81 7517 615
49 74 16266 286
49 17 15784 349
49 10 24071 208
49 45 28058 38
49 2 44353 193
49 25 35193 209
49 11 4828 150
49 24 51353 182
49 84 41088 128
49 76 7247 370
49 94 42922 21
49 43 23301 169
49 62 24273 409
49 16 56280 328
49 8 16478 419
49 38 7847 291
49 28 22801 335
49 32 7831 652
49 47 121490 52
49 86 47123 13
49 100 73353 145
49 29 5304 86
49 72 15339 245
49 73 8507 501
49 98 12374 51
49 35 54987 250
49 39 34129 261
49 54 26954 327
49 41 31455 208
49 64 4658 82
49 78 105699 218
49 75 5526 41
49 4 71338 46
49 26 23127 126
49 9 215038 70
49 77 10876 61
49 99 20031 85
49 6 11639 47
49 88 48866 269
49 95 79832 93
49 48 29767 355
49 31 22768 290
49 51 17195 43
49 63 79689 48
49 34 13214 650
49 53 31167 171
49 36 13165 1533
49 23 43657 47
49 65 92600 220
49 1 105640 178
31 89 29368 136
72 5 44947 569
5 3 24973 41
5 89 29989 228
78 36 44228 156
34 6 24556 74
38 35 7782 156
30 27 25349 83
55 23 11306 27
1 17 16485 76
50 20 10212 500
26 12 44527 42
33 17 101797 120
75 83 31256 282
89 92 7158 92
12 21 15834 75
76 19 21927 317
52 8 867 600
70 52 12986 177
1 90 16336 462
28 63 36979 224
60 59 90890 297
98 2 16669 74
11 29 8436 298
37 77 40595 206
46 78 22275 35
14 72 78450 130
10 90 31405 194
96 53 24921 114
44 75 24681 2534
47 70 29889 758
94 20 137159 162
16 89 12147 54
76 37 15296 133
95 84 16409 522
85 78 14483 60
44 73 117920 131
28 23 21329 317
54 3 12609 198
58 54 24579 63
99 42 169454 80
73 46 16225 158
5 70 9239 244
74 17 14489 252
66 59 26863 829
9 36 28052 86
94 47 2331 63
88 32 9608 403
18 69 60501 44
61 58 21344 122
44 24 14160 552
33 31 12937 527
63 52 25947 1612
27 95 83903 76
29 90 49644 993
34 98 4271 148
66 35 25212 73
10 65 35606 151
54 65 19049 66
46 71 35161 379
54 71 2244 257
42 17 44809 179
86 65 34010 44
37 38 47730 55
88 20 41126 471
19 82 28115 117
92 18 37034 1000
59 68 5369 567
39 37 14184 435
95 81 35593 266
68 42 40635 69
86 61 22932 189
37 67 19815 113
64 97 29388 176
51 75 106108 483
24 22 32142 267
75 80 10635 860
38 3 29622 70
81 57 4892 192
82 36 53253 48
13 14 16963 115
81 64 4964 412
55 62 62360 43
79 18 11791 589
34 24 14491 85
1 77 13992 337
43 91 79833 67
44 97 9705 96
15 62 10040 106
64 29 8877 253
38 77 3265 196
55 66 12714 278
12 41 27438 182
98 34 8625 125
3 65 6484 275
67 100 17180 410
48 95 18600 175
16 2 13257 58
79 68 2443 44
9 82 18847 592
62 37 482288 154
55 9 179434 174
85 16 15919 110
23 18 7552 157
55 5 8696 124
45 52 12674 241
17 41 18507 64
59 34 30531 98
64 18 16599 260
62 45 14201 90
73 86 18405 1621
98 64 4131 747
36 23 10309 113
33 22 19336 147
53 28 58455 22
3 99 34005 167
19 90 60443 138
42 16 21598 423
26 36 23677 1298
81 98 8269 442
51 62 23455 211
16 52 7821 591
78 19 109530 288
9 99 2101 153
38 28 11218 30
23 49 17378 258
15 30 18506 111
87 34 80497 464
25 29 16074 268
29 74 16072 157
22 48 62006 603
18 59 14265 124
34 8 16091 127
81 77 41276 257
45 34 32577 122
96 38 28569 158
64 42 55451 76
29 16 32332 291
86 96 7127 26
4 35 9254 194
60 67 31911 402
63 64 23081 416
69 13 42390 588
63 72 23217 127
93 72 81689 263
91 48 20847 265
8 39 33058 404
82 11 15227 94
92 3 16230 81
95 37 15878 152
6 8 53271 119
1 48 12459 58
67 58 4441 151
33 68 18721 157
24 46 7020 59
35 19 31180 70
95 54 29362 200
26 33 6666 36
65 53 58947 119
27 96 38468 408
55 52 26610 207
63 40 96428 148
20 78 20211 436
2 34 61062 1818
85 90 9575 108
28 77 20229 220
58 64 46355 2553
11 68 61613 48
72 3 46610 549
29 36 514 106
4 45 6919 170
39 100 44526 112
12 90 120343 597
73 36 20086 412
87 9 27843 19
31 80 14510 87
4 33 119140 156
29 9 24082 618
57 24 38422 194
33 66 7113 127
45 61 19332 482
83 54 16712 383
10 66 21563 77
82 41 83628 50
97 39 10781 334
64 47 6754 378
88 6 60719 288
61 14 15205 40
100 36 6102 534
14 9 67615 131
72 4 16711 85
67 18 23965 371
77 86 11237 85
52 67 12998 152
62 73 4178 287
91 83 6426 308
34 21 14583 1693
15 80 17153 38
70 32 18959 31
28 54 14251 176
49 1485
36 463

5463553
