100 299 1 1
33 61 19707 317
33 100 1577 27
33 87 15184 167
33 63 8709 444
33 57 22198 381
33 20 66580 158
33 4 6690 74
33 41 13475 155
33 89 37148 642
33 25 54146 362
33 40 10880 80
33 36 37329 983
33 85 84884 88
33 16 133028 59
33 59 9131 159
33 19 99063 487
33 9 15534 179
33 23 42793 133
33 97 37995 161
33 75 34024 20
33 72 26780 597
33 1 8542 129
33 53 270060 112
33 22 5440 135
33 56 9023 126
33 68 52557 182
33 42 3793 143
33 39 92317 227
33 60 17701 42
33 47 5340 38
33 74 2197 2802
33 14 15518 206
33 46 3633 22
33 18 10889 97
33 95 17619 182
33 90 28238 16
33 17 20422 113
33 78 79388 4538
33 38 28690 132
33 83 35073 42
33 21 194417 52
33 81 9961 152
33 70 44436 49
33 96 18318 59
33 34 7335 92
33 64 2869 373
33 98 28621 339
33 26 28196 140
33 2 86263 232
33 69 15450 2489
33 80 56631 120
33 27 19141 146
33 29 11617 179
33 73 9386 125
33 43 37757 208
33 10 13061 22
33 91 43513 92
33 44 20367 672
33 92 19789 164
33 49 16540 867
33 13 18434 140
33 12 21407 979
33 76 50687 220
33 3 90779 147
33 7 55850 275
33 66 10518 191
33 55 29521 248
33 54 14901 153
33 65 9602 199
33 31 54374 111
33 77 64300 128
33 5 10468 140
33 50 98489 66
33 84 8893 104
33 6 4189 20
33 45 14691 262
33 58 36603 181
33 99 13212 162
33 62 10973 75
33 52 302825 133
33 8 24566 47
33 24 86207 96
33 51 6532 67
33 88 7776 39
33 32 6176 201
33 35 56272 61
33 67 39703 77
33 71 34119 399
33 93 34467 848
33 94 7697 172
33 48 7126 686
33 37 15556 40
33 15 8800 362
33 11 22550 625
33 79 59639 248
33 28 27804 181
33 82 12393 96
33 30 18906 256
33 86 5853 286
89 47 17305 51
58 69 13806 74
8 97 34916 65
15 9 10179 56
27 67 3333 79
59 68 22231 442
90 40 52814 504
99 46 57308 75
11 36 349790 52
49 29 5587 727
39 18 20553 444
59 37 20548 103
100 63 14806 115
32 1 88553 43
82 10 56438 135
64 79 70698 121
52 93 20557 122
75 95 30841 257
12 69 24737 381
43 44 51461 243
38 60 84296 47
67 64 32569 127
2 22 59994 170
82 38 23289 161
37 44 29400 194
40 46 36207 125
11 85 157305 96
45 49 45278 132
45 28 4376 74
88 30 57867 59
40 24 3631 392
7 78 25842 484
12 57 18225 176
63 47 15965 271
41 11 26106 82
90 30 49391 342
11 21 8631 74
85 49 50639 61
70 60 33190 17
28 91 61664 24
16 12 19046 97
90 34 26569 52
61 53 55641 149
95 67 25558 152
100 50 18255 224
63 77 88353 276
81 45 19381 468
68 75 31383 261
53 90 14192 23
60 7 15990 160
11 22 12802 99
55 46 6109 214
34 3 2757 109
32 100 31564 205
99 64 51308 183
70 35 5987 73
28 34 25211 277
50 13 6867 39
42 38 57882 128
39 25 6759 38
78 9 18935 14
15 23 5048 28
19 23 57845 222
39 10 12369 57
15 40 27808 404
71 61 43150 19
98 68 71069 338
2 23 6495 368
64 73 96962 20
4 51 16927 328
45 38 37355 186
9 100 5845 86
35 53 57449 620
37 73 22973 459
99 24 14935 74
39 52 52312 76
4 77 34417 320
2 57 24622 1024
22 7 38307 43
97 35 2633 262
76 5 7893 208
40 37 20752 153
21 8 32194 161
21 94 31836 86
35 64 27920 289
75 63 47101 106
67 15 8325 554
96 36 23151 214
44 58 38946 145
36 15 25782 391
92 68 47034 219
36 73 28062 56
94 92 51470 686
65 24 41334 120
75 46 2881 120
31 54 25016 160
63 58 90739 138
32 65 22349 59
96 82 58996 243
50 49 5744 421
76 43 33295 348
28 52 36569 21
17 25 30022 175
77 3 8391 149
66 93 11515 193
67 79 32571 109
44 81 8106 409
39 65 11225 180
60 28 43643 30
85 19 62626 518
24 95 40080 55
38 62 21382 293
70 94 29254 84
87 96 15560 145
30 14 19100 417
80 2 14732 24
93 8 7689 278
74 76 23523 495
43 100 12674 52
75 87 7473 102
53 35 35689 109
60 92 36441 51
79 65 12669 18
43 57 21803 398
86 79 45145 770
62 15 14655 657
91 60 98603 24
18 67 7171 21
60 98 4503 139
39 87 25087 40
91 12 20855 23
25 16 22716 220
41 35 33006 43
64 74 29906 105
49 63 20606 608
94 19 49387 189
20 80 16883 32
90 65 97158 320
98 10 6347 91
29 20 27785 117
53 89 21929 423
59 13 113544 67
5 37 29282 42
11 98 15207 37
51 19 24086 40
29 21 27970 336
17 90 1747 47
74 56 9772 22
94 22 90227 124
60 62 16395 273
58 60 8379 31
3 92 28685 114
74 1 37626 32
60 21 27431 130
17 74 45022 22
83 42 45453 129
2 78 34020 77
14 95 17551 286
90 79 35045 144
43 52 18514 774
74 7 34585 15
43 13 66565 66
60 66 59114 190
80 49 13860 199
20 48 26970 117
25 41 7058 244
43 2 14977 567
63 24 60480 134
67 13 2801 1262
87 48 25838 69
48 14 11506 206
72 55 8693 192
45 96 26504 230
15 37 22981 98
83 40 147769 495
41 99 11609 389
66 4 14372 73
34 95 12561 79
60 61 6308 112
55 5 37013 109
44 48 3221 59
54 61 4130 22
61 27 12069 52
65 100 13652 170
79 17 35362 3752
42 65 26695 83
25 26 13030 61
74 77 14546 39
60 97 10087 29
32 77 14893 529
7 100 47948 105
45 1 7610 90
48 77 106114 1060
23 41 60436 221
44 7 25233 483
47 63 20567 194
89 88 8738 219
26 94 26006 131
34 30 31272 386
35 20 13456 112
33 495
100 249

5043717
