100 299 1 1
41 23 4526 49
41 52 80790 418
41 44 19837 207
41 38 6996 203
41 100 18545 4858
41 12 178256 204
41 7 30511 144
41 74 29878 42
41 55 18750 327
41 71 20366 397
41 29 7189 181
41 68 14417 300
41 99 5859 54
41 86 1323 303
41 66 17437 141
41 21 24481 265
41 75 10474 63
41 25 31198 516
41 59 24882 317
41 14 16171 175
41 11 18710 147
41 95 115188 267
41 85 7576 53
41 30 11309 230
41 26 61323 266
41 90 65210 336
41 48 60492 461
41 92 17434 418
41 47 39920 159
41 33 7447 81
41 93 13465 116
41 61 21843 871
41 64 14155 148
41 13 28717 2241
41 94 5996 44
41 62 4997 100
41 35 1944 198
41 43 147616 97
41 69 9524 329
41 50 6668 69
41 19 25157 35
41 65 8637 183
41 22 13146 542
41 79 7126 52
41 63 14603 559
41 27 18701 83
41 28 31052 53
41 88 1404 944
41 72 19978 74
41 20 120734 83
41 56 99249 164
41 89 21138 501
41 73 23517 96
41 18 23433 51
41 10 22988 54
41 83 30781 288
41 36 50496 124
41 57 13106 147
41 76 186503 34
41 98 11631 634
41 37 29040 1618
41 51 11485 139
41 15 13760 86
41 1 27685 377
41 3 13510 558
41 67 27965 296
41 49 9053 168
41 77 15246 859
41 17 54322 83
41 91 4476 150
41 8 218620 150
41 54 53057 162
41 80 23817 78
41 39 6844 148
41 70 28879 21
41 24 16104 381
41 40 5628 132
41 34 9728 85
41 42 20691 241
41 78 22401 218
41 97 25474 990
41 31 59696 24
41 45 11319 465
41 81 103857 210
41 58 45609 70
41 6 36413 59
41 32 37499 368
41 46 17457 65
41 60 16591 2046
41 53 73978 152
41 9 43568 123
41 4 11812 221
41 16 100702 18
41 82 4783 426
41 2 6454 213
41 87 9472 55
41 84 28520 152
41 5 23309 1889
41 96 13657 139
58 54 4826 439
90 96 8505 17
44 73 33408 151
34 67 6669 53
23 80 9657 254
67 29 51706 35
98 27 59957 169
53 46 4678 721
30 41 14166 287
5 83 125979 669
5 80 1479 47
25 95 219132 633
30 16 25420 352
22 35 11635 438
87 14 38335 492
82 47 58280 421
8 36 54828 212
64 69 4731 360
39 82 18451 196
56 2 68620 135
43 28 89586 660
7 16 35941 42
85 95 2367 49
13 83 25165 1146
47 5 26214 644
43 33 112490 481
72 11 14409 111
72 28 11006 373
84 77 11354 171
75 2 5536 73
12 52 16279 592
93 28 26626 291
29 25 67707 208
79 85 3849 114
69 63 4832 134
7 82 64613 22
15 97 19634 123
17 33 131384 38
63 5 23067 31
91 38 75539 86
11 40 7367 28
33 70 14174 58
11 87 31508 136
17 15 144890 134
96 19 33277 107
64 33 21709 457
55 29 90516 673
7 95 9652 160
64 1 2577 159
87 79 27261 451
73 54 8275 678
88 72 25363 111
11 41 21715 241
53 16 7665 55
51 13 13597 76
63 98 12570 361
20 6 12048 158
33 25 8554 84
64 70 10973 231
66 58 16921 141
56 64 6457 644
66 1 12233 295
68 20 15814 138
28 24 36622 79
27 12 61744 647
69 25 16242 243
74 21 8068 293
92 73 14981 965
5 92 8268 162
52 57 25514 89
59 11 26105 310
28 56 12207 703
88 8 62932 150
31 11 23122 58
54 20 56644 237
94 41 68543 79
27 80 9942 101
33 61 79539 141
25 79 26588 35
77 30 157908 326
63 82 997 342
52 63 46504 281
7 71 4006 182
31 32 16125 50
94 50 22781 120
78 21 34474 162
46 78 37091 30
39 87 18519 170
60 27 14561 108
98 30 15600 334
97 26 21360 582
89 3 20146 195
99 36 23287 63
66 67 47595 122
37 71 19153 94
67 5 13982 157
13 51 70909 120
98 21 33058 108
26 98 4580 202
50 32 12220 721
86 79 2908 218
97 61 8192 435
49 12 87225 70
72 62 6265 100
32 6 24910 437
48 51 5896 58
45 4 64993 263
62 46 4456 74
55 66 123685 28
58 84 286715 278
19 34 13110 105
65 29 18118 167
28 65 120733 15
73 82 28245 84
42 48 26460 250
32 8 39306 25
87 53 45217 120
92 94 27631 251
97 77 73604 76
15 4 5919 151
72 59 65363 61
4 97 22069 80
18 4 12490 93
45 73 8980 66
13 85 58230 224
54 27 108456 182
99 87 53412 22
28 41 20711 38
71 84 8982 265
15 20 39299 19
63 88 32643 183
21 47 1913 716
89 28 109246 96
27 95 10208 1312
60 10 17233 1218
81 57 267843 207
51 98 39289 237
30 99 51159 99
84 10 6297 93
69 24 7660 104
15 48 8961 29
35 10 39412 66
26 80 280794 241
18 27 28258 243
48 30 5552 134
74 40 33260 777
48 35 31928 129
1 40 14372 113
75 14 72370 95
1 75 9428 86
74 66 23257 61
2 64 20414 137
45 21 6637 408
60 33 15786 65
37 67 73675 217
18 37 8918 379
99 79 25275 293
18 5 7161 72
58 10 63498 156
42 9 21627 431
79 39 104480 541
66 87 24151 228
14 77 11322 102
84 83 2309 62
12 79 20785 76
100 5 14818 112
27 34 123784 134
71 70 28198 221
1 10 113239 219
82 77 9909 35
93 89 27715 15
89 16 9343 49
55 99 29863 114
99 35 15804 306
24 53 38876 265
34 48 11674 15
2 99 43244 87
22 20 153012 176
24 94 7457 247
13 46 10541 194
62 69 17290 13
96 16 131964 1160
88 63 28194 166
1 9 39907 164
5 12 36721 77
23 47 16130 231
32 59 22251 331
53 72 5887 187
51 8 84133 150
26 67 4459 390
34 26 3017 102
84 15 12995 245
10 38 41282 508
16 40 8887 404
44 98 21018 553
31 49 12958 572
99 61 6170 518
9 13 46674 1034
14 3 6219 923
59 95 11271 35
41 990
95 92

1730294
