100 299 1 1
64 59 210789 105
64 33 20675 76
64 46 36611 27
64 42 40495 135
64 12 20444 175
64 53 43096 138
64 10 13083 185
64 61 13844 156
64 75 35557 46
64 47 31367 147
64 71 56538 82
64 50 23813 279
64 15 10822 2285
64 62 61124 45
64 100 14872 223
64 68 99457 113
64 73 2314 111
64 14 40797 49
64 80 97047 72
64 89 59393 25
64 77 2273 75
64 36 11709 146
64 3 11660 52
64 76 10019 162
64 20 9525 181
64 2 13992 134
64 90 14780 62
64 7 110814 364
64 27 56446 153
64 19 28869 324
64 54 55041 130
64 67 23951 341
64 45 7816 391
64 82 2519 507
64 34 37896 89
64 83 53358 406
64 37 14746 102
64 11 60076 33
64 24 44333 206
64 84 4037 197
64 55 25139 131
64 88 15346 481
64 86 77182 230
64 52 37673 31
64 92 148023 1308
64 85 13121 263
64 81 31275 83
64 74 23469 32
64 51 31585 174
64 79 8732 132
64 98 18699 139
64 18 54304 97
64 31 5894 137
64 30 7020 175
64 66 7448 161
64 95 61772 65
64 8 5358 50
64 70 24127 29
64 43 20325 121
64 9 12023 216
64 6 33915 125
64 13 103853 77
64 94 25247 314
64 39 66717 1261
64 5 9348 55
64 65 129035 155
64 41 29052 193
64 78 6683 101
64 44 9055 24
64 69 17032 87
64 87 21565 25
64 58 12118 124
64 72 13689 21
64 22 11012 38
64 57 63089 104
64 21 12610 123
64 16 48869 59
64 97 67510 74
64 25 9178 68
64 63 146547 374
64 48 22060 575
64 23 44086 72
64 99 4289 778
64 96 23792 459
64 17 45950 63
64 35 13409 250
64 40 41501 91
64 93 10294 168
64 4 16405 176
64 32 14264 154
64 56 35038 104
64 49 155051 83
64 29 3976 46
64 28 10809 285
64 38 44640 237
64 26 36564 67
64 91 41276 1389
64 60 5027 261
64 1 12591 172
65 14 12774 92
50 83 80271 36
4 73 8578 360
41 92 10172 47
96 88 18873 168
85 81 20629 107
63 6 45715 172
43 29 20930 770
29 64 27903 459
73 16 12967 203
88 13 1656 436
88 30 18511 619
82 89 34554 42
35 17 44557 252
80 37 10512 125
38 87 20503 593
94 97 64096 465
53 22 59106 59
97 70 65647 222
34 4 20646 185
20 66 16989 227
54 7 91542 459
79 66 16196 115
60 49 49635 94
11 55 110794 605
93 24 21278 54
6 36 29656 202
99 14 48251 64
72 11 13753 34
60 7 23945 590
73 68 18367 809
48 75 5764 250
85 74 21647 40
79 32 7072 80
45 56 58301 383
89 15 7859 37
79 4 388989 224
16 47 16346 203
94 24 109468 39
50 28 51120 251
32 86 31972 221
55 53 7265 153
36 24 63634 161
73 41 74347 37
53 10 12619 116
51 38 86176 124
99 36 4390 186
100 11 39787 17
29 56 12623 229
98 91 2743 261
56 80 57549 116
51 41 57399 72
3 65 21018 211
51 19 6042 126
45 87 19428 97
5 43 10975 134
11 68 16557 97
33 16 42858 74
44 18 11588 183
98 30 15700 71
46 28 73650 210
45 64 9179 668
23 48 56514 54
37 28 31519 131
87 32 16229 78
16 62 42336 216
67 98 3237 104
78 34 35999 183
96 17 56743 143
14 93 7618 159
94 54 25981 118
82 5 23225 271
86 24 14543 117
67 53 79859 551
37 99 6337 227
51 35 9839 230
56 81 37809 82
56 30 15991 184
80 33 11428 295
87 65 25211 225
74 98 54003 44
86 21 11085 24
61 23 33295 336
90 19 4660 2145
12 10 59120 51
72 42 11728 1981
20 30 18862 86
83 96 6492 75
97 52 12967 155
80 64 2328 159
68 22 172965 36
71 90 24620 52
95 27 5094 38
18 38 58301 538
99 1 4138 105
37 54 68960 566
21 79 19479 232
91 50 14582 278
98 44 4298 750
18 66 7350 390
25 95 7451 531
49 8 3263 329
83 47 49892 48
45 27 48566 942
87 46 51296 338
69 55 11789 71
36 60 34456 61
3 22 6025 338
83 81 14550 95
60 33 160467 1750
47 38 25267 219
36 77 23153 99
55 82 50175 44
54 76 114024 224
100 56 23707 27
38 84 5585 139
60 77 15111 998
18 6 25608 51
22 99 4831 363
17 41 12062 98
94 79 87484 90
31 72 32881 87
40 71 84531 92
22 10 35224 59
31 88 137922 16
18 25 50586 237
98 56 39641 489
21 45 28084 293
67 18 24299 258
77 74 62394 372
63 3 190477 153
32 91 22546 203
62 2 93404 754
61 77 7715 328
34 14 30729 70
55 65 32197 219
46 77 26539 655
35 26 21168 114
62 13 53158 205
12 11 9501 136
3 60 161517 924
95 38 62059 403
98 59 13112 20
93 76 20619 100
9 82 32161 65
10 80 5127 73
86 70 130254 587
25 54 18862 533
89 64 9441 545
38 80 14421 155
22 30 14210 157
83 2 17840 61
97 44 43626 299
2 45 13143 251
13 68 51689 471
93 13 16968 528
13 29 12265 38
86 26 55079 96
33 69 8603 120
13 77 54083 468
19 2 37776 281
42 30 36532 155
95 52 50516 747
1 83 106988 59
24 69 4463 57
70 65 15419 71
69 75 163002 2654
18 29 17049 101
15 69 6240 196
19 70 1921 242
70 45 58037 632
51 25 15361 110
72 16 72107 27
69 40 37711 125
22 15 29429 119
39 25 7399 260
4 17 21592 30
61 83 83693 103
59 8 92199 1399
33 63 7152 447
49 99 17075 257
70 50 2031 150
34 18 18613 33
97 54 26775 306
80 6 25950 716
100 48 39418 272
8 41 7091 121
54 89 936 69
6 64 5279 947
49 64 11676 154
63 15 48531 242
36 98 32102 41
52 7 26705 144
100 70 10427 106
83 90 28884 164
65 22 43662 224
100 50 6982 152
50 91 62594 166
18 34 27563 122
48 62 11759 241
64 594
30 315

5138538
