100 299 1 1
86 62 48029 24
86 51 8078 1558
86 85 104336 247
86 20 37679 97
86 26 29530 63
86 33 7299 55
86 87 26409 1584
86 97 249150 192
86 82 15989 31
86 74 30902 120
86 17 9695 28
86 94 102909 162
86 56 63871 246
86 68 3787 25
86 98 46802 82
86 29 245768 713
86 32 5270 72
86 66 8780 204
86 8 95595 75
86 36 73112 27
86 30 5238 128
86 100 11004 826
86 48 16348 465
86 57 7572 377
86 80 32822 275
86 41 73942 15
86 65 17404 40
86 1 11192 328
86 53 17888 1296
86 54 624311 52
86 63 39307 168
86 93 29410 124
86 95 41958 790
86 78 28304 28
86 83 3900 139
86 50 2917 264
86 31 7861 328
86 37 28502 41
86 21 8104 174
86 9 8910 15
86 76 16218 265
86 12 18865 183
86 67 78892 539
86 35 28730 32
86 19 37909 140
86 27 55138 244
86 69 2816 673
86 89 117534 171
86 46 15154 103
86 84 12395 473
86 18 8140 76
86 71 18871 622
86 81 6701 1387
86 2 6299 198
86 4 62720 143
86 70 64273 23
86 64 59767 79
86 47 24288 123
86 14 107216 70
86 52 22562 40
86 92 96647 240
86 23 8585 93
86 11 18032 29
86 75 60492 189
86 90 71477 170
86 13 6430 201
86 49 37069 98
86 24 16812 30
86 59 90230 41
86 16 257172 67
86 88 200067 15
86 96 38675 357
86 72 20158 423
86 28 9270 509
86 40 3693 3748
86 73 46394 334
86 58 29242 196
86 25 28452 516
86 91 11726 178
86 79 92346 98
86 39 41569 49
86 44 22477 31
86 42 13934 152
86 5 181320 119
86 38 23523 17
86 60 76513 522
86 61 13494 173
86 99 10808 176
86 45 11204 100
86 43 22951 326
86 7 17643 386
86 34 29955 400
86 15 81102 74
86 6 10689 49
86 10 33588 121
86 55 43024 351
86 3 20098 93
86 22 46828 97
86 77 11540 409
36 37 3740 93
39 69 8663 238
19 96 132912 150
12 66 10577 45
43 62 341683 26
100 22 84552 306
73 58 7545 179
81 89 21505 47
1 61 5775 84
2 22 18221 62
17 11 54651 154
89 31 46487 76
23 1 38115 97
50 86 6370 106
19 2 134213 165
77 15 26149 60
52 75 185221 68
11 49 20200 59
38 84 10800 782
18 43 19675 154
96 31 10923 267
48 82 78662 272
36 3 10682 31
11 95 27441 21
25 96 12592 78
22 76 5697 231
27 92 114575 99
15 21 61976 313
24 25 12777 35
55 68 19306 47
30 99 57322 761
80 60 11149 443
2 6 32783 88
80 95 11830 131
82 5 9837 222
19 52 7576 313
93 2 9661 389
70 65 13213 1046
30 52 18766 118
6 9 6652 244
51 10 59273 158
20 1 7881 70
60 12 16496 291
20 17 22900 94
48 85 10269 175
43 94 18885 214
73 24 39148 324
47 6 24209 603
53 27 27203 233
10 79 17493 82
100 26 15311 497
71 49 27725 96
50 2 158479 49
40 89 30203 46
61 55 64393 58
27 5 10408 1164
47 7 10575 81
47 91 39207 40
72 71 27756 206
38 80 60842 61
38 95 19700 509
96 87 27780 82
71 100 131847 142
9 26 22297 322
21 25 10801 164
46 21 4053 32
95 98 26451 439
34 71 26962 113
84 77 14166 176
13 87 167532 239
1 54 18602 88
55 71 3850 126
12 23 41924 258
68 40 171947 78
36 86 5255 74
42 87 10883 410
25 42 44581 85
98 47 14294 543
54 39 119518 86
100 27 44993 3345
39 29 27746 112
26 21 7004 114
30 96 33722 183
5 76 5431 33
98 43 84913 28
100 68 16739 318
69 94 10742 52
57 14 76668 358
35 63 62187 135
70 53 2711 393
17 79 30658 162
11 83 10953 96
43 56 28428 538
43 29 39718 122
76 40 18968 31
72 97 14380 371
98 35 43378 44
24 98 13712 303
66 58 7584 372
46 34 226512 7
39 4 100741 63
41 52 25087 98
28 49 6042 685
70 49 100274 720
72 49 21720 664
2 87 58977 104
32 97 5312 175
48 71 44628 246
4 20 29163 71
61 7 16479 178
18 84 48705 108
93 91 16426 326
53 39 41233 57
13 30 27005 26
78 33 3898 566
98 18 20428 106
22 56 39654 141
6 11 2631 100
68 80 12324 326
22 39 5742 26
40 43 33438 284
43 53 22795 750
62 23 10739 119
99 90 165951 101
87 38 34207 158
41 80 9472 67
38 12 7816 27
54 26 11655 125
97 74 32618 657
32 59 17827 958
67 97 11890 202
33 53 36653 439
12 95 6818 64
90 44 78631 110
69 30 45342 82
37 49 9111 199
11 6 93259 300
97 50 19462 268
84 68 23367 22
82 63 35230 249
88 89 8110 91
16 48 14739 50
47 10 24523 156
62 72 22536 107
65 62 27293 736
14 58 20837 255
14 34 30988 1095
34 87 13076 57
5 73 27743 213
77 6 10871 70
14 82 27077 1412
55 12 60805 95
99 51 5695 47
24 59 16378 140
51 77 97589 24
66 49 11437 101
98 84 39519 36
55 84 34692 131
12 63 20832 103
4 86 14897 73
76 24 41570 608
87 98 4861 253
11 22 14520 14
33 30 11729 93
76 48 14895 58
56 30 23382 209
9 20 5324 71
5 88 30110 66
98 52 17416 45
43 85 12360 157
95 32 19348 130
33 4 11324 91
89 71 18729 25
27 90 19804 289
66 48 16202 62
68 83 36868 246
1 18 8610 142
99 53 182006 205
50 64 189205 174
70 34 28528 204
78 39 15299 516
25 2 28622 1855
83 16 27253 38
78 83 22235 80
63 2 9337 134
2 61 9166 53
93 33 57289 295
60 91 174917 148
83 15 10055 135
53 46 5852 463
94 69 15137 118
82 87 22862 262
35 74 75699 358
9 87 24176 256
6 63 17445 43
39 80 25202 547
61 69 23972 60
91 100 11334 333
23 43 16012 40
80 74 18087 174
86 594
87 299

7654307
