100 299 1 1
21 52 13664 258
21 92 26372 169
21 3 4166 74
21 16 12417 359
21 26 54195 156
21 14 35540 32
21 85 23447 97
21 86 14043 126
21 79 23026 114
21 81 23485 236
21 8 15695 181
21 4 6160 65
21 46 21167 159
21 34 5328 114
21 57 20172 75
21 55 6360 53
21 90 55212 550
21 7 29501 146
21 88 22581 198
21 32 16248 200
21 9 32047 101
21 30 27671 61
21 63 44757 124
21 84 13303 32
21 31 12510 144
21 2 5216 399
21 33 5807 95
21 93 32836 236
21 75 15711 109
21 69 16803 49
21 49 3522 129
21 1 8054 60
21 44 4096 177
21 15 3773 290
21 67 9297 174
21 97 22072 124
21 70 13668 137
21 6 98737 120
21 64 35139 224
21 96 6534 147
21 59 23273 22
21 53 11315 175
21 36 20414 142
21 22 12237 25
21 99 93745 45
21 24 82772 273
21 43 11754 66
21 50 3676 122
21 62 23592 428
21 71 26606 38
21 54 25713 146
21 35 5884 241
21 77 5226 470
21 25 10663 52
21 28 20762 158
21 41 143921 89
21 98 16760 277
21 100 10995 28
21 94 4601 291
21 40 119162 115
21 60 63636 183
21 83 7207 119
21 89 7568 138
21 48 32688 144
21 76 19781 46
21 20 6983 328
21 39 38394 135
21 12 28807 852
21 82 252398 113
21 45 29726 159
21 17 6929 275
21 58 51501 148
21 80 111645 429
21 42 70767 383
21 73 70841 431
21 78 18917 172
21 37 9097 220
21 23 15727 60
21 10 13602 134
21 91 9509 111
21 87 12655 393
21 5 60314 385
21 66 52725 85
21 51 9495 72
21 72 59684 125
21 19 6976 281
21 11 24273 434
21 61 15060 267
21 95 38480 83
21 65 1894 134
21 29 8614 1156
21 27 40748 1296
21 68 91453 223
21 74 52354 42
21 13 6007 215
21 18 43688 58
21 38 14898 132
21 47 17003 461
21 56 18124 491
60 41 1647 341
74 99 12211 193
36 81 36563 377
38 94 17656 221
7 71 48217 63
60 67 32807 688
71 17 22253 292
95 13 7728 45
56 95 52078 517
95 52 22083 135
20 6 4833 53
47 33 19670 91
26 97 20626 220
27 37 29557 54
62 77 9610 38
71 64 20952 64
6 58 19273 252
22 62 78470 114
18 6 18148 394
35 31 83062 356
65 86 52294 66
39 70 34870 58
48 91 20009 203
49 34 48717 87
59 53 2617 830
91 66 10523 81
71 28 34465 43
91 63 4929 152
86 21 33458 61
53 24 4402 8
73 46 97467 1123
99 51 15308 59
50 70 1890 49
5 20 17005 282
89 91 61005 354
20 93 12836 131
37 11 8049 9
99 38 24861 533
29 73 26780 593
57 31 40363 130
40 43 94134 441
17 91 3873 537
50 8 30393 23
93 1 23634 431
99 7 26511 216
90 75 25716 127
29 57 27581 626
34 48 26658 113
71 50 20926 105
46 73 20757 44
67 61 72599 121
49 8 16699 358
44 13 141509 240
29 45 6236 376
69 12 39785 222
28 73 21838 728
93 13 6251 176
39 21 14539 307
1 95 91707 2046
47 44 4829 89
95 37 23325 457
50 38 4854 51
92 30 10394 404
95 91 73566 122
60 8 28042 44
70 18 5678 118
97 46 15593 84
24 95 2098 58
98 100 4869 351
83 19 32822 2146
95 96 35153 171
58 49 190143 255
35 87 25935 31
84 39 75231 289
58 25 10535 115
52 35 6802 630
6 84 48480 1000
91 86 7389 40
22 72 12401 484
10 12 8752 91
72 92 34201 231
39 80 19940 1132
70 3 48922 133
3 60 38185 168
41 43 25010 505
64 40 22324 126
25 53 40989 170
42 29 51863 1615
56 45 21476 156
75 12 7929 227
45 21 22154 217
93 44 95757 17
27 5 7118 240
75 95 39810 145
20 38 114625 608
44 35 17672 113
13 35 8829 215
72 41 7527 142
12 83 8928 323
19 61 11560 105
70 9 7368 81
63 74 82967 108
43 61 68403 55
99 25 39817 54
46 37 18672 64
78 30 28576 583
78 60 20427 207
42 25 20090 907
47 84 21621 245
87 23 7956 250
35 93 7201 186
86 6 226438 49
3 2 150505 162
65 12 115152 735
89 86 53860 112
85 28 14382 93
50 58 14948 2011
36 38 2504 81
7 40 213971 101
97 91 16149 12
85 66 5048 416
63 20 25548 291
35 89 6419 67
99 29 22392 429
87 69 57991 194
52 2 56528 104
82 98 27977 87
83 3 86321 103
70 20 4959 183
25 93 38365 258
47 2 23215 345
94 32 6418 75
77 98 16527 50
96 24 42033 149
62 1 14040 246
72 56 17998 433
24 26 10396 15
87 70 4047 124
99 81 44874 174
52 99 43103 29
11 74 5283 90
73 52 162758 133
80 28 16482 96
6 17 6149 216
67 29 20063 23
22 21 66745 90
47 50 24724 669
90 6 57752 174
100 45 17915 612
33 89 56777 123
53 34 26400 40
22 79 2881 866
46 12 33691 31
9 36 10098 412
79 36 26393 153
24 16 36673 230
75 80 13294 263
99 20 19827 80
19 31 75907 71
55 81 9573 1051
81 65 7166 44
87 9 7004 147
22 98 33657 151
28 47 109696 14
26 35 46242 118
80 16 6231 43
93 67 8957 74
33 54 60055 56
31 26 84849 655
81 9 50254 221
52 76 55053 341
13 44 37199 438
67 92 23785 17
71 35 6421 239
44 62 20384 216
6 90 21660 82
83 44 21049 242
6 59 39909 192
45 27 12233 72
47 42 65383 245
63 46 5705 705
22 53 37701 120
48 76 27850 327
75 97 6662 240
13 1 22811 326
11 96 9139 49
47 32 40792 187
7 27 19342 29
44 58 25428 30
74 60 53128 294
36 13 79527 432
57 29 17631 27
69 82 65751 1119
74 92 57690 89
91 78 14002 687
31 35 55590 132
30 89 8423 362
75 52 60589 43
19 57 90769 86
24 18 8410 210
21 396
35 197

1159148
