100 299 1 1
47 33 18362 139
47 69 15242 142
47 23 22520 151
47 63 4939 28
47 53 6745 118
47 30 14233 77
47 17 25081 42
47 11 20093 271
47 54 28990 30
47 27 3894 112
47 15 9479 60
47 6 36195 60
47 68 21269 551
47 42 9351 122
47 45 18705 92
47 71 128073 214
47 32 10881 290
47 96 2879 534
47 77 65250 129
47 99 41399 48
47 82 18852 120
47 10 11237 137
47 20 32218 168
47 93 8800 169
47 1 36153 121
47 97 12636 134
47 83 24939 62
47 81 217243 550
47 74 26599 122
47 92 13824 342
47 4 90324 609
47 72 103681 221
47 2 14118 276
47 7 16031 54
47 64 16917 372
47 90 11892 77
47 52 22122 244
47 55 1658 59
47 65 17444 89
47 60 5279 131
47 43 36104 65
47 73 32115 44
47 62 16677 105
47 25 23464 28
47 67 17556 27
47 18 2553 26
47 9 13934 340
47 5 112956 348
47 35 25759 99
47 24 31025 45
47 49 13616 38
47 86 24518 84
47 37 22436 67
47 78 60393 92
47 46 12310 426
47 26 6527 40
47 76 1693 104
47 51 32465 426
47 48 16842 136
47 38 7722 138
47 87 27498 86
47 39 5838 128
47 28 4839 138
47 95 70913 70
47 94 15185 677
47 57 91481 206
47 98 24499 154
47 31 140546 123
47 29 9758 128
47 41 51661 233
47 19 21576 129
47 21 12202 48
47 58 19654 145
47 70 19070 104
47 91 22580 128
47 36 40761 61
47 80 17677 49
47 8 7076 132
47 14 15083 100
47 66 5792 335
47 75 9751 262
47 40 26787 185
47 88 9046 65
47 12 12314 41
47 16 43138 31
47 79 14618 76
47 84 7261 60
47 56 11671 355
47 22 18129 154
47 85 2077 748
47 89 39112 80
47 50 55713 136
47 3 79810 297
47 100 6745 407
47 59 40572 274
47 13 3806 148
47 34 43239 42
47 44 17974 198
47 61 12544 52
1 12 13428 208
83 97 44596 20
28 29 35598 216
49 30 27292 43
16 74 50433 341
44 41 38019 428
99 13 80273 56
51 27 6918 65
44 86 97845 307
14 44 7953 152
49 18 65865 59
7 58 56374 895
99 94 11174 76
12 14 50878 135
25 30 22953 60
89 65 25510 87
79 11 8768 22
54 84 14924 169
51 24 25559 45
49 46 13336 89
61 63 7444 204
52 78 52955 20
55 83 51435 218
46 37 26889 598
41 14 25091 352
8 12 43123 81
26 70 6518 101
62 32 4490 74
28 33 5754 432
87 13 46628 186
29 6 9294 76
13 27 53009 30
56 98 33420 746
16 34 8521 145
71 35 8449 227
1 58 14950 362
16 84 52499 77
18 63 60383 69
98 76 53068 129
18 10 14055 75
6 41 9857 117
36 77 22588 433
75 52 13368 54
4 99 33292 114
7 77 16241 411
27 73 14921 47
18 54 17213 497
96 72 16804 309
14 22 33724 808
17 57 13678 853
77 66 41788 116
68 72 21936 996
98 68 53360 428
52 80 252773 18
68 32 1326 207
8 44 39570 138
48 89 42601 21
60 15 6076 168
19 99 42022 536
86 57 12825 134
61 71 43758 133
69 77 11275 260
45 99 28161 80
45 84 21715 61
26 66 43809 43
8 3 14310 249
26 58 15343 127
12 58 6912 212
87 32 115954 96
79 10 55818 117
69 91 17184 33
66 4 18057 56
42 41 41827 929
70 29 161764 155
71 18 9708 422
69 34 11802 156
42 63 12398 46
90 17 54527 101
22 81 3083 372
74 84 7397 437
100 14 5632 86
5 59 97060 57
76 25 12884 160
33 95 44765 154
45 10 30524 121
97 29 25994 167
80 24 16250 72
71 31 73450 306
85 65 10874 478
59 2 154874 28
71 34 34010 24
35 10 6083 62
70 32 37183 60
82 39 70914 85
86 41 92036 561
70 23 11105 262
34 87 133674 97
89 33 27993 85
39 80 58907 112
84 6 15102 89
42 43 45193 243
71 100 94779 119
74 86 49530 173
3 5 14258 64
28 42 8042 542
81 50 17293 156
37 72 44486 89
75 83 18134 166
31 5 139503 42
49 68 40688 1186
21 38 17632 142
31 6 6026 419
83 42 7006 652
75 39 33688 175
83 50 106467 837
84 53 28332 130
39 21 21409 309
58 79 53057 153
77 59 17493 104
1 85 8856 110
22 45 3899 283
71 63 79681 202
6 62 27201 221
90 14 3342 239
13 49 31678 56
72 61 38275 218
6 12 63136 39
51 94 2141 106
95 76 3786 139
84 43 45016 95
16 37 49176 56
31 41 29589 51
53 72 13572 128
43 31 34144 86
60 14 15683 337
26 2 20234 522
73 15 30032 50
40 11 6379 2441
65 8 5383 16
80 11 13155 451
5 77 17382 186
31 33 82200 77
64 44 29304 685
100 25 12002 331
61 100 16356 144
61 33 47803 35
17 89 9451 595
37 19 24982 328
94 54 131830 300
59 58 23936 144
43 82 25045 58
49 4 26271 746
49 11 76812 119
87 15 9861 69
80 40 20537 100
98 88 7464 178
51 96 16262 529
32 20 4895 71
75 30 15712 207
31 82 5244 262
42 82 12114 310
67 1 8272 188
24 6 18146 71
11 34 17388 951
94 78 33183 90
76 83 24200 207
55 96 68783 90
14 89 61753 1073
38 23 19079 75
70 91 13897 362
33 48 9525 284
76 22 92447 180
50 94 91449 37
94 98 86717 98
81 8 3698 44
29 88 80366 44
34 83 32486 42
45 16 11642 43
35 58 59076 42
63 88 12097 219
84 60 14192 36
91 81 50453 165
99 97 28749 130
74 4 136715 633
30 96 104576 258
3 14 19541 33
13 1 24688 275
37 30 27869 318
55 98 78595 42
9 64 30530 182
92 12 11787 159
24 17 12034 53
48 23 10575 187
85 15 29466 292
93 70 54302 157
83 41 1771 10
67 77 11253 293
10 81 2330 1299
40 69 110343 115
64 7 13300 31
47 594
58 168

3284324
