100 299 1 1
46 43 5393 94
46 28 46592 95
46 20 12657 41
46 16 6834 55
46 1 4955 37
46 38 17888 98
46 81 106194 97
46 89 6979 272
46 25 5503 29
46 24 72151 542
46 76 138901 83
46 17 786 92
46 5 13485 267
46 86 19479 474
46 19 16844 86
46 8 43198 6
46 3 8107 223
46 39 35059 195
46 40 30730 341
46 93 23002 93
46 87 5392 40
46 83 55772 14
46 70 28085 237
46 52 41490 223
46 62 25338 108
46 63 16358 63
46 27 130094 186
46 37 47419 73
46 67 13625 82
46 73 142028 306
46 88 47287 55
46 65 28083 398
46 80 23606 564
46 34 18767 214
46 66 29284 205
46 26 15453 268
46 21 19452 112
46 84 20615 171
46 90 1629 453
46 58 6539 345
46 54 7423 441
46 48 29670 718
46 33 18019 181
46 74 113905 42
46 71 73452 73
46 11 8701 207
46 47 7504 132
46 29 47320 44
46 69 77033 136
46 78 19465 111
46 57 28949 212
46 95 4073 95
46 98 26043 55
46 36 12484 390
46 9 3777 39
46 35 49855 90
46 55 2399 212
46 41 13494 61
46 72 3228 10
46 4 25098 97
46 6 11229 248
46 61 19728 45
46 75 63338 136
46 92 8375 359
46 45 8677 365
46 42 26847 25
46 15 35637 432
46 100 3365 186
46 97 14965 159
46 2 20203 67
46 7 33205 59
46 99 36300 185
46 91 49528 115
46 12 19427 259
46 49 37725 91
46 79 93926 221
46 22 54318 74
46 64 176173 163
46 56 40140 75
46 44 38584 109
46 31 18508 277
46 77 55942 281
46 68 16066 58
46 85 48420 546
46 59 44382 388
46 82 10695 169
46 51 3639 31
46 30 57627 43
46 96 25650 45
46 60 22592 124
46 18 47287 326
46 10 3743 287
46 53 12702 308
46 13 7699 160
46 94 11777 176
46 14 11942 75
46 23 12819 782
46 50 4917 124
46 32 8667 316
95 52 47330 533
99 3 89224 51
11 4 84596 39
71 41 25125 96
72 95 73666 19
91 89 2477 67
51 84 28383 103
85 12 87467 195
66 10 20629 95
80 97 24352 124
90 56 23857 58
59 45 40326 52
12 87 24267 155
32 9 104079 245
42 40 84018 77
2 75 14838 13
47 3 9932 181
74 10 58204 634
76 1 30599 264
28 16 156518 286
8 87 7538 74
43 65 37863 565
45 100 23628 84
74 7 13504 38
55 40 24737 95
24 4 34816 7
72 30 14435 242
63 30 13875 345
93 43 68978 186
21 76 22184 570
39 65 6001 406
55 95 86788 45
4 91 4055 42
6 16 29542 115
6 96 18706 85
35 9 27914 153
32 41 23020 102
66 73 4866 476
7 35 6524 594
19 28 36144 345
38 42 15450 505
36 73 40421 56
36 62 9628 109
62 37 107854 158
98 34 17695 56
38 20 143411 221
42 52 34018 1466
93 78 11685 123
1 32 92569 238
86 32 22098 662
76 87 40183 98
23 89 34629 135
67 71 1302 158
3 72 17966 372
52 85 39201 440
60 69 31259 274
60 83 95769 119
51 47 51645 38
75 29 66734 140
81 39 20936 26
63 93 24444 43
97 7 7666 13
93 24 11397 126
73 77 89553 49
53 98 17763 567
57 96 113874 249
43 47 43641 51
76 73 21512 80
29 55 20232 56
64 75 10983 83
28 43 19966 156
44 98 53096 36
26 97 14637 147
74 32 50411 570
69 87 28480 188
34 77 10687 113
2 72 4354 276
14 2 13007 62
73 1 6325 171
77 57 19126 58
32 56 11548 585
20 19 31202 247
48 24 11381 136
41 17 16780 88
14 34 15474 121
8 69 7150 252
56 32 13361 55
80 2 17111 224
85 97 104226 355
75 28 21485 32
32 24 182668 154
21 78 15092 374
82 37 8388 94
72 1 7220 45
29 61 10235 246
52 13 27176 224
26 47 20613 213
59 91 88141 48
23 97 28558 323
97 30 6378 212
95 53 20590 65
37 94 62897 128
23 79 18272 531
26 58 35654 225
49 93 177060 148
67 22 122591 55
58 42 5127 40
53 83 22680 265
42 59 9995 41
41 77 12583 23
12 8 25501 68
48 50 5163 414
23 9 6117 60
17 22 241105 37
69 40 7211 281
28 62 15438 227
92 17 17960 331
5 61 11459 202
36 7 8224 278
94 37 12041 410
89 40 23129 276
70 52 17990 638
13 21 15422 94
54 31 23624 31
18 97 21115 75
67 44 30303 44
25 18 1530 34
71 32 109270 96
25 23 47968 137
25 79 54716 207
25 84 22743 30
72 20 17525 27
42 96 90288 405
35 24 4182 315
5 54 5939 92
52 82 15394 53
17 7 34010 1178
45 83 6558 78
5 30 20115 42
14 39 2661 637
53 71 15225 240
8 38 26398 129
89 100 9115 108
55 5 9745 53
78 87 13969 107
81 29 16149 175
55 76 26929 583
62 44 30405 39
72 47 32869 162
62 59 29559 99
41 44 116901 170
19 6 24762 240
87 9 2060 292
98 88 52731 84
65 9 7386 47
4 93 33987 122
90 77 16318 574
20 7 17311 138
89 43 3950 268
48 69 101278 26
64 96 5542 97
83 60 20665 201
49 70 11370 52
53 44 28700 12
67 68 9306 511
16 93 11231 241
75 98 11564 191
72 65 18910 81
91 41 7645 98
30 25 23115 178
30 6 44146 39
59 1 5296 257
42 28 12417 71
63 20 15053 26
12 69 41866 31
51 10 27033 145
87 19 11645 59
96 91 9162 96
93 12 10836 534
38 14 57251 813
40 100 17353 860
55 89 19218 361
72 79 53738 654
100 83 11312 114
51 66 38008 52
22 55 15343 333
37 31 3354 158
47 78 104039 227
49 84 18085 200
85 94 38449 230
34 17 6069 62
85 22 84913 366
17 43 8525 207
100 4 39739 86
56 69 7189 66
88 47 16380 134
56 77 51515 51
62 31 4116 20
77 76 71377 47
37 50 32482 62
46 1089
97 87

1301955
