100 299 1 1
90 3 64994 320
90 8 38461 124
90 21 37219 61
90 10 184851 80
90 51 197097 184
90 4 16958 136
90 34 3307 57
90 43 53589 75
90 91 45015 37
90 63 32937 47
90 6 104942 121
90 1 2408 362
90 27 14742 223
90 86 16339 164
90 71 4670 152
90 60 29928 62
90 75 47416 138
90 9 31193 219
90 18 56153 131
90 62 22390 510
90 20 20839 52
90 48 10173 1462
90 28 23923 115
90 96 52978 42
90 50 26798 1510
90 36 15888 87
90 45 54682 257
90 94 9116 53
90 66 125233 11
90 87 45390 308
90 70 7582 37
90 23 3737 77
90 47 12204 439
90 92 18344 506
90 19 17042 57
90 26 11341 177
90 89 18075 2213
90 41 11958 1245
90 81 39611 348
90 65 36437 128
90 46 80174 698
90 42 37267 364
90 73 17597 107
90 99 23736 1061
90 5 20181 838
90 77 21086 230
90 76 51964 321
90 59 59650 515
90 82 3742 227
90 68 18531 103
90 69 22783 200
90 12 31044 80
90 11 103625 93
90 14 62432 372
90 22 19532 160
90 15 56852 218
90 95 17139 197
90 7 5043 130
90 32 36149 156
90 64 5682 204
90 52 10005 454
90 35 7380 164
90 83 63352 74
90 17 12878 147
90 72 115209 94
90 40 175555 210
90 13 27093 93
90 29 8064 873
90 2 41442 71
90 78 17051 154
90 54 177620 222
90 33 8420 40
90 93 4224 82
90 98 109276 61
90 37 45571 34
90 25 6139 268
90 31 21776 40
90 24 7299 96
90 80 17562 48
90 58 31022 144
90 55 69373 183
90 44 85571 29
90 97 12270 127
90 49 35277 191
90 74 8045 116
90 100 40072 29
90 53 7660 174
90 56 28275 25
90 85 5103 234
90 16 10011 126
90 79 9257 113
90 61 13785 27
90 57 12411 77
90 38 11210 87
90 88 3516 181
90 39 20372 322
90 67 45151 186
90 84 12966 148
90 30 120999 617
1 57 2218 73
98 45 30195 149
99 36 45474 563
56 40 20638 182
53 45 70355 127
72 97 22596 206
72 29 14512 551
5 36 9254 259
43 26 7300 142
52 27 35080 187
41 15 24403 71
20 59 7663 68
11 8 82929 188
21 87 42577 698
36 24 4610 179
29 94 28971 62
5 24 57479 34
72 13 2338 217
11 43 41032 63
41 57 10027 108
36 90 30243 148
49 74 11617 145
49 63 34398 115
41 35 8971 184
22 49 15972 54
39 2 21272 78
74 31 25755 441
51 1 3944 64
83 80 92941 99
39 29 88452 289
43 62 3111 167
18 57 15771 120
50 62 9785 54
39 57 20471 29
14 82 23897 79
37 34 34988 12
4 80 37696 62
17 4 18208 72
40 20 25384 165
99 10 4924 573
4 61 23396 506
1 33 33013 93
44 73 14414 217
16 73 5389 561
71 25 87997 14
81 64 32141 45
73 92 14801 593
30 47 54196 261
68 61 23206 184
13 55 10826 84
14 90 125343 347
73 89 40292 714
1 5 12852 16
39 30 27342 884
82 29 11939 165
71 28 8837 159
75 2 5722 200
87 68 19367 419
14 31 44858 144
32 67 18728 304
21 9 7030 45
47 80 38476 107
47 65 17960 76
88 72 139973 125
12 66 69467 348
83 39 21267 313
91 66 22166 58
96 44 13698 36
55 19 11508 76
40 75 63320 132
62 12 10050 230
54 83 130801 67
62 41 57388 200
1 90 71864 219
25 21 57441 199
45 49 18594 170
74 99 18428 269
66 22 8997 163
95 35 7718 370
10 31 8289 240
16 89 29092 271
39 14 239471 97
53 75 20268 121
63 51 7041 581
93 62 36843 194
73 26 17882 1107
60 93 15500 174
91 16 33907 901
3 97 74757 111
1 55 179357 241
61 83 9375 67
1 78 3889 128
14 89 3418 105
12 54 41542 252
66 15 16744 307
20 43 62274 225
27 64 5972 18
54 1 3824 340
60 83 92629 230
96 79 64212 72
40 39 66609 41
31 91 12886 129
61 67 175621 177
91 74 11454 169
85 6 4550 284
31 75 28005 119
25 43 48590 101
27 72 151234 103
73 3 44316 108
40 96 50021 80
52 60 64349 65
80 21 2192 82
27 75 11492 209
50 30 14474 70
78 23 58111 159
3 26 18860 70
11 2 32094 79
7 47 17231 108
30 72 24358 47
95 85 49292 226
7 58 116637 213
98 61 11780 186
98 73 36466 19
34 9 28294 689
68 52 246802 203
1 93 38670 180
78 27 132288 59
89 70 36282 772
4 10 34235 249
89 13 5050 468
14 4 25315 423
9 44 152296 601
33 52 76348 102
84 58 108394 131
5 53 18830 150
43 88 46798 172
64 74 17108 1658
22 69 19295 161
72 79 10727 158
91 90 22874 240
86 75 133752 149
21 10 16750 27
41 96 49558 284
40 82 3482 42
64 3 3894 22
23 39 2188 123
10 78 34191 208
9 24 15688 71
63 29 44981 208
72 11 21614 188
53 81 116754 327
15 34 44852 83
31 46 20212 92
85 11 93809 25
7 26 14021 279
82 77 18939 134
51 34 3772 55
92 72 30775 292
31 28 16379 116
92 53 13051 615
21 11 23693 73
55 31 10618 139
86 82 64145 128
91 40 6802 413
89 92 26094 576
67 82 8518 112
46 67 14528 495
65 5 31079 373
23 68 28709 200
32 30 7369 45
60 68 6423 75
15 36 30173 31
98 60 56533 202
87 2 3585 157
80 40 15124 144
89 16 18264 109
20 11 21887 215
59 45 3027 201
13 12 17979 258
60 25 16229 36
18 2 13334 226
67 80 16480 264
35 50 12748 29
64 70 17784 18
52 35 34989 59
89 54 60493 80
83 54 9422 556
99 57 28298 51
96 84 17822 45
84 44 39187 126
95 84 28755 43
56 14 30969 123
63 38 12446 694
88 77 24052 18
94 87 68625 429
36 49 8454 1764
97 41 30893 243
17 11 5065 29
61 3 15726 335
78 88 102646 24
90 891
75 233

6153178
