100 299 1 1
62 96 15187 298
62 9 27835 111
62 69 9925 156
62 14 16491 110
62 86 35845 50
62 93 45269 383
62 5 17054 53
62 34 51097 59
62 71 66793 272
62 84 14834 122
62 48 15074 100
62 82 10359 39
62 15 11331 163
62 59 30634 69
62 25 27560 112
62 55 11875 117
62 35 51244 289
62 52 13683 1404
62 91 25438 383
62 23 56707 75
62 1 12187 164
62 98 5823 130
62 37 56274 110
62 10 23350 199
62 75 4487 340
62 27 81344 79
62 80 17645 148
62 42 22345 150
62 87 18853 161
62 60 13330 43
62 56 26242 222
62 57 15306 416
62 12 36480 287
62 61 4115 827
62 89 34092 265
62 19 28928 161
62 70 15476 1967
62 68 11828 164
62 74 19711 138
62 72 2765 668
62 36 39145 78
62 49 132486 517
62 64 10863 656
62 100 26156 330
62 4 35207 37
62 43 6591 401
62 3 71383 101
62 79 21820 296
62 76 1703 107
62 58 128628 53
62 24 8950 149
62 20 14601 124
62 40 16376 136
62 6 13344 303
62 29 153600 232
62 78 29539 430
62 99 21322 104
62 77 22763 63
62 51 62059 85
62 13 32213 348
62 95 71268 299
62 18 36342 12
62 16 44122 96
62 66 32721 510
62 92 35595 64
62 17 10482 138
62 44 6219 147
62 28 47983 63
62 73 24112 147
62 65 13629 189
62 47 13788 85
62 67 15233 261
62 33 18431 247
62 30 1699 168
62 21 23046 53
62 26 9938 356
62 53 85826 302
62 2 26882 241
62 50 139131 216
62 22 3096 330
62 97 2398 354
62 39 3258 32
62 41 29434 6
62 88 61085 68
62 32 88545 302
62 90 14116 47
62 31 20840 379
62 63 34914 36
62 83 15006 111
62 46 5567 76
62 54 69774 655
62 85 16793 193
62 11 17003 289
62 8 9131 35
62 81 16163 346
62 7 4023 612
62 45 5246 784
62 38 170969 458
62 94 81666 522
96 73 6942 276
40 48 3202 102
15 78 27050 989
69 50 16242 177
22 98 31957 45
27 26 19898 382
8 88 17078 85
89 5 12997 33
82 26 52573 421
14 54 2759 161
49 36 15208 127
46 69 12388 139
47 27 13269 76
81 20 20347 128
4 44 43812 79
20 95 13502 150
26 41 68099 149
76 53 33449 399
67 18 16156 299
75 54 39687 138
63 28 6813 133
78 76 79227 520
24 46 8780 284
65 39 14102 168
8 45 28254 580
57 10 10577 107
75 92 24939 75
96 28 9169 49
77 34 3757 209
46 16 16463 231
60 67 37559 49
64 17 34334 78
71 30 13611 170
17 70 8098 76
87 76 75837 70
89 34 91719 43
90 20 29311 435
21 39 67730 862
37 39 158060 502
46 35 28562 307
11 54 5567 202
20 10 29161 35
64 13 85363 1016
5 28 13865 737
84 58 118267 133
38 63 28775 132
16 40 107907 267
22 4 15341 370
9 73 5962 101
19 30 6673 79
71 52 22253 149
81 19 30137 64
5 85 26340 120
72 73 19879 615
78 56 9002 52
2 73 23461 87
19 75 21409 39
97 66 21296 72
30 69 40862 37
79 19 54331 236
14 21 24662 346
77 1 13195 30
29 38 12612 57
4 43 18472 861
51 4 115046 112
88 74 11747 115
94 5 33544 397
76 98 8249 43
32 91 15120 57
52 48 27516 37
35 4 36674 22
98 68 4909 627
5 53 7750 49
83 93 26331 415
71 61 10421 515
59 48 51843 62
34 76 32406 331
87 70 18776 78
28 98 36622 1088
66 70 76451 64
97 4 16074 329
47 26 5163 28
68 97 3493 59
89 26 27533 113
75 80 88619 248
48 95 141377 113
73 6 25152 743
99 52 111669 27
13 96 19739 111
65 50 67221 100
17 74 1456 120
5 92 4201 234
95 23 21732 759
70 21 9017 286
52 47 11315 340
19 88 47006 166
14 38 10966 55
48 98 14864 85
26 60 10182 173
48 81 10820 112
29 91 6559 232
83 18 130916 1348
31 14 60203 107
65 57 56455 128
4 8 4769 256
85 29 82261 285
76 52 56026 70
85 27 12934 431
85 86 28661 2314
93 61 7857 56
14 41 30521 173
4 10 3831 102
78 37 11651 95
66 46 15343 69
83 20 117927 118
98 100 27442 112
55 92 25378 203
68 23 156289 30
34 24 37202 109
26 39 27034 210
74 36 11370 22
38 75 39376 193
49 45 21486 132
44 76 21229 25
74 31 6128 262
36 17 4217 443
33 71 4944 35
9 3 6252 656
38 16 69427 15
4 67 307661 39
64 5 11910 470
75 67 30521 130
80 93 23571 230
58 7 9370 63
48 24 84610 57
87 23 9296 222
72 46 18271 236
42 63 26360 138
35 20 70260 869
34 59 14269 283
53 35 42467 194
54 11 32521 106
6 16 51713 20
83 43 25218 245
77 86 37429 468
41 57 69747 245
72 50 20580 261
83 47 45422 131
94 60 10683 305
96 29 35368 205
69 21 5773 557
99 22 100867 565
75 27 13385 53
59 34 10515 266
75 40 57760 124
72 29 5320 31
84 14 8439 23
56 22 82613 20
75 6 19187 66
19 38 31139 200
27 65 43306 336
25 36 10293 208
72 33 80490 405
7 80 14414 41
50 66 21301 319
5 31 13501 28
25 31 12521 531
1 32 16084 40
11 64 15550 518
68 11 14494 39
23 58 47784 428
90 27 5929 262
85 31 23162 97
64 39 49464 40
85 21 93126 371
65 6 10392 82
33 8 23943 164
86 74 9866 212
89 1 40146 78
21 13 16303 293
4 93 36049 481
6 70 20676 408
80 34 4018 493
39 82 24603 129
21 31 47254 368
10 25 48050 39
9 21 23626 421
74 17 1601 362
47 67 9943 303
14 16 19195 54
42 39 32030 38
87 62 101137 208
74 69 14609 70
86 24 34090 2071
23 72 10179 442
14 20 57176 45
70 5 8776 319
56 68 104275 170
28 46 78684 717
34 65 10711 261
62 1188
39 102

2045426
