100 299 1 1
57 17 8473 83
57 42 21124 82
57 16 51313 585
57 5 20447 10
57 87 145592 54
57 38 31964 103
57 23 4429 114
57 72 20082 37
57 83 18163 37
57 77 52701 535
57 61 8589 1103
57 65 18326 75
57 53 70899 69
57 47 56269 211
57 60 32541 310
57 69 39460 100
57 54 63128 48
57 2 37597 151
57 79 43808 36
57 98 25017 90
57 27 6404 592
57 85 26763 87
57 19 42543 178
57 39 13816 341
57 8 7780 97
57 59 13478 54
57 82 23589 172
57 13 6722 424
57 10 10279 142
57 22 8696 176
57 76 32693 251
57 26 6451 318
57 88 9684 51
57 7 22370 346
57 94 2652 54
57 45 176780 190
57 3 13173 58
57 67 82541 93
57 91 17535 63
57 70 49648 23
57 73 9083 85
57 49 7368 55
57 78 16807 473
57 75 12471 598
57 1 7581 293
57 32 19663 146
57 89 4562 144
57 37 53646 105
57 24 6261 125
57 11 18602 43
57 63 32105 30
57 97 98021 94
57 28 52728 161
57 36 49910 59
57 92 27911 184
57 29 10025 214
57 18 20029 187
57 30 79288 177
57 71 3679 1402
57 31 10367 589
57 55 20240 39
57 74 7812 192
57 43 11488 53
57 62 19396 207
57 41 33532 115
57 25 56226 148
57 4 12228 203
57 68 5344 18
57 90 25025 454
57 34 9377 901
57 40 8619 71
57 35 66066 143
57 100 22332 29
57 52 9352 108
57 33 11891 217
57 48 40957 809
57 6 132103 70
57 46 6356 248
57 44 11655 65
57 50 511119 71
57 99 91922 443
57 12 82081 165
57 21 2385 247
57 9 46172 140
57 95 34025 62
57 15 22445 288
57 20 9185 151
57 64 6383 445
57 56 14534 22
57 51 54929 85
57 96 24524 131
57 66 21351 90
57 58 21515 613
57 81 49435 131
57 93 4045 134
57 80 10782 9
57 84 122961 96
57 14 53903 72
57 86 10568 112
51 23 35250 129
47 18 43916 264
73 15 74167 245
97 4 29010 56
53 19 69873 97
65 24 5031 66
32 33 13655 30
29 77 8528 53
53 92 20469 125
35 7 30293 126
91 58 24133 264
14 78 11629 100
33 71 12220 162
44 47 34606 363
83 10 35496 121
69 20 69846 169
35 40 21034 37
61 46 5358 67
26 95 23912 59
92 65 38414 25
75 35 5650 59
21 30 19691 401
100 29 16634 19
10 56 44385 136
31 1 10299 58
98 72 58869 15
22 18 18630 181
99 4 20700 1033
66 84 20756 135
46 63 62484 354
8 59 20845 35
63 96 46230 134
34 24 23803 80
51 57 18953 166
30 76 24287 105
16 57 15653 135
92 95 2822 216
27 67 8573 57
68 2 23061 446
28 14 51728 61
76 58 136935 208
42 64 59592 21
93 54 35684 430
30 86 57670 333
41 10 69413 81
14 38 32445 95
16 19 11445 329
46 28 69523 714
73 45 9240 40
99 36 8787 85
67 93 17632 291
46 36 17492 69
72 14 45741 32
93 15 44710 21
95 68 35625 100
98 75 8343 110
82 84 42816 2907
11 100 31948 30
89 42 80472 87
20 75 6647 438
67 23 14644 1636
67 94 1738 152
85 9 29363 29
83 74 64077 35
40 60 37482 261
38 88 136252 310
31 13 14746 105
78 48 48711 38
1 10 17995 90
61 59 10775 218
88 9 88715 149
22 53 41216 650
23 56 12229 155
38 41 154723 268
1 23 78261 101
12 41 19495 126
77 100 42818 44
3 48 41949 26
53 86 28212 267
79 65 26307 786
44 60 87812 506
86 47 11390 81
45 35 10339 34
89 19 5511 22
81 100 21738 275
54 63 38718 78
62 53 45953 131
6 48 4809 61
86 58 77916 114
17 43 55747 155
21 56 4781 52
48 40 39664 302
76 77 14745 281
87 85 64379 455
39 16 10980 51
31 9 13566 332
65 66 192037 35
6 54 30587 1734
80 19 18225 449
26 22 120551 317
71 85 15517 44
53 12 4244 101
10 79 24247 101
85 25 24288 196
86 75 18439 17
71 58 39439 368
47 69 16071 228
75 15 9971 112
56 8 2407 115
47 45 7666 146
7 35 25102 2890
15 10 42352 158
64 98 7646 745
7 19 32316 151
97 30 42303 985
90 97 21789 16
92 13 9218 23
97 77 29813 102
99 5 5200 162
90 31 72167 282
3 15 23736 389
76 79 20037 72
1 53 34272 1332
6 27 26061 657
31 23 2333 150
45 81 6629 116
50 87 28130 490
92 84 9388 224
84 57 13867 107
76 96 27368 264
95 86 44586 125
65 93 16272 1073
72 17 7975 525
71 79 100268 321
14 65 5131 109
17 77 25803 121
20 41 7308 49
60 34 3904 289
52 26 1740 53
80 78 4125 586
14 43 8546 218
85 46 18030 98
88 15 10585 36
45 72 35457 86
85 57 4865 525
17 47 28834 205
46 99 15291 31
62 35 31580 211
77 34 27425 13
64 52 47417 419
58 56 8530 195
4 78 12387 51
51 28 6102 259
22 41 105209 51
41 1 39100 87
55 11 515976 31
5 60 58455 2251
51 47 6473 40
100 15 4895 61
61 65 4908 125
81 40 35800 112
42 97 9543 42
22 74 34137 54
23 84 57201 163
9 36 47455 53
63 90 33086 93
64 40 182159 301
49 92 9411 362
32 13 8393 211
39 18 26206 644
83 84 21543 753
23 75 6462 57
67 97 2905 83
12 22 21250 114
13 94 75365 203
68 52 11665 16
34 68 17517 19
73 54 22292 91
33 84 17946 38
65 43 24690 118
40 25 21880 48
94 43 52397 155
100 87 11157 257
39 10 20604 40
4 22 12054 66
22 82 22919 42
8 13 35842 11
19 49 12636 366
74 64 9700 306
99 49 12591 152
15 49 2409 67
79 68 4771 197
56 72 35972 89
47 84 67273 278
25 8 28330 98
61 15 10396 20
30 83 11633 78
51 52 40180 92
62 29 74931 21
1 40 13612 266
57 693
84 517

21526430
