100 299 1 1
20 68 17644 66
20 30 7778 125
20 82 66156 611
20 27 38894 94
20 28 103516 68
20 5 16655 298
20 74 13620 85
20 80 14880 506
20 42 4780 813
20 58 130375 131
20 77 2699 306
20 95 38939 32
20 69 9937 144
20 39 12398 117
20 57 26788 210
20 59 3349 46
20 54 58875 101
20 55 39340 46
20 4 1231 86
20 24 82590 133
20 36 13656 75
20 13 15191 417
20 32 23965 79
20 71 33888 116
20 51 15435 219
20 15 4761 65
20 9 42759 137
20 65 16590 186
20 2 73161 402
20 97 109295 88
20 6 8420 106
20 64 39845 595
20 84 3229 153
20 61 115408 50
20 7 82593 74
20 90 52488 59
20 37 16943 493
20 99 78085 169
20 34 41561 52
20 53 17413 121
20 91 42957 50
20 33 7422 71
20 46 36090 421
20 29 8642 102
20 70 10262 589
20 12 26507 154
20 49 35120 407
20 86 16439 1073
20 63 21241 44
20 62 32238 210
20 45 3448 129
20 88 2347 136
20 40 19928 30
20 8 2495 2552
20 87 99807 185
20 60 76021 51
20 79 35470 117
20 21 67771 322
20 98 68762 116
20 75 5700 178
20 31 21334 45
20 78 24205 51
20 14 5279 112
20 10 58408 69
20 52 18063 179
20 50 10765 90
20 100 5619 31
20 3 3361 154
20 38 20913 200
20 93 89304 179
20 96 38489 188
20 11 29988 99
20 43 8605 241
20 81 34267 441
20 56 41314 1253
20 22 27748 172
20 16 18970 36
20 18 61715 103
20 76 35654 33
20 1 9565 211
20 35 7124 108
20 92 101271 212
20 23 20502 526
20 25 33286 20
20 19 22973 222
20 83 94627 60
20 17 7575 78
20 66 186782 201
20 85 39112 47
20 26 17166 200
20 41 4575 177
20 94 21799 531
20 72 7368 34
20 48 15457 263
20 73 22155 74
20 67 30227 225
20 44 3940 67
20 47 234449 32
20 89 605 149
13 1 50838 61
23 68 58773 68
45 43 6066 193
95 10 21032 349
43 63 6588 383
29 93 25261 141
36 80 6094 711
72 18 3200 22
65 76 51555 92
44 66 2834 870
11 31 14141 84
26 61 40047 127
39 44 8701 527
59 95 29348 135
16 11 10050 1288
36 38 76910 143
7 21 13850 39
53 26 73209 168
72 16 12916 104
52 91 251125 323
82 57 61733 270
51 83 83725 116
38 15 3867 110
96 88 12163 403
13 4 11909 120
64 44 17590 903
22 63 11713 210
65 21 31454 551
27 56 37727 161
5 33 9879 526
100 19 37870 22
85 72 13321 1033
82 49 10107 78
61 10 75625 52
34 70 18530 983
74 39 64474 508
35 42 64109 46
53 42 8066 42
97 42 14315 291
1 6 10341 582
11 69 16416 230
27 47 8544 326
12 71 20244 77
81 50 11735 264
23 27 23572 87
52 61 7676 818
23 64 1542 467
13 10 25831 69
65 67 33766 57
40 45 11007 203
33 40 76368 400
63 78 29623 102
4 5 23958 1962
86 28 62248 132
32 19 55962 690
33 79 111005 304
95 13 12224 272
79 91 4084 96
85 81 231554 52
29 1 33184 30
69 65 8011 22
86 71 15358 86
25 78 36205 75
79 7 139319 142
62 20 4082 24
83 1 80965 95
75 32 41947 304
3 68 31085 1855
77 92 9097 137
98 1 13396 109
84 85 14781 95
22 13 42921 449
21 41 11354 203
74 21 18182 79
77 63 34812 340
56 88 7885 278
50 63 140155 72
62 29 19738 532
63 65 27313 62
87 53 49400 42
54 46 48548 334
33 99 90876 95
33 85 12236 138
39 88 48049 100
78 25 11174 134
5 74 6169 36
35 61 6601 220
97 79 55989 116
2 45 19772 75
1 11 10972 192
25 7 55322 36
13 92 9966 292
6 32 19296 205
67 34 34563 41
8 69 6008 167
68 52 91372 55
62 99 21974 570
57 15 3918 49
66 6 1905 128
65 28 5382 60
58 75 59894 9011
5 93 37160 114
95 51 5077 159
94 29 26593 128
5 20 8937 98
90 59 35993 2823
31 100 9541 423
67 4 93495 181
59 91 10911 207
43 45 12313 848
6 51 18628 236
45 10 20993 239
95 57 74093 418
52 62 47793 179
70 28 92109 181
75 13 11826 44
97 61 98077 174
72 39 10200 80
68 11 5272 213
83 39 51340 103
35 18 17128 97
82 58 12541 1288
42 26 15776 933
51 11 31067 272
60 51 45174 48
55 23 11423 84
23 48 8629 127
63 19 20514 214
62 73 6364 101
5 4 36378 242
98 86 11155 269
8 13 45404 110
48 38 12488 515
36 84 51659 40
68 18 3910 122
55 30 12448 691
39 16 9313 102
10 92 20945 167
92 22 42893 122
69 67 75267 235
24 48 34313 72
16 97 13815 228
45 11 19021 99
94 69 53107 360
63 26 120480 55
40 2 3732 695
78 59 13589 82
63 53 55523 137
85 53 22889 333
66 7 13276 190
8 94 12409 76
21 24 35363 55
43 56 45375 61
63 81 66253 286
7 55 9524 247
24 65 17403 169
89 21 10714 372
30 51 14530 147
38 92 94636 116
59 33 9486 41
38 66 7212 229
12 40 25116 621
54 98 3474 75
67 78 66924 68
87 1 24199 42
33 48 93342 259
88 93 60273 62
30 64 5682 60
64 76 6527 203
12 82 4511 344
28 75 20718 114
10 38 4499 74
50 19 2640 165
74 37 14987 288
14 68 64298 147
28 100 9507 229
38 64 3269 24
96 82 6051 88
19 14 16522 107
21 17 65596 229
24 92 43567 45
81 10 2546 252
21 60 65542 104
75 7 9458 46
74 97 62234 26
47 29 13521 247
91 94 40434 91
43 95 9736 86
83 63 16999 118
29 3 12909 89
15 79 4509 406
35 41 4110 84
29 33 16827 226
49 15 20187 37
100 9 14093 59
54 36 16073 254
25 39 6873 239
77 95 1587 103
36 19 42386 59
11 60 21996 87
20 1089
92 75

884700
