100 299 1 1
10 26 145642 475
10 36 57688 656
10 97 8605 27
10 3 24190 128
10 57 10996 324
10 12 7744 218
10 75 31580 143
10 27 19065 61
10 11 7359 163
10 31 23994 600
10 88 235119 73
10 64 35097 45
10 71 85416 275
10 87 25077 722
10 47 12927 109
10 30 38167 141
10 18 4937 54
10 8 172554 136
10 28 24124 113
10 13 19406 96
10 19 6734 187
10 59 69670 228
10 54 21355 238
10 4 14828 295
10 62 121673 108
10 81 28546 231
10 1 14991 267
10 43 67576 333
10 82 1400 49
10 84 50218 263
10 55 22454 274
10 46 112429 509
10 78 20865 33
10 94 25030 52
10 95 7032 702
10 68 5094 341
10 40 19243 325
10 38 8603 376
10 80 7288 32
10 93 18502 90
10 23 29571 13
10 29 19697 162
10 63 47997 56
10 49 80105 180
10 99 5069 91
10 34 18728 445
10 83 5752 217
10 16 8469 549
10 98 3436 45
10 85 16091 132
10 6 1691 186
10 90 78905 106
10 50 2216 308
10 67 9299 664
10 35 45783 92
10 22 23121 261
10 25 24278 21
10 17 51463 80
10 77 67224 851
10 86 48710 101
10 52 19091 47
10 69 6248 65
10 76 122869 345
10 61 63450 223
10 56 2496 202
10 100 14174 73
10 53 20313 355
10 92 6980 35
10 42 18056 80
10 20 15254 317
10 89 25447 174
10 58 15771 208
10 72 24518 231
10 45 11924 57
10 74 11959 85
10 5 73480 33
10 73 9341 45
10 21 19067 98
10 65 185549 90
10 48 17005 182
10 15 11009 78
10 51 44088 421
10 70 13778 1574
10 24 8681 325
10 37 24465 119
10 33 38345 54
10 9 12341 258
10 91 43408 795
10 79 28156 76
10 39 100047 24
10 32 11447 486
10 41 27597 178
10 44 32758 108
10 60 289552 88
10 7 37763 92
10 2 14101 341
10 14 29410 295
10 66 2915 274
10 96 19520 42
62 5 28873 1155
99 2 27540 108
68 6 15894 370
83 75 9718 472
13 68 29096 27
87 47 94826 984
93 14 98607 57
6 81 147132 376
94 66 34098 70
23 9 6301 90
77 10 13517 81
72 24 4208 137
41 20 49990 128
63 66 50388 242
85 45 26743 172
24 70 42275 36
30 50 6357 164
28 15 20184 104
89 69 28893 441
42 28 20076 27
74 50 38805 201
34 91 5482 68
86 81 188403 72
64 13 26100 147
36 60 14670 1181
96 89 2377 87
6 99 25451 124
97 8 70107 25
15 74 22776 249
64 42 15717 156
96 30 19431 267
62 73 20926 95
68 2 146250 137
90 68 8578 78
93 95 10111 173
15 78 8454 244
70 89 1629 337
44 68 15800 849
42 80 13315 129
24 95 14725 407
19 7 39391 173
76 98 42024 379
44 84 10447 152
26 24 9220 173
63 41 35290 55
2 76 24066 872
32 89 16328 108
94 79 112999 75
82 20 86717 55
79 21 41610 37
87 44 24004 71
42 49 27006 93
60 25 30378 21
68 64 36674 333
17 80 45516 28
28 94 60576 643
32 52 68816 87
85 33 50063 40
81 5 3235 22
60 36 66679 25
53 34 30156 54
68 52 58039 1164
43 44 24881 117
1 7 23946 122
20 83 24380 188
86 29 17433 96
52 21 19284 61
50 47 16560 78
75 51 7197 376
5 77 21142 554
76 71 15907 131
61 21 36222 62
78 51 70566 323
65 79 11811 175
53 5 8864 130
5 98 64340 404
39 17 43256 115
59 79 10392 39
70 52 50745 343
98 74 13973 78
59 41 25505 61
82 92 4980 140
91 71 32310 72
1 21 141952 91
44 78 38832 97
58 72 53412 269
98 30 40775 368
82 96 18844 223
48 4 11238 76
62 25 8326 379
30 18 53985 54
29 3 5486 778
7 40 1602 415
56 97 46550 771
67 38 7371 73
31 45 30840 443
45 11 46556 132
89 79 45968 374
77 85 3287 56
40 50 59202 48
20 85 101769 151
73 4 79529 526
16 72 15835 138
91 28 7830 408
46 69 3404 738
40 72 23057 70
88 50 18272 542
78 85 25963 59
34 44 28751 997
73 18 13274 235
89 20 140506 105
4 78 18126 231
55 59 16829 49
97 32 36465 65
21 20 74865 78
99 78 57691 41
7 13 69585 56
97 65 22373 71
28 56 4699 57
51 34 132522 76
34 74 13821 129
24 5 109610 89
11 48 11027 373
38 91 21412 215
99 89 30497 893
70 34 16577 56
87 77 51621 140
38 26 29909 810
24 1 5042 544
44 43 5809 350
97 49 140791 289
4 97 39074 40
100 7 83660 176
35 64 122783 76
34 33 35320 378
45 22 3866 761
87 46 23119 59
22 99 28740 48
64 7 6525 133
98 61 6149 375
92 91 9051 68
52 83 28871 140
2 47 28731 140
92 96 110043 1805
48 10 3254 462
94 61 23555 139
84 31 67449 1088
93 84 6923 247
22 2 10363 77
29 95 10853 114
76 75 44915 88
55 34 2817 185
71 22 84506 169
13 48 19176 322
58 23 9120 18
14 59 7822 56
83 12 9501 1028
60 70 37195 898
44 69 21721 469
98 70 12468 9
100 88 20916 54
9 41 8569 850
58 39 3763 172
35 84 30443 133
2 44 16211 109
14 30 118659 174
71 19 43035 48
1 30 62944 120
96 21 5664 57
76 84 29363 200
62 83 14023 376
42 94 11833 509
88 66 2403 173
98 90 23688 109
70 55 8066 174
5 2 28286 391
73 90 26234 185
92 6 26661 356
64 41 15421 320
66 71 16349 103
46 66 17695 64
60 28 14989 135
61 15 37550 988
28 46 28250 106
29 16 19323 35
16 55 51677 40
21 79 104105 638
82 58 55767 16
16 97 28804 63
61 41 35471 934
49 39 21575 266
7 58 21873 203
59 66 3692 157
24 58 51138 62
83 6 10544 318
30 5 17522 263
75 92 20047 177
55 42 29412 652
68 96 19540 154
90 89 27961 80
10 198
89 70

1078490
