100 299 1 1
54 2 39216 879
54 21 96542 2187
54 28 6081 285
54 38 9095 387
54 95 17524 916
54 19 11247 1217
54 46 26966 70
54 34 99360 1315
54 92 48294 621
54 22 34787 855
54 89 79136 346
54 36 58488 90
54 7 13842 1283
54 37 28906 47
54 25 17352 106
54 67 46396 148
54 14 42691 215
54 53 10238 105
54 79 57559 65
54 71 35123 177
54 11 62441 218
54 49 95078 442
54 24 84225 528
54 52 33996 467
54 69 499561 1518
54 93 9706 204
54 39 34207 51
54 6 41200 298
54 43 10388 27
54 90 19246 251
54 94 82400 49
54 60 15402 129
54 13 29945 118
54 15 44840 141
54 8 13364 181
54 51 2729 68
54 10 70699 245
54 76 4030 122
54 96 42558 76
54 65 124386 475
54 41 3679 61
54 45 16688 75
54 17 4286 482
54 1 86375 315
54 72 36311 126
54 20 7478 199
54 58 40636 76
54 91 20301 112
54 23 70406 59
54 57 45742 227
54 35 2995 91
54 85 39816 448
54 16 1917 662
54 100 28267 54
54 77 25744 213
54 9 33784 417
54 62 79936 492
54 56 22884 260
54 82 10486 851
54 99 23405 80
54 78 32387 75
54 86 33126 60
54 59 59174 178
54 5 59427 71
54 83 78300 376
54 74 1733 14
54 68 2577 41
54 75 29559 368
54 70 34454 18
54 27 5649 178
54 12 6146 1056
54 81 10234 324
54 87 15480 112
54 42 3539 202
54 64 10525 129
54 4 5796 128
54 50 16347 324
54 3 79507 51
54 88 29144 207
54 55 2567 96
54 31 6569 18
54 40 25222 173
54 48 27542 986
54 63 91934 97
54 98 7006 590
54 73 63760 23
54 80 30386 262
54 66 27698 58
54 97 7020 14
54 61 25751 193
54 29 44409 110
54 47 22938 144
54 26 20743 23
54 84 134211 61
54 30 106385 578
54 32 13262 305
54 33 19069 138
54 44 31039 38
54 18 28327 98
85 20 13900 895
22 83 28011 70
31 50 37353 494
92 53 10503 58
45 53 46176 154
92 80 30767 105
19 30 8827 224
56 2 15620 544
57 5 3096 619
80 100 71382 65
83 12 9384 112
58 32 4076 72
91 11 42368 595
42 16 11250 500
28 38 34759 485
51 9 10929 84
19 14 16456 198
3 94 117893 741
13 78 19784 187
53 26 61548 409
36 29 86626 554
69 36 8790 461
67 30 3333 52
42 25 51116 67
50 42 15855 159
61 24 3239 234
55 85 64715 114
7 50 43916 269
15 80 9604 126
100 44 15632 520
26 76 60437 165
8 19 16690 42
63 5 48577 173
38 10 19445 69
22 90 10906 859
96 90 54599 107
20 10 7732 15
99 84 37167 104
71 1 12317 25
32 42 41965 458
59 85 51172 110
76 37 23081 83
23 20 12108 606
98 49 3215 90
42 27 11922 500
30 55 39677 61
43 76 5960 201
98 11 73215 289
21 6 4915 114
31 63 43906 364
30 93 6880 98
21 49 11114 86
97 4 39709 34
83 30 9066 106
43 47 10064 369
35 79 2163 670
6 13 5289 174
13 51 53495 130
30 29 14424 369
94 48 75695 278
81 24 9031 58
59 80 65900 44
70 93 21251 131
57 25 28081 770
9 86 9654 450
70 33 9965 442
79 78 42721 76
4 51 11781 47
71 31 235300 34
46 21 40997 64
17 32 14790 209
86 57 184254 264
50 11 19006 31
84 69 15386 313
65 66 6104 144
27 33 9768 85
82 29 4417 204
93 47 40611 314
25 9 183948 955
23 7 10325 34
2 84 44810 757
62 33 10493 124
15 77 44228 170
81 72 13777 97
21 89 30903 146
27 32 81913 690
10 62 59526 236
88 70 84500 330
30 39 20331 87
2 99 5034 749
46 9 26988 106
79 92 21168 42
33 13 14859 251
94 81 11483 288
37 8 12571 29
40 9 6635 318
55 53 12339 625
2 16 33312 190
74 7 23603 204
77 16 43483 82
81 59 61715 194
78 92 17861 96
7 79 29604 582
30 33 24916 163
20 95 10999 119
75 41 10968 418
17 25 42710 117
76 48 20748 44
83 97 10721 130
63 13 20854 191
44 93 1378 1233
49 76 9840 105
34 98 20399 406
57 80 25562 106
97 38 39485 54
21 67 47407 33
78 64 32898 98
57 39 3030 356
37 15 178701 172
78 100 16804 20
39 7 86444 206
68 49 3868 566
6 16 38298 47
82 65 167182 60
15 43 17016 41
85 88 14184 610
34 20 42080 119
99 42 17207 285
18 11 3766 61
79 29 5036 165
59 65 17094 43
48 97 6485 24
92 33 28952 38
99 31 9250 23
25 23 6940 118
13 91 7906 95
65 2 25263 205
85 69 25276 74
12 64 27123 109
85 62 12568 98
30 28 15020 530
59 33 25159 82
73 63 30412 60
69 81 5275 113
20 7 10520 371
25 29 4552 44
15 53 34694 33
90 61 24847 151
26 12 3134 177
43 28 21771 72
26 94 8129 98
31 39 80772 421
68 58 84225 229
26 89 49921 73
16 100 48816 449
100 48 13691 201
89 31 23774 91
56 78 136058 419
61 47 66009 21
75 20 50852 153
15 34 12314 173
13 33 106427 92
22 47 86659 244
24 28 39529 137
48 17 63728 1240
31 66 52062 126
70 40 17303 174
30 24 13585 534
37 10 19587 148
61 29 12384 43
69 30 37708 236
65 97 6534 178
30 9 13004 959
66 14 13741 191
65 99 10683 69
91 76 18059 200
93 79 6630 30
70 14 33590 53
17 16 10140 521
21 35 157111 555
8 7 33465 213
56 58 13131 46
18 46 21710 300
34 28 36162 80
48 89 20300 181
17 13 81319 878
76 47 23535 99
41 77 10215 66
84 23 32233 44
30 76 6180 21
34 4 1729 67
19 39 19684 240
18 56 1039 121
55 45 21226 46
49 11 30521 315
28 2 39515 125
4 93 6088 84
36 5 16153 85
59 61 11817 497
41 82 3280 566
54 198
33 111

1806239
