100 299 1 1
29 50 11084 306
29 95 17363 192
29 100 41644 516
29 92 36081 58
29 26 110429 113
29 84 78238 347
29 21 8756 111
29 70 23892 86
29 36 26503 447
29 31 45273 175
29 89 108798 22
29 40 99629 455
29 94 23670 226
29 34 71658 116
29 35 153706 173
29 19 57051 335
29 38 2433 35
29 51 82349 255
29 73 16059 105
29 68 11877 475
29 56 12008 105
29 43 9168 2467
29 99 50948 655
29 78 91556 19
29 79 73112 128
29 91 26585 155
29 45 2761 146
29 96 19758 144
29 30 27270 257
29 42 104224 65
29 62 23725 131
29 44 11506 423
29 69 15472 40
29 39 20386 92
29 55 10626 106
29 60 48791 40
29 11 129458 45
29 14 104536 80
29 48 7188 521
29 3 10588 78
29 15 32268 114
29 63 22805 236
29 4 17285 59
29 81 15981 165
29 6 7508 666
29 98 17461 283
29 54 6291 59
29 20 50160 126
29 47 18940 203
29 97 100771 63
29 2 136561 376
29 77 13282 254
29 88 8107 282
29 64 5511 493
29 80 44014 74
29 72 20802 1268
29 41 22680 78
29 9 15257 227
29 76 17901 78
29 23 130132 255
29 22 25337 260
29 8 15726 47
29 90 743 30
29 10 42995 173
29 58 7086 49
29 46 4848 136
29 52 55105 3097
29 75 89609 93
29 13 43756 81
29 86 23008 103
29 32 22253 186
29 24 17225 319
29 5 14983 257
29 67 21270 78
29 87 4992 258
29 27 16411 46
29 16 11949 119
29 61 2300 93
29 17 50675 100
29 18 20753 114
29 82 12332 281
29 57 28753 92
29 74 5159 85
29 37 13405 519
29 49 35449 136
29 66 4830 434
29 93 64663 231
29 25 70549 90
29 83 79144 286
29 65 22292 588
29 59 26201 208
29 33 25277 319
29 71 3417 72
29 12 9260 83
29 53 52819 250
29 85 15098 73
29 7 15238 66
29 1 6766 289
29 28 140332 380
11 20 25206 152
99 36 3554 14
90 38 14773 935
37 32 8317 134
63 96 11257 301
81 88 66166 38
63 74 16233 152
32 90 10981 43
78 55 117977 196
70 86 17156 397
27 1 36836 103
48 39 8357 141
8 63 56763 18
60 52 37087 93
6 58 7379 1246
89 50 86749 52
95 64 78387 168
7 90 20271 381
38 59 43363 134
70 53 35113 52
23 81 18405 65
95 3 49509 96
59 34 14187 137
98 15 8384 76
45 13 17077 253
17 85 42472 172
35 41 59934 157
20 27 117832 231
60 80 48091 62
80 25 3791 252
93 12 18745 31
15 39 61703 178
33 36 51857 189
43 50 8816 167
87 53 13340 74
34 93 59390 229
69 66 53732 42
59 9 30212 73
55 21 19087 51
70 98 78860 87
12 64 31514 29
44 4 23251 356
41 82 137161 98
25 84 16617 265
88 20 11425 273
65 19 26078 290
95 12 14624 542
90 95 7766 224
97 56 16819 159
48 3 14375 34
19 70 60018 370
52 81 28310 109
51 23 22010 28
15 67 39323 89
69 47 64943 30
34 3 84245 32
40 28 73770 110
36 46 25132 168
90 59 10650 162
85 94 12665 53
34 70 60044 115
70 40 85634 348
58 84 16279 105
49 97 23878 545
72 96 2816 78
6 25 77370 65
26 37 19730 244
43 24 6683 54
57 19 19323 31
64 12 8446 114
36 79 43549 241
26 95 7633 95
72 32 22036 167
21 22 39072 247
17 5 14149 291
19 30 26053 54
54 96 12231 472
7 98 94817 181
59 12 7762 352
98 28 11907 52
4 11 19669 233
13 27 2945 393
76 35 13089 71
19 13 2714 163
8 50 12126 171
88 46 17509 186
7 66 29070 136
4 96 18722 72
69 62 72381 271
60 20 6248 320
57 70 15023 66
92 74 4053 165
46 37 21055 73
28 25 68684 80
99 72 11424 186
72 56 59085 285
19 11 34302 37
87 37 9999 156
58 31 19914 141
86 16 6406 77
98 29 16187 1395
49 12 21256 65
23 78 28699 72
7 12 68852 445
4 50 25691 1115
73 59 27143 474
84 24 4918 238
62 76 35947 153
86 87 1546 89
17 100 3364 314
49 92 14078 67
14 93 117117 166
21 25 43211 558
53 60 13567 553
92 72 11532 252
30 37 21029 162
79 30 21879 9
28 60 112654 23
44 24 35014 91
100 62 50863 64
11 92 11051 121
39 74 53161 54
18 34 8490 121
99 17 85510 202
39 70 62560 255
81 32 17975 275
63 21 24641 396
16 29 80960 118
28 67 6269 407
52 92 26275 105
4 47 11457 191
90 96 16747 30
22 92 10784 145
31 13 48742 451
51 33 12200 90
26 49 17662 168
35 30 20237 80
59 66 65623 92
54 11 54105 26
54 8 21519 145
36 58 11296 253
63 35 22254 307
67 70 9428 752
74 93 72935 419
44 82 15293 56
18 100 9172 24
30 43 418870 235
62 9 5161 340
32 82 56758 98
97 55 4352 302
31 59 10280 33
80 49 16227 550
13 51 48006 279
62 85 21521 508
17 30 89710 361
47 38 19924 308
30 57 7387 36
96 56 51743 147
66 7 8662 44
53 59 17397 443
67 48 19921 168
28 35 15205 229
76 58 4701 499
92 30 39572 727
2 91 127893 84
50 59 9140 245
96 93 30684 310
51 95 9341 673
97 54 11261 101
36 76 80908 52
36 74 17971 466
9 66 89342 102
46 62 4469 150
13 25 21207 144
28 4 15913 136
46 82 32142 298
8 57 29284 188
14 21 39394 119
84 27 27477 93
39 77 9675 232
22 51 89169 93
67 19 26488 223
57 48 2969 173
18 53 10712 48
11 6 10747 502
4 7 19087 639
18 85 96185 631
100 40 27757 141
100 26 51077 375
21 59 41220 306
21 65 10049 136
82 98 161132 248
89 71 11249 15
88 92 26955 18
59 70 64113 78
100 16 6642 468
98 86 5391 93
7 76 1549 100
99 58 45235 158
19 79 33587 174
29 891
59 668

17990420
