100 299 1 1
25 22 51471 331
25 31 32748 128
25 18 30620 389
25 71 14412 49
25 38 9959 164
25 53 5695 1001
25 74 20146 455
25 87 6197 58
25 26 3318 95
25 61 3199 35
25 29 9932 54
25 44 4824 73
25 54 32204 754
25 86 15506 95
25 99 115104 177
25 52 8655 127
25 19 31293 170
25 94 10127 54
25 39 30576 50
25 60 8177 29
25 78 23729 303
25 32 25868 50
25 67 7214 168
25 13 68536 183
25 68 44890 103
25 21 28265 163
25 89 5493 220
25 90 20309 651
25 81 5711 816
25 91 28560 246
25 48 7858 143
25 37 11334 111
25 15 28791 85
25 35 48149 459
25 62 53795 117
25 45 31611 972
25 17 15678 397
25 42 30053 112
25 100 5063 146
25 36 10614 109
25 14 45669 200
25 55 51084 26
25 8 33063 140
25 95 8391 195
25 34 15978 75
25 64 10773 89
25 23 9409 62
25 79 10397 128
25 41 15178 87
25 65 40316 45
25 16 16520 66
25 96 23113 136
25 11 6825 121
25 83 33816 45
25 58 42094 48
25 63 10138 395
25 92 17053 333
25 33 100292 221
25 88 15001 57
25 98 15048 20
25 57 41881 1220
25 47 19452 23
25 59 13661 625
25 7 8022 34
25 2 12571 242
25 40 56809 101
25 4 4939 398
25 84 40664 65
25 75 35826 85
25 27 21748 156
25 72 239726 470
25 12 60754 15
25 66 19460 181
25 46 32418 132
25 51 29187 448
25 9 84966 58
25 43 11110 89
25 69 13137 232
25 10 14941 1236
25 28 8836 75
25 76 15625 64
25 77 15139 198
25 6 26438 28
25 56 4447 30
25 93 62385 127
25 82 40429 30
25 20 12900 441
25 24 60277 994
25 70 15292 147
25 97 129743 97
25 80 5887 224
25 73 11879 450
25 30 11208 215
25 3 5742 104
25 50 8697 393
25 1 24507 103
25 5 17309 290
25 85 16358 233
25 49 32437 26
64 10 17912 230
23 89 14186 446
97 83 40493 116
67 41 66911 117
40 42 45226 199
97 26 56276 563
26 71 30166 306
6 56 7306 631
37 34 29380 280
46 40 355834 48
95 2 13821 26
39 14 7820 235
36 6 13673 28
72 79 12963 283
1 70 27265 18
1 48 33312 109
61 28 19997 602
39 93 76438 66
46 77 38896 70
37 66 49406 438
14 29 7076 103
32 63 48721 88
41 2 10279 85
60 41 72958 663
37 69 72106 210
2 15 71784 243
65 57 16515 402
30 87 29858 77
12 37 23081 77
68 73 7701 80
38 93 185137 362
80 43 126115 120
9 89 37991 88
45 93 5981 203
18 76 10847 36
62 57 37815 256
53 55 7240 75
32 61 39038 538
61 12 6262 51
61 26 15907 139
22 16 7423 1173
86 4 7537 88
82 49 11004 548
97 86 11330 42
88 92 86828 610
22 25 48704 591
7 11 10072 347
100 32 69619 235
46 25 6441 318
79 50 28707 43
12 65 16191 668
100 68 24011 99
52 45 30750 1345
39 81 11908 267
22 99 26010 220
82 70 14813 150
31 37 25427 385
4 81 128871 155
90 68 48683 173
8 29 31963 544
90 63 5594 294
11 22 31398 119
5 16 47398 176
69 23 55808 119
64 79 24262 303
58 8 13193 363
91 88 29310 174
69 47 18720 41
39 65 47932 49
95 48 85880 416
45 63 3634 78
52 64 48366 62
13 73 26143 86
58 97 11364 251
61 97 27489 95
6 86 3770 61
16 28 29180 24
34 75 26343 339
62 26 119741 32
44 45 67890 120
27 86 18731 144
48 96 76268 81
56 76 6597 286
29 3 36051 138
69 54 25199 63
67 35 7697 49
10 48 25904 344
82 2 74229 186
81 12 3569 61
39 90 13674 188
39 44 23755 297
38 83 28974 61
35 2 29144 183
20 78 6012 78
20 9 24348 878
29 78 48990 59
18 60 13253 76
55 20 12479 59
30 23 41886 134
37 19 148360 1210
17 59 28840 322
72 83 8426 113
48 38 35674 981
30 94 44249 149
67 33 18991 363
54 10 8734 314
36 90 28103 142
37 45 8732 57
93 25 8450 364
14 55 20040 214
35 17 34907 1161
99 72 10571 63
33 8 109016 530
36 18 2704 273
81 51 4478 187
15 23 17032 261
43 6 31775 148
95 75 27796 35
1 42 25874 164
4 28 47101 348
33 87 6899 205
65 15 5846 460
59 87 35559 85
46 49 41805 278
56 47 57914 186
68 52 17809 186
28 26 6479 300
17 94 33668 426
27 52 10491 336
33 83 36513 244
52 23 19238 58
6 20 57829 260
66 88 11260 116
40 97 3231 81
9 47 11876 37
72 55 42227 69
77 92 79001 71
22 43 25832 317
30 48 39209 153
4 96 57492 364
38 92 26727 131
32 46 10793 111
52 17 16511 3022
81 69 3003 1349
64 96 6485 368
80 30 99130 179
13 82 22734 68
3 17 13093 547
80 3 18650 81
49 74 28175 159
86 18 110506 94
71 47 25059 146
44 16 9304 132
94 6 37121 485
95 59 29411 27
36 44 16419 253
37 58 15885 66
29 42 6065 53
83 40 20628 349
97 9 26604 35
41 59 35345 203
22 21 14639 241
77 27 54436 271
22 97 35001 327
4 11 26560 381
19 57 12786 725
41 1 11876 62
19 47 54479 211
44 97 59886 64
58 25 60537 42
52 50 18249 109
7 25 27348 144
71 58 6808 135
92 78 14504 129
87 92 13743 1174
13 69 35880 31
70 64 11022 125
53 74 10734 87
80 61 51129 258
85 38 30746 65
80 45 317199 258
97 49 85775 68
91 86 17374 116
59 28 3810 145
34 65 14676 210
84 32 16736 413
68 76 12187 89
16 2 3879 87
56 96 3595 94
76 11 3487 551
44 55 108369 283
14 66 35400 79
39 29 64325 118
77 22 65765 201
51 58 38278 159
20 60 8469 183
63 67 36424 18
47 70 20398 144
41 95 20160 67
26 55 2826 90
25 297
97 124

4214016
