100 299 1 1
87 86 28136 71
87 84 23919 246
87 69 24447 78
87 46 101179 425
87 38 12654 125
87 63 17374 34
87 36 20613 126
87 9 8702 297
87 48 25523 94
87 37 6634 650
87 56 19004 1239
87 100 30938 112
87 18 7371 61
87 10 146374 135
87 16 1655 142
87 58 11369 146
87 59 4684 197
87 79 7789 139
87 29 39782 215
87 6 38281 132
87 95 15060 38
87 39 33023 32
87 19 7740 758
87 11 71554 80
87 54 2291 554
87 50 8118 164
87 5 20955 264
87 70 6653 194
87 1 37748 556
87 94 2439 149
87 20 56606 217
87 83 134835 342
87 44 4462 335
87 7 28846 237
87 28 18480 391
87 66 20001 35
87 92 11677 328
87 57 25419 104
87 30 6365 50
87 55 5199 307
87 88 12982 309
87 25 6649 1092
87 91 32079 158
87 15 72422 195
87 47 32018 7
87 72 236377 278
87 60 27843 132
87 82 22849 47
87 4 38383 360
87 31 127049 175
87 23 22916 145
87 35 5158 96
87 22 19500 310
87 64 13587 520
87 33 1990 529
87 80 3713 743
87 67 17536 80
87 24 9904 189
87 93 38502 298
87 65 243281 301
87 96 7899 152
87 45 23655 620
87 12 6117 700
87 68 31650 555
87 61 4494 330
87 3 28638 21
87 99 52500 116
87 43 6174 309
87 98 17940 528
87 41 6818 55
87 76 24545 127
87 77 9700 1156
87 62 29708 225
87 42 19272 123
87 17 2806 58
87 97 14381 164
87 34 20600 111
87 52 35674 318
87 53 102021 127
87 51 30045 75
87 74 4056 199
87 40 22433 428
87 75 14624 317
87 21 40065 547
87 27 19392 163
87 73 7807 122
87 49 14397 35
87 2 17860 131
87 71 39195 201
87 13 51967 112
87 85 7827 108
87 78 17391 126
87 90 80272 271
87 14 17182 134
87 32 26149 66
87 89 18143 358
87 8 13833 154
87 81 64701 773
87 26 31603 66
38 23 10653 113
39 81 13624 688
48 98 6640 47
91 80 9191 271
58 55 33685 207
20 10 18183 220
57 81 25989 120
3 54 15902 65
42 88 28097 178
54 77 12261 72
97 66 21582 230
77 76 62128 255
19 24 31672 141
23 1 26493 93
26 3 13964 68
85 63 4347 372
71 92 1422 283
26 91 17889 213
94 44 188881 45
21 19 3015 109
76 18 5095 117
43 100 26936 537
38 58 34578 55
66 94 7264 33
27 83 37436 176
94 41 16247 708
80 45 86018 213
32 88 40220 101
98 73 50271 26
6 5 5006 108
17 31 64056 460
59 67 18880 122
1 47 53367 235
31 68 51060 636
84 11 4901 396
97 54 38650 211
62 31 97814 35
22 20 8469 67
78 64 55681 209
67 90 14369 252
17 81 398677 968
21 86 86740 42
73 60 67610 52
23 93 9413 42
65 55 2544 121
30 67 47647 696
83 95 15365 55
94 88 38906 47
16 63 37952 201
63 46 36371 353
76 51 49063 603
63 18 17766 311
72 74 26312 1338
14 35 3789 21
62 18 94146 773
56 42 11052 228
63 90 24920 345
62 13 22432 204
71 70 8605 153
43 9 112529 284
42 57 31538 173
34 96 18086 225
45 86 81803 296
11 28 105947 87
20 15 4175 175
39 71 19833 412
70 1 14948 200
98 16 11768 105
57 96 4674 372
48 95 2905 209
40 100 14419 167
11 53 13512 837
21 12 9863 122
53 91 98781 87
80 18 143634 401
52 3 2977 165
80 46 3701 344
22 14 18333 30
100 61 15163 174
89 14 24845 109
35 56 5335 28
21 45 22388 53
51 34 56400 17
34 25 101653 119
63 45 10653 38
78 52 133208 226
68 2 39967 617
63 7 1052 300
45 22 5666 150
7 55 28767 150
72 93 8162 751
76 95 40449 101
85 65 63726 36
13 6 21960 79
43 30 12889 520
7 18 25086 244
22 2 32143 729
24 3 35927 1550
13 50 14456 80
36 78 12100 98
5 42 90525 29
1 77 13575 1308
67 100 9788 14
50 45 22259 111
72 39 78214 615
33 34 117413 63
31 10 21283 79
20 98 4465 496
27 88 12772 1657
32 18 12505 110
18 44 32973 78
100 95 10526 156
88 20 32531 45
7 37 21051 114
83 59 42396 134
89 64 25178 337
74 72 20790 484
63 37 17115 397
98 85 12278 460
63 65 23726 21
5 19 71954 371
27 20 5540 60
31 29 51151 42
8 51 27656 85
35 25 27821 347
95 54 56206 739
60 87 3717 138
77 70 46982 34
37 93 37859 163
12 30 5265 374
72 16 153192 45
81 47 21932 229
56 87 108701 35
90 56 34082 194
14 97 9135 14
7 84 140828 89
65 38 3719 128
99 61 10831 149
79 24 10420 482
13 37 2957 127
6 27 67346 78
36 55 73686 109
46 76 9867 179
33 4 119594 187
12 7 47952 273
69 96 192649 59
13 51 71463 99
36 12 74167 206
83 47 41532 51
39 32 70928 1679
23 47 64965 249
11 26 3996 35
61 20 26769 36
15 86 7663 379
62 7 8202 43
25 58 4601 520
70 30 9185 274
2 54 5163 125
67 26 4304 286
74 58 16018 100
66 60 10989 229
42 45 29157 19
100 16 73201 186
96 94 8832 122
60 41 21686 145
85 90 129032 30
36 72 31642 59
81 9 37373 93
86 68 36748 117
45 48 56564 110
58 60 7934 553
40 69 29743 204
26 32 78116 23
27 59 8462 191
70 95 46257 173
2 53 8250 70
43 59 17630 52
34 51 13026 102
91 28 185097 707
35 63 6003 577
88 75 81757 119
74 78 22716 51
30 69 20776 446
98 55 16072 90
96 67 3100 198
37 64 31980 79
65 44 4896 348
80 72 18228 94
50 23 79309 72
94 53 70761 36
91 22 33132 307
43 84 6326 600
34 39 54695 111
39 53 18537 47
3 82 11868 97
45 62 3178 144
17 53 55445 86
11 71 42098 35
73 24 5122 268
11 1 8560 45
87 594
18 320

7221855
