100 299 1 1
100 25 18611 110
100 86 44317 227
100 41 25873 801
100 33 8028 133
100 15 3087 22
100 13 32835 172
100 64 72190 179
100 92 111521 35
100 52 32818 337
100 77 32140 336
100 53 5809 235
100 78 33476 322
100 29 17184 96
100 8 11142 55
100 10 2321 101
100 93 220805 607
100 50 22420 90
100 74 69353 142
100 59 5132 377
100 32 16356 889
100 47 54706 142
100 16 16380 396
100 96 27871 172
100 51 5913 95
100 69 9336 56
100 83 4953 212
100 48 19437 235
100 35 32226 70
100 1 18607 192
100 87 15832 77
100 9 65780 433
100 42 22204 110
100 81 19901 226
100 37 62889 21
100 91 47500 158
100 54 44950 27
100 23 42213 31
100 17 8162 42
100 49 7929 54
100 61 24941 532
100 71 12902 52
100 38 27628 393
100 90 38579 266
100 66 15667 358
100 34 96454 160
100 75 17154 117
100 70 11756 27
100 6 29229 29
100 7 24190 355
100 99 8317 56
100 28 124407 106
100 39 82921 311
100 56 4716 102
100 79 72927 43
100 73 26441 59
100 84 6428 393
100 80 10514 174
100 76 12862 133
100 46 17640 341
100 57 128814 344
100 30 45275 141
100 36 177539 20
100 26 5614 73
100 72 16534 200
100 95 130608 655
100 3 16524 71
100 58 13759 37
100 40 59684 58
100 24 25835 471
100 45 60999 40
100 68 199453 144
100 31 124049 133
100 21 7136 90
100 85 33176 51
100 94 4553 150
100 22 31284 76
100 89 46800 70
100 82 16547 417
100 11 116189 93
100 4 43601 202
100 67 71712 100
100 44 52986 116
100 27 74846 96
100 65 7268 18
100 60 119782 415
100 12 76016 20
100 43 16055 135
100 2 21125 226
100 55 11907 90
100 63 9089 100
100 88 36315 41
100 18 24669 148
100 14 46922 139
100 19 15652 24
100 97 17518 256
100 5 22984 114
100 20 15170 101
100 62 16336 14
100 98 15791 409
9 75 8740 112
24 97 34867 325
4 98 40931 38
69 51 4124 51
4 43 30067 217
51 30 86315 115
71 6 13020 31
69 92 47474 41
63 87 80771 425
83 33 46868 81
8 22 9229 97
55 94 14722 141
11 33 85933 336
18 29 14957 224
27 65 80222 94
5 3 13173 113
8 48 12390 446
65 72 6799 62
88 19 24300 139
54 19 63210 84
69 10 20655 97
22 1 23097 274
19 25 25870 92
90 60 45863 1144
77 59 1954 138
42 16 7515 1439
78 56 26678 29
42 69 28629 282
18 45 10192 61
43 75 32742 202
8 3 8454 179
88 53 61043 36
97 55 7111 446
10 96 20610 243
29 12 11814 44
71 99 2018 264
72 3 23195 247
27 21 24364 223
95 33 11661 367
99 54 8926 86
81 67 68891 323
88 98 14710 256
61 50 37846 107
99 91 13590 27
81 76 5039 88
98 70 32679 527
41 91 30585 342
27 94 19064 141
17 66 7300 151
41 93 14289 16
45 84 19650 241
96 15 6179 57
77 74 58729 223
76 34 10069 106
41 97 120779 84
98 68 88154 114
8 60 169858 313
62 72 56656 554
18 43 34511 113
87 1 28355 105
44 83 47217 137
50 65 1279 213
47 3 14954 36
79 55 10977 106
80 14 27753 51
21 56 54535 438
22 35 60732 285
80 85 20613 234
99 90 19155 143
89 5 14752 456
85 14 18012 93
16 24 41317 231
42 98 60419 426
55 68 27743 230
66 36 32302 191
80 96 29709 86
18 40 21758 35
36 43 1046 147
49 87 6822 27
84 89 1603 310
61 80 5725 194
35 83 17341 233
92 38 1572 55
11 88 28666 1614
5 7 61250 127
20 49 17407 292
79 7 20403 29
33 68 38471 110
42 48 36278 115
85 40 127070 245
47 57 7703 553
25 12 12774 42
48 81 7425 265
14 24 51798 700
9 85 59985 259
73 42 5009 105
60 72 14060 144
86 32 6911 125
70 40 9032 70
61 72 11694 30
55 86 30846 1663
88 43 15272 80
21 16 16493 103
26 44 17074 83
61 49 20124 354
21 30 18762 140
85 51 3990 127
64 82 28391 248
66 95 17095 55
10 88 18969 67
42 73 7752 436
6 9 11910 236
21 33 7597 95
22 86 12760 809
65 100 40894 129
68 57 95349 325
50 16 2830 160
15 9 6066 84
90 84 55488 771
22 70 36422 161
60 57 7377 89
58 13 13534 43
35 9 11843 205
87 29 13865 64
8 80 51620 213
8 25 37248 187
4 58 22729 85
84 86 12415 197
26 22 29171 145
52 78 2668 156
87 81 12918 33
39 94 4935 132
18 22 27334 347
34 16 11000 362
5 49 14304 251
15 98 26867 33
92 5 61826 286
57 22 69809 378
20 33 14666 370
7 30 26981 111
29 74 17971 118
20 36 93294 74
63 56 22266 71
22 82 31894 2289
19 83 5111 388
56 82 18133 290
11 8 27104 69
61 56 7649 142
27 10 3164 88
38 31 330849 67
47 41 16583 152
77 78 35467 596
38 34 7647 62
79 45 4856 134
99 8 13288 206
68 17 35942 880
45 44 39866 125
84 51 15449 881
11 25 2496 2233
88 31 24708 281
14 86 15257 202
73 46 9416 84
79 65 7334 39
9 37 131381 207
92 64 20787 265
48 14 55912 495
28 7 11017 119
76 82 11712 131
1 82 3590 86
94 17 29410 66
29 53 68192 963
64 10 55976 95
93 39 28552 17
18 97 178948 147
27 85 58928 1867
53 89 18748 72
85 61 15647 71
57 1 4577 229
32 17 46453 76
70 39 11224 204
37 52 16420 265
54 20 25271 244
82 75 83104 469
40 34 20351 105
69 91 64703 208
13 82 61505 25
37 18 25454 545
22 76 7714 25
47 30 31871 561
16 90 72935 374
76 10 2886 895
65 42 62070 51
48 77 42256 340
63 100 6819 574
63 34 2868 105
63 59 44250 55
32 59 84409 80
26 10 17705 175
4 89 5467 87
86 19 44814 34
100 792
82 191

3160477
