100 299 1 1
54 55 6394 422
54 63 20454 23
54 83 40544 642
54 33 3974 62
54 92 16666 266
54 16 113124 208
54 91 6166 292
54 61 16866 157
54 14 62848 218
54 79 18843 177
54 1 14606 166
54 76 54301 52
54 89 22224 208
54 30 47992 393
54 84 5432 154
54 75 43485 82
54 68 66260 88
54 25 18125 126
54 3 10498 56
54 2 33622 172
54 6 64514 121
54 49 14178 354
54 67 2238 1049
54 93 21621 670
54 17 60131 233
54 72 7908 440
54 58 42550 24
54 31 115464 35
54 100 34808 73
54 56 137104 195
54 10 23721 190
54 18 81765 260
54 8 73089 511
54 42 35533 55
54 26 20423 167
54 78 367960 296
54 66 10426 518
54 80 30887 31
54 86 5107 235
54 24 60511 93
54 60 34310 408
54 34 22122 28
54 32 12128 65
54 23 6043 495
54 12 6167 81
54 82 52251 435
54 65 12081 111
54 29 17880 332
54 27 41646 386
54 40 6275 496
54 88 7484 109
54 85 38026 115
54 69 38426 74
54 52 3802 56
54 87 16618 150
54 9 50560 454
54 20 10793 48
54 39 9948 53
54 50 15727 126
54 41 33312 33
54 7 34772 795
54 48 6429 233
54 97 13595 372
54 71 47673 452
54 90 8864 35
54 94 54933 209
54 37 50114 89
54 11 4843 46
54 64 12745 144
54 5 6475 428
54 70 40748 45
54 57 75354 305
54 35 33341 152
54 77 74410 90
54 44 37471 169
54 13 68309 80
54 98 8114 556
54 22 6736 110
54 4 7580 40
54 38 35994 289
54 96 21854 138
54 36 29508 149
54 46 12850 144
54 15 88433 653
54 74 70377 29
54 19 20012 54
54 73 5339 6
54 53 7939 69
54 81 18905 71
54 99 43270 189
54 62 1528 248
54 21 2297 201
54 28 23569 81
54 51 176930 48
54 45 8565 132
54 47 28344 95
54 59 112509 111
54 43 48823 47
54 95 11652 94
85 94 20460 525
34 67 35002 270
78 95 16458 443
25 29 8385 98
39 97 4188 129
4 90 88387 31
88 8 150106 120
58 66 11855 197
98 1 38584 346
1 18 140229 14
22 37 8957 444
3 64 57317 468
5 56 9300 410
33 11 30878 47
52 2 192638 650
5 100 30452 273
32 71 11482 456
94 83 66237 88
58 54 26563 233
78 35 7886 100
91 18 8204 18
60 45 19528 1025
69 79 51720 128
7 8 3821 207
72 91 24787 86
65 13 87865 1189
78 48 40758 91
72 15 30682 93
31 14 5951 116
42 2 56756 103
40 32 14946 54
93 63 44222 435
60 94 9081 506
45 20 19038 34
46 25 47298 63
99 43 3922 227
14 42 120057 353
100 26 7041 668
10 12 70101 18
61 78 33430 197
59 62 6707 96
84 35 61425 65
93 53 63423 809
55 88 5969 41
12 4 8049 177
86 51 2937 668
18 51 8263 132
33 62 20990 59
43 16 5258 85
78 62 53135 105
32 75 7059 922
29 54 13091 126
42 27 28441 366
86 47 14109 356
57 89 8784 78
9 69 38240 129
65 92 14630 166
73 3 59798 207
45 43 4041 30
98 2 13558 85
51 61 92066 51
4 94 55734 34
62 13 12728 42
88 82 174244 109
18 61 12024 109
5 93 10305 283
20 9 10357 143
49 82 5218 19
2 48 10738 174
72 82 12651 95
79 67 37698 129
76 43 36652 89
64 54 7033 111
77 37 93418 446
12 55 24323 125
10 64 82131 327
88 58 6578 391
7 2 39219 443
63 81 121771 38
68 66 157910 72
2 20 26197 198
6 1 15024 297
52 40 19257 37
44 42 17867 122
83 28 33107 192
37 41 15200 823
60 50 4996 427
53 39 18971 95
92 4 11490 173
34 93 71852 94
47 56 56412 188
71 1 28866 123
11 16 275607 52
51 54 9961 128
56 32 16210 802
87 32 20846 475
6 45 36740 142
15 16 29965 80
24 97 35837 165
73 43 43665 146
14 39 5716 277
33 22 14661 3201
65 54 16178 1297
9 41 17387 194
39 1 49133 129
60 39 19296 48
14 4 28434 143
100 18 33996 428
64 59 12911 66
1 74 2489 294
74 50 8557 58
36 85 32534 34
32 87 29332 110
9 70 25534 115
5 50 3349 173
58 56 18628 485
4 47 15721 1001
48 55 79162 28
70 98 7701 90
60 70 32300 182
47 79 11313 724
84 57 43338 150
66 16 13347 55
60 91 7746 121
14 48 41227 88
14 57 2482 103
64 78 17893 94
69 32 19893 2248
50 2 17766 61
80 39 11158 166
29 63 39082 54
86 27 54062 348
86 42 33008 383
34 76 122889 46
51 49 9058 108
42 57 11607 73
44 30 31489 248
66 78 39657 129
87 76 11848 329
20 6 12111 62
62 27 15947 267
17 95 9329 94
12 79 2381 17
38 64 9572 450
28 1 6744 33
49 90 7483 136
57 69 21002 11
5 68 28063 73
86 35 15835 338
70 30 35616 812
20 44 19878 705
72 69 4351 422
14 97 20609 299
44 71 25244 44
51 79 26354 26
73 1 6243 125
99 59 11009 871
94 61 4348 9
99 35 161075 185
70 47 17096 39
83 7 101411 521
17 56 17438 473
92 68 10528 160
52 73 25620 374
55 63 65710 130
16 67 25563 33
36 72 20989 26
36 47 10638 536
31 10 18596 502
58 81 7522 128
4 41 69457 723
53 28 3003 28
94 43 13566 229
50 21 25899 75
47 88 71593 495
41 20 50419 123
6 5 21187 261
38 97 36406 52
31 2 16713 170
94 8 55504 550
98 36 23696 26
36 77 61170 55
26 75 13621 106
18 88 63081 252
19 12 18456 156
30 37 9370 451
5 35 8006 34
52 98 48900 47
75 45 22305 42
35 91 15835 147
23 15 10836 110
38 73 117294 164
41 68 4696 55
29 88 20792 45
88 99 11711 54
7 81 28931 127
36 65 4882 27
70 46 60882 51
85 51 21239 487
32 19 23253 32
54 792
2 327

9974013
