100 299 1 1
41 53 8313 59
41 9 11743 680
41 2 45110 143
41 5 21458 205
41 16 31748 119
41 54 16984 178
41 22 9161 46
41 28 14674 100
41 34 18614 30
41 37 48525 269
41 21 43096 269
41 93 15141 17
41 35 6723 33
41 97 238640 342
41 40 41624 18
41 69 94675 97
41 4 14613 345
41 6 1285 233
41 48 5829 30
41 45 6658 120
41 89 28698 671
41 24 59921 95
41 46 23915 117
41 60 11122 122
41 18 25561 895
41 47 8208 819
41 76 3729 267
41 75 15031 1715
41 91 25556 91
41 30 10236 30
41 65 98032 82
41 31 15015 110
41 1 216750 165
41 56 24424 210
41 26 9027 40
41 7 61366 14
41 27 5851 88
41 23 20807 31
41 78 117439 329
41 70 11716 122
41 85 13178 150
41 17 90803 157
41 19 38721 46
41 12 65906 119
41 33 14396 210
41 11 28963 51
41 62 12843 543
41 95 18466 262
41 79 18044 390
41 86 47508 244
41 90 5092 361
41 82 8215 95
41 96 54627 107
41 67 19116 920
41 51 113475 41
41 80 16351 376
41 3 9633 1139
41 13 22124 244
41 36 31860 131
41 43 91288 121
41 73 19985 1673
41 29 35659 517
41 71 50515 257
41 83 224001 35
41 61 69807 201
41 50 81465 466
41 68 20790 103
41 64 14906 96
41 81 12192 84
41 84 25412 48
41 44 18480 125
41 38 42419 194
41 74 18941 181
41 52 34371 345
41 15 32647 129
41 55 103539 203
41 42 18908 221
41 39 5332 271
41 20 104645 262
41 59 32135 376
41 99 25029 396
41 98 46631 170
41 32 7150 155
41 49 63660 239
41 66 105882 228
41 57 29725 121
41 58 7961 279
41 8 21279 321
41 92 121948 142
41 63 69714 137
41 77 35439 87
41 88 17223 54
41 94 15960 97
41 87 25669 172
41 25 29001 93
41 100 25507 422
41 14 10531 542
41 72 5851 513
41 10 36530 222
52 13 15719 430
31 4 34909 411
72 80 70534 76
69 8 21631 307
19 30 33324 137
17 90 3955 237
71 77 102372 235
75 13 23706 11
80 55 87747 120
76 22 1686 368
97 20 13578 36
43 74 8262 27
64 24 31537 578
58 27 49599 158
5 87 5694 31
36 58 32004 459
31 57 28457 1358
2 70 3254 242
92 91 51714 128
88 49 32470 94
50 26 81416 56
30 64 4824 120
81 33 2630 35
85 20 57738 88
87 3 139672 151
42 95 46796 112
35 88 14421 396
28 13 29391 88
78 69 24680 96
9 11 15896 285
55 15 47449 62
22 13 58362 496
78 50 34791 23
21 52 4698 134
34 46 53925 121
90 62 31685 78
65 48 10597 48
57 21 30660 535
50 31 3447 436
60 20 23757 237
20 73 11406 80
43 33 87071 7
87 26 10650 96
34 32 10572 38
30 59 11037 217
66 54 42633 719
92 67 16293 254
97 13 21572 380
78 40 13686 273
25 4 14275 61
22 79 27445 437
14 31 14853 79
78 28 7915 219
37 58 102772 303
64 18 17048 25
29 49 20601 235
35 31 25000 37
18 68 100218 211
84 73 12610 1361
71 6 15155 264
27 17 19348 36
43 8 16955 199
31 32 38923 104
26 21 32000 337
97 19 70539 40
69 80 89701 586
76 56 120117 36
53 74 33380 154
68 96 6312 105
98 38 3998 851
5 6 20626 263
78 16 50379 111
19 68 23959 58
20 40 18148 914
1 50 30731 206
16 97 43242 2858
61 85 50728 250
27 82 50384 94
51 90 10834 117
45 29 16699 85
94 9 10301 79
49 86 13091 80
90 76 32191 571
49 20 38316 80
32 73 21667 197
90 33 114847 73
46 29 25505 103
91 33 79511 229
15 5 105615 166
71 76 61502 261
11 10 43237 44
24 74 40068 33
49 77 7174 140
98 87 21006 227
45 62 34859 52
25 24 21335 508
55 13 12261 377
83 96 11707 132
70 59 45240 37
88 55 105499 81
2 97 97014 492
99 72 31581 156
43 2 4920 23
68 67 2621 678
100 35 15598 164
86 5 10068 136
31 75 123891 115
74 5 38216 276
78 2 47964 99
72 82 7840 70
52 35 42875 106
95 45 834 102
55 60 35850 1122
40 37 13431 60
82 81 145056 100
5 1 32149 134
44 84 6330 509
27 100 9832 85
76 50 8965 105
36 63 41384 127
83 13 7403 22
26 42 26455 36
87 62 4517 426
57 55 44646 237
31 85 98210 117
92 1 12109 568
8 9 26221 302
6 88 170191 66
15 70 39759 70
60 77 23315 41
59 28 31001 677
68 70 4696 480
6 69 14490 417
8 18 8226 55
85 70 20215 55
61 56 38432 124
95 77 26670 220
24 3 33339 142
45 44 22770 616
78 72 22945 69
33 56 4430 87
20 28 62569 2295
53 72 34538 14
79 70 6870 86
76 79 27805 381
55 57 2589 43
13 38 42437 42
27 90 10282 49
32 92 117006 51
47 39 11850 39
66 80 42572 315
73 72 2037 274
12 10 10828 1262
97 67 36104 522
98 47 16357 89
88 65 11195 224
57 98 8639 247
92 53 57990 64
47 27 18478 145
14 36 1324 30
17 10 8397 31
74 97 12094 1257
44 25 13495 244
25 66 24773 56
4 60 11899 176
74 24 64355 38
71 30 6315 164
14 99 77507 147
99 67 63900 131
8 60 5757 36
99 12 25115 153
1 75 38059 168
29 4 15113 383
72 49 70087 228
40 66 5415 10
48 12 53591 145
39 63 9844 153
64 19 23147 83
10 34 24121 333
91 96 10044 454
9 97 13206 98
20 63 11817 67
74 72 9806 46
71 82 11909 181
70 34 16890 342
32 70 7499 166
1 14 29531 33
11 79 323277 40
83 87 52665 905
73 12 6940 18
91 8 10005 59
88 82 13419 230
84 30 67249 249
14 40 181618 156
44 90 105048 56
72 10 65055 130
96 3 47703 107
66 75 76950 165
83 55 22903 93
56 90 27278 275
41 792
13 163

3606212
