100 299 1 1
68 80 42847 112
68 90 52959 333
68 12 12192 172
68 93 11881 77
68 85 30185 57
68 45 4653 309
68 25 31388 17
68 96 20893 187
68 15 4774 283
68 50 27790 120
68 98 13070 318
68 70 21559 129
68 57 19774 34
68 1 20805 69
68 72 131365 406
68 10 13138 67
68 92 55410 61
68 30 19750 80
68 60 11817 28
68 44 16598 263
68 2 3069 213
68 4 14661 481
68 73 11043 148
68 53 94492 189
68 58 24454 388
68 78 29716 159
68 5 15854 74
68 21 11619 549
68 81 8558 316
68 48 7130 84
68 28 15863 69
68 62 62693 321
68 34 10421 149
68 41 65873 85
68 18 18076 428
68 79 3014 110
68 94 55856 96
68 75 55017 142
68 63 31862 316
68 26 11065 65
68 16 23761 97
68 64 36067 285
68 40 63322 451
68 67 6780 134
68 74 131245 207
68 76 32820 143
68 88 22768 84
68 86 5839 9
68 31 89019 134
68 43 22272 102
68 69 13457 197
68 91 117213 219
68 8 31548 684
68 36 33217 365
68 65 26511 432
68 82 3398 275
68 6 6727 1161
68 55 1097 2023
68 99 24153 420
68 22 10956 53
68 20 29458 62
68 59 106874 228
68 77 22710 243
68 35 7650 290
68 47 22074 79
68 38 102509 41
68 17 34341 61
68 3 71434 16
68 29 102180 340
68 13 148300 38
68 24 27910 148
68 23 10557 873
68 87 31421 43
68 33 14232 406
68 46 5582 440
68 66 16445 260
68 11 11213 472
68 61 2518 782
68 52 10312 266
68 9 11585 64
68 89 274269 67
68 71 130402 123
68 54 985 60
68 37 4387 71
68 95 47176 692
68 27 44176 231
68 51 8958 42
68 49 13979 95
68 84 87827 103
68 14 48977 329
68 100 85348 60
68 19 10955 52
68 97 19728 177
68 7 78376 121
68 32 34805 671
68 83 22551 54
68 42 76758 24
68 56 136336 492
68 39 64564 70
88 14 6867 29
43 71 5744 9
97 34 71293 15
94 54 63342 53
35 4 6384 157
39 5 81111 75
62 81 22723 302
91 22 51531 170
48 29 135571 490
8 28 14223 136
42 68 14524 36
25 66 19047 142
53 81 7558 493
9 96 4629 91
27 63 36258 52
50 98 118984 208
9 44 26549 170
77 65 3150 284
3 80 13754 9
38 67 41874 68
100 55 7005 212
19 98 3515 52
34 94 66294 151
76 87 28811 38
16 47 72568 151
42 26 16185 937
60 3 19084 690
70 97 13945 108
26 95 7761 141
69 87 9006 181
8 80 9052 772
17 96 9657 32
32 79 33664 216
51 94 201646 349
56 34 19854 141
82 56 16472 283
16 19 89468 455
40 25 73104 679
58 16 12479 30
29 9 27169 123
16 68 9716 17
100 75 21899 55
59 36 13711 327
63 98 159622 40
3 74 33991 504
99 50 5731 101
23 89 14601 242
48 97 49224 57
92 19 27110 49
12 30 13015 312
62 65 16671 86
7 57 105837 27
19 72 28134 1914
71 32 22466 117
21 85 14069 508
62 79 11570 20
28 38 77385 456
32 52 44955 85
48 55 38754 162
30 71 26155 256
35 67 35337 597
22 44 3535 252
67 3 9855 303
43 32 75224 47
7 8 1992 199
45 37 10300 254
37 40 20542 129
11 6 9998 121
49 82 33027 739
15 69 13792 89
20 71 15084 592
81 99 26596 13
62 22 23109 434
46 96 43913 557
57 10 16730 112
97 82 59903 56
62 95 32869 57
55 35 1027 272
14 58 28903 772
64 14 13890 805
39 53 52783 20
8 16 53921 56
76 39 25340 45
26 58 10748 81
9 5 23090 59
31 100 22820 291
41 34 27161 911
78 54 126948 61
71 17 16222 71
83 40 5122 58
61 23 62168 532
38 28 39881 94
46 8 34003 58
34 89 44305 8
88 80 20176 229
7 31 18795 103
42 40 16694 347
53 58 26063 36
76 4 8253 90
72 98 34848 189
43 20 15979 83
61 15 12008 185
80 67 69547 284
60 92 13792 43
1 37 22629 35
88 6 21215 1321
26 47 65214 131
87 57 19321 73
9 35 36854 68
50 40 184348 69
3 47 20688 206
50 76 25205 372
51 73 16300 220
99 80 4408 78
58 61 44683 368
36 59 2409 354
55 78 75599 36
77 27 43315 869
61 57 93334 30
75 67 25470 76
20 56 92883 67
35 98 152897 397
40 97 12262 123
8 45 5268 55
60 14 28239 196
88 78 74620 52
3 27 43387 428
7 96 17028 44
97 62 14315 548
65 96 31151 183
46 60 13637 313
2 81 9776 125
91 45 14200 262
48 8 39419 112
60 76 2933 220
31 23 11390 81
13 45 22718 247
41 85 100642 61
31 13 38061 86
96 98 55455 61
88 39 97975 479
58 87 100878 84
18 10 175088 48
18 27 34080 165
54 87 62664 791
47 31 8159 632
97 88 26817 502
77 39 191501 48
100 97 27376 51
47 77 263001 87
66 57 33230 90
29 40 30033 248
44 15 29663 297
9 18 23678 75
100 91 20155 501
34 17 26185 84
76 31 15999 155
12 71 62095 203
87 47 33164 354
62 29 43620 273
12 84 22201 48
30 62 24533 361
88 40 12391 363
60 83 14961 71
4 18 39710 131
12 83 3811 141
7 25 62964 42
65 71 48383 196
17 93 18063 71
93 61 19728 159
52 66 53335 96
20 85 9113 94
62 5 213047 825
23 60 145536 127
63 87 7674 370
23 50 11220 98
74 98 16640 578
19 40 32992 332
60 98 41392 55
88 11 51463 652
55 98 7209 128
60 52 12806 115
11 1 6086 92
29 97 47713 43
89 61 36013 162
66 84 106810 12
30 41 6641 50
62 83 2153 781
18 76 16092 82
94 89 213097 530
23 68 8257 125
60 29 16640 387
15 98 24565 1079
46 42 3157 67
22 48 9393 264
42 90 34948 104
44 48 17095 20
20 59 66750 262
13 1 23464 151
25 61 19288 536
68 594
98 378

4330668
