100 299 1 1
87 42 9971 855
87 35 16273 88
87 62 9353 67
87 33 44031 55
87 88 22100 309
87 31 5178 62
87 81 8606 265
87 22 14605 90
87 80 112013 182
87 58 32338 169
87 48 8068 385
87 13 33359 137
87 64 16756 233
87 7 92699 139
87 95 9952 109
87 61 64581 143
87 2 7291 228
87 69 165110 86
87 53 27821 317
87 29 1865 190
87 27 7145 350
87 74 54719 79
87 98 32438 25
87 16 15887 66
87 20 111700 221
87 43 8977 189
87 72 26405 603
87 49 8089 244
87 93 68889 443
87 14 64456 125
87 85 83686 318
87 54 69905 197
87 10 39663 1285
87 65 32372 480
87 94 25527 488
87 60 64864 64
87 56 17764 126
87 67 8915 269
87 57 12930 150
87 68 17392 141
87 36 12082 111
87 40 51263 84
87 34 6686 549
87 19 6497 43
87 38 26478 134
87 90 79571 314
87 96 68302 242
87 26 14956 208
87 51 14927 37
87 91 5163 357
87 47 3602 179
87 30 32972 63
87 83 16236 182
87 37 77918 41
87 23 11322 202
87 50 12941 80
87 28 34770 467
87 11 49294 65
87 99 38158 17
87 77 27457 115
87 15 25845 26
87 82 20583 124
87 70 47313 368
87 8 7552 1332
87 12 12515 342
87 39 41830 274
87 17 28339 34
87 78 6310 197
87 21 19870 167
87 63 113116 134
87 4 17276 221
87 59 56000 844
87 1 14781 21
87 86 112439 83
87 89 21324 164
87 45 91772 407
87 46 46851 511
87 71 5801 29
87 73 5397 305
87 25 33408 586
87 100 265768 223
87 97 11016 573
87 5 60605 95
87 76 26540 39
87 75 20227 564
87 79 3167 431
87 84 39145 101
87 66 23887 595
87 41 19276 291
87 52 21316 119
87 55 55774 467
87 6 19549 113
87 3 50275 519
87 9 27744 222
87 24 18169 12
87 18 22474 1461
87 44 19933 104
87 92 60463 150
87 32 66593 206
19 43 76754 511
85 12 27424 224
99 60 32998 86
32 77 10053 439
51 41 17870 562
25 50 98115 1471
17 40 24161 176
66 38 14392 848
96 62 28259 132
40 68 161077 114
63 50 12880 165
76 81 40263 55
44 95 2602 17
9 56 31763 70
20 55 20352 22
90 18 14947 150
20 77 27255 356
86 35 6197 172
81 45 32456 85
78 85 12762 60
8 5 51446 586
66 98 22843 509
59 84 94692 317
44 87 36651 235
96 85 37182 848
14 75 11580 786
70 3 25051 104
41 42 12782 699
96 29 5371 91
81 3 28619 143
10 4 30348 561
65 77 29421 115
82 33 39412 79
27 6 30571 66
29 31 33707 19
2 13 82130 123
28 73 58204 122
48 47 10703 87
44 90 6367 34
33 14 9590 182
84 31 12879 15
41 74 8230 662
73 68 4847 199
67 29 7224 1386
59 72 29784 67
1 99 60289 107
15 36 9949 104
84 96 11605 117
80 24 17238 60
55 51 55358 498
14 52 9025 604
70 32 3384 208
69 32 5459 304
92 51 43006 712
56 67 101641 327
28 29 72471 125
1 26 3813 126
40 70 44401 106
7 88 22432 112
69 9 11842 545
39 80 16840 75
18 93 21964 184
86 42 61767 100
40 56 87950 46
16 13 18531 50
84 80 18432 23
1 45 55838 141
15 83 9883 619
42 40 24630 164
27 3 61283 238
17 94 12909 120
62 63 34182 73
44 67 14831 51
69 55 30182 51
81 2 41280 100
38 22 6726 118
59 57 5880 87
3 71 14185 46
35 98 26725 41
80 52 26018 217
12 56 23141 115
54 67 63311 41
70 30 31439 35
43 63 2222 68
80 95 6734 104
66 45 18171 120
74 19 61540 89
60 52 7810 41
86 75 14825 201
76 82 14459 47
85 46 80674 49
83 45 5203 105
42 34 25247 181
91 6 5572 72
63 47 6986 438
46 42 4633 97
40 12 40986 535
11 41 38243 158
22 88 48785 292
3 10 31518 284
37 91 13617 53
61 77 3750 32
34 43 37219 58
45 1 88172 320
1 16 16982 40
91 29 55389 779
64 32 50772 22
86 27 11924 59
85 18 6332 382
73 23 116898 235
50 15 21114 305
84 9 14258 183
1 65 34660 491
19 96 19751 166
26 73 12280 153
59 21 7561 347
72 47 21622 130
38 63 79699 793
27 2 15474 325
40 34 11767 18
65 24 59930 70
13 69 6574 327
81 99 97661 16
70 82 2761 68
73 70 80829 435
7 8 3758 346
58 65 18000 124
1 55 27026 19
94 24 107314 174
82 57 13009 81
23 47 28964 84
23 90 18195 699
81 19 80199 248
64 86 10639 30
63 45 18827 558
31 55 38875 49
5 54 19225 601
43 83 76944 129
76 62 14017 235
35 75 4088 179
67 96 40026 107
2 49 13571 412
52 66 8530 409
57 98 19871 515
30 17 969 142
77 95 14689 384
19 20 13157 57
40 32 24942 460
59 16 7155 561
61 20 28832 95
52 3 12844 250
75 76 44229 662
15 43 110021 78
96 80 15439 238
19 66 58114 119
49 77 16959 57
33 5 25564 496
69 25 8397 148
6 21 7847 674
4 27 7471 60
6 93 26009 147
93 89 19987 331
29 5 6208 378
41 38 16140 667
26 13 31971 28
3 47 9840 2920
42 15 7557 363
11 44 13947 153
79 32 21651 109
74 63 25693 331
99 6 49452 131
63 5 72359 46
24 13 38857 153
18 58 7571 155
94 70 47374 48
24 85 39275 309
48 22 11281 124
25 51 55994 81
46 53 22131 53
76 47 10704 62
31 39 2656 41
81 14 50683 532
96 53 43411 2239
20 98 28690 69
45 100 20498 157
6 49 15878 60
93 16 7125 100
61 79 68924 382
26 57 103986 96
48 17 22868 308
33 30 12663 131
26 41 374535 186
40 1 76599 158
16 1 50082 98
9 32 19700 211
27 70 35020 188
36 27 14985 287
25 11 4021 28
91 26 24704 91
61 84 25325 212
87 2970
47 613

15328360
