100 299 1 1
63 96 36789 517
63 12 108780 273
63 85 13339 141
63 54 66525 670
63 78 76249 346
63 44 12304 96
63 39 8380 505
63 5 41461 148
63 62 8129 58
63 92 13667 51
63 47 7212 28
63 4 30539 31
63 93 24552 56
63 69 14776 208
63 91 103849 424
63 57 20474 151
63 89 40743 188
63 13 20585 378
63 41 14913 459
63 100 20964 167
63 28 29120 161
63 16 63900 188
63 98 123753 31
63 81 26523 100
63 75 44893 115
63 52 32023 188
63 40 10151 296
63 94 43796 557
63 29 26888 327
63 72 147546 990
63 71 9974 46
63 55 36738 353
63 27 12791 223
63 26 34371 81
63 38 28502 90
63 74 12018 863
63 67 7816 410
63 86 44867 75
63 95 14947 166
63 15 8393 853
63 64 30561 1900
63 33 33673 493
63 99 8702 148
63 51 3840 108
63 35 31146 325
63 23 40816 187
63 58 10719 111
63 3 62368 86
63 97 322877 65
63 37 8302 113
63 80 44791 797
63 45 143735 763
63 68 42916 229
63 73 7906 19
63 43 6509 310
63 56 52561 376
63 49 16548 45
63 48 37552 147
63 22 27185 944
63 19 46332 79
63 6 19295 31
63 82 41690 83
63 87 10440 99
63 32 15898 19
63 18 15437 228
63 79 8013 53
63 24 184721 269
63 50 7043 211
63 70 1049 604
63 9 10857 26
63 1 6803 142
63 88 14406 210
63 11 52064 188
63 36 22854 343
63 84 31036 331
63 90 8023 210
63 31 51400 82
63 60 19515 165
63 7 54520 72
63 65 27251 43
63 21 22008 294
63 34 11632 574
63 42 19291 38
63 10 12216 337
63 8 8744 216
63 17 41578 91
63 77 7229 799
63 30 19756 561
63 14 42188 279
63 76 28226 115
63 25 16418 89
63 46 8853 309
63 59 35060 115
63 53 100472 334
63 66 41193 256
63 2 17535 251
63 83 7827 136
63 61 4598 42
63 20 37534 233
23 100 48925 149
52 37 20636 350
95 51 6704 110
44 22 56935 233
19 71 44279 168
17 87 101650 340
3 4 23810 166
94 52 16601 542
45 84 4486 60
96 43 14634 180
99 19 20199 105
22 10 11296 521
35 84 30723 47
1 4 43056 44
21 90 59451 315
53 18 38167 61
20 29 12276 72
21 15 46689 421
80 26 4291 42
52 62 38932 300
26 42 154644 132
4 89 3344 27
20 69 6332 33
64 41 23514 16
6 100 118698 38
74 29 894 2026
67 18 88511 829
87 79 26292 358
39 83 233924 1073
60 72 17361 387
92 60 11659 17
20 26 78754 96
74 89 9542 37
85 57 17835 77
55 14 67159 104
25 73 5749 38
14 69 3895 41
69 77 1374 186
17 28 7792 491
40 54 61977 1098
79 52 26652 156
74 58 6937 130
74 61 56314 99
39 41 50110 156
67 44 48801 108
8 4 52543 24
18 64 7204 48
86 11 52086 54
49 72 56965 30
41 49 69957 736
85 65 36667 168
4 36 41189 428
16 79 41354 87
55 33 120273 150
60 50 11651 868
47 64 35734 171
70 88 65834 758
22 1 7508 69
71 72 30186 24
21 26 46834 20
14 33 49740 97
60 48 10619 37
99 87 7612 990
7 12 8912 212
18 39 18622 16
57 44 6189 1097
43 91 56117 34
94 27 12259 60
84 48 26034 283
97 8 7257 407
24 13 278902 45
64 90 6661 314
82 73 22504 153
92 83 9229 182
60 98 32111 545
23 22 29943 52
56 6 58791 253
11 46 25072 577
47 46 9328 261
64 43 18943 237
49 88 28852 63
67 3 32676 264
7 57 73616 47
90 10 5104 73
49 37 37277 75
66 86 17574 89
54 69 6028 60
93 17 39682 83
51 50 5562 1581
80 47 190118 369
51 5 27104 247
85 51 22451 354
96 9 14909 426
26 58 5861 243
44 57 18501 279
1 38 37747 138
19 18 71316 244
66 10 13503 193
69 75 28994 685
34 44 18883 125
61 46 56752 203
86 80 22262 234
87 42 3880 412
93 3 15353 66
44 39 9964 171
38 41 6263 17
74 9 7694 371
59 13 34319 792
44 21 24948 113
8 47 19695 542
62 24 10824 278
9 25 13315 187
76 33 20580 91
70 82 28426 235
54 90 8696 71
45 85 2923 85
41 74 7572 230
39 52 134836 19
58 50 6736 546
71 25 13434 449
84 24 23646 88
96 80 22683 39
89 79 32197 680
33 74 8124 100
76 19 9519 51
2 11 21093 118
47 3 14964 75
26 71 38984 441
12 37 42890 147
74 50 18598 67
87 73 9029 233
72 21 6551 194
80 38 2575 117
100 45 25858 454
70 7 17499 829
94 48 66030 102
36 80 9951 195
3 8 17405 104
70 80 16801 565
100 24 1325 67
84 61 37516 89
16 64 66767 159
43 2 20300 92
25 62 14209 90
89 10 8144 132
24 85 16304 918
41 16 60181 125
69 97 8529 227
41 32 50316 135
17 22 31395 379
34 94 29567 198
17 9 57382 111
29 47 128115 80
94 61 8377 160
8 18 4364 90
88 63 46360 345
82 62 9067 37
55 51 11158 532
21 68 21665 97
42 46 22021 121
78 74 43414 36
91 59 77336 445
51 28 44531 721
22 49 4741 580
62 19 22355 175
26 6 13113 144
20 77 13434 452
39 25 24627 281
58 53 19821 172
14 89 48072 531
59 14 28334 256
50 62 12092 677
53 33 7032 511
51 42 9194 395
95 21 58913 1174
19 64 15782 135
78 83 102411 110
37 6 19595 122
28 79 25133 153
2 50 17927 41
52 19 28376 202
84 71 11547 260
75 45 8226 11
51 53 14392 68
32 93 1680 273
15 52 39623 286
16 81 42082 58
53 97 14866 86
7 29 7065 221
17 1 24329 316
88 31 32798 50
44 78 90697 175
85 63 4523 92
16 100 11778 72
2 81 50442 324
4 18 3066 483
7 23 4377 29
66 90 8207 17
65 39 25661 79
36 84 15236 121
63 198
50 52

366236
