100 299 1 1
68 94 21928 163
68 97 11975 129
68 67 38119 163
68 63 46765 51
68 3 6659 64
68 80 31175 380
68 43 12351 15
68 78 25366 178
68 64 17818 476
68 55 27849 122
68 39 6730 395
68 14 53178 287
68 49 62530 89
68 32 38599 123
68 37 73659 18
68 8 9323 114
68 99 6457 370
68 40 16667 155
68 60 2561 241
68 70 16385 96
68 57 10420 173
68 44 6867 24
68 95 3825 498
68 30 21538 103
68 93 15665 152
68 88 20012 52
68 27 28134 997
68 25 476 252
68 54 8113 26
68 84 10047 464
68 62 31808 23
68 50 32191 45
68 1 24694 79
68 26 2421 209
68 47 69154 587
68 16 8350 83
68 13 16339 348
68 29 9876 966
68 23 4557 70
68 85 50198 27
68 79 7426 371
68 42 80825 39
68 19 20187 169
68 69 64863 271
68 2 28287 471
68 35 22705 122
68 15 12232 425
68 73 115759 276
68 36 64380 291
68 10 75903 133
68 46 32437 183
68 58 13474 77
68 76 46135 1091
68 38 24989 63
68 31 8966 48
68 92 1856 53
68 28 4302 97
68 24 9785 1471
68 18 1749 1421
68 87 50425 454
68 17 2406 164
68 59 28394 81
68 4 5944 1713
68 5 26334 95
68 75 14963 720
68 48 11393 62
68 66 46489 75
68 9 19556 164
68 52 39874 62
68 34 26486 106
68 83 311628 43
68 100 49776 79
68 81 30907 72
68 22 27417 231
68 71 9531 63
68 51 34140 184
68 98 113653 306
68 21 16093 737
68 89 9794 158
68 56 45185 133
68 12 50934 30
68 96 14748 92
68 91 12634 105
68 20 34436 127
68 6 91079 279
68 45 30339 460
68 86 196072 337
68 82 13717 231
68 72 4343 2801
68 7 23512 202
68 41 2296 203
68 65 18552 163
68 61 15963 222
68 74 24738 218
68 53 47329 225
68 77 8636 127
68 33 32924 393
68 11 9049 147
68 90 7148 259
69 44 26183 1003
33 84 7647 116
49 27 14199 118
72 52 6728 95
63 44 20890 163
41 62 20519 146
38 80 63833 107
3 33 13370 31
82 12 93278 241
88 37 6331 84
34 23 56657 294
32 71 27942 52
37 18 4738 207
74 79 37917 113
82 36 81829 72
71 41 119179 237
1 73 518075 416
100 94 12689 100
73 19 16241 212
51 81 17980 146
50 42 96650 144
65 19 11853 53
88 70 176613 75
18 33 27523 66
66 83 111732 93
1 8 13780 173
99 4 6798 218
18 45 30930 139
89 60 18761 32
32 65 6764 20
1 9 54562 120
100 37 24578 508
46 49 16954 12
52 37 17864 47
6 36 15766 342
58 23 24703 279
55 11 5335 129
58 79 17972 58
100 60 6955 91
64 66 37215 100
43 15 4306 20
87 98 16723 265
58 14 4509 302
93 31 103060 197
56 84 95172 162
2 66 56019 15
69 12 28525 380
1 58 11398 355
14 67 88100 28
70 20 36564 118
61 57 8615 156
42 7 4468 130
92 60 20202 41
30 87 29307 174
29 4 43078 221
60 30 38832 143
3 4 55436 128
53 25 27189 226
48 95 21955 41
27 70 17285 121
2 20 27130 427
18 32 31195 545
81 26 18554 571
70 71 69900 93
43 24 108158 272
13 51 36753 135
100 33 4197 2912
99 57 67551 782
63 16 22403 571
64 60 21002 129
100 23 13743 420
72 11 14222 152
79 81 31873 518
51 94 22137 901
37 36 62061 25
36 38 105132 201
35 25 18598 89
26 69 16697 436
74 94 22186 298
85 75 6874 30
61 29 27413 106
89 32 38955 35
60 93 6707 109
100 40 25554 118
27 10 29911 84
72 67 1815 92
67 22 7067 24
78 45 5445 8
13 55 43721 37
83 55 46864 93
99 51 113717 219
26 25 8340 260
83 31 30187 158
45 20 847793 538
69 3 4655 67
20 76 16431 96
32 36 21951 304
50 38 50429 205
35 47 7005 38
16 83 10909 65
87 84 88638 134
47 68 8828 53
91 36 21105 19
54 84 11955 312
39 67 9768 75
50 22 31433 72
12 96 39860 212
84 20 13432 422
2 5 10469 179
82 5 22373 189
16 58 54714 314
32 40 29345 174
22 68 6937 594
33 67 43393 26
13 53 209585 298
7 5 15991 31
25 56 40475 119
37 67 47818 193
58 25 40608 202
83 59 5962 107
11 46 30337 97
12 50 26519 99
73 55 23406 170
64 49 16076 305
81 53 8414 133
38 15 14751 139
73 39 46328 1919
6 38 5520 94
92 84 23301 467
3 66 21681 195
35 99 29278 141
86 90 63062 281
45 72 142424 440
76 63 113936 209
28 5 4078 786
70 61 43228 110
24 20 8022 58
40 75 37075 130
76 41 56121 132
5 14 10994 126
28 45 7403 674
16 1 21193 111
85 7 10142 200
13 96 69072 239
87 68 14732 140
72 5 2640 1122
28 95 7728 387
75 21 15552 282
32 37 38887 87
88 18 32480 22
66 52 86332 284
92 97 68375 120
77 63 24121 139
23 58 36731 100
96 65 12279 60
45 34 9532 261
95 18 49002 53
85 20 16316 405
12 77 17149 141
100 98 7536 299
18 98 6768 104
44 22 80270 113
69 93 10724 97
91 94 117595 57
18 44 17347 881
26 7 10910 115
82 54 75655 95
48 87 16582 211
60 55 7666 461
72 87 17617 236
70 45 83929 813
44 42 38819 295
77 56 78720 290
70 52 7051 158
22 38 148775 134
24 39 4932 285
52 44 9751 112
73 85 10419 80
1 38 8974 86
83 87 30577 28
56 3 20260 376
91 73 46531 578
22 17 15318 335
66 27 9825 23
35 40 8267 1755
33 20 5037 13
12 79 33758 102
90 87 135784 192
45 46 26846 145
34 31 7967 95
32 96 21575 723
21 70 15881 60
55 30 13470 866
1 49 20143 247
69 66 10837 287
23 63 16612 128
31 20 18097 72
8 26 28093 32
14 22 25402 124
55 99 12097 343
68 1089
20 113

2324151
