100 299 1 1
77 82 20832 39
77 51 20654 502
77 50 72884 238
77 78 18746 143
77 97 108310 551
77 69 66012 109
77 86 6345 221
77 81 18636 121
77 10 32688 194
77 89 5783 311
77 31 4262 159
77 83 28688 358
77 93 4156 19
77 72 26850 289
77 53 37697 528
77 37 26189 177
77 28 21080 89
77 96 44894 1756
77 1 41649 573
77 48 38459 128
77 4 9227 25
77 68 7203 1215
77 80 10907 65
77 61 6262 60
77 94 19534 163
77 64 50622 454
77 63 2733 47
77 60 12517 230
77 23 3612 192
77 35 75339 224
77 66 15073 304
77 30 16408 20
77 36 136850 132
77 100 19449 351
77 21 9877 268
77 7 14140 181
77 2 8471 112
77 11 13731 421
77 18 49668 21
77 5 2007 51
77 22 28525 109
77 84 20350 499
77 13 4332 662
77 62 25766 182
77 55 58282 154
77 49 8915 540
77 71 295925 121
77 91 25801 1227
77 88 7142 39
77 75 108109 130
77 27 3083 40
77 40 24654 72
77 6 27672 122
77 76 22987 138
77 3 5079 246
77 33 3244 336
77 19 7530 117
77 24 136462 177
77 65 19038 319
77 17 8681 28
77 54 11087 135
77 43 8721 326
77 39 14508 214
77 34 29246 90
77 73 9914 126
77 46 116814 72
77 16 99355 218
77 56 5338 94
77 79 8447 456
77 74 36561 157
77 41 14865 154
77 42 31241 228
77 59 6417 176
77 58 16889 116
77 29 25149 50
77 52 13244 39
77 67 28473 1329
77 85 91003 366
77 95 15276 77
77 57 14630 362
77 12 9070 92
77 26 19862 120
77 98 12439 346
77 92 14771 139
77 8 286867 108
77 45 67457 115
77 47 14580 178
77 70 192197 197
77 38 29818 314
77 99 10692 23
77 15 13272 139
77 20 46355 435
77 87 6088 127
77 44 122073 101
77 25 156821 243
77 32 25989 169
77 9 29895 93
77 90 35344 309
77 14 53729 200
53 48 53825 169
36 77 23763 66
4 90 24079 160
85 66 13709 167
18 61 2290 164
52 43 38725 87
91 15 4674 147
24 81 8703 77
88 76 85364 55
25 8 53326 98
22 20 10760 473
1 22 150649 546
22 69 67518 21
14 86 126682 42
86 56 81724 56
60 63 32226 31
5 1 59305 14
54 72 9167 63
17 36 26804 399
48 68 112221 95
27 97 21455 522
15 13 10634 16
13 27 23252 159
7 87 14224 129
95 50 49854 68
93 98 21499 256
35 13 51121 167
7 57 2463 693
92 57 76261 35
69 83 22127 824
48 63 18169 182
12 72 105799 105
88 15 72717 386
27 51 50238 146
40 8 38005 160
46 83 20137 282
19 3 39242 81
3 24 26695 522
8 6 6504 58
38 72 86496 188
43 42 26915 204
15 96 5183 160
59 100 9497 94
71 40 13582 54
84 80 8597 650
81 58 50567 117
38 10 8436 749
28 2 8159 200
96 56 152455 54
91 37 53266 410
93 87 7845 77
55 62 14849 44
83 53 2493 617
100 47 86182 51
93 64 8143 73
80 76 6673 86
87 11 110511 184
18 26 73647 177
81 24 7467 156
99 19 47232 112
30 100 46523 134
32 64 33407 568
12 36 62763 116
42 97 10583 30
31 52 12324 56
96 17 25906 2408
44 51 15767 253
3 1 90649 87
41 12 19996 97
55 23 40810 137
32 24 16867 159
27 49 10196 326
62 55 7869 148
9 44 20224 103
58 6 22005 322
29 30 13765 221
51 63 2701 698
67 6 10643 40
25 26 9795 105
85 2 22126 362
84 67 35982 343
40 45 2289 309
80 93 7133 960
91 77 6615 218
38 92 46509 14
19 35 46453 179
30 19 41226 377
34 80 4517 156
98 11 33360 30
93 11 23184 507
59 53 7491 115
3 27 13705 127
66 13 4062 23
26 91 52855 290
86 51 30013 182
90 88 56882 61
98 53 21250 21
17 18 10708 193
28 33 16685 81
80 28 6967 237
39 79 17795 214
37 77 3341 138
19 40 7245 334
28 51 6536 54
22 3 38854 58
90 18 19962 1037
1 26 17210 362
13 37 6940 533
74 58 80044 126
80 62 13933 531
88 53 10832 247
17 85 23012 164
12 21 59333 578
95 34 57765 283
20 65 311644 139
37 31 8012 669
92 8 42783 124
10 73 130338 115
87 81 75839 98
36 45 2575 56
45 28 3463 78
56 96 20658 763
20 86 31655 1216
83 67 25704 188
5 69 18423 70
33 75 26095 104
35 67 31459 124
82 36 33072 61
12 30 43000 146
90 10 21240 770
96 72 15689 253
92 64 5016 149
83 59 52215 123
100 32 19084 46
41 30 11235 240
66 37 3592 157
63 16 28450 92
71 61 13987 268
51 9 9553 407
29 34 23925 105
91 78 9721 324
51 73 6604 74
19 63 4807 286
76 15 13012 340
6 65 47608 358
47 44 11728 142
13 8 102094 450
11 53 11210 463
43 54 7013 437
54 64 17448 207
3 48 17618 94
15 22 74572 354
41 73 17092 176
42 40 185027 159
75 91 7793 365
57 73 16559 23
23 12 10606 123
28 34 2657 597
73 36 57537 215
13 19 31972 23
13 75 1454 169
78 88 7096 100
67 83 114328 115
83 74 36981 196
41 16 20251 156
44 25 22767 321
52 98 11847 85
44 78 74383 42
59 81 28158 125
75 57 73218 521
94 3 13304 170
14 24 55705 64
1 51 74776 440
34 23 16743 1383
84 51 23095 250
49 43 98629 147
39 85 57490 54
16 34 12609 17
78 41 29067 324
14 35 24862 153
76 2 22521 28
16 86 13905 72
43 99 39841 38
60 70 17409 270
83 46 7837 161
23 66 1664 54
43 13 22650 39
34 12 20851 96
68 7 56953 139
63 76 54046 120
12 35 24070 40
2 88 9000 15
28 6 32503 124
53 28 3807 410
59 10 54012 133
40 79 14287 45
36 92 29508 178
87 13 25814 178
41 84 54018 28
32 42 3228 71
77 693
51 365

7538710
