100 299 1 1
62 26 17721 2414
62 65 6200 167
62 85 22985 411
62 57 15822 497
62 40 7814 298
62 100 9462 43
62 7 21272 837
62 90 6599 21
62 74 16214 54
62 78 7733 237
62 20 20588 246
62 89 10740 124
62 37 9705 202
62 18 13543 142
62 87 19787 75
62 82 97726 384
62 47 181748 764
62 35 40128 77
62 66 25597 99
62 76 14394 137
62 53 6221 149
62 91 5562 109
62 52 22625 440
62 36 60115 58
62 16 16203 127
62 67 352120 101
62 25 65757 29
62 88 7489 519
62 99 2225 105
62 9 46161 578
62 60 12827 98
62 13 11699 26
62 93 37585 63
62 63 7822 121
62 69 57201 184
62 29 9137 385
62 50 16434 45
62 39 7978 124
62 80 11047 431
62 46 60544 1153
62 55 14705 80
62 43 10030 197
62 75 40519 54
62 64 13546 264
62 81 8462 41
62 79 11633 48
62 14 11238 294
62 10 31841 69
62 27 18354 713
62 6 2666 128
62 15 9304 362
62 22 75939 164
62 51 9479 71
62 97 19541 6
62 92 51641 726
62 44 10783 838
62 21 15092 74
62 5 72545 370
62 38 123721 54
62 24 14024 134
62 30 9462 34
62 61 15340 193
62 58 17555 387
62 59 9997 109
62 8 22187 225
62 33 114933 238
62 73 37830 261
62 23 64455 323
62 54 37691 447
62 42 13630 357
62 83 3157 129
62 2 59403 287
62 4 91601 547
62 41 30573 52
62 86 10598 534
62 72 4066 302
62 28 110267 721
62 34 319079 288
62 19 96497 66
62 56 34698 88
62 84 8970 274
62 71 108228 78
62 12 8845 36
62 31 29735 24
62 95 18384 85
62 94 14831 167
62 32 20612 158
62 48 13833 301
62 68 26013 113
62 11 37464 91
62 3 5760 445
62 96 36098 137
62 77 19323 58
62 70 7619 276
62 49 16704 250
62 17 7041 52
62 98 3983 66
62 45 2362 569
62 1 4107 183
10 54 6257 177
1 74 19417 311
72 36 73232 26
4 50 8279 259
64 66 10601 104
100 85 48000 313
12 96 67389 471
14 3 122749 36
14 26 4453 298
98 24 32447 137
51 37 3037 255
84 91 47204 142
84 14 55540 185
5 50 60532 366
45 22 3342 27
8 40 24290 25
46 28 111957 128
31 45 23020 19
42 45 52610 470
38 7 28592 184
46 93 51047 51
19 59 15974 113
88 13 23404 66
66 43 55674 167
14 27 26948 141
24 77 63196 506
9 35 17899 271
93 14 29372 382
64 2 23848 344
29 82 6266 156
64 80 89823 121
9 61 113583 212
38 79 11753 84
74 42 34976 201
10 50 10221 50
29 96 71541 429
79 6 4652 245
40 10 7833 478
13 48 9388 354
71 36 4667 104
13 73 27801 53
69 91 18492 212
44 39 18666 173
55 50 12433 406
99 60 25354 124
76 38 6905 77
3 9 15011 77
2 72 21057 224
3 32 3124 67
75 71 17894 30
77 25 78700 118
87 46 4165 445
27 31 11190 358
13 26 18715 80
66 71 9804 1080
74 16 21780 105
53 96 26308 169
9 85 27343 1100
71 84 17466 39
29 5 19217 781
20 55 6302 36
32 43 18439 92
56 9 17317 389
66 39 15452 133
30 50 5406 144
8 11 26037 52
34 63 16282 137
63 70 11879 80
20 70 23643 375
43 83 24940 28
70 52 15438 53
35 1 16867 181
2 3 54470 175
87 60 8643 39
5 55 42584 71
26 86 22591 751
89 10 23021 126
70 13 12894 225
6 83 3482 397
52 49 10366 51
47 99 72057 471
53 44 31230 945
98 14 24279 523
61 3 47230 117
66 7 14087 774
81 76 54686 71
100 15 12751 568
56 63 11293 105
9 30 12610 53
65 98 55699 70
29 77 22405 214
85 65 13929 62
78 100 61714 266
81 95 81131 50
83 90 36405 26
22 26 41403 937
78 36 22994 78
48 39 13605 320
45 70 14393 283
14 58 1519 268
21 76 29819 464
31 38 7598 141
24 84 17089 46
45 77 29572 198
98 54 8304 37
97 64 1066 266
12 98 67082 518
56 12 213082 120
29 38 19123 170
27 47 14916 417
38 95 56938 108
10 79 26547 213
17 37 1890 389
38 91 7504 677
8 52 66915 99
45 29 6317 399
82 10 8151 2183
97 2 80459 222
68 80 2973 327
8 57 122364 63
65 36 200458 387
93 58 37645 592
4 90 41955 248
17 12 67687 137
11 29 8826 406
91 11 88192 174
88 78 10660 4616
54 8 35478 124
90 30 18266 32
28 34 19019 104
1 38 9626 41
6 26 29658 294
58 10 3988 168
43 37 97228 301
57 19 57864 692
100 10 86793 193
67 9 37875 123
48 27 18936 797
17 7 49676 60
73 16 5116 265
56 15 16327 104
21 70 17450 105
60 47 117739 11
10 26 43212 276
79 70 36649 136
11 52 26220 350
77 16 24275 81
17 83 8844 233
90 55 40389 450
6 30 13988 256
56 80 5057 483
100 96 22264 201
41 9 16106 97
26 75 95677 200
89 83 16887 300
13 53 4617 489
15 51 66647 29
73 1 18716 127
61 59 18726 281
25 91 10545 152
88 8 157603 76
66 55 17431 532
5 71 15409 77
56 67 21817 424
83 57 14028 323
23 91 77209 36
45 83 14425 810
71 56 19997 479
26 64 10221 18
94 64 129119 120
30 37 21323 14
30 9 14494 101
6 11 45529 2094
18 37 9273 10
88 75 16341 62
79 44 38393 98
32 91 9996 114
77 99 5197 63
63 49 72801 433
56 70 6614 642
70 80 51356 254
39 15 4837 21
84 71 12249 63
7 77 334504 190
65 27 27304 54
5 78 53940 44
36 41 3121 145
70 23 26999 111
70 43 14439 109
46 94 42034 185
54 87 2768 159
92 94 21770 36
5 64 15653 140
38 72 43424 198
22 24 73914 43
39 22 15382 381
49 76 17665 338
17 99 8619 369
87 23 17420 122
97 13 12654 141
62 198
91 104

578448
