100 299 1 1
4 56 55965 321
4 19 17752 92
4 28 6368 220
4 90 18745 97
4 33 38587 135
4 66 13274 61
4 21 10055 99
4 50 66082 211
4 24 3117 124
4 36 33272 261
4 64 11731 206
4 61 22300 114
4 82 25261 155
4 95 62336 41
4 29 21041 221
4 89 12078 282
4 98 15088 331
4 76 44971 178
4 63 10365 345
4 65 18662 149
4 93 28759 48
4 83 24881 2794
4 99 29659 369
4 31 30547 247
4 47 24594 215
4 23 13816 331
4 17 115290 144
4 15 85568 73
4 71 50099 166
4 14 39734 55
4 86 33239 747
4 51 2106 65
4 84 27404 230
4 94 45502 1257
4 57 5247 102
4 70 34963 151
4 22 1703 86
4 7 8411 215
4 10 207344 45
4 49 16815 229
4 13 30441 114
4 80 4446 59
4 35 32878 10
4 87 2833 69
4 91 5900 431
4 1 25647 88
4 60 10421 395
4 5 117981 94
4 88 13287 158
4 52 49179 562
4 68 50631 57
4 67 19268 341
4 37 14092 86
4 96 12264 108
4 39 112655 200
4 43 87310 722
4 78 18163 703
4 69 22527 980
4 26 15458 3107
4 6 26104 47
4 59 6261 198
4 12 37419 104
4 3 37181 114
4 74 6267 27
4 25 45410 146
4 55 44861 1059
4 72 3326 122
4 8 29290 37
4 44 13486 165
4 97 42762 41
4 85 33847 30
4 73 15019 462
4 38 15998 193
4 2 46956 287
4 48 41801 142
4 41 9548 139
4 46 25777 273
4 11 18901 56
4 81 39165 158
4 18 88138 29
4 62 179663 101
4 100 23201 557
4 79 15799 336
4 75 5700 398
4 92 50480 109
4 53 22830 179
4 42 24370 524
4 58 79431 252
4 27 34492 372
4 9 17009 58
4 40 21805 219
4 45 16616 294
4 77 7293 38
4 32 22828 113
4 54 25320 443
4 20 23952 86
4 30 19914 86
4 16 15007 15
4 34 10216 209
85 55 15553 114
20 36 49253 365
59 82 20539 398
95 67 11690 91
76 40 19215 317
74 47 290866 98
20 29 12312 252
34 53 68402 44
67 57 7620 546
24 61 76523 29
99 6 42423 164
90 53 15197 60
51 54 17475 126
3 65 23693 74
45 5 15218 49
92 57 93131 152
94 47 9282 14
43 70 36286 379
80 67 12019 29
55 99 91850 518
45 83 28224 438
8 66 15008 221
58 19 31554 791
95 35 38476 432
40 58 18442 135
24 84 224924 101
52 68 19411 258
23 17 84943 161
94 79 131528 199
73 5 75203 97
39 40 18848 50
88 61 11343 470
92 56 19809 281
12 75 14373 194
18 2 20478 181
53 19 13270 51
31 10 4361 197
35 31 6349 170
9 89 37326 146
81 32 52610 44
72 51 3272 71
52 40 12937 97
87 8 25908 424
26 28 122734 139
40 3 24162 30
74 13 24130 29
50 73 94107 101
28 71 49949 398
21 71 18566 115
90 9 48227 187
36 65 2164 658
74 40 83614 685
42 37 39357 431
87 40 7139 157
21 3 1441 261
91 17 77507 40
63 79 28452 200
96 28 71519 258
58 4 5813 98
33 14 64771 15
100 28 25895 88
17 93 69054 41
27 43 5339 123
66 61 7611 126
62 1 11252 25
99 47 23762 57
74 1 37296 38
87 64 6111 193
38 29 65991 70
73 48 12897 29
64 43 28144 350
51 80 7393 160
51 82 5304 40
53 64 1921 94
44 84 137421 76
85 49 47748 311
22 7 10930 349
50 84 6277 266
23 78 57296 107
67 76 34814 1249
95 39 11820 219
65 92 38685 438
9 58 21218 87
27 47 190034 76
29 23 5379 60
80 11 19635 1444
84 52 10865 644
28 66 58085 169
15 11 16809 949
6 19 25152 250
79 71 39278 158
25 99 11583 14
95 70 62772 249
51 96 75881 288
85 7 30701 127
77 52 20431 41
95 21 8618 85
40 23 37145 246
45 4 9660 200
80 79 41914 1427
76 85 26460 205
2 29 11566 441
97 28 7694 192
93 62 33114 136
49 96 39449 305
18 47 3267 568
96 76 56578 123
62 60 9322 148
59 26 35354 103
83 100 23121 71
59 62 23601 16
77 37 48918 57
88 5 23489 38
2 3 12253 34
20 21 38045 261
83 93 51482 384
88 59 34427 27
44 11 10871 123
85 21 27181 888
52 89 33720 79
8 49 33312 92
92 49 60845 306
96 59 6922 301
45 26 7443 572
94 45 15077 239
46 90 16685 68
72 3 17330 502
48 36 84906 168
84 41 92180 1039
65 51 46339 84
83 66 11362 272
66 22 73248 171
82 86 31619 302
51 66 11163 97
91 82 22686 127
15 65 7032 226
60 78 15417 57
14 62 25980 168
7 94 2883 110
24 60 10147 136
15 44 19056 167
58 50 22451 70
59 14 3536 107
2 7 7960 284
44 86 9879 441
80 42 11946 78
91 84 18843 270
95 58 26595 99
72 2 8372 257
42 70 26708 61
88 100 6123 88
46 73 27386 421
24 63 42746 110
56 49 20736 267
15 84 3574 54
65 84 20052 173
52 18 78116 217
55 67 11637 112
51 35 9051 100
87 59 62204 244
94 10 14519 101
47 65 13587 275
87 47 21248 200
96 13 187244 1410
24 21 9793 597
78 43 82890 590
94 31 40908 89
88 34 3729 60
62 16 17581 55
76 99 23438 282
58 82 4571 172
17 36 10130 117
68 33 34778 95
32 16 26345 73
9 84 146629 48
30 57 18835 12
24 4 130347 668
68 83 10257 62
42 58 71772 249
90 30 4216 40
52 14 23948 29
83 98 19898 12
77 31 4571 231
23 47 70148 324
27 65 2207 630
76 8 139942 116
38 7 16567 119
25 22 2214 94
43 39 74967 32
88 99 46331 1032
75 1 38444 526
95 91 37816 208
21 64 75010 384
65 21 28691 179
35 50 19189 375
43 23 22948 50
34 18 17977 271
64 52 27764 97
6 61 5819 14
96 2 22142 458
4 198
84 44

1088692
