100 299 1 1
35 71 69545 143
35 3 28493 35
35 58 16081 37
35 37 11299 181
35 91 39346 547
35 56 15832 60
35 21 144893 273
35 2 12785 493
35 40 7284 567
35 17 4208 215
35 50 38371 75
35 43 43013 485
35 55 38626 669
35 25 90146 116
35 23 34945 61
35 86 92613 242
35 6 44177 553
35 47 15559 38
35 88 14205 55
35 61 63485 377
35 69 33934 64
35 85 13108 220
35 27 3047 400
35 81 91550 408
35 63 3090 631
35 67 11106 1544
35 84 11550 622
35 29 7952 248
35 20 5790 222
35 66 19183 846
35 46 13486 185
35 28 3925 737
35 60 52007 73
35 68 89091 211
35 11 19896 148
35 4 28593 193
35 15 28161 24
35 95 59028 54
35 94 21129 156
35 93 12226 31
35 31 14202 140
35 98 18434 1199
35 41 2738 196
35 76 2301 46
35 89 19113 7
35 14 39407 96
35 100 6456 375
35 26 7684 784
35 7 24013 145
35 39 22154 260
35 99 10435 372
35 9 3374 19
35 78 35851 38
35 51 24385 344
35 83 45991 144
35 80 44866 18
35 62 234581 99
35 30 9427 217
35 22 30892 144
35 32 45319 997
35 12 24807 131
35 72 6291 115
35 75 9557 40
35 10 3801 36
35 48 41181 29
35 70 34287 147
35 57 43702 124
35 87 11566 268
35 73 13905 63
35 24 88604 646
35 5 7615 178
35 45 14250 149
35 82 54091 73
35 65 12033 196
35 8 23234 264
35 54 12696 130
35 74 11636 218
35 19 23712 213
35 49 5655 302
35 33 29284 288
35 52 12974 560
35 38 40821 85
35 79 8930 39
35 1 146973 611
35 53 13114 77
35 77 44755 22
35 44 16491 260
35 97 30872 112
35 59 16309 109
35 34 88978 159
35 96 21799 124
35 90 21368 68
35 42 61598 468
35 64 52878 1594
35 18 17429 303
35 13 14578 101
35 92 8953 255
35 36 38019 1120
35 16 34284 32
74 48 15586 26
64 23 3927 32
99 27 55111 26
18 99 102333 40
16 32 26405 58
76 30 4333 607
65 33 35893 225
77 85 15309 60
46 93 14015 489
91 13 4607 233
6 94 2846 77
65 23 7084 379
77 31 26276 888
77 35 30521 788
75 58 47706 122
74 46 21739 45
1 44 106830 44
19 34 75357 212
6 51 6496 498
49 58 68482 13
2 78 6506 78
12 1 146617 113
94 95 18276 95
26 16 8206 48
6 18 28441 452
74 93 4757 139
99 93 26437 430
91 38 66586 436
74 69 51290 288
22 76 36565 109
15 80 6335 215
81 57 13995 135
58 51 54302 25
16 10 5250 28
29 8 5772 800
29 46 45097 93
20 80 204850 90
43 7 5362 249
69 97 137643 241
62 76 35350 19
87 79 47213 418
60 35 36729 277
49 24 6806 188
89 66 23222 70
77 32 27412 150
85 4 43369 17
27 71 9011 139
69 83 15936 77
59 100 30143 224
72 18 26150 238
17 49 26990 378
2 56 4028 177
75 32 6674 599
91 77 25134 92
65 19 25594 65
85 34 32865 121
81 39 2644 718
48 37 14457 84
41 79 202685 190
54 10 5241 861
43 95 39897 179
94 18 51701 112
70 38 13131 578
16 17 15907 216
22 7 39248 327
16 64 41067 46
15 48 5531 633
17 13 37201 37
67 24 15135 87
78 13 21633 78
61 35 19109 151
62 54 44106 116
12 11 23414 64
86 42 40042 467
93 18 5394 223
51 30 16576 245
59 53 60412 24
94 81 50381 292
7 59 53399 69
17 57 21090 315
92 66 6911 267
23 49 39022 856
34 80 112514 170
31 93 11599 131
36 28 45876 235
55 59 6984 1528
6 66 13581 56
78 75 13809 22
70 66 14767 797
1 37 51255 95
86 35 45004 193
87 60 7824 186
39 81 104701 287
34 48 69207 697
51 56 45510 89
17 42 34578 153
8 86 27238 224
63 68 14674 111
90 34 11392 739
99 31 34892 33
19 96 32315 84
73 93 20852 153
28 97 14423 323
10 23 50866 220
25 76 4628 51
69 61 21001 218
29 90 10639 94
91 22 24102 59
65 69 19496 279
69 85 178391 133
50 90 27249 209
67 51 5004 729
94 50 31414 111
82 76 26019 283
91 43 15338 301
52 85 23688 191
29 81 135552 79
37 91 117440 31
28 70 11775 48
27 74 33702 93
96 8 46149 98
9 75 8901 62
67 100 52328 166
81 63 15728 115
3 69 20785 275
76 25 20244 87
94 84 14996 245
73 21 26853 579
73 25 4657 119
38 19 9044 511
39 57 56961 115
70 83 45255 118
97 43 1751 110
10 4 22957 163
12 95 3227 274
43 89 162481 81
23 62 59100 77
40 65 15946 92
14 77 51339 314
44 17 6805 267
42 68 33034 194
29 36 6808 115
1 68 7053 200
7 26 50549 438
78 85 55684 96
83 9 32052 207
100 54 1077 86
62 2 19486 288
61 46 50530 138
45 32 45580 806
6 47 60346 57
54 47 14658 41
13 52 3488 127
31 64 20367 69
77 24 30307 201
76 42 37431 212
65 90 14761 128
48 53 29876 85
42 34 79073 69
59 86 7924 193
25 52 33099 129
98 74 29695 711
75 39 22404 252
63 97 25694 98
41 25 50650 357
84 86 68053 112
98 42 6549 239
46 16 5488 303
71 62 28324 541
21 63 37038 99
24 45 16662 33
6 36 71807 66
61 60 16501 332
46 48 51442 296
6 81 13703 26
40 80 15886 52
26 27 35284 257
6 58 58185 105
9 83 84997 138
12 60 108575 146
37 36 31574 272
5 13 2839 87
36 16 19949 271
72 33 8205 178
27 41 32627 1531
18 21 33627 143
97 73 55088 65
20 12 19948 91
17 91 8065 50
38 35 218405 316
34 95 7628 342
79 4 7813 438
16 45 21577 737
90 10 56863 198
18 66 68185 44
39 64 73647 86
27 1 56671 126
16 57 12360 186
23 52 25450 216
19 17 36271 109
35 3762
93 1038

33992482
