100 299 1 1
47 56 234399 60
47 51 7551 2369
47 70 49216 69
47 97 12450 66
47 15 8204 32
47 57 10370 65
47 34 15369 94
47 41 19214 77
47 7 15667 132
47 100 28593 111
47 32 27380 31
47 31 7950 14
47 10 17939 279
47 60 15307 499
47 68 23070 134
47 9 19979 111
47 8 8446 102
47 26 9360 222
47 86 13870 102
47 3 36597 468
47 72 21695 835
47 14 30485 305
47 62 4443 202
47 46 66706 125
47 55 10275 69
47 91 4548 64
47 88 12689 640
47 59 127410 71
47 80 12056 356
47 79 11294 267
47 12 17514 999
47 93 25250 88
47 99 18388 80
47 50 47368 147
47 75 11784 146
47 23 39317 268
47 29 2140 233
47 40 32813 64
47 11 7325 12
47 66 18575 213
47 21 7891 223
47 43 38534 79
47 19 31798 156
47 71 15690 47
47 37 27732 292
47 4 15423 228
47 20 2504 20
47 24 54082 122
47 52 9285 222
47 44 27190 46
47 76 84165 91
47 45 39009 172
47 2 33257 225
47 63 32477 1516
47 87 15803 77
47 39 9572 1125
47 96 58347 43
47 73 18088 169
47 92 15953 60
47 61 9550 64
47 33 40574 214
47 64 10410 1002
47 42 23686 51
47 13 29435 42
47 54 56023 32
47 35 270089 87
47 98 99767 546
47 85 99059 30
47 28 20344 414
47 16 30141 55
47 6 29342 298
47 90 12392 253
47 27 73820 346
47 89 38742 204
47 18 12202 190
47 58 23151 55
47 94 65156 23
47 81 5786 553
47 38 74716 185
47 82 6952 141
47 77 258982 10
47 36 23730 105
47 17 9453 60
47 74 7847 298
47 25 11641 236
47 83 65804 188
47 22 12050 102
47 30 17702 70
47 67 30636 349
47 84 7712 105
47 5 6724 595
47 78 83245 56
47 48 32401 1212
47 49 4979 267
47 95 21364 515
47 65 10994 167
47 53 13828 49
47 1 1902 536
47 69 5906 160
90 27 640216 606
2 37 24668 87
39 5 119916 370
32 15 42723 38
77 85 45073 358
82 11 9894 299
90 65 14243 567
76 18 28952 261
82 8 40254 719
1 87 28836 132
59 7 26248 804
10 8 57808 210
78 71 89042 81
7 19 21951 71
72 96 13956 74
38 10 30523 188
3 93 19131 32
80 83 53857 321
12 64 12274 325
34 24 16676 44
40 77 10049 66
15 4 15322 1159
17 83 11079 341
25 35 18629 129
100 74 5304 261
56 12 67576 220
65 78 13568 1407
63 27 69592 306
93 32 5515 277
15 87 19831 113
55 48 7607 164
43 92 69133 260
49 94 55040 355
21 38 37211 278
25 14 5904 429
54 75 21605 213
78 48 11508 85
8 93 35529 243
74 38 24622 854
1 59 41121 29
21 30 64670 67
8 31 1417 146
15 2 13776 36
73 45 28977 245
74 7 10851 1296
38 84 12621 361
64 80 22841 336
38 34 9279 124
24 21 113465 601
16 15 17039 1380
24 77 25331 144
2 60 22031 391
59 88 5989 30
37 91 4200 49
36 8 67669 91
5 55 44318 67
88 12 5112 61
10 63 17944 168
10 59 13632 64
6 17 13699 414
64 10 59994 190
55 83 6959 250
73 14 19448 194
55 26 44841 287
93 47 20401 155
9 54 16811 127
10 26 15154 109
40 50 6999 98
48 74 33230 196
19 30 33420 17
38 14 9944 383
68 32 10776 209
64 87 11934 291
34 38 12225 131
25 91 23423 267
42 87 6089 34
9 8 15127 103
64 23 30193 192
18 21 9208 93
78 39 9058 2221
81 41 32763 265
77 19 23620 168
12 27 9391 242
75 41 133734 371
11 19 40728 285
55 47 9088 347
39 23 43454 525
34 18 9417 27
38 19 5321 535
25 94 16732 163
49 69 22322 134
13 43 99029 21
31 97 65069 309
87 49 53459 45
87 67 22588 257
52 78 5995 170
45 4 143626 373
26 84 8255 17
49 57 37053 39
85 4 7229 83
77 10 191970 96
23 74 135220 186
49 8 5169 138
93 67 36236 161
76 16 17226 254
35 32 18160 361
49 88 6903 132
18 45 12366 158
69 67 58435 76
98 8 73631 153
42 50 83435 106
18 77 11984 120
72 17 7222 108
12 14 25225 211
59 14 32627 65
13 98 17055 78
72 2 3752 138
36 28 12994 44
16 27 61092 587
11 83 114005 49
9 12 10916 76
70 18 28188 361
1 7 14834 935
21 69 6605 117
27 79 11504 17
52 49 33696 172
20 44 2533 130
46 6 30542 216
18 30 5969 154
94 61 31180 69
8 91 23428 168
31 95 225025 33
10 97 7559 50
23 34 50896 157
21 96 56104 315
10 100 38864 40
43 100 10030 842
42 75 17698 48
8 2 49278 159
61 63 13312 185
88 25 7412 55
25 33 15879 716
62 31 50998 142
46 73 19011 564
40 7 33023 44
87 83 6464 102
57 38 37368 239
46 77 51314 366
26 80 48305 174
44 32 8429 150
23 66 9323 150
32 71 8849 1052
23 70 13071 74
81 98 7837 55
12 8 16818 439
2 35 211439 69
17 78 25974 287
56 97 39348 1069
82 3 14707 51
43 14 10355 345
99 74 57586 40
29 64 41680 35
98 56 30709 245
9 44 45907 125
5 72 106725 455
7 45 13462 89
86 32 20960 106
53 98 63017 84
2 11 97972 252
22 19 7022 507
93 58 56612 33
96 38 9537 159
12 97 5822 610
100 81 51959 76
56 42 40020 19
3 11 5255 42
2 41 20233 81
60 27 46322 140
52 76 7456 87
92 74 11640 179
91 60 115353 189
77 37 12649 56
64 16 23490 215
51 70 94889 51
70 77 34219 78
19 36 6439 136
72 41 25808 72
53 29 6129 128
2 17 6688 1160
39 11 115851 708
24 82 4173 55
42 18 25580 110
37 76 16069 63
55 19 4366 45
32 97 13696 522
35 78 69796 235
26 30 74047 19
25 5 13187 146
61 65 40114 92
100 4 23371 89
47 396
8 199

1845848
