100 299 1 1
48 14 11362 140
48 66 109598 81
48 60 28085 66
48 74 18538 207
48 28 77704 38
48 73 19958 750
48 44 12863 32
48 98 23153 251
48 61 8443 280
48 96 6958 268
48 27 28093 149
48 83 102212 142
48 36 71155 488
48 100 30576 202
48 18 5186 178
48 99 8807 96
48 40 38040 147
48 17 24578 152
48 39 11044 418
48 93 7739 68
48 4 15771 117
48 16 88335 488
48 6 14293 158
48 38 41688 70
48 79 25597 127
48 21 18466 112
48 47 80819 11
48 80 19917 347
48 25 6142 146
48 85 25897 1311
48 37 36024 1012
48 41 23237 98
48 34 122833 1013
48 46 63632 1253
48 89 16345 428
48 59 6086 116
48 76 4644 125
48 54 13351 21
48 65 77909 31
48 24 98032 361
48 30 7949 256
48 68 29461 78
48 42 67247 174
48 9 53136 1265
48 45 110926 20
48 8 20855 101
48 11 32464 57
48 2 6788 125
48 55 31479 107
48 64 9423 658
48 1 21396 21
48 50 21172 16
48 78 46615 130
48 57 5123 84
48 19 70544 100
48 49 9936 46
48 10 7542 85
48 97 12313 227
48 23 12335 525
48 32 17251 551
48 3 9412 30
48 22 4905 91
48 86 3946 48
48 51 26235 381
48 63 25064 201
48 71 1743 112
48 7 11111 83
48 95 17131 154
48 62 65354 65
48 35 16051 70
48 75 13119 152
48 82 16855 72
48 70 55095 72
48 20 3232 93
48 58 94953 96
48 15 185067 49
48 43 26351 229
48 77 7748 48
48 72 256170 27
48 33 42537 92
48 94 8238 118
48 84 35226 124
48 87 22295 30
48 12 11290 1398
48 52 14499 444
48 53 18627 410
48 56 8597 66
48 5 33920 107
48 90 9499 1206
48 67 190961 235
48 26 4114 68
48 29 51750 423
48 31 5802 103
48 81 24138 138
48 69 12967 120
48 91 6174 134
48 88 119182 505
48 92 12586 412
48 13 33981 122
85 41 319034 118
10 46 9083 58
53 27 2980 75
17 100 21663 31
9 49 8712 30
94 41 17477 223
5 64 8742 34
50 23 7185 118
65 9 90044 211
84 61 16663 231
89 3 12316 84
64 53 83399 1442
43 72 1895 229
100 1 19234 141
72 39 69577 61
47 52 29969 309
40 46 84479 191
79 89 8071 725
51 66 12849 121
20 47 13492 18
92 63 16733 329
79 30 3890 135
30 52 67638 179
10 82 3926 44
46 63 9841 313
37 53 121260 103
27 6 27241 1143
6 81 18270 101
43 26 1580 100
20 68 27954 51
45 25 5178 1305
59 57 12427 187
16 13 20814 142
5 59 28544 282
13 9 6536 117
15 43 35340 83
1 60 38430 362
16 24 20666 160
83 39 31900 612
97 87 61200 112
12 26 3406 151
25 90 2681 50
44 31 12000 25
74 85 51404 8
22 20 10888 231
13 11 3136 48
16 2 43436 276
45 61 7731 199
93 37 15507 112
47 51 23201 278
64 54 9754 159
8 87 52619 574
33 85 13022 72
91 69 6101 194
31 72 7295 31
36 93 12580 75
73 39 33570 28
100 48 26336 107
58 35 21982 419
43 1 2201 480
55 87 12856 163
95 38 10721 83
13 5 81962 294
3 64 163298 187
41 83 7913 160
32 3 12303 60
96 27 7588 182
80 34 4422 387
55 27 129576 51
49 76 45115 608
36 61 14267 460
39 30 8984 538
39 52 10518 778
86 8 24424 667
13 66 9806 353
28 73 25816 190
38 12 18543 265
22 6 35000 268
72 74 9791 482
71 51 31879 790
76 29 11181 185
64 97 66795 305
68 75 22272 109
34 59 58475 233
46 35 37045 202
73 14 15217 53
73 87 69819 547
5 57 13879 189
56 38 21554 28
28 57 2792 426
14 47 3114 353
80 37 11076 205
89 26 21928 142
12 52 25329 80
93 38 39623 184
11 54 23782 159
43 98 70866 232
10 92 152164 476
66 30 16970 191
17 66 10134 79
99 49 12636 79
34 54 31873 28
60 96 27697 124
13 69 5462 269
50 95 9071 46
45 2 14757 740
6 31 26906 235
16 4 5913 515
16 32 5732 87
87 99 18094 49
22 30 7366 54
49 68 71266 254
35 62 15454 492
96 19 6443 34
89 42 6628 47
72 45 13077 134
43 74 83651 352
12 25 19064 594
86 69 6847 220
39 64 79317 159
13 76 42956 78
3 90 31883 183
1 50 21395 36
79 81 7215 12
50 43 66131 78
9 38 35135 229
76 22 66219 209
61 99 12202 463
45 50 17205 67
24 57 145953 204
49 16 86307 114
36 8 45662 117
75 65 5119 222
79 59 8240 732
8 70 4409 46
24 100 12829 431
20 37 11313 134
73 97 6086 202
97 12 15177 20
49 29 16040 123
2 93 21314 348
86 50 15092 15
34 61 57578 277
7 55 10029 156
81 39 9275 88
69 82 20374 98
2 80 10479 553
46 22 14599 480
85 79 10275 185
85 8 33735 1073
54 3 15587 76
99 51 18294 21
70 2 12382 115
40 55 26122 665
77 16 3528 365
88 33 2837 92
8 90 6997 118
57 33 42369 13
88 23 13996 139
2 26 73583 84
67 50 22163 108
1 33 25617 535
24 38 6034 185
45 34 28288 44
62 31 58939 158
44 67 15936 724
47 56 24804 486
100 78 52665 93
22 26 14343 752
30 75 6809 376
90 21 13960 113
40 60 17789 144
8 47 53803 27
72 5 27835 70
28 76 47854 288
57 22 12725 187
51 63 16971 392
73 24 6614 93
5 4 20391 322
6 83 34950 104
9 31 87697 270
21 100 37133 142
51 49 84337 65
70 9 3502 328
27 44 6736 240
70 96 13334 439
13 45 110254 285
58 59 52627 452
7 21 17451 396
93 84 124977 163
27 66 21723 262
81 13 59667 171
68 59 7113 156
35 4 41665 126
16 26 15852 467
2 54 12879 47
54 57 7531 141
18 52 5313 70
8 29 27748 5
46 53 124436 46
48 1683
26 502

9762064
