100 299 1 1
86 33 33929 88
86 6 13464 194
86 8 23362 80
86 22 26086 387
86 81 30941 227
86 93 24118 37
86 24 12368 167
86 74 6540 305
86 13 5231 28
86 31 7974 105
86 12 15856 197
86 90 42961 89
86 25 21441 111
86 30 2480 577
86 68 30071 57
86 14 33930 27
86 51 10902 75
86 43 15989 54
86 56 16869 57
86 5 88902 89
86 62 56960 890
86 3 12684 288
86 70 2529 27
86 80 73331 369
86 16 52014 191
86 64 33447 61
86 99 9288 321
86 41 7684 1470
86 28 107009 101
86 23 9711 187
86 47 49343 72
86 75 51641 188
86 26 76293 129
86 97 56508 184
86 57 56999 491
86 46 110586 286
86 84 28366 147
86 96 7893 65
86 42 92407 76
86 21 435710 75
86 44 68563 745
86 69 2697 64
86 39 58657 53
86 10 27454 151
86 38 16632 385
86 59 28144 76
86 7 79825 92
86 40 20757 457
86 87 72318 330
86 52 6031 377
86 2 22994 168
86 9 12158 213
86 82 4774 24
86 32 26067 194
86 66 50459 64
86 54 32482 214
86 85 103526 453
86 37 23423 47
86 17 17010 64
86 94 24783 630
86 1 44913 76
86 83 29955 1042
86 35 76195 128
86 15 42818 71
86 91 103589 100
86 65 22231 957
86 61 55726 81
86 76 59873 897
86 48 48736 186
86 49 13740 216
86 73 2840 120
86 53 24003 84
86 63 8366 105
86 19 6474 66
86 55 34959 170
86 60 126144 666
86 20 99569 582
86 34 54549 34
86 79 7796 78
86 95 91391 57
86 92 22608 255
86 18 26312 289
86 36 115898 14
86 100 72683 149
86 29 54549 163
86 88 5508 39
86 72 16366 1013
86 27 22463 139
86 78 15413 108
86 71 39860 108
86 50 60306 345
86 67 8002 482
86 58 77219 53
86 77 115641 149
86 45 14361 75
86 98 62940 79
86 4 33960 207
86 89 87278 208
86 11 14969 371
46 4 13561 243
81 68 7399 103
35 6 75611 37
61 30 39850 51
40 92 5402 193
54 95 13402 100
65 24 7749 40
46 2 17424 470
2 98 9664 380
99 95 96367 148
59 98 101143 257
23 5 25944 495
58 44 13134 94
2 80 10788 19
55 82 9016 1000
16 82 6842 167
45 85 11165 470
42 34 147564 89
48 80 60032 49
62 55 10418 41
92 62 11859 115
13 30 11781 116
43 48 35336 86
54 91 423040 143
60 22 32787 1360
73 16 10421 734
18 39 15933 121
74 30 69351 57
43 53 16760 1976
9 80 54718 600
97 69 65101 217
22 96 288480 96
82 25 1204 21
50 54 21954 107
11 22 30224 101
59 19 28768 54
88 90 17189 130
50 98 53890 296
45 60 16348 173
49 90 38309 129
87 65 15751 122
90 79 661 102
10 91 44520 202
29 2 33245 689
64 20 2356 123
29 77 11249 123
89 48 2716 82
53 60 10806 126
59 29 18905 489
54 48 33046 48
62 59 5334 50
41 30 8873 15
92 98 24809 157
53 17 10388 195
41 19 17083 14
54 74 27884 311
52 38 75136 58
33 79 20090 122
6 31 14931 324
75 100 15932 93
1 17 10512 319
88 99 12907 441
60 13 2965 152
14 43 8017 504
99 89 18558 310
1 67 17163 603
33 29 19653 46
50 13 78746 174
37 56 41946 159
55 58 35606 235
73 48 25061 350
99 23 90261 65
80 28 24146 38
9 10 41484 193
85 25 15754 429
17 44 2662 585
71 70 5203 121
37 60 27248 26
24 27 16173 309
90 26 16229 164
66 76 54107 15
98 61 13710 204
92 90 44972 135
27 60 18099 237
45 4 38844 216
73 91 52754 266
56 67 58772 29
5 97 67702 369
18 97 6115 1505
31 61 80110 1183
93 51 17710 690
4 91 24189 839
96 61 42203 408
82 49 54854 337
71 10 28403 149
79 24 29297 235
56 10 29406 68
78 57 22306 44
64 84 14382 136
79 47 36102 31
29 48 5205 117
64 80 11249 317
96 54 49022 48
75 83 26047 125
60 82 3556 145
25 23 29647 530
66 70 15296 54
98 36 81265 16
88 69 21332 156
74 14 99847 1504
82 41 8442 138
83 86 79075 248
90 4 25025 68
53 11 3534 939
100 77 12076 151
81 27 31752 246
43 37 66761 47
15 28 8143 37
35 26 88836 386
17 82 26366 115
54 30 23057 446
41 24 109344 62
31 9 11544 150
32 76 1220 481
41 62 7574 268
67 84 14830 48
40 62 58088 38
34 11 45510 109
19 42 19719 111
54 33 41717 196
2 99 10037 301
97 65 19418 139
94 9 91219 189
35 66 87489 79
59 77 14327 169
69 22 9470 400
56 34 35204 255
62 99 20942 147
74 52 22081 74
81 69 38834 7
22 42 7562 44
79 45 45365 531
92 60 18086 719
19 82 11381 139
72 42 5952 52
49 62 18711 270
87 10 3384 23
78 43 46358 155
4 46 13391 144
95 44 105179 130
62 45 36146 33
6 10 40589 166
98 71 33822 592
60 45 40132 297
55 77 53034 89
90 37 34646 34
33 20 51119 381
62 52 86437 151
14 56 8355 304
31 14 6591 152
11 38 34390 198
19 86 15137 199
25 71 41412 154
62 46 11014 45
87 59 9071 63
56 85 16379 93
25 30 4729 181
15 3 8394 852
87 8 24873 440
37 51 17995 159
50 40 12151 148
31 74 55621 579
43 26 43224 343
14 20 22472 100
69 75 9478 300
50 10 100810 67
5 39 90217 181
14 26 91685 55
80 87 25475 61
92 12 27141 202
9 68 11238 16
13 94 12321 48
45 78 24972 407
77 56 23122 95
50 5 1379 517
64 22 97811 89
70 62 45318 300
26 94 13579 1107
6 90 8269 432
35 95 13416 650
92 83 42109 93
19 68 6132 99
6 94 19952 233
79 33 6285 84
97 36 238863 63
56 87 32556 177
43 5 18935 266
6 39 3625 192
94 97 10535 74
43 60 42180 321
86 495
60 158

5192322
