100 299 1 1
3 48 9023 79
3 40 9814 56
3 55 2054 196
3 32 42736 81
3 39 13582 124
3 62 24632 131
3 51 30233 23
3 22 87106 865
3 37 126689 76
3 4 5457 110
3 89 8550 699
3 26 54603 933
3 93 10431 390
3 64 6165 64
3 84 105549 70
3 83 468686 205
3 30 59331 52
3 68 9903 127
3 11 9764 133
3 10 8065 200
3 9 14969 149
3 76 6619 512
3 50 4299 199
3 1 54809 55
3 52 35123 76
3 81 15625 18
3 67 25083 255
3 24 81612 109
3 49 9192 53
3 14 55960 1320
3 79 19672 137
3 28 7484 203
3 88 35794 134
3 69 15856 1215
3 42 14898 9
3 66 10553 497
3 47 4181 149
3 6 86809 420
3 60 11197 69
3 78 107018 135
3 17 27928 125
3 18 32575 286
3 35 10422 642
3 15 38252 407
3 57 52766 72
3 16 7447 176
3 59 22660 89
3 71 30012 237
3 54 9648 241
3 70 27117 19
3 20 41372 179
3 56 11474 90
3 73 18228 175
3 8 3438 151
3 7 37990 264
3 90 28671 29
3 41 92925 189
3 53 26530 43
3 13 15679 183
3 33 34467 318
3 25 9823 68
3 2 17408 117
3 82 113915 284
3 46 13721 115
3 85 26390 218
3 87 11055 64
3 100 174090 168
3 23 12360 253
3 31 16276 99
3 58 25469 168
3 19 28612 118
3 99 54787 176
3 21 8306 260
3 45 22866 71
3 74 55156 426
3 27 23256 236
3 95 19883 538
3 72 9710 81
3 43 12096 200
3 63 25857 79
3 44 56361 260
3 77 22775 1561
3 92 26774 89
3 38 7758 288
3 34 53063 98
3 75 90933 151
3 91 165419 415
3 36 28113 101
3 29 83708 104
3 12 146430 202
3 61 23239 413
3 80 14077 25
3 86 366914 146
3 5 29108 136
3 96 11784 57
3 65 74976 809
3 94 17678 75
3 97 4640 77
3 98 11139 41
84 41 17746 250
85 23 24893 1512
92 6 6971 129
4 8 9263 273
97 8 26920 176
82 77 10504 195
16 50 187530 77
98 68 48252 183
82 26 82928 29
74 77 51665 1067
35 85 7327 48
35 29 62879 73
5 24 37741 39
37 49 30663 87
86 26 25418 438
2 76 3036 36
43 79 13851 594
88 18 52952 74
27 98 48358 138
59 14 20969 65
15 72 14337 58
57 53 8134 54
98 2 10545 236
73 5 36017 88
2 53 9962 394
99 3 4009 136
69 36 24971 191
10 86 155709 813
57 66 16196 63
21 97 25985 61
87 43 20858 152
100 78 27679 170
69 34 54203 53
99 59 4849 235
35 83 87284 56
90 63 13980 895
89 38 46877 260
65 64 45881 291
55 68 14677 91
33 83 54110 111
82 64 19147 111
11 13 12091 313
95 83 31135 67
15 75 14524 43
78 96 34151 89
75 98 24023 217
74 40 6568 272
94 42 11292 216
11 70 5203 25
78 5 22299 198
91 55 46118 210
67 49 146701 644
79 2 25081 329
59 94 146524 43
7 71 41490 121
21 78 13595 6
1 16 124041 189
31 89 11990 147
10 59 13610 154
67 70 28454 202
62 20 247825 119
21 6 23587 129
65 67 28323 591
55 69 80224 152
10 12 22302 197
54 66 20452 41
1 24 23121 545
91 81 16769 229
71 83 33060 488
99 19 4769 52
71 45 7816 260
46 72 29163 221
18 42 30338 166
75 93 31503 23
25 17 40473 293
10 80 18899 870
24 89 8765 782
56 2 88058 353
68 64 19235 305
2 34 107798 473
15 51 14334 164
60 73 5607 322
42 18 38721 74
77 23 36743 891
66 73 17079 27
16 51 82463 353
65 7 108438 95
66 56 36912 148
41 12 10083 154
37 45 90605 51
40 86 283351 195
18 54 21976 16
77 43 9164 86
87 40 6208 287
98 72 17913 117
97 3 10697 183
53 70 60445 453
11 65 20406 634
85 49 7606 267
60 24 17243 223
79 61 9420 654
81 59 64617 172
73 94 6499 104
79 28 2187 232
79 14 9699 40
82 9 49927 771
82 91 7852 131
16 40 35485 385
8 24 58089 253
84 7 2425 217
5 77 11461 105
22 69 2550 52
44 78 84149 54
70 85 36449 22
20 53 39236 151
2 3 34909 120
24 49 99210 224
94 34 60824 3995
24 100 16718 318
7 26 9907 178
70 95 72829 95
38 79 10931 91
95 54 21786 40
55 70 9596 59
39 63 11147 37
43 26 71856 49
51 13 30090 86
25 71 6869 474
34 61 4716 109
37 98 60591 149
32 16 17584 197
91 73 33034 1698
54 18 18561 144
13 59 21351 74
88 31 4966 429
59 35 46218 363
12 55 19865 189
17 58 29773 76
53 30 13087 140
21 62 10145 573
87 93 67539 573
90 52 10634 285
54 44 29340 61
16 65 23698 130
20 75 23256 452
45 7 9148 252
12 41 16076 39
40 63 57255 74
54 69 62646 181
40 65 22088 382
80 66 78040 227
81 92 32049 91
12 57 10012 33
36 94 23446 20
29 39 8475 2278
17 88 60696 337
24 59 47136 235
61 33 15611 20
85 95 18330 58
29 99 11288 545
51 93 96097 57
91 47 19492 182
51 18 1791 54
55 89 12988 104
54 14 15761 77
1 32 84545 209
80 76 28160 528
78 55 45982 232
77 58 99874 128
91 11 3065 957
34 91 83529 713
13 37 15656 9
52 19 5825 124
39 67 19505 125
98 99 14768 180
32 81 20107 695
35 3 5820 22
89 34 58275 624
68 2 34361 26
2 55 49298 1394
86 71 206669 231
37 30 9687 44
69 52 20623 106
59 66 63608 156
83 6 41712 191
74 70 45785 103
55 51 28089 197
44 68 6501 97
55 32 22397 264
61 42 16442 84
67 36 6732 123
17 85 54978 326
69 75 77194 647
37 76 80471 35
27 83 19553 1016
52 77 24216 44
81 21 15356 292
21 17 30559 109
19 49 182469 312
9 40 47868 1473
3 99
83 26

1113034
