100 299 1 1
87 1 27851 547
87 90 29287 286
87 61 48808 104
87 92 28233 732
87 53 20013 81
87 10 8798 838
87 14 36400 177
87 100 32539 287
87 49 48237 135
87 66 70268 186
87 11 29264 126
87 88 4536 62
87 96 27215 781
87 35 93860 110
87 34 5478 412
87 27 33121 194
87 44 68315 391
87 42 19806 221
87 46 20112 3161
87 47 47845 201
87 68 16786 457
87 3 36299 168
87 84 23476 128
87 17 27657 51
87 24 5441 46
87 28 3796 241
87 30 6091 86
87 23 9432 291
87 26 38725 63
87 40 43053 1047
87 31 57378 401
87 18 33699 22
87 81 6073 276
87 55 14509 383
87 6 3145 155
87 63 9051 283
87 67 49918 240
87 33 21475 50
87 95 53567 119
87 21 98046 189
87 71 38687 32
87 43 4520 826
87 5 44252 511
87 64 53689 18
87 25 12730 250
87 19 6283 592
87 39 12444 246
87 29 39879 82
87 99 23606 110
87 76 34436 1224
87 80 48227 124
87 37 15907 239
87 72 25179 70
87 54 5462 52
87 20 23996 67
87 75 5929 305
87 22 67989 703
87 36 8288 50
87 83 11064 212
87 13 48880 104
87 38 9167 74
87 69 6263 85
87 94 17848 126
87 4 11643 31
87 86 37721 75
87 89 44739 221
87 58 30630 93
87 45 21602 452
87 2 9576 64
87 62 33546 43
87 85 15702 207
87 48 13716 214
87 52 179404 1156
87 70 27613 269
87 78 16463 254
87 60 5479 51
87 7 496950 94
87 8 35741 56
87 98 37147 16
87 15 4188 41
87 73 24917 184
87 50 12058 360
87 74 21600 1250
87 79 16357 544
87 65 25012 239
87 56 308667 185
87 41 26088 224
87 9 7214 20
87 57 96733 208
87 93 54151 352
87 91 65439 49
87 82 6286 84
87 77 7968 144
87 32 10415 731
87 51 68570 76
87 97 47733 144
87 12 22701 339
87 59 58326 74
87 16 39543 223
57 82 45479 160
44 76 13966 1066
97 79 50147 84
25 91 27418 196
13 91 13084 135
41 88 10641 419
11 28 48335 63
34 31 15823 81
77 83 25704 152
94 29 8774 382
34 44 5208 355
89 35 270822 809
98 70 8952 95
55 2 20747 201
32 68 9465 216
76 5 64337 188
61 62 36828 192
65 51 7364 198
61 73 50371 63
69 92 6128 640
25 24 2714 75
86 44 157258 18
95 16 78292 138
34 27 47312 186
58 63 39201 220
31 58 15427 17
55 73 10945 530
15 82 32644 281
29 53 53317 142
44 63 36785 89
24 14 98674 55
77 36 4129 28
93 95 9270 52
3 16 9294 706
6 32 17187 349
46 30 2331 81
34 55 8966 74
82 29 6069 168
45 26 14482 79
97 27 13712 327
95 51 105525 650
37 22 46450 49
100 18 4682 304
18 55 46979 59
67 36 66912 56
82 99 40704 94
97 45 35982 174
80 93 30504 803
33 25 5241 297
91 54 8826 2932
3 31 16657 126
33 62 16107 100
69 2 15292 87
94 11 206154 116
7 50 16505 264
2 67 56079 66
88 26 65965 60
95 7 12996 291
20 12 19332 361
47 37 4357 65
90 61 6694 605
88 30 42993 166
14 84 20794 56
65 88 68194 41
75 39 16195 15
44 79 92916 193
40 32 6652 117
82 95 25057 12
14 72 44980 38
85 5 39551 617
2 51 95856 71
67 89 48002 26
40 9 14378 216
11 50 6087 311
53 67 10108 503
57 41 7979 55
30 38 1974 140
84 87 24451 157
27 70 44597 165
28 54 21500 391
19 69 80987 280
1 87 8667 232
30 59 13458 315
1 66 10710 92
18 46 8008 83
54 24 13210 73
2 34 44333 592
88 51 37734 79
12 65 44817 100
6 84 11090 312
63 4 8678 159
91 90 12172 48
80 89 31296 49
17 83 10568 293
38 22 8632 457
89 1 96087 138
8 5 39533 204
81 88 79977 82
63 45 91190 300
2 38 55856 148
43 46 90443 361
6 55 16656 429
93 31 11230 13
93 44 15332 67
66 28 2400 28
33 72 62726 41
89 96 25714 277
90 32 43701 88
56 13 3965 320
1 74 11063 32
77 22 3863 39
77 89 16123 191
35 23 38055 325
64 56 21516 109
15 99 5310 795
22 42 81889 1247
25 60 51244 62
45 99 3836 915
7 88 72259 197
98 51 29318 36
35 88 29586 124
46 98 23931 49
1 73 27350 737
15 4 4911 375
75 92 28665 63
21 63 23150 20
16 92 8656 247
30 18 22101 569
66 53 4835 902
91 47 39828 87
9 19 98412 96
21 18 20902 285
77 13 32472 218
59 94 14963 38
81 82 7104 93
47 12 133718 220
34 71 68687 631
82 48 16570 210
68 20 5047 255
24 19 61834 59
98 19 26719 362
21 58 30624 155
13 14 21148 300
42 32 3398 213
33 75 10716 144
31 84 32049 32
12 67 124461 48
1 52 28617 73
64 2 103287 2338
61 3 19566 100
17 5 36877 77
29 5 49955 407
35 45 29866 65
63 90 13848 108
14 63 17649 425
34 47 98697 267
53 41 29708 15
48 58 34575 394
64 22 20700 586
22 81 55963 40
8 92 69828 256
1 88 1541 30
76 15 18349 325
50 12 131893 92
85 55 17675 73
56 85 12237 220
4 3 8996 138
92 43 5949 264
70 65 167696 76
98 8 60476 165
73 39 14084 36
1 6 33705 39
23 6 5901 122
63 93 30842 53
100 41 36110 95
58 89 11364 211
85 49 118884 284
69 48 9398 100
17 27 7039 643
81 8 17803 204
5 78 13165 190
32 29 20024 97
57 74 105889 114
63 18 35736 431
48 44 126615 82
77 60 5668 67
44 17 60685 127
32 42 34724 83
67 55 70947 69
84 79 5679 352
16 89 35876 253
88 6 63566 235
52 20 106332 414
62 24 20663 47
33 39 34002 81
46 72 28028 186
53 33 55371 334
1 51 116361 367
19 80 203422 445
46 38 18629 98
87 1584
88 264

7480380
