100 299 1 1
75 48 45701 210
75 1 40533 253
75 25 39233 55
75 31 12380 381
75 68 27351 68
75 42 18795 151
75 40 5365 152
75 20 7522 653
75 37 5256 1422
75 77 10681 45
75 11 8370 50
75 36 19379 262
75 64 5133 82
75 69 9751 74
75 92 5031 44
75 33 16144 270
75 84 8419 1347
75 6 21078 124
75 47 1374 104
75 38 29134 273
75 71 45966 1139
75 23 59476 456
75 95 30880 185
75 24 21468 167
75 12 61847 589
75 7 2277 234
75 56 194174 468
75 82 13341 454
75 80 19108 633
75 60 36258 146
75 41 9586 100
75 35 4093 60
75 17 10862 353
75 8 24788 88
75 10 13337 341
75 99 47606 139
75 65 32752 406
75 96 64313 1534
75 39 11357 81
75 72 41407 123
75 3 7034 176
75 86 4022 131
75 14 19488 43
75 50 19546 54
75 54 11348 1190
75 89 18203 36
75 74 45204 61
75 30 6164 73
75 87 14880 145
75 59 77685 419
75 97 8846 128
75 67 47283 90
75 58 5256 394
75 19 15395 266
75 16 10299 308
75 55 2356 331
75 9 294727 61
75 66 12435 166
75 4 260358 212
75 94 58979 69
75 100 16952 116
75 5 86061 184
75 43 4741 65
75 29 7164 112
75 70 16460 476
75 83 67539 199
75 73 42180 523
75 44 4068 145
75 46 7178 43
75 32 118452 49
75 49 136250 81
75 76 9303 218
75 57 52098 280
75 51 15507 430
75 53 16094 31
75 21 33444 138
75 85 8813 54
75 93 29196 69
75 34 17859 154
75 2 5861 78
75 26 24498 337
75 45 128442 130
75 27 34938 265
75 79 13896 206
75 28 6690 59
75 62 18998 76
75 78 71659 480
75 81 7337 243
75 22 21320 50
75 63 9341 18
75 15 18183 170
75 88 20637 1443
75 98 16527 2377
75 52 10007 577
75 13 70630 20
75 61 34734 23
75 90 24773 238
75 91 19936 55
75 18 16018 60
18 85 80300 11
29 87 34281 51
15 73 50640 99
96 20 32000 169
43 21 94936 156
95 73 11063 90
57 99 8366 171
79 66 15026 79
19 29 57015 118
94 5 3981 133
38 14 141534 139
32 59 14319 152
98 26 6775 86
31 94 6646 106
67 73 13968 984
56 87 3957 102
4 70 13361 92
35 22 20437 738
88 7 105782 194
36 28 9599 377
94 50 27069 159
82 63 17658 293
86 26 26437 18
58 12 55214 97
9 6 9133 111
45 92 43199 236
47 14 28086 133
47 61 94408 67
76 31 16705 112
62 51 44403 194
7 77 42723 167
62 9 58206 240
90 35 23869 314
87 96 10699 122
37 21 14518 202
59 39 81693 78
86 53 79989 407
99 17 26463 182
76 50 15400 242
77 14 2133 460
3 5 21266 797
98 48 4831 64
58 24 28878 120
2 23 5774 46
55 70 29169 189
16 85 19006 230
7 73 91754 66
55 77 51719 149
50 11 31689 38
89 27 5623 311
19 27 11593 53
48 85 4577 146
6 69 7900 71
20 85 17728 9
24 15 52114 225
93 4 62041 201
55 31 66172 101
6 66 118438 409
97 28 65182 139
62 20 47984 54
58 91 12282 14
44 13 18382 445
2 29 82508 258
83 57 23768 72
94 92 16278 75
16 92 79271 679
46 23 16185 81
93 50 92783 808
98 50 9883 60
28 94 12157 400
81 9 33102 84
88 77 12432 215
92 97 19993 63
77 23 4252 182
48 66 14086 45
59 2 36487 176
89 24 99661 208
88 19 17180 36
5 29 16257 170
95 49 12211 70
93 3 40752 205
16 48 37852 180
94 60 59603 182
68 90 42888 87
81 89 13634 105
69 90 13387 100
36 88 21333 134
43 51 10622 268
53 38 12422 391
45 31 1563 242
27 49 176904 55
59 92 8430 180
19 23 33738 347
60 8 25191 144
90 11 21435 45
44 28 36206 107
8 84 28397 250
89 85 98512 313
45 24 103039 63
5 90 9544 276
42 44 67904 64
52 53 133304 171
91 76 15046 264
51 85 17177 190
52 14 17068 60
56 69 23950 70
39 56 15077 86
3 65 18398 25
65 21 10354 112
29 24 34181 148
92 78 12665 23
28 56 45405 22
48 49 57477 585
22 63 69651 123
69 88 21792 182
73 22 216231 491
18 91 101907 332
21 14 17954 32
66 87 7614 23
66 41 64761 24
93 29 5734 164
10 94 1275 114
35 11 100588 77
10 49 31500 198
99 7 32202 180
55 65 6183 86
86 77 13105 69
50 87 47509 528
20 26 14738 228
44 94 137657 584
23 40 90188 451
45 12 18047 860
21 1 8060 38
12 100 50585 474
99 6 6514 744
58 44 40390 46
97 23 49127 110
78 4 82461 140
63 35 263494 112
51 91 41322 263
81 14 42637 76
45 18 14406 34
36 45 7482 209
52 76 5686 96
92 70 6865 78
9 15 70723 739
99 20 19991 168
79 58 104531 86
46 22 13646 568
11 98 6673 123
88 96 15344 461
51 74 28260 73
38 11 121645 230
95 2 44659 91
7 29 39234 217
25 6 33919 24
98 2 54889 214
45 59 26167 18
1 28 21120 75
31 41 10575 192
14 22 28970 141
57 24 40131 186
29 86 24481 158
56 93 88034 40
33 90 55286 539
39 100 47661 214
88 66 57922 505
6 24 215079 507
13 22 33093 20
41 71 28945 199
51 56 19314 38
70 88 10268 242
94 41 11447 74
20 53 39859 43
100 51 3410 386
28 27 3738 36
51 15 130846 42
67 35 144271 245
8 24 41350 139
93 16 122540 189
86 92 66488 41
53 52 25040 129
72 97 7827 63
69 49 15469 104
58 52 8187 74
30 49 47194 66
81 70 29320 553
15 26 158551 147
45 68 4560 74
49 75 26138 25
46 80 69308 1158
93 30 14937 61
24 26 118238 68
51 42 73132 98
92 4 7459 580
35 8 37134 105
37 78 22588 55
33 9 226564 19
84 32 79966 92
50 5 2500 164
75 495
24 254

6554814
