100 299 1 1
16 13 12541 165
16 31 10192 107
16 25 40518 134
16 76 3661 143
16 68 76499 215
16 1 9130 216
16 78 9378 275
16 18 116708 84
16 93 9566 741
16 52 87523 309
16 30 20199 27
16 50 8129 73
16 99 89309 59
16 87 41506 298
16 58 511699 93
16 59 6434 772
16 56 32184 75
16 19 4428 187
16 62 7621 111
16 9 29038 330
16 14 15457 83
16 64 174377 108
16 24 44614 269
16 21 3344 110
16 32 10605 106
16 42 64188 167
16 23 25837 77
16 90 183432 214
16 71 16896 142
16 82 12067 1128
16 84 19075 31
16 100 7727 127
16 83 22166 114
16 11 19227 2694
16 17 32859 59
16 28 60798 1591
16 55 51916 138
16 6 116559 97
16 2 37926 165
16 29 17447 262
16 73 128469 76
16 92 6299 65
16 60 20409 140
16 65 19649 339
16 88 48178 130
16 97 8089 90
16 69 32997 191
16 74 33912 310
16 10 8333 32
16 45 11736 665
16 8 86831 62
16 34 4112 86
16 20 48645 222
16 72 10890 435
16 81 7575 359
16 12 21779 45
16 40 53954 84
16 77 2513 38
16 63 14395 78
16 75 40640 43
16 79 15489 226
16 37 26186 92
16 36 38356 265
16 91 89725 140
16 57 8291 333
16 61 4189 53
16 53 13297 207
16 22 7716 657
16 15 4119 90
16 38 16020 367
16 67 149624 320
16 48 94402 1144
16 49 10236 309
16 26 16273 1726
16 94 39063 268
16 47 43939 44
16 44 22051 849
16 7 90169 89
16 86 59318 190
16 89 118871 27
16 39 60511 224
16 85 40497 97
16 5 8624 72
16 70 8968 273
16 33 104134 2371
16 41 144527 20
16 98 89066 43
16 3 7882 246
16 95 32909 119
16 96 6726 103
16 4 22082 158
16 43 25865 42
16 66 7194 300
16 35 1814 693
16 54 155092 226
16 51 101885 60
16 46 22426 10
16 27 7834 365
16 80 19169 611
47 7 7804 85
88 62 6644 28
90 37 14552 104
100 92 7941 44
43 23 75766 413
27 14 22781 171
98 91 1763 151
87 30 19603 1124
48 51 25920 227
49 64 18578 56
77 84 6916 70
47 43 8555 180
59 85 8880 127
83 82 52379 24
76 88 32076 236
22 30 1616 136
35 91 3545 50
78 29 63272 90
29 44 20583 80
96 71 27836 139
65 77 6140 270
48 19 22505 194
100 64 136292 400
97 37 56960 96
87 11 31302 139
14 63 96916 330
38 58 80546 92
6 72 28182 24
54 55 2761 117
6 3 2008 149
73 45 2600 961
1 98 33777 838
34 73 16446 51
19 76 8053 136
47 27 4275 357
33 83 7032 413
78 21 11297 23
75 1 4386 217
39 77 86173 612
29 39 39149 115
8 9 89702 58
29 1 34812 56
22 89 3898 259
48 66 26024 277
26 29 56201 175
70 74 4770 488
23 61 25844 101
52 46 55674 247
19 23 45798 267
50 81 20410 83
26 2 5923 129
54 2 15606 57
39 73 6676 96
21 93 20486 212
81 77 7646 177
90 61 15626 147
73 35 11468 59
10 32 7865 511
9 50 84548 529
45 81 19415 347
35 52 21189 68
77 100 26389 52
50 36 40937 923
37 85 33033 86
94 33 62133 45
17 59 10918 342
49 6 12260 126
91 16 36549 109
53 24 13820 68
84 36 3422 68
56 47 27375 74
37 45 10194 108
8 98 9224 62
84 98 7671 43
56 75 50794 215
78 16 2211 290
8 25 19998 74
32 2 11203 137
41 76 16558 480
83 48 12897 460
7 76 64352 278
99 7 41019 975
53 74 17289 394
95 9 35452 261
62 78 13819 114
37 76 11616 232
26 31 115669 45
67 27 66684 339
20 83 11514 58
44 93 17308 319
24 78 38177 276
93 21 8832 54
85 40 76865 191
55 63 39255 150
28 17 15223 144
18 24 73786 449
44 17 15070 73
24 58 36598 247
42 78 10429 46
24 5 61065 195
71 87 45796 115
71 17 33786 89
41 53 13842 103
74 39 30142 167
11 94 22555 264
88 22 64461 82
84 14 7585 64
11 75 41790 123
55 23 6696 37
41 40 3181 181
27 12 127470 674
92 42 31690 32
49 72 38923 305
94 45 18890 64
54 38 17381 309
68 58 14328 142
39 28 27733 447
39 7 28480 59
98 39 9380 242
73 98 21259 27
58 76 14420 17
1 33 14599 619
96 70 10500 180
62 60 40847 126
60 69 89815 451
66 16 40621 176
4 65 15753 79
79 9 20140 54
76 27 19986 167
58 42 37360 167
91 42 22821 215
100 43 77398 151
89 30 1554 517
42 18 22912 869
88 66 28716 467
26 94 3394 67
47 50 18382 74
89 97 21846 105
12 22 24197 83
2 84 5821 171
6 54 8490 681
100 1 34492 563
59 7 46300 208
53 91 36826 178
87 90 28213 60
57 33 35330 673
86 88 5739 90
8 75 14643 55
8 57 31743 55
80 10 86773 82
72 63 25328 35
55 27 6186 82
28 96 62887 242
28 34 13874 300
21 49 71191 276
46 87 22081 48
94 9 72916 542
91 99 169739 268
29 68 21940 171
38 84 8634 137
55 32 65710 62
27 26 5342 357
9 40 12732 207
25 86 64284 81
66 52 4277 299
74 7 15171 16
77 37 21992 147
66 22 61962 267
96 58 15196 249
14 64 36982 31
32 67 12281 83
90 93 14243 191
19 43 8243 167
9 67 2258 1265
12 55 27861 165
92 21 11001 112
22 80 42583 15
85 5 39974 80
11 99 30042 515
82 29 33660 47
95 35 5315 22
15 17 20700 60
92 64 13957 161
66 73 28177 130
88 77 44967 78
57 7 41051 131
100 34 10274 62
65 12 34335 271
73 6 23848 175
31 37 11087 145
51 91 5317 113
60 15 68975 125
92 22 4547 154
99 98 4491 173
48 52 111108 187
14 16 3508 79
15 78 4754 44
19 98 13481 204
42 20 52250 156
41 16 50425 308
16 2376
98 245

4759768
