100 299 1 1
51 15 20318 64
51 87 2747 56
51 23 67166 183
51 33 9898 186
51 27 42234 23
51 98 15061 224
51 66 13902 90
51 67 118998 120
51 59 17106 60
51 16 7640 8
51 8 41119 161
51 34 62499 188
51 30 43976 17
51 29 36546 325
51 83 104581 45
51 78 28949 227
51 71 10777 70
51 76 33436 137
51 57 14587 216
51 39 21044 113
51 70 107366 108
51 85 12630 69
51 92 70731 197
51 74 31356 109
51 43 42718 29
51 69 67587 45
51 1 76331 220
51 17 31409 31
51 90 15485 413
51 77 12270 272
51 42 44974 835
51 88 130884 167
51 58 12122 126
51 7 37947 170
51 72 27273 49
51 41 41434 246
51 25 32446 179
51 65 27015 247
51 55 9714 104
51 5 40171 155
51 48 33287 118
51 62 32048 75
51 19 3004 73
51 46 9698 49
51 20 130561 358
51 45 28509 126
51 24 142718 86
51 11 37347 271
51 4 103252 63
51 49 9082 176
51 100 34371 166
51 31 4810 147
51 28 81329 133
51 68 66474 145
51 89 5022 210
51 10 27854 36
51 21 46377 135
51 63 22849 323
51 91 43286 176
51 84 20820 139
51 26 32748 56
51 32 67191 195
51 2 3955 259
51 12 36844 112
51 35 21348 45
51 14 24057 418
51 60 23599 157
51 79 21322 715
51 6 28112 173
51 99 1994 99
51 95 102876 77
51 75 40746 130
51 53 20861 250
51 18 55160 201
51 36 37709 205
51 54 23438 93
51 94 111352 1336
51 64 24765 189
51 44 10815 271
51 9 6408 142
51 40 39024 781
51 47 23791 524
51 61 5982 377
51 3 38175 27
51 37 177182 126
51 93 15905 620
51 13 29669 62
51 82 23009 17
51 52 86083 21
51 81 7061 197
51 50 13370 104
51 96 1658 207
51 38 7520 395
51 97 4177 93
51 86 9248 64
51 80 20791 62
51 22 60388 25
51 56 29967 24
51 73 29098 81
17 38 26329 223
42 59 16507 553
46 70 54030 174
26 32 35829 123
24 95 87503 179
42 52 28712 105
72 39 9291 426
47 30 9753 44
35 49 22305 63
14 2 10857 81
71 47 10873 104
48 30 58402 24
89 7 18624 236
77 79 69108 25
60 2 1083 98
17 37 83807 328
25 39 19061 53
68 15 13091 102
83 50 72506 26
23 95 7021 98
47 55 13252 813
41 31 11627 14
3 100 6166 320
95 7 31498 537
43 53 5305 115
77 28 14022 169
20 95 13421 348
39 62 18633 87
3 7 3659 560
34 30 8723 183
86 34 28275 247
14 82 102105 111
47 73 162498 117
10 53 6874 84
74 19 42774 30
52 70 25999 45
17 78 7157 191
2 11 21445 267
23 16 59344 85
8 2 11340 30
81 70 28771 127
53 96 24878 727
98 44 24879 33
59 11 11846 113
5 4 37501 47
93 51 61756 435
79 51 6142 138
17 11 12424 163
24 13 13962 182
100 22 29835 352
95 55 13279 1880
23 6 61251 301
7 90 84890 99
53 27 39083 18
88 83 91150 65
43 10 14081 754
38 24 20101 508
74 56 24663 37
44 90 11444 170
58 71 7756 15
20 64 24260 257
14 89 10476 135
85 98 8626 214
89 34 11242 181
93 89 5278 1163
92 38 36879 246
75 3 14672 209
67 33 63978 74
88 40 12825 291
22 80 15695 85
5 31 143670 250
56 71 57108 342
27 20 25968 474
41 95 34467 59
54 37 18161 392
67 69 30272 10
62 27 2610 61
29 12 10743 96
100 11 27797 535
69 21 17129 139
46 67 28271 416
88 52 10368 205
34 40 46480 172
31 46 29681 128
82 76 11570 56
10 12 10815 75
54 76 23026 353
79 11 8411 156
62 26 5831 31
45 76 10507 117
81 33 78054 488
74 17 5087 158
80 43 13933 476
96 64 82504 244
15 86 40749 58
92 27 16929 85
74 15 28419 39
40 43 68891 65
6 39 15519 146
81 30 18999 71
94 38 58754 250
24 74 9220 1443
33 50 263112 155
80 41 22116 131
64 37 13073 237
54 67 10803 1160
71 90 192626 349
70 92 19761 70
48 7 32064 36
1 78 6324 349
60 84 63211 114
83 84 298948 229
57 72 41914 72
47 24 40522 28
30 97 203225 211
62 3 2274 69
21 22 10647 447
46 6 26288 188
24 53 22422 411
48 59 23520 1094
7 11 19374 172
98 24 13256 170
15 91 75771 82
80 15 38900 20
68 75 4840 115
69 53 2237 34
26 100 82164 142
58 11 3030 51
39 19 15133 268
7 21 6679 202
45 33 291669 647
66 73 29082 91
14 55 90269 740
4 13 2218 25
68 61 30701 627
29 55 8369 247
57 41 34748 471
80 40 7653 440
80 58 51670 108
37 46 37948 150
68 35 23976 72
99 31 35888 179
31 60 29296 428
84 7 58023 436
72 10 48680 120
18 36 24137 171
93 61 18467 38
3 13 5473 204
76 94 81942 418
58 96 7967 771
74 88 37176 60
34 41 7412 246
99 41 14005 80
56 82 15703 520
6 45 26750 633
84 6 29237 18
54 75 145287 50
72 30 42696 5
2 60 11976 119
45 51 6190 135
39 95 57477 43
45 43 22251 37
95 8 61757 297
50 16 11315 16
99 95 47888 153
25 73 11191 602
83 67 54398 481
42 27 16655 492
14 86 4102 40
96 45 19970 231
33 37 62607 322
74 86 8871 167
54 9 88164 762
72 60 81881 212
11 28 102192 39
95 48 13411 21
69 77 24896 72
94 84 6158 119
92 87 24013 63
45 21 123112 1157
5 30 38386 971
76 63 12153 47
55 73 27356 342
56 55 13951 151
35 55 28399 1426
41 73 28801 267
7 28 46547 332
64 76 18149 254
29 11 13864 418
25 44 90415 386
63 36 24174 86
96 6 14431 291
11 24 16865 130
94 61 10422 41
59 41 21799 52
36 86 17442 18
29 71 9169 338
20 35 6524 24
2 61 3466 496
26 15 27831 63
51 1386
11 1064

35711688
