100 299 1 1
74 82 12510 62
74 64 119927 66
74 70 21041 250
74 38 4192 717
74 83 82685 382
74 30 52213 170
74 54 97320 607
74 80 4797 200
74 39 11538 237
74 8 8859 298
74 100 20474 274
74 44 13308 193
74 76 124334 94
74 53 28275 33
74 9 11054 227
74 21 26205 478
74 48 66563 143
74 94 3694 151
74 10 14152 89
74 46 19811 280
74 47 63183 93
74 22 177013 94
74 69 17283 219
74 81 54644 202
74 16 171963 56
74 29 39926 928
74 68 5513 131
74 32 8904 164
74 49 11777 214
74 36 42356 85
74 89 123218 156
74 95 167986 101
74 99 8124 96
74 87 89621 10
74 19 18364 339
74 20 101118 30
74 84 13153 301
74 26 11942 317
74 65 18718 215
74 93 10363 177
74 97 7812 100
74 27 266722 3821
74 2 36394 140
74 35 13504 71
74 13 7625 628
74 28 119468 39
74 52 20668 84
74 11 8271 122
74 43 6417 1095
74 86 20404 44
74 25 6052 784
74 72 40538 89
74 66 57889 256
74 34 26783 74
74 62 32776 132
74 4 11474 73
74 85 53587 153
74 1 21959 41
74 23 105006 758
74 15 51672 349
74 6 43787 390
74 91 37967 342
74 14 6472 298
74 75 15835 577
74 60 28653 191
74 37 20450 176
74 96 40649 113
74 12 44767 205
74 78 10022 459
74 18 7878 12
74 98 19877 62
74 77 18536 22
74 73 15849 418
74 71 9911 331
74 45 89684 73
74 56 160842 75
74 5 8582 37
74 90 23359 699
74 50 24697 278
74 7 12103 38
74 24 31516 63
74 40 8281 868
74 17 26370 209
74 33 21649 352
74 59 22169 89
74 51 85124 233
74 55 6131 428
74 31 50530 128
74 79 18071 38
74 57 52056 38
74 61 29874 277
74 63 43703 422
74 88 13441 192
74 41 40016 216
74 42 12767 59
74 58 179322 136
74 3 15347 234
74 67 2056 169
74 92 13877 90
27 52 27552 388
40 32 70176 73
84 13 48696 123
86 32 15316 160
54 16 82231 120
13 10 37145 108
49 83 69520 252
65 80 18226 785
30 10 17438 825
47 13 5775 105
5 98 37236 44
13 23 52364 227
7 9 1658 161
94 66 3681 101
18 74 61704 176
23 32 6669 353
69 82 42255 259
35 3 24424 85
81 67 41341 30
23 68 28550 481
25 54 12432 12
50 66 9888 127
48 90 25684 40
27 6 29297 37
44 69 96053 62
44 89 144820 349
21 59 35475 131
7 44 26329 309
32 77 9578 712
64 34 19640 196
40 72 22255 142
62 43 33711 901
63 54 20374 185
46 68 185277 29
81 42 24471 291
34 33 75875 985
22 50 13985 416
24 86 60728 96
67 38 89781 197
24 40 40982 64
71 56 36670 160
23 8 78393 136
51 86 5637 61
85 50 6462 189
32 63 58543 201
56 35 19359 99
47 76 10242 364
2 95 15761 332
48 37 62434 60
11 8 20845 575
35 78 14090 56
91 1 26774 165
98 60 92641 175
27 91 26009 338
78 28 28337 280
79 82 6486 913
56 79 33847 120
80 47 23909 173
12 49 5305 285
42 1 31231 75
10 87 13473 37
90 33 37999 647
23 91 23539 230
19 83 40382 43
82 45 26777 61
80 95 33688 99
68 10 8870 269
77 27 3594 79
72 4 7403 300
83 81 17604 109
33 86 13856 935
24 55 4299 166
48 65 12737 338
16 85 3855 599
29 58 15008 382
95 72 34596 43
93 8 24867 618
61 51 73454 18
6 91 8003 33
27 74 43816 354
99 65 11089 155
12 72 10259 12
16 19 13821 38
75 70 112906 185
4 62 10220 189
20 2 13567 170
57 15 209753 105
98 46 22103 723
62 4 35358 44
91 48 9804 43
20 56 9503 428
66 46 65413 42
75 36 26413 167
83 90 10877 912
43 88 5022 153
47 53 29301 431
68 13 4282 138
4 36 7399 32
81 21 38058 45
31 58 79669 15
52 97 3971 30
56 22 22433 95
45 64 24834 119
67 22 12382 25
24 4 43993 235
84 62 51443 487
96 6 38586 658
48 79 38362 507
97 90 13060 60
94 52 40589 376
39 95 6310 653
76 80 49276 152
69 31 8187 123
73 41 3769 124
78 59 39922 1040
76 82 22321 8
34 50 33068 136
81 16 52188 198
18 25 15513 68
28 67 22136 169
85 67 9289 678
12 17 11625 713
19 50 36357 18
53 89 10603 184
71 70 105338 14
68 56 46510 102
47 97 15200 331
82 83 22346 94
76 9 37947 185
25 85 82510 167
48 43 44924 89
59 46 4318 208
15 16 11737 436
81 80 52360 39
97 93 65272 79
47 63 3675 543
99 36 59906 952
60 30 36161 450
93 51 80549 752
36 44 14415 50
93 17 19431 94
66 23 14303 225
93 90 9384 196
40 67 37735 166
26 87 8665 276
13 49 15972 31
25 38 26355 170
40 10 2256 104
56 95 45387 153
98 34 7921 644
77 34 8460 663
97 11 9136 84
14 40 3857 30
85 41 8787 184
55 66 6764 500
90 68 48090 74
56 37 29592 256
25 58 20431 157
94 38 17436 544
24 27 11156 162
68 4 6696 26
69 78 54087 37
17 68 86130 283
88 83 33219 270
75 52 4998 290
15 82 8553 20
42 3 20359 177
53 54 94389 239
86 95 5489 63
25 74 40958 666
82 97 135507 213
18 28 5107 232
43 95 19197 203
44 73 60772 173
17 80 16175 135
35 91 11810 200
81 8 13658 279
78 17 51281 287
14 67 53690 59
44 74 47146 104
5 93 7659 66
2 99 64634 102
15 39 14304 91
16 60 41648 80
45 95 55516 228
98 63 9204 71
76 94 13899 34
76 64 7850 243
43 19 41805 95
24 80 701050 42
8 32 3069 60
24 63 70091 446
99 16 4011 179
97 75 18319 66
67 14 6381 365
77 56 14619 21
70 15 13696 653
18 26 26580 68
21 78 5793 181
15 53 20313 74
74 1881
95 294

5689974
