100 299 1 1
97 54 42934 172
97 31 18651 544
97 20 96675 185
97 12 37002 108
97 71 29242 106
97 10 25952 196
97 32 61328 80
97 19 19852 235
97 25 12169 210
97 96 11020 46
97 15 10846 366
97 63 191636 148
97 74 19571 172
97 69 17042 377
97 47 70994 36
97 44 39242 28
97 2 12822 151
97 3 8708 568
97 40 41623 246
97 66 14653 20
97 81 22845 54
97 27 35268 123
97 30 22145 167
97 100 80180 439
97 21 32475 37
97 79 18570 40
97 57 11522 849
97 39 34115 138
97 60 17402 230
97 90 23718 154
97 9 24730 163
97 22 3107 301
97 43 14469 92
97 62 27102 56
97 58 18190 114
97 33 76389 73
97 64 8663 419
97 16 8004 282
97 49 25865 103
97 70 11889 110
97 72 14600 40
97 51 9021 68
97 41 11393 758
97 76 78393 98
97 68 13991 221
97 87 6152 51
97 84 10856 106
97 89 16764 359
97 48 23518 567
97 93 15573 539
97 94 30072 808
97 34 88556 14
97 91 22065 218
97 5 17708 153
97 61 17919 343
97 88 5328 381
97 92 25070 212
97 11 12481 34
97 13 14166 221
97 53 10728 547
97 45 18874 349
97 83 7501 98
97 80 2118 39
97 7 72296 77
97 65 7567 57
97 14 14163 34
97 67 20738 461
97 78 2352 153
97 42 32286 68
97 38 101273 118
97 6 19033 1857
97 56 70966 63
97 29 7948 371
97 95 45881 134
97 55 13106 285
97 46 70754 76
97 4 26230 116
97 82 15195 162
97 1 37164 1014
97 37 87091 118
97 36 12931 1019
97 75 28732 239
97 50 6246 94
97 59 32024 60
97 24 160485 2159
97 17 4635 89
97 26 29460 349
97 18 6451 133
97 99 33132 131
97 98 199605 264
97 8 134735 2127
97 35 6019 258
97 86 4282 626
97 28 10094 516
97 85 122897 175
97 77 43341 36
97 73 86432 100
97 52 16881 19
97 23 21797 51
87 75 15671 650
75 41 21230 140
48 2 7343 389
47 56 10287 222
16 48 19274 75
41 47 13013 182
71 81 18933 618
45 33 11098 21
70 69 14421 446
59 38 19197 128
79 80 15246 143
95 18 11945 63
39 46 8507 11
18 63 9515 29
23 92 34789 262
36 7 71545 216
33 44 16350 346
56 40 274800 101
17 79 54307 64
35 77 10673 242
60 7 18470 101
74 4 51505 59
81 71 27289 544
91 84 33958 79
5 4 6346 1180
50 41 41480 214
92 15 44469 44
44 23 222514 291
58 81 3278 234
96 57 33268 278
13 31 7757 447
98 9 12376 92
27 98 56687 148
17 10 7282 90
14 49 99692 91
31 43 80263 49
53 99 1519 215
11 75 46346 104
72 40 8738 264
98 82 91141 732
63 24 35505 611
33 82 69291 19
34 93 5173 62
42 90 28607 480
33 100 31632 72
69 78 20842 186
84 8 114330 382
14 24 33735 167
10 13 61569 43
47 75 154366 200
61 30 24035 247
9 29 5536 39
48 24 21986 238
12 10 30089 161
57 86 69943 15
22 95 117416 82
36 10 34830 264
32 6 12432 1163
59 11 7184 137
79 56 26608 44
42 94 8496 109
91 14 19916 92
87 15 50584 29
30 90 5315 60
46 16 5564 95
61 72 36127 182
77 59 40424 79
95 52 11762 228
44 87 32020 127
64 53 6265 199
23 32 10095 830
50 29 14710 199
40 1 21602 135
21 66 10647 142
39 62 235630 179
14 93 115717 22
69 12 13299 976
46 49 66490 78
66 69 91546 129
14 1 28769 25
39 56 29274 103
20 14 19450 12
71 62 44090 88
10 46 17513 17
95 38 35245 419
54 11 6638 209
6 49 9103 544
28 86 17738 58
8 68 7560 98
58 80 68279 298
30 65 19944 577
31 61 16462 80
87 35 19273 316
1 53 6488 813
78 62 5872 121
1 12 53109 97
60 2 42293 85
45 40 23328 54
2 90 20859 170
45 71 52328 294
48 27 24771 27
11 18 7063 208
36 55 47095 144
52 82 4855 661
53 5 14240 191
90 52 25352 42
27 1 17165 196
11 56 22496 98
42 11 16371 104
47 58 40843 29
61 44 4542 197
10 71 38394 327
71 91 14722 88
24 72 15648 99
100 41 3531 127
22 26 132785 75
31 22 12411 383
51 40 50563 252
21 50 11292 56
53 19 18303 196
11 36 31002 272
30 76 55314 138
14 42 7391 29
84 47 26649 59
94 3 56372 198
37 2 5515 52
80 40 130256 159
76 28 113424 152
79 62 22313 616
8 12 21389 14
69 46 348475 44
27 99 18469 31
47 64 19759 227
43 6 518775 292
89 98 8692 230
86 4 2070 285
19 57 24808 114
49 85 21912 40
94 29 62645 724
10 67 27787 227
2 3 18930 237
93 78 13896 136
67 6 22150 71
69 59 16718 124
16 5 52832 1111
25 17 125246 59
27 77 29100 164
5 61 23865 189
13 67 55176 144
25 43 18640 466
36 95 43372 111
99 34 8253 189
51 65 4676 120
71 10 36248 70
90 59 102685 1408
44 26 20843 96
21 64 262824 569
32 29 44649 145
29 41 31069 133
87 66 78288 337
37 40 4789 81
75 72 53734 75
2 84 51184 62
72 54 25769 72
95 24 14189 209
6 41 22166 74
94 59 12848 539
33 53 76148 85
46 69 12466 150
1 15 11946 45
60 8 95606 231
27 26 82071 131
1 56 16300 192
19 89 17240 71
13 27 7388 174
51 87 15351 33
41 4 36161 19
51 53 17455 189
55 33 30325 222
30 50 13376 32
67 50 6168 6
83 96 23771 92
87 34 75989 82
71 31 4304 129
68 81 10666 605
99 73 20855 322
63 17 9612 112
36 85 13935 1891
30 10 5666 1025
26 95 2985 77
47 40 21985 313
7 77 29822 52
45 93 158996 189
37 58 1900 192
43 37 40789 286
47 42 46920 113
8 60 74293 93
80 47 17617 312
54 41 57103 114
84 25 7024 58
97 297
40 117

4138491
