100 299 1 1
25 6 7704 244
25 76 11077 63
25 82 276656 690
25 10 31878 142
25 35 150962 48
25 64 11275 80
25 57 235399 83
25 72 4148 61
25 95 5423 164
25 43 59243 274
25 79 30371 71
25 41 63464 36
25 46 37123 82
25 42 7917 90
25 38 35507 27
25 29 14191 151
25 83 5868 418
25 62 31863 98
25 80 30916 126
25 50 53483 43
25 14 21171 99
25 51 11634 129
25 13 33698 111
25 87 37121 67
25 12 40564 196
25 71 1868 515
25 37 4825 48
25 44 8933 58
25 20 28005 147
25 24 10375 96
25 47 16964 225
25 93 18244 101
25 5 120818 963
25 21 16760 334
25 96 5227 440
25 70 71482 11
25 75 12552 43
25 4 5848 60
25 89 10005 289
25 58 39506 34
25 63 104191 505
25 45 24333 198
25 88 25278 272
25 40 12025 284
25 99 32359 919
25 34 87104 25
25 27 43250 253
25 55 6016 173
25 11 21249 137
25 81 24984 18
25 49 77204 128
25 36 80801 485
25 65 18368 61
25 84 104001 180
25 3 4513 163
25 54 18716 824
25 7 9337 945
25 77 46863 202
25 69 34178 60
25 66 16056 102
25 15 6574 463
25 86 40413 141
25 61 109999 99
25 28 3531 511
25 92 11696 81
25 97 22892 254
25 19 29095 164
25 91 12328 39
25 73 21186 150
25 18 17675 62
25 78 11862 510
25 32 29297 1179
25 94 66692 170
25 68 12952 57
25 2 2631 230
25 48 112653 109
25 31 320491 275
25 23 64264 307
25 60 25063 272
25 22 10468 121
25 16 5975 297
25 8 18182 92
25 17 101413 74
25 85 11054 36
25 52 21667 203
25 33 8645 147
25 53 4912 798
25 56 22208 53
25 1 3189 531
25 39 7793 435
25 9 8120 331
25 59 14537 412
25 30 81073 101
25 90 21648 74
25 98 44803 213
25 74 9816 186
25 67 9881 883
25 26 49333 444
25 100 18807 62
47 90 18604 68
44 71 77597 86
63 7 32425 75
15 10 81471 127
64 95 55719 295
57 34 14337 164
27 11 4827 224
35 85 130720 279
86 44 23419 155
91 9 10246 17
97 80 28622 83
33 92 111407 166
52 2 5188 64
97 71 15971 46
26 16 42004 318
2 19 17549 111
92 82 17747 94
78 23 51631 18
28 89 12112 374
37 35 13473 108
34 63 92434 257
74 14 19070 12
34 70 131338 143
61 96 242816 125
28 25 16645 678
49 9 285018 466
57 61 52360 66
61 11 65549 406
42 36 8577 53
44 21 6737 414
18 17 20863 80
86 61 72737 44
59 21 10726 222
47 48 32376 80
99 44 22433 415
51 22 25104 252
17 68 20801 1068
3 45 7060 181
34 22 16235 76
60 53 12923 120
36 44 34710 32
69 34 115120 100
76 44 25199 66
5 97 16842 552
7 50 52884 63
6 36 53634 630
1 82 133857 198
50 1 1105 90
65 85 257809 220
79 94 303472 300
73 24 22454 578
58 24 18879 125
90 58 125530 277
56 1 58975 41
22 95 29821 24
67 48 62188 298
71 67 52098 511
81 35 42533 120
14 22 73951 12
97 47 32974 432
87 14 22968 95
85 90 40761 126
13 29 8879 218
99 87 16530 119
78 25 32175 243
2 72 13936 166
39 92 11846 180
88 22 30455 348
19 99 6733 92
22 27 26371 174
86 15 49162 361
82 67 65245 1301
88 79 57450 259
30 5 76512 14
73 10 97599 245
63 92 2441 183
64 57 35597 170
26 41 40971 90
53 79 29596 107
39 55 35991 87
64 51 45828 145
56 25 14649 98
70 5 13217 120
53 77 30269 190
78 46 11391 89
40 93 35236 52
93 40 19037 508
71 65 10120 31
31 40 3713 295
58 49 16006 232
45 22 14409 150
14 15 35900 402
41 24 45516 198
59 22 12706 488
50 37 10450 740
23 65 18847 54
78 61 16764 163
58 56 29984 221
35 52 16194 197
18 34 125854 162
7 90 3320 134
90 23 48757 128
20 42 22872 76
95 97 40282 366
14 86 19791 155
55 18 49883 120
78 66 18342 1417
99 34 79360 141
57 27 29420 171
84 19 29400 141
95 70 16550 466
61 41 13424 192
54 72 6848 190
1 54 150099 91
65 74 25542 175
99 95 41016 114
87 16 78889 76
47 53 81041 19
59 18 12047 537
3 6 8009 575
57 17 29080 139
71 16 15347 275
29 56 4170 287
29 100 75478 55
58 10 26021 152
47 35 11164 308
42 96 21206 58
85 81 40597 665
58 19 55203 189
14 76 39358 1639
89 80 70277 23
76 27 15156 170
73 47 24646 68
66 27 124812 476
31 69 10530 47
12 7 43966 50
60 24 72043 154
11 31 41233 63
74 60 28518 532
45 37 2948 408
95 45 15294 84
16 43 64544 80
17 18 35882 224
32 24 97141 202
70 8 10257 526
8 21 47738 133
100 11 11940 276
50 80 14308 83
24 33 49981 263
46 88 14818 597
1 85 8267 151
56 97 11228 196
92 37 42217 344
68 61 3535 120
94 3 26273 117
52 47 4078 86
56 57 7157 203
28 40 35291 111
16 90 1816 212
65 73 56827 236
63 88 30908 389
12 85 20537 162
40 37 5465 602
56 13 14463 148
57 4 39082 120
5 57 28810 325
40 80 196974 123
64 19 70026 272
26 64 14051 268
26 42 9520 37
68 63 31526 53
66 82 1549 396
90 7 11733 183
83 48 30100 17
64 24 51411 260
93 9 81029 52
44 41 66276 257
35 5 7242 72
40 65 12006 45
12 24 24084 777
16 68 87623 388
54 94 9994 30
6 48 19471 146
31 53 43301 83
71 88 14118 319
40 78 27551 42
44 34 4056 121
70 42 31558 449
54 7 18759 216
47 26 15466 614
68 51 5232 216
100 89 32546 152
40 97 5755 436
83 10 51510 1222
68 97 10653 77
5 82 24580 57
100 72 57301 924
76 35 11377 676
2 50 10350 65
32 1 5478 266
25 3168
24 1026

70206523
