100 299 1 1
31 44 64527 421
31 85 46999 47
31 91 3922 397
31 4 18169 231
31 77 95008 179
31 59 17362 176
31 100 76807 83
31 78 12071 50
31 51 19483 332
31 83 27607 219
31 32 6868 123
31 38 12354 1133
31 60 40962 305
31 75 88734 39
31 76 39242 866
31 33 23331 282
31 84 24891 800
31 64 54157 63
31 48 93603 90
31 11 49056 88
31 41 14730 217
31 99 23118 301
31 13 160389 67
31 27 4059 243
31 2 21513 270
31 70 24366 47
31 56 7833 110
31 97 48725 372
31 69 6137 96
31 18 84142 67
31 30 52502 401
31 3 15690 391
31 55 27134 200
31 93 3869 438
31 37 42649 64
31 1 23858 619
31 34 46201 767
31 88 5488 41
31 67 12392 138
31 19 62834 144
31 47 6103 88
31 62 6261 526
31 29 52743 175
31 87 16455 138
31 35 10935 82
31 42 167103 68
31 6 31593 35
31 72 39704 88
31 71 18057 124
31 54 2875 105
31 86 17494 54
31 15 40101 188
31 36 9317 85
31 81 6139 333
31 50 19160 221
31 40 92422 169
31 92 161570 725
31 57 18107 248
31 28 17663 158
31 65 9899 77
31 58 82425 234
31 43 14242 69
31 45 13539 21
31 68 24728 272
31 52 43575 130
31 26 12877 37
31 39 29074 745
31 10 39275 563
31 89 18478 214
31 46 45362 111
31 80 4483 241
31 23 23353 56
31 12 89413 145
31 16 19256 45
31 53 144419 132
31 61 10619 43
31 98 6038 69
31 79 16334 59
31 9 18585 15
31 24 30855 220
31 73 26726 167
31 20 48270 88
31 5 11170 97
31 94 40448 200
31 95 10024 460
31 82 11002 41
31 63 101782 134
31 25 115637 983
31 21 17295 86
31 22 10582 341
31 7 32915 278
31 90 47511 171
31 8 20601 159
31 66 54772 24
31 96 29112 56
31 17 29208 213
31 14 20809 450
31 74 114946 981
31 49 42291 158
28 87 2752 481
95 33 23807 56
90 69 6454 28
22 11 6244 277
76 17 86740 676
78 3 14404 116
3 27 11144 370
53 73 21050 189
2 22 16342 50
77 34 16458 147
35 76 39686 119
46 35 66627 122
58 66 89145 43
14 42 54253 716
25 79 10274 337
4 63 25925 284
99 95 11572 148
23 46 124144 373
25 91 9305 326
25 9 36876 83
63 78 11123 42
42 25 84796 139
96 68 43747 50
40 24 281444 62
17 8 39005 151
54 61 88090 281
85 78 13046 42
54 15 12480 95
99 8 52314 152
60 11 4709 423
69 27 16998 48
21 64 6444 349
62 81 30132 158
62 84 15262 31
52 83 33538 328
4 73 22303 687
19 91 9240 125
86 62 14279 129
42 21 10177 67
91 93 31367 420
28 85 106079 41
11 47 73721 72
36 97 4456 97
30 25 32097 82
55 49 25699 177
1 84 9195 59
47 95 46002 326
15 64 24880 261
9 84 94962 33
24 99 20625 71
74 37 13382 125
1 42 18122 241
11 22 2072 257
17 57 454416 312
61 45 33888 179
10 90 70834 307
98 78 20888 234
7 50 36830 75
44 25 27104 404
32 75 82860 91
1 79 37264 42
82 28 74223 68
63 62 27503 249
46 69 6579 155
17 54 105147 57
57 1 35336 34
69 73 3735 106
36 90 34272 90
69 70 51322 1040
99 18 71240 308
22 89 10035 229
25 20 11525 77
66 39 28083 85
91 32 20817 39
100 82 42551 22
93 16 32944 197
23 93 1879 107
67 99 159178 234
87 91 17072 1240
66 62 34148 132
26 39 1669 81
38 89 149939 161
24 66 32670 62
1 41 13325 333
1 33 248646 410
35 33 74235 35
9 56 19714 973
69 66 23757 69
48 64 42189 290
84 83 44151 1052
78 9 28681 31
67 24 11681 300
55 76 34247 162
29 50 77577 49
20 95 12042 935
90 30 175824 188
52 96 80989 20
53 50 46263 58
61 16 33556 41
93 6 43272 134
100 9 96085 732
15 90 37190 760
21 50 38132 153
69 17 74294 770
81 87 27609 87
98 72 1232 27
96 99 126215 167
83 97 7107 255
24 42 9375 114
36 31 143155 65
97 77 54510 41
44 48 18559 149
97 73 9797 194
80 79 90407 422
69 87 20996 306
70 64 21780 38
75 67 52504 248
78 63 11266 103
56 99 27640 142
28 94 43276 333
99 100 38755 75
50 5 90106 158
46 51 48996 269
71 100 26127 226
1 88 5712 326
45 48 15665 74
4 94 10956 139
99 11 80388 135
51 82 22711 56
1 20 33573 395
90 18 184524 45
81 83 27017 650
14 19 21325 591
66 79 5157 181
52 89 13695 194
5 52 20262 431
43 40 20135 55
17 25 26311 509
75 17 29528 203
34 18 32739 80
94 78 51655 169
43 80 35134 102
44 4 4568 58
36 35 10636 408
3 69 25285 534
5 9 77644 1299
81 70 186248 205
13 27 4232 163
58 17 7868 35
89 53 9793 121
41 73 11324 192
15 7 63620 50
96 92 11612 151
14 26 13203 246
64 63 23867 136
2 97 18143 304
6 20 18876 46
22 3 36408 72
45 31 36685 107
66 26 6158 243
84 47 14611 422
33 67 17436 352
55 38 47583 77
78 27 788 39
91 22 8171 288
93 23 42316 188
75 60 76385 338
94 26 14629 193
73 59 129704 88
49 35 3366 268
21 87 15038 101
4 87 29333 563
97 61 249336 663
93 72 3272 72
96 66 7528 48
2 4 13950 171
83 30 21624 53
68 95 12254 246
8 87 60440 136
6 72 18692 255
93 36 21913 412
11 58 6153 98
49 32 43420 191
82 4 5974 467
53 44 14383 75
23 86 13895 170
51 2 13690 87
99 73 11020 456
95 65 11181 254
56 61 25561 434
23 75 32658 79
54 46 49083 209
53 100 89901 65
25 7 9993 351
64 41 18941 23
1 10 6068 675
73 30 6099 255
30 72 5378 51
72 70 16300 27
91 14 16530 535
31 594
87 586

14790331
