100 299 1 1
6 85 40632 557
6 44 12965 65
6 1 6495 36
6 4 34475 14
6 37 22228 240
6 32 8145 738
6 26 55690 87
6 23 19948 235
6 39 9625 57
6 54 28538 71
6 61 8881 108
6 100 26612 161
6 76 7061 98
6 79 34263 161
6 15 28565 334
6 40 8442 61
6 14 24929 441
6 69 15387 383
6 41 19543 21
6 56 19597 864
6 87 13761 61
6 35 21182 34
6 72 1720 176
6 75 28766 161
6 51 15358 195
6 83 6312 149
6 12 15740 85
6 47 12881 516
6 11 14637 334
6 82 214390 136
6 55 10559 32
6 64 9047 161
6 43 18786 126
6 68 12019 142
6 33 55561 98
6 81 74771 130
6 46 25710 32
6 31 42937 67
6 34 28297 145
6 65 23631 122
6 2 15637 37
6 93 35153 253
6 88 17349 86
6 73 80368 173
6 99 208627 275
6 89 2657 92
6 49 11505 119
6 62 107124 90
6 70 27753 252
6 52 43976 231
6 59 8041 76
6 66 10719 61
6 77 13161 939
6 86 7432 24
6 38 8388 144
6 3 18129 68
6 8 38652 87
6 13 7131 1511
6 96 26800 261
6 60 21957 608
6 90 16387 133
6 80 12019 125
6 27 12779 374
6 30 66842 138
6 21 6259 216
6 84 35805 104
6 17 46291 139
6 45 119638 92
6 7 11064 422
6 19 2638 410
6 42 15519 104
6 71 10773 23
6 94 4156 110
6 24 7955 147
6 53 7269 204
6 36 5680 151
6 78 109707 33
6 97 52045 84
6 58 7367 26
6 10 20028 407
6 92 11740 138
6 57 7956 282
6 74 10279 50
6 25 35221 163
6 18 34151 74
6 63 17689 717
6 91 26056 159
6 5 54070 520
6 20 42919 65
6 48 11083 126
6 16 2474 107
6 67 35445 206
6 28 50493 60
6 50 27091 94
6 29 62921 212
6 95 17313 79
6 9 56742 19
6 22 14433 229
6 98 27480 137
20 17 13623 55
72 9 32522 57
93 35 112446 98
59 70 6785 63
79 23 29373 137
49 37 72776 342
11 86 13676 530
82 54 42688 211
31 20 55237 206
46 31 14488 178
93 50 10411 69
33 7 18190 127
79 82 89932 98
55 49 15623 38
83 48 27655 222
21 11 48116 182
51 6 49004 200
39 59 41880 101
3 51 8893 76
31 7 23358 79
97 41 7193 259
17 9 42099 109
51 83 10607 136
46 35 64764 75
59 13 5147 127
29 37 127046 382
32 73 47041 201
34 59 26361 69
42 77 12763 239
50 67 44351 95
88 47 37884 352
37 39 11160 30
75 74 7029 20
49 78 7191 56
81 22 28774 83
41 17 36611 132
80 45 7834 124
54 72 3258 365
33 21 106760 643
22 19 13578 290
53 56 173326 1163
50 96 61728 385
19 14 32601 549
88 55 50156 34
17 67 99368 73
85 43 19775 72
9 70 17270 15
18 31 25770 33
53 16 29144 29
71 33 18313 21
55 8 8899 107
26 33 5369 174
3 63 59897 22
8 85 34528 206
62 40 16219 852
14 46 29309 30
65 70 10427 295
19 31 29238 285
72 65 36490 554
37 17 40561 129
44 95 23392 601
53 29 6909 104
61 88 47821 70
89 49 170325 284
58 22 20527 49
61 21 5187 345
73 10 14376 103
15 99 10113 94
16 92 126028 57
5 56 7708 299
100 32 34320 56
28 30 23370 525
48 61 4007 57
78 64 20803 29
92 4 5357 51
1 72 42805 329
69 88 6876 158
23 4 4999 128
44 10 6966 336
78 39 53729 109
96 89 70494 44
5 26 7311 886
79 72 79982 644
51 73 33816 32
33 9 34884 202
65 51 19928 444
67 2 5615 47
83 14 22183 20
94 74 29266 111
7 71 13074 143
43 16 22697 286
35 98 12301 413
70 32 132249 383
40 21 3415 157
61 26 20795 97
7 6 22250 115
23 85 119257 241
19 39 19691 89
32 78 12533 29
69 40 39595 50
74 90 19584 111
42 39 50039 25
9 92 33993 51
40 13 13422 179
10 48 14286 97
66 67 49575 222
20 72 76137 150
97 86 31071 87
15 20 20860 103
96 80 20481 257
79 22 35816 203
31 10 40634 40
1 94 33480 281
49 90 5192 102
20 53 29362 101
53 59 12901 73
51 74 34571 509
36 56 20657 128
64 43 32857 250
3 1 15324 116
96 22 55807 8
1 98 10366 54
7 81 23657 41
30 50 32959 618
76 28 4355 489
15 28 27930 111
20 84 14922 159
85 63 74366 368
93 9 50619 172
86 3 18072 360
62 12 15127 129
66 31 45548 89
44 29 12443 184
41 79 4164 421
77 89 13332 40
35 18 6892 35
16 41 20639 1226
76 32 13747 43
46 39 17112 155
89 15 23199 114
60 15 37736 98
12 65 104781 130
73 9 51664 350
95 61 14305 349
41 77 24983 366
95 91 145061 134
47 19 16654 53
47 8 25316 269
33 26 9946 156
67 52 79811 28
97 8 64698 121
98 5 17946 88
10 93 15602 103
56 66 40142 76
65 89 18072 156
36 90 18640 234
58 81 214414 126
29 56 47210 114
43 52 20056 208
95 90 69853 105
7 10 6082 603
86 74 6468 332
83 2 3337 72
21 42 7778 50
1 100 35543 127
49 27 6576 33
62 32 41139 223
24 17 26385 105
78 28 5805 32
74 75 29739 37
26 48 22658 538
14 82 157739 94
83 51 12672 388
94 48 71710 84
54 80 17361 135
18 34 13260 103
77 63 12433 346
70 35 9769 159
21 90 43477 318
72 90 8830 250
79 21 16710 537
14 11 26335 385
85 13 4911 68
9 1 29288 254
61 62 57095 207
100 16 43611 106
62 67 10653 193
13 89 52659 253
55 85 18579 162
24 62 4857 648
46 27 35928 419
7 36 6500 41
46 43 31206 111
84 45 56327 84
15 31 4577 93
41 27 16723 167
83 100 36955 197
86 61 8410 168
10 100 84837 88
21 58 36205 106
6 297
90 76

801800
