100 299 1 1
43 56 32867 82
43 18 29276 66
43 2 90256 108
43 23 234832 105
43 38 10215 182
43 60 78976 602
43 72 6457 98
43 95 16511 209
43 3 3631 354
43 22 28430 88
43 84 19355 913
43 46 13718 278
43 37 26709 134
43 14 173881 52
43 32 73255 85
43 6 30890 73
43 29 74857 117
43 75 23690 16
43 1 26383 228
43 36 66361 21
43 58 5981 18
43 85 72845 1201
43 93 20982 246
43 8 44688 197
43 47 13318 273
43 73 35489 217
43 5 4576 133
43 74 8665 97
43 76 61320 19
43 92 236980 92
43 44 30910 250
43 34 16608 47
43 61 22185 253
43 63 15629 439
43 30 11005 204
43 66 40689 209
43 70 48298 209
43 69 115116 76
43 57 22747 61
43 41 16337 88
43 97 17848 217
43 55 6638 705
43 45 46094 516
43 98 22067 62
43 90 13968 69
43 26 15508 576
43 19 30426 259
43 7 33673 209
43 80 3517 1227
43 12 14405 65
43 24 108107 60
43 15 61688 84
43 13 6315 117
43 28 66502 122
43 96 13548 20
43 16 101400 216
43 82 29992 443
43 25 15969 404
43 83 45707 1213
43 88 48073 147
43 54 42873 544
43 49 29878 79
43 78 22201 488
43 67 6380 177
43 59 7175 17
43 64 23667 314
43 53 50935 39
43 62 62893 509
43 35 18902 594
43 65 45990 17
43 21 28621 48
43 20 169816 28
43 48 23790 81
43 89 60044 191
43 77 23563 1020
43 99 15993 95
43 94 4831 210
43 100 48832 195
43 33 11480 105
43 42 16615 690
43 52 19016 21
43 71 14640 1332
43 4 11406 580
43 68 77398 92
43 17 33576 55
43 79 9058 53
43 10 31252 31
43 11 21186 52
43 31 253246 603
43 39 46525 37
43 50 49798 189
43 81 85275 165
43 40 6662 80
43 9 17607 236
43 27 2199 622
43 86 6826 319
43 87 18044 159
43 91 23743 47
43 51 3847 123
50 77 88131 115
78 79 99337 135
54 21 85342 172
77 94 20445 210
1 42 2552 423
31 14 21711 996
67 41 14525 51
70 65 29665 134
40 88 9419 103
4 35 3692 321
51 26 56145 171
26 14 20064 349
85 96 14196 150
26 69 12644 178
28 84 59579 90
57 13 10707 85
28 73 19481 36
6 56 6619 88
85 9 13542 50
75 17 34512 234
63 4 3160 57
32 12 100630 408
72 86 9935 17
91 56 11304 51
81 87 17860 89
84 81 57884 90
12 57 39569 15
4 63 23535 221
50 82 44757 202
49 35 28986 2670
32 38 29529 241
91 3 15425 25
61 12 3232 266
26 47 43107 156
9 77 16157 618
69 3 219295 285
49 21 6185 283
32 93 7356 219
54 34 34308 48
83 74 124494 289
35 55 98157 112
96 78 2142 142
71 6 15920 99
60 12 83060 88
7 94 3700 143
79 21 7549 354
42 37 14646 355
68 37 90890 162
83 54 28334 147
26 92 160014 429
67 6 9413 488
89 98 10003 25
42 30 2997 297
58 65 5838 188
21 100 29253 23
97 31 11464 421
64 1 58952 57
98 79 7869 35
6 15 70199 283
51 53 11825 23
53 62 20050 153
39 69 43327 125
5 91 5957 205
3 15 28428 345
89 24 54735 175
12 62 103865 195
60 21 6590 307
52 98 31996 9
38 7 107472 93
33 60 16872 1180
73 48 1265 185
15 83 6350 104
76 18 5634 712
18 80 9413 256
9 87 12266 14
25 58 19043 303
84 46 49363 800
60 20 35759 1267
77 90 73167 808
94 88 22728 107
74 75 18604 93
59 23 69332 757
94 10 29798 439
68 95 15915 398
45 92 128508 187
17 56 15605 790
62 92 20963 646
89 86 5467 78
92 68 6372 191
56 31 5951 264
10 5 42915 89
74 79 6809 295
63 33 27137 287
86 85 50011 192
93 14 2784 120
75 14 20614 13
30 67 8943 56
33 95 15198 225
22 83 2546 128
60 93 40412 126
85 84 6042 1289
34 46 41691 395
57 30 6182 414
67 24 19560 350
11 20 35674 168
55 14 17859 49
70 25 17098 278
76 99 16757 109
49 63 120883 40
88 44 20703 26
6 81 7178 334
12 21 29873 124
93 22 11558 86
56 28 20449 404
1 15 52628 46
37 47 25751 220
14 69 59128 61
46 1 40781 227
5 52 25597 367
42 36 64360 206
76 46 24985 387
34 18 4213 21
71 72 5654 120
39 58 16638 70
37 98 36422 10
22 35 9746 157
60 55 55515 76
55 11 19880 180
100 3 3007 46
7 72 62174 360
21 80 20616 692
21 68 12956 78
53 34 10047 207
38 35 40246 133
41 65 6044 87
47 61 15265 1141
11 95 24080 73
54 98 14472 114
5 85 47092 82
64 73 66768 48
36 10 3684 372
34 47 33450 221
83 3 9807 30
57 65 44337 540
73 25 12873 552
64 3 47291 203
9 83 20181 301
55 65 3530 425
72 32 31613 137
47 23 5696 67
44 31 10362 630
46 89 16336 292
4 51 26201 253
30 53 4160 44
37 81 5926 474
32 9 43111 127
7 31 59020 77
57 85 27923 270
34 19 10914 60
33 70 20061 178
5 38 35817 410
41 72 8475 283
15 56 15530 30
49 71 5018 130
82 58 18836 61
50 23 20903 369
14 84 10018 65
64 87 9912 441
58 5 14625 175
17 46 19467 191
24 89 22461 177
80 2 23396 882
73 56 30064 93
25 88 290238 77
71 30 14215 52
53 98 27445 45
20 49 30621 141
56 7 75011 224
52 79 17313 52
17 85 38179 425
87 78 8964 48
70 17 242887 32
76 58 38207 195
91 7 402575 77
32 24 189902 109
30 65 36760 30
73 38 6689 91
19 81 1169 212
11 22 31670 171
50 24 20628 135
68 28 41564 149
94 71 15493 14
34 59 5306 316
4 19 20325 71
49 6 6402 137
54 74 30416 337
77 78 6956 289
51 71 28120 140
35 56 21716 204
39 3 31784 64
43 1188
65 462

4959381
