100 299 1 1
91 6 17778 189
91 92 12021 46
91 17 7209 77
91 26 25535 809
91 35 4592 216
91 43 3770 316
91 36 35869 23
91 9 23590 77
91 42 20006 223
91 30 22246 157
91 65 15379 463
91 7 43227 115
91 95 53689 107
91 5 33428 256
91 25 3080 60
91 14 61243 138
91 68 8906 668
91 22 9156 46
91 59 15243 175
91 81 66492 85
91 20 48306 141
91 67 202469 50
91 49 14486 188
91 8 13875 795
91 39 38688 154
91 73 34072 70
91 50 18101 67
91 12 15159 69
91 33 6829 257
91 85 130656 295
91 89 16104 52
91 99 1531 69
91 60 777 201
91 38 92712 178
91 100 10095 749
91 66 27032 90
91 3 84372 67
91 45 3578 36
91 82 58849 82
91 71 8351 104
91 52 20558 74
91 1 18019 932
91 28 14558 527
91 61 44053 142
91 48 30655 101
91 58 12485 248
91 77 82198 123
91 19 62194 46
91 74 4337 210
91 18 11293 401
91 37 18793 91
91 76 95531 115
91 72 3229 995
91 84 7483 149
91 2 21459 89
91 24 83154 142
91 29 26511 38
91 16 107576 78
91 62 91310 52
91 93 5378 304
91 79 24018 73
91 83 4386 143
91 94 2589 121
91 44 12195 497
91 11 21858 105
91 63 9279 26
91 97 9062 221
91 15 17745 216
91 4 15724 85
91 53 10304 265
91 32 57966 237
91 46 11932 85
91 13 9623 26
91 41 10521 207
91 51 11900 104
91 80 38788 77
91 55 12998 411
91 40 58796 675
91 64 19668 129
91 87 13444 416
91 54 1933 25
91 98 4274 64
91 70 57411 134
91 69 25119 79
91 10 12496 707
91 56 23590 106
91 31 19769 868
91 23 61898 160
91 75 78385 326
91 86 34538 48
91 21 39935 131
91 47 39138 162
91 90 7703 217
91 57 26111 38
91 96 13460 680
91 78 70877 48
91 27 79551 129
91 34 13241 18
91 88 42879 477
19 66 45197 170
51 97 9941 191
85 21 36806 58
81 8 4873 212
95 96 42021 236
18 81 11382 959
74 26 47935 479
68 60 24902 262
5 51 30271 74
11 10 25044 217
96 59 103033 139
61 36 68052 12
3 54 17599 591
8 84 66069 237
75 41 17794 149
36 80 21892 701
22 60 69451 577
30 78 18876 329
60 44 148035 346
77 25 54184 300
60 21 11645 154
99 61 2581 318
69 95 48264 322
15 9 33182 101
23 36 75043 1688
62 28 8676 43
70 4 21653 374
11 8 39284 185
13 88 157169 70
82 43 11725 42
62 21 10093 190
72 53 28250 509
30 27 48042 485
27 62 34338 155
49 88 31013 79
33 29 11802 161
51 80 85357 286
92 20 81482 125
50 69 189628 150
54 51 27053 324
92 35 172925 13
63 52 28053 137
27 11 21989 211
46 85 13825 276
38 49 11489 224
98 46 18276 46
99 77 6130 618
87 55 213053 579
26 12 19557 111
100 62 27247 44
88 89 7516 347
22 48 36813 43
39 40 27106 65
9 30 42804 672
16 97 155088 239
22 3 41164 957
53 8 16955 149
20 33 3887 180
4 96 22173 107
26 80 88777 608
51 100 23055 927
47 51 15838 75
88 78 5759 58
29 79 63928 129
43 69 12899 63
7 52 8245 359
53 95 13135 133
97 75 13555 372
8 25 51705 109
31 87 91492 103
11 26 129039 129
22 59 186993 2113
3 51 221370 85
48 99 66102 495
41 70 78736 141
52 19 7581 388
41 85 6261 65
11 16 107572 198
18 10 8779 223
61 14 7983 85
31 99 55995 272
59 34 18599 744
22 93 28137 961
90 15 32981 56
45 24 6608 111
39 82 78807 231
47 2 136075 229
67 41 23813 45
16 6 20643 237
61 38 4851 73
57 78 126932 264
10 71 23230 69
44 87 12538 224
15 57 8686 146
31 84 9984 170
73 33 18332 403
54 88 37150 99
13 40 14675 561
38 89 20812 1807
45 50 6988 452
92 40 4245 44
26 95 9826 506
87 42 40537 124
86 28 8763 47
5 68 2869 116
11 57 8969 432
21 28 20964 518
48 7 47391 330
34 36 13181 46
99 37 48211 389
56 14 65757 81
30 68 117398 92
53 65 35836 190
49 43 38014 146
73 78 134576 48
98 62 15843 250
82 27 23791 363
80 67 12279 226
92 39 64743 112
79 43 14878 306
34 44 13293 679
40 93 11938 538
92 41 11869 97
7 18 2961 210
97 28 8438 156
82 17 106190 62
55 21 10917 92
81 13 58543 217
67 31 61960 272
24 3 10071 10
80 72 467055 108
92 79 135829 51
35 27 18944 98
98 10 21328 89
89 62 6876 18
67 34 11725 351
55 18 3989 236
21 9 34302 174
51 73 21933 74
70 53 19590 1310
2 32 22786 177
29 93 30836 302
71 11 22164 58
27 54 14896 220
88 62 14335 175
87 98 15364 147
65 80 41936 542
42 55 52679 69
78 6 13433 522
48 50 4917 46
17 51 28784 118
32 44 27088 87
42 87 69998 74
93 70 8499 137
5 88 52229 163
99 55 94747 34
36 22 139462 72
39 84 96639 105
14 15 19440 116
74 20 23094 88
64 10 8220 234
3 15 26045 115
92 66 63520 30
57 32 52768 91
42 33 18753 48
63 74 22894 87
1 2 3381 87
77 3 11133 116
95 37 9053 30
50 15 15123 117
50 43 61707 245
12 63 56214 160
58 28 50435 85
79 53 48203 316
15 52 17116 58
89 12 10167 139
22 44 86514 18
52 60 27318 226
88 33 12820 189
21 86 11885 126
73 1 6660 111
16 86 31564 328
33 20 29053 1135
62 11 2785 895
72 40 12619 117
60 96 19079 178
87 17 13728 1366
95 60 58960 104
43 88 14978 126
66 98 8221 79
76 21 15520 659
87 7 34458 143
14 82 55433 256
51 91 7116 636
8 48 111332 1492
1 72 8531 85
67 52 7521 83
95 61 14327 106
100 75 13552 250
37 99 58956 12
91 495
88 70

1312360
