100 299 1 1
36 83 16392 103
36 93 3626 364
36 94 19544 96
36 53 89292 142
36 60 29026 45
36 57 14002 481
36 87 5661 304
36 19 24031 101
36 42 23002 97
36 7 21844 235
36 76 159706 89
36 62 69026 175
36 55 32304 63
36 81 47455 552
36 40 24668 523
36 95 4347 19
36 80 428363 243
36 100 42407 301
36 50 81986 178
36 27 10337 197
36 71 47880 229
36 8 43295 671
36 99 122617 43
36 38 21682 115
36 30 21714 198
36 18 15676 415
36 14 4678 116
36 21 8127 1079
36 90 20185 71
36 73 8386 25
36 52 4675 428
36 88 15705 30
36 64 62158 69
36 58 30171 226
36 66 10064 1587
36 67 12415 111
36 96 44649 173
36 89 21647 22
36 97 40614 450
36 3 19777 152
36 68 30239 349
36 28 7881 335
36 92 51590 472
36 34 34136 61
36 22 25263 124
36 37 5717 142
36 72 7069 10
36 82 15025 110
36 69 85697 236
36 75 29228 105
36 35 60472 292
36 85 119965 127
36 91 34816 52
36 84 72175 19
36 23 23081 188
36 39 23447 67
36 9 10802 80
36 86 9524 67
36 77 36553 454
36 11 13106 285
36 78 10856 420
36 12 3312 353
36 10 26437 209
36 32 22855 52
36 20 6975 194
36 48 15882 110
36 49 9857 62
36 41 2171 151
36 43 45650 208
36 24 10239 313
36 5 22052 116
36 47 7450 485
36 1 16408 57
36 16 19825 250
36 98 108019 133
36 79 13403 54
36 17 35888 517
36 46 18734 208
36 63 282718 230
36 31 16171 48
36 6 19839 588
36 51 84958 20
36 74 3879 104
36 13 21456 63
36 4 59544 81
36 61 26180 445
36 44 1567 66
36 29 92026 125
36 15 24894 45
36 59 24041 123
36 26 5670 270
36 2 3076 97
36 65 69577 222
36 25 6590 186
36 56 126965 175
36 45 15275 84
36 33 12561 114
36 70 53064 174
36 54 32069 171
97 39 10364 24
1 54 29220 439
72 19 45696 105
57 42 33467 21
63 42 16828 144
85 83 2786 147
13 48 64736 26
16 50 75304 200
60 93 60343 98
97 4 63707 854
45 36 9242 107
68 57 6595 27
25 80 6134 68
89 97 13516 159
18 25 28736 281
88 72 16404 291
96 31 12578 144
61 73 51907 479
9 16 7496 51
3 24 6817 183
55 30 13405 227
52 55 97888 234
15 5 47269 1092
61 4 42737 47
53 80 10988 526
38 54 8306 580
40 47 21338 73
13 83 105485 108
74 29 26131 33
81 42 11003 189
84 91 59343 285
56 8 30477 48
86 57 72803 176
28 37 94251 223
56 34 35761 63
53 32 27381 1090
63 87 3697 46
87 1 20066 111
56 25 10446 117
94 65 22379 338
41 100 7516 260
85 91 11042 189
82 73 279244 270
57 59 27682 14
99 17 13346 811
11 91 21509 268
75 66 7839 45
29 62 34409 257
51 98 23487 1228
83 3 36736 61
78 82 18446 110
77 27 28532 1343
98 84 13549 136
89 53 4764 39
18 72 20123 72
92 31 53663 46
58 35 38556 120
70 16 35451 84
92 67 2309 445
78 83 56521 248
18 17 8437 41
26 46 38369 19
26 62 40359 307
9 51 81346 50
22 62 23155 151
49 34 110031 299
58 34 10171 255
75 18 6665 54
5 43 11545 144
65 3 14367 248
8 86 14170 45
93 79 17129 30
45 37 115128 132
84 17 32822 128
62 24 40992 30
100 84 25516 282
9 88 3414 744
59 54 21922 196
2 73 29920 64
20 74 3373 782
53 100 45167 224
88 94 17031 143
34 32 13608 364
30 43 12047 38
30 21 7866 311
29 81 15576 160
52 27 36873 94
45 2 19400 64
13 79 72723 611
94 23 18345 26
41 87 10933 261
51 41 83547 26
65 7 54724 52
3 54 4715 181
14 98 20189 86
12 10 24472 75
58 9 19717 16
66 8 12265 2458
17 7 18033 60
64 26 9268 117
47 7 34222 129
3 98 12039 361
62 89 33287 241
8 2 6197 89
63 89 66746 105
33 56 64692 51
85 96 95563 98
95 93 5887 205
26 65 68187 416
64 19 27796 70
78 29 12893 545
8 46 48446 474
82 31 3846 91
15 38 18281 89
16 1 51274 189
54 43 112910 50
20 35 52037 407
54 74 6486 177
4 55 22481 216
3 66 11905 43
30 34 51744 59
32 7 9684 52
12 18 17107 48
79 5 5659 149
14 50 36128 225
71 82 13523 67
46 69 4073 807
65 2 8690 61
19 3 23613 92
29 65 4746 38
84 3 27316 199
99 32 30011 629
44 66 53019 272
48 77 5354 254
100 23 4285 108
37 18 95171 145
93 3 25852 349
65 41 3840 62
46 77 25852 28
67 70 9718 85
25 84 10373 295
95 15 11577 12
80 16 10518 845
57 50 75275 165
96 34 14839 166
93 55 12881 41
53 96 14068 218
94 51 23765 90
17 22 39509 64
24 65 16502 99
70 54 23762 87
4 84 68710 169
5 21 86379 1313
67 96 11055 331
23 67 57602 172
4 91 128082 263
79 24 63606 100
72 8 36126 55
82 77 29772 249
85 6 54328 437
86 76 76278 155
78 31 1901 292
30 92 64687 1563
50 75 9449 99
64 38 14797 266
40 43 21535 105
20 95 88393 197
1 66 232140 21
80 82 42959 94
47 33 23954 65
32 82 53026 327
85 40 2153 449
81 89 11740 255
6 5 30072 101
54 49 71962 71
42 69 36616 487
20 46 22435 2272
70 6 60608 83
28 27 64172 94
76 19 56109 88
11 49 27571 40
28 50 4646 1159
25 36 45945 128
15 82 24509 526
94 46 13885 587
59 15 27701 298
23 79 32045 499
56 71 12672 95
47 76 22045 92
18 13 12876 61
38 22 14926 63
78 66 22716 213
20 47 36971 80
9 45 2812 33
47 24 72679 65
58 13 8173 265
31 47 67884 85
22 46 17727 48
58 25 41580 1793
64 96 16522 254
36 1980
82 877

58459498
