100 299 1 1
11 35 11740 477
11 69 15184 198
11 12 428616 137
11 53 63168 1530
11 41 2772 80
11 49 10776 433
11 74 5556 65
11 99 29207 168
11 31 37070 26
11 93 31878 90
11 10 33228 132
11 90 7130 38
11 13 68174 192
11 62 22996 99
11 5 18720 325
11 89 69171 494
11 80 46869 502
11 33 8802 967
11 19 101925 45
11 86 30830 394
11 17 6139 115
11 79 10352 49
11 47 13628 31
11 34 14194 527
11 56 46043 1076
11 27 59547 41
11 16 7742 99
11 14 139344 726
11 7 41231 329
11 96 14604 36
11 39 19695 863
11 26 11963 80
11 68 14220 43
11 32 28213 194
11 61 22796 84
11 29 5921 137
11 92 48626 120
11 65 5350 147
11 94 26737 239
11 82 15722 190
11 22 152012 505
11 15 46726 119
11 71 13193 95
11 1 19602 35
11 52 5665 135
11 73 111507 115
11 72 48900 763
11 83 9286 37
11 9 11266 285
11 24 28813 331
11 37 9911 102
11 58 22974 167
11 98 12582 899
11 28 36376 677
11 44 9866 156
11 66 13301 271
11 76 43159 38
11 36 7098 142
11 57 107823 101
11 54 22583 37
11 85 34353 30
11 50 219262 229
11 78 40733 348
11 4 3301 40
11 3 9323 276
11 97 85389 118
11 25 20966 95
11 42 11726 62
11 67 12962 109
11 23 6323 85
11 30 37403 61
11 43 5122 48
11 60 31698 53
11 64 61871 42
11 8 62407 342
11 70 20338 179
11 59 5537 162
11 55 24941 273
11 46 79045 637
11 77 29779 262
11 40 51259 383
11 20 11296 110
11 95 49759 44
11 84 41190 123
11 38 8220 474
11 91 13465 684
11 81 28861 18
11 51 18521 88
11 75 27634 18
11 2 6336 64
11 63 60561 502
11 6 14677 60
11 45 91142 704
11 88 16449 20
11 21 21771 259
11 48 7889 435
11 18 26826 31
11 100 4886 133
11 87 46572 112
31 41 37868 186
53 63 7764 257
72 43 87961 700
92 55 6958 213
89 39 7553 23
80 94 6731 50
49 24 25016 155
62 43 52728 95
99 77 54343 92
12 4 11063 252
2 21 68970 495
56 19 53134 54
14 100 24488 261
94 15 27651 90
92 96 4124 29
77 74 22719 261
40 63 144431 134
82 61 16498 338
79 30 57888 222
49 27 62355 322
24 66 33585 126
31 14 9332 58
2 93 33677 1795
59 83 43461 324
40 83 17029 152
100 95 176887 83
50 20 50472 63
8 67 15556 91
93 44 11738 176
3 31 30638 65
27 41 4196 239
62 54 34792 36
46 17 133584 332
18 57 42837 76
77 79 47383 164
45 24 48185 48
10 23 25328 275
4 67 5950 888
1 34 23454 52
41 15 6119 65
65 6 197981 429
43 91 41374 189
86 36 6591 122
81 95 3717 515
60 52 22864 392
32 7 10180 296
25 84 16241 1241
49 19 11592 124
72 20 69125 71
64 12 6904 225
46 65 42029 233
89 9 42511 67
46 99 113253 9
100 65 13976 19
87 34 8837 476
77 49 22335 361
95 4 46591 730
7 34 79111 57
29 1 11317 26
73 54 25403 47
17 100 24653 55
67 21 29456 129
81 11 9650 2296
48 50 40892 98
9 39 79584 556
53 80 7827 239
39 51 34477 212
33 43 20257 242
78 68 28387 145
48 70 35276 285
21 39 65741 67
29 2 7472 154
67 25 19731 200
19 100 7513 374
50 18 36563 136
100 31 16569 229
21 4 10719 50
65 32 25580 51
43 71 12775 97
14 47 38413 46
88 67 2085 45
17 98 13840 33
81 47 28927 115
26 60 12214 52
78 52 18042 40
44 95 87284 50
98 62 8392 581
92 54 41155 97
78 59 11298 228
32 89 51050 238
80 27 2980 52
47 38 103400 116
83 99 30829 301
31 29 22997 125
100 59 14596 414
55 62 92193 31
40 21 19379 42
65 58 10390 717
84 78 5937 51
25 72 50559 281
15 99 21037 97
94 20 24770 372
33 17 31119 282
72 41 46377 834
7 65 21861 219
44 79 19355 422
1 37 158051 231
52 28 31232 250
9 87 9666 24
38 36 27145 41
20 66 15431 272
56 98 66384 66
19 20 8378 36
17 32 49946 564
29 30 10642 23
91 79 175424 54
65 3 12656 60
96 51 16384 75
88 89 31938 31
78 74 17512 198
20 11 44467 230
44 94 877233 147
60 91 12114 116
51 42 11731 865
10 85 28194 597
22 48 54295 43
18 33 58229 191
38 57 8052 10
98 53 28464 182
81 2 127075 125
46 5 28594 69
62 17 9036 95
8 39 18581 408
43 56 30287 180
15 61 100809 106
49 94 8836 607
73 81 4178 48
16 100 56750 726
46 13 200689 196
50 66 15035 260
35 93 25252 67
53 36 123656 807
42 12 24801 60
41 51 53691 49
78 80 21814 70
13 51 51301 99
29 42 5704 290
16 81 160753 862
90 48 24073 43
50 57 12441 96
15 13 42168 8
32 13 17979 821
30 53 18401 102
22 63 15782 322
45 65 6113 202
69 92 4686 50
32 22 34198 192
78 25 19259 141
25 82 33369 107
89 28 75524 115
19 72 12425 75
79 61 26297 135
77 85 87851 69
66 28 20937 140
44 16 6901 749
56 91 32230 279
2 88 13743 783
60 32 6165 58
89 60 27810 66
40 87 25210 206
48 51 79559 255
41 75 12440 80
46 69 40213 305
74 66 15591 264
14 79 21179 158
78 1 6449 362
4 92 17042 62
87 89 5613 54
37 45 25348 128
20 28 24848 401
72 80 28717 172
8 34 4478 193
66 60 10476 181
31 5 35359 190
27 86 30149 304
56 81 23833 324
42 10 22341 784
24 74 61081 271
4 49 119006 303
60 57 26348 340
81 43 12492 197
51 61 57223 94
89 4 96729 49
15 100 8885 114
91 16 6090 111
64 18 12485 300
57 26 7595 675
62 25 15527 42
73 44 3814 73
58 47 9171 851
11 792
100 166

1236446
