100 299 1 1
3 2 59534 975
3 29 45669 398
3 84 18106 265
3 40 34807 96
3 6 56895 44
3 78 14823 159
3 30 131448 331
3 61 17199 358
3 70 3261 45
3 38 14904 50
3 28 49727 59
3 42 4438 368
3 18 138195 187
3 69 31861 369
3 13 22614 334
3 68 55049 109
3 12 19239 193
3 62 25765 95
3 10 26074 337
3 44 3025 70
3 47 72829 183
3 72 8498 65
3 7 118961 1311
3 91 16253 268
3 27 27242 20
3 4 35725 125
3 67 5669 85
3 50 42799 42
3 86 180970 112
3 53 31657 65
3 59 7337 64
3 5 37648 85
3 45 31110 271
3 79 13359 552
3 22 26928 104
3 26 6517 619
3 60 4780 148
3 31 15016 298
3 66 32727 224
3 57 54724 810
3 100 9438 26
3 41 19177 214
3 15 21496 367
3 96 1834 553
3 20 37898 86
3 85 40338 38
3 56 58855 107
3 92 29746 361
3 98 2584 359
3 43 50538 295
3 71 56618 258
3 52 22935 269
3 99 48348 251
3 90 5360 189
3 97 3987 124
3 9 18957 162
3 48 5988 29
3 93 148209 89
3 95 193685 82
3 23 37516 155
3 8 26317 1492
3 87 11022 410
3 36 60263 602
3 19 26767 25
3 75 22352 85
3 51 34142 25
3 49 36452 33
3 82 6202 91
3 11 3659 306
3 65 380031 755
3 33 23638 77
3 58 47021 117
3 73 1900 132
3 16 20904 48
3 94 72870 332
3 76 16364 389
3 77 38817 79
3 46 18993 622
3 89 24221 352
3 21 106445 798
3 80 13188 334
3 24 2552 230
3 64 20342 119
3 63 90743 180
3 32 2065 77
3 37 3435 1184
3 34 122403 301
3 54 7416 142
3 55 13994 122
3 17 49393 110
3 1 80349 113
3 14 3350 926
3 74 252734 168
3 35 14444 226
3 39 10631 37
3 25 27233 706
3 81 13257 41
3 88 67381 667
3 83 13658 1364
8 59 411289 65
96 45 25762 219
89 51 21737 37
49 67 12211 444
12 94 20796 85
50 100 10800 40
47 61 36167 655
53 73 13115 138
57 56 80475 39
31 89 50538 115
4 51 11226 292
50 23 25731 101
31 81 26063 134
51 7 14444 82
23 33 24512 757
44 86 22256 217
38 17 16074 125
78 93 98545 921
43 15 10837 159
20 82 31576 50
76 9 75885 146
97 29 53173 453
94 88 55706 451
82 44 32249 78
54 8 28126 359
100 55 58110 494
86 58 26148 152
25 39 16159 326
87 52 86801 214
67 65 50609 241
64 36 69036 64
43 22 5747 973
5 83 9215 278
57 22 31830 75
54 21 20059 170
43 21 16547 111
79 69 16820 760
4 45 8395 464
42 44 28787 155
9 63 20085 165
48 74 63956 98
15 50 14897 88
10 13 14562 341
6 88 6118 78
8 44 89594 870
52 65 8105 552
80 57 10682 76
27 53 17843 94
40 76 69161 239
34 41 64131 177
10 1 2977 249
25 11 6655 384
68 27 43564 107
40 47 8921 54
44 82 37956 627
33 57 7174 67
55 54 9358 297
96 36 253234 280
52 67 6148 55
2 16 19296 241
69 11 30663 538
80 100 6650 132
94 1 20067 118
38 64 77962 120
19 50 40008 649
9 8 12812 421
62 5 18644 69
56 33 52845 118
87 64 27953 133
21 50 21358 37
55 14 57350 233
17 83 7510 256
39 77 20049 165
51 77 21121 246
69 6 25378 772
40 33 60131 93
77 42 15446 363
29 62 39230 597
45 95 33595 207
42 15 10379 195
34 47 3691 302
1 56 31392 538
6 73 17009 241
25 33 10732 120
64 90 20906 91
86 21 28383 361
43 46 52958 85
13 77 20042 162
81 36 8457 85
6 57 10628 870
64 16 3107 218
1 45 35372 58
51 85 7605 25
95 9 26466 376
43 73 82776 389
31 57 12896 17
47 36 5231 291
99 31 75165 130
33 100 5261 57
44 79 334009 191
90 49 5711 76
38 70 21723 412
38 15 28898 139
71 33 19515 28
54 86 26232 130
61 36 26466 61
76 53 2848 115
14 66 34072 208
22 41 77191 278
22 24 29879 189
86 39 38657 29
25 61 23275 24
88 91 69538 246
19 89 52904 164
42 11 17200 65
85 36 12160 80
50 64 81519 2232
62 64 23494 20
40 30 23903 50
19 86 15466 73
36 55 120289 504
69 32 19832 179
17 31 25797 466
49 100 22312 47
50 31 31960 349
99 24 22644 372
33 80 70141 127
23 89 45226 206
85 39 67693 184
94 78 30176 198
73 91 22509 166
24 50 7751 35
17 94 9764 382
13 57 29521 75
43 55 13857 572
4 33 67244 198
64 63 17635 333
45 22 9034 131
100 54 19207 461
30 7 37420 143
70 98 570889 226
58 92 51929 125
91 7 17111 2215
19 65 43491 139
41 67 46532 799
21 26 49590 98
9 76 23137 206
26 66 16764 192
78 69 112276 109
57 7 3152 106
48 56 64150 280
35 18 8036 82
62 53 19887 80
17 67 28558 55
35 85 31137 700
21 71 15073 282
23 54 19351 136
52 82 13797 15
61 50 34286 554
24 14 3291 433
17 53 21315 57
92 3 7260 239
88 10 25057 270
41 97 136976 449
36 15 73213 99
21 54 12775 147
86 33 9458 14
50 17 34845 175
74 88 11574 468
68 39 81534 113
7 88 19607 118
81 82 42615 28
14 100 4986 50
39 55 52862 516
75 45 45329 93
47 22 93135 343
68 74 14079 126
53 23 100958 145
92 10 1803 511
57 72 12524 253
24 59 18594 40
12 41 56998 143
83 43 36279 472
64 62 24406 60
2 25 11336 424
76 30 165630 140
7 34 6883 231
94 64 41490 220
22 59 8442 272
38 33 11637 22
18 90 46346 1154
55 12 20164 71
6 70 10437 97
36 43 15987 36
35 69 6091 705
2 49 31339 100
63 59 19160 32
4 67 72447 136
83 5 41437 126
14 89 78800 47
3 495
33 169

5016414
