100 299 1 1
49 48 47367 225
49 43 15499 34
49 24 38184 29
49 82 61051 104
49 17 19861 83
49 41 71962 384
49 84 17135 377
49 23 3518 302
49 4 32461 113
49 1 23703 411
49 3 11136 652
49 54 35888 92
49 12 235918 62
49 18 17673 662
49 39 1826 97
49 96 12956 40
49 33 1135 252
49 70 13662 57
49 50 30831 179
49 13 100432 38
49 32 25214 268
49 63 10366 70
49 66 12764 227
49 22 15351 40
49 76 34368 317
49 8 82305 127
49 38 40394 7
49 34 142257 78
49 91 29753 66
49 65 8313 947
49 73 40834 60
49 40 66969 100
49 53 1000000 286
49 85 7107 51
49 20 3033 51
49 11 103918 145
49 92 7593 139
49 21 37810 312
49 55 71795 214
49 52 62135 166
49 46 5736 134
49 10 10645 39
49 93 13704 493
49 69 94803 674
49 97 46342 86
49 14 28896 66
49 47 30432 388
49 95 10631 193
49 59 26540 996
49 19 23500 293
49 86 8292 531
49 5 21525 367
49 31 18502 620
49 45 22242 35
49 6 16512 147
49 51 10179 98
49 80 61021 48
49 56 262956 45
49 30 50919 197
49 88 21094 260
49 90 31786 244
49 79 202328 91
49 9 12340 103
49 83 8783 174
49 89 36485 207
49 28 12653 59
49 94 29225 280
49 37 89557 173
49 75 11660 74
49 25 16469 34
49 36 26592 254
49 35 14891 48
49 71 25863 239
49 15 19097 562
49 42 28035 234
49 27 56108 1151
49 99 94205 66
49 64 76119 102
49 7 42258 67
49 57 23965 142
49 62 100286 153
49 100 42260 182
49 81 91373 87
49 77 53689 260
49 72 8055 293
49 2 14264 510
49 29 3976 28
49 68 32117 127
49 67 1999 220
49 58 26650 33
49 16 15915 35
49 74 7387 599
49 61 4416 8
49 26 18923 279
49 98 42549 111
49 60 11547 103
49 87 149092 145
49 78 220760 109
49 44 60038 571
5 100 63294 661
91 100 16086 159
15 44 76377 25
96 28 26043 899
90 30 105125 139
22 90 15402 152
77 98 3887 260
76 36 27425 60
81 58 47185 107
16 27 36190 101
58 23 10926 123
44 70 13394 208
76 85 8907 182
3 45 10017 507
24 9 5740 146
100 25 34800 81
97 89 85937 112
27 41 61908 63
98 55 22230 293
29 76 10586 125
83 17 9706 77
84 63 36449 223
54 30 15300 624
30 11 16009 444
55 37 14782 252
92 53 42727 4854
6 64 17566 184
32 37 16305 1516
11 88 54603 520
63 2 21340 437
71 80 24068 81
78 98 6446 88
37 64 19795 671
56 42 7296 52
11 16 17987 207
8 10 106472 67
98 44 62301 1534
36 68 19502 46
91 47 51157 70
90 54 18888 88
73 15 14399 39
71 70 13461 565
60 89 68610 262
52 63 23981 139
87 5 19883 29
84 64 67185 297
66 40 121132 267
62 14 7651 228
74 55 2798 562
89 10 17599 543
17 21 10255 73
71 12 10355 123
18 65 14805 107
22 36 30602 278
4 30 11867 179
100 99 23689 295
14 35 40517 156
68 15 103264 164
56 8 2756 102
22 6 15891 32
26 19 34698 335
74 24 40581 1006
75 8 29250 66
100 17 22226 81
40 18 8469 288
31 51 61931 125
75 91 33085 346
43 53 44749 19
46 62 8415 41
71 7 24308 175
5 4 12966 192
83 22 14382 175
42 48 38866 215
30 68 34196 355
15 86 24170 1739
75 26 17161 106
96 63 7674 24
82 3 18708 116
20 83 44166 304
62 28 15121 149
17 42 18822 199
70 12 44057 154
24 41 37036 314
54 70 65741 583
33 80 21579 257
87 79 14324 139
97 40 14545 145
48 18 31111 222
48 7 11334 56
79 63 9875 317
76 18 21877 48
90 85 5198 733
66 69 8048 754
47 42 67486 144
83 40 66707 42
9 70 3208 142
48 38 14597 1284
87 63 42157 169
81 57 66381 989
69 47 25804 124
53 2 7432 153
41 87 35916 128
56 22 21578 306
27 99 8929 382
67 96 44644 65
93 82 3188 47
59 37 22383 144
7 8 91214 780
96 54 41630 72
84 72 8430 48
10 97 30795 26
8 60 33530 140
50 81 7218 178
28 22 148244 83
23 48 7856 141
53 48 19296 149
10 98 5022 47
8 27 6300 87
88 91 5104 112
69 8 5483 127
95 25 79167 37
86 51 10093 157
8 75 17040 146
86 92 13934 1248
94 5 8106 796
27 44 15804 16
38 52 42921 321
22 48 62615 66
41 78 2798 23
56 98 47079 31
75 43 49118 96
88 34 63589 182
2 51 58057 81
66 54 23926 82
61 82 6091 371
63 64 15163 222
44 33 70774 130
63 65 26621 210
2 6 42355 176
33 23 84723 238
9 19 5566 167
36 92 23019 159
99 98 72420 420
51 82 126864 95
38 17 56431 44
81 14 15125 34
39 57 7692 83
86 74 27538 108
9 85 15206 6
4 37 6661 109
42 72 172045 246
88 16 46796 168
64 14 28253 87
60 88 11317 86
41 94 15772 377
37 14 33486 60
42 74 77959 146
94 30 31535 748
46 72 38197 157
42 36 39437 97
7 95 39599 128
8 69 11686 178
3 75 64547 92
62 99 24543 56
71 64 43063 490
16 78 10357 29
85 87 100049 127
90 96 17537 51
79 88 20647 177
82 91 11634 157
78 36 26940 452
80 27 13243 59
6 66 13110 127
1 29 16654 318
37 58 90273 195
31 82 28215 53
6 40 4413 92
7 2 9779 193
36 13 35070 138
75 30 62551 104
25 53 13705 381
77 75 14108 177
73 1 1643 1193
54 77 5415 904
33 48 105341 36
80 78 12189 275
37 31 47845 6
22 38 3688 47
83 89 43548 454
91 69 2980 247
45 85 12788 249
25 17 210182 617
91 7 17780 117
98 47 10725 195
13 50 73649 33
21 52 17618 552
75 6 9368 62
32 77 5325 56
7 9 46898 703
89 45 16635 68
49 990
98 181

5844584
