100 299 1 1
40 10 6629 306
40 22 41566 67
40 74 177684 56
40 34 87977 129
40 27 28513 232
40 90 6087 132
40 37 9438 149
40 24 42065 23
40 96 7338 211
40 32 90279 54
40 19 48444 19
40 64 82501 132
40 67 60956 214
40 77 2634 44
40 4 21501 173
40 36 14043 65
40 6 17934 231
40 93 75546 33
40 43 22736 237
40 5 5583 352
40 54 12335 443
40 84 72290 147
40 20 65022 79
40 46 20635 121
40 17 16785 82
40 94 9857 375
40 63 18808 191
40 99 7470 32
40 58 6272 85
40 86 61733 97
40 81 9878 62
40 47 33625 138
40 48 2931 101
40 56 131214 14
40 2 21784 180
40 83 16163 54
40 35 14638 323
40 45 27349 276
40 70 1984 90
40 66 179681 127
40 14 58604 30
40 41 10523 94
40 38 4228 143
40 57 8536 275
40 30 20223 716
40 71 21380 501
40 65 9101 185
40 13 120876 379
40 9 20736 30
40 52 97383 84
40 39 97547 399
40 28 39830 21
40 92 14579 285
40 12 23574 29
40 53 30051 224
40 60 11713 189
40 7 7775 15
40 76 39997 106
40 61 55943 672
40 89 118075 192
40 26 5295 76
40 68 53187 132
40 82 10927 96
40 25 6580 239
40 11 13159 81
40 98 74422 490
40 75 81355 125
40 97 26754 11
40 33 1870 156
40 29 34145 94
40 31 28267 1052
40 3 109133 122
40 50 9100 363
40 44 31975 31
40 49 14301 536
40 15 19237 166
40 87 43648 99
40 69 103049 90
40 42 13084 643
40 55 9751 130
40 85 21146 127
40 23 24364 103
40 78 88598 226
40 21 11006 84
40 95 47939 404
40 100 66163 1913
40 59 15329 133
40 8 150237 56
40 18 41422 219
40 80 6440 116
40 73 84445 181
40 16 28201 78
40 72 21515 39
40 79 5026 104
40 91 7100 144
40 1 5707 687
40 51 57441 91
40 62 103637 90
40 88 23047 129
15 74 28069 342
93 84 6805 179
99 73 21102 38
58 100 51090 129
75 53 2968 90
42 80 30618 36
43 27 6808 94
12 16 16224 76
64 84 12903 43
92 15 90720 639
32 80 55556 431
67 97 7599 107
42 65 20211 295
15 9 72090 205
25 19 52178 37
4 6 18682 37
29 92 18062 418
24 53 40885 181
44 62 57135 90
80 86 51060 317
38 69 36847 1466
72 96 20468 32
92 28 21182 111
1 5 19172 511
50 30 19367 167
6 64 60080 54
59 36 32112 123
24 44 64044 141
28 48 14004 135
6 8 22250 136
93 22 12307 228
49 27 21536 533
49 84 56909 155
44 61 63525 84
30 96 19662 405
1 40 61933 121
85 33 44721 40
29 90 10863 100
77 63 8006 106
27 20 46660 126
85 1 112960 67
43 62 15155 371
42 21 14187 534
87 55 12229 412
14 64 43249 122
63 73 20602 79
23 50 15331 493
49 34 10093 439
98 13 8167 1788
16 71 3144 120
43 68 48164 49
87 5 36711 143
82 42 14941 35
88 30 60717 449
95 54 18410 667
94 78 22317 135
75 5 50551 94
72 78 41891 161
98 4 48210 117
1 70 30699 164
98 36 51584 154
56 58 9419 424
22 80 10910 44
57 26 46967 692
11 13 21363 67
82 25 17811 80
70 12 7278 99
86 37 42443 23
12 73 26557 329
56 90 36904 571
77 52 17495 49
35 90 33262 26
23 43 22323 589
34 5 56306 73
97 94 24150 701
63 33 104847 180
24 15 44487 429
16 49 5673 271
47 42 83538 66
93 29 24055 54
74 66 20010 116
81 96 134581 126
8 27 10828 77
74 34 58589 577
26 86 38432 69
13 41 11521 623
20 33 74064 351
14 21 49225 113
84 56 24439 249
64 68 36668 59
51 64 2908 686
30 8 90645 160
41 79 55639 22
39 95 17917 43
74 89 51536 289
87 70 4742 710
61 100 17221 52
61 75 14047 248
49 85 25647 625
56 96 36234 394
3 71 28255 88
38 24 82095 163
67 77 289848 8
73 79 9044 282
77 28 99502 167
95 53 8982 75
71 95 27517 84
90 22 13424 175
86 50 33606 388
94 86 56418 233
37 8 27701 174
93 12 23854 97
83 58 9470 607
5 30 109442 405
18 43 30978 65
28 67 7040 116
86 83 8633 335
41 26 25709 402
5 71 13548 87
54 79 55701 20
89 5 72008 487
15 93 10077 142
62 10 15403 83
24 59 54401 474
89 80 3641 156
29 63 21323 261
39 35 5952 98
50 9 140693 108
83 64 54386 338
54 83 28481 1291
71 37 26976 29
22 94 19641 79
23 17 63925 51
6 65 173597 30
47 76 8076 1797
14 88 10051 112
25 81 35091 102
25 9 28752 264
37 10 9661 53
39 75 65983 56
4 49 52954 76
92 30 5534 226
65 35 53343 118
49 26 3246 56
31 65 24562 1001
24 51 18244 113
84 39 54625 116
25 88 16147 319
43 34 11440 869
1 35 7041 10
60 35 42401 326
62 8 4543 501
9 81 84820 76
7 99 9842 142
21 17 28132 50
53 33 14011 256
20 2 13019 718
36 43 36754 138
51 52 10016 129
74 56 78848 385
94 4 15718 105
1 77 42751 557
11 74 9791 120
82 33 55270 42
41 44 67450 734
8 51 13813 75
67 86 8671 595
60 89 6616 448
88 7 3213 401
23 63 3098 129
93 41 16931 782
86 66 76709 107
54 64 7578 191
73 96 40925 274
47 26 10698 11
22 68 821 185
100 81 32294 161
2 23 37534 78
69 53 28154 61
42 70 12481 442
27 92 178607 73
25 60 74076 122
3 33 18544 250
32 7 54539 88
78 45 22213 66
92 41 4881 68
83 19 71692 60
27 33 71213 174
26 69 7678 73
37 62 53798 759
6 37 26914 488
16 34 13065 965
83 17 29450 182
50 60 14655 29
20 38 25031 70
20 81 41639 129
17 60 13780 60
56 87 47717 35
48 8 51186 24
41 69 45798 62
40 594
33 478

16281826
