100 299 1 1
49 31 27181 277
49 39 19386 210
49 24 28504 501
49 42 34370 125
49 46 66561 51
49 27 57136 299
49 26 42075 420
49 47 106756 262
49 61 32273 176
49 20 12960 149
49 98 18510 212
49 50 16160 41
49 34 30756 371
49 8 21313 77
49 96 47957 106
49 83 32415 114
49 53 22043 182
49 30 47374 124
49 19 50664 324
49 25 10891 130
49 74 12922 444
49 6 12565 163
49 95 78195 187
49 73 14546 230
49 40 8262 281
49 48 7645 175
49 82 13012 37
49 13 36275 459
49 69 1480 69
49 7 10002 515
49 89 7353 705
49 71 36962 264
49 16 62433 122
49 59 24590 266
49 38 11746 196
49 99 2971 181
49 35 3477 156
49 33 12879 282
49 79 46282 92
49 78 7064 484
49 52 42052 152
49 66 19520 105
49 15 25441 135
49 2 101336 56
49 85 13985 141
49 10 40034 116
49 100 18455 43
49 5 5414 232
49 32 6956 87
49 84 8924 21
49 75 88685 221
49 36 13803 632
49 44 16914 85
49 43 3889 17
49 60 126801 492
49 90 14574 123
49 86 3049 3695
49 65 1546 111
49 28 255849 76
49 51 12280 132
49 97 37144 68
49 41 110358 65
49 54 64640 24
49 64 77363 32
49 87 13432 88
49 55 4956 97
49 14 15361 84
49 21 98971 131
49 80 53466 702
49 4 7243 311
49 11 69981 208
49 22 72456 62
49 88 7624 167
49 63 5113 47
49 17 18706 171
49 18 22964 141
49 37 4374 404
49 1 60334 460
49 70 17863 210
49 23 14840 145
49 58 28908 29
49 56 6800 137
49 94 45068 422
49 62 75304 110
49 72 19499 78
49 93 21280 24
49 91 109226 77
49 77 7374 766
49 12 97040 63
49 68 32899 567
49 92 16989 188
49 76 7523 398
49 9 56589 183
49 45 9171 232
49 3 15671 217
49 67 7456 63
49 29 11605 236
49 81 18093 14
49 57 19712 121
38 19 51624 298
4 7 35545 45
87 22 9742 366
27 7 17885 186
25 17 16449 273
38 49 11625 1423
63 66 105455 691
78 50 16142 358
88 4 40165 110
4 25 18606 213
92 44 32844 154
97 98 38869 128
34 83 2445 25
56 71 42447 68
23 99 37134 465
46 30 20153 209
77 53 19988 141
100 58 156985 294
7 43 13147 538
48 12 58896 250
47 7 11442 46
39 43 16904 289
98 95 5232 77
45 79 50088 437
31 98 6580 180
24 4 10874 705
25 88 31723 59
36 31 8444 64
4 45 27958 596
13 27 18444 103
66 19 56715 239
4 66 12035 465
8 27 10127 230
39 4 20173 106
60 54 15351 41
80 12 18879 135
22 62 35783 1142
79 40 28463 32
47 78 25318 257
88 53 4785 156
82 77 78608 99
51 100 12115 93
48 55 19326 130
48 97 18509 73
2 4 23986 92
87 33 21906 159
22 60 85020 260
39 2 25626 115
90 89 35382 806
39 31 72050 99
37 8 154431 395
74 3 45350 247
92 33 16762 282
40 29 33894 211
63 75 29674 585
17 2 18696 568
96 18 70775 188
57 20 20154 62
33 58 32317 84
83 77 4855 189
4 98 8418 33
33 29 37357 63
6 1 75420 190
11 36 17809 79
91 50 79100 277
62 87 16790 89
71 17 51923 775
38 81 16241 89
22 20 15364 283
1 19 26457 86
90 58 18012 78
39 9 37318 146
79 60 15580 113
90 56 20919 113
12 62 45812 584
14 40 91690 941
96 87 8727 1812
17 51 83535 49
9 78 34208 347
62 69 59360 244
54 5 5062 59
37 3 16290 66
99 86 19907 156
29 74 15560 282
19 93 146522 703
26 43 1723 636
64 61 12430 698
99 82 7638 780
33 67 4768 724
98 39 61117 64
12 60 29365 353
53 58 9103 48
46 37 91567 170
58 34 1416 417
59 46 33740 137
28 24 10261 97
21 57 11360 246
42 68 30157 74
35 71 33748 44
30 8 26085 118
11 2 5922 82
31 27 23569 20
78 17 7604 108
23 63 38556 106
22 67 11227 316
12 36 6167 33
80 81 34997 181
41 88 3541 155
38 92 78642 19
12 20 54300 41
45 63 10523 141
74 58 53548 473
85 44 10439 32
70 86 110196 89
2 41 73759 39
53 14 36514 285
23 1 7450 63
100 21 19520 145
100 18 6913 525
73 91 6866 53
73 63 13061 38
73 14 5449 45
37 24 33295 140
16 33 47468 76
79 12 24029 659
69 9 8685 170
58 69 10146 58
42 71 78624 240
39 57 41243 199
2 51 94104 202
66 62 6625 418
25 65 41555 275
11 72 16653 87
41 43 25264 54
15 48 107630 355
99 6 8325 172
3 44 17794 61
63 40 8026 839
97 78 8325 275
76 12 171434 28
47 45 5770 270
4 17 21298 420
21 11 86330 581
77 4 33666 321
62 29 33745 25
64 50 30193 13
24 71 14770 258
38 71 33765 158
29 80 4501 207
96 69 40610 345
66 25 16873 624
44 27 38263 177
38 54 10251 88
75 29 8221 478
85 1 70033 584
65 46 9646 90
27 73 11111 242
9 59 64643 195
24 82 21705 46
32 5 4112 136
5 26 1827 100
82 91 14052 174
90 46 10848 265
45 44 7846 160
25 74 46329 90
88 27 201082 178
26 91 45707 249
59 19 13601 589
44 23 4489 378
65 90 17782 251
28 54 75787 92
37 54 24897 104
34 50 15125 200
57 68 17035 43
18 51 25847 73
47 19 16649 183
29 86 12740 212
21 88 211734 55
91 28 4287 388
78 1 40745 584
26 60 24154 82
19 24 24014 384
38 73 9925 136
54 17 18504 72
97 70 33911 135
3 74 8396 202
87 77 15520 289
42 83 34331 78
100 35 10674 35
82 87 27270 443
82 68 5799 118
53 28 4470 29
16 59 32180 227
9 39 70481 56
96 62 16839 1075
23 19 12631 213
46 20 32816 96
9 11 32748 167
47 63 56560 162
18 44 8087 97
49 198
19 125

3433875
