100 299 1 1
15 81 94870 761
15 68 74832 271
15 84 101627 18
15 7 21607 1350
15 88 9724 240
15 75 43639 66
15 77 29615 87
15 79 41542 444
15 33 21992 221
15 50 5277 330
15 91 17568 116
15 25 23843 120
15 52 38369 119
15 44 96038 172
15 36 34418 56
15 100 10062 391
15 46 39881 70
15 41 7607 186
15 27 65762 564
15 67 44583 569
15 34 202756 407
15 30 11068 425
15 62 7766 97
15 58 19264 155
15 95 22788 75
15 72 19479 153
15 23 39915 172
15 47 3523 318
15 56 42846 704
15 26 31955 49
15 74 20829 2200
15 51 19381 120
15 17 8154 100
15 4 12823 178
15 86 27215 330
15 20 12136 314
15 53 10525 63
15 19 11604 463
15 97 6123 834
15 45 5941 123
15 10 14026 158
15 42 5839 154
15 49 19038 39
15 29 37236 163
15 11 83310 41
15 66 16271 230
15 90 61021 78
15 73 15390 123
15 83 12073 149
15 24 6970 444
15 59 19483 6
15 22 7127 29
15 70 9262 325
15 28 15141 427
15 85 147774 179
15 63 5750 226
15 6 4417 96
15 40 112949 248
15 65 39286 529
15 60 9992 117
15 71 95932 449
15 99 33794 57
15 48 5261 289
15 21 77246 63
15 96 59519 130
15 37 11366 50
15 78 33743 51
15 43 69795 78
15 12 7840 198
15 13 21648 98
15 3 20520 482
15 2 2956 473
15 5 63326 396
15 54 17001 151
15 14 49303 173
15 32 50902 75
15 82 25568 316
15 92 59030 107
15 64 8341 335
15 61 9684 306
15 16 22077 391
15 18 45609 154
15 57 10222 233
15 89 75821 132
15 69 9732 183
15 76 60192 233
15 98 17246 472
15 9 92630 110
15 38 18716 72
15 93 30724 459
15 35 6739 193
15 39 74658 383
15 55 3784 60
15 87 27485 320
15 8 4824 226
15 31 43428 530
15 1 25031 100
15 94 24360 202
15 80 20137 209
40 8 36990 95
46 5 22964 195
74 88 38430 55
83 51 47921 66
75 65 5998 137
59 46 99002 800
43 62 34728 139
35 93 33259 95
78 48 1426 356
89 84 33664 431
9 26 11483 90
81 98 73729 292
71 13 13777 21
55 54 15441 172
43 97 65234 83
95 47 2939 172
44 22 23358 70
43 56 10251 97
58 34 11460 770
1 82 6313 349
61 31 8378 626
21 30 5313 98
49 7 96401 127
59 23 34522 229
34 23 11309 65
11 94 9026 116
46 76 34562 211
73 40 6895 133
41 54 7302 261
23 47 14647 30
23 28 27844 206
27 83 30821 324
94 73 30443 122
98 64 26306 88
25 63 11317 543
85 38 84395 480
97 22 3656 362
11 92 25673 491
78 42 14061 70
16 75 7299 503
19 3 81723 331
74 38 38373 248
88 18 59785 573
18 96 141863 188
92 99 1366 29
74 77 18561 177
47 24 33419 188
57 50 16717 103
84 83 84746 562
41 32 6068 25
98 7 6475 950
98 43 39128 631
78 34 17939 579
95 60 205001 251
42 61 5148 591
29 62 6767 84
36 45 87163 181
10 24 6320 81
72 53 7585 126
37 86 11531 22
46 97 12243 912
72 97 30884 457
65 59 3993 134
83 68 31818 516
93 76 34497 154
53 74 22872 495
24 91 38245 1816
9 99 16473 41
53 96 26233 74
14 25 114281 86
48 79 13150 165
39 13 10383 126
53 95 22986 32
2 23 15534 89
62 31 16354 43
99 63 150843 366
74 87 11221 288
72 94 10615 152
49 38 29687 319
28 83 28364 207
49 32 23116 82
80 67 57319 279
50 54 99393 237
18 56 37471 93
74 97 97036 518
37 58 26421 67
44 37 29426 147
75 49 17073 350
44 25 4111 24
51 5 25897 45
45 91 3682 121
73 12 42823 44
86 85 23188 492
46 16 83566 391
55 85 1272 195
80 52 13008 110
35 4 21341 345
83 36 6450 296
68 81 73119 323
76 99 8890 291
33 28 184565 808
41 59 7933 774
17 44 26515 172
20 78 15327 230
4 91 34938 162
77 79 19932 242
61 87 24472 212
24 6 11474 58
85 88 51878 438
49 68 13218 261
25 3 9982 213
40 67 48640 26
77 70 8869 260
58 12 6793 105
41 48 6679 277
93 1 32750 144
20 93 60646 73
91 81 19534 36
83 9 49855 732
88 57 33285 39
73 19 13416 286
55 18 16589 49
2 64 78301 230
61 77 12144 82
34 74 10039 80
67 55 5496 205
74 84 48763 585
65 2 17619 52
47 37 39303 618
84 58 24902 174
46 94 53542 165
30 7 54662 94
67 98 15571 828
45 57 18039 114
39 59 95987 206
89 80 15518 293
86 52 12711 25
31 91 47447 262
62 63 25098 78
92 70 24486 2112
18 25 18401 319
99 91 16981 299
40 88 35376 52
71 17 18663 684
78 15 43623 67
28 15 142409 200
95 29 8412 308
24 52 56197 777
66 69 7648 201
53 14 7162 696
50 23 39264 352
70 37 18959 122
67 53 39546 58
79 100 34953 74
42 55 77016 156
19 76 6620 42
41 51 73413 57
100 33 30755 120
20 54 63109 39
70 35 71118 7
71 6 11456 26
18 33 54326 175
97 91 41312 291
91 90 54387 89
54 99 11065 69
34 14 19725 142
96 23 13741 275
92 84 13224 141
43 84 14203 423
28 77 13374 230
71 77 20950 212
50 64 10132 226
74 17 14970 364
60 11 13236 373
40 63 50250 62
31 56 9937 55
38 33 28058 213
56 23 33423 447
81 13 43026 817
91 76 6686 105
41 92 5504 615
72 85 34560 107
23 66 39140 230
48 89 11009 577
89 100 16452 221
7 47 24179 175
43 65 1154 582
34 21 9962 28
63 41 11133 90
69 91 91253 60
18 48 45317 27
66 31 76700 54
30 86 69732 36
57 68 15981 79
43 35 8014 283
83 60 17917 126
49 16 6442 16
7 74 5801 370
39 96 14450 161
20 28 117352 122
15 2079
91 953

35267318
