100 299 1 1
62 82 5725 414
62 99 5323 110
62 5 4514 58
62 53 40768 178
62 42 8771 329
62 64 99283 21
62 80 1625 121
62 55 18155 286
62 92 17389 788
62 77 34501 439
62 37 36968 122
62 74 31879 170
62 3 7421 92
62 73 26828 149
62 70 16948 343
62 63 10865 166
62 97 32851 107
62 83 23386 375
62 60 48060 276
62 59 184881 43
62 21 25110 233
62 85 27737 547
62 56 79188 313
62 27 22422 469
62 88 44016 209
62 19 9840 51
62 36 91348 61
62 50 45036 895
62 93 3176 305
62 95 26077 107
62 15 42100 499
62 67 60196 178
62 49 11824 93
62 76 32998 111
62 31 23600 888
62 66 23863 165
62 72 9748 33
62 7 28722 110
62 6 13708 148
62 45 59926 114
62 54 14075 282
62 35 4541 146
62 79 106451 130
62 65 363150 120
62 89 10187 120
62 84 22826 197
62 46 15826 262
62 38 8835 39
62 86 85152 44
62 58 99514 17
62 44 49423 42
62 24 17142 69
62 28 297187 397
62 34 55247 191
62 26 32669 732
62 2 62405 974
62 18 8331 27
62 69 20944 98
62 22 13933 198
62 91 10413 691
62 11 5094 124
62 9 13708 44
62 40 111514 146
62 4 52268 73
62 98 7139 18
62 96 58025 81
62 75 22638 200
62 94 6581 146
62 68 50267 133
62 81 56174 318
62 23 73679 276
62 17 10682 127
62 39 153991 232
62 43 6140 198
62 48 7083 425
62 57 17980 248
62 16 11260 83
62 52 72645 162
62 41 43828 304
62 33 1965 347
62 78 16803 582
62 71 21639 50
62 8 16853 10
62 87 4027 279
62 47 24809 768
62 13 5474 80
62 61 46458 95
62 90 32654 117
62 20 11992 624
62 51 27228 173
62 12 34003 160
62 14 17006 300
62 30 5492 47
62 29 11582 210
62 25 75489 91
62 10 36136 453
62 32 7335 77
62 100 21057 135
62 1 42815 119
32 27 18247 115
55 46 57602 202
30 89 13128 98
71 40 29006 195
32 91 11124 68
64 75 6520 300
70 56 5867 93
45 86 178126 121
97 38 104582 98
63 15 16109 33
35 12 4528 394
22 58 24374 54
95 16 57908 968
72 39 6084 499
63 20 3785 338
40 69 2852 189
24 37 19716 275
44 53 35870 107
54 47 16321 120
45 75 207243 57
87 4 37055 294
75 26 36035 83
93 64 29201 131
48 65 10231 159
61 49 62005 204
39 13 5064 139
96 28 73075 166
85 74 30368 97
67 27 45828 130
87 71 100360 503
78 6 15439 280
7 50 26850 124
4 64 5377 336
27 66 1191 72
2 25 254644 191
2 5 34661 24
85 61 9800 66
44 93 22389 132
58 94 21192 219
98 40 15097 344
68 57 43922 339
41 61 9572 83
81 11 65416 292
53 12 13908 373
36 58 22672 167
61 95 38802 36
91 78 46421 167
70 14 3719 470
83 70 16670 70
55 53 66153 2179
96 87 12533 48
70 27 55074 188
92 76 2602 41
59 15 39884 385
67 58 83025 78
71 33 81010 97
88 3 15381 313
4 57 114621 418
48 85 30366 439
63 28 29467 38
7 81 10551 112
49 35 17857 264
42 41 37570 68
17 56 41758 147
72 26 38862 402
29 68 38722 322
52 17 12760 70
100 96 23270 47
13 69 28671 447
96 83 7571 175
8 35 28479 14
21 80 39222 40
48 77 8300 157
90 5 16052 437
11 59 194366 134
53 67 23630 147
98 3 17523 136
52 67 76941 104
43 63 29670 819
75 39 70882 78
67 53 6981 267
55 56 5252 281
79 92 49002 57
63 73 8122 383
24 2 13948 209
32 87 8756 286
33 64 61252 13
91 100 24338 96
72 19 16419 453
88 98 10554 489
20 84 32889 279
38 5 77216 43
47 19 101837 91
76 73 5896 182
76 56 38788 36
56 55 5141 347
76 2 30738 562
47 51 8079 1538
10 71 2966 402
80 82 77871 66
77 96 9739 181
43 95 37803 81
95 50 11908 281
66 92 52665 147
8 94 45593 392
4 66 30953 126
40 91 19317 42
61 43 12496 155
29 14 46219 235
24 11 90946 40
77 75 6874 289
80 44 23714 290
40 42 63965 936
52 18 46653 253
74 54 15199 161
43 12 92311 238
6 32 28598 99
64 90 11649 47
36 86 88476 2635
69 55 195295 144
33 12 50564 589
97 63 50272 612
66 20 18984 357
84 86 11254 314
83 92 26834 269
10 56 28233 101
23 62 104478 232
89 93 4061 65
6 4 20754 95
16 95 21210 41
85 62 16476 506
27 40 145542 191
17 40 8590 25
68 22 11138 117
66 98 60996 272
42 38 79356 379
33 83 9290 133
86 37 33905 72
32 92 4584 1134
93 89 37839 40
41 56 18545 213
26 42 44967 279
86 17 29610 128
94 17 19408 286
80 40 3833 186
41 53 30406 168
56 33 63369 123
52 42 6484 948
42 39 36142 810
36 43 51599 65
19 92 20275 117
15 22 44577 258
75 94 61468 202
19 34 75507 210
3 58 134511 66
76 65 16797 170
46 62 8835 1306
56 15 10093 842
2 78 5350 359
34 82 10521 57
100 42 63257 159
16 32 29370 44
17 14 4433 204
77 27 13403 194
24 49 53668 82
20 45 13227 244
38 3 21333 98
74 88 8504 33
11 95 7667 34
71 97 23844 28
83 39 4934 148
59 80 10645 123
50 56 12505 66
68 28 5181 35
88 29 11698 229
22 16 29180 52
76 92 33792 21
19 61 4635 35
55 3 15544 72
60 58 24271 34
68 45 71800 112
26 45 121174 115
89 88 77478 203
45 56 15683 220
76 49 9615 798
84 36 4931 254
47 88 3826 54
47 22 19451 540
42 33 2974 182
75 63 9030 390
89 70 19485 261
47 54 33553 138
24 14 17254 110
79 31 7262 137
23 74 21034 287
61 67 9027 327
72 33 31888 440
2 13 14559 55
71 12 40210 438
21 87 12483 740
62 1980
56 1045

43020972
