100 299 1 1
82 32 50918 219
82 75 30627 416
82 4 8744 457
82 45 60937 163
82 85 5328 2718
82 74 10238 38
82 47 70627 4091
82 28 90498 92
82 37 63798 143
82 27 9142 49
82 53 14822 99
82 59 14143 54
82 90 52369 79
82 21 38828 334
82 96 95873 19
82 15 56493 87
82 61 26688 142
82 84 14271 327
82 65 26035 133
82 42 13956 463
82 5 19818 97
82 8 23067 50
82 2 12019 275
82 69 14628 53
82 86 131127 29
82 57 12306 25
82 98 42706 152
82 60 18676 193
82 46 21585 314
82 41 5866 108
82 36 40003 160
82 67 29208 266
82 52 32264 201
82 71 18594 17
82 58 3680 34
82 73 30297 865
82 6 31142 327
82 24 26399 222
82 95 19483 52
82 54 7327 103
82 76 61029 79
82 29 108976 648
82 51 9037 94
82 16 15892 71
82 35 38800 62
82 77 13973 276
82 38 13023 116
82 23 73456 43
82 78 50312 49
82 10 47813 205
82 48 36727 359
82 97 36948 550
82 20 323245 200
82 88 13145 27
82 3 96516 223
82 83 9832 48
82 19 24575 192
82 93 4978 65
82 25 13079 206
82 87 15465 63
82 94 61078 160
82 13 16874 210
82 62 44127 141
82 33 13084 126
82 26 12689 292
82 1 193473 167
82 100 14382 96
82 70 17185 4
82 56 31060 146
82 9 133620 133
82 55 36579 173
82 68 43611 61
82 50 26638 122
82 30 10741 97
82 64 73712 24
82 22 25487 181
82 89 49603 36
82 18 11747 52
82 80 12524 289
82 34 23062 93
82 66 15943 476
82 92 62951 98
82 49 11469 64
82 31 26305 35
82 17 5120 125
82 81 42043 18
82 39 17178 123
82 79 8899 137
82 63 28438 172
82 7 24366 72
82 72 5807 95
82 14 22221 19
82 12 28467 73
82 40 30409 137
82 99 9691 44
82 91 90126 120
82 44 78570 112
82 11 52071 193
82 43 5542 53
50 21 17556 1579
11 69 70446 135
52 78 3608 454
14 59 54043 357
9 36 27459 95
48 49 54624 141
23 97 6111 745
19 65 28108 474
60 63 11604 70
73 77 4454 56
9 37 23096 133
86 83 5720 251
98 42 18277 364
63 84 15788 31
60 25 32310 152
88 86 30879 152
6 9 11760 84
72 91 7421 145
37 14 22942 63
85 89 7623 109
74 16 130670 1369
98 87 11247 2291
7 51 11687 199
26 87 19023 543
57 2 7410 356
7 3 4718 189
40 69 33468 65
71 92 16666 907
21 82 22632 153
16 93 29907 57
61 17 11437 93
90 44 6853 52
60 28 16916 1488
36 74 8380 37
85 82 13455 350
19 70 18941 168
5 97 58421 60
16 25 148338 137
59 10 44739 45
38 10 4536 363
33 21 11202 657
66 25 71241 1111
33 87 9816 41
14 68 25470 139
91 33 14104 109
8 68 7174 138
51 45 7042 40
50 38 9836 62
14 7 5016 62
52 98 10674 729
22 86 18629 50
47 16 12520 121
84 68 17890 219
95 19 35584 54
49 14 63116 1135
81 80 25940 201
87 45 71915 181
89 78 50980 36
83 91 55980 108
13 54 61499 153
15 68 13051 41
23 54 5487 303
100 68 29680 48
100 7 15487 170
19 90 23292 104
57 37 175500 322
8 54 8299 133
57 6 159026 612
61 65 72300 71
60 56 179539 127
88 5 28475 153
50 69 21665 483
71 56 28134 127
6 35 111243 102
70 29 34066 159
31 48 33376 97
73 93 13998 360
75 23 19156 102
88 42 33200 383
61 100 21159 78
57 39 42126 57
39 10 11756 43
74 61 44831 130
10 18 17903 188
74 45 9714 41
80 37 41571 155
7 78 5427 239
99 79 68676 61
30 41 97653 61
56 51 21612 37
2 61 4062 317
47 42 6595 118
52 29 14938 82
94 79 33937 112
66 62 25046 250
30 88 2383 114
53 34 48559 109
75 79 138256 652
23 63 44323 183
4 8 8961 226
46 59 18730 624
45 63 18436 31
87 14 8295 385
27 95 32421 220
20 28 11651 180
14 21 16646 37
68 27 28608 118
99 64 60720 34
12 56 17402 145
86 24 18771 209
61 52 14554 80
34 6 80853 43
43 85 18699 66
67 30 19797 75
31 65 12642 95
32 82 10155 517
98 82 35296 428
61 26 19222 73
46 16 12302 272
41 88 64151 217
7 62 50784 984
16 20 13307 208
29 54 43530 67
23 69 11538 277
64 82 10259 666
4 80 6461 261
20 57 17325 468
16 61 4393 360
1 18 21091 102
54 29 106706 125
14 80 3284 50
83 96 16083 120
90 65 22802 28
31 36 80135 310
29 25 46777 45
4 69 362467 22
2 56 11418 400
75 9 280741 180
83 65 13625 421
24 55 10226 214
67 17 46920 20
10 88 3654 212
76 46 47731 175
38 39 1491 72
29 14 8594 1035
2 93 27648 31
32 63 8784 728
50 24 25883 344
44 97 2067 159
11 80 26978 108
49 70 72024 100
23 45 164350 179
17 27 11958 106
43 40 21473 48
46 58 17932 72
41 14 10358 179
90 98 48309 45
99 7 29931 164
85 57 20728 734
36 67 36092 72
11 70 20905 28
13 46 7514 83
8 1 25277 165
64 30 73418 117
10 96 66877 32
27 14 21658 750
72 70 34473 51
30 18 46956 93
83 43 168529 478
8 57 26078 33
59 3 21069 110
67 58 45829 109
100 9 6011 95
74 94 26761 240
61 32 6374 284
92 45 7077 641
32 14 11066 48
80 2 77827 235
61 90 19613 52
30 45 5037 205
49 46 26527 63
46 41 18253 657
37 54 50012 880
2 97 5301 19
90 62 15523 63
18 58 25876 58
20 92 26669 109
26 73 38093 171
20 64 37247 478
8 15 23238 140
59 34 5005 86
58 25 21625 99
78 88 19801 105
71 73 8788 34
14 52 4208 109
63 24 33086 168
22 32 20239 91
19 12 13730 47
51 65 26191 62
86 50 12661 45
82 2772
14 1153

52476248
