100 299 1 1
66 85 30650 308
66 27 9699 66
66 19 46609 197
66 62 203402 265
66 83 24860 532
66 47 33596 76
66 18 10171 40
66 30 24433 469
66 92 61075 401
66 69 2576 35
66 42 22862 23
66 33 297258 58
66 34 11501 124
66 55 23759 232
66 41 45253 392
66 31 52759 855
66 72 16519 883
66 71 16188 124
66 21 16777 164
66 39 13294 60
66 5 72526 285
66 73 144762 229
66 3 14760 22
66 40 24601 994
66 54 67521 232
66 35 263048 545
66 50 16710 353
66 9 9365 151
66 13 29319 124
66 96 95488 160
66 70 9191 115
66 46 39808 615
66 8 30076 201
66 84 9828 125
66 86 28092 69
66 53 103426 116
66 58 96317 146
66 28 137476 175
66 100 14115 175
66 78 18072 1265
66 74 28209 368
66 93 7947 89
66 79 43997 19
66 36 4423 20
66 48 39294 268
66 88 13197 346
66 81 67229 377
66 43 19273 123
66 52 7077 45
66 17 9462 434
66 90 13911 161
66 77 18897 138
66 67 96045 236
66 99 8400 172
66 76 21253 184
66 63 9197 37
66 25 12155 85
66 95 17751 35
66 22 98414 561
66 16 26715 458
66 89 45973 152
66 87 12543 103
66 38 4997 1874
66 60 11249 205
66 91 74621 363
66 51 63769 106
66 97 116476 51
66 24 179790 21
66 56 10149 33
66 4 25282 89
66 64 8981 102
66 23 9903 102
66 82 65343 999
66 7 16360 50
66 14 57684 47
66 6 7765 53
66 49 13390 53
66 1 11553 484
66 57 59011 127
66 75 26057 82
66 45 6293 669
66 10 19168 42
66 65 16339 236
66 15 45385 264
66 32 60377 156
66 59 22456 919
66 98 2126 122
66 29 29350 285
66 2 13643 62
66 61 49723 262
66 11 10723 159
66 94 3919 61
66 80 77027 174
66 12 5279 275
66 44 1658 255
66 20 6444 1194
66 26 20173 45
66 68 60269 22
66 37 13170 274
46 74 30271 289
9 97 38145 43
94 37 32921 16
68 91 22157 39
15 94 9673 841
42 70 57512 25
72 11 91223 378
42 52 21171 133
87 57 55175 217
85 59 28054 61
48 40 147446 108
35 12 16204 198
73 91 46239 240
99 88 100015 54
54 10 198062 62
45 56 62954 35
91 44 22252 167
11 94 11985 46
75 73 6522 114
5 82 86943 21
13 54 20360 81
41 84 201688 365
43 44 27331 92
38 27 18059 187
11 31 17669 751
5 46 22672 66
22 32 10452 497
81 10 4366 397
55 7 6038 199
43 74 5647 359
54 32 5151 75
47 71 23500 182
90 53 38183 220
30 11 16177 101
56 59 18874 237
37 63 94251 136
87 98 18399 41
40 47 22036 424
31 55 45181 122
24 42 53295 10
57 48 9776 111
67 37 4373 323
85 31 7853 199
35 43 211674 859
30 56 26679 15
97 42 80561 440
16 21 14371 965
25 91 36545 29
36 69 45278 95
41 50 39002 1886
13 91 11995 29
61 4 10901 225
7 54 6126 79
42 99 85282 341
39 44 92983 99
88 81 101991 212
39 85 48746 115
85 7 8164 10
79 58 22931 254
56 49 11269 76
4 53 24654 41
14 80 9186 550
91 49 21893 380
80 91 5649 657
33 28 17886 452
65 14 17084 48
48 33 13271 47
2 38 7732 87
61 42 45206 66
40 56 13251 534
50 60 13985 197
43 73 35161 11
71 26 24381 132
26 77 29194 47
38 29 8746 376
55 45 35563 12
44 33 1194 182
34 89 30229 22
99 11 6333 59
77 74 74364 83
15 30 28958 46
96 93 82419 176
64 65 31766 89
70 47 11747 1448
49 48 9108 264
49 88 77440 305
12 76 20610 233
62 72 10162 109
6 89 102945 427
51 83 14081 84
100 28 8230 745
24 63 72711 197
82 41 5156 363
88 1 44269 58
72 28 20430 176
16 23 64683 136
50 91 21675 259
13 73 8492 904
55 59 40154 26
72 94 60477 250
41 30 46741 311
77 66 11603 91
35 38 19956 100
45 22 45193 43
46 80 8497 20
49 91 12813 59
75 64 5185 59
42 7 52783 122
41 52 32707 621
11 12 21372 67
46 68 16281 213
63 66 7601 47
87 12 6495 162
87 70 17898 69
88 77 12301 155
32 14 109307 344
15 11 38184 205
21 2 14344 112
82 46 28426 258
43 91 16641 339
65 55 14780 217
51 24 12989 171
100 35 24713 35
75 23 25855 322
69 45 22665 143
89 67 9168 133
63 39 12698 720
4 94 16051 319
63 65 28642 147
25 59 76568 93
17 49 31491 147
24 47 94145 111
37 39 78958 51
61 28 13433 210
56 21 55798 112
13 64 102881 971
2 75 41288 70
65 59 28936 750
100 59 44132 422
22 9 17538 45
82 44 6667 75
20 90 9736 269
41 76 34860 276
1 39 8139 174
45 33 6141 1040
72 58 40383 124
99 18 8466 260
93 41 8064 202
70 5 42629 1436
97 74 31946 73
2 74 15274 57
37 38 8271 76
35 94 2046 75
14 95 10273 228
83 29 25785 114
81 47 189755 564
38 95 30719 720
9 4 59033 451
22 31 32073 47
74 41 103922 357
54 30 17657 144
12 79 66306 262
64 22 48044 253
19 20 23772 16
22 25 11825 89
52 20 11246 295
43 71 33197 110
45 1 61372 234
71 91 6778 334
62 46 13977 109
5 53 49164 61
77 89 16415 148
15 93 30389 260
36 95 103835 85
48 5 38905 50
99 89 69843 27
80 98 121313 222
27 31 79605 154
61 89 34538 226
99 20 20747 351
62 77 118736 139
49 7 5156 59
24 37 32550 289
81 54 23641 191
75 80 115165 275
68 99 95286 93
7 45 19375 53
65 8 23399 31
97 24 11564 18
79 33 13937 102
95 5 32599 731
10 93 4948 106
29 81 36467 395
73 7 191673 197
92 40 9457 315
76 14 22376 25
82 55 22995 288
96 77 13568 95
87 62 123058 207
45 93 19097 19
66 891
91 90

2066940
