100 299 1 1
48 70 7561 152
48 7 64656 128
48 84 22566 134
48 81 29926 327
48 12 15746 217
48 56 33867 528
48 86 9549 117
48 10 18043 42
48 88 6792 29
48 4 15240 297
48 39 70212 17
48 8 15892 73
48 97 11361 156
48 79 15973 70
48 69 73283 409
48 73 55478 550
48 66 32568 90
48 58 9897 119
48 11 58424 15
48 28 105021 122
48 47 572885 64
48 32 40543 80
48 76 17196 1917
48 53 22028 85
48 38 30287 81
48 41 48882 181
48 98 28895 201
48 82 1468 944
48 50 21258 83
48 6 31277 265
48 35 6651 47
48 30 33190 96
48 27 95775 52
48 54 29141 170
48 90 24967 391
48 3 25240 658
48 77 26747 66
48 60 6836 242
48 96 70634 150
48 64 70158 475
48 68 86106 713
48 95 630320 37
48 99 41100 165
48 23 13379 498
48 75 57309 43
48 9 136173 278
48 15 9007 420
48 45 8710 71
48 37 37608 265
48 49 6451 76
48 42 62276 65
48 62 17166 127
48 26 2961 843
48 91 77940 53
48 18 51729 43
48 72 24406 81
48 46 40980 253
48 83 43041 118
48 87 5744 802
48 17 14791 82
48 52 12155 319
48 13 9435 291
48 34 22259 55
48 74 16027 62
48 25 3800 99
48 93 50708 168
48 16 6343 1081
48 61 157236 178
48 44 42368 323
48 1 7756 113
48 57 5034 39
48 31 6433 130
48 55 159209 439
48 94 34040 29
48 22 17357 1165
48 51 5235 68
48 5 6405 265
48 24 17952 23
48 20 26665 2236
48 19 14458 527
48 59 109398 124
48 92 83808 110
48 67 8388 777
48 65 6806 106
48 33 22507 156
48 36 60082 620
48 100 33189 326
48 89 22066 53
48 2 7028 43
48 29 46821 199
48 71 12597 140
48 80 12674 42
48 14 27149 366
48 43 62525 67
48 40 48726 603
48 63 54137 154
48 78 28161 236
48 85 40683 57
48 21 7115 56
16 8 23362 346
29 68 63444 331
54 45 17848 432
57 73 48070 313
2 70 17006 82
6 44 12224 108
72 89 19535 40
25 63 28495 280
76 55 17364 410
32 38 44261 215
85 72 29183 205
72 3 51608 556
85 95 63164 288
92 82 21497 258
54 16 24362 367
66 49 39512 234
79 64 23318 156
58 69 25438 47
99 51 7199 451
18 65 25607 340
87 61 11186 174
46 69 32369 100
32 81 12322 77
11 40 14478 163
96 87 17177 356
57 69 10580 248
37 68 34770 1391
50 73 30676 1141
14 83 7966 272
39 29 24888 133
18 49 20563 80
21 54 46522 84
19 98 35492 809
45 25 25917 217
61 8 4608 90
68 9 12741 66
53 71 135130 74
19 22 1953 99
1 42 5308 141
60 10 11311 378
49 75 13312 314
97 27 24860 300
49 8 17894 327
15 68 11821 255
50 42 25046 374
88 82 16358 131
93 16 13199 351
31 69 66197 21
27 46 25404 59
81 86 31536 98
52 7 28885 51
73 91 33265 94
9 19 26147 166
62 31 25553 284
1 21 65418 269
70 79 17818 39
33 94 69362 527
44 26 14957 190
64 9 31514 208
2 45 8428 531
23 48 14990 306
78 79 26028 114
19 88 26068 81
71 96 77982 894
63 24 1394 19
34 9 19436 511
62 24 4457 171
17 27 34116 118
19 69 44297 241
69 21 36653 142
69 86 4969 88
17 94 19904 57
31 48 55272 173
61 47 52093 166
45 74 70041 313
50 10 35156 151
65 9 14151 69
4 73 5966 74
12 19 73763 248
2 50 94163 74
17 72 15970 586
64 68 9645 379
34 71 46983 47
60 11 141418 64
91 32 14954 88
59 14 42156 80
9 16 65644 115
41 93 5923 110
87 67 70855 224
14 8 27248 730
13 32 8522 38
51 38 71624 294
47 12 22041 108
94 42 15670 36
78 65 1974 63
86 24 36807 84
26 82 56033 95
39 53 24945 85
94 36 50962 98
54 51 9795 116
18 57 38741 34
14 66 48457 107
68 43 7460 1055
31 19 22432 621
85 54 6647 122
95 32 6450 148
39 97 68532 431
79 83 5833 578
92 53 33140 77
76 62 23704 115
58 61 5130 80
54 59 8081 201
38 23 10522 372
49 66 83569 375
96 17 147996 586
2 73 7298 100
56 45 23548 111
44 86 17282 770
68 80 24116 185
10 78 38697 30
82 19 14917 252
51 57 15896 147
96 70 13298 66
81 57 4888 58
21 55 36842 350
77 68 8698 230
24 95 12518 248
51 98 52328 132
68 8 13077 83
89 66 77446 111
10 17 12453 65
35 86 14745 66
6 25 21248 1014
50 33 12559 123
16 22 63231 1138
63 90 16293 88
24 13 109907 113
80 11 15755 36
59 95 14433 94
46 45 39764 102
100 13 19036 526
73 78 27862 218
65 100 91843 267
69 28 46828 74
81 82 18583 385
14 75 72308 199
63 33 37961 96
82 35 11457 126
13 36 9708 250
68 7 18808 299
55 43 19025 294
90 95 65554 462
80 90 27596 73
72 46 97364 140
18 75 20828 325
85 11 58632 64
7 14 1337 2082
100 47 17961 86
76 37 9046 275
12 11 660 647
96 22 62599 53
32 6 7884 648
64 42 23830 44
75 1 54172 607
77 17 31922 135
75 37 77159 218
96 30 9716 2459
61 86 8436 38
80 29 12141 205
46 63 10596 126
69 16 22111 170
74 2 47418 192
10 45 73014 22
2 52 15586 109
24 72 31423 144
36 6 16276 219
99 5 22325 37
66 47 57866 62
93 41 81129 84
66 36 12480 62
37 92 11786 118
82 54 10490 218
36 59 14656 155
66 75 19249 276
73 34 115587 873
15 96 17429 136
83 72 27571 277
86 91 43810 129
64 33 49807 62
58 9 32708 1253
5 10 14151 42
91 79 23256 152
94 72 6792 316
2 12 12874 299
38 43 73565 38
22 51 11216 199
27 91 88473 120
72 100 9729 285
85 67 10765 196
29 39 54555 59
48 594
86 64

611136
