100 299 1 1
68 61 10272 333
68 82 20970 516
68 40 25555 561
68 37 139937 660
68 36 7577 45
68 97 77429 149
68 12 32439 301
68 3 14914 61
68 72 7364 242
68 14 8358 141
68 4 33205 127
68 51 16888 205
68 76 12682 198
68 100 87043 265
68 55 56095 246
68 25 74439 251
68 89 34184 76
68 78 9740 48
68 38 31304 87
68 35 10470 19
68 19 15077 121
68 48 34140 168
68 63 131095 118
68 57 7396 313
68 92 12124 259
68 91 25453 112
68 60 41991 85
68 90 16687 126
68 16 30347 1801
68 45 49933 129
68 84 11294 565
68 1 125722 149
68 74 2946 60
68 67 71024 46
68 73 3527 91
68 83 26712 226
68 59 10426 90
68 24 18603 39
68 69 16831 42
68 50 8191 101
68 42 3723 503
68 26 52295 34
68 28 11121 57
68 47 62543 176
68 46 26180 88
68 6 20663 54
68 9 13609 367
68 10 43144 157
68 27 58359 48
68 49 17955 51
68 21 40996 207
68 86 16485 22
68 65 41448 562
68 22 15057 39
68 87 151350 38
68 7 32439 295
68 66 30232 383
68 20 53278 144
68 64 38038 115
68 34 25034 128
68 33 6627 200
68 54 121958 25
68 2 8989 335
68 32 109385 37
68 53 78442 113
68 79 26399 113
68 44 31267 73
68 56 107439 49
68 96 14545 129
68 11 24754 456
68 85 73210 105
68 80 47287 30
68 75 84622 100
68 94 14138 130
68 31 10296 1088
68 58 21714 280
68 62 28419 139
68 71 80144 84
68 17 22226 1013
68 93 84677 176
68 77 17512 195
68 88 8073 25
68 15 14250 53
68 13 7839 44
68 95 1926 312
68 43 34438 92
68 52 33916 704
68 23 33350 380
68 99 186182 101
68 5 8334 209
68 18 53869 65
68 29 23442 564
68 81 43887 313
68 30 101735 234
68 8 21821 25
68 70 12975 108
68 39 46398 523
68 98 10352 409
68 41 17010 95
59 28 293072 507
1 40 20823 150
50 69 8895 234
87 73 11949 142
86 3 98431 221
93 66 64948 46
93 49 7389 310
49 23 10905 69
8 37 57314 17
79 57 75832 89
39 81 14654 71
93 4 2273 60
100 41 6256 84
51 4 27283 551
42 20 36080 89
30 22 44497 274
40 17 50348 111
64 94 15343 48
70 20 25007 692
75 73 69620 134
71 91 8430 23
89 4 5619 270
59 7 14127 44
95 78 3892 317
97 86 6169 37
3 73 21489 281
96 30 75835 179
67 14 29071 191
26 94 13531 123
70 33 9277 298
51 40 16668 139
79 1 82109 92
47 59 36707 41
75 41 4396 113
5 3 260947 209
100 42 78089 47
70 83 18189 35
4 10 33775 264
82 31 23856 89
72 54 34688 225
98 35 53447 186
58 47 25812 46
66 92 17699 325
59 8 16993 438
69 33 64434 129
60 50 29407 185
72 36 260252 85
28 58 45004 95
97 72 10545 578
32 67 23314 385
86 72 21552 224
88 83 24052 28
50 17 81116 611
36 60 303514 637
3 2 5145 109
95 60 15855 253
54 96 6304 530
97 78 18586 396
56 52 130138 72
20 95 11151 428
99 18 16116 390
54 87 129370 309
26 69 20455 898
100 76 16597 74
39 90 121937 222
86 69 41284 178
33 66 16682 179
31 82 137154 101
66 35 22923 159
44 19 29397 103
46 86 78242 78
7 49 88897 70
45 19 47953 41
46 9 79834 341
43 16 34611 325
26 11 44848 131
96 68 10155 136
83 74 59330 415
7 35 30909 375
76 90 91361 353
60 44 18687 119
10 59 15102 86
80 63 28319 297
36 3 4345 392
10 55 13377 178
51 13 13803 371
18 14 25177 43
96 26 31810 995
13 39 12727 45
88 4 43242 398
58 95 36172 191
33 40 54239 110
53 32 7697 60
77 67 24455 95
16 62 25267 121
8 84 25507 193
63 70 12029 58
29 13 3556 193
8 60 64115 743
49 20 77629 340
86 50 7856 286
74 52 20494 158
62 2 18941 187
10 7 13515 114
13 31 17101 975
84 100 119053 79
99 2 14494 83
24 66 3579 89
74 41 7328 494
51 97 6647 353
97 79 29620 280
3 25 9124 19
27 39 41986 20
26 45 41200 163
69 43 4420 59
82 83 9990 19
3 45 27553 81
99 55 9974 472
84 85 21434 45
39 94 4286 110
29 80 42696 514
99 66 32574 828
77 79 15509 44
88 80 40320 272
40 50 34680 382
99 17 15753 37
19 44 19419 44
26 39 51656 114
69 85 18566 356
58 6 16190 258
73 57 8181 31
23 37 29383 159
36 40 23283 312
89 50 51502 350
98 88 176023 202
73 33 4429 15
23 69 64573 741
38 26 47009 44
28 68 60769 193
12 92 39228 51
4 52 24937 77
16 20 21483 140
7 15 22725 1251
80 27 94368 110
48 53 7580 80
63 27 33386 382
36 75 33160 90
91 78 191316 40
73 8 34294 208
78 58 32985 390
71 100 47836 85
66 8 4500 189
33 63 79409 96
83 60 14463 83
3 38 7211 246
81 53 18603 122
54 71 34271 93
74 9 12207 178
48 24 19463 393
56 7 70820 224
59 40 49739 331
93 53 41802 54
16 59 28364 109
41 62 15492 257
41 80 12576 47
40 98 20128 154
6 93 17035 830
28 86 112240 268
97 53 34459 56
4 55 9965 87
78 40 15495 60
15 31 46281 51
26 19 2096 217
29 72 46284 365
47 11 24047 104
39 17 18976 189
31 57 9725 1098
75 47 2097 351
51 86 12211 127
37 88 71093 159
8 21 23239 18
57 26 56548 374
26 65 17325 108
98 29 48789 204
48 29 26931 10
81 91 37877 783
57 43 8873 81
58 75 9152 437
92 67 17370 399
23 25 7204 183
56 16 48864 312
59 79 22413 184
40 74 83518 38
85 49 27150 131
57 17 14031 121
93 72 163439 95
86 1 14120 286
45 91 13697 62
70 12 21978 581
70 18 50563 101
68 693
40 344

8536400
