100 299 1 1
20 31 8572 43
20 82 11430 116
20 57 12075 70
20 27 7317 223
20 13 231351 173
20 39 28848 157
20 38 14446 61
20 61 25231 206
20 29 20930 58
20 69 79260 58
20 49 9383 97
20 95 19063 232
20 19 28086 116
20 7 172361 38
20 100 18111 100
20 54 39596 34
20 17 45643 226
20 50 11295 612
20 43 54782 331
20 77 60662 78
20 72 23493 95
20 56 29047 927
20 28 14005 223
20 42 23849 18
20 87 1137 198
20 40 13047 124
20 53 53544 181
20 26 70049 169
20 84 16706 417
20 36 13228 31
20 41 791349 135
20 35 3750 212
20 64 18315 45
20 81 10635 192
20 94 101628 1368
20 60 22293 38
20 34 1453 55
20 1 48953 106
20 75 9135 373
20 92 37071 72
20 6 20873 232
20 52 9651 48
20 32 31792 139
20 22 25272 464
20 80 14449 260
20 59 58795 642
20 14 115005 124
20 86 95201 192
20 70 24979 157
20 62 15717 271
20 9 5899 152
20 47 41912 34
20 66 5064 76
20 37 41478 232
20 25 50045 97
20 51 47439 767
20 21 16510 471
20 2 32571 331
20 93 26842 40
20 11 72414 139
20 4 20964 213
20 88 31192 373
20 58 5797 25
20 89 7040 826
20 76 25825 80
20 16 4864 183
20 44 40565 536
20 73 1944 150
20 99 15687 510
20 33 21351 1337
20 45 69835 56
20 96 21417 209
20 8 127149 118
20 48 91296 663
20 71 6623 91
20 46 30516 123
20 30 97543 132
20 97 1539 212
20 3 13222 1079
20 24 10020 354
20 12 22771 174
20 23 5450 22
20 78 12554 226
20 55 24418 38
20 83 14735 44
20 79 29537 210
20 63 137766 48
20 98 21917 136
20 74 48313 53
20 10 6046 22
20 90 1371 351
20 65 4836 110
20 85 22682 1482
20 67 25457 209
20 18 60072 737
20 91 13771 59
20 15 4715 381
20 5 99061 310
20 68 17060 434
56 87 35644 113
79 51 41750 14
45 6 12835 242
65 10 9631 137
48 100 18135 326
41 82 119258 263
83 82 31301 102
16 44 64608 273
2 5 4442 101
97 50 21888 173
22 6 28986 19
35 56 29863 512
23 85 3579 70
55 19 41788 6295
13 85 11511 401
76 29 7782 454
31 49 10155 44
64 95 35260 20
5 100 50260 292
68 57 9923 828
80 18 20106 42
59 1 26472 368
7 26 18031 91
64 46 34495 99
6 3 8942 116
46 8 7003 123
90 49 19328 508
68 18 8938 241
34 80 4012 297
81 24 49987 126
79 30 8367 361
99 78 22036 455
71 33 146841 254
48 82 11689 277
33 23 3009 103
61 54 3422 63
62 20 11654 532
2 4 6294 167
13 79 19664 61
48 93 15733 1088
10 21 22862 445
12 95 6517 60
90 100 8144 88
69 58 46380 82
88 47 4364 47
57 10 64824 72
68 2 19777 189
86 81 63864 698
24 88 59597 80
15 79 9914 1085
75 39 18179 59
78 61 13199 61
81 94 24847 74
44 2 12618 183
19 99 4712 584
10 71 65885 313
41 19 24036 89
1 16 1761 564
60 23 24122 60
98 16 12273 218
28 76 95310 253
55 91 76606 23
99 65 13804 36
90 71 23371 231
35 51 17875 72
77 50 38094 57
49 80 26590 694
63 87 25390 88
47 6 40865 1077
33 50 60398 296
50 21 11895 403
85 21 90952 407
70 3 55947 107
5 91 49768 88
94 25 15565 26
19 59 19618 157
34 55 84765 70
10 5 19807 1169
49 33 7439 434
55 43 158937 175
89 87 12829 342
44 80 2291 73
14 7 79126 257
30 65 43772 53
69 56 8309 105
68 15 35629 161
56 25 3097 678
36 97 170068 90
89 48 28186 148
91 55 108237 23
68 42 5266 90
2 15 3361 434
94 52 8633 33
98 59 11376 104
49 56 35817 100
91 2 55934 188
54 21 15375 173
45 97 18737 60
33 6 51449 38
64 75 54656 698
1 39 19313 188
77 19 49403 88
64 51 38890 122
2 55 53336 150
45 91 7013 90
78 23 13102 140
11 7 15618 174
93 39 7275 319
44 73 30248 113
54 48 34221 205
89 83 18132 85
50 92 23971 46
43 69 11978 441
91 46 11425 106
26 97 50031 135
61 66 81297 589
39 87 34664 28
14 12 31690 70
40 35 4744 152
32 61 33666 35
70 60 5838 598
40 8 75116 176
15 31 7731 273
40 25 3707 108
58 38 15754 210
74 84 15568 50
41 80 65227 71
69 38 3270 45
36 59 22732 128
76 83 18857 47
85 43 36014 301
90 73 3678 196
89 85 18119 3313
63 70 1838 143
60 69 8971 313
2 39 5616 48
6 89 16709 294
24 14 66880 179
3 51 3858 116
35 29 5528 186
52 47 12271 51
55 15 74904 381
27 95 16357 75
49 26 20799 150
75 34 8433 280
18 22 6673 137
28 41 47634 60
53 85 34253 135
43 95 54912 32
43 63 7572 84
56 12 26190 201
88 76 38654 778
100 37 124977 160
63 75 26263 357
26 78 54690 200
73 44 14345 429
91 75 24353 174
7 51 106993 208
49 2 40405 42
67 42 19644 74
11 95 8531 103
65 76 19150 258
62 60 13945 32
22 83 17758 144
33 81 15615 31
28 19 4466 252
27 12 79899 302
85 27 10784 44
75 19 5655 129
73 33 5801 109
85 15 9972 74
30 64 24060 591
38 43 181302 397
10 84 14411 95
83 71 66795 76
53 44 10487 826
15 60 35241 61
30 73 14306 94
75 47 75343 23
27 4 4106 138
46 71 155319 22
82 92 6402 291
34 4 8130 91
72 17 74769 94
42 59 43977 118
53 17 13907 151
75 12 21853 7
5 98 70220 381
100 86 17722 8
64 61 40956 298
36 80 8259 269
40 86 38277 288
13 25 32320 205
3 47 9869 87
77 21 5658 26
51 88 17711 117
89 65 20582 45
7 20 118349 199
79 82 27373 257
37 25 14131 332
20 297
95 26

495638
