100 299 1 1
56 32 13773 91
56 99 23051 39
56 19 11254 133
56 97 12845 129
56 83 19045 73
56 53 13050 72
56 80 2544 26
56 20 20551 562
56 100 37543 172
56 13 46052 341
56 6 6717 42
56 3 59101 91
56 91 15173 36
56 81 23252 130
56 5 77033 439
56 71 69104 719
56 11 30806 35
56 17 9284 984
56 12 25539 82
56 7 85964 202
56 16 8986 140
56 63 9385 97
56 96 118431 122
56 51 39311 99
56 28 14179 36
56 31 29394 21
56 52 5060 294
56 15 12711 140
56 2 15225 172
56 67 39403 117
56 21 77465 283
56 79 32930 613
56 98 45741 408
56 29 18728 36
56 8 19190 107
56 37 95948 296
56 66 62445 468
56 65 23495 69
56 62 10333 83
56 9 71626 20
56 49 9479 139
56 26 23318 292
56 1 49140 95
56 39 24387 94
56 43 10312 462
56 75 25951 103
56 78 79461 257
56 69 18101 663
56 38 12646 106
56 84 8755 94
56 48 9989 290
56 92 18333 671
56 47 8160 83
56 14 13514 89
56 86 16902 231
56 41 30125 30
56 18 62558 291
56 77 22595 27
56 36 13462 238
56 73 33251 812
56 94 21579 217
56 60 21461 89
56 57 7319 77
56 61 39846 359
56 44 10050 372
56 42 25170 55
56 87 30004 194
56 88 12383 233
56 70 16185 252
56 59 7876 315
56 95 19362 193
56 35 12535 213
56 76 38477 18
56 45 17216 200
56 4 19010 94
56 85 7789 38
56 34 38316 325
56 54 32077 63
56 40 29863 347
56 74 33899 212
56 46 162957 60
56 25 28229 158
56 82 20867 448
56 30 208289 232
56 50 13264 62
56 27 10356 68
56 64 9275 265
56 55 29142 109
56 33 8649 401
56 22 21480 93
56 10 40789 49
56 89 19651 131
56 23 63883 1106
56 68 7881 38
56 93 158260 79
56 90 8133 67
56 58 14158 26
56 72 13422 262
56 24 4410 422
80 70 43929 168
23 2 17939 35
32 58 91579 271
14 88 14474 284
93 5 30421 22
87 52 100447 80
22 16 14293 320
64 19 37612 227
51 8 18876 95
79 65 6460 127
4 57 18540 173
61 78 18807 132
23 69 70604 215
49 7 15027 101
37 21 14317 170
89 9 57403 241
37 35 4890 628
12 35 13489 246
78 13 71011 205
66 67 3925 584
14 66 36115 163
80 49 18189 294
46 59 44883 103
92 94 39281 276
4 79 20238 677
38 77 29633 183
84 58 90881 161
100 47 33539 502
10 54 46154 63
6 71 6360 107
26 54 16543 439
10 38 28502 243
74 91 13100 358
63 88 3990 39
59 47 6625 130
66 75 32397 320
51 46 61058 169
50 36 42684 2253
84 50 121062 9
64 40 9993 312
32 48 106923 244
23 77 15136 472
36 15 25354 80
32 99 50156 212
70 75 14241 50
76 26 14684 417
81 64 209958 31
61 30 36547 109
32 46 45486 247
45 48 35054 267
6 89 62730 133
55 3 47282 194
83 72 29221 161
73 12 16567 133
5 39 8456 80
40 66 38122 97
54 92 22713 283
72 73 16436 473
75 56 15081 744
42 64 19434 119
2 90 8360 375
62 1 21580 348
55 39 12110 465
44 86 19174 267
73 70 12912 62
4 14 148790 296
99 67 15882 25
80 52 44152 346
54 60 5770 122
9 24 125611 138
70 25 273740 1801
14 9 23852 189
6 69 144345 63
35 46 58158 298
74 66 17681 328
57 71 16114 215
97 90 27333 150
36 82 18629 1301
4 94 18245 142
4 45 14210 247
65 100 12662 167
76 22 39246 162
20 77 67161 132
36 18 19227 101
93 86 15240 8
79 51 17356 203
73 69 108660 70
12 73 43942 53
14 43 26812 399
10 6 6059 124
81 69 13963 113
28 90 16025 54
37 42 7291 57
72 71 22544 157
88 12 48126 226
86 13 13163 87
31 13 25865 249
11 87 28087 87
37 47 4861 336
38 69 19182 193
79 86 59555 43
71 16 23953 313
75 57 9146 927
74 97 26632 408
39 97 41074 65
86 91 27658 217
89 77 36213 249
47 91 120077 32
80 59 64816 264
21 13 24968 219
89 88 70233 25
76 99 54279 70
4 25 9418 146
72 13 4698 1233
73 66 18936 134
12 97 13825 142
36 65 60715 44
39 68 9471 158
19 40 25069 149
33 72 9401 183
72 2 33622 597
61 66 18991 92
4 13 73514 125
78 34 8870 68
63 8 10945 263
60 20 47300 184
31 79 400281 73
47 56 6418 102
54 26 29078 285
87 29 26481 172
85 6 20466 29
39 82 3741 160
58 100 19707 357
2 20 64317 946
15 48 35995 566
93 70 9152 85
75 16 39354 185
45 6 42409 294
79 52 10742 203
67 20 8802 85
53 38 17883 183
91 20 214778 77
37 99 235081 354
47 13 14731 266
86 92 38799 143
3 86 55897 707
31 90 42067 258
49 95 37251 94
44 31 22020 66
69 19 24722 34
85 78 24384 76
32 27 53594 157
49 82 16441 49
79 6 94480 180
24 17 69715 32
61 73 13175 147
64 60 7740 99
69 68 5481 46
69 44 76534 135
76 19 22850 149
8 38 71586 140
46 20 17183 741
27 97 33038 40
83 59 18336 39
79 70 75989 55
16 64 71854 104
27 72 5605 85
25 75 14720 167
8 92 9924 76
97 4 16791 152
80 44 12516 51
10 29 7797 111
99 46 6805 463
90 72 44990 71
88 71 9402 189
23 47 6913 100
81 12 7120 24
66 35 19244 85
67 26 13856 136
33 99 61617 33
96 46 2510 122
89 69 23354 60
20 15 11241 242
78 44 7468 317
55 41 2180 487
49 23 12854 228
26 7 85289 228
71 96 48326 108
94 50 3468 132
5 19 11317 80
47 3 81015 63
42 27 17194 264
93 76 39204 172
3 20 51940 545
95 56 4185 640
94 9 23307 100
58 87 23249 37
84 26 11085 416
29 88 33508 385
10 70 17775 169
56 1386
13 1301

41648164
