100 299 1 1
56 73 19002 27
56 65 27619 438
56 48 36734 259
56 69 41584 85
56 70 11436 197
56 95 2648 372
56 80 12329 303
56 92 30173 691
56 81 46537 140
56 59 14491 96
56 17 77733 92
56 31 16660 141
56 49 25114 36
56 96 23808 249
56 25 39930 113
56 16 1094 129
56 60 7634 878
56 9 62524 37
56 5 28435 289
56 47 9269 33
56 23 7069 40
56 57 73522 1278
56 6 34850 58
56 45 37275 40
56 64 31237 439
56 12 1743 695
56 3 12821 237
56 30 18053 170
56 29 13470 945
56 20 93657 62
56 15 4373 75
56 88 20136 81
56 53 40926 351
56 39 26592 45
56 38 33707 187
56 51 41475 102
56 75 10766 166
56 74 5898 280
56 41 8557 68
56 10 42807 86
56 61 31187 203
56 66 6551 332
56 55 32145 88
56 91 26927 359
56 28 4226 380
56 50 76099 65
56 62 23455 267
56 24 5239 1178
56 26 22456 166
56 18 108951 47
56 21 23955 194
56 87 76005 46
56 4 3372 309
56 63 25707 176
56 2 4260 528
56 34 52963 68
56 42 16286 98
56 78 47113 54
56 32 3591 49
56 13 86440 108
56 54 2191 280
56 94 51061 296
56 7 15400 160
56 93 8842 78
56 72 21403 391
56 68 149091 34
56 77 16775 21
56 89 14016 70
56 44 24026 217
56 35 55703 95
56 27 17977 75
56 14 8104 55
56 36 10929 117
56 40 24624 150
56 46 7383 337
56 83 83046 195
56 33 9335 85
56 71 38119 44
56 22 4335 380
56 79 29543 283
56 1 24278 360
56 100 4905 31
56 86 11280 503
56 43 11783 100
56 11 99805 114
56 84 8827 35
56 82 23750 86
56 58 15159 180
56 76 9701 1156
56 97 34973 46
56 98 47398 66
56 90 15285 573
56 8 3177 689
56 37 59353 49
56 67 103575 18
56 52 20275 250
56 19 3203 147
56 99 3639 496
56 85 43676 282
44 46 49366 181
45 71 32394 90
42 45 29830 257
54 74 20341 426
4 28 94366 123
21 86 23582 163
72 30 7458 57
51 37 17058 143
37 21 107313 62
48 43 95932 150
46 1 108204 62
9 52 10940 97
4 52 10413 360
85 86 8360 180
20 35 11041 533
58 29 18665 277
44 24 7211 325
6 48 16703 34
83 81 26771 95
14 31 84065 1937
17 26 70185 386
12 64 15014 317
73 31 33252 398
85 56 2241 10
32 62 21002 42
22 60 113803 211
6 94 84270 45
36 61 26518 90
82 16 35474 197
65 68 18116 293
13 25 30855 25
94 17 27623 566
27 72 17129 73
58 32 37559 82
25 37 46937 455
92 60 21117 147
66 70 4153 44
2 77 17111 159
39 5 7971 112
98 62 19850 114
84 15 32156 757
24 45 21288 190
88 15 10035 174
95 11 20565 224
52 88 49260 70
87 52 8993 55
33 65 10756 251
12 5 7031 724
5 40 35385 329
49 59 10580 575
57 68 25045 89
30 17 24493 29
76 80 9380 306
34 65 50190 45
33 96 12104 220
45 37 48408 96
99 87 7008 387
42 76 34352 260
50 40 20483 291
97 30 15062 160
74 100 7293 73
83 72 36189 106
72 37 77215 272
60 41 43931 680
86 14 46478 29
80 92 23529 146
65 26 26212 71
26 16 16909 60
2 40 9145 312
47 38 11551 31
23 39 31250 74
67 83 4574 94
27 14 84279 40
86 71 26096 405
7 45 25174 95
14 59 5747 63
24 40 18596 52
41 80 25534 77
17 7 27825 78
99 21 103835 260
96 2 66791 876
22 82 49028 222
55 39 22183 455
34 19 13642 126
93 56 44555 359
90 96 9878 128
6 40 38041 76
17 93 32315 30
1 25 3104 154
8 84 6861 65
92 3 24663 99
5 43 76235 378
57 87 44822 96
67 66 12474 598
85 23 16943 353
75 4 22661 174
71 64 62262 309
71 39 55688 85
35 90 55432 230
62 83 20467 63
95 58 2547 257
41 35 7190 42
87 7 101094 1609
41 82 57746 86
57 9 13926 579
70 8 13283 159
63 1 30714 482
12 85 18048 71
96 88 65727 424
58 66 11680 54
86 37 87259 31
68 8 20212 85
58 52 3319 126
88 82 78946 220
8 85 29997 112
20 82 96296 96
55 67 29611 6
86 51 25689 430
28 45 5335 145
47 68 13303 145
78 61 14609 67
58 27 54674 386
69 40 11032 35
82 71 16324 143
78 24 8738 460
95 67 37578 52
61 82 16725 206
70 46 53304 122
48 37 1126 105
35 31 2291 248
22 29 18822 341
35 79 22385 190
24 70 12894 76
46 98 8633 127
37 48 16173 566
93 78 24269 727
58 23 17315 182
31 23 144195 538
60 62 19818 100
48 8 24606 127
37 23 53119 42
8 99 25988 29
6 11 5632 190
19 49 7413 387
43 30 39442 36
59 81 2683 520
6 54 28513 65
79 39 5389 24
43 86 7652 245
7 56 93702 39
65 15 42965 115
54 67 30063 78
14 66 15943 22
88 10 66580 31
99 60 31474 14
1 21 37531 127
66 88 26719 346
35 65 11749 250
81 46 32365 279
38 20 46186 134
9 4 6560 164
53 63 61257 683
99 82 6241 42
3 31 4178 187
78 42 40527 124
47 94 15034 145
17 66 9799 820
84 24 23266 349
7 25 12351 15
21 43 64728 1106
32 71 4096 364
94 58 28667 182
34 93 5255 44
36 37 48044 689
26 34 25357 663
74 47 30195 237
73 6 20183 164
81 87 49934 155
100 35 50116 300
48 44 24746 879
7 68 36523 232
86 25 14730 118
32 58 40068 71
29 20 68466 223
23 15 13775 447
1 51 277711 435
26 74 6556 92
85 67 53032 177
60 63 97934 435
80 98 59010 571
77 55 23532 58
15 89 15371 160
73 46 59181 153
77 97 12841 369
83 98 15955 106
38 84 10935 243
85 70 81559 1443
72 40 11894 168
49 9 16679 383
72 67 8995 295
56 990
40 833

21377285
