100 299 1 1
6 47 10810 352
6 35 43290 88
6 67 107803 120
6 79 88566 83
6 13 7500 116
6 28 19909 238
6 73 69126 59
6 53 17767 249
6 25 29013 59
6 36 23807 128
6 75 13090 388
6 72 11898 99
6 57 13971 47
6 86 5366 53
6 43 25010 183
6 59 21422 120
6 62 24321 209
6 48 62606 50
6 74 49092 147
6 92 41447 270
6 9 35602 28
6 10 12929 264
6 42 6559 137
6 66 6845 315
6 58 35130 298
6 46 43033 91
6 84 15746 146
6 27 22945 116
6 31 5214 67
6 87 3204 129
6 11 11129 77
6 93 36620 106
6 18 38435 86
6 45 13201 319
6 82 45603 1128
6 71 120762 141
6 38 10330 50
6 20 67941 120
6 55 9331 544
6 23 30400 30
6 70 13259 334
6 64 16583 348
6 41 70405 88
6 29 36557 28
6 51 38937 322
6 63 16344 77
6 39 15152 129
6 83 21006 357
6 98 34730 80
6 65 27929 157
6 34 14471 238
6 26 6663 236
6 56 11435 164
6 40 14900 117
6 8 42135 449
6 14 11831 88
6 54 36518 18
6 5 12786 387
6 77 52774 76
6 100 108471 37
6 37 8615 35
6 68 13979 607
6 90 41579 117
6 89 66969 340
6 81 12812 141
6 80 44411 451
6 95 19954 205
6 96 21185 123
6 97 19342 25
6 99 14228 350
6 69 44516 17
6 76 9006 881
6 50 96164 230
6 91 24628 77
6 3 18977 238
6 94 16746 649
6 4 14234 45
6 21 5561 1061
6 60 5575 66
6 19 34229 111
6 78 3204 51
6 30 44119 139
6 52 24743 929
6 44 23855 423
6 17 100896 29
6 16 22414 1050
6 2 16337 536
6 15 13969 167
6 24 10115 32
6 7 30125 57
6 33 3877 60
6 88 50331 187
6 49 3106 55
6 12 26632 127
6 22 27360 107
6 85 7197 167
6 1 10221 132
6 61 55449 90
6 32 12425 429
59 82 24144 534
4 37 20312 144
100 9 9639 16
3 6 9788 117
93 31 47525 104
28 22 31960 595
75 58 7077 622
53 82 124125 464
37 77 7496 98
36 32 17796 239
13 91 36204 1703
9 73 140044 155
1 96 39713 35
46 40 3706 259
54 39 13893 71
66 65 38394 89
90 51 140713 383
75 57 28234 82
60 49 33451 64
97 45 25706 182
8 57 12962 229
64 9 50468 20
21 61 82608 55
21 69 11236 208
56 83 39627 37
46 1 26439 130
1 83 27913 210
13 7 12600 72
17 27 24374 38
65 44 7536 36
51 38 10892 375
53 88 18350 58
98 87 37716 241
34 87 14998 41
67 23 18767 181
43 13 9785 311
74 15 10720 338
97 93 13748 773
20 99 23016 34
34 89 48433 190
50 46 6817 867
33 87 28911 38
30 7 32722 40
40 87 59355 237
87 30 17181 124
52 15 9316 18
49 27 58635 151
69 67 11604 152
24 34 18535 52
37 50 7757 33
77 7 5208 48
4 21 196947 213
69 12 61790 48
52 60 18346 519
25 19 40220 53
80 29 16641 97
56 2 18172 79
95 5 14689 304
34 5 6044 155
56 24 40244 266
45 1 11394 278
17 73 75531 236
53 49 27733 368
30 78 7825 156
79 4 22305 213
24 75 158109 46
43 97 25788 78
60 69 26716 114
85 31 31152 315
33 26 28691 28
81 32 81514 361
42 25 20925 101
9 92 25188 161
65 41 26396 119
86 56 36608 504
45 29 46114 24
75 87 49538 431
5 33 13516 90
70 45 29517 141
42 60 83504 58
99 76 39573 61
52 68 3727 89
31 29 53137 101
98 12 21635 92
21 41 16531 86
76 56 30429 283
37 95 12663 103
58 87 14207 71
91 51 24511 54
15 82 50032 171
34 98 96831 403
40 100 37986 313
13 36 40169 461
78 27 15948 468
23 91 69915 164
84 40 10950 102
26 25 97277 443
66 35 12297 16
36 87 15903 23
98 80 11397 18
90 63 55841 35
4 10 16376 561
10 26 12563 76
5 64 3623 57
49 72 41531 211
1 78 9332 218
59 46 3929 178
10 71 18605 291
19 5 31382 46
96 61 16742 1083
64 42 35637 292
7 62 13617 56
41 13 24257 267
18 21 27851 95
24 68 29281 97
31 25 33602 37
70 4 66111 180
89 86 9099 29
11 22 12024 215
70 16 6528 152
9 91 47822 153
9 17 48174 67
70 31 63721 215
43 70 86259 153
32 50 82431 42
10 79 13150 68
78 23 123337 36
49 41 26978 31
34 15 24192 71
18 41 43639 449
3 66 7405 120
12 49 11371 109
65 9 20987 407
96 36 55915 31
38 98 30535 98
98 64 12323 586
21 67 10337 330
27 89 46431 272
64 59 2702 41
10 54 4584 115
74 52 21449 182
71 49 46325 789
8 79 7936 1196
49 57 64067 364
3 89 10209 105
74 85 237825 522
95 6 78450 87
62 86 231424 386
85 25 33394 358
14 42 12263 19
87 34 12483 137
88 33 16813 243
100 24 21755 315
42 40 53310 150
16 62 20605 126
40 16 102078 161
76 91 5688 113
62 75 43662 271
90 44 19960 107
61 86 9668 412
38 20 22779 415
47 69 73005 443
51 93 27055 23
3 73 40370 209
41 86 92124 136
38 68 65972 600
78 33 49926 37
27 66 9249 882
72 88 8596 221
37 14 18500 46
62 26 6488 34
7 69 10671 486
74 40 10026 199
98 76 35566 224
88 18 45575 84
99 95 31919 473
56 95 47392 102
26 55 9816 184
94 46 66622 153
27 26 7713 26
43 100 14963 458
74 83 23528 111
13 76 10081 9
32 36 111481 255
90 94 77259 243
68 9 38084 210
71 61 12028 373
71 77 49384 118
64 83 10688 99
78 49 35426 27
53 75 59549 577
51 40 7686 158
88 72 13105 1121
81 87 47444 145
96 54 29152 76
8 30 45400 52
92 48 53013 193
40 15 8553 155
14 3 47805 810
39 80 12473 191
6 4851
87 827

39424427
