100 299 1 1
20 48 10896 283
20 94 37448 156
20 18 27539 189
20 23 8664 60
20 30 18833 110
20 84 62275 119
20 59 67440 69
20 32 3405 494
20 39 16630 526
20 15 204338 69
20 83 22975 232
20 68 9620 219
20 1 39251 178
20 25 7902 862
20 38 57610 35
20 22 70645 169
20 97 76960 782
20 52 23265 334
20 54 54169 137
20 96 50048 29
20 57 10375 117
20 58 47934 165
20 3 23798 354
20 42 9879 221
20 2 78468 452
20 36 7278 219
20 69 26304 406
20 28 18338 850
20 5 102160 61
20 10 22314 97
20 66 19405 154
20 16 195452 67
20 65 13209 206
20 74 116540 145
20 56 9159 495
20 89 17312 292
20 63 31335 399
20 91 26225 153
20 100 6168 552
20 19 10040 59
20 47 15997 91
20 51 34061 254
20 70 36548 61
20 93 69288 76
20 37 81264 93
20 46 18581 27
20 81 18698 50
20 73 14607 75
20 13 3661 644
20 75 29718 53
20 61 8248 73
20 62 13244 164
20 24 48678 557
20 92 32185 269
20 55 68530 113
20 67 36809 95
20 98 44877 924
20 44 16256 342
20 49 14423 430
20 9 4461 323
20 17 37100 136
20 33 22869 145
20 34 75764 228
20 71 10211 152
20 6 144636 77
20 85 8192 110
20 4 15234 147
20 80 5212 218
20 45 20536 29
20 79 11230 152
20 88 148235 81
20 82 23668 76
20 95 18959 123
20 21 33772 84
20 27 86791 183
20 87 9350 84
20 53 52139 378
20 26 23125 102
20 77 17698 349
20 99 13759 195
20 31 266445 116
20 60 83207 71
20 76 54190 87
20 50 103097 180
20 86 38878 153
20 72 101722 72
20 40 17293 222
20 7 24295 684
20 64 7570 51
20 90 117704 343
20 41 7972 34
20 14 3357 46
20 8 36638 153
20 35 24421 63
20 29 3902 98
20 12 10527 172
20 43 12625 305
20 11 89650 320
20 78 26602 44
43 80 434532 91
84 54 24577 77
10 82 23685 97
51 14 11917 150
82 38 61412 70
38 36 26626 80
57 49 205699 234
65 15 388352 284
48 23 36231 28
14 15 77260 1085
17 48 7624 70
98 47 35384 130
44 11 165580 528
68 16 51172 109
17 86 33643 964
13 62 36290 87
46 55 38100 1056
61 89 24979 117
43 72 56207 739
83 9 58093 117
8 38 9464 141
34 74 11841 24
71 75 9141 86
7 41 12138 58
91 34 15660 208
90 34 8109 494
62 9 36059 672
36 35 21121 182
10 63 48523 29
63 15 20378 144
92 71 4695 106
73 12 16929 1023
27 34 146850 248
15 62 8972 103
63 55 4778 80
17 95 10785 169
26 95 33452 439
69 18 52208 166
68 36 31039 80
24 44 8142 43
62 54 26941 218
80 30 44375 233
2 8 51842 251
32 11 11757 93
65 2 28656 79
87 12 14355 30
55 73 22547 398
15 41 4057 122
47 11 12333 159
2 56 23144 30
13 23 88672 27
36 91 7354 305
62 48 3999 553
100 14 9645 50
5 43 53090 398
73 56 5377 77
54 64 43726 123
35 89 7653 446
41 53 37026 29
37 35 84659 82
39 29 56953 475
51 65 12664 346
58 43 22067 1301
53 16 34288 93
26 98 55362 25
67 31 34143 269
81 21 49528 50
64 21 64961 211
34 33 32530 197
87 62 83148 251
87 3 30792 294
76 6 31871 170
77 41 3857 155
35 83 22709 245
62 85 7340 121
23 82 97045 80
88 60 8885 74
32 47 8846 216
26 89 16798 154
77 85 57762 244
30 19 38384 205
51 66 45073 305
80 23 7892 188
25 33 23624 44
42 88 14198 39
17 58 31644 31
18 85 82281 77
50 30 12079 101
42 80 28263 1001
98 9 22222 178
10 41 33724 297
32 46 31499 570
3 100 21461 168
13 22 26075 125
54 99 63248 155
31 61 10041 131
44 50 64989 192
62 8 2770 347
91 66 153739 423
59 76 54163 57
50 83 28677 89
57 39 9639 95
22 64 158945 24
41 78 22935 80
35 74 12306 95
72 96 28985 45
91 23 42416 37
29 73 115334 186
10 79 25778 60
58 51 24640 154
83 26 39196 67
14 92 148480 112
47 24 22863 113
77 32 37628 1038
18 69 58282 122
94 20 28944 80
66 60 21720 478
47 28 12381 967
39 37 17813 26
16 42 32245 43
14 88 17968 74
36 38 17345 51
63 58 29978 122
71 1 135031 411
1 76 18278 115
77 24 66111 81
51 8 7989 101
83 96 46244 131
47 29 13161 406
48 11 26141 428
13 41 20598 59
95 2 28933 48
3 43 18334 83
97 8 13895 294
45 66 64682 137
84 97 50679 119
89 78 3052 1037
65 55 13361 328
23 33 7577 398
41 68 11010 490
41 93 22126 283
77 96 41430 77
71 41 4835 51
37 61 18431 219
13 67 16600 90
61 44 5389 119
63 41 17429 210
73 9 60370 60
61 82 21108 351
46 5 12257 24
77 29 11481 177
92 3 21910 147
16 79 32254 84
63 54 19831 191
56 40 2963 420
38 1 34737 298
65 97 3215 64
8 100 35727 35
15 68 35999 176
38 86 14230 240
68 74 217320 347
62 50 27669 74
26 6 52108 525
82 17 54204 97
71 50 19562 156
38 79 41249 72
72 40 27086 132
78 22 59702 215
33 88 10859 848
94 11 125596 48
86 55 72357 35
87 37 22559 559
16 46 19283 285
82 51 46621 58
38 21 43998 526
100 84 33371 52
71 93 89995 62
80 22 87435 314
91 71 36012 34
57 40 26278 224
31 22 11226 113
46 48 11143 183
59 56 26653 461
37 89 29691 430
31 15 47023 236
67 48 13034 257
96 77 34063 117
71 73 43394 178
71 22 49596 235
51 76 3981 49
68 60 42646 116
64 75 26626 43
90 53 26304 69
89 34 69130 67
90 46 45515 135
48 63 39417 346
6 40 3050 270
95 28 5882 81
22 52 46220 154
92 21 33055 23
20 198
41 54

571968
