100 299 1 1
48 14 56436 106
48 67 11777 134
48 87 66693 156
48 66 8941 188
48 42 30567 54
48 32 10251 36
48 72 4571 345
48 97 10468 346
48 4 19035 121
48 55 9350 58
48 57 7498 122
48 99 9895 611
48 12 32529 581
48 76 47076 501
48 7 35260 131
48 39 24634 572
48 27 37306 243
48 88 51916 278
48 37 14802 49
48 100 8223 305
48 13 8531 105
48 71 1191 421
48 53 7090 86
48 30 1942 61
48 96 6885 67
48 44 93974 33
48 3 10491 135
48 59 20672 43
48 62 33581 320
48 10 20434 378
48 20 9025 135
48 38 13089 301
48 45 13214 214
48 81 36946 267
48 46 20183 170
48 35 3943 116
48 63 3543 108
48 95 9915 156
48 43 93495 107
48 98 13989 1086
48 65 9501 70
48 74 5182 323
48 31 9343 68
48 94 14423 154
48 85 18903 51
48 5 12319 373
48 18 48376 306
48 70 72140 91
48 15 9387 56
48 2 19342 103
48 75 113410 66
48 25 27142 36
48 91 1638 821
48 77 25029 32
48 33 8385 138
48 73 25302 948
48 82 23563 430
48 1 23245 72
48 89 11043 155
48 22 142889 240
48 16 9961 23
48 56 20436 719
48 26 15058 9
48 19 10881 238
48 28 60674 227
48 51 6613 110
48 41 24466 75
48 79 53354 183
48 64 67177 202
48 68 19523 115
48 49 12361 122
48 84 22719 27
48 83 8017 1160
48 11 15749 187
48 47 56875 79
48 8 33125 146
48 86 393570 41
48 50 68408 460
48 9 5224 66
48 6 6279 518
48 34 22793 51
48 40 92670 94
48 60 72471 278
48 29 5325 570
48 69 50363 135
48 23 9732 398
48 61 5002 81
48 24 58019 176
48 36 105014 165
48 21 40398 21
48 90 23290 176
48 92 12216 70
48 80 3043 580
48 52 7203 803
48 78 23138 77
48 93 13249 672
48 17 12492 235
48 58 89173 298
48 54 78797 362
97 83 21034 144
55 59 34391 155
66 43 25633 161
40 59 25133 41
21 61 21917 105
7 37 14576 160
14 40 4398 95
83 75 26443 38
20 72 33914 254
26 41 127509 144
57 60 37735 68
88 66 9892 498
34 8 35188 23
62 93 10793 609
67 87 16636 1080
77 17 131820 44
59 4 7660 119
46 10 20389 779
19 66 63959 45
72 21 127938 585
31 67 49124 58
55 30 19474 164
92 57 8851 165
8 56 43262 34
19 51 20946 16
74 43 41828 47
30 3 31478 159
70 10 55979 36
80 49 11139 54
34 87 12638 76
24 95 12121 305
35 33 19254 1309
83 28 21843 204
68 78 12924 28
90 41 21299 361
32 75 6965 80
72 87 31910 77
57 31 13304 103
75 82 63997 103
42 14 8016 147
81 69 26222 48
97 35 21328 128
34 22 94060 92
22 28 28876 192
72 50 10543 48
22 83 45496 192
1 68 29678 312
27 13 34292 189
22 68 8673 416
83 7 29397 35
90 80 51538 162
62 72 116099 894
100 48 44318 31
52 66 2159 192
42 99 8715 72
24 25 40721 431
52 79 14163 279
17 82 13151 15
17 68 8607 121
94 15 154317 92
97 69 19655 120
45 78 9523 369
73 57 6707 90
44 50 12781 35
79 92 53539 380
52 51 215412 141
67 90 20514 70
5 64 9724 36
89 62 13020 64
99 74 45146 116
85 36 5422 176
55 42 41986 370
22 32 30462 176
75 2 9506 272
28 47 29356 178
68 62 23124 335
95 10 65682 59
60 40 6898 69
79 75 18438 247
65 96 17015 49
89 72 51837 727
29 2 14282 244
46 78 5687 88
57 38 66619 127
43 80 9085 798
86 89 28886 494
53 36 9085 66
31 28 281887 83
12 96 31889 12
87 16 8389 274
66 91 27608 195
12 56 139508 414
30 96 59832 1645
24 62 12829 84
47 44 22598 36
29 11 20995 61
82 83 73240 401
39 53 14667 80
46 30 8049 134
100 86 42410 574
86 48 40474 183
47 98 52147 246
78 26 12657 121
54 58 26225 70
22 19 8971 124
27 45 35815 278
17 2 9700 445
52 55 21953 238
93 99 8223 48
90 16 19787 92
43 11 17106 130
44 41 14160 256
76 21 14444 252
46 40 11358 76
18 43 29985 263
99 58 28780 271
86 10 116299 154
92 35 14177 72
27 87 43240 246
13 82 12741 160
69 71 96312 73
4 18 65665 1263
42 97 38720 207
10 41 12484 266
66 57 47757 76
13 35 34071 208
64 53 109335 48
55 45 3402 90
38 64 80810 320
2 69 25679 122
56 28 3332 90
63 83 11260 107
73 7 12647 38
32 91 278774 26
96 11 5746 209
99 7 16571 70
32 24 106186 167
18 74 17963 114
49 12 11532 202
5 10 20783 129
42 39 37013 45
49 36 15892 391
20 31 18780 3467
4 99 12421 502
43 16 41275 23
20 48 2202 86
93 66 10786 35
35 22 48682 28
49 28 20900 145
24 55 11563 128
69 29 13641 79
56 15 22369 123
9 17 604 218
93 96 42944 44
64 66 21893 37
24 10 28906 46
15 10 39401 89
26 77 46307 67
49 43 319465 402
29 35 416489 179
17 83 135780 281
55 29 67237 357
89 60 2642 452
3 83 4128 106
90 28 26271 174
68 47 10291 35
22 47 15839 192
42 62 72204 70
75 45 139488 27
62 10 198893 62
27 96 14702 160
100 45 40229 58
61 51 25076 795
75 34 40719 228
50 54 23463 226
29 81 37438 205
55 4 73601 130
19 43 21962 187
96 87 11830 322
60 93 17133 203
27 16 8029 38
68 56 24469 286
14 26 31369 112
46 68 236827 364
89 7 20805 325
60 95 17380 89
22 27 59595 770
98 86 29391 184
61 27 23850 242
56 55 25485 725
45 54 15997 455
16 13 10145 204
89 53 34717 182
37 83 23454 356
74 19 17113 639
33 3 36027 35
12 61 33329 98
12 97 69590 107
86 57 7614 101
96 97 18776 192
48 495
10 82

1675588
