100 299 1 1
79 82 48047 111
79 20 4978 222
79 99 19093 229
79 31 26497 32
79 58 203480 163
79 55 13983 990
79 61 39373 353
79 100 24288 253
79 13 13984 107
79 42 5356 55
79 43 59685 109
79 4 8507 77
79 72 9767 299
79 92 14006 357
79 51 13492 547
79 50 36508 59
79 25 12461 112
79 32 5448 95
79 65 13813 144
79 36 21333 408
79 46 48131 148
79 60 10727 469
79 87 38092 97
79 30 25714 15
79 63 4012 120
79 45 40234 36
79 14 11389 1497
79 22 66918 208
79 27 39382 121
79 62 9568 1440
79 1 20542 127
79 11 6582 246
79 66 56928 139
79 12 26033 62
79 85 21084 171
79 41 20336 387
79 8 19447 322
79 88 13196 471
79 48 35382 225
79 16 114067 825
79 93 3652 36
79 78 12351 74
79 7 8619 64
79 74 11315 280
79 57 7314 262
79 59 7199 68
79 6 13770 1643
79 96 7334 189
79 28 11385 17
79 77 29300 37
79 76 32063 124
79 91 58711 193
79 18 43151 517
79 98 10201 106
79 19 43108 72
79 17 6385 494
79 53 45671 171
79 35 14125 474
79 56 11966 107
79 33 345302 23
79 49 24811 100
79 29 64445 587
79 26 15711 298
79 52 40016 168
79 10 12509 198
79 37 20675 340
79 39 10578 185
79 40 16287 424
79 94 26042 77
79 75 99831 67
79 23 3011 45
79 71 69539 38
79 86 15700 100
79 68 11211 91
79 97 18028 137
79 83 7190 71
79 2 5045 1620
79 67 14205 279
79 9 138569 63
79 84 49164 41
79 47 388653 65
79 89 20628 74
79 90 30436 355
79 81 123247 64
79 70 25771 1093
79 95 15256 41
79 64 25962 101
79 69 32722 312
79 38 45388 115
79 24 45961 160
79 44 67356 124
79 3 18171 267
79 15 19841 118
79 5 8191 50
79 73 11200 34
79 34 26665 847
79 21 12500 116
79 80 13132 268
79 54 18019 173
50 92 84532 71
35 95 34215 264
78 10 21303 152
95 80 13013 547
68 94 58548 32
48 67 15942 86
28 11 32372 91
58 86 32116 56
46 11 17008 821
53 71 7521 14
100 46 11983 998
96 54 17120 143
24 36 5669 829
2 5 6281 62
2 98 9334 234
77 34 30257 139
58 77 13385 80
32 89 6182 312
40 2 6682 39
19 69 214631 106
28 59 104349 55
45 59 13953 182
89 61 14955 127
18 76 15020 57
13 62 46948 57
71 76 8589 206
29 40 5438 98
53 68 11381 169
3 69 70705 93
51 85 12095 53
29 51 11505 738
44 31 25448 23
83 63 27460 170
14 10 2055 68
99 9 11854 96
17 100 8095 92
53 6 15490 193
37 3 58132 149
82 54 7936 948
8 14 20236 36
30 12 15407 308
40 36 11895 124
58 89 7789 351
12 91 10368 120
36 3 18773 53
72 12 24372 166
33 59 27473 311
94 63 84565 384
78 42 36614 194
24 32 31935 97
30 27 26089 23
20 5 29122 112
6 25 43359 30
65 73 6309 514
63 90 2745 75
20 7 48914 67
20 8 20789 548
23 13 109374 44
46 51 4391 319
12 51 21508 481
7 6 61314 212
44 34 13930 113
81 52 4301 130
87 92 16721 76
90 34 21921 250
80 30 69217 309
36 65 22529 76
62 10 13738 184
15 45 54899 355
57 48 21355 27
100 17 4524 102
91 77 17496 27
91 30 18391 149
28 17 43502 233
59 94 3068 374
25 21 30599 35
81 88 4456 2737
39 49 10986 443
75 14 5479 242
53 74 112513 143
91 14 5259 11
40 51 150704 154
27 72 13455 472
44 45 40940 236
37 76 12234 311
26 65 32872 232
41 3 20488 174
73 50 17089 63
91 26 50259 61
91 5 87365 79
72 7 8623 73
66 75 7346 232
20 19 14943 77
6 93 27806 365
39 45 38439 453
55 25 17847 198
34 92 223369 91
90 45 6547 61
26 31 54650 51
63 67 14705 84
63 46 56435 267
88 66 22249 58
94 40 11377 571
90 25 16707 211
75 24 54754 79
2 70 34250 44
46 83 6286 34
93 17 51589 700
11 57 17421 43
55 28 120683 1348
27 38 60400 67
70 9 8039 324
1 8 1471 44
37 26 10505 47
66 30 7238 338
81 14 7549 97
19 8 23616 130
95 64 139262 352
75 11 56851 637
53 7 8935 102
42 39 31388 48
76 88 103915 182
81 87 65225 144
43 2 33572 407
81 26 62000 266
98 96 46603 198
57 60 45165 178
39 78 14234 180
62 95 11471 147
10 60 21163 300
67 100 64184 234
27 88 13777 198
2 65 30285 192
39 73 87005 83
51 18 19142 101
48 54 17977 123
50 84 47750 168
33 57 2128 70
45 95 7619 72
97 9 38648 278
42 3 132819 90
77 55 128384 168
12 93 61066 106
24 62 11439 65
78 49 9986 63
100 67 1176 83
93 51 6236 8
10 79 6767 275
59 31 76128 92
65 84 14634 54
54 36 28949 33
100 47 25138 375
22 53 15776 30
62 68 47407 10
74 43 7987 24
41 20 11652 215
36 48 26439 65
78 90 37307 350
59 84 78140 87
100 18 11692 282
82 33 5710 261
19 93 3805 264
96 29 39518 67
53 97 52378 551
51 75 5769 78
16 96 10598 139
89 37 110506 134
82 59 44027 166
25 17 12739 289
47 63 16471 83
80 25 11386 59
15 27 5300 84
63 3 74366 518
57 70 37828 695
2 97 28999 325
10 89 65336 77
68 28 30853 30
26 27 114503 84
43 88 10948 257
35 79 27051 65
89 33 108959 102
91 93 28282 69
89 14 37466 284
51 29 8597 130
71 45 11210 62
25 55 16206 297
37 14 48049 91
66 38 21128 136
65 63 47814 515
60 79 41591 307
77 92 29670 82
47 70 18911 42
73 89 51495 35
71 14 146693 57
11 38 27799 212
20 73 10076 357
32 59 88672 51
23 99 11235 506
39 55 32698 45
4 71 4320 1075
79 198
14 44

501116
