100 299 1 1
40 37 98819 383
40 15 30105 77
40 10 67127 103
40 71 15450 107
40 58 33186 49
40 27 11725 29
40 30 36085 704
40 45 19472 433
40 63 11593 43
40 2 21174 264
40 89 7331 376
40 18 35384 127
40 9 14054 122
40 17 83155 239
40 94 59589 571
40 83 36574 52
40 51 27291 140
40 78 25188 1766
40 32 10811 773
40 90 7771 81
40 46 218665 38
40 24 29045 93
40 4 35086 116
40 77 71792 203
40 55 16028 159
40 16 78603 60
40 8 4226 47
40 56 10205 92
40 68 24424 149
40 54 11730 105
40 19 3885 660
40 21 237996 387
40 84 18825 571
40 31 44560 86
40 98 20447 206
40 64 16519 160
40 59 66384 436
40 81 52330 166
40 23 72964 213
40 50 26172 128
40 76 22589 128
40 7 7328 155
40 60 9919 59
40 11 22901 670
40 86 31471 265
40 6 70081 366
40 33 14283 18
40 91 12787 42
40 41 17355 64
40 87 10862 36
40 12 24890 241
40 62 35605 161
40 82 15386 465
40 95 4369 190
40 44 9103 121
40 53 7605 945
40 96 8994 166
40 38 27242 234
40 42 18533 50
40 74 15980 212
40 61 33604 17
40 100 24077 24
40 92 30653 88
40 48 242992 283
40 36 6505 476
40 93 6248 116
40 75 5065 127
40 85 14401 66
40 43 36068 135
40 67 37060 39
40 20 24592 351
40 88 14119 65
40 3 2738 74
40 5 64783 794
40 80 4008 82
40 69 39138 45
40 14 9958 322
40 73 6113 129
40 70 12183 1016
40 65 11378 27
40 22 22776 275
40 25 31573 92
40 57 40206 42
40 49 41004 64
40 47 13412 422
40 26 31381 159
40 35 13605 68
40 28 40243 124
40 97 10545 79
40 34 91998 175
40 99 19082 2136
40 52 17722 230
40 79 141178 68
40 39 20762 106
40 1 8231 227
40 72 24203 866
40 29 8002 71
40 13 31962 67
40 66 7333 166
12 32 8900 31
29 79 102756 101
98 37 19158 236
17 14 13842 274
21 46 901 62
60 3 22440 44
19 5 30317 245
3 76 7243 316
30 24 32374 139
80 20 18694 41
49 26 21599 442
12 34 13184 22
10 97 37421 559
31 5 18535 189
6 31 29149 52
41 40 13463 32
92 72 6623 107
3 80 8973 125
51 87 41328 205
46 39 69689 176
15 41 13526 340
100 58 15849 31
99 53 4166 1173
26 76 32595 57
100 87 84647 92
68 2 42343 39
49 90 27599 37
47 75 40627 122
6 65 8854 59
42 2 27140 362
78 92 97879 130
7 82 97676 20
50 8 42177 77
14 52 17640 197
95 1 6912 90
18 94 18062 141
59 30 10746 84
58 38 18827 340
79 65 82790 76
7 70 31952 78
17 71 171816 47
93 90 18120 56
88 98 43187 233
7 61 209828 19
86 9 10940 127
48 76 22000 63
27 93 50376 94
20 22 6869 91
76 60 6511 80
43 39 32389 473
15 30 28914 216
36 19 8979 105
99 42 45250 10
92 14 7575 108
5 98 4991 49
22 85 10282 409
29 74 7643 29
63 17 29419 84
75 35 2776 50
78 13 170976 610
58 47 38124 64
9 90 29135 228
80 24 13496 331
89 3 295590 96
12 82 23127 111
12 35 66798 43
70 90 124926 40
44 45 31355 467
21 59 57721 139
59 86 23652 670
20 51 4600 297
28 29 31023 189
35 69 6878 216
7 97 36466 91
73 96 29757 124
15 98 42260 1261
79 44 26974 66
49 67 29709 100
94 70 77507 257
8 98 151903 68
44 61 35479 169
88 1 31057 32
74 51 6177 440
38 60 54422 49
63 8 13405 126
56 95 286891 52
14 19 8333 55
52 87 10871 13
51 95 2373 459
46 6 6761 126
65 20 41629 243
35 5 744274 231
29 7 49681 93
51 7 10449 381
22 38 10492 108
18 4 63572 81
83 26 132325 79
14 47 12816 952
34 26 10348 153
21 70 4408 100
83 41 1528 237
48 18 5597 87
80 93 84795 262
73 48 23187 73
15 44 12961 217
3 85 41877 37
16 87 12602 71
66 17 31973 27
69 63 35018 169
92 90 43345 468
90 81 112701 118
64 19 2437 109
79 15 53690 236
69 81 38208 83
1 66 49016 104
51 62 30791 22
89 48 87816 128
93 60 14149 139
49 84 50856 102
50 84 27966 167
11 61 17311 499
50 36 20338 393
11 100 47629 185
73 72 160289 319
19 100 135938 514
91 6 29907 83
98 85 87164 311
1 41 115500 377
86 75 41718 626
54 55 3643 188
25 62 7292 97
23 31 5194 197
91 20 67191 78
52 28 24216 46
81 46 23987 124
83 98 53763 157
28 42 43130 389
32 73 11494 146
54 5 4490 50
95 43 97684 91
77 76 141340 60
48 23 29115 488
31 96 132647 170
23 35 2468 127
38 58 38871 14
34 1 10252 69
12 73 2379 327
83 13 12269 65
76 94 8952 124
45 1 47175 112
68 47 51550 273
36 60 22310 46
95 19 10703 613
97 100 73134 71
75 87 9720 10
80 33 11974 595
90 35 14425 166
32 38 35124 460
31 45 11499 217
90 7 66916 39
87 65 27581 84
36 81 13137 120
6 78 75749 548
94 39 6177 197
82 55 9667 214
57 59 37103 304
3 69 4097 379
76 50 18781 557
30 62 19725 4731
29 35 6674 98
88 92 1527 64
61 100 49904 635
100 52 14486 559
84 92 63632 1119
38 42 9726 240
11 32 16029 265
77 50 6746 219
83 28 17984 74
27 17 23657 343
24 54 22931 64
76 1 10798 271
91 15 170342 173
8 13 69769 298
97 11 29597 267
91 69 24318 458
57 25 28291 433
34 53 30743 250
91 62 21575 661
81 57 12993 114
26 50 14861 190
21 48 8741 195
29 69 40171 236
52 81 129244 237
12 41 22654 38
10 93 47505 48
75 28 36378 148
46 40 52290 59
31 75 15564 29
82 40 6831 100
49 77 8437 618
40 1782
98 581

43528236
