100 299 1 1
100 74 68407 40
100 75 5334 59
100 81 11210 48
100 60 51853 355
100 13 10374 97
100 47 46369 12
100 23 25246 35
100 40 14385 37
100 87 5278 37
100 52 80373 95
100 12 147445 212
100 69 15808 74
100 56 12468 56
100 48 13349 96
100 38 16606 422
100 26 14152 101
100 96 10272 125
100 85 5885 515
100 71 13254 409
100 97 34592 153
100 89 22245 130
100 67 136677 435
100 86 82889 154
100 20 64408 474
100 15 9368 213
100 28 205357 311
100 35 9378 189
100 57 3347 37
100 22 177426 490
100 76 6563 87
100 73 14115 310
100 29 19021 37
100 46 72361 85
100 77 16050 70
100 4 51425 640
100 14 10911 196
100 2 11953 160
100 21 2718 1442
100 65 51728 40
100 33 16704 99
100 58 36527 38
100 36 44287 66
100 68 10286 318
100 61 2937 70
100 80 13085 108
100 84 62467 78
100 63 3898 533
100 92 10566 54
100 42 23446 135
100 32 4273 235
100 55 63031 166
100 93 62556 92
100 78 6989 85
100 94 8179 2446
100 25 12119 528
100 30 64109 137
100 7 12777 76
100 50 37549 109
100 54 2724 132
100 90 44778 38
100 37 18003 78
100 11 19307 256
100 70 42488 464
100 83 11516 82
100 59 41482 66
100 16 9204 321
100 19 10053 158
100 10 20111 81
100 18 20563 54
100 43 31179 2336
100 27 18560 31
100 1 11708 229
100 41 31925 579
100 45 149617 85
100 17 30862 54
100 95 8160 83
100 24 98076 1175
100 91 23143 80
100 9 63159 756
100 51 17595 409
100 53 20430 163
100 99 47974 48
100 66 105148 104
100 72 8529 25
100 5 8911 436
100 82 16179 859
100 49 6647 61
100 31 14287 13
100 44 46208 311
100 64 20231 317
100 39 35179 131
100 8 26325 126
100 6 28496 159
100 62 2526 209
100 98 9362 72
100 3 5670 294
100 79 13346 59
100 88 26628 181
100 34 2783 81
59 77 44782 229
37 14 80816 158
7 55 10094 929
67 28 23343 49
93 19 12154 346
57 70 11593 149
93 51 43213 46
12 79 7433 456
99 21 28544 99
51 39 122236 119
82 99 73952 64
77 82 50887 473
49 72 13950 485
15 38 49332 60
82 44 43620 90
32 55 4533 301
34 64 28362 927
27 84 49918 55
27 17 1337 80
12 54 26409 19
45 56 10514 58
62 72 8336 134
1 61 53150 57
84 16 91865 87
70 42 8543 301
13 89 3254 244
72 25 197987 428
79 32 19003 449
10 18 8175 711
35 83 63817 36
89 72 128919 103
64 46 10854 72
52 22 44364 128
48 17 14952 26
69 48 8369 106
88 6 10579 89
43 57 3401 74
8 23 27709 53
18 45 12072 404
61 52 9254 132
59 10 34485 109
99 80 24812 38
33 31 28978 109
21 88 7083 140
26 33 19875 255
96 50 13286 50
68 91 18727 275
76 28 5918 168
86 65 24604 209
67 100 10561 14
41 68 35220 18
16 77 74157 109
46 9 36809 29
93 40 48235 111
99 62 16979 142
88 46 58128 36
61 44 34295 366
41 99 11709 181
4 34 10209 37
97 59 8106 91
27 94 23656 21
8 82 1958 615
24 86 20247 115
96 83 47160 265
68 56 33263 233
24 59 77051 259
20 47 24405 198
13 7 42773 126
54 71 48345 93
46 8 19520 41
34 30 17100 12
40 66 2145 463
98 28 10985 367
91 11 10389 974
97 55 33941 475
45 89 78674 443
36 50 72175 46
31 16 71958 12
71 29 58685 57
30 22 60966 253
22 75 27828 52
69 6 48066 84
92 91 58761 24
68 58 8661 1189
14 50 17976 209
6 36 9188 95
78 98 105453 159
90 15 26872 421
22 61 10957 93
21 86 36580 202
6 65 6065 166
64 89 10710 133
11 67 137424 62
6 3 36357 115
56 64 20637 162
23 5 28010 76
12 17 11904 226
90 89 73009 135
43 47 16806 233
64 75 3241 48
88 8 23104 230
67 14 9860 98
3 37 72948 227
60 95 6359 56
83 51 100302 18
20 39 20550 468
53 85 20941 77
31 78 29572 407
94 32 28584 153
34 38 76823 47
92 42 16044 899
15 3 9335 523
97 98 9943 155
8 9 13501 781
63 9 45413 104
55 56 112064 96
20 83 25609 96
51 66 16637 55
2 17 3789 147
27 38 24267 47
41 31 39199 63
75 62 88439 72
40 79 3710 610
62 67 19142 206
41 51 27055 153
89 9 7150 81
5 13 11614 109
14 55 18154 63
95 34 82501 395
73 22 93171 141
35 49 60440 109
35 33 23495 60
36 47 50798 111
48 23 28656 35
22 21 13856 38
35 18 47352 393
17 21 15937 166
36 61 10719 170
52 35 2086 101
57 3 10088 212
57 5 20829 229
36 38 11420 340
33 78 17772 111
70 8 10566 503
64 83 22269 332
84 4 58729 188
23 10 11745 103
94 14 42484 85
69 81 13391 100
88 38 6921 54
31 13 4577 52
28 87 8628 25
20 60 64424 46
80 81 14173 53
55 31 5088 591
76 42 34062 1005
52 29 13537 107
69 1 51048 381
88 58 186624 80
32 68 36628 291
87 16 43213 42
66 13 11396 654
17 49 28211 165
68 80 5383 39
1 32 28782 1357
51 12 54206 182
45 63 2805 78
57 77 14020 646
33 48 37249 99
1 33 36609 502
14 19 20061 174
41 57 32132 65
20 51 30519 120
4 83 13715 29
38 61 2729 10
39 78 130989 122
29 32 51113 125
54 96 27565 18
12 67 5496 270
28 71 15634 30
12 41 21794 325
87 24 9938 981
15 96 12268 297
53 68 14640 682
8 6 8348 495
23 29 62297 170
2 81 11870 48
11 44 5353 109
78 40 2740 943
8 30 4735 94
47 79 10748 48
85 21 28934 117
44 12 7720 38
61 37 32451 296
5 64 46365 73
88 78 75445 156
98 61 26176 457
56 90 31959 75
16 83 29828 161
3 21 26779 656
100 396
83 357

12073464
