100 299 1 1
37 18 51283 88
37 21 23997 197
37 20 19232 103
37 26 115117 419
37 68 3202 247
37 39 9509 179
37 45 48747 33
37 93 4082 335
37 35 33007 192
37 55 23084 2481
37 34 27690 28
37 28 39024 211
37 49 10692 130
37 27 10944 74
37 29 9444 490
37 56 11758 17
37 60 3632 264
37 87 16536 177
37 97 33315 431
37 83 35344 24
37 2 138850 314
37 98 28656 48
37 65 27784 103
37 41 32378 588
37 4 9482 95
37 100 6365 343
37 38 257136 70
37 70 40086 59
37 84 6689 16
37 48 30848 195
37 8 17153 286
37 58 54085 523
37 47 24206 415
37 16 32241 330
37 88 24645 140
37 99 41583 163
37 15 16778 210
37 96 928 768
37 67 73610 145
37 42 17144 352
37 7 15174 110
37 94 35292 33
37 90 78014 51
37 40 57134 128
37 73 12948 15
37 33 35393 40
37 62 43517 144
37 59 24820 55
37 25 18886 1135
37 30 27543 241
37 63 15178 342
37 81 12515 114
37 23 20135 161
37 10 22271 193
37 12 37812 66
37 50 37790 41
37 77 58828 433
37 82 36838 172
37 57 76668 447
37 76 5094 152
37 13 50834 65
37 95 11037 200
37 61 102269 639
37 89 10561 86
37 75 52486 347
37 53 16785 29
37 11 26985 211
37 78 14803 192
37 69 8169 169
37 64 15566 406
37 92 84942 46
37 17 25232 130
37 43 15337 147
37 79 14972 605
37 5 83238 217
37 54 21478 608
37 44 19584 62
37 51 37609 58
37 19 9647 51
37 36 5591 111
37 3 10916 232
37 46 49840 812
37 71 7841 116
37 74 78129 134
37 80 3641 242
37 22 58856 163
37 72 85927 854
37 85 9917 613
37 24 42907 2320
37 52 19640 76
37 91 9170 472
37 1 3975 162
37 9 6727 308
37 66 29292 41
37 32 39830 98
37 14 36872 508
37 6 33785 9
37 86 49511 414
37 31 43876 134
45 63 37125 126
65 44 94439 349
96 81 118449 121
51 23 2654 250
2 96 1564 348
96 28 20483 96
61 92 38270 118
49 32 15608 103
97 91 7770 269
94 23 181869 225
94 92 40964 283
44 43 40622 1658
13 68 20422 46
94 25 11285 176
10 26 106944 49
14 90 20973 37
90 24 74804 103
99 84 103625 168
52 78 10303 43
84 70 6402 191
76 86 41688 177
19 44 20907 308
78 84 126482 33
52 31 15780 197
49 9 159889 173
4 27 36677 116
51 73 67319 275
44 50 89646 103
71 62 8721 55
22 6 3870 81
44 75 37884 103
80 44 18379 235
33 70 29437 207
96 29 13085 35
80 99 12293 162
40 78 142601 117
59 99 12168 14
63 5 38631 91
54 63 8503 36
75 53 4082 86
2 54 11793 388
68 12 39722 212
100 37 5501 36
48 97 13009 81
40 16 33873 321
15 23 21704 137
21 23 24572 1571
20 41 22684 207
97 50 55857 1632
73 3 28428 222
42 64 22036 63
16 81 43864 220
12 33 82093 448
88 92 15929 288
23 31 6316 104
63 52 70308 137
28 26 39435 48
39 15 27254 143
21 29 6331 152
67 27 17252 1061
39 19 123501 190
42 93 9586 31
10 80 44002 347
36 34 5844 170
45 5 43671 133
50 86 6473 48
65 69 15517 31
9 97 1507 222
9 63 5954 609
16 76 38344 132
45 14 28498 263
78 41 60646 252
5 13 5304 58
83 11 23123 332
7 17 19749 25
39 10 5677 40
16 60 51728 179
72 57 36503 175
5 83 15408 49
97 60 14542 158
95 99 95496 38
88 100 35326 93
43 41 98700 297
72 28 25386 68
49 64 8138 143
2 55 5836 1146
60 96 43663 203
68 75 321698 152
50 55 50548 78
53 73 21219 65
100 73 15276 81
7 88 17240 24
47 56 43230 314
27 20 42114 206
40 93 21220 136
13 9 3152 334
78 30 17229 449
43 16 15013 190
3 88 17553 32
14 51 25226 51
32 74 5967 153
55 78 26418 88
58 65 220193 144
44 73 6111 358
71 51 9097 579
70 9 89547 89
41 90 88458 303
28 59 31738 42
7 65 10077 414
76 4 22486 18
60 89 9954 338
3 35 92309 21
100 38 13195 229
5 32 8628 15
65 67 54721 96
77 80 16435 128
48 37 4206 189
4 39 28301 61
58 66 63029 281
43 40 5689 7
11 26 9625 189
45 98 11747 38
95 88 94476 46
21 63 35840 99
23 12 8580 89
50 6 50565 75
63 32 23451 79
72 52 19417 9
29 39 9551 131
43 53 17021 305
41 97 29945 251
61 39 3485 78
51 19 4781 788
88 10 13804 104
67 45 9349 373
42 35 84475 27
19 62 25198 121
2 8 69327 221
46 69 17509 259
78 14 91656 708
79 48 5401 281
8 2 37183 555
87 66 31733 56
83 62 6176 269
46 48 35131 238
100 45 77664 26
50 46 11008 264
26 57 34610 72
33 79 80850 79
67 18 10481 148
48 8 19684 28
58 54 21246 129
46 9 24308 146
43 26 15635 52
92 86 168806 136
22 61 23001 155
96 63 5285 1255
38 13 96784 184
7 87 55476 93
75 69 17861 357
41 89 147406 136
80 79 5935 128
39 100 67300 31
86 84 16419 1005
30 7 39016 76
68 5 100601 57
32 91 56794 118
72 62 142647 59
33 61 17624 137
56 31 12323 135
61 6 54388 55
66 80 161885 502
100 17 10699 137
83 39 12998 191
48 40 45316 582
2 47 58185 318
98 54 30531 80
58 82 4497 46
70 74 6498 169
57 45 20547 1261
90 69 4498 241
5 96 10894 100
58 99 66416 105
91 75 45571 428
36 65 61277 54
30 58 17242 183
2 23 28959 304
93 27 47133 49
35 24 43456 412
80 15 18973 1532
84 50 34391 73
14 95 207217 108
69 1 68992 68
88 78 15194 131
35 3 2074 123
60 54 17192 135
35 90 61553 263
21 66 4559 140
11 60 21153 630
64 39 4457 91
37 198
63 180

1118340
