100 299 1 1
19 11 3655 46
19 6 139708 350
19 21 7529 349
19 7 12769 66
19 78 49070 1529
19 33 55167 35
19 29 17803 242
19 35 114624 118
19 23 21887 458
19 89 78826 256
19 72 13942 162
19 68 6261 58
19 87 8295 1365
19 59 26383 900
19 74 14106 133
19 1 34397 146
19 25 25291 267
19 43 2046 369
19 8 76218 150
19 38 106689 275
19 56 36686 726
19 55 1474 41
19 24 131550 120
19 3 15763 154
19 2 34969 784
19 86 37142 234
19 58 21477 115
19 81 6848 258
19 75 63540 170
19 15 12005 1000
19 79 23361 106
19 88 60026 198
19 71 9647 181
19 77 11389 48
19 50 34190 48
19 10 23235 307
19 91 29447 177
19 44 8170 143
19 20 17751 81
19 99 14101 127
19 41 3690 80
19 36 26253 162
19 52 36032 564
19 97 23792 289
19 98 57515 511
19 30 31884 66
19 46 103068 79
19 63 54616 156
19 84 84336 60
19 80 23570 891
19 100 44360 150
19 53 6315 424
19 9 91822 64
19 32 8590 34
19 34 34061 775
19 60 15505 259
19 5 16686 87
19 13 21433 161
19 49 5998 86
19 39 77540 69
19 57 5968 271
19 27 107653 251
19 96 1763 167
19 93 186849 671
19 54 35510 311
19 83 14793 445
19 45 15056 406
19 48 4986 368
19 73 8595 95
19 82 34412 64
19 4 23621 98
19 95 10234 330
19 69 51379 204
19 31 7663 109
19 94 29170 67
19 40 21394 31
19 64 15961 516
19 26 2670 102
19 16 264288 86
19 65 26939 441
19 12 28658 81
19 42 41752 371
19 18 10096 56
19 37 7184 98
19 76 28376 370
19 70 93442 45
19 28 19522 12
19 61 16808 243
19 14 10434 11
19 67 49315 35
19 66 2097 85
19 92 46309 96
19 22 16006 213
19 85 3081 411
19 17 8544 387
19 47 5018 142
19 62 36792 222
19 51 73931 337
19 90 7095 195
4 44 45055 30
15 31 46785 188
58 2 24255 437
74 37 66377 525
49 30 73659 466
92 26 5124 51
18 78 39477 519
81 17 30460 153
85 81 41238 145
90 78 68504 250
46 21 14845 212
79 54 18287 30
69 15 28307 148
84 15 21918 39
61 23 34988 341
92 34 37281 394
5 36 5876 209
60 15 28977 105
74 91 12439 640
89 75 30359 38
14 69 131813 497
63 65 6371 289
27 59 131527 238
45 73 9354 81
32 40 64046 954
43 44 9637 50
35 28 3305 214
10 46 15156 221
90 89 13346 41
28 72 16174 277
96 6 12151 298
84 7 8780 28
86 56 80366 101
25 17 65030 132
46 23 41294 138
100 16 38473 75
51 12 5619 121
13 65 25779 126
69 16 6489 55
33 57 10769 142
89 21 28255 372
44 99 25551 172
83 43 66664 254
23 17 13813 56
89 66 7980 105
12 96 26872 68
26 3 16169 105
81 40 17106 171
78 87 13432 215
76 81 10553 113
49 25 31169 88
71 1 21851 184
27 8 19242 204
95 91 11834 242
79 16 5732 75
56 10 48930 193
80 92 20880 128
21 74 20065 65
24 79 19272 251
43 17 160288 31
30 17 15957 212
68 12 8071 91
86 31 17738 177
35 80 11810 432
84 58 28579 2066
23 91 33418 203
73 89 35881 53
78 8 35693 40
81 6 15695 62
81 89 31201 224
51 52 11747 243
31 81 6765 33
83 61 5736 38
29 82 3561 104
48 33 51537 124
4 45 35603 71
15 90 42909 106
13 79 106315 292
92 79 29892 108
62 87 30468 996
39 67 17140 189
82 42 20715 775
100 59 13614 30
42 17 39074 324
60 96 19641 113
12 64 15031 306
85 72 5664 1143
24 56 40348 163
71 45 29202 130
58 30 19723 72
82 7 7382 16
41 36 6726 394
88 67 61415 610
61 48 36289 954
77 33 8482 454
30 56 19837 90
35 5 35022 507
39 35 27104 66
85 9 99802 21
79 8 23839 406
76 77 5263 301
25 34 13718 39
65 75 41856 241
1 16 17256 44
54 76 18712 49
55 32 16719 38
40 12 36339 4359
11 4 30064 143
10 6 23832 388
60 31 57889 98
39 90 20523 154
92 21 13535 100
41 99 4984 124
35 44 14906 30
83 20 21380 476
20 39 4527 730
37 32 32775 190
95 97 21551 1980
8 1 72292 48
83 5 77139 149
89 53 4594 277
76 2 13830 545
60 72 59723 131
72 54 37033 556
8 52 32949 389
24 14 13004 415
90 26 63995 15
55 95 5010 40
42 31 44983 77
34 49 132870 350
45 100 114774 555
75 14 8943 98
20 57 15932 812
8 38 13250 1760
78 16 50276 167
92 99 12972 319
56 31 96232 238
2 96 28104 1089
31 93 18878 34
42 25 25323 24
80 86 38781 574
73 41 12828 45
73 43 8219 276
58 12 60024 270
15 8 6164 322
54 32 12210 64
46 10 142663 37
15 34 16545 386
85 84 88198 605
7 92 92288 118
80 13 7338 29
74 5 94695 91
90 38 24404 68
9 66 45481 96
70 98 50483 152
55 77 33522 216
31 16 2649 661
95 57 23676 138
8 76 29433 98
15 26 6051 221
29 77 45467 70
69 1 34627 41
100 14 66140 379
97 83 28310 246
57 30 45387 383
57 48 9613 80
53 75 19758 72
86 72 12732 59
83 27 10310 79
1 65 19113 147
4 95 16580 321
87 65 9872 60
22 93 16916 99
69 61 29624 121
2 71 138688 86
75 1 21458 726
1 72 61074 160
72 27 27024 508
21 87 65726 311
29 4 10733 19
79 68 73974 16
37 70 23335 36
14 13 27428 59
82 15 4785 99
64 15 23683 163
85 18 14390 358
15 78 56033 87
66 27 36899 46
36 14 5840 31
70 76 21329 296
58 38 29385 83
81 8 45690 254
35 70 6837 124
37 62 17374 474
85 8 12603 148
83 63 62878 88
62 93 18245 125
23 97 130038 183
3 4 89762 376
82 37 75640 60
19 1881
17 479

6648816
