100 299 1 1
85 79 117078 419
85 78 4847 184
85 58 45174 79
85 2 39545 434
85 96 19008 399
85 24 44736 190
85 29 16501 44
85 59 8436 25
85 75 22617 67
85 42 7801 468
85 19 10303 321
85 31 40214 1629
85 26 126461 108
85 16 9719 443
85 60 50259 106
85 68 26759 73
85 92 87456 162
85 12 29777 572
85 61 29262 681
85 70 23830 63
85 7 17082 442
85 56 13261 253
85 18 19196 307
85 52 16137 324
85 69 7264 219
85 21 7304 126
85 86 48314 135
85 49 43038 269
85 63 38154 57
85 10 8868 402
85 3 34347 704
85 46 30015 228
85 22 5688 336
85 9 10772 126
85 65 17655 771
85 54 36981 76
85 74 60028 88
85 45 41762 134
85 76 2994 52
85 8 7407 76
85 91 15367 151
85 55 9967 213
85 44 22936 177
85 62 301576 35
85 6 88156 53
85 1 10497 67
85 87 5637 42
85 27 15862 146
85 83 16598 51
85 15 31001 43
85 82 5729 180
85 4 51197 537
85 81 14896 91
85 5 11208 46
85 23 8946 166
85 32 22322 505
85 35 11732 60
85 11 83629 113
85 13 15466 137
85 71 100814 244
85 57 42501 13
85 34 33620 500
85 90 8584 114
85 25 61654 406
85 95 23887 359
85 43 12847 189
85 38 18512 631
85 39 241103 161
85 33 16736 85
85 66 8806 48
85 64 54726 482
85 73 4727 166
85 20 17187 158
85 72 5913 159
85 48 60869 101
85 37 24790 735
85 17 9212 819
85 67 11316 708
85 51 37656 1264
85 98 2175 167
85 93 116347 259
85 97 150157 9
85 41 259217 104
85 50 7970 224
85 94 8429 131
85 99 33785 397
85 88 74189 199
85 84 46930 488
85 89 33774 18
85 36 4588 169
85 14 12544 373
85 40 33818 52
85 28 158633 145
85 77 18870 140
85 53 24575 21
85 100 41942 50
85 30 43912 57
85 80 15170 74
85 47 27647 780
84 21 6708 177
100 10 3327 84
25 66 28423 54
42 95 58855 651
94 83 29344 138
71 32 44689 27
9 51 232998 5
70 89 50798 794
15 97 4477 271
91 41 7695 329
77 61 63181 493
33 26 7461 31
41 15 33129 275
35 67 29685 188
17 24 135932 516
80 56 49794 116
41 49 14985 757
70 16 26452 156
81 48 13598 77
63 84 18695 53
96 10 33364 208
79 84 11128 547
24 18 49466 57
46 62 14464 363
25 20 29985 90
20 52 9208 1544
30 60 10525 123
45 41 32170 74
71 42 14780 468
65 87 12314 64
78 69 43570 5053
38 64 48769 171
40 10 15183 141
48 14 91242 72
61 32 34611 215
50 51 17247 312
81 21 4835 18
92 95 19563 152
57 10 6474 78
69 93 71155 90
95 62 18330 293
27 76 16842 135
15 79 35170 559
9 26 6161 311
14 77 5249 285
35 95 67477 110
49 10 95869 179
96 81 10625 472
100 4 18900 194
33 97 20828 71
14 83 78622 39
74 50 2755 495
22 7 131474 206
31 34 180747 386
42 49 19692 44
51 2 87836 94
4 97 157693 25
16 30 28656 291
41 31 8748 344
6 74 34369 255
2 25 26046 311
53 66 8136 256
32 50 46449 486
80 13 3134 271
19 99 6656 563
71 92 5663 170
87 62 40608 45
44 41 39779 74
22 27 18314 111
43 85 16285 273
1 35 32509 159
22 67 40579 2162
67 6 41636 123
31 70 30307 36
11 34 8057 383
21 69 4390 174
27 79 13085 180
76 83 24474 389
19 44 8431 398
20 13 49192 222
89 83 21136 154
26 10 28403 41
76 44 38096 173
82 84 19615 61
84 95 86517 179
12 38 5227 131
21 33 5541 160
35 87 25160 94
30 82 25491 483
43 59 34784 43
23 18 22323 119
86 2 16573 234
34 61 11212 633
28 70 12307 35
17 86 8450 125
42 89 12963 24
63 38 70205 96
51 91 137691 44
55 91 11846 60
22 56 8838 1224
74 20 3936 64
77 79 6692 537
20 18 122477 34
83 57 2448 20
72 19 11234 107
96 4 20696 101
3 2 117359 350
48 98 15381 191
50 98 26989 6
68 40 56107 90
24 26 33714 58
50 79 71223 654
74 2 60686 145
52 85 53330 69
52 81 1587 134
42 28 5436 85
46 84 16348 38
87 28 6308 68
84 58 7492 268
52 6 98166 565
14 21 11304 108
5 8 6399 195
58 51 42537 741
87 96 20139 88
90 12 22983 55
60 84 74225 84
68 33 6724 66
32 76 69762 69
41 98 19977 355
5 29 18339 101
86 94 53369 43
82 98 18667 25
2 91 10946 43
21 60 25331 107
98 64 25900 247
39 24 34014 85
54 75 9084 378
8 6 70395 166
32 43 72152 81
62 6 6143 101
56 87 114329 126
19 27 9530 199
68 26 82468 411
3 55 31965 393
74 65 22847 157
61 42 5380 47
35 54 26622 211
43 58 24547 329
29 35 113134 32
13 83 12178 210
12 9 6564 215
87 41 39105 74
14 20 37388 133
67 34 24940 58
10 66 50241 38
15 76 11528 147
27 93 10170 214
40 11 86207 1310
49 75 41358 300
58 26 21920 864
89 97 7959 521
74 87 22962 382
46 5 35857 11
61 93 6334 328
47 49 8717 65
46 43 9461 120
23 59 41804 260
4 38 53204 63
78 3 29582 73
23 74 8978 282
54 8 9148 633
12 80 110176 46
88 100 19709 41
21 74 58160 40
68 66 107509 141
38 12 7995 148
56 4 2456 77
64 66 4513 246
100 14 13779 10
50 4 19014 216
7 44 53879 182
58 21 12593 85
4 75 95622 676
86 19 66701 219
80 14 31838 53
2 39 25203 566
96 62 8129 251
83 90 22718 98
12 65 17501 213
99 22 22755 88
13 57 2025 139
64 93 7224 36
80 17 37177 96
13 65 10867 360
22 17 10582 45
56 91 6809 82
73 40 138200 348
72 46 23487 176
83 55 10562 131
66 78 95564 559
85 297
10 246

2181528
