100 299 1 1
42 70 17854 58
42 98 33996 73
42 35 49027 26
42 25 15386 729
42 10 59920 314
42 92 2479 81
42 47 30004 81
42 31 59589 971
42 55 25818 40
42 94 10491 271
42 36 5314 209
42 24 15625 86
42 43 61078 386
42 60 20467 118
42 19 16703 105
42 93 73264 346
42 82 31133 327
42 2 46188 34
42 13 8428 54
42 100 21083 124
42 14 3535 360
42 8 5031 73
42 40 40248 201
42 4 6087 151
42 90 36953 44
42 16 21625 192
42 66 38234 34
42 28 13062 115
42 59 28335 300
42 58 26306 128
42 74 11070 46
42 3 15002 322
42 51 17981 490
42 26 40309 140
42 76 19167 116
42 57 49554 69
42 41 11431 30
42 65 38973 221
42 83 5747 167
42 46 56596 253
42 75 5434 63
42 39 17510 184
42 20 17905 68
42 86 39212 70
42 91 33494 285
42 97 25909 88
42 29 128171 28
42 33 36703 758
42 15 17706 206
42 9 11770 721
42 87 44613 21
42 56 58844 48
42 63 64817 217
42 34 17548 309
42 95 19955 80
42 18 69755 73
42 77 61983 93
42 71 29094 47
42 6 3262 113
42 69 7429 260
42 5 10495 590
42 85 13217 46
42 45 6906 324
42 48 14481 271
42 44 69287 164
42 80 21272 192
42 21 23389 45
42 17 36477 204
42 64 9022 121
42 61 105151 137
42 22 31318 151
42 1 161317 320
42 62 34570 386
42 73 23559 117
42 27 41551 169
42 52 21848 559
42 96 41836 135
42 72 26718 59
42 37 144079 160
42 78 19958 250
42 84 18471 356
42 54 31955 277
42 30 77133 9
42 81 3777 508
42 89 35435 95
42 23 37493 132
42 50 12455 75
42 12 1930 96
42 32 19835 245
42 38 88898 369
42 7 15303 59
42 67 10925 86
42 88 15897 330
42 79 14567 39
42 99 5515 100
42 49 16753 203
42 11 33634 212
42 68 13898 264
42 53 15633 113
8 19 36212 45
35 66 41263 71
34 75 9350 59
4 69 101514 419
41 74 57076 500
35 2 28622 75
78 87 25177 105
50 85 11554 122
30 62 5769 406
6 92 23840 400
21 65 10549 128
9 33 10453 271
3 35 19479 392
24 50 112573 70
62 95 34026 222
58 78 34878 268
45 33 75227 93
90 33 51978 24
55 24 127808 160
32 92 1462 223
92 83 32662 274
49 16 7232 303
17 100 6552 138
85 46 17394 31
36 79 16353 612
8 70 6856 445
23 55 34910 65
58 85 9587 139
97 44 18390 33
30 55 71651 144
70 53 228749 100
60 70 37975 313
67 81 19981 48
97 98 25819 811
94 93 13526 511
80 14 10376 47
74 28 2037 108
81 98 116505 522
36 73 17392 1399
67 51 59666 613
5 70 34673 84
76 31 33930 231
55 8 103126 142
39 47 31328 386
94 13 7753 53
45 76 55248 79
50 12 104337 53
29 25 5934 153
96 36 12199 219
73 75 35044 18
47 27 47575 31
10 46 22236 299
68 55 10786 362
17 88 90467 436
32 33 1457 1872
1 2 12275 58
77 19 13904 85
4 48 18698 59
46 26 31529 35
79 80 21077 97
54 63 29456 349
40 54 62097 24
77 45 5735 30
66 90 7545 85
98 52 21616 47
16 74 10184 119
66 1 32411 32
11 40 51361 156
81 48 29720 252
14 45 226517 418
85 47 10540 680
2 63 68837 213
59 74 22830 112
10 98 51301 220
28 71 14333 80
71 86 42162 279
29 51 6017 135
99 87 28820 112
99 30 35887 67
2 66 7470 97
92 35 2377 892
40 73 16365 395
3 43 9447 66
98 60 12378 230
49 56 12496 32
10 66 13814 107
4 50 13885 313
87 66 17272 38
46 33 99942 131
13 14 9023 104
11 90 37106 107
9 77 53204 57
68 59 66887 769
35 69 384177 999
87 98 7298 115
63 7 7661 73
44 69 53983 73
21 88 18811 20
70 16 6882 445
50 38 21775 150
8 14 197147 195
81 97 17307 132
25 91 385837 180
37 68 21213 120
13 85 45689 292
9 32 136829 1046
14 44 71135 226
49 62 2583 163
88 9 20732 877
84 88 112027 82
1 10 166847 366
45 34 14497 57
37 30 78455 196
80 19 6460 119
36 15 82059 22
98 48 73155 249
86 45 27322 136
55 12 13197 716
5 59 5729 51
59 21 11371 77
26 40 20501 194
2 73 31910 632
23 77 10854 272
45 94 16191 254
61 41 5419 131
27 12 42010 45
86 5 47175 35
90 20 379979 59
54 18 3052 254
92 71 19823 70
52 41 13740 361
33 56 12425 66
53 92 48218 174
7 66 43083 34
40 71 81218 152
24 17 16712 73
61 31 16750 144
16 100 5293 487
15 31 51541 226
39 24 28214 215
34 33 8593 182
4 30 177939 171
18 99 89475 99
36 34 16807 83
19 71 31259 291
88 100 160124 161
40 83 10397 185
31 46 18259 176
36 60 79223 69
52 60 9795 90
65 12 27393 324
59 100 116458 2363
34 27 42793 84
82 59 6432 40
7 31 24167 367
78 13 100608 57
50 17 8146 602
5 46 28617 179
12 2 9556 387
12 63 10121 529
9 64 18750 235
34 50 36136 480
38 83 45923 193
14 24 7474 79
64 34 9873 99
76 87 58335 157
15 97 11385 45
18 76 5871 20
14 27 32867 89
43 94 5048 303
86 31 18620 42
41 70 9775 169
50 13 100431 467
85 42 43072 45
38 70 17080 95
98 12 3885 581
94 77 8657 9
36 6 47214 141
35 52 4645 169
89 9 26218 288
43 54 28268 311
45 93 90600 68
38 26 30131 567
6 55 22910 191
79 9 5385 78
64 73 14869 320
60 4 27364 241
45 63 6946 207
38 23 21791 136
18 86 15117 819
25 42 68158 92
88 27 5697 123
25 56 8673 44
65 28 8786 178
74 31 2877 127
79 61 11926 21
22 50 14497 641
97 79 16404 78
32 30 18481 196
99 19 19774 22
42 495
33 338

7283279
