100 299 1 1
95 68 29695 245
95 65 2471 472
95 35 26495 170
95 66 64478 289
95 15 62633 43
95 61 2838 77
95 84 11847 110
95 71 10580 244
95 40 231298 264
95 69 4376 146
95 88 70866 65
95 91 28676 46
95 62 11406 67
95 9 16078 12
95 76 13761 57
95 29 40668 806
95 18 11797 49
95 77 9872 56
95 2 67004 42
95 85 3860 396
95 13 36797 42
95 36 25551 235
95 48 51622 471
95 37 19873 236
95 23 26597 220
95 17 58807 126
95 58 14991 195
95 80 110593 32
95 10 40660 135
95 42 15504 752
95 54 18667 398
95 47 34138 82
95 27 9685 309
95 3 74083 289
95 59 11728 626
95 53 17320 87
95 79 11532 95
95 31 32895 211
95 21 20797 51
95 55 40367 584
95 93 24214 366
95 90 23728 66
95 89 36603 93
95 26 6519 377
95 96 36108 217
95 44 17611 68
95 63 20876 398
95 5 24467 455
95 7 46837 48
95 33 5286 119
95 83 38837 143
95 98 16518 142
95 20 25661 194
95 39 37373 203
95 100 228499 163
95 94 16200 284
95 22 48448 68
95 19 73043 218
95 38 7442 121
95 49 3739 103
95 56 22255 263
95 16 3645 168
95 92 16160 117
95 81 13680 350
95 45 12640 396
95 75 5044 369
95 70 6838 190
95 24 6315 280
95 46 10611 68
95 50 14612 150
95 28 24021 52
95 34 5306 341
95 32 7049 79
95 87 101730 351
95 60 4450 274
95 12 10511 235
95 41 43210 69
95 67 2890 255
95 43 8106 276
95 97 29559 13
95 11 38601 82
95 14 235466 72
95 64 41498 201
95 82 11930 271
95 51 37696 626
95 30 4720 121
95 72 302361 93
95 86 31201 145
95 52 4631 124
95 8 41787 36
95 74 8707 44
95 57 9591 613
95 73 58528 1123
95 1 8096 119
95 78 85042 365
95 25 13473 76
95 6 28713 504
95 99 49585 460
95 4 32107 63
8 92 259471 247
31 95 3813 65
62 30 12517 173
21 64 1556 1071
18 45 19000 181
11 95 31344 445
1 8 111171 1595
75 72 94521 412
66 69 12247 95
56 36 46559 59
21 4 8292 375
89 40 16033 281
4 54 2881 539
81 85 6115 96
87 43 44920 19
83 1 11717 204
32 87 254038 119
65 8 16283 20
45 70 16512 59
10 60 71708 328
22 85 11938 131
66 90 128434 111
77 48 66600 59
26 13 8968 116
30 83 135156 75
90 97 10242 132
52 4 12529 46
97 14 11003 73
97 6 7450 331
38 54 35928 1465
80 44 3563 1155
23 50 51130 424
25 26 4542 299
45 6 36973 156
54 51 14298 268
48 71 201820 131
3 27 8674 13
74 78 4618 17
53 75 22944 185
81 10 21642 82
81 14 9368 1313
9 71 25412 21
87 11 13883 220
21 44 5496 361
86 62 292871 154
23 72 27308 94
84 8 16640 29
20 26 4590 201
28 55 16381 195
2 29 99505 225
67 97 16067 159
73 72 11537 422
41 58 14817 103
67 81 19374 408
41 65 27091 183
64 20 4260 451
80 58 50829 30
65 48 45982 198
99 79 27741 94
5 100 5697 130
86 94 37132 94
17 52 46394 38
96 35 31919 221
82 35 17776 70
68 93 81483 70
9 66 61112 149
14 93 19378 179
71 94 26942 414
55 32 22874 263
2 33 60721 35
20 42 10212 63
42 54 20007 135
48 5 59508 170
53 95 3600 97
65 74 20942 115
83 12 50795 72
86 48 19432 321
65 76 61258 155
4 26 98001 727
2 66 14783 31
100 94 14124 70
89 72 96576 461
76 75 71474 271
22 60 6003 58
90 42 31971 405
46 6 16376 50
29 98 5264 141
84 22 52178 55
100 30 4364 810
91 99 15296 511
48 35 10022 180
16 46 5554 190
20 48 37757 54
63 36 46439 34
46 14 35397 20
56 13 38808 151
42 5 2749 447
96 85 8447 147
9 21 62468 632
30 40 4533 37
24 12 18770 652
53 12 17741 666
13 50 56121 333
100 60 35232 239
70 8 137740 215
90 51 29903 56
76 12 18524 192
61 18 29997 213
23 49 64479 166
1 86 27964 149
72 20 26198 19
11 48 28009 108
84 29 77567 476
27 69 14749 215
22 86 19346 181
11 67 6611 51
25 15 25813 65
62 28 20564 153
28 57 11160 411
53 76 41315 40
27 66 88141 105
61 36 122235 107
97 63 30577 223
40 96 2807 84
82 3 108535 154
1 38 12387 65
22 51 56810 257
7 10 18428 110
13 32 22230 592
28 88 4327 83
92 9 24410 252
45 74 21582 161
48 97 35931 410
32 15 64707 1142
32 43 54075 595
97 90 33490 1481
60 2 16483 245
68 36 22874 22
43 83 48209 31
45 8 21767 67
55 26 6760 1019
56 26 31340 131
12 23 12979 16
15 2 12247 333
61 46 6330 28
75 22 3856 349
15 92 22761 336
33 90 151370 33
60 41 43691 188
18 24 13715 179
26 80 8076 41
80 65 11970 148
78 85 10535 35
55 37 48059 204
58 60 18023 110
42 49 25304 166
12 22 6315 248
20 9 47392 156
42 76 103424 338
61 72 14446 52
61 24 12710 121
31 46 23018 571
40 6 32498 55
33 75 7578 231
28 77 18113 93
36 28 30477 175
94 47 101646 72
8 20 2623 135
67 59 54616 151
19 97 12503 236
39 27 29602 285
6 52 30693 185
60 85 56568 38
98 30 20414 26
97 3 25578 211
10 18 56968 894
44 40 37130 69
59 36 18006 426
5 15 21598 193
28 79 6229 98
18 8 22891 163
59 19 10231 116
73 48 9631 122
34 26 23036 545
99 64 34189 328
16 99 31771 188
36 2 8121 105
50 13 61012 64
13 24 15062 40
77 81 2332 151
66 15 5867 371
54 46 19400 143
4 40 19718 524
13 31 9202 51
84 71 4078 577
65 90 38900 292
57 97 4762 150
69 61 27704 26
87 7 19961 36
18 84 16127 255
95 693
48 498

24248739
