100 299 1 1
44 47 7588 383
44 8 48734 203
44 22 22359 1278
44 89 47906 394
44 9 21893 268
44 40 36075 97
44 2 50748 150
44 69 82856 117
44 36 15377 79
44 35 43700 511
44 67 105653 172
44 94 49005 244
44 86 22826 184
44 57 24874 60
44 21 8679 26
44 55 52214 464
44 15 12211 137
44 11 14000 48
44 27 10832 249
44 68 10867 282
44 62 15457 32
44 60 13491 111
44 16 10706 879
44 77 21069 80
44 98 10785 7
44 80 11594 74
44 100 21798 33
44 42 54365 520
44 74 38364 560
44 3 26614 79
44 23 79046 392
44 70 22633 566
44 50 6623 466
44 78 13597 575
44 5 8868 246
44 75 21107 85
44 34 19792 387
44 92 25160 84
44 29 3676 218
44 53 17410 346
44 64 5633 68
44 52 44250 297
44 65 9209 217
44 49 23706 383
44 45 9232 47
44 56 50998 221
44 63 34122 70
44 54 57606 142
44 24 3724 117
44 58 14125 658
44 85 28256 50
44 38 10096 655
44 79 11286 120
44 6 7601 21
44 18 11644 80
44 20 41076 27
44 83 14042 141
44 90 8629 62
44 81 32313 83
44 97 39075 159
44 59 143738 779
44 91 16032 97
44 30 52346 172
44 13 79912 616
44 48 48309 133
44 82 24035 323
44 84 64591 552
44 25 91576 757
44 88 38802 233
44 7 1583 423
44 93 7483 402
44 14 52941 197
44 73 18258 386
44 87 341571 174
44 1 24152 296
44 66 15448 132
44 95 59336 214
44 37 36306 311
44 17 22801 116
44 12 3697 37
44 28 21240 412
44 96 20362 263
44 41 30654 109
44 10 51244 27
44 19 30819 1231
44 39 18730 252
44 33 5341 450
44 99 225380 301
44 71 8889 451
44 46 11793 17
44 72 217859 13
44 51 8469 296
44 26 64826 278
44 32 70083 164
44 4 7219 214
44 31 20565 44
44 43 26568 200
44 76 19510 131
44 61 8578 220
35 53 10859 80
6 85 10716 72
7 42 22898 45
47 65 11758 54
28 55 42194 641
27 26 5595 133
20 89 30101 831
35 87 10171 67
17 76 24463 44
38 57 263848 81
71 92 13376 70
66 50 23578 330
41 64 31349 283
85 5 36643 95
91 9 57481 93
63 32 30585 145
18 67 19119 697
30 8 2634 140
69 28 21036 156
47 53 8292 106
30 99 40861 45
83 24 4600 50
85 52 33425 5
57 87 114147 776
54 97 13302 78
19 54 36236 69
30 90 36447 643
2 92 92968 234
41 15 4436 54
71 41 7798 221
88 100 29127 46
17 7 19297 105
9 60 21829 415
60 10 27356 98
54 8 14271 259
78 28 17996 107
52 13 21235 715
43 18 15530 227
90 47 33887 82
59 6 138008 292
56 25 8162 430
15 70 20103 458
42 75 13079 135
23 69 47533 334
8 6 23630 510
34 9 6260 598
37 44 18843 88
70 81 65976 287
22 58 32499 34
62 82 86601 30
64 49 25932 63
58 10 32870 127
46 71 34895 335
75 34 8500 167
30 23 31574 83
31 85 3119 77
63 15 37132 513
8 9 37114 218
50 84 21933 143
57 81 7120 84
96 26 52845 116
47 6 2766 1301
80 29 29503 57
62 10 59667 37
75 49 26054 355
28 73 21770 284
51 61 19426 51
55 32 31837 56
57 68 25878 106
63 80 7509 58
19 70 33222 104
31 41 25197 258
74 4 21200 373
15 48 80932 114
15 44 8780 27
83 92 14534 51
59 37 25659 132
75 60 43281 791
6 76 12973 267
59 96 2989 2819
56 49 23112 74
61 100 7074 213
60 6 6955 97
79 98 83304 828
98 62 21627 484
77 19 68599 97
89 42 165841 169
48 65 2432 907
34 69 68939 85
7 82 114521 650
28 35 33725 188
29 78 33377 92
54 84 13634 85
84 91 25220 46
79 70 72128 242
77 88 25252 131
23 41 45554 406
4 84 26002 299
88 36 9734 997
94 49 21880 115
69 29 25393 207
10 52 118414 639
93 96 7102 331
56 69 22890 76
97 72 25791 57
56 23 19606 855
91 49 68851 105
66 57 6872 187
62 4 42939 81
23 38 67271 234
24 85 56655 41
62 46 85084 269
3 27 15242 340
84 15 22843 198
20 33 21456 120
72 21 24158 103
78 79 16878 521
28 48 97222 14
93 46 11802 106
25 23 82218 134
73 62 2814 85
99 61 31161 148
17 80 50775 145
14 1 47173 56
75 13 34582 143
55 37 104404 245
60 5 11793 402
32 71 55596 55
60 94 13103 464
75 21 19173 431
1 29 40272 376
38 82 8889 79
70 30 82340 124
84 43 78462 125
27 60 26281 400
74 50 12429 564
2 18 22286 120
76 6 23994 407
3 12 35297 174
75 89 43810 23
19 72 6929 256
67 11 40447 34
94 28 10061 474
18 83 19022 58
55 51 11366 761
27 36 18474 65
63 51 24861 81
39 50 30486 222
97 28 13137 287
12 81 81449 40
94 38 54723 232
72 79 19471 498
90 3 6422 70
33 66 16814 359
77 97 19789 123
86 43 7890 71
56 82 10023 95
75 17 44216 46
38 72 59262 963
88 70 6008 17
54 51 16801 169
39 63 9149 350
17 63 56684 115
48 47 88877 169
7 78 23403 127
60 76 26737 119
47 31 5566 63
55 7 28460 139
73 66 9345 195
1 9 5909 147
4 96 16019 148
37 28 118434 705
24 3 14193 72
27 45 147234 384
26 35 66884 193
8 53 13374 120
86 88 9574 292
81 69 4976 475
2 86 10638 584
6 61 22651 249
38 30 19801 319
78 65 6895 134
90 40 14782 24
53 97 31987 29
15 3 53681 409
99 43 83467 202
14 86 14997 164
57 31 36913 70
29 86 5202 18
31 67 24738 80
43 67 18219 1031
83 94 42661 162
75 9 58423 192
17 37 12171 24
63 31 28752 442
55 94 47930 310
41 52 8387 717
29 58 27542 448
51 1 85352 44
84 1 37888 224
44 297
49 246

5831676
