100 299 1 1
83 9 11909 317
83 79 59783 441
83 56 66307 598
83 86 11732 164
83 67 57240 109
83 95 151466 321
83 90 42244 198
83 29 17976 89
83 27 32780 621
83 96 11010 424
83 41 15575 50
83 85 18656 43
83 74 26586 41
83 52 10929 515
83 72 11565 590
83 82 15489 133
83 48 3867 247
83 40 2769 23
83 43 44594 597
83 30 22498 105
83 98 6692 377
83 57 6928 200
83 59 131607 182
83 12 54928 127
83 91 71511 110
83 65 22665 102
83 42 69324 261
83 84 4026 31
83 10 16124 72
83 89 22408 261
83 50 1554 178
83 45 73492 106
83 64 74859 432
83 34 12361 58
83 71 28290 391
83 20 41483 1511
83 77 14872 24
83 88 9639 174
83 5 244969 467
83 18 19166 447
83 23 1513 418
83 87 21779 58
83 47 9306 128
83 36 22538 515
83 25 2912 93
83 33 11890 3011
83 63 26762 1662
83 26 13536 227
83 51 29313 52
83 14 12374 244
83 4 8838 75
83 55 14270 374
83 97 4827 287
83 44 12818 196
83 2 32341 625
83 62 19920 65
83 46 24673 120
83 19 20094 184
83 99 14156 25
83 32 17925 29
83 66 1523 17
83 94 15606 600
83 93 13124 119
83 49 16173 222
83 92 80724 83
83 11 5256 66
83 78 40815 186
83 35 19247 672
83 1 4361 51
83 38 78662 68
83 73 42769 50
83 6 91359 19
83 76 58802 18
83 58 25330 78
83 39 118338 299
83 68 66389 304
83 7 7918 470
83 75 30667 286
83 8 18303 232
83 81 18480 90
83 69 29810 79
83 13 15330 98
83 70 20777 88
83 22 30329 344
83 54 9287 44
83 15 37488 389
83 60 12204 37
83 17 7265 981
83 21 147700 48
83 3 10404 447
83 80 143040 228
83 61 3898 37
83 31 7807 439
83 100 62881 152
83 16 39312 93
83 37 21962 238
83 24 58428 93
83 28 7357 739
83 53 8582 119
74 91 6161 60
18 89 119654 873
6 86 6890 460
1 90 24313 61
90 58 11969 236
92 37 6293 98
69 49 4121 31
47 34 3620 564
92 94 78018 62
28 14 4171 390
48 32 46005 93
63 79 59549 99
53 31 7495 68
25 53 30191 258
54 7 16936 53
26 8 75575 284
54 34 13411 23
15 2 17296 398
7 87 124018 191
92 99 27719 79
37 80 77660 201
12 27 15774 274
56 32 8835 256
14 25 7809 333
11 41 16272 1189
76 42 17570 1239
21 99 10777 68
43 80 41495 129
8 11 31879 152
3 44 48486 27
43 14 8239 1390
85 33 13696 120
13 79 123463 616
31 89 14717 57
89 23 18267 37
40 95 18364 318
18 78 139382 78
90 100 5778 134
64 11 10691 2824
52 3 40997 737
67 50 2639 55
97 96 13805 60
28 75 51000 172
61 46 50650 70
70 72 37624 981
99 9 59003 102
86 22 5984 129
70 60 45374 97
61 22 58848 193
14 20 9467 483
7 4 8951 104
87 56 6792 155
33 73 7585 235
62 42 42902 676
7 36 11623 534
78 54 28104 122
62 46 15912 152
44 31 46218 2060
76 70 88904 174
22 16 29413 20
88 91 17508 56
35 32 7341 1404
46 73 41270 398
16 15 11363 326
50 97 11916 91
5 46 48384 156
96 57 24216 84
36 14 12209 69
66 17 89377 28
23 75 8590 97
48 81 12496 133
88 99 63526 133
91 12 7496 60
39 67 32241 143
37 67 73760 27
36 28 35537 152
86 23 12239 227
39 66 33186 75
74 97 32856 340
29 5 6952 19
95 34 7367 119
39 93 26884 64
98 83 11505 92
15 71 13971 1486
48 50 4661 111
72 74 6711 1050
75 39 29201 261
38 12 3811 10
97 85 20176 862
47 23 10272 108
74 100 20676 285
56 18 26657 178
70 89 26134 105
7 46 15738 84
29 100 20425 162
25 70 82114 232
60 10 16712 50
78 46 30341 209
90 79 5803 433
55 51 9587 121
31 87 46706 63
100 13 13151 260
74 65 32926 99
5 15 9258 112
13 77 27848 119
29 87 18002 61
17 25 15210 67
35 31 16053 42
66 89 42327 78
63 22 70876 161
37 15 46345 943
11 49 6009 399
23 1 17352 175
35 96 69969 309
100 72 7602 525
47 6 32009 72
90 49 1735 711
90 47 78978 425
86 93 43238 239
39 64 52888 199
79 38 5990 227
33 51 3718 68
25 6 32225 116
64 15 20944 180
66 72 21675 157
13 4 10503 289
79 37 35211 1268
11 79 2592 136
17 22 18222 264
53 73 1587 203
46 30 16517 160
96 85 23887 178
1 29 40292 787
4 89 34161 143
88 33 44911 163
1 35 7662 144
29 79 12876 129
50 81 2957 455
13 98 4652 299
73 93 21538 46
99 10 9551 102
4 78 11422 102
47 80 13858 264
18 22 72219 296
96 13 33653 274
4 38 8609 46
50 45 49234 90
40 79 19315 60
92 33 23110 113
45 81 97457 329
41 8 19028 89
89 46 37302 144
51 49 16155 262
77 23 30848 120
25 46 9343 474
7 57 25209 670
89 75 56165 493
74 40 30434 210
35 57 2476 632
3 22 45070 163
43 96 4825 44
92 31 4609 297
52 99 14606 625
43 73 9008 144
6 84 12198 265
41 90 9444 22
46 71 119519 95
94 2 9716 117
29 98 34868 357
90 26 8036 1097
24 27 3947 152
93 99 152499 74
79 21 85203 162
90 95 241788 536
36 54 86655 168
14 65 15748 413
82 69 71452 135
92 51 71922 146
91 34 21495 125
52 19 27965 221
8 90 25482 343
76 56 34991 307
51 30 23304 136
2 16 138565 430
44 73 30275 46
15 91 14727 71
1 33 69847 329
92 43 15380 338
17 82 11858 188
49 20 24639 162
55 76 9185 644
25 57 15712 809
93 65 96141 592
43 69 8549 102
20 64 19782 114
94 39 17045 181
84 34 54352 96
63 21 12315 191
61 11 10500 216
68 60 162830 17
83 1386
46 35

428925
