100 299 1 1
20 98 10156 46
20 40 23974 176
20 19 4589 825
20 3 31413 35
20 25 8294 455
20 89 7658 605
20 50 14199 1604
20 74 32387 420
20 22 34771 239
20 43 13238 837
20 94 10416 70
20 65 23622 254
20 55 1256 94
20 73 189336 160
20 17 1459 85
20 84 20326 169
20 38 47373 532
20 33 15134 145
20 11 22075 145
20 78 63001 53
20 39 28566 167
20 96 13755 292
20 99 11195 457
20 80 7560 144
20 86 5808 606
20 13 30118 100
20 70 11967 142
20 59 38002 282
20 67 4392 166
20 57 14825 37
20 61 28494 80
20 97 2729 212
20 87 46434 348
20 27 5604 223
20 100 65523 157
20 54 109464 46
20 41 39823 234
20 1 52627 81
20 10 4112 227
20 91 31746 23
20 12 12363 636
20 72 10101 38
20 82 4448 53
20 46 9647 357
20 53 11547 66
20 76 12830 159
20 28 22439 83
20 49 17415 137
20 48 11856 45
20 32 12687 61
20 31 18364 392
20 45 26461 421
20 64 9346 40
20 23 32078 426
20 77 9201 292
20 18 37783 118
20 7 9621 550
20 9 35935 152
20 36 71180 658
20 8 38676 181
20 85 97474 84
20 15 17469 47
20 81 1000000 175
20 68 104834 333
20 79 83826 148
20 56 19363 20
20 63 9836 98
20 60 17329 77
20 24 19087 13
20 2 35882 390
20 21 28455 128
20 4 29395 130
20 66 4111 188
20 58 2100 538
20 34 24701 277
20 62 93331 193
20 71 8730 103
20 52 15874 497
20 37 8871 595
20 95 28855 214
20 83 34257 411
20 6 7245 92
20 75 21122 89
20 16 35003 454
20 5 33317 92
20 93 11495 26
20 35 44997 862
20 44 126723 99
20 88 72268 319
20 90 68736 641
20 69 8810 128
20 42 26492 181
20 14 9758 222
20 92 82292 82
20 30 19725 188
20 51 36936 115
20 29 94561 132
20 26 14642 100
20 47 3828 89
94 99 14682 2727
61 25 24818 88
86 29 43373 105
72 47 3891 234
93 98 48058 112
84 64 14040 99
22 38 12715 17
71 53 19623 38
84 7 5170 131
54 77 3263 112
30 58 41006 166
26 23 12766 48
73 11 122268 24
32 41 4077 28
47 68 43407 23
72 7 5739 44
17 59 10371 139
16 50 22107 302
95 91 28733 287
73 5 5500 114
34 78 17976 184
98 60 11030 1497
95 77 6721 56
70 29 9647 279
24 69 215805 30
11 37 26394 66
78 45 8175 437
94 54 15557 268
78 72 21283 114
80 84 1652 809
6 36 14321 294
80 94 29074 140
60 99 95930 604
15 11 10983 274
29 98 135244 124
100 3 11349 274
76 40 44706 683
25 2 27843 53
84 12 14350 64
86 53 117395 26
16 30 16660 315
43 31 14134 177
25 74 8072 303
7 93 12601 165
19 14 66217 138
92 21 58838 151
62 44 30531 175
11 70 83640 323
36 89 4450 195
51 76 8978 773
52 70 116489 674
58 98 19661 69
9 24 35172 769
19 97 7154 300
66 5 19647 440
94 40 70431 625
92 58 27901 211
29 30 53078 28
82 53 16233 241
18 11 14601 508
52 43 114536 388
14 79 15112 46
14 49 4011 335
91 23 64151 645
55 5 26267 26
45 55 8614 54
17 63 19697 399
13 49 58432 17
89 86 45201 524
47 14 6578 35
75 69 38094 562
66 93 15340 308
10 99 34840 54
30 31 43306 99
26 80 23144 184
50 100 38565 115
37 51 25050 207
42 87 56853 194
54 96 6284 215
82 95 36690 159
78 90 117163 9
77 42 21543 379
7 46 9984 49
8 25 6532 205
52 47 4135 76
75 12 18328 182
35 10 53305 94
92 19 25745 1211
51 86 81812 104
48 79 3646 436
66 88 10410 471
94 23 23813 56
94 13 13415 1100
27 71 13528 422
61 62 29203 47
33 32 13621 166
35 27 24602 256
60 91 19068 274
16 40 113012 230
81 59 41753 1543
47 59 40431 123
50 75 3678 37
3 9 14672 110
91 58 7994 182
97 90 13798 43
12 63 24295 535
19 79 27058 123
99 89 20676 86
81 93 4836 110
5 25 25477 25
35 45 10129 303
53 22 10746 211
57 66 118507 37
60 88 43013 93
100 17 45674 656
9 53 36732 1644
51 55 18390 92
35 9 27775 298
41 2 12405 86
58 78 10702 449
25 72 88634 47
53 84 83164 323
85 83 58437 115
91 15 11254 182
5 16 24101 933
88 39 44957 273
46 1 16680 1515
100 5 16470 58
55 88 15467 257
2 47 17863 118
80 62 3002 198
98 36 128781 203
45 74 14078 637
36 72 170894 676
13 28 72451 58
2 87 17905 169
67 58 2718 132
15 66 16759 82
27 68 8515 127
66 24 10622 157
56 76 35678 444
26 14 53537 91
95 89 18562 42
4 22 23679 470
19 53 21375 167
16 31 18649 510
61 63 71887 569
86 39 26367 21
8 98 7167 2818
4 100 2395 214
11 55 9019 49
44 69 50576 195
26 24 2410 354
64 36 38021 283
38 73 32661 655
95 93 4661 545
13 51 26915 23
83 4 15184 123
40 98 15125 1338
65 26 27875 548
94 87 142199 525
63 53 33693 90
17 28 15960 902
85 58 60840 141
100 67 39450 427
85 96 18070 90
65 99 31289 644
63 90 25227 188
100 40 3233 209
84 80 54676 493
33 8 24916 176
52 66 14367 595
37 9 4935 112
73 8 28726 70
97 98 215187 165
63 93 19428 92
27 65 8590 1248
85 27 12559 145
96 24 35058 132
15 45 17614 121
73 43 19104 308
27 38 52514 128
54 4 1807 61
2 14 53372 87
1 10 4649 69
97 95 12399 866
3 12 15214 70
58 16 9080 48
45 17 28420 40
30 39 56921 33
61 89 9052 463
53 3 3803 135
81 1 24073 57
62 38 28634 376
65 51 28897 493
84 82 20987 160
14 54 27889 68
5 58 5819 82
90 3 203138 208
100 6 31896 94
20 396
98 62

815352
