100 299 1 1
99 37 102019 155
99 28 5243 175
99 81 3570 23
99 61 3999 52
99 46 18924 24
99 93 12280 120
99 63 45003 329
99 11 22306 1653
99 31 48918 74
99 35 11172 319
99 47 51528 74
99 49 20943 227
99 58 64737 122
99 21 65323 394
99 51 2887 231
99 91 51933 263
99 74 16086 26
99 17 17257 102
99 25 20941 186
99 9 18672 448
99 26 29263 104
99 67 15404 41
99 78 11154 224
99 13 66586 105
99 85 14054 134
99 40 61643 1534
99 36 163442 224
99 29 35526 92
99 10 12165 240
99 98 7359 391
99 60 14992 82
99 64 17643 221
99 32 31978 151
99 27 37537 382
99 8 29667 61
99 90 30797 374
99 62 85738 45
99 55 11536 1766
99 4 95855 186
99 68 123153 194
99 71 5241 313
99 80 5184 779
99 2 9595 345
99 94 218396 389
99 89 24228 308
99 83 41080 44
99 38 122912 19
99 86 47597 32
99 30 21941 242
99 22 4614 252
99 65 3014 15
99 66 80977 46
99 97 192563 183
99 69 17902 269
99 34 21631 68
99 70 4516 583
99 87 50715 119
99 18 38889 173
99 43 49799 110
99 57 20957 168
99 88 14365 740
99 95 32800 106
99 77 2495 85
99 82 26012 57
99 14 5825 50
99 59 26055 6821
99 3 10792 50
99 96 11621 58
99 100 47377 366
99 7 8896 40
99 42 25249 57
99 1 42362 75
99 41 3299 77
99 56 19192 101
99 73 17997 130
99 23 10395 143
99 76 27076 250
99 84 61523 99
99 12 5001 292
99 15 6240 64
99 79 7466 211
99 44 14525 117
99 72 10081 194
99 53 271333 235
99 45 26394 11
99 50 38724 224
99 19 6501 185
99 5 5464 871
99 6 20865 105
99 52 4233 306
99 54 3413 508
99 92 16514 11
99 33 15584 217
99 20 14665 264
99 16 4673 348
99 48 17250 396
99 75 10866 955
99 24 13926 123
99 39 8396 77
64 45 47583 180
47 18 22714 82
12 75 80672 320
21 3 35709 402
40 60 56425 68
78 84 35950 1442
3 64 13685 417
74 90 17192 75
63 94 15173 1430
85 80 37802 162
53 100 43767 42
36 12 16412 319
72 81 74747 130
9 96 117087 358
27 85 16312 96
98 92 17345 146
90 74 41192 99
86 51 13700 85
37 31 66588 109
84 57 25454 951
28 65 14820 254
31 90 17279 67
62 42 128965 149
86 26 10620 88
51 92 32252 189
17 25 92252 79
60 5 31833 288
62 57 23670 452
2 90 102874 148
80 21 9629 131
44 35 19453 121
44 17 29034 199
46 4 15261 51
66 89 117639 161
89 81 21117 27
82 94 23572 37
8 45 22324 118
42 9 102795 115
26 95 14213 59
49 30 35323 192
24 22 21875 100
71 80 30916 50
83 41 8711 302
93 56 23999 121
63 87 15921 29
68 24 13432 104
63 15 9041 269
60 24 52654 874
86 45 29776 819
10 11 17055 42
45 91 10212 75
92 34 69918 30
95 36 19122 46
55 53 12317 1151
88 5 10008 184
72 29 38058 46
8 19 17104 93
78 32 10355 1386
88 7 48543 101
47 68 28020 77
41 25 30483 98
75 65 23029 218
71 33 5257 47
78 40 81149 211
98 70 6331 561
17 1 56167 363
47 4 13558 45
12 15 25627 181
56 67 39848 207
96 67 89230 72
86 80 5770 73
96 13 39440 95
52 29 24112 559
90 24 16976 582
13 98 17335 183
33 50 119287 91
46 25 37608 33
75 31 17466 167
79 37 3486 26
12 65 29501 115
47 52 50758 47
71 56 4321 104
82 36 21502 72
40 24 9646 285
48 85 13452 144
21 94 1655 268
14 87 11851 351
53 39 14375 466
14 74 8731 143
82 19 16498 2291
78 17 15078 42
73 44 13262 538
74 43 1548 133
92 1 23959 50
53 27 34935 20
54 31 4638 181
6 50 14107 101
14 62 6381 191
89 73 18086 479
70 42 25424 39
85 46 3227 64
65 20 52863 164
21 38 40683 231
31 46 23490 450
25 10 18434 52
31 13 12034 59
63 12 4210 122
32 34 13068 170
14 54 18577 391
44 14 13314 102
12 44 9652 115
6 74 2909 193
8 33 10835 262
86 9 1539 640
23 42 8709 162
100 71 23731 70
3 78 2096 99
67 84 14978 106
23 61 115444 1798
66 96 4165 348
94 37 3871 19
45 75 6602 96
59 11 56440 203
55 52 45966 198
49 64 17383 195
31 36 35128 112
24 70 75408 121
88 77 17766 119
81 14 316166 207
78 37 38050 242
84 27 13915 43
89 17 34179 130
17 54 29321 927
72 28 7109 14
34 85 28431 34
1 89 13395 71
98 47 57336 1086
73 83 66314 177
90 49 32069 218
21 13 21581 114
81 25 75485 101
100 53 28630 143
79 34 60724 100
8 32 63135 287
32 42 10833 154
88 12 6291 446
3 9 8686 131
39 20 16928 71
61 79 66804 29
73 81 4289 274
13 40 21480 173
39 49 241942 45
36 57 31697 73
57 80 16963 518
75 93 84093 213
49 92 272319 65
85 54 43100 203
3 75 97969 147
25 38 10666 341
31 34 1122 282
75 85 4048 1108
42 83 37120 190
1 51 26331 343
83 2 13474 81
51 94 34492 66
50 6 13999 233
75 98 8387 41
22 85 45311 83
27 94 11085 178
80 22 19503 2239
47 44 8182 204
1 19 8045 294
85 53 14240 69
52 64 15631 87
33 23 9166 415
89 45 6825 66
86 74 10887 57
94 68 29345 94
58 81 58637 260
4 67 94474 240
5 76 3476 87
87 68 64009 120
81 12 70604 203
66 65 41680 146
73 29 15795 119
3 93 6036 895
9 4 16542 1357
92 51 18517 85
22 16 42700 65
40 98 38271 919
42 25 68423 277
29 95 8381 538
62 4 96087 224
34 16 58962 401
54 71 10556 138
51 25 7481 82
49 91 10622 755
6 61 9313 299
48 42 12122 175
21 61 11739 199
99 297
25 77

798336
