100 299 1 1
9 66 68968 194
9 53 28597 48
9 63 72061 365
9 4 24426 195
9 34 4421 103
9 84 34326 114
9 87 99371 272
9 17 62912 151
9 37 18313 61
9 93 9155 117
9 46 65267 50
9 1 28060 77
9 77 8347 397
9 88 36534 184
9 44 88359 89
9 69 49940 221
9 10 7687 982
9 82 37290 21
9 75 4644 504
9 41 16296 186
9 22 12797 142
9 50 6678 107
9 19 5753 182
9 20 40244 274
9 95 5696 372
9 55 24925 622
9 71 52814 74
9 85 8186 64
9 40 41188 171
9 97 17014 25
9 25 70366 324
9 79 67917 661
9 21 35677 9
9 7 20446 338
9 49 8791 314
9 67 23128 53
9 54 5676 104
9 45 5149 207
9 26 22953 225
9 98 29412 235
9 47 18553 88
9 29 25280 187
9 86 27568 85
9 13 10545 252
9 38 7887 1578
9 16 103057 259
9 33 58109 180
9 78 11409 29
9 62 9794 284
9 48 35227 202
9 39 4996 127
9 92 8482 106
9 83 23977 255
9 14 9424 49
9 6 30484 144
9 90 34968 527
9 96 7607 67
9 73 83578 191
9 57 3922 176
9 81 18880 427
9 99 20367 114
9 100 23188 138
9 51 9348 1076
9 27 29619 274
9 59 39592 183
9 70 164277 1643
9 5 188596 263
9 60 20762 41
9 12 30298 387
9 35 69551 186
9 68 16840 49
9 56 73629 259
9 89 2521 519
9 2 9192 89
9 11 32232 123
9 65 8874 130
9 32 90063 281
9 74 146798 145
9 24 4609 104
9 91 351835 90
9 3 292183 111
9 31 25800 255
9 72 9142 128
9 80 44315 100
9 15 654 15
9 52 77068 96
9 23 2262 22
9 94 29970 543
9 28 95981 157
9 30 20780 107
9 61 26024 112
9 64 18636 52
9 8 20048 115
9 42 13432 43
9 76 53231 220
9 18 44997 100
9 43 96043 113
9 36 24511 575
9 58 48253 179
56 98 43737 144
86 29 27634 72
5 4 94941 353
83 28 101148 174
30 88 11637 145
14 81 42986 90
5 21 27424 622
55 43 9064 59
26 75 27306 898
37 50 70122 214
60 53 12616 56
31 98 67814 39
69 75 41284 55
27 70 42529 60
31 71 41313 327
95 77 22554 246
99 28 15468 219
43 81 6004 44
72 20 13950 639
47 37 18279 28
60 78 15733 87
5 39 3985 56
15 3 1963 40
65 71 25034 105
13 15 8122 60
14 19 52739 246
78 45 7517 37
56 41 10871 423
35 86 9294 497
34 78 2169 39
93 88 51174 337
94 97 17662 106
32 81 6617 20
76 91 9012 44
16 95 7928 22
12 52 30386 131
61 53 5418 189
74 92 4814 172
98 45 28577 273
47 32 21293 83
84 76 8517 497
18 85 16874 340
27 59 14537 51
54 53 23237 367
76 27 112157 459
28 11 6416 74
28 3 1384 43
49 46 15907 100
78 54 8374 145
13 58 23767 264
21 39 3219 72
28 5 71250 97
33 32 23629 169
64 48 25064 60
32 33 94273 1220
34 68 26750 394
2 59 16973 177
89 41 39590 87
17 80 14014 98
17 82 29218 330
79 53 9448 81
10 31 10908 121
37 81 22270 567
17 93 27161 83
6 87 30853 409
60 69 32300 482
98 95 54600 28
53 99 18393 205
31 36 46547 546
81 94 8149 208
2 17 38534 436
24 11 587932 151
18 54 134026 29
62 30 38896 414
74 100 3773 170
14 12 14943 58
53 86 50080 24
31 91 66890 55
51 5 11535 169
62 81 30794 141
6 78 23825 171
1 33 62234 175
33 67 26025 146
48 22 156191 739
73 60 94184 56
52 74 43425 66
88 92 24736 72
21 64 20941 670
70 100 70977 41
44 26 85167 354
16 62 7491 184
79 78 14819 41
88 50 30404 1089
38 31 19070 173
48 25 2887 307
99 80 17254 492
51 75 8733 155
53 4 8988 32
57 13 3043 102
76 19 14556 74
34 48 6208 62
87 69 48685 248
24 48 10243 44
49 39 20160 78
20 36 20056 33
85 35 21435 611
11 15 21811 185
80 65 19251 112
39 64 45877 260
35 93 78093 475
31 69 56396 149
99 53 16053 204
55 76 21606 232
61 95 36751 187
28 75 36774 51
5 38 61695 251
82 75 58717 147
59 18 14697 304
39 26 28067 179
41 10 23891 35
100 9 49892 199
86 15 9895 148
66 32 4122 392
24 61 63610 60
14 97 23231 77
72 75 9263 287
17 39 59709 96
83 86 66943 90
7 40 22347 74
7 14 10376 634
11 50 44102 243
16 33 21654 27
37 78 9041 32
30 47 23437 74
76 69 6518 63
77 72 7921 568
92 78 12191 101
60 68 38091 932
86 49 109495 133
34 41 20460 277
71 85 48801 61
83 82 21572 75
39 21 19334 54
70 21 21829 312
93 76 230552 193
32 41 16254 2209
74 8 34447 255
11 30 59518 200
40 4 22279 165
100 61 48541 248
59 74 6230 102
98 60 5854 213
49 22 6427 50
70 68 39964 73
91 33 87368 138
82 83 13901 649
38 56 31384 437
22 30 10719 99
79 100 8575 118
44 35 6969 137
26 96 10620 179
18 7 6536 32
37 30 14497 176
27 51 14374 876
31 10 38256 1383
13 38 11635 21
43 48 2660 64
54 32 19335 107
100 7 43643 63
29 15 130628 213
90 98 66479 462
14 80 7385 85
63 58 22489 71
24 78 11865 98
87 52 20722 49
83 78 20347 80
30 59 3607 73
80 81 9847 408
62 37 14082 272
85 36 13607 333
26 98 7338 90
43 83 31753 423
98 58 86592 302
98 14 3967 60
14 55 16028 184
2 28 67788 92
95 37 52227 193
94 64 40056 176
43 69 1431 89
98 97 12042 99
85 30 6849 62
32 76 32705 208
76 67 32681 389
10 24 4427 1390
97 88 93550 62
39 31 9433 108
38 51 5689 59
34 13 23540 143
96 18 37936 82
7 66 50407 58
9 990
78 232

3566741
