100 299 1 1
35 46 13651 72
35 4 7361 120
35 2 3440 148
35 57 9088 298
35 61 5570 98
35 73 91829 265
35 44 88004 203
35 29 2749 67
35 9 18967 183
35 64 42129 137
35 84 7548 419
35 18 48714 58
35 38 110301 284
35 97 37814 245
35 79 58712 251
35 83 34948 222
35 30 6033 192
35 55 12175 110
35 33 9866 35
35 3 47097 25
35 65 266508 766
35 87 2639 156
35 16 4949 116
35 82 9088 536
35 8 28136 74
35 70 22604 384
35 37 81660 145
35 13 11567 95
35 85 2129 1064
35 62 41756 209
35 90 12516 831
35 80 4833 82
35 36 52820 2682
35 78 9107 128
35 45 22040 184
35 40 18078 405
35 22 30011 750
35 67 45670 406
35 47 5129 143
35 58 4460 68
35 32 21975 40
35 48 16293 96
35 95 8606 16
35 99 34390 69
35 1 28406 512
35 5 3526 65
35 60 36801 257
35 50 15451 552
35 14 10680 26
35 88 17092 56
35 91 10463 150
35 20 84380 434
35 74 40535 58
35 42 105932 678
35 77 27651 22
35 26 10560 780
35 24 11247 93
35 54 31750 1015
35 72 21476 806
35 93 114224 95
35 51 18600 89
35 75 12615 68
35 21 69792 246
35 56 36064 44
35 7 65422 262
35 92 62117 235
35 76 25795 185
35 31 3207 51
35 52 18596 329
35 98 53068 213
35 17 53853 50
35 23 9129 212
35 89 16509 868
35 49 102551 131
35 96 48543 37
35 66 6198 660
35 71 4649 31
35 41 21510 282
35 19 1392 206
35 94 42981 219
35 15 14449 123
35 10 10037 131
35 81 162829 575
35 53 46706 199
35 11 27349 112
35 12 47123 103
35 43 86756 88
35 86 50501 347
35 69 207776 1279
35 34 16698 58
35 63 15930 228
35 6 5688 90
35 39 8552 471
35 28 55114 377
35 27 6618 299
35 100 212755 364
35 25 7375 451
35 68 16351 303
35 59 10489 345
36 11 21604 109
31 23 10585 67
23 94 35893 52
40 12 5055 1700
89 71 2451 52
85 90 8311 50
8 1 12810 32
97 1 129996 193
42 97 11923 126
44 21 83433 171
56 1 28572 696
88 31 12885 60
95 8 17682 91
28 13 36199 52
73 21 6322 141
79 87 9249 47
26 20 18782 96
47 89 7475 233
72 3 14510 1234
42 73 23873 168
24 62 16454 146
90 14 12758 956
91 53 5184 34
59 66 7806 258
39 91 13169 110
7 57 14590 64
1 32 45552 112
50 20 21343 67
34 74 21081 56
75 54 52193 110
40 100 15095 400
93 83 64603 178
89 58 9671 807
47 8 18937 146
80 79 26928 68
58 11 32420 24
78 2 15032 394
5 41 71209 3065
80 48 32914 295
6 60 4800 125
93 41 3605 57
6 49 20941 178
11 95 32989 310
50 76 5740 62
89 19 10474 115
42 12 29879 322
32 30 36260 182
100 85 32375 389
23 80 4147 211
99 21 107725 752
90 2 11975 489
53 83 166487 568
87 20 33220 771
33 50 5082 89
57 2 15607 413
21 64 22522 85
74 33 25897 338
66 57 6988 52
56 71 7549 93
77 15 13724 740
37 39 8482 32
86 9 64526 164
73 59 29312 507
71 9 148384 155
80 34 57474 35
46 76 750404 21
69 46 28559 241
98 81 49418 244
62 42 44812 129
50 71 12308 206
53 97 15950 97
90 58 8747 101
84 73 149490 84
19 21 66000 121
2 9 54841 110
34 50 23474 453
69 93 9047 391
62 20 30977 78
54 30 16354 46
93 88 32299 154
75 99 24742 80
100 31 44519 352
23 6 44402 41
79 16 51522 112
64 70 6924 525
74 87 8002 16
38 96 2757 128
51 61 7947 438
77 51 8894 28
57 68 6270 119
3 57 24126 84
5 42 156780 316
68 20 34849 18
36 99 56293 284
72 58 20967 48
74 79 61501 117
49 95 19975 60
32 80 3296 86
27 1 25332 174
25 91 1357 147
100 19 56840 148
47 42 33195 35
94 93 13772 38
100 29 45184 69
73 83 51554 156
85 6 2807 8
44 12 29745 157
48 67 25458 1198
51 18 11454 485
52 73 31843 56
66 39 145908 263
21 10 20601 290
60 80 77221 158
17 63 4512 589
6 37 10841 65
13 84 19911 276
81 39 7839 398
53 84 3538 275
85 77 1760 121
91 8 17529 267
45 95 33376 460
34 35 73836 941
78 60 28098 40
30 74 19398 69
33 68 8034 252
91 3 11818 58
10 59 101312 208
50 22 32114 244
2 83 35186 128
69 92 109251 16
76 33 15509 474
33 96 37094 81
87 17 112469 125
55 91 26849 287
71 24 38705 467
19 82 8197 149
43 53 10703 41
84 6 24657 361
49 79 284357 48
73 91 13583 24
81 8 9103 357
14 13 22048 341
60 44 22054 722
55 65 11300 219
71 53 255648 488
31 93 51554 340
49 90 43852 371
7 40 16520 112
83 22 97590 44
65 43 33330 63
18 5 46843 55
17 62 3609 196
97 69 13955 315
7 97 40228 57
51 46 66395 31
91 27 32646 377
48 63 7379 176
60 91 63278 544
21 89 37622 261
80 17 20171 90
36 20 27114 215
72 7 24078 51
56 100 40059 91
23 16 7941 79
71 72 11095 413
47 96 16098 853
51 22 40085 55
68 85 22137 265
41 96 17776 47
7 26 12307 110
61 12 36853 107
21 99 5629 127
99 98 13136 224
10 38 13472 110
4 1 1273 268
58 15 29767 648
39 25 61432 67
7 44 9363 163
15 7 20735 39
84 41 15507 167
11 62 47522 250
12 18 18610 164
43 66 65481 97
76 31 14836 19
58 5 5841 628
9 73 99501 587
93 23 14741 38
87 10 38121 139
68 12 69066 53
2 87 11741 673
78 53 110036 108
65 98 5726 127
55 72 4401 2856
39 6 191626 89
64 48 67005 457
60 89 17753 144
17 21 16659 459
83 19 41827 70
29 51 26276 355
97 10 46097 1006
35 891
20 292

9864991
