100 299 1 1
28 52 29653 125
28 6 6894 510
28 86 11076 25
28 50 6873 73
28 98 48263 84
28 73 11404 36
28 93 22350 211
28 13 40943 191
28 42 77053 570
28 60 12142 158
28 56 10465 581
28 5 19670 621
28 74 18067 114
28 53 10898 80
28 97 137119 197
28 44 21414 324
28 26 28986 160
28 84 31782 372
28 67 12242 214
28 17 14315 68
28 59 24778 91
28 51 246654 459
28 16 15312 188
28 49 9472 245
28 95 204230 326
28 40 9301 18
28 8 183327 100
28 82 17634 73
28 76 46173 191
28 12 22332 476
28 91 9279 34
28 20 22332 504
28 2 7958 154
28 55 2552 73
28 22 36462 197
28 77 10545 276
28 100 14662 42
28 47 103719 181
28 38 8732 75
28 75 104263 173
28 35 25600 44
28 3 54596 232
28 31 245593 53
28 96 8971 123
28 7 35640 177
28 63 148915 531
28 72 5353 125
28 33 130344 336
28 23 28347 293
28 27 15335 129
28 54 8515 257
28 80 28068 66
28 66 46398 46
28 41 4980 1957
28 64 11926 51
28 48 118087 72
28 43 83507 62
28 68 101417 1475
28 94 66079 58
28 14 3432 107
28 9 10632 76
28 70 32299 90
28 88 13146 15
28 58 3054 76
28 24 28819 300
28 46 2425 625
28 78 35586 36
28 79 18605 49
28 81 23663 52
28 1 85153 44
28 37 43988 220
28 36 14535 67
28 69 47838 378
28 71 22511 96
28 15 52017 185
28 25 72472 168
28 32 17361 73
28 29 4273 64
28 18 22815 135
28 83 15491 22
28 87 20005 1114
28 34 14242 51
28 30 6819 95
28 65 25966 76
28 10 7491 74
28 89 33897 727
28 21 4536 82
28 19 32824 31
28 99 34961 236
28 61 99521 1051
28 11 58605 281
28 85 55340 113
28 57 60289 35
28 4 16055 656
28 39 15169 71
28 92 81607 78
28 45 17962 595
28 62 39744 110
28 90 70906 291
2 89 8937 250
97 89 40306 39
61 85 43989 59
99 57 74435 659
72 65 120760 979
86 18 75643 189
5 4 7435 469
32 75 13117 96
75 1 31589 52
30 31 9532 858
21 76 2990 806
55 81 2135 151
15 85 11408 42
71 26 18679 55
1 74 111137 118
58 97 65354 245
57 13 20051 570
52 51 142362 843
8 100 6784 237
12 100 12590 220
99 51 70405 103
49 41 7180 88
62 67 42109 396
92 12 40657 417
14 17 2303 354
18 77 21335 70
5 76 17233 394
26 89 50273 138
14 45 8613 513
37 53 7224 73
64 31 55190 99
88 70 26013 148
13 55 18395 68
51 27 7683 262
59 46 32106 221
74 84 27130 45
16 76 33649 265
100 55 27119 333
62 35 15846 92
94 55 25767 145
46 67 52915 249
80 60 7675 45
99 87 34592 51
43 41 46136 151
26 11 4968 110
89 86 49614 18
26 43 23456 288
33 87 22155 116
30 68 19262 281
73 35 18254 499
22 71 10771 399
97 76 7953 42
14 88 20867 1126
95 8 3373 18
27 87 24784 161
27 6 5583 782
5 9 8948 2144
3 32 11070 141
11 69 14705 221
77 74 9012 95
73 61 12241 448
5 50 341284 32
55 58 23765 114
94 34 47944 144
59 38 42732 1304
64 63 38153 51
32 80 26852 683
6 7 25650 34
78 93 16768 1549
39 10 8529 16
13 98 114005 300
6 74 48582 653
66 30 7244 277
47 84 53662 205
3 96 253404 113
30 92 101362 54
74 22 180454 835
19 64 9029 154
53 37 134776 127
52 4 4745 1696
35 4 10013 491
90 86 21237 85
44 58 22364 149
80 16 13075 79
65 74 8273 124
96 14 67047 26
25 1 14053 121
6 1 37947 111
13 21 21166 16
16 86 18332 59
4 75 33296 37
7 10 14320 296
82 20 51944 230
3 11 19866 272
7 79 92565 114
32 63 26732 213
54 66 40979 42
15 78 32152 271
85 79 70314 436
31 11 7235 27
92 52 23204 79
11 15 4904 417
7 33 31305 811
17 83 34544 292
69 47 47962 49
49 55 149292 338
43 48 23584 141
3 25 125132 66
5 33 9042 134
45 14 10620 19
84 82 52218 624
32 73 44004 89
65 26 16848 206
51 89 5202 96
4 91 5411 137
53 43 3210 376
32 66 51131 45
74 11 23055 678
80 33 36021 741
27 93 18023 514
33 38 156291 40
51 75 67325 138
6 76 6102 163
73 34 73823 85
18 11 15534 31
2 19 31177 147
33 45 3854 179
93 37 103373 54
7 53 5573 76
1 26 13568 325
83 47 45871 836
49 75 17560 106
46 72 20883 35
18 41 11795 611
40 77 15241 292
41 97 12300 218
48 14 62614 39
54 93 7402 723
80 8 12839 266
35 82 15873 141
79 27 50211 123
56 16 74947 187
45 79 48845 108
81 8 14730 134
73 75 26184 60
53 79 5311 141
1 28 97866 103
74 4 23916 88
71 62 31385 424
57 82 19173 733
15 17 9891 146
96 95 58974 125
56 97 12482 452
53 72 72535 65
84 77 10497 113
77 23 655603 156
83 50 2327 200
62 87 178990 127
4 43 27106 173
1 42 14450 36
18 69 71629 132
54 29 89482 104
27 69 32807 241
97 17 106640 196
69 100 138478 379
81 59 49405 86
7 52 16835 151
8 21 56595 699
70 53 70268 205
86 56 27840 323
75 90 29626 251
85 55 51520 463
85 96 47384 201
18 87 19813 50
19 13 7612 52
17 11 16590 84
21 44 57712 225
8 18 83184 59
60 90 27087 132
79 4 24712 114
12 64 44767 81
86 10 52302 227
40 9 3881 3307
67 3 102703 254
47 30 11857 429
61 91 115735 85
31 16 35199 153
23 32 9629 61
49 11 15679 865
36 74 45555 288
29 30 15733 45
33 23 71730 196
41 40 9964 619
48 71 15021 215
77 92 55659 290
19 47 19427 272
59 65 58813 224
27 57 9050 16
5 42 111429 118
23 79 7501 215
28 495
11 88

1969644
