100 299 1 1
73 13 30636 223
73 78 8120 84
73 48 33653 220
73 6 19535 149
73 86 21858 482
73 56 97805 82
73 35 7357 84
73 96 4775 620
73 90 10473 337
73 44 299866 81
73 98 5713 127
73 94 28516 203
73 45 10101 241
73 52 17493 290
73 89 7958 71
73 9 34071 272
73 63 15072 18
73 46 153585 32
73 51 25740 47
73 18 6779 115
73 17 40303 74
73 66 12641 328
73 12 260848 63
73 30 19144 265
73 25 63466 116
73 65 13459 131
73 28 26068 40
73 83 153926 49
73 85 25938 47
73 67 35449 491
73 21 16871 463
73 1 37457 486
73 99 43739 1420
73 23 30169 9
73 84 43347 210
73 81 44241 493
73 5 7589 219
73 50 94431 78
73 49 26054 69
73 2 3908 582
73 91 87918 115
73 8 24978 187
73 14 254968 237
73 40 5380 133
73 26 17914 180
73 34 43721 50
73 92 27080 514
73 80 27649 185
73 72 63359 178
73 58 66847 174
73 11 45705 58
73 4 9581 45
73 43 23462 436
73 71 15758 808
73 38 17739 673
73 100 15117 209
73 75 8147 132
73 95 22868 116
73 22 71141 25
73 76 96215 100
73 60 92257 63
73 33 3643 62
73 42 13838 1060
73 57 30420 134
73 10 30948 31
73 3 68453 167
73 20 9605 139
73 79 13214 24
73 16 40605 125
73 62 226408 60
73 41 49727 61
73 7 21210 338
73 53 17347 194
73 24 23235 105
73 54 11618 53
73 47 26721 113
73 15 19005 306
73 27 19938 100
73 29 14217 423
73 74 2541 98
73 88 37671 141
73 77 55209 436
73 19 59485 7
73 31 19097 574
73 82 11019 135
73 97 6851 49
73 32 98554 2111
73 36 7699 276
73 39 6039 706
73 61 8902 128
73 69 44210 25
73 70 5893 170
73 87 7801 269
73 64 33838 100
73 55 76972 62
73 59 17491 46
73 93 9058 297
73 68 48280 738
73 37 231144 2330
23 30 39353 53
88 12 19764 102
8 28 23802 205
52 92 21763 20
98 65 10205 74
72 7 41416 160
65 30 33887 95
2 67 42003 24
40 44 18699 42
95 59 45073 162
21 88 7649 53
91 8 7951 266
34 54 28238 305
18 95 153611 181
79 85 204782 467
36 82 16347 59
74 95 25250 207
26 43 2430 103
43 28 19868 59
59 73 12681 524
1 14 24509 145
4 20 23739 47
6 51 71264 115
57 100 10769 144
43 67 43414 183
62 81 9228 398
32 9 94382 386
27 78 7304 75
14 30 30371 208
1 79 94665 263
25 99 36902 62
20 99 47405 340
54 38 60460 135
69 44 3883 67
20 44 13808 1848
56 57 56721 148
88 43 10434 164
82 12 14484 52
71 33 117241 105
33 95 25630 121
54 97 27888 130
69 62 27604 563
63 34 31049 76
13 63 14514 307
90 96 177713 877
60 55 3468 1557
54 69 34827 434
47 78 143596 117
52 70 21502 90
4 35 14128 29
37 34 38929 90
95 48 28297 310
30 68 97683 138
11 90 36156 27
58 97 10436 67
68 41 9493 15
84 80 9820 286
13 54 85020 147
54 52 43527 432
65 55 23894 28
40 22 17324 179
74 14 7646 13
93 72 58162 303
14 46 3047 560
13 43 6744 167
77 71 5796 111
21 16 3340 236
85 24 13821 168
65 76 100856 417
82 90 4515 82
12 99 8693 94
74 39 54285 473
88 26 70513 96
68 34 44478 203
82 66 96243 1570
50 20 48282 59
35 5 52074 136
35 86 31013 66
15 69 2911 111
33 96 135163 513
88 69 10194 347
100 6 13621 122
18 71 17136 271
78 41 29371 101
67 65 53058 67
22 90 37097 433
93 29 11418 128
83 88 30558 245
95 58 189378 77
96 66 43885 56
83 24 13737 125
28 42 33742 49
77 11 23231 315
76 37 43068 296
27 93 115590 690
64 32 6283 154
45 6 24542 85
94 64 30217 472
87 23 71480 48
54 70 79114 232
90 14 123038 434
58 38 47211 91
82 86 62135 619
22 13 47337 52
50 11 3988 32
50 61 59888 121
33 88 8442 206
31 1 10435 160
33 3 53153 48
70 56 40896 70
3 86 16561 145
99 93 11246 393
65 14 26237 503
98 17 3160 16
89 26 33174 29
26 33 27126 245
28 23 38729 496
22 4 51721 153
14 68 5460 42
87 85 41547 1207
17 48 29166 133
64 89 5422 2181
20 100 7039 909
63 33 47887 362
78 85 30329 561
55 70 50877 154
56 48 26128 928
41 5 30035 100
36 9 31116 44
94 32 22932 209
60 94 9270 240
52 38 19144 273
28 76 8264 113
90 50 21590 94
20 65 134711 31
93 45 17001 54
99 86 17605 337
77 3 16882 448
12 42 13620 90
100 32 41302 1020
3 27 7207 219
34 10 87426 167
6 52 100751 1073
13 60 6353 27
74 29 27356 33
51 18 4131 68
11 15 19656 207
81 23 5356 86
41 55 25256 132
17 33 85673 253
71 86 14892 42
1 90 118994 267
6 88 17939 133
38 36 17360 233
50 78 9312 43
62 39 4760 81
94 3 148939 67
81 82 15210 238
10 85 23614 48
56 1 154630 219
19 85 7629 121
18 70 78618 1529
56 95 15946 104
45 22 951 649
34 1 18995 177
35 87 93501 106
13 49 17830 367
74 84 9560 150
16 57 66889 36
56 76 11585 56
77 22 4170 72
9 71 7846 167
81 51 10423 51
23 73 30374 49
1 42 5868 230
54 47 3712 334
49 63 12551 163
47 30 40769 169
99 50 4584 134
74 26 162313 181
68 42 35197 340
94 70 12685 48
69 84 23364 15
1 80 4975 500
59 19 11868 135
31 97 30012 95
86 6 15080 180
99 60 2235 315
32 40 14992 433
88 84 387511 210
66 70 16202 255
16 92 9894 900
37 19 4441 59
68 38 23707 108
69 4 38328 152
17 50 16424 40
2 65 19211 62
89 14 3351 61
47 9 40973 26
57 41 4469 17
73 792
70 450

9331650
