100 299 1 1
100 25 8397 148
100 55 19026 239
100 35 51086 263
100 76 12961 93
100 58 7070 233
100 69 51495 556
100 59 24111 202
100 22 18583 44
100 38 20299 1214
100 34 67456 90
100 45 4579 202
100 1 16493 133
100 84 21099 469
100 66 44854 85
100 88 10920 38
100 65 75180 500
100 57 11336 136
100 18 3938 693
100 50 38774 77
100 64 59019 64
100 42 7498 38
100 15 28352 52
100 21 21429 276
100 92 23855 366
100 43 6768 214
100 27 14074 57
100 3 1106 63
100 71 2570 1383
100 62 41921 84
100 51 53415 39
100 86 9286 113
100 30 21433 163
100 47 4517 370
100 90 3885 191
100 24 109038 147
100 23 16106 80
100 13 10569 521
100 37 29609 63
100 16 16183 486
100 98 21137 313
100 97 13570 274
100 60 20065 133
100 36 10246 270
100 67 14105 301
100 7 14436 223
100 78 11062 319
100 19 20846 306
100 29 34691 126
100 93 13185 54
100 70 33812 472
100 85 12238 59
100 41 102506 25
100 73 3308 178
100 49 22251 363
100 87 9761 76
100 33 109825 159
100 91 13294 492
100 9 6963 853
100 68 2436 64
100 14 117853 59
100 80 9782 136
100 28 22394 85
100 11 13429 114
100 89 22088 15
100 61 26154 195
100 81 50030 84
100 48 25949 52
100 72 6267 335
100 53 30374 21
100 46 30724 42
100 95 13490 123
100 56 20027 422
100 82 9294 63
100 20 30481 384
100 44 118116 165
100 32 15298 111
100 4 19308 302
100 99 42828 209
100 31 17580 251
100 2 18516 887
100 54 8633 13
100 94 21946 163
100 52 13232 240
100 96 19759 140
100 63 35478 32
100 10 14305 186
100 6 60333 118
100 79 19787 292
100 5 63293 153
100 12 6756 1060
100 74 92597 240
100 39 14031 33
100 26 63034 28
100 17 21387 327
100 8 5870 243
100 77 102851 589
100 75 13447 32
100 40 20514 151
100 83 59115 580
94 34 12060 2586
97 59 13816 156
90 23 28053 87
48 56 2581 140
28 98 101403 103
87 34 8393 225
75 86 26372 103
82 55 22761 146
54 86 11403 44
6 60 7507 91
41 25 57134 46
13 3 10117 76
15 59 5975 136
94 92 15867 153
97 32 11374 673
77 73 4605 142
7 14 11590 142
9 7 26213 57
97 11 17853 61
43 64 116617 124
44 80 5874 84
75 59 34973 90
96 37 28937 190
83 58 9506 45
49 97 241040 821
1 70 7453 204
61 60 25952 176
91 45 44148 298
29 21 34371 35
81 31 14115 445
25 1 16112 22
28 71 7099 80
94 28 16381 37
32 63 23762 95
42 71 56819 165
73 3 2311 535
97 80 8884 63
52 40 8715 75
68 78 20591 443
38 7 12484 168
26 41 144913 54
82 99 54823 33
16 98 50045 65
97 99 26166 266
35 65 17640 131
43 8 31947 164
81 43 12191 46
55 58 25770 216
8 3 25846 240
14 21 2874 326
47 73 35884 291
23 33 55627 250
31 15 205606 89
56 36 32522 25
60 87 70420 39
53 3 46961 79
79 72 24379 151
73 24 19086 224
49 84 143768 165
51 76 21650 100
72 19 52298 133
95 13 12358 101
72 59 10023 333
88 63 14351 54
52 74 30882 181
2 34 5926 990
74 76 27155 546
3 63 34753 43
4 99 2698 107
95 15 8633 386
37 92 5111 32
26 43 26752 308
23 88 33110 393
72 50 34754 49
73 55 35599 86
36 95 22659 233
46 79 6321 26
60 57 3073 62
38 67 4019 95
18 9 11631 49
24 97 118679 26
24 74 28245 183
12 100 13363 76
99 100 51557 164
99 41 4536 52
47 2 167939 386
64 12 12090 216
45 49 26934 346
54 80 12591 140
73 17 37667 27
99 81 59661 647
45 21 6743 321
35 51 41664 16
38 62 15850 600
21 4 44773 2256
23 86 16652 257
42 58 1558 110
68 25 75582 890
65 50 82535 54
67 18 15623 336
45 8 25643 55
11 9 10987 356
16 89 6782 334
16 38 35748 246
29 56 48273 132
63 56 40504 45
4 67 16596 29
89 12 26974 84
95 66 8583 511
83 90 6326 184
51 77 27067 185
30 76 17767 31
47 48 65773 45
35 47 30809 198
25 92 80586 83
96 93 43237 116
40 49 34482 304
1 77 9507 422
57 45 33485 557
43 24 15813 600
98 30 35349 158
4 35 95138 190
6 35 113461 113
33 68 18429 42
68 89 163884 137
21 67 13459 350
61 83 31351 708
41 24 140625 323
49 51 67737 522
59 41 3793 443
51 4 63059 462
91 8 26149 158
39 61 11006 1326
49 28 720596 72
30 65 4923 111
78 2 60295 346
41 54 3194 77
75 18 42791 43
94 88 55434 123
45 83 14116 97
88 62 34625 160
77 96 57286 384
45 62 23188 79
81 65 98319 100
13 52 6113 105
50 65 13049 136
36 62 14194 151
65 83 19995 148
5 10 15494 146
36 1 59846 1163
97 52 23207 235
43 91 7792 36
22 53 54151 78
67 63 65958 326
31 24 23842 201
40 41 44010 277
49 94 6638 391
61 38 22656 325
10 98 3213 77
8 82 17311 107
64 89 83179 309
63 30 59402 131
70 57 4466 296
68 80 1088 183
97 73 17740 128
97 96 17867 343
98 51 50072 327
46 35 25343 306
61 67 83141 294
13 5 10805 429
59 9 14886 161
60 65 21995 391
78 30 6136 160
65 12 32539 227
40 29 18694 817
26 89 30995 117
42 78 36201 10
84 83 7468 38
11 71 56731 425
23 26 31836 142
57 7 18800 145
75 88 9612 244
77 42 92190 71
51 65 14494 250
82 73 10612 460
90 46 33306 398
36 47 18445 70
77 50 7990 209
35 40 2018 672
10 73 11034 167
40 99 178115 46
85 87 31043 194
10 6 27435 101
24 88 10494 210
98 79 66602 41
96 34 7188 378
32 11 54219 50
93 30 49316 3278
49 73 32376 70
92 12 22951 18
100 198
73 15

49620
