100 299 1 1
72 80 7787 43
72 55 37542 300
72 34 16000 376
72 7 17150 145
72 45 28954 60
72 33 14007 26
72 70 24947 117
72 74 4778 75
72 41 67674 89
72 65 8282 242
72 97 45331 562
72 67 31944 209
72 58 47332 17
72 8 29382 37
72 99 6737 14
72 24 30441 259
72 63 23579 51
72 44 72949 72
72 56 9342 300
72 29 98393 115
72 59 20829 293
72 54 20142 428
72 100 9560 1005
72 75 18682 151
72 25 5424 283
72 51 9941 32
72 23 19565 636
72 32 26232 32
72 78 35018 68
72 62 11683 587
72 81 19034 140
72 21 13705 59
72 84 22587 68
72 39 19823 80
72 10 17395 81
72 28 12359 157
72 4 137864 199
72 50 28071 166
72 77 5535 184
72 13 28455 327
72 48 73747 91
72 64 55334 119
72 85 34706 123
72 96 2410 112
72 12 42745 58
72 14 11162 58
72 9 75164 202
72 19 103579 41
72 3 30209 143
72 98 8399 54
72 71 17404 435
72 91 161404 13
72 60 20265 513
72 5 12140 188
72 40 10759 91
72 52 2240 371
72 1 41283 64
72 38 13555 102
72 57 97148 15
72 30 28307 66
72 53 8985 22
72 69 16399 205
72 11 35610 49
72 86 27031 50
72 68 35784 187
72 95 80818 78
72 83 10763 191
72 35 11229 154
72 37 35510 206
72 46 6052 25
72 16 19760 77
72 73 13850 164
72 87 56966 24
72 6 7206 636
72 26 31286 16
72 90 12349 250
72 47 20051 48
72 42 7860 482
72 49 67716 81
72 2 60933 131
72 66 32565 146
72 43 127303 65
72 18 14593 63
72 76 15951 72
72 22 69507 24
72 93 38238 93
72 20 22912 416
72 94 315917 1345
72 92 84267 163
72 17 25730 102
72 27 21407 56
72 61 15390 179
72 79 25719 153
72 82 18258 25
72 36 21707 78
72 31 11847 251
72 89 5042 348
72 88 9931 672
72 15 79825 28
41 89 22959 162
96 89 16938 107
20 93 8794 225
82 47 24203 366
47 55 6605 293
17 43 46487 677
58 87 4143 851
6 1 66338 21
21 6 28202 160
93 53 18378 214
81 75 34509 51
62 19 8162 116
53 16 16254 231
59 36 2433 511
66 29 2896 145
61 78 7348 424
75 62 83419 200
85 7 25597 520
80 56 2736 50
26 65 28546 60
81 91 22711 148
27 64 21720 106
26 24 8180 348
4 49 12276 129
1 39 13144 69
10 48 19265 272
29 27 22993 948
55 91 6830 1131
10 28 16245 68
8 87 58170 314
2 50 13376 1080
9 25 17338 70
89 23 4865 284
99 12 10358 595
57 80 12699 235
3 23 11964 94
17 27 22056 574
71 23 28203 48
20 58 2820 51
62 23 120740 19
92 51 44647 924
8 72 28271 1502
13 28 6148 228
3 96 43247 736
54 17 8284 125
52 44 37496 139
9 2 19154 648
32 65 21182 341
41 85 12145 352
50 5 27888 291
9 67 10805 171
34 84 7384 327
97 99 8965 455
94 16 7316 131
56 100 38045 45
50 53 19025 336
52 22 24737 246
8 96 8747 32
20 99 48980 36
35 26 31115 96
16 22 11260 89
64 37 84001 747
49 92 7887 165
68 90 26707 870
50 10 18884 710
4 24 24201 997
37 51 3399 617
34 27 37184 47
84 33 8273 59
70 37 169859 98
98 50 7912 584
78 18 43747 329
80 47 12126 317
34 20 28885 291
9 7 40176 113
47 75 35524 349
2 73 310787 453
37 80 62249 81
46 73 42250 61
38 18 159679 215
57 6 14853 97
29 44 4223 178
97 12 101146 191
15 95 16145 53
59 48 24041 22
52 76 21719 151
76 2 20576 422
1 58 22374 70
68 1 19747 17
100 75 86975 310
36 45 174080 189
93 33 4462 130
18 34 32942 354
35 12 10767 142
9 89 145450 98
99 20 62666 318
95 82 8301 249
23 83 3169 167
55 80 8502 116
75 51 2845 616
89 63 25884 79
52 90 46592 485
43 1 15151 93
52 75 23367 85
62 35 12300 186
91 68 99359 153
81 66 17505 804
4 37 158028 696
6 23 19966 69
45 63 12204 31
66 16 40717 1260
89 77 18576 132
57 75 41426 195
96 58 30276 44
79 28 23695 22
80 3 54903 109
24 11 47735 177
76 90 25566 79
45 7 84448 267
94 34 57637 1014
48 35 10599 772
52 20 24383 432
94 49 14026 105
26 71 24589 273
36 96 6952 10
29 2 34747 317
11 88 24948 306
42 83 57329 52
83 46 7355 159
26 30 44811 125
99 52 3749 524
13 33 15416 47
79 5 41234 138
15 46 103425 728
34 69 26497 187
40 82 2134 206
62 67 4552 73
44 67 13954 115
90 82 81489 797
26 60 8977 108
30 97 38870 72
49 24 4420 170
22 60 3342 19
16 68 24847 181
50 1 33804 67
27 74 48124 153
18 51 2630 94
8 99 647879 109
34 92 1704 146
13 20 11296 21
47 49 17441 139
31 27 4096 152
6 3 40041 995
10 75 21919 25
6 90 10368 15
78 71 30501 138
27 38 6976 155
85 63 13513 80
29 100 2562 321
89 90 79128 41
28 5 20492 17
50 34 1960 51
67 44 312981 369
7 87 115498 230
68 97 29688 95
39 20 10723 889
4 96 15218 18
43 87 18645 136
100 15 3899 215
96 77 47769 96
88 33 8113 579
54 80 25225 97
32 55 34079 387
96 91 23240 251
9 61 32347 221
7 62 60218 147
16 76 7264 149
92 13 78743 195
7 76 38288 134
76 71 29530 95
88 58 4104 326
98 7 19117 421
28 23 13079 155
47 46 29209 120
59 15 18664 228
65 9 8704 317
12 43 12063 628
17 11 6266 95
75 97 25422 111
77 64 9525 120
4 35 6273 84
26 38 27452 404
9 17 98273 68
84 40 14448 73
66 83 47100 111
78 8 13176 771
17 36 164675 478
88 93 25609 158
46 90 8487 43
9 95 1972 48
72 1485
90 202

2494498
