100 299 1 1
54 97 22866 922
54 49 20742 451
54 41 17606 147
54 30 47674 95
54 88 42943 65
54 16 126894 272
54 60 4987 359
54 72 48215 586
54 73 9762 58
54 38 5527 10
54 40 2667 26
54 18 6847 603
54 70 4623 182
54 86 20885 300
54 89 6294 130
54 65 6871 93
54 50 37526 70
54 53 63831 698
54 48 7969 154
54 80 34866 1173
54 45 46837 157
54 15 15893 85
54 63 4999 152
54 33 37202 89
54 7 85842 109
54 28 32360 236
54 32 7600 574
54 9 131453 159
54 31 277354 77
54 13 66352 113
54 5 49661 38
54 22 26267 1063
54 26 21144 213
54 39 4893 41
54 100 15540 370
54 29 16516 31
54 19 63499 511
54 87 23150 216
54 46 67085 1308
54 78 4561 182
54 82 33687 20
54 93 74346 147
54 44 5297 221
54 99 16923 88
54 75 63903 119
54 6 32868 243
54 24 27500 254
54 55 17170 25
54 91 10414 213
54 76 28510 190
54 68 16737 75
54 25 16536 44
54 47 22901 301
54 35 10654 79
54 27 9614 278
54 56 40945 43
54 3 28108 119
54 66 15699 360
54 43 63054 166
54 77 19539 212
54 21 41014 72
54 37 53257 136
54 8 165614 137
54 11 135387 259
54 12 39194 46
54 98 9854 279
54 92 86124 224
54 20 24096 195
54 34 20680 299
54 1 4075 135
54 69 92506 202
54 74 17697 346
54 81 11685 88
54 17 45877 374
54 2 7373 145
54 52 35559 427
54 83 37241 108
54 10 22608 147
54 58 35296 1529
54 64 59345 103
54 67 13840 41
54 85 84465 59
54 95 155685 103
54 84 7121 506
54 90 49715 78
54 94 7587 63
54 79 15977 102
54 61 110020 164
54 23 70501 201
54 42 1704 113
54 71 5520 283
54 59 5296 61
54 51 77852 207
54 96 50784 914
54 62 34030 44
54 36 6709 53
54 14 8039 191
54 57 82461 225
54 4 6160 117
50 22 108096 207
48 99 24235 20
52 64 18295 27
49 73 63587 76
71 70 10977 112
68 25 23439 575
50 32 6276 511
2 86 42614 151
39 91 13949 246
84 96 16152 269
62 44 19813 37
100 35 11188 225
88 83 7206 7
29 17 29253 134
95 30 90790 22
92 24 18514 65
95 58 12707 153
5 36 37686 89
39 8 97535 160
68 13 14811 190
36 76 7813 297
8 91 12270 159
90 82 28171 228
31 83 19552 257
39 16 40480 195
79 82 4594 142
2 68 44488 131
85 90 8534 425
26 52 41208 98
81 87 12963 28
18 71 19673 629
71 8 15975 309
2 25 8706 153
93 35 9076 121
85 2 83989 240
88 55 12541 220
78 7 29482 33
68 85 28733 431
18 89 86624 202
61 88 3782 477
64 22 38368 269
85 92 17611 291
11 22 10366 143
86 83 12842 61
50 43 3952 192
28 87 8445 925
90 48 89076 188
37 73 53414 219
88 44 30983 85
71 60 11574 301
89 91 16477 95
63 29 34490 366
75 53 14985 95
7 50 26280 69
11 93 14970 164
39 15 42224 75
93 62 118262 138
51 12 121375 99
4 68 5104 519
95 33 31510 555
53 86 8056 58
18 57 4737 85
91 19 50183 60
32 90 55026 149
2 100 41258 310
15 86 18619 176
51 62 18063 1879
51 73 19336 361
13 90 10649 677
61 31 17829 136
8 54 43385 401
69 54 36508 112
56 82 33300 6
1 8 41915 16
85 6 96394 301
20 13 12226 165
29 32 76328 209
57 20 57412 371
14 65 22852 34
17 34 7797 273
44 88 5514 294
28 55 20562 421
50 36 17416 701
58 67 35399 227
2 15 12439 452
37 3 10438 45
91 77 28623 103
65 44 54666 14
75 35 16103 58
48 54 231007 181
92 78 29449 78
53 10 24585 598
49 54 19579 274
68 47 6409 302
98 26 25834 44
71 2 10588 350
90 77 36989 767
19 4 9101 19
21 91 27355 101
70 92 29103 237
93 61 5369 90
34 17 40573 23
6 66 3094 589
83 66 6836 128
35 17 90854 265
13 64 11435 318
44 49 23049 102
16 94 2080 497
79 32 3431 83
45 72 55654 185
88 38 40375 103
72 26 118636 66
69 64 16982 281
55 59 37703 175
17 92 31981 150
29 8 47761 131
97 61 45528 67
74 83 3434 196
86 8 10078 105
13 93 22476 246
36 22 112404 137
86 96 3532 49
31 11 211732 17
87 48 2501 246
44 94 42887 71
100 61 17481 135
79 27 50013 250
74 57 19618 83
89 44 36063 114
20 58 111573 128
36 49 7214 226
17 64 74206 19
47 100 87344 523
64 98 45614 28
41 98 95178 471
42 57 9484 19
42 56 72918 308
11 41 76574 52
49 80 27729 100
40 67 62709 59
55 25 29144 176
41 19 152069 296
88 36 8191 60
73 11 6515 70
24 70 93204 124
11 59 39446 236
96 97 12906 360
33 15 115601 150
60 64 20968 148
57 26 38959 146
79 58 19533 196
3 70 14986 288
62 81 7329 239
61 94 71704 428
45 12 34668 64
90 41 17016 24
57 60 61515 45
84 53 19909 223
81 68 104333 99
78 58 24924 124
68 42 13025 251
22 34 15343 1038
45 48 57307 220
8 80 18834 76
99 91 4920 111
28 38 18386 895
11 84 20930 295
58 35 15505 408
2 69 10403 385
92 79 57639 210
31 29 7917 55
59 40 31353 176
36 52 4597 168
34 90 23002 367
89 77 31480 155
30 11 13660 23
10 46 7744 38
32 7 87180 507
11 10 7514 709
21 30 15541 969
67 84 12195 115
1 68 11943 161
35 27 32507 264
84 13 136775 112
73 22 74944 286
93 13 16806 223
84 83 38612 571
90 40 168899 77
51 58 32870 51
17 65 34393 165
70 3 151250 163
31 39 28051 258
82 11 38552 137
56 41 9047 75
57 29 68613 69
80 8 23182 102
95 85 16057 31
71 44 46197 305
63 25 14428 68
45 29 46814 478
54 2277
8 933

70934171
