100 299 1 1
45 70 28906 218
45 18 32510 355
45 80 1867 196
45 7 3471 62
45 40 17187 100
45 59 58855 60
45 66 26417 152
45 63 15575 55
45 78 13996 66
45 71 17150 43
45 30 15519 56
45 76 9338 352
45 86 15897 84
45 25 21076 530
45 96 9877 37
45 100 76605 854
45 69 28238 24
45 21 42476 89
45 47 14284 183
45 42 32874 92
45 31 49098 186
45 8 17476 51
45 39 34851 103
45 51 13675 78
45 16 6646 22
45 26 75107 174
45 41 32747 72
45 1 20639 875
45 13 341340 160
45 93 32498 510
45 15 59612 35
45 67 8963 97
45 14 12788 64
45 87 31802 237
45 73 10059 453
45 98 35084 109
45 82 39386 225
45 60 59579 88
45 46 37329 56
45 44 9631 304
45 6 92946 54
45 28 3705 520
45 65 41044 134
45 97 6371 23
45 49 80456 18
45 75 2409 128
45 2 22771 335
45 58 21418 25
45 74 26631 164
45 68 18793 186
45 64 25325 90
45 32 10499 333
45 5 45544 88
45 20 131462 115
45 99 14875 92
45 55 20504 417
45 37 52361 1669
45 12 35304 2337
45 91 47392 146
45 43 88194 471
45 53 9548 118
45 33 75489 94
45 24 34451 85
45 83 29983 5
45 4 144784 32
45 79 9755 79
45 10 18106 121
45 27 23612 264
45 94 16582 248
45 89 53006 28
45 3 8601 641
45 50 19453 134
45 90 5307 446
45 22 14732 119
45 19 34587 336
45 72 23441 204
45 77 57515 62
45 48 8720 437
45 84 34238 348
45 85 9847 140
45 52 52712 324
45 17 29926 74
45 62 14632 182
45 88 63655 344
45 54 23794 49
45 29 9018 186
45 38 17237 34
45 35 81560 157
45 34 27872 43
45 57 115517 96
45 95 79660 593
45 9 48604 109
45 61 11886 230
45 56 19748 77
45 23 18673 239
45 36 38761 19
45 81 5107 203
45 92 12974 162
45 11 51261 108
29 20 35634 13
16 14 26279 406
58 64 164063 98
99 95 27892 63
83 20 26762 55
90 59 23636 201
61 92 37960 51
23 70 9993 102
41 92 24642 60
18 6 25296 1037
99 49 43868 547
2 66 45245 50
27 26 43454 274
55 43 14668 222
31 89 7315 581
21 30 27171 371
100 79 34471 119
19 82 12763 33
95 27 14046 140
91 59 12492 93
39 100 30571 361
67 21 39760 129
87 5 150054 451
10 31 6177 34
70 87 7170 664
31 7 89228 220
94 88 20433 78
69 91 9175 251
18 74 61128 88
51 15 23293 258
51 6 29542 154
65 33 28161 71
56 74 20754 1533
54 18 16292 85
46 74 124743 638
97 61 160976 65
86 31 16782 110
37 55 19859 34
48 60 51190 88
67 5 6264 134
2 16 25611 158
66 77 23143 571
63 68 2204 309
8 55 14893 203
30 31 78999 129
85 24 72440 283
71 27 11909 214
99 73 9774 171
26 12 18797 677
19 22 45557 113
33 92 9218 212
98 65 14127 1000
42 66 74939 67
12 59 25606 970
12 69 8469 200
23 28 5108 40
44 46 106439 91
72 32 9566 497
55 97 5953 169
13 9 265758 248
44 41 9505 62
6 98 22584 559
26 95 2995 177
8 100 7399 77
71 21 7721 341
72 17 97579 73
8 74 23817 94
61 27 102849 34
23 21 9507 59
25 64 8315 71
49 7 11878 76
18 97 207491 45
30 73 8756 200
1 68 73077 186
86 24 68002 281
36 23 20434 212
11 48 37032 228
9 55 51184 121
13 35 87145 303
40 47 94248 202
46 67 29561 278
71 48 7659 231
50 68 20968 401
80 31 67902 70
46 97 37658 129
93 96 155580 143
94 98 35577 88
40 58 51047 77
36 84 18808 481
24 46 4178 51
56 55 64024 33
62 14 4314 109
62 87 29852 350
75 16 58856 79
28 72 6430 152
41 93 41741 74
47 98 8040 108
33 34 19776 104
47 58 4982 28
84 96 9289 100
14 79 156546 60
39 67 137495 105
2 8 41267 189
75 82 12080 526
28 56 27563 25
30 34 16806 30
9 8 62740 201
86 73 72088 295
33 39 37831 284
83 65 25000 283
78 72 35419 137
78 20 28945 137
25 76 14248 181
33 61 5760 449
70 95 13654 433
97 12 35736 568
13 2 5000 829
83 49 14644 662
13 5 2737 483
90 89 20748 35
28 79 61873 49
89 62 31388 158
56 68 66228 64
89 46 90135 231
10 73 85700 253
2 1 32677 1185
75 90 11089 184
62 56 15190 32
95 97 28567 27
90 15 25441 151
16 5 6941 1870
75 84 20962 109
87 90 28084 209
29 72 48475 753
20 56 12087 93
20 31 2368 390
28 53 38985 972
7 12 25264 112
3 29 18565 223
8 98 26838 59
72 74 55303 34
66 58 40196 276
66 73 48535 73
79 3 25834 308
49 50 33058 59
51 87 13046 107
10 66 31799 224
24 83 2226 65
32 66 26122 118
73 85 55771 116
70 35 7567 140
5 99 59539 50
93 51 20476 127
53 65 56630 82
1 25 19648 1267
51 57 118688 144
46 4 17334 338
82 69 3261 259
25 73 100976 50
34 31 55669 192
17 91 78226 205
89 71 9978 51
78 9 19819 71
39 69 40632 1174
87 83 25800 163
3 50 61304 263
67 9 96378 54
9 21 6048 206
91 44 21199 165
37 81 3119 87
4 40 64384 261
96 50 27901 58
46 96 9871 222
91 84 26838 60
26 88 62507 688
16 79 121247 220
51 93 37014 167
26 32 11801 61
84 89 14558 59
28 55 7677 515
39 98 8484 46
63 37 33368 40
13 83 18621 66
87 38 89687 48
44 64 29449 333
58 48 43214 2224
31 8 11520 55
49 96 20873 271
54 24 7679 381
47 13 67977 121
63 65 23435 236
51 48 78208 168
20 87 12727 255
95 75 17840 89
23 1 13415 93
57 6 30676 413
5 3 12108 93
20 86 25689 165
72 39 7999 88
11 75 15735 249
45 198
73 126

1267434
