100 299 1 1
66 93 53073 176
66 32 61066 184
66 2 184306 191
66 38 53050 2097
66 21 9123 165
66 98 6260 151
66 50 8198 77
66 34 12135 90
66 25 12125 41
66 18 75190 557
66 55 27312 83
66 1 52760 417
66 83 6505 42
66 68 17110 690
66 79 35102 116
66 84 12302 243
66 40 12096 145
66 82 12244 1098
66 97 81761 113
66 59 5014 31
66 5 22353 141
66 78 30751 52
66 57 35040 23
66 96 6517 15
66 4 17883 47
66 6 4141 104
66 75 11259 182
66 74 56087 349
66 10 50512 34
66 92 8645 181
66 51 55030 114
66 94 41962 69
66 69 12668 407
66 14 38065 399
66 29 18351 59
66 89 7637 271
66 77 24228 437
66 71 42798 29
66 30 44242 140
66 81 19598 77
66 67 13605 261
66 62 2823 273
66 91 11670 786
66 23 95041 212
66 56 10613 76
66 65 2197 2262
66 64 30204 153
66 61 446817 190
66 99 22128 187
66 8 43955 413
66 19 22429 83
66 52 7282 85
66 85 12399 52
66 16 18059 8
66 36 27308 179
66 45 41831 105
66 20 8507 156
66 73 13615 25
66 9 46993 80
66 44 14908 1105
66 72 8529 418
66 95 3543 140
66 11 32129 208
66 24 42160 141
66 39 10762 1034
66 37 5121 115
66 88 3497 83
66 70 10750 445
66 17 1572 419
66 58 6385 334
66 76 35619 259
66 28 12843 3029
66 60 17803 433
66 43 12229 854
66 63 14250 52
66 42 49081 80
66 26 19162 580
66 49 140994 397
66 48 130397 73
66 7 152837 313
66 3 69707 271
66 87 34192 535
66 13 5287 268
66 31 10611 685
66 15 19543 130
66 46 11325 165
66 41 149275 271
66 12 74709 299
66 47 8289 52
66 90 77042 144
66 54 58483 440
66 86 24329 258
66 53 7984 441
66 33 36604 191
66 80 9468 90
66 22 37207 181
66 27 12241 543
66 100 6933 138
66 35 26617 238
46 26 8486 74
74 90 45647 152
2 61 32855 27
54 76 40327 118
32 9 33962 203
85 31 25018 17
68 50 36619 770
83 56 20269 394
51 99 67457 195
19 62 3281 191
9 91 22757 68
63 32 239762 26
60 92 37317 423
17 75 4316 317
58 71 69095 83
17 41 46568 411
87 59 6943 95
84 28 26778 85
57 37 5693 564
98 46 12446 528
8 88 11562 358
4 55 47372 20
87 84 43338 172
85 37 58371 20
42 66 5436 218
43 34 4361 353
28 42 7576 141
15 69 57879 60
44 56 11546 26
99 38 3474 85
42 67 44741 56
76 26 35386 51
99 67 11575 226
73 66 15675 35
73 92 23587 209
65 90 8891 203
74 66 57271 230
43 83 4180 260
22 32 5203 637
60 26 15651 71
88 77 339935 417
84 27 8860 36
80 43 70033 236
36 38 16764 91
38 54 10837 98
55 19 4369 61
21 66 21190 94
57 100 19392 96
45 6 14663 242
88 7 52839 299
62 55 121412 827
47 92 8140 61
1 37 30837 210
10 26 22411 449
18 100 154845 225
60 69 5514 125
18 89 10496 290
87 65 168486 380
20 44 25491 117
68 83 11025 2053
61 51 4398 47
58 3 61650 16
13 44 35574 44
30 67 92397 71
81 25 15943 125
75 44 26764 420
30 83 47928 323
6 8 21475 346
40 78 56162 50
46 22 24724 112
29 92 20742 448
39 47 5104 82
40 76 58184 39
38 35 30706 63
29 90 7637 206
46 89 28269 78
83 45 46132 1040
3 7 47344 23
78 38 11367 144
40 41 28900 216
51 7 514030 157
59 41 9514 573
99 53 2888 103
21 48 34299 201
92 15 29291 128
46 51 70646 258
65 82 19569 47
56 22 91517 235
63 82 36387 303
6 33 16466 23
37 85 56449 28
74 36 12071 247
12 56 61310 205
28 84 20893 65
99 47 11273 349
86 33 29880 103
87 93 173814 349
84 1 143743 646
10 17 16788 183
47 58 9519 292
75 39 11324 188
25 77 13832 98
1 8 37119 120
42 85 6220 528
71 39 4751 935
18 11 19827 17
68 92 51662 251
30 81 236962 208
27 65 1527 329
23 96 13916 187
62 64 8842 90
35 45 13089 404
98 54 114787 344
93 88 55531 15
10 4 35727 87
71 24 13738 300
24 53 109904 9
26 59 4503 98
94 74 21684 61
13 9 7307 54
44 46 8240 105
64 95 117262 249
45 14 35763 46
41 36 77910 333
83 35 28329 182
53 9 10673 273
97 16 24401 156
3 26 8390 284
34 24 9893 162
28 73 17478 164
18 94 41671 118
46 92 33010 600
58 70 10794 295
73 2 5173 355
36 87 42510 237
89 20 23494 68
20 9 14669 10
63 69 37313 351
51 63 40237 143
86 61 42615 956
44 45 251244 42
19 11 135410 319
18 50 35007 358
73 60 6071 48
18 53 17607 123
55 69 6154 173
23 18 12021 68
19 69 5214 209
3 44 8007 265
68 48 17616 137
53 1 56684 140
68 55 97712 77
94 84 32942 34
77 13 160579 329
92 63 128746 25
64 49 11317 67
32 99 27365 23
7 8 10349 20
5 93 81236 46
62 14 29344 1027
22 90 6472 57
23 2 10212 129
74 14 19476 131
50 10 3020 101
48 50 41076 474
54 11 2391 86
26 7 37997 43
24 21 5754 350
12 74 6728 415
86 49 310890 106
87 68 18084 761
43 78 90757 47
45 65 61520 133
85 66 24492 255
59 85 9140 82
67 65 20550 102
41 79 27999 188
6 98 18548 133
53 38 43223 136
60 7 24548 42
22 26 21241 94
47 89 31519 69
90 27 54319 130
2 66 28549 79
35 32 4537 55
25 5 17360 78
71 78 6579 84
96 92 14310 309
55 27 48824 1111
14 8 36297 494
95 57 18307 128
19 48 13345 214
64 56 2185 142
53 4 11443 173
41 65 2353 89
53 14 69803 176
40 54 20650 365
28 57 37593 31
20 81 41522 149
4 23 14958 149
66 396
92 53

458185
