100 299 1 1
29 7 37138 617
29 4 71170 164
29 34 54462 286
29 48 113070 3070
29 22 10868 238
29 75 9651 195
29 24 25419 74
29 5 28246 1657
29 79 11113 74
29 41 48774 807
29 27 16746 63
29 8 21627 300
29 56 42258 23
29 94 16952 98
29 20 23707 116
29 50 27347 61
29 93 22220 31
29 28 14075 349
29 68 28158 52
29 66 35774 541
29 15 28301 183
29 10 40188 102
29 39 50420 64
29 52 5615 127
29 74 18830 366
29 40 10843 167
29 25 183378 70
29 42 12950 108
29 92 25797 353
29 43 17872 79
29 3 8877 166
29 21 6204 161
29 35 10511 199
29 83 16675 263
29 96 6469 188
29 31 7917 204
29 95 68567 434
29 18 36613 160
29 30 31669 97
29 87 11335 90
29 71 38699 179
29 80 51895 647
29 55 26117 486
29 32 3705 60
29 61 23652 331
29 90 105963 131
29 84 33949 164
29 12 42407 124
29 2 9207 45
29 45 13230 151
29 36 80461 88
29 77 9154 28
29 53 71212 40
29 65 10715 476
29 51 19562 69
29 60 129681 79
29 59 146554 52
29 19 14914 103
29 13 38646 63
29 62 14540 74
29 63 6694 806
29 86 91080 40
29 70 12906 93
29 47 7644 1163
29 72 14638 169
29 46 21073 127
29 11 14587 222
29 81 49108 78
29 91 1951 336
29 44 4047 38
29 100 46690 164
29 76 32750 76
29 14 6348 60
29 89 6644 46
29 67 22780 79
29 58 24517 38
29 37 139901 47
29 9 28332 114
29 17 7160 115
29 98 20227 1428
29 16 27955 98
29 85 10418 69
29 26 9769 141
29 1 3934 161
29 54 10520 243
29 99 12230 144
29 6 33192 86
29 73 8532 71
29 64 49160 112
29 69 33355 119
29 33 189449 169
29 97 353611 62
29 88 38209 239
29 38 36819 176
29 78 6227 84
29 82 23596 212
29 23 123972 752
29 57 37951 23
29 49 105541 259
53 90 3422 158
56 85 21625 9
77 70 12970 180
31 69 17295 175
76 49 19244 248
2 22 3245 317
97 69 3876 329
48 79 112457 83
89 52 11385 3175
57 4 19253 317
43 97 4016 308
48 3 57497 95
31 100 61920 163
43 85 6962 27
42 47 46470 59
53 93 24966 27
28 60 13701 189
7 25 23731 43
12 41 55657 182
30 28 26739 796
38 56 26402 84
92 75 50596 149
94 13 25034 58
44 53 37423 245
81 91 6302 92
38 55 24253 319
40 16 29457 149
98 29 9589 199
83 68 2600 149
71 69 40248 156
56 4 22379 121
18 49 54525 135
72 75 29457 293
58 98 77943 18
25 37 26010 68
73 15 13929 303
71 12 10498 91
53 79 31004 772
71 77 31076 159
83 23 3653 342
50 98 29070 253
43 79 31174 78
67 100 47575 304
75 24 85155 214
22 5 121792 2092
3 41 10262 89
21 9 10527 183
52 59 15877 110
89 71 20171 683
17 31 11336 413
98 9 12928 190
36 90 40368 512
19 39 11192 95
90 11 7928 31
37 31 10316 36
89 65 42666 65
7 10 17134 212
62 72 12030 71
93 16 123761 776
88 23 74316 114
47 1 76300 164
88 20 69385 384
34 44 54567 226
53 38 20407 267
6 89 55857 208
89 95 44500 308
21 88 37656 162
7 94 26152 262
61 37 6565 46
74 90 41961 54
8 68 5255 169
39 79 174394 36
40 85 42062 134
19 81 31853 52
42 66 49929 702
56 8 11102 172
43 63 11733 102
91 9 12495 118
93 2 10156 815
20 41 16391 139
73 89 12847 149
59 6 27258 618
88 21 24007 155
11 30 164287 264
10 97 53166 247
15 39 62816 245
18 1 3614 484
9 25 38839 215
48 70 42348 304
21 49 18817 231
80 69 24600 94
58 60 8147 116
52 45 67555 87
17 35 33035 374
59 15 25738 232
68 89 157839 68
41 52 18668 251
2 21 40906 1294
85 62 14752 52
38 68 40210 163
66 6 287936 167
49 100 21334 124
19 64 13568 74
94 86 45580 237
82 91 6471 93
79 55 118814 37
47 16 32988 79
74 7 35384 1164
33 49 45055 144
52 4 22425 119
52 76 18236 18
55 96 18773 53
53 46 19580 25
1 25 4126 464
12 24 6395 159
64 20 12626 128
38 29 32805 112
97 8 26104 21
78 53 68631 81
95 46 25341 336
73 56 26463 898
60 30 23012 432
58 100 23258 82
72 88 52239 91
51 88 46767 40
47 60 5757 235
58 65 13930 19
21 65 9478 217
81 7 52376 117
34 41 21013 83
75 82 16732 96
99 68 21473 29
80 63 4653 340
10 30 92192 61
50 5 38518 192
25 75 7533 35
32 88 23440 793
55 19 4516 195
80 66 47505 155
58 23 66741 448
69 51 4658 236
17 98 12342 97
64 43 26723 329
6 93 70352 298
40 78 14396 412
26 89 15567 91
14 64 11195 428
9 51 14709 26
70 49 19327 44
19 87 47687 1538
42 9 14124 47
14 96 45229 117
93 23 9326 39
4 13 32516 21
86 35 156158 1964
74 48 38874 336
32 19 22985 288
64 41 2632 26
28 33 9424 68
9 35 172688 254
1 37 5934 147
67 69 2497 188
35 84 29246 59
41 61 93205 250
84 34 7694 106
32 5 28409 336
39 41 71919 810
83 58 46423 90
55 71 24040 811
55 52 7132 73
67 65 6879 58
41 58 30929 93
16 85 65506 133
57 17 34353 140
83 39 33247 540
42 13 21856 63
35 68 27897 239
7 19 19494 948
37 66 53830 120
95 53 16127 34
59 63 45784 37
69 65 8271 54
93 8 61095 62
56 21 20781 309
44 99 2063 75
99 54 11935 108
53 6 116916 33
69 71 41901 164
12 75 11016 665
53 12 20698 50
64 39 7462 825
31 14 30830 57
93 28 72071 534
96 15 25684 82
55 61 52492 40
53 24 25177 89
36 29 34130 66
4 59 30720 332
77 38 22249 1154
71 85 9795 2059
29 891
41 558

22777465
