100 299 1 1
1 13 28441 30
1 35 53194 51
1 57 17644 213
1 100 19518 985
1 51 5832 183
1 18 52184 192
1 96 61596 652
1 66 12875 210
1 7 57485 277
1 72 13727 127
1 74 33006 353
1 33 34896 203
1 84 19733 73
1 6 62782 503
1 5 46621 49
1 54 9282 127
1 73 39825 2837
1 45 21859 188
1 42 14392 48
1 78 18546 285
1 75 11568 280
1 68 80446 89
1 56 81776 93
1 53 29384 206
1 31 46279 58
1 59 84938 79
1 94 48501 72
1 30 71684 236
1 10 63367 26
1 11 5885 64
1 40 18182 824
1 50 35361 16
1 77 40515 63
1 19 26397 460
1 38 5645 835
1 44 8830 182
1 81 6565 203
1 65 41277 67
1 62 28241 352
1 2 37935 158
1 25 22248 43
1 41 24779 73
1 93 12819 66
1 95 1880 291
1 37 45663 548
1 58 9710 174
1 87 12607 665
1 99 10852 144
1 86 12750 71
1 49 98819 63
1 71 23313 81
1 67 11988 199
1 14 19983 209
1 16 108021 161
1 70 28594 71
1 92 80976 75
1 47 22578 306
1 36 13278 29
1 32 8211 84
1 24 51476 734
1 79 42094 209
1 4 30150 95
1 76 8346 489
1 48 67851 43
1 55 21067 209
1 15 21384 272
1 3 1269 169
1 82 33308 555
1 17 8056 78
1 9 9025 216
1 85 14858 870
1 98 63733 266
1 26 135787 248
1 89 28630 811
1 60 9433 237
1 63 7433 42
1 34 23188 238
1 90 22756 34
1 46 45178 85
1 43 13291 74
1 28 71067 557
1 21 18274 169
1 20 24992 292
1 61 7180 92
1 52 24760 503
1 80 59496 590
1 97 30541 489
1 83 2654 75
1 39 20827 37
1 29 28434 85
1 64 13076 62
1 27 13550 48
1 12 5069 422
1 69 23690 71
1 8 14307 416
1 91 16931 108
1 23 50843 113
1 88 26258 113
1 22 13551 162
6 13 6527 140
53 82 5910 99
43 76 66631 212
98 48 41516 80
65 18 44276 454
25 39 103097 9
3 34 2871 149
83 23 27956 538
37 40 27901 62
80 91 13288 104
26 3 6546 555
60 84 50880 280
6 35 5599 158
85 80 47440 66
23 8 38412 172
5 31 23295 38
60 41 3629 63
66 10 128228 176
20 54 109095 65
6 92 21107 621
11 16 195862 710
19 91 24445 84
95 72 5621 146
60 28 8409 1038
59 100 13709 37
91 32 4317 131
6 21 31183 347
68 9 43221 97
21 56 6925 37
79 42 22343 296
41 98 18266 244
85 15 16068 98
38 63 54618 147
20 39 4757 302
80 32 26593 1522
77 16 65936 319
71 40 20280 62
61 28 27746 237
83 28 3872 469
33 64 26219 187
4 73 32842 51
56 86 17230 19
16 50 36021 173
99 46 58963 288
65 4 42361 32
69 59 6491 62
56 58 299244 468
59 87 53273 659
50 63 33755 222
53 89 21361 111
13 63 44886 463
69 83 25820 115
70 82 42668 100
100 92 25021 93
82 66 87860 802
77 12 14907 114
4 85 92533 499
67 18 5399 17
48 97 77496 82
12 94 6663 181
100 90 10106 701
86 6 113565 230
23 35 92531 538
75 50 40018 191
46 52 58057 161
44 63 5292 187
61 95 4698 346
74 95 39077 328
79 76 3704 332
18 41 30209 466
68 91 31226 134
59 86 39423 176
76 85 3389 155
92 22 61568 44
99 12 24463 42
24 94 87583 116
17 37 211133 148
73 17 110315 272
85 92 21837 187
74 56 19498 112
79 24 5350 68
53 81 4919 347
41 64 164957 270
53 15 150540 51
59 19 13632 108
34 81 4454 1422
30 3 12830 182
49 83 25210 346
37 93 36845 101
66 11 24588 494
14 19 6225 496
75 54 20802 117
95 22 24272 35
54 94 52390 161
68 53 53893 347
87 43 92122 69
85 64 58618 141
56 54 5789 42
76 26 41564 67
91 79 27436 228
86 67 58210 133
82 91 13689 25
77 43 7912 797
80 9 4517 203
65 80 107481 53
42 82 21423 139
67 88 34269 305
60 24 45586 81
51 50 27523 642
99 41 4573 163
2 52 10742 56
32 45 17485 193
14 17 19626 634
5 49 29920 188
3 52 34688 650
91 88 18785 75
14 77 30274 798
59 3 28168 474
83 30 72270 209
84 99 2279 472
67 13 42780 187
17 23 10517 246
13 51 12567 170
62 7 11726 67
49 57 23256 52
96 52 17334 172
25 2 33703 632
67 91 18769 220
11 22 21939 79
93 32 19312 97
35 28 39288 70
85 45 54645 199
4 63 27313 160
51 24 71872 65
37 92 103326 398
31 22 75826 74
41 34 44207 25
97 30 28421 183
4 42 35375 76
3 56 129967 62
68 56 7821 44
92 76 5650 111
53 87 40146 26
36 25 23444 147
71 79 18810 35
32 85 146888 169
80 10 16311 262
90 37 7375 225
9 55 52632 105
83 57 14239 128
38 33 70416 168
42 22 50696 92
44 41 10009 516
19 31 96226 1057
78 93 6263 399
21 85 17365 172
4 66 27947 137
9 66 18023 130
26 49 55737 183
90 55 16396 100
45 20 13202 243
44 4 11944 364
10 40 10959 281
25 71 32793 186
95 33 59825 53
19 15 30582 161
6 75 35146 32
39 62 50146 334
49 4 105352 31
62 76 31930 181
56 31 10243 268
2 59 3662 86
67 35 25551 245
26 19 8566 16
19 68 20464 103
33 81 3572 193
16 39 8627 124
36 77 21125 190
3 23 59594 194
44 46 15270 50
78 18 36994 242
23 54 18091 82
100 21 4951 158
79 73 28944 58
22 70 76403 736
58 53 10097 301
45 100 45080 548
27 51 47961 93
15 9 15323 188
57 43 25575 57
3 86 100019 453
66 71 8426 112
91 51 50644 792
59 72 24337 26
72 55 33064 67
5 47 68092 324
62 82 26348 523
3 84 14622 14
76 51 14414 339
18 22 10884 126
1 594
22 127

1720977
