100 299 1 1
77 2 61066 405
77 26 26526 104
77 9 14211 73
77 43 11860 183
77 4 14117 377
77 99 19581 281
77 72 204640 103
77 86 23595 99
77 50 13544 245
77 5 20109 398
77 35 38553 122
77 32 24166 440
77 19 27573 210
77 48 34670 79
77 6 32651 130
77 80 22803 224
77 84 92362 41
77 29 4212 542
77 21 15535 857
77 25 88676 219
77 54 14686 191
77 73 45387 1519
77 75 29115 32
77 44 72066 174
77 88 112908 518
77 8 16523 146
77 11 15105 380
77 17 68684 46
77 97 14497 44
77 64 7004 164
77 34 26034 117
77 69 6041 80
77 12 22165 295
77 3 127611 69
77 47 59591 118
77 70 53218 157
77 93 9250 455
77 98 4301 240
77 62 49119 605
77 63 504 24
77 36 4935 77
77 91 6635 219
77 53 53418 210
77 51 25008 156
77 83 22427 14
77 79 63262 41
77 68 44734 112
77 100 31112 268
77 57 30414 163
77 14 20244 74
77 42 9156 214
77 28 16427 447
77 95 14774 55
77 27 22951 48
77 67 33641 474
77 23 93347 63
77 87 17689 114
77 49 5116 131
77 89 20039 80
77 60 18982 464
77 92 18948 56
77 82 24123 148
77 96 23226 160
77 85 1354 57
77 61 2337 208
77 7 17767 487
77 94 11211 999
77 45 11143 41
77 74 23375 127
77 76 23273 41
77 13 26560 342
77 41 12396 50
77 1 18333 103
77 56 32294 371
77 18 7361 117
77 65 6601 642
77 81 11494 233
77 46 13357 160
77 31 4427 71
77 20 1400 1741
77 90 17639 391
77 38 47875 59
77 37 5701 125
77 66 19689 91
77 16 87761 1583
77 10 54875 65
77 58 19265 128
77 24 92688 367
77 52 306387 471
77 78 19708 38
77 55 15369 124
77 22 10699 116
77 59 43302 468
77 15 35142 39
77 71 66965 240
77 33 38043 61
77 30 7369 314
77 40 29698 57
77 39 6600 363
73 83 23863 432
35 81 20560 102
74 75 4384 110
33 89 16188 201
13 87 20585 48
2 6 12174 390
19 83 7917 228
14 3 7101 181
98 30 217504 104
21 5 14410 66
27 86 14532 1087
7 23 31841 66
22 9 15444 77
95 77 14663 277
68 31 8365 376
54 70 40688 206
37 36 102951 161
24 55 11387 100
1 31 43485 420
73 74 87594 194
97 37 4879 117
62 82 2190 60
65 88 31132 14
84 17 22489 138
31 6 22916 314
91 81 29233 698
61 46 45098 146
82 11 8852 337
34 43 2511 61
80 61 30918 322
81 37 37329 395
85 10 41981 318
42 15 15290 128
91 56 6513 65
17 6 11981 654
10 67 15041 65
47 23 8758 112
22 41 18320 317
61 83 32541 235
94 64 112510 164
79 57 9729 12
14 100 38333 74
39 99 24132 124
99 32 20788 232
69 29 16513 44
98 25 19357 89
24 88 215342 242
8 75 39738 67
56 49 15273 63
5 14 9252 113
73 58 90737 143
89 14 60806 47
75 44 6327 45
93 53 16213 85
76 89 23623 431
57 54 109789 103
33 27 82040 64
2 21 4778 413
45 58 11542 138
83 86 102670 7
82 87 24993 116
62 64 10028 82
39 79 125179 130
25 49 18039 257
90 87 41394 196
62 3 4875 440
78 79 2820 257
97 24 3680 186
70 72 5125 307
34 50 21046 617
68 76 27235 96
50 1 19689 92
3 61 9017 607
22 37 76847 233
8 71 37058 257
44 16 26914 355
1 28 23381 1038
32 91 10873 71
47 14 3751 26
12 26 32972 950
8 43 112884 293
75 29 28151 57
67 76 23159 87
41 25 12080 150
8 48 30826 114
70 69 3841 883
37 75 33201 155
34 80 12654 31
54 51 18868 66
19 1 19635 339
60 68 2280 323
36 92 16269 347
84 39 16520 140
71 80 7274 23
76 15 7663 241
62 21 56463 74
23 86 149751 157
20 58 33084 49
93 78 26034 161
94 77 8504 75
60 8 6437 116
19 80 8145 262
100 94 25270 13
73 95 10075 370
12 65 37684 386
98 28 16992 397
88 14 21279 52
99 16 15113 570
34 87 19369 104
1 95 19862 88
48 10 104297 76
8 97 288673 81
2 36 147775 567
29 63 36139 10
57 80 33594 199
82 71 19682 171
16 5 30338 81
58 51 17752 53
55 84 46447 59
19 73 2898 44
18 93 26746 199
38 49 16760 39
39 38 11177 349
24 13 11269 34
44 64 42450 228
16 15 10465 265
12 68 66587 136
3 66 23234 3415
90 3 20249 94
63 16 38572 101
38 6 14406 62
17 91 7711 203
89 91 34432 246
55 25 35151 358
74 82 2183 163
56 97 383679 204
27 33 13321 325
80 35 58024 41
49 60 25672 684
67 5 33457 433
36 48 56439 141
7 35 29726 21
64 5 66338 408
35 23 277042 348
76 4 21978 80
5 77 18844 170
97 25 46924 20
24 11 79571 246
97 90 70044 184
87 58 7692 539
47 37 16992 38
57 27 38991 170
8 35 6356 27
84 45 18411 111
7 16 21510 59
45 54 21747 130
36 1 19851 621
71 3 27235 168
97 95 23330 23
5 80 5802 623
97 63 22345 182
30 55 18527 143
62 93 11416 19
42 11 79150 88
4 31 40345 221
14 65 46278 92
48 89 6324 2252
5 66 17653 433
33 37 17463 175
9 57 16847 355
39 21 44702 132
49 95 13898 35
75 68 39360 1875
56 61 5298 69
76 6 10903 116
97 18 24330 260
88 81 120121 333
100 21 37743 296
36 80 32481 50
64 28 15126 108
21 89 53914 1569
29 77 6504 213
56 35 41749 449
51 61 29444 330
71 54 49038 153
99 70 25855 117
19 74 387207 28
11 60 7012 56
14 73 2647 36
10 6 34322 53
11 58 20398 21
11 9 9021 145
2 59 6214 429
1 62 49772 140
19 75 57421 1015
36 45 18853 89
9 61 9440 729
6 61 16864 77
81 96 19750 48
11 16 119665 1844
77 1188
80 664

16920606
