100 299 1 1
2 11 7123 128
2 36 13930 1693
2 74 37733 95
2 98 15674 946
2 80 34648 104
2 15 23713 13
2 75 15747 99
2 13 46617 600
2 88 94662 118
2 44 21452 118
2 21 19446 110
2 56 15446 31
2 10 12996 38
2 99 16313 56
2 8 103210 288
2 47 10590 155
2 22 9813 121
2 61 32584 62
2 5 12824 50
2 49 4652 197
2 38 33883 139
2 73 10103 568
2 76 53304 123
2 45 50666 668
2 28 27013 368
2 58 22033 491
2 19 2345 91
2 83 12967 657
2 26 11635 77
2 6 38287 536
2 64 9147 99
2 39 37249 54
2 23 212876 43
2 14 45288 148
2 20 4002 136
2 78 12673 856
2 42 26006 117
2 27 12508 192
2 1 5944 80
2 82 19126 466
2 51 4113 127
2 66 9354 210
2 12 5039 119
2 46 5039 118
2 91 28064 357
2 68 43474 341
2 24 28284 539
2 3 32866 32
2 63 26213 241
2 60 17600 120
2 92 50096 358
2 53 3563 49
2 33 35062 68
2 34 61723 285
2 57 49023 78
2 30 21836 354
2 17 8367 79
2 29 53593 1080
2 87 62944 157
2 84 12721 62
2 37 39803 69
2 52 20022 82
2 79 10925 260
2 90 11063 87
2 48 17389 85
2 89 13334 371
2 43 5659 113
2 94 49284 161
2 7 11340 538
2 25 20645 135
2 4 34630 386
2 55 38922 92
2 72 52949 56
2 9 186629 522
2 71 7269 73
2 96 33926 104
2 95 11828 170
2 62 11669 198
2 50 8111 127
2 18 16494 146
2 65 11830 819
2 97 22305 30
2 77 4324 267
2 93 16796 101
2 100 19242 211
2 85 1688 289
2 69 7971 177
2 40 65415 20
2 81 137593 164
2 41 102257 31
2 35 5512 39
2 70 5317 230
2 32 12233 67
2 16 16172 174
2 31 44859 46
2 54 53797 108
2 86 10460 580
2 67 29070 290
2 59 6687 89
76 92 13185 116
86 88 129355 58
60 98 25994 89
1 38 186380 80
75 86 32704 84
70 1 10583 41
94 24 311314 1166
26 54 19294 234
78 100 29038 113
60 67 31123 280
4 30 70948 58
78 30 53230 94
33 56 34147 454
51 21 20213 312
21 93 17973 979
50 52 139043 77
51 65 150760 13
46 17 22839 171
33 96 27274 127
14 12 47462 159
78 95 8754 71
1 21 2129 504
63 1 34437 362
79 42 544040 185
24 69 60425 71
75 47 22889 117
53 8 6494 78
100 6 13875 42
28 4 65310 1420
21 10 13727 528
50 57 120568 39
90 15 16928 151
95 14 15041 87
29 55 28228 54
34 10 49248 214
72 11 7448 529
11 86 82337 1665
1 25 41092 119
31 70 44010 160
18 92 49359 422
74 75 3383 510
31 46 48945 148
6 33 16652 60
61 41 13535 242
81 89 28074 32
80 53 21182 30
23 78 20005 1199
27 34 68583 166
44 39 76085 825
43 63 17770 58
16 92 4047 370
40 98 69674 56
75 19 12341 188
25 24 7614 132
97 96 6952 180
16 28 30666 58
20 76 5697 81
54 20 11201 231
56 4 6966 381
36 93 30943 165
47 92 12446 346
44 40 77980 66
37 68 19752 887
96 52 18630 389
3 42 97116 297
52 17 14684 35
4 51 36091 79
71 69 9668 73
50 61 17899 355
51 32 17029 132
15 66 18471 192
94 3 24929 191
66 26 12513 82
84 98 72066 111
79 89 33061 231
80 70 49068 451
31 47 5363 170
43 82 26831 137
73 71 19102 2720
70 81 99797 84
22 68 5554 260
85 95 40302 243
9 79 114891 68
24 45 14362 148
37 47 7221 122
81 52 7690 63
95 72 5927 342
22 80 28452 1555
8 59 39140 479
19 5 78016 177
32 46 20379 188
3 100 224758 120
63 78 41238 116
11 82 14679 49
14 19 25158 303
24 96 21715 32
38 67 13908 124
44 3 36618 111
29 22 97445 243
26 25 112938 447
16 81 22976 183
92 86 5809 56
48 49 189568 237
72 88 8470 95
31 89 35286 114
76 94 17493 413
9 69 17097 228
85 83 50219 97
67 4 24235 442
94 20 24851 62
36 1 59423 53
69 29 25321 53
77 27 7416 215
90 5 57710 522
34 29 2962 264
55 87 9615 148
42 98 15451 226
18 22 36988 33
43 59 78045 106
64 62 58900 161
18 29 54867 24
61 54 153354 154
73 28 27346 58
13 44 24390 749
71 13 4517 157
39 40 30942 222
100 59 40966 147
47 12 12792 33
23 84 3330 166
1 20 142014 77
90 10 4927 649
24 10 49241 324
3 69 10154 84
50 38 11213 157
52 90 17888 362
23 83 37912 247
20 21 76988 187
25 91 188861 220
62 37 21629 188
79 25 72759 315
76 49 7942 482
16 58 37620 39
58 29 72795 24
32 21 5759 132
52 18 9716 161
63 33 21306 1005
29 8 8456 353
28 10 16777 254
11 83 29934 221
35 51 403569 158
64 3 34910 150
47 90 11639 108
29 74 11705 359
71 25 8743 80
20 45 3417 43
50 79 14654 31
41 86 22606 76
77 19 20333 155
86 71 71959 222
68 72 17411 60
35 40 5072 77
85 46 3816 667
15 54 39795 60
67 40 35856 43
84 33 4330 82
41 98 12125 276
30 29 9766 126
72 75 29652 456
63 59 17149 205
49 40 3998 1403
85 58 2875 87
51 22 8637 111
40 1 17172 31
57 27 41840 65
92 33 20666 1186
1 14 5417 17
96 33 23377 1184
96 32 2932 177
59 74 20127 146
74 32 50772 377
73 41 62863 420
54 31 2597 114
14 9 21213 19
45 60 5094 66
33 27 109233 90
66 32 231414 30
23 12 9968 692
48 90 23973 46
49 96 142765 774
52 99 42043 168
56 30 68406 54
13 38 6061 77
79 71 57054 108
67 94 51126 135
7 40 6131 133
62 92 25841 157
32 87 103543 138
100 69 11542 373
85 2 5640 22
8 62 37385 389
2 1089
40 224

1989818
