100 299 1 1
62 4 25426 23
62 79 2509 152
62 93 20317 392
62 70 30803 222
62 9 8423 170
62 86 35678 252
62 46 8187 540
62 3 25142 9
62 6 12247 210
62 51 25871 88
62 38 19667 171
62 20 28135 317
62 36 20732 37
62 50 9797 558
62 94 8901 286
62 2 22291 60
62 68 14428 230
62 61 19993 61
62 66 68887 70
62 74 25609 118
62 35 6100 82
62 83 5496 223
62 81 17574 414
62 8 66334 164
62 41 16884 915
62 31 64394 115
62 44 48651 322
62 14 11981 93
62 10 10424 235
62 1 15612 796
62 47 12679 27
62 95 23245 80
62 33 10760 28
62 11 50211 648
62 17 19332 601
62 58 4251 225
62 55 4836 247
62 5 222821 329
62 69 599711 51
62 72 4510 376
62 57 5313 49
62 98 4867 60
62 12 34691 314
62 64 93407 503
62 34 44225 115
62 18 8349 69
62 85 25106 194
62 16 17340 874
62 30 38726 102
62 40 28647 104
62 67 74511 64
62 49 18495 292
62 92 22898 33
62 56 76640 98
62 39 152247 71
62 27 14229 591
62 77 183895 103
62 75 177819 84
62 21 5436 116
62 76 5363 170
62 100 15467 162
62 28 21333 242
62 96 11693 86
62 84 53261 5
62 53 34363 87
62 99 23955 139
62 78 59678 186
62 37 3157 62
62 43 13808 110
62 25 68258 349
62 42 42602 1033
62 29 16852 181
62 65 116556 191
62 82 5536 407
62 80 2808 230
62 52 81793 1787
62 7 15996 162
62 15 47827 461
62 26 56120 36
62 73 17665 574
62 19 51794 101
62 71 15148 297
62 91 31891 416
62 54 56950 79
62 89 27331 75
62 13 127712 181
62 60 93580 22
62 63 5776 530
62 23 7799 18
62 97 70858 273
62 22 13821 93
62 87 8333 70
62 90 27627 290
62 48 5127 76
62 24 92981 30
62 59 17330 19
62 45 4293 22
62 88 22357 786
62 32 32510 51
16 62 3445 377
64 58 54401 169
42 5 5063 94
7 83 16849 836
21 37 3118 120
78 63 154960 405
17 88 40261 220
69 39 5750 247
89 48 4627 194
94 82 29963 129
67 100 23778 35
26 21 70770 129
21 80 21218 41
50 72 42210 132
78 14 9578 388
30 40 30604 153
71 95 17770 66
75 36 60434 370
70 73 3867 127
23 39 115197 149
32 39 24804 593
88 55 23503 99
47 39 16051 148
41 73 14741 126
46 36 37916 167
80 94 177256 171
53 71 96521 79
96 41 801 188
58 49 23343 25
27 84 16897 90
25 82 55087 89
6 14 48340 83
75 50 73663 150
69 17 15901 193
45 67 128617 1092
47 19 30685 494
85 40 3995 112
65 69 4580 110
36 99 10459 183
45 56 19425 588
52 92 103394 112
52 37 35586 168
90 54 15744 349
16 32 14284 251
83 6 11532 88
5 50 43552 180
8 73 39244 50
6 20 29261 229
88 33 20697 100
33 14 10200 31
89 7 108356 370
56 13 13916 576
100 99 62423 743
40 57 58281 455
29 11 5285 17
48 69 6451 200
60 83 88890 298
16 9 255064 81
36 1 4019 356
15 25 56670 168
66 24 9181 150
35 64 19542 216
32 23 24790 214
88 40 28699 138
61 27 15978 178
37 44 66065 279
45 19 9344 95
53 28 112726 16
63 37 43031 414
51 93 6668 52
68 78 34330 652
69 92 17703 2751
82 36 56354 61
71 80 5633 103
25 74 7750 71
53 73 32798 612
89 78 27779 518
48 55 26531 105
23 97 42875 91
42 69 12782 66
66 99 35153 47
28 38 43443 331
76 28 5485 53
19 81 18738 143
54 15 64974 635
32 82 12942 257
77 92 42733 57
25 99 9014 209
74 51 4547 568
83 18 8921 128
25 73 69718 184
59 82 17876 188
4 77 5585 369
74 34 10243 91
35 13 18463 173
61 84 4685 244
13 98 65234 76
52 3 117511 486
72 53 39128 505
20 54 22098 363
56 44 17102 18
96 52 3909 167
44 27 31847 427
64 47 33545 116
3 85 8106 460
14 48 5552 282
12 3 8884 139
66 86 55405 92
44 56 9461 326
2 41 3282 72
72 77 9003 178
7 33 11039 38
52 54 9135 317
29 10 26259 72
73 74 27142 211
100 67 8886 561
66 53 26415 196
28 43 50892 104
85 62 19904 22
86 98 12074 256
66 4 8050 320
19 100 84377 35
55 9 3630 145
78 44 3344 64
39 68 30759 243
33 93 19031 67
93 7 34946 777
95 97 16302 301
21 5 38053 261
53 39 172194 77
79 59 5961 44
10 69 229289 140
16 93 4732 127
95 19 34525 1943
93 41 9006 171
87 48 26983 45
65 75 21248 44
31 51 44588 110
81 14 18588 65
88 96 17903 42
67 86 7584 851
68 100 35559 267
48 37 14421 370
9 31 6652 31
88 46 86541 646
24 40 202533 39
24 61 44731 155
55 74 18339 94
64 54 9545 100
49 44 20515 111
35 54 29239 537
95 41 99344 36
51 17 28348 111
8 62 1938 416
37 28 32637 284
54 31 31944 76
98 84 35138 235
34 43 569 38
23 50 147616 432
72 41 28759 80
95 49 49986 175
100 11 7487 65
19 78 13169 639
16 37 7591 219
22 11 2207 109
99 30 37799 45
45 91 34637 97
86 28 12267 62
13 46 12260 124
90 63 3054 177
33 25 23611 136
34 19 5581 101
25 76 10458 383
40 97 5552 61
82 88 97250 17
6 16 12348 779
64 4 126911 110
29 3 15901 332
75 18 10484 84
9 94 34010 1118
86 35 171447 119
9 56 67559 143
4 1 32002 260
95 44 95801 471
73 26 2088 277
20 44 17284 99
89 100 35584 628
67 65 21027 95
25 14 36129 139
53 63 29451 342
98 47 52337 421
27 79 35250 257
40 51 31295 842
24 81 82298 53
45 49 14079 91
87 24 19328 89
58 1 14484 77
45 20 12913 429
46 28 44174 108
29 80 47512 234
62 198
44 136

5129667
