100 299 1 1
48 23 8888 77
48 24 50045 838
48 76 29863 55
48 16 48631 12
48 55 25409 71
48 40 74832 1765
48 49 101441 74
48 90 12229 349
48 4 29839 443
48 9 123820 593
48 38 16037 60
48 12 7124 151
48 62 9862 98
48 97 18944 79
48 72 19713 161
48 2 20729 79
48 14 11752 34
48 27 24104 149
48 11 11000 66
48 66 7578 98
48 43 6521 81
48 68 5994 97
48 98 7846 102
48 32 23583 353
48 71 15742 58
48 45 1973 95
48 30 2733 859
48 17 17466 375
48 29 41473 775
48 25 59202 867
48 74 21942 218
48 46 27691 71
48 44 55017 63
48 73 5908 21
48 19 41257 515
48 81 24659 986
48 85 8978 19
48 99 40402 597
48 7 33745 309
48 28 53257 78
48 93 293417 93
48 33 34114 167
48 54 8185 102
48 67 3196 162
48 60 9192 1322
48 15 29282 139
48 39 19490 294
48 35 143493 307
48 1 55001 244
48 6 45547 17
48 84 29315 356
48 21 7849 59
48 42 70606 54
48 59 9873 94
48 34 25233 238
48 3 18617 368
48 94 29590 123
48 89 14994 145
48 96 17677 64
48 50 17508 214
48 88 57378 34
48 100 10850 305
48 79 31315 796
48 20 9005 521
48 82 11794 188
48 47 15913 68
48 31 29237 125
48 95 44162 96
48 5 9879 200
48 57 39535 59
48 63 2285 166
48 8 6720 627
48 52 22107 205
48 86 69393 170
48 53 28428 203
48 64 61865 688
48 77 7975 141
48 37 13791 109
48 80 30239 161
48 51 49262 410
48 92 37814 457
48 26 11276 205
48 13 47625 23
48 65 126742 260
48 18 3957 65
48 78 10875 347
48 83 323982 402
48 22 36380 192
48 10 7505 36
48 36 29694 366
48 75 9911 250
48 70 64249 21
48 87 83672 93
48 56 34636 440
48 61 31664 41
48 58 192805 202
48 91 36563 436
48 69 42930 137
48 41 32146 207
43 73 13914 47
1 55 20966 27
89 22 26743 268
53 30 23832 33
58 98 31929 110
54 69 13279 27
86 40 16443 142
90 83 207731 209
86 94 95470 68
41 44 10419 530
29 1 137143 1380
78 11 14785 102
84 45 17483 490
9 100 43144 115
2 91 8560 20
58 53 48584 453
58 62 4330 25
2 46 88334 39
29 45 7413 211
9 19 20355 73
47 69 15511 52
10 97 81813 37
34 54 22630 186
9 27 43313 118
75 100 9367 88
40 42 12931 88
34 42 32487 49
94 21 71011 89
51 25 4175 3809
89 98 36161 293
19 25 53724 18
16 69 39608 484
94 18 127889 104
45 82 30383 91
87 29 46040 261
11 62 38639 1164
14 72 19595 73
65 3 15345 187
97 29 47061 187
44 85 37169 367
7 21 16265 256
67 87 11916 86
32 22 32453 682
19 6 18585 23
67 85 22529 241
99 9 1700 740
56 22 396322 151
36 27 20079 292
69 61 148418 97
56 68 51398 219
53 91 26850 406
35 47 32180 664
87 4 72487 57
67 61 5375 137
24 17 16817 346
13 84 22539 122
68 93 17574 320
83 59 54190 90
64 28 52572 125
80 51 29649 81
53 81 39091 9
84 37 10367 82
34 83 16325 153
62 1 63406 43
20 38 35242 138
24 70 9872 63
31 84 32662 91
86 32 10963 103
59 58 116316 94
24 60 16306 24
28 95 5791 229
77 90 51224 205
71 35 80561 168
25 1 20154 179
21 63 8117 143
64 70 9137 199
57 11 3224 726
21 25 4245 169
9 81 17263 825
59 18 20971 83
56 82 4409 67
18 91 113827 661
38 66 44568 189
83 11 33173 45
79 26 12967 102
81 44 53807 62
50 53 9215 88
31 26 56192 110
39 72 26737 22
91 19 30180 101
47 40 23423 245
1 17 63269 52
2 49 24704 147
37 45 22651 914
71 18 1982 92
88 20 12204 271
90 30 30889 412
95 48 5323 97
59 15 23328 142
57 73 48892 611
72 21 32693 142
12 94 33197 654
61 72 2002 640
76 2 14273 100
52 75 38261 412
55 98 8107 92
69 60 28584 138
69 76 17059 200
78 22 26348 176
17 98 57483 90
99 4 78672 189
80 63 9112 167
100 68 27309 94
20 43 5005 500
62 67 846 207
32 88 57061 130
14 83 5870 105
35 27 244374 80
9 52 13297 190
57 23 6026 362
85 35 79641 138
56 46 51913 377
72 83 48511 156
56 73 47222 471
44 20 62229 92
44 79 2971 42
45 96 18452 50
51 37 52474 1417
18 16 16066 17
36 55 72499 316
46 93 24908 543
49 84 11281 241
22 40 17843 55
71 16 12726 988
34 99 20792 119
49 34 22041 159
8 94 87552 94
20 66 72738 41
26 55 38167 121
74 43 15055 32
7 76 28214 60
17 55 52738 1088
99 27 15740 237
86 31 34310 51
82 13 10036 347
34 98 7644 36
62 10 3963 238
27 94 70495 94
98 63 30616 90
46 79 7979 88
34 17 16383 118
57 30 48319 59
60 17 33512 20
44 72 28324 339
37 86 35742 273
68 90 357793 174
76 99 14223 30
13 45 16480 377
60 14 33648 187
57 31 13993 215
28 6 22276 125
62 27 20982 200
60 34 34388 45
49 79 127987 140
68 47 44319 183
40 21 49101 118
80 60 12160 67
66 70 16421 223
34 23 10824 1011
91 16 71088 36
14 17 25453 165
64 12 52234 354
7 49 3781 184
82 88 32827 117
2 79 44809 175
25 5 3472 596
12 9 7837 27
58 47 34010 433
61 27 28399 166
1 48 28151 569
63 16 16948 516
73 23 17687 876
27 35 35648 26
39 61 18378 472
36 84 3160 39
1 36 9467 80
73 30 30146 240
91 90 9445 252
40 2 38868 60
77 83 58083 143
40 100 8174 101
82 91 172476 168
26 49 18651 14
82 78 85577 3132
44 62 35344 215
78 17 103512 110
65 81 21139 316
23 43 21426 333
46 65 53114 170
16 97 17851 65
48 297
27 230

6089860
