100 299 1 1
60 53 39823 40
60 80 9839 109
60 10 2044 250
60 89 8529 236
60 47 27444 143
60 3 13496 279
60 91 17509 906
60 43 53174 160
60 48 53605 104
60 40 31098 109
60 8 14894 163
60 16 37428 61
60 35 16562 12
60 2 11394 285
60 38 10063 667
60 75 30329 133
60 12 55019 35
60 99 72328 74
60 74 80982 82
60 11 48200 116
60 82 23774 106
60 63 9727 683
60 18 19861 123
60 83 17084 106
60 19 25608 1157
60 95 44383 247
60 14 110449 193
60 84 21854 45
60 4 15847 318
60 86 171779 26
60 23 5054 40
60 44 33843 103
60 79 10527 33
60 81 6289 294
60 72 58631 311
60 33 23371 37
60 52 19860 172
60 1 19499 293
60 94 43549 55
60 32 15653 51
60 21 33449 214
60 90 25964 472
60 68 157002 139
60 54 7755 487
60 78 17096 309
60 62 26211 116
60 50 18225 77
60 92 12969 108
60 49 35704 95
60 69 21823 119
60 55 126628 34
60 42 5818 167
60 73 25762 132
60 30 158684 396
60 6 9098 159
60 24 18821 506
60 64 10028 120
60 67 16088 160
60 26 28889 209
60 15 27936 110
60 97 4948 122
60 100 11312 222
60 20 33068 214
60 5 22730 176
60 39 50882 516
60 61 96415 453
60 56 18010 55
60 29 6894 5
60 28 9837 71
60 98 11729 106
60 36 15601 115
60 22 45016 109
60 88 51339 53
60 93 18182 396
60 25 25107 771
60 85 39247 361
60 9 166148 224
60 76 12571 204
60 45 17056 107
60 65 40275 44
60 13 34247 1395
60 57 10012 571
60 77 5980 442
60 59 23688 81
60 17 26283 348
60 71 15026 127
60 46 15243 390
60 7 73336 60
60 37 60438 196
60 51 122532 249
60 31 9269 384
60 96 112424 102
60 87 38542 223
60 66 6157 317
60 58 134065 114
60 27 5317 151
60 41 29314 71
60 70 9828 52
60 34 15348 223
67 72 20884 59
76 52 13945 122
86 96 34640 70
18 93 13317 80
56 28 13589 1459
17 60 31016 152
13 73 23380 357
44 3 24675 68
69 24 71180 68
64 88 11740 515
92 18 6454 109
100 54 68966 21
32 92 75018 118
79 75 25324 24
51 93 18779 113
72 86 73383 61
35 60 37266 690
80 94 3874 78
71 64 15067 134
46 28 4513 255
73 68 30095 53
85 55 53077 74
91 83 7532 177
3 6 7797 140
24 77 4069 283
90 60 107999 97
12 92 5993 190
24 46 14652 104
8 87 140236 56
28 52 16876 9
31 67 11329 624
13 25 53873 271
42 95 19943 237
84 40 5525 36
43 87 64430 337
41 22 47905 621
79 30 86529 314
96 94 29738 54
12 84 113446 537
96 15 17315 81
61 97 102327 74
50 1 25058 19
41 13 11068 1086
37 30 53054 83
47 28 36023 54
41 7 40110 46
86 89 79854 234
36 62 87112 204
71 36 12189 872
9 8 70487 131
87 50 20895 29
45 68 56290 908
4 30 8582 46
92 40 26305 57
9 21 26588 500
25 14 8291 597
36 98 36508 46
66 36 15977 83
50 21 40073 107
59 61 15852 83
52 36 15727 89
61 27 55060 33
37 61 92849 268
45 55 5669 74
6 44 3777 80
73 13 31681 228
7 93 29870 46
46 37 146510 14
23 32 19071 423
83 40 3653 319
63 43 94168 166
57 99 169620 294
36 88 32996 322
5 62 42881 204
15 9 14421 126
53 14 85423 154
3 71 52274 78
35 84 25831 172
85 51 28173 192
89 66 15862 237
7 83 12779 319
53 49 8627 95
99 25 16719 37
15 10 115465 271
35 78 54366 378
31 23 7997 35
33 6 6470 63
35 57 13016 210
78 65 5497 151
30 46 102812 82
16 32 18075 209
18 31 141453 24
94 87 68090 248
100 92 22400 35
10 19 13427 81
84 52 71169 427
82 2 25794 66
22 5 18088 37
40 15 11733 94
30 80 43512 456
53 3 17908 137
70 23 39032 42
55 49 13763 204
18 78 16314 138
74 23 68881 79
51 9 24959 145
59 42 12980 156
38 86 79938 85
16 29 22242 25
98 86 53724 68
58 56 23261 33
76 22 26287 86
38 39 11540 891
81 79 5681 355
93 61 4269 810
39 65 15676 42
76 96 51606 332
61 29 5110 29
56 80 21491 186
62 100 42874 627
25 88 4340 267
43 14 13367 365
72 80 74364 180
90 51 12570 1325
35 59 25972 144
33 78 4811 1379
94 44 14259 2615
84 21 15922 165
71 69 41774 69
2 48 11650 170
90 10 11236 90
37 64 19973 24
82 45 136827 516
100 40 4768 277
13 72 28258 76
51 72 10698 22
36 60 49031 383
3 87 20658 183
50 15 10455 58
74 15 13507 28
1 87 9111 85
16 20 23967 277
63 8 40960 144
92 89 12022 152
27 7 46148 1153
81 43 38370 80
30 71 109819 118
64 56 3607 292
71 7 13714 238
54 99 9610 482
66 70 66279 69
34 22 18997 3098
48 45 22271 276
56 39 27613 216
4 84 17442 122
6 37 27492 169
18 90 57476 87
88 29 26813 54
4 68 9903 899
17 12 21625 29
30 11 11353 159
46 68 79223 31
3 37 24209 130
32 38 10215 110
18 13 31493 524
96 32 15888 56
38 25 9360 350
45 61 87070 106
9 34 30291 675
97 11 161415 351
66 96 65083 110
2 87 122534 1075
87 32 35224 1025
43 7 110684 166
59 18 15975 97
92 43 4871 1030
45 70 34299 135
50 23 97331 213
9 57 19701 601
88 71 32520 348
96 85 48050 27
82 39 13666 192
40 57 31226 150
89 9 38821 304
95 9 1543 312
85 38 19126 198
54 83 32910 83
84 41 161322 2247
14 60 56618 412
17 67 36984 529
71 50 7571 39
95 56 11357 100
95 33 6408 213
47 6 22079 518
86 14 21979 152
47 78 39268 94
13 9 27236 115
99 9 14688 913
88 47 15452 156
55 3 56273 437
60 396
87 81

2317410
