100 299 1 1
19 35 4214 43
19 40 52056 327
19 42 9440 68
19 21 1153 247
19 50 5143 161
19 66 97609 191
19 56 5848 112
19 89 100585 137
19 70 5211 227
19 22 162860 561
19 36 32690 60
19 55 17131 303
19 23 73706 77
19 68 33854 208
19 73 8340 53
19 10 4449 211
19 81 10943 105
19 69 54850 252
19 7 7806 66
19 95 4310 29
19 51 33776 150
19 84 43168 38
19 13 23489 758
19 64 30279 95
19 8 10811 532
19 79 13321 302
19 37 25219 300
19 53 33314 150
19 15 13783 172
19 100 3493 44
19 61 27394 259
19 3 262682 1724
19 67 39383 89
19 25 109300 307
19 14 24912 244
19 46 55448 172
19 74 18315 73
19 85 14895 105
19 97 49047 226
19 86 102299 37
19 31 35704 289
19 83 3421 110
19 47 12644 251
19 72 13807 92
19 87 8375 369
19 54 9462 83
19 45 9307 481
19 98 21333 361
19 96 2324 188
19 6 47655 829
19 44 22532 62
19 92 103750 106
19 29 8110 48
19 32 17685 82
19 24 43202 44
19 1 16813 129
19 28 33724 41
19 60 23867 59
19 57 17375 664
19 11 11975 332
19 12 10593 471
19 5 72514 823
19 49 10281 178
19 48 85874 719
19 88 10650 415
19 77 61271 608
19 76 38268 153
19 2 76009 192
19 99 4660 352
19 38 21021 249
19 90 15386 57
19 18 7275 57
19 39 3244 156
19 17 33153 60
19 41 80325 191
19 59 62885 8
19 52 49102 1398
19 34 39153 899
19 30 24446 247
19 82 35130 481
19 9 31796 286
19 93 48723 46
19 26 122215 249
19 91 24332 185
19 78 14504 307
19 94 153667 255
19 20 18388 301
19 16 47031 89
19 65 372816 201
19 4 35883 281
19 33 17937 131
19 75 79490 56
19 71 61035 212
19 63 3051 44
19 62 9126 227
19 43 40997 83
19 80 53959 137
19 58 8909 1094
19 27 22873 153
67 13 29118 120
58 64 33722 61
95 96 28910 46
35 47 24092 71
91 88 2091 72
90 74 8879 47
24 88 7747 94
73 67 7403 433
26 36 25444 21
17 27 198732 65
59 75 46999 266
50 82 29829 82
2 24 83210 89
37 23 7913 253
96 87 45529 265
30 59 68828 47
51 14 6303 88
81 11 65706 99
71 77 83223 164
47 28 28575 270
82 66 14359 73
40 56 38838 116
48 57 19784 194
99 51 9547 120
26 72 27156 108
7 32 15774 127
27 30 31714 651
33 44 38897 85
3 30 135437 18
76 15 24650 85
54 58 51061 68
99 24 11258 37
1 58 24804 267
84 40 61657 443
50 64 20743 239
1 93 5224 122
30 43 102511 52
23 1 12992 407
97 96 192071 32
26 21 14005 160
38 65 13130 169
18 52 29149 373
84 56 26052 208
32 28 12555 688
39 84 8780 25
36 55 31679 236
14 39 37121 430
71 8 68276 63
74 50 2485 351
100 33 1923 54
92 93 55602 468
37 46 22668 89
52 23 77317 91
12 96 95956 5013
67 85 121264 104
28 52 6031 1176
41 76 28144 147
46 10 16888 850
61 54 39215 1015
79 93 19502 112
50 65 28667 336
46 22 235567 742
88 6 28022 101
14 100 48275 136
74 25 198190 426
57 55 4147 64
20 90 10452 97
23 85 82217 25
18 67 78348 37
4 57 22690 48
48 74 14926 182
67 5 14595 321
8 99 25913 82
28 32 25877 45
100 73 3867 155
11 64 7318 235
96 41 6655 62
98 9 20257 419
73 1 37708 95
36 18 36706 32
12 94 100874 539
52 26 47671 378
95 53 61013 53
39 28 29004 87
39 65 39148 767
47 72 19192 14
75 62 59927 88
45 47 4596 115
68 39 95068 153
65 5 8234 249
12 69 19929 102
11 44 11139 77
55 77 37691 173
99 65 33424 292
11 60 12277 213
82 12 37598 711
94 61 334376 22
77 7 26604 12
7 5 24902 261
69 48 88450 75
92 26 34640 170
100 97 2778 902
81 23 2486 41
48 17 20753 295
31 100 8851 309
77 6 26051 594
30 26 10571 243
38 49 13690 98
15 75 42672 43
37 80 17392 108
61 53 16016 72
58 21 16103 72
60 57 88710 110
24 74 24271 120
51 77 12066 168
38 86 28240 201
22 65 135593 160
85 54 127936 191
83 69 19371 42
37 33 17709 111
17 38 15475 317
23 36 489420 25
10 20 7500 119
80 58 21950 150
6 28 48647 41
86 42 33896 928
89 29 11129 1360
77 99 22918 273
20 51 15582 234
89 44 72276 930
74 45 18719 391
80 92 27659 260
63 6 35642 90
9 31 52425 1043
43 13 9996 1023
37 83 8248 247
67 47 9790 101
91 29 21830 203
90 65 27969 51
86 92 19547 43
82 23 18688 233
96 69 12436 58
15 53 51577 8
9 44 5858 265
78 60 2298 530
58 51 71252 217
80 65 16495 157
5 8 127760 796
42 84 5799 116
15 4 23108 181
78 16 11227 114
1 42 20371 787
57 47 45606 414
70 61 190850 108
34 57 29807 100
33 97 21319 5
62 17 9270 141
73 66 25130 65
6 66 24333 137
46 67 20362 38
95 47 14233 33
76 11 19521 1048
82 34 8331 54
29 89 46172 67
87 96 7962 462
66 11 11261 671
82 1 11948 44
36 82 77848 100
14 99 75757 772
14 22 67386 156
69 53 16694 193
2 36 20797 848
39 48 22602 240
28 31 31146 81
69 14 8698 11
46 3 7483 204
14 3 4133 134
95 28 18397 279
6 58 39249 54
16 79 28007 63
91 73 43249 173
55 29 181034 76
43 78 3453 232
88 77 26598 374
53 42 1632 951
25 28 3034 443
89 60 45726 517
98 10 10139 749
65 53 13747 56
67 32 22080 62
77 44 15446 385
99 79 63130 72
29 79 1067 235
80 70 11495 323
64 1 93126 137
48 79 21942 74
8 38 98802 137
61 79 14637 854
95 62 52709 365
34 86 61384 174
19 990
65 915

35517049
