100 299 1 1
39 69 15165 80
39 14 7609 361
39 99 20730 502
39 63 27220 312
39 11 43629 48
39 50 43491 99
39 28 9611 19
39 82 38019 77
39 92 41098 1216
39 1 8525 456
39 41 4472 127
39 8 13925 109
39 89 6348 559
39 71 50222 33
39 68 17729 140
39 2 55141 61
39 17 21053 840
39 33 14345 257
39 59 55703 294
39 4 20404 187
39 95 15576 125
39 72 15821 168
39 62 5173 69
39 61 48442 273
39 42 109047 402
39 22 33946 162
39 94 10009 380
39 27 14680 546
39 77 8940 451
39 80 96901 74
39 91 22150 139
39 44 49784 106
39 60 42120 169
39 53 123837 331
39 57 27823 101
39 47 47059 185
39 34 70316 155
39 98 18254 80
39 100 164763 241
39 10 4941 388
39 9 9525 156
39 73 9100 30
39 52 8992 364
39 36 18738 205
39 84 44664 69
39 75 16923 247
39 30 4912 184
39 7 178795 60
39 56 23505 94
39 67 8431 166
39 78 13804 326
39 31 140798 91
39 19 14082 24
39 40 21293 240
39 15 15202 217
39 48 21747 129
39 66 47215 246
39 5 5703 221
39 79 30180 93
39 38 21817 73
39 29 98876 107
39 43 27444 102
39 96 6136 187
39 86 185383 158
39 24 28192 910
39 3 14471 693
39 35 2952 127
39 55 40104 163
39 26 49383 146
39 65 18274 120
39 25 27761 24
39 23 28640 155
39 6 1205 166
39 13 15686 275
39 87 20381 39
39 45 4462 43
39 64 21629 203
39 76 5914 144
39 97 42179 153
39 74 11811 134
39 18 12649 55
39 85 14636 81
39 93 23565 178
39 70 14779 157
39 58 16952 186
39 81 39499 29
39 46 23961 236
39 12 92310 103
39 54 10717 84
39 83 5025 156
39 20 26650 29
39 16 68112 389
39 21 20492 87
39 88 17105 201
39 37 9274 79
39 32 5900 142
39 49 142017 81
39 51 42370 208
39 90 35047 325
81 50 11089 30
57 94 13957 273
12 86 17013 137
99 52 9879 337
49 61 30810 256
32 26 2692 72
7 56 10322 24
85 99 6821 43
7 43 17758 14
12 95 63505 93
13 78 11152 195
9 97 29478 555
13 96 111210 85
62 17 20097 374
38 82 24620 166
35 54 25353 191
31 30 31093 648
25 28 34323 75
12 83 18324 297
35 20 9901 1301
56 41 52821 400
21 40 13868 21
9 11 76681 149
38 32 6521 146
30 5 10983 115
48 94 41527 116
62 29 5186 20
92 32 47450 373
24 52 11299 958
6 41 10999 135
84 60 23427 93
89 63 26267 39
64 97 19552 50
52 97 42907 218
73 2 22692 1214
71 96 29267 72
68 28 7993 190
53 84 28247 197
27 42 12029 106
29 91 9255 100
89 70 89153 205
73 21 468659 114
18 9 25137 90
1 85 11958 69
66 72 4665 271
85 12 3418 222
36 94 5016 77
66 43 20640 74
71 67 13389 55
63 95 75926 55
7 35 19194 57
18 76 52492 24
51 59 51081 178
42 16 25248 86
12 92 5893 611
7 13 5388 314
25 15 38898 503
15 60 7441 318
21 98 33663 81
29 20 16388 179
78 27 10548 102
94 26 30644 213
30 38 45847 82
83 32 32951 58
3 81 4380 992
48 3 16181 817
99 23 37390 56
100 68 87414 112
1 98 11338 246
53 64 9274 253
8 91 40982 141
72 57 70743 40
74 45 32865 214
40 86 6396 531
55 2 28527 88
53 28 31375 19
58 88 6357 64
84 44 50692 72
29 56 11205 349
4 38 3030 188
51 81 11141 71
45 69 23982 48
52 78 22422 51
79 56 35041 180
13 1 5962 264
79 2 28108 169
44 100 6396 279
23 15 16685 38
67 31 7202 253
60 49 22996 247
20 81 18175 433
23 28 180272 223
30 36 6331 810
89 95 67701 25
79 12 32043 165
49 94 51902 79
64 16 15221 66
2 72 47309 72
55 85 221886 130
25 22 33633 149
97 49 4303 373
48 41 15536 78
86 9 82794 673
80 66 15199 45
77 65 57494 278
10 14 20762 185
100 58 20127 247
50 91 13718 124
94 80 37817 341
58 31 3374 250
7 69 10502 262
19 7 7713 37
8 57 9678 844
45 80 11379 105
52 85 24544 517
53 99 71232 33
65 51 25961 32
36 19 21191 170
98 49 11131 209
98 10 11919 356
60 18 17248 43
88 70 38715 182
58 23 9405 58
71 37 20545 188
94 91 46147 241
2 5 20362 67
31 2 15127 36
68 7 2032 111
20 53 10980 150
89 85 88541 125
31 33 53528 270
25 53 36399 42
73 27 12676 835
95 24 62463 490
60 78 58730 475
51 38 30045 8
2 48 171778 215
91 97 17962 161
26 57 85029 58
23 79 86734 589
34 4 2753 110
60 63 13614 93
98 14 72311 692
14 54 72472 201
100 64 4407 75
78 91 33025 532
57 15 8571 528
11 31 12517 406
100 38 13615 126
47 15 13254 402
23 62 18025 756
67 45 35636 38
5 62 18528 71
71 19 14415 1052
59 18 32453 38
57 75 37534 469
89 21 115249 42
66 24 11076 360
31 27 5727 566
95 20 31267 126
35 58 15820 266
2 76 13687 93
45 78 15877 11
53 75 75940 268
2 60 6464 257
25 35 12466 74
72 95 62313 511
35 13 24438 72
51 65 23209 229
35 100 20433 288
64 91 35021 305
61 52 26877 427
95 14 10878 53
41 84 38849 1459
50 17 24678 366
74 53 4133 412
86 53 15751 61
34 100 29809 464
11 35 100292 355
46 22 53476 55
59 81 20756 193
71 42 13033 77
82 30 23690 16
30 13 48759 94
13 77 11120 31
77 17 13176 175
22 91 21123 112
50 98 27165 13
100 4 11425 262
28 51 29511 176
93 30 15822 184
21 76 68285 1129
15 86 38639 261
68 26 26219 555
34 30 37340 367
55 42 40083 52
59 60 8505 205
78 96 34804 185
5 55 40525 610
36 29 45540 80
39 891
91 660

27995716
