100 299 1 1
35 48 7161 1205
35 73 182785 353
35 84 76582 125
35 80 26739 338
35 97 16416 153
35 31 6337 30
35 57 27057 589
35 24 34791 160
35 3 71122 90
35 50 32013 177
35 79 2611 329
35 52 214634 1912
35 47 98541 343
35 68 14925 833
35 86 37148 116
35 88 15690 60
35 23 39639 309
35 17 165301 117
35 93 14594 148
35 98 25903 255
35 20 33758 131
35 81 34239 345
35 12 9944 205
35 44 6585 144
35 66 7380 95
35 46 20634 326
35 26 4813 111
35 82 17038 488
35 95 7110 59
35 59 24463 857
35 42 77355 271
35 99 14900 241
35 51 5899 263
35 91 70810 284
35 13 29117 43
35 9 42782 59
35 65 3206 69
35 28 11018 825
35 100 40154 70
35 8 104153 118
35 43 40484 1701
35 2 20248 64
35 87 22399 195
35 33 16066 30
35 83 2775 271
35 22 153956 618
35 60 21165 237
35 27 1342 20
35 29 50292 359
35 25 67606 418
35 77 53291 98
35 85 22247 70
35 54 16975 247
35 34 56519 336
35 78 106827 293
35 15 99572 26
35 18 6553 340
35 14 18989 355
35 1 9715 86
35 96 106520 95
35 76 17344 47
35 92 6052 170
35 94 3288 110
35 53 17771 111
35 72 14688 45
35 16 8282 157
35 36 28388 70
35 19 20027 40
35 61 26996 59
35 71 20437 787
35 41 77578 277
35 32 56948 373
35 39 6152 123
35 21 14568 91
35 49 25550 124
35 75 13299 30
35 74 234624 90
35 67 24835 226
35 64 56289 75
35 55 12167 96
35 7 67188 114
35 10 43766 545
35 37 32802 62
35 6 46098 12
35 45 35216 154
35 70 17880 434
35 38 17690 93
35 90 47008 469
35 11 7219 240
35 89 18140 117
35 63 5947 817
35 62 43550 136
35 5 9069 558
35 30 129553 25
35 56 53338 180
35 4 9620 237
35 69 11610 229
35 58 14656 277
35 40 9565 198
16 63 142984 127
56 88 4761 151
9 79 17258 63
43 74 15886 262
87 58 9212 109
33 96 25463 219
8 36 26959 69
50 95 143526 246
85 84 70181 320
28 62 30180 82
39 80 53374 62
19 41 20159 75
60 42 9175 30
78 86 14354 51
79 60 28718 18
33 63 6478 258
33 86 26953 51
31 2 13312 179
87 64 131650 175
42 25 96376 102
56 82 68031 183
13 45 150836 18
15 83 5137 851
37 2 12008 269
75 71 8822 757
84 3 28811 121
29 91 6583 82
100 98 8238 84
4 96 9309 261
72 70 22297 217
59 57 40137 117
12 81 13255 81
59 96 20398 236
32 66 3756 121
96 73 14684 12
53 98 47140 243
22 8 30826 427
78 1 3349 370
21 66 22784 100
16 14 12859 505
22 52 70111 22
18 81 49338 29
67 31 5046 329
3 20 24886 71
18 33 25004 146
55 6 12130 56
51 32 5399 24
79 81 15120 93
67 78 68932 18
95 91 64523 135
9 75 11169 76
48 16 49806 319
65 62 14316 174
56 62 23722 485
17 14 36726 338
71 75 1244 129
67 32 364365 9
47 31 70523 37
12 27 80474 474
80 63 113545 52
63 86 17593 119
56 75 39969 234
50 11 7359 197
7 26 34971 108
28 36 48701 382
14 17 7134 35
23 99 4274 42
50 92 28616 91
86 91 13389 322
12 29 20752 616
45 5 33542 61
41 90 63843 54
74 62 29084 646
31 89 45374 109
9 44 3262 231
17 64 8517 314
89 61 81846 313
61 85 7781 262
89 3 4084 54
61 53 13352 198
6 58 77007 62
22 90 5808 246
96 22 97673 77
16 84 23171 121
3 21 21892 104
21 56 9225 130
68 2 10839 156
75 100 21423 39
76 17 18189 44
22 57 108162 49
65 11 125670 416
62 60 16063 379
70 20 74224 572
22 4 119885 229
40 38 12263 290
2 96 7664 200
38 28 24420 293
22 38 7077 222
89 32 22783 226
51 50 14855 71
8 27 30863 925
43 2 28077 155
5 54 6120 114
46 43 66155 374
45 4 6932 295
82 28 7495 24
98 1 12411 50
84 95 21817 488
55 87 3967 265
18 85 117187 21
41 61 16410 191
44 53 7212 992
61 76 38282 93
25 69 12906 25
79 100 22112 370
32 12 37817 221
20 24 7075 377
97 14 39406 76
5 39 5507 126
69 100 15062 115
45 14 15106 274
69 19 6873 379
7 46 4976 290
64 94 59800 200
4 26 23009 2037
14 79 12087 205
22 49 5512 700
53 74 14192 211
97 47 5342 554
49 24 174536 170
26 15 26153 961
16 29 11540 69
37 82 4146 247
42 40 18480 487
74 47 8403 133
28 78 108046 63
92 98 44562 831
24 87 10834 923
22 73 19004 415
71 57 10678 35
76 1 17044 141
19 3 9520 538
44 41 100155 92
61 20 26879 54
95 29 47607 27
39 26 60330 224
62 11 11649 19
57 88 19081 54
91 15 14719 284
34 51 10269 224
11 23 237513 203
23 94 70708 393
76 37 33883 133
62 38 23360 70
22 88 87704 759
64 15 22595 217
21 25 11625 80
86 56 4877 60
11 57 19781 129
89 59 11533 237
45 95 21138 219
23 81 73656 38
75 76 4766 105
44 67 3809 157
18 46 8477 187
39 4 17250 189
51 34 62096 211
100 29 32102 23
25 43 11440 78
7 14 16877 448
81 59 22150 47
12 31 35098 130
4 37 33212 131
71 43 16304 117
12 46 90906 334
74 51 39364 233
36 66 3159 352
23 52 12658 521
73 91 4072 76
87 4 17148 192
58 78 102629 218
12 40 9525 106
28 89 5845 273
94 48 5101 163
32 14 3392 73
22 71 22388 855
53 5 15778 1729
55 75 7075 670
100 81 15210 392
86 41 29214 54
92 61 54142 51
38 71 17266 266
58 43 43054 292
24 35 30485 105
14 59 5056 127
72 75 68894 126
10 100 37794 218
100 50 42067 565
31 20 146619 1791
74 59 11929 125
35 297
14 112

2023592
