100 299 1 1
30 69 2828 99
30 12 4403 1302
30 34 6574 110
30 13 8440 208
30 15 25734 175
30 81 22402 51
30 5 53900 1899
30 85 7878 44
30 53 27013 397
30 99 9829 55
30 14 52469 622
30 6 9948 191
30 92 49193 481
30 100 11556 342
30 49 8124 1637
30 42 90452 295
30 51 28851 129
30 62 16332 601
30 11 32636 97
30 28 7631 16
30 71 35329 551
30 29 4624 73
30 58 13917 765
30 39 3249 298
30 27 27177 722
30 54 76903 148
30 95 9077 99
30 84 17865 7
30 86 27819 251
30 19 14836 382
30 75 51143 76
30 35 26936 116
30 73 21998 53
30 33 8487 181
30 23 38010 82
30 46 44598 108
30 88 16423 152
30 76 103983 253
30 72 17213 94
30 47 23280 169
30 82 12886 67
30 80 9071 103
30 20 38202 69
30 65 94440 492
30 4 24171 86
30 61 3230 100
30 74 68769 38
30 48 18654 30
30 83 20356 41
30 38 56287 287
30 94 20929 555
30 37 40579 150
30 60 7022 122
30 21 12946 100
30 70 20742 587
30 8 24065 16
30 2 43080 27
30 63 23206 15
30 59 6027 201
30 26 37144 94
30 9 52693 75
30 91 13157 41
30 31 30945 233
30 25 21093 170
30 64 9774 170
30 52 54473 116
30 40 17360 320
30 96 25709 311
30 87 19188 114
30 89 25152 321
30 93 9109 480
30 79 48945 49
30 57 31227 334
30 36 23285 207
30 97 23124 123
30 3 24670 288
30 44 1840 350
30 55 10217 317
30 90 44769 16
30 10 35824 355
30 78 21597 164
30 22 66617 236
30 32 1576 229
30 45 6388 293
30 77 427643 60
30 50 11049 165
30 18 17023 107
30 1 13404 34
30 98 46147 85
30 24 17261 247
30 67 7527 182
30 16 46744 31
30 17 76107 260
30 41 13458 262
30 7 27745 221
30 66 33638 67
30 43 7851 80
30 56 19903 77
30 68 34135 243
47 53 7525 91
86 23 28686 179
40 98 11234 287
70 39 6330 229
94 64 32312 910
10 24 20306 61
48 95 11668 25
38 58 40636 231
46 86 11121 169
78 48 14661 69
94 13 4736 709
70 98 63849 60
84 79 28336 334
31 97 7125 1269
81 89 25970 367
9 10 104999 86
42 47 16054 237
92 20 61530 167
63 38 7601 14
9 3 21308 271
77 34 51956 142
73 59 8342 101
36 65 21260 127
34 7 67545 112
77 79 6135 15
60 74 91010 33
60 69 36128 490
66 55 6539 46
40 62 3620 188
27 100 106139 173
27 5 32798 81
80 56 44726 35
1 73 11222 116
96 73 25014 81
63 32 28122 163
93 44 8535 94
96 14 28395 195
55 89 2696 39
45 50 18109 238
99 75 25707 202
56 66 19115 143
52 47 104565 200
46 26 30554 284
63 47 43686 47
87 13 117598 366
75 17 21880 231
85 68 199775 160
11 38 27957 111
12 88 5746 30
36 29 33768 51
75 94 44347 849
58 97 117957 555
62 96 61978 45
70 47 96488 723
63 17 27815 225
100 36 33983 38
3 79 26438 227
12 23 70384 254
8 48 11518 350
69 68 21743 186
50 70 61797 162
37 41 12326 52
73 18 6390 193
75 48 17874 284
40 66 12846 103
28 1 3841 562
12 48 4318 37
3 80 5885 61
15 33 16482 12
88 22 22019 369
10 45 22329 124
20 5 153809 147
54 28 12075 120
8 35 13778 110
77 35 3679 14
33 4 27578 16
83 24 234816 14
13 14 17466 51
86 19 31228 302
17 75 31617 150
54 26 9195 224
3 43 13524 549
91 33 30315 527
3 28 9743 180
12 25 14048 176
84 50 13167 711
22 80 8694 1434
91 16 47042 479
68 21 93404 121
97 80 6659 375
82 56 23236 170
5 70 6395 139
19 33 29192 243
94 100 22569 105
40 84 27398 178
59 34 7099 427
33 78 18728 363
50 53 9337 101
20 61 14379 299
72 87 52452 389
13 37 8844 54
43 86 47341 95
42 16 26357 52
66 98 13664 72
67 50 38582 294
88 51 24951 524
40 41 100222 57
62 61 18620 646
97 70 15303 296
19 58 34365 110
41 17 31295 37
92 22 18893 89
86 92 57758 415
97 50 16230 114
19 46 14057 51
2 51 109796 323
40 20 11470 546
21 74 20252 123
15 88 3556 94
66 70 16748 359
31 81 125486 378
53 50 112804 64
25 33 17176 945
35 45 65764 648
1 32 14648 40
51 86 39065 122
21 52 38754 36
57 31 9538 318
55 79 6568 113
9 53 35797 27
81 38 46475 92
71 33 75849 118
21 20 10880 33
97 41 47785 252
78 80 4418 374
13 57 1495 50
46 18 13920 235
54 72 24637 153
24 7 20902 447
6 34 33852 109
51 13 29448 85
75 95 13741 86
93 74 106294 105
84 68 41821 20
36 10 21045 194
100 48 11077 889
100 14 28285 63
31 30 6708 179
14 47 55957 120
27 17 9950 283
46 25 11982 164
71 81 31631 164
14 96 12309 105
35 100 31238 67
67 52 69963 74
36 7 11234 213
34 20 31669 74
47 36 46980 189
9 13 47212 1331
63 48 15187 46
41 11 33059 166
64 19 8313 294
93 70 6577 27
46 40 5725 31
35 11 23915 34
25 83 47304 232
64 95 4622 54
24 87 23292 161
83 19 34184 315
4 85 25415 214
54 6 36566 277
40 34 17963 235
6 66 177377 347
98 70 7299 51
99 84 18359 71
1 28 14201 460
86 62 21208 35
90 89 45350 79
45 29 34910 287
8 83 55753 147
8 19 2719 94
73 94 105728 60
20 53 57062 16
7 89 23817 1281
87 94 27492 97
58 37 29737 147
27 35 7403 244
35 73 10193 276
51 30 230892 301
57 42 90260 400
93 66 12760 235
57 39 4536 121
9 22 19892 285
74 99 19066 30
43 56 8285 149
20 28 27776 2495
16 66 6707 195
55 76 114905 380
29 56 7385 77
89 65 47742 50
30 693
70 300

6086088
