100 299 1 1
32 73 34537 242
32 28 61116 60
32 13 30250 89
32 30 15352 295
32 51 24873 449
32 81 34238 44
32 62 109036 216
32 21 25772 75
32 1 20355 59
32 48 37132 390
32 11 7363 80
32 50 34966 109
32 47 29229 234
32 5 15880 151
32 87 22560 61
32 52 36643 285
32 58 35910 152
32 43 19294 224
32 82 3551 1393
32 65 4079 158
32 72 5672 91
32 18 6638 93
32 15 33246 25
32 24 120391 2015
32 22 17136 156
32 64 47208 67
32 27 85890 783
32 33 9959 137
32 19 70932 3053
32 84 66377 186
32 10 57561 125
32 95 15279 92
32 20 22701 119
32 79 6088 377
32 17 111326 32
32 25 15309 199
32 44 17254 51
32 71 62084 32
32 23 23749 91
32 68 3999 204
32 60 17778 471
32 100 45969 20
32 45 16670 170
32 35 15489 183
32 85 39260 97
32 96 20300 124
32 93 28605 162
32 56 30092 34
32 55 16995 346
32 98 121295 88
32 59 16523 204
32 7 38178 331
32 61 3947 131
32 3 46983 167
32 41 7525 32
32 2 7505 362
32 49 9530 44
32 70 23064 994
32 38 33782 32
32 76 53160 82
32 94 49788 269
32 63 19966 494
32 54 35854 61
32 92 51612 50
32 78 32804 256
32 57 69370 113
32 8 8434 55
32 97 7658 76
32 39 12019 33
32 12 14137 6
32 31 81480 164
32 69 10763 48
32 91 25596 35
32 40 11021 667
32 67 8276 118
32 14 43939 564
32 4 7344 63
32 16 11325 187
32 89 16664 59
32 29 24218 55
32 53 15821 314
32 99 28867 98
32 83 86957 182
32 90 4025 253
32 34 21862 412
32 80 24407 5
32 75 73839 97
32 37 4773 190
32 66 36389 187
32 74 20066 430
32 26 54686 82
32 77 19198 196
32 42 7674 159
32 36 7159 316
32 88 10829 68
32 46 38587 147
32 9 22038 276
32 6 51518 21
32 86 23174 277
86 54 33955 548
22 47 83300 193
39 63 23290 1769
28 79 13059 187
57 36 8381 338
51 24 34990 616
38 53 35777 61
38 88 50847 15
84 3 12804 19
79 38 32959 17
86 25 4187 205
12 98 35363 18
43 31 21454 91
16 64 26393 419
21 40 32447 131
71 81 99128 755
92 87 19500 324
63 28 8301 329
13 45 8493 68
2 4 3864 135
61 43 12278 1114
33 32 38303 113
57 78 2148 409
94 13 24123 83
75 99 1297 139
13 71 45737 160
60 77 55746 232
48 51 41412 172
42 44 24121 128
14 68 42846 113
16 7 27031 464
6 20 21990 157
4 80 14692 65
5 83 107676 350
24 26 8266 944
30 68 26015 53
37 42 50611 175
95 35 8547 369
17 75 83868 353
89 55 25377 148
70 67 110491 313
58 70 34962 145
97 39 39679 134
13 96 22612 17
56 42 6560 146
63 2 19202 149
62 34 23311 154
99 69 26151 51
20 40 16686 33
79 18 5057 256
73 72 33268 119
64 12 15363 480
71 11 13556 405
82 22 19807 106
19 81 27916 81
70 1 38427 235
97 9 9020 191
44 38 18963 1966
12 60 13637 235
61 74 26599 34
6 26 10734 243
83 48 26298 348
73 60 10693 289
83 63 38510 104
73 65 8843 2643
45 40 13494 40
95 84 43148 100
47 89 12125 2914
13 84 13880 37
37 46 15941 13
96 94 13712 23
57 35 45129 51
35 26 16938 152
48 91 22815 17
58 37 55587 95
1 63 42707 51
15 84 13583 329
66 90 37758 177
57 84 2184 84
64 60 16969 226
91 74 30368 171
75 10 5264 167
81 76 6728 207
51 41 27261 49
27 68 56830 180
44 24 7694 118
74 29 13056 148
85 40 50099 27
14 46 22110 69
51 94 8073 32
9 32 12881 37
53 55 109389 173
89 74 39588 93
98 11 5810 82
88 91 24073 108
89 20 25642 364
15 5 38645 234
76 13 42940 17
88 39 3580 34
20 59 31764 297
1 49 51829 102
61 67 17783 33
66 56 28542 173
82 34 73095 125
41 82 5292 123
76 99 31472 893
27 70 14433 294
33 21 25714 72
22 85 15541 125
84 51 70750 205
100 72 91525 304
39 43 2502 203
15 47 55190 66
61 25 8133 110
10 54 15643 63
91 33 33819 43
59 92 14244 107
21 85 7118 17
7 36 13846 148
95 24 17448 272
30 1 5621 36
12 40 13310 287
27 69 195862 119
49 71 7984 115
56 71 17313 165
79 37 13414 1323
44 28 22824 77
95 70 27999 72
26 29 24621 244
70 45 14398 339
4 46 31045 267
9 8 10858 127
16 95 16186 61
4 43 23629 487
56 22 15938 160
47 48 349561 262
23 90 44907 48
30 78 30282 28
29 18 17715 75
64 8 5552 174
44 27 18526 58
9 76 12852 134
99 48 17306 245
43 86 37306 134
18 72 12071 755
74 82 43132 39
81 36 32964 33
98 100 14816 213
2 73 3530 120
60 87 46720 133
4 40 53511 202
48 43 21397 89
46 7 6267 28
86 72 31179 45
74 2 13169 80
43 62 71824 26
44 86 58048 235
54 41 85215 27
52 30 10366 147
98 70 30944 135
44 90 20535 427
87 73 23989 513
58 82 53941 26
12 87 14395 687
4 6 15910 111
13 55 13635 140
11 69 50734 57
6 31 6703 153
15 65 43302 94
18 64 12120 397
65 72 12247 38
93 47 86869 345
86 29 30644 645
53 59 18314 141
83 79 10144 71
10 18 9167 99
10 87 422883 67
78 39 30697 27
49 47 11841 491
31 48 4930 59
39 16 23020 150
22 5 30606 154
11 77 25713 541
4 12 27349 452
78 10 12522 155
19 46 3635 155
5 9 16071 66
54 58 21610 361
95 3 10287 131
20 82 13080 102
51 97 15835 38
10 92 22615 111
62 79 28325 249
18 20 173246 651
92 94 66492 63
81 43 33351 27
92 91 9863 30
21 12 26281 98
65 7 127898 138
65 19 2940 337
32 2178
40 587

6469327
