100 299 1 1
20 83 14894 157
20 10 16085 59
20 56 13550 176
20 4 9245 634
20 69 55190 25
20 12 10176 402
20 15 7396 1247
20 59 23126 218
20 57 9458 516
20 55 50615 37
20 64 9061 41
20 75 6530 200
20 39 24114 820
20 94 40538 21
20 81 9924 86
20 70 25757 303
20 89 7667 234
20 37 15469 38
20 2 8246 803
20 18 66483 284
20 98 18406 233
20 19 9853 248
20 45 96193 407
20 34 89712 508
20 62 25230 201
20 16 47240 126
20 41 52008 53
20 80 12203 152
20 42 25364 308
20 86 43272 115
20 72 56687 109
20 85 249351 438
20 13 42816 277
20 40 16033 91
20 99 12535 178
20 17 2274 157
20 71 6462 111
20 48 52756 93
20 88 30069 60
20 43 69490 26
20 9 11593 82
20 54 19708 285
20 65 8735 253
20 46 49231 332
20 31 85771 565
20 60 35246 326
20 30 21631 223
20 32 93666 42
20 52 9991 176
20 95 78193 82
20 26 10459 19
20 68 6077 113
20 76 20589 51
20 14 17478 296
20 24 18791 162
20 53 46696 400
20 50 33204 257
20 3 96085 185
20 21 44403 72
20 93 10725 222
20 66 55297 296
20 51 96723 52
20 67 28131 123
20 73 138405 26
20 47 80635 91
20 8 120037 64
20 29 162897 1705
20 27 24559 86
20 44 49560 218
20 96 34178 128
20 23 41440 153
20 49 151457 127
20 36 24470 307
20 1 18837 472
20 5 40130 166
20 33 43271 86
20 61 23921 185
20 7 49307 224
20 100 19345 375
20 74 113823 464
20 78 7079 104
20 38 900 123
20 58 13359 163
20 28 3497 16
20 35 7090 481
20 90 17477 865
20 11 171583 25
20 92 83371 177
20 6 51188 119
20 82 23815 189
20 79 25608 32
20 25 24462 257
20 87 11652 27
20 22 22526 213
20 91 19426 192
20 84 35056 97
20 97 9764 632
20 63 60301 48
20 77 27759 111
64 15 53723 256
29 33 89060 341
14 70 24139 118
10 83 18557 51
16 45 7242 168
46 98 26018 379
9 23 7227 414
29 87 34281 45
91 77 70034 216
82 49 8818 111
50 64 26457 124
29 10 46029 74
14 95 55113 275
94 83 21165 414
65 88 32085 22
13 93 19859 242
95 5 108972 69
24 51 5094 707
46 54 23695 215
50 42 26601 410
23 74 7435 107
75 89 91220 302
92 61 19836 177
76 85 69378 269
4 91 71136 267
43 38 128572 886
100 70 9886 67
39 4 20654 126
1 17 10067 825
100 61 3184 56
4 68 62354 169
28 63 18208 370
54 14 24475 128
62 8 94157 89
4 41 38832 188
78 5 6871 133
100 64 143150 57
50 41 37488 127
53 72 10387 2970
96 99 48966 147
49 14 10291 1309
67 71 7700 30
90 55 19043 35
54 99 15998 45
7 62 6565 85
23 32 15839 205
85 45 27973 26
55 43 1121 76
34 27 1554 235
57 82 41119 182
5 89 4157 84
46 63 24584 753
72 2 235219 396
1 47 24536 3235
80 58 31334 70
23 71 27797 183
34 17 21966 98
3 59 74936 185
84 86 20793 90
93 89 34723 138
40 100 10573 1715
72 31 5661 1142
51 57 80363 364
27 29 30683 606
94 78 33824 720
26 86 24904 1718
2 57 4685 96
10 17 3136 25
14 30 125333 470
8 68 7605 81
52 30 32227 337
46 96 14281 298
59 12 10322 94
31 5 62523 69
37 39 35032 82
34 53 51746 486
55 9 15684 78
46 97 29101 1171
47 33 31890 613
30 38 2777 92
91 16 135601 33
39 70 40269 72
72 93 41845 22
91 54 5395 870
53 12 9308 37
37 54 58149 91
71 68 42382 583
52 70 43904 114
86 57 242167 383
37 100 22189 29
15 33 4155 430
63 18 24068 26
51 59 38628 71
91 1 6005 381
54 83 41731 42
62 67 17274 63
12 20 12450 172
47 26 52131 731
26 47 8479 20
79 59 13085 120
53 3 13923 85
45 88 39288 150
34 66 39206 37
9 67 19496 202
97 5 51640 89
26 19 7520 184
68 93 42104 133
3 93 10466 190
48 97 13780 65
88 32 8120 572
22 54 58322 115
29 64 22514 31
40 58 61152 153
68 46 57877 187
43 52 5932 49
88 9 18511 98
10 26 37232 167
27 93 56006 433
45 29 657132 145
46 25 53151 50
99 1 45572 277
5 8 15777 52
34 28 29207 42
59 33 102562 470
59 77 81414 183
33 12 36892 116
14 61 10052 509
45 54 3295 330
10 96 102179 44
40 49 12018 157
36 32 19253 251
16 28 75178 258
60 85 6462 242
100 72 38031 371
28 15 4904 205
26 48 7164 322
93 55 33281 40
28 47 7487 145
3 38 61637 28
22 30 98876 22
18 19 22796 75
54 67 5793 33
10 71 48052 177
55 87 28427 204
80 36 46401 40
9 53 1037 491
57 71 54179 39
21 25 2650 88
97 9 18888 232
59 37 10041 503
29 78 14858 93
61 56 25252 64
15 23 2841 92
3 81 15192 417
25 60 27356 24
46 39 4153 126
89 22 98459 158
76 66 35202 138
5 43 52716 255
56 5 29369 694
4 34 19571 318
71 28 8617 326
69 15 73557 450
87 57 10777 68
87 58 33428 619
23 9 10901 31
85 41 23006 119
15 63 2673 151
88 22 11829 19
56 83 54471 638
89 66 44561 169
31 87 46803 594
56 29 5013 64
99 17 14653 64
80 40 156432 858
71 14 13610 63
45 48 39751 61
63 13 66189 138
72 62 32175 357
97 79 122311 308
38 80 9882 40
80 95 52740 23
85 89 6132 129
78 6 19055 43
98 35 58699 401
39 77 2586 67
36 67 10313 183
42 27 25987 224
43 35 44728 1034
9 99 64141 106
75 48 12385 9
44 65 8944 180
63 71 26743 64
100 92 2715 618
41 74 48855 1306
71 58 6314 273
80 84 5112 297
94 96 4279 189
2 90 47110 474
38 44 34984 37
20 1683
93 1080

62480932
