100 299 1 1
87 71 221593 389
87 12 16312 62
87 41 29278 41
87 40 5496 1604
87 79 7016 533
87 10 37505 67
87 56 36247 511
87 59 1613 153
87 61 29230 59
87 68 55242 84
87 60 143724 369
87 25 50503 316
87 85 9562 175
87 7 15779 98
87 77 54286 67
87 94 21692 42
87 35 43842 37
87 80 47929 24
87 72 5731 27
87 29 13975 42
87 75 23988 616
87 95 115628 8
87 92 28665 33
87 65 8302 335
87 38 12532 291
87 69 50498 319
87 99 15881 84
87 96 31112 84
87 78 16494 262
87 3 6549 35
87 5 11414 946
87 100 13062 600
87 48 83624 341
87 74 24669 626
87 14 25803 722
87 54 20884 254
87 17 39178 398
87 91 76895 138
87 44 19181 474
87 33 10866 538
87 39 85184 473
87 2 7954 584
87 9 159312 422
87 98 31007 222
87 21 16916 47
87 64 52524 88
87 6 36544 5
87 20 26846 211
87 43 12608 172
87 82 36173 88
87 55 9930 1636
87 90 11676 101
87 31 10737 112
87 30 36594 169
87 73 8304 716
87 52 69953 744
87 70 25998 34
87 93 19191 5070
87 97 34414 20
87 66 62028 80
87 42 10000 234
87 4 12763 591
87 28 7529 353
87 53 9661 247
87 46 18057 87
87 32 9446 89
87 84 14263 162
87 83 14871 23
87 67 8683 297
87 36 58800 181
87 88 39239 39
87 23 11473 340
87 51 156161 47
87 62 2712 73
87 11 17930 181
87 63 44157 420
87 86 169296 109
87 26 21391 610
87 57 31041 203
87 89 17906 153
87 27 26541 78
87 16 12610 48
87 49 40541 37
87 34 5330 379
87 47 20554 115
87 22 116582 84
87 76 133069 68
87 24 3711 137
87 50 70373 163
87 58 9378 16
87 45 17716 96
87 15 31345 315
87 81 6933 134
87 8 13589 542
87 13 67596 245
87 18 2639 229
87 37 39557 316
87 19 21088 70
87 1 12959 286
66 41 12406 1543
71 9 39047 105
67 36 19992 91
57 58 25160 209
45 42 41034 290
54 4 12405 318
80 48 21590 42
66 33 10055 143
8 95 7821 555
41 68 50855 258
40 18 23257 32
2 7 58574 399
13 52 4334 142
76 45 66925 97
32 75 12022 37
91 68 10825 12
71 80 23029 925
66 59 13070 274
91 56 43632 223
11 34 28544 105
36 93 45373 147
72 54 17948 1005
29 30 248269 46
2 6 17508 149
50 21 22632 247
36 92 38641 455
80 90 20463 220
100 41 60941 62
84 39 11782 42
43 25 64316 74
70 57 22860 180
88 79 7085 36
75 86 9050 713
54 43 7551 454
97 63 16436 51
41 13 19595 104
17 95 85148 222
77 86 16824 749
88 35 78112 72
33 15 52972 138
37 6 72672 111
76 42 9476 67
47 77 41039 81
20 5 31641 134
78 79 199972 227
69 16 12015 87
70 4 104883 186
13 90 17801 69
59 19 6378 134
91 93 22213 930
10 65 5630 84
52 89 153770 891
86 79 71816 343
18 4 10227 119
1 68 10419 374
76 23 86872 150
36 16 12476 21
93 9 5693 64
9 60 12820 158
74 81 10934 154
33 81 103166 556
9 10 28943 8
24 88 45421 196
3 93 41111 73
2 11 39608 152
35 46 8001 260
12 2 3464 53
96 11 5924 89
86 81 137214 433
33 28 8293 25
22 29 43211 40
52 88 7371 787
24 17 121644 30
98 42 9508 197
16 81 12584 9
10 23 4446 101
98 19 192305 248
54 35 31053 50
12 7 56045 68
90 86 22175 411
47 15 37942 423
20 94 28160 335
27 41 21255 134
37 24 9204 312
3 54 15496 70
47 18 5147 115
92 27 9852 75
54 32 6567 19
99 60 36877 32
20 78 59846 117
46 73 8916 295
97 65 63706 39
70 49 38914 230
93 33 42481 53
86 80 29068 88
42 49 3596 162
38 30 33061 2035
34 4 34611 469
3 4 6312 53
7 24 13819 66
8 57 24531 116
58 51 18484 246
26 65 17361 126
79 83 16539 24
21 26 58115 1116
26 90 4916 41
58 43 20420 78
20 89 25709 127
22 68 14184 114
73 86 12363 47
58 13 19580 207
12 39 19338 269
93 90 6356 362
37 93 214075 269
60 73 6899 356
98 7 64715 39
85 48 20566 99
78 73 7590 312
44 22 6889 1516
17 69 15203 159
70 88 54983 28
1 31 9015 53
63 94 39671 422
10 53 14813 136
47 45 112200 113
70 72 17510 272
94 70 22801 86
100 9 17743 40
26 47 7662 146
88 41 50481 77
7 67 6676 208
36 85 14957 64
51 92 54128 32
45 65 7105 64
15 34 23318 794
79 37 31146 124
47 83 27637 52
19 6 72012 34
27 15 8393 112
75 28 59046 766
30 81 51049 331
9 56 8754 67
66 56 15961 73
75 57 27208 133
76 40 25298 169
49 68 9285 32
28 68 17308 50
49 88 1420 39
75 77 97073 93
86 33 141309 337
39 97 20069 273
62 79 39914 232
49 92 3927 108
81 5 51198 164
77 100 39802 95
3 74 229012 62
94 40 11780 306
77 96 25173 125
69 64 26715 154
5 96 56963 113
64 5 4065 146
36 87 23015 50
39 70 5548 48
17 87 11632 186
94 47 6588 57
93 66 40869 208
92 96 4655 116
54 40 19932 690
6 51 6853 84
26 1 9684 86
1 99 7262 229
57 92 76549 977
10 91 45589 56
98 27 61424 550
48 84 19028 63
25 20 32104 335
13 27 4815 46
83 16 14370 1481
97 79 71072 100
96 41 14638 220
12 82 18747 55
17 71 9392 64
67 22 117333 176
94 3 20937 54
8 46 15621 337
26 59 30526 155
64 96 12064 102
51 9 27517 212
85 53 50855 10
75 42 21282 368
79 82 58679 42
31 48 17796 109
63 55 10102 1579
70 21 40918 107
88 96 22177 57
84 61 11612 58
48 42 20448 475
44 40 66448 166
66 21 55806 508
11 28 27340 126
87 594
68 115

2672566
