100 299 1 1
59 17 11708 138
59 55 3556 79
59 95 32502 15
59 97 24290 145
59 72 21543 52
59 47 22402 108
59 16 16526 134
59 41 68251 144
59 98 7453 554
59 80 32320 67
59 19 14232 22
59 77 18721 81
59 71 54770 136
59 25 21459 39
59 62 14438 62
59 67 33139 296
59 10 9255 26
59 99 67396 125
59 54 20141 49
59 11 44670 24
59 78 6840 103
59 6 12815 133
59 46 137971 592
59 89 10853 137
59 37 16141 288
59 68 2644 38
59 43 34906 143
59 51 4678 62
59 28 45004 68
59 93 1479 136
59 79 42317 299
59 96 10886 81
59 86 17535 69
59 1 61222 306
59 60 26669 89
59 100 13045 592
59 90 46454 49
59 29 4788 750
59 18 8436 43
59 75 8609 137
59 57 64235 169
59 22 47026 582
59 58 5836 73
59 40 52888 73
59 69 81388 2074
59 44 24902 66
59 3 46499 98
59 2 8150 379
59 42 294044 94
59 36 38694 106
59 84 14647 82
59 53 11186 347
59 8 26577 98
59 21 51903 186
59 39 19059 173
59 82 12931 575
59 4 41421 125
59 9 73440 34
59 64 57796 318
59 7 7090 80
59 30 22175 569
59 14 16630 39
59 27 31049 31
59 35 54842 67
59 12 211924 430
59 20 23902 190
59 70 22260 434
59 33 87098 266
59 92 18252 55
59 23 14448 369
59 85 9787 463
59 81 3962 152
59 94 20818 421
59 15 9511 58
59 48 17819 42
59 63 41192 368
59 32 3076 485
59 66 13857 47
59 56 95260 182
59 52 14572 150
59 38 40946 499
59 65 47414 143
59 74 7430 119
59 61 20926 157
59 88 238569 155
59 13 33020 66
59 76 52704 52
59 83 5687 27
59 31 7221 92
59 24 25795 175
59 5 14278 185
59 91 17320 1435
59 26 17809 144
59 49 79188 53
59 73 17166 381
59 50 24122 62
59 87 87801 327
59 34 8122 16
59 45 25911 49
50 31 30800 334
23 59 21921 259
19 22 6558 35
85 70 7248 414
65 57 27692 188
34 72 20694 812
66 90 90520 81
23 19 3937 155
44 36 11039 238
52 38 17464 92
91 66 91664 99
10 31 108308 91
52 28 77264 84
2 50 3839 187
37 47 7494 218
7 43 13781 61
81 39 85128 1300
97 68 65305 74
82 91 19938 54
96 8 34437 16
39 56 39460 214
18 64 28920 122
96 35 25528 78
96 98 96825 173
25 48 5859 123
87 23 79775 265
40 44 20140 169
21 56 8389 243
47 96 19899 372
71 93 122552 273
84 27 32564 42
31 45 15473 47
60 44 37334 26
30 19 38337 114
33 66 7028 64
38 26 94119 327
27 15 45955 934
33 15 42750 39
44 43 86237 207
64 33 4579 120
29 92 44037 35
73 59 12459 213
90 23 21797 60
21 7 21180 586
40 39 35523 165
8 50 13098 102
36 67 49242 68
52 42 30433 168
20 5 182081 352
20 62 31759 61
98 83 25465 237
60 25 31774 186
35 40 17079 119
63 77 23910 567
87 4 102356 198
45 40 14731 159
93 78 16878 52
20 11 18811 63
40 56 4940 39
20 36 33515 102
64 13 42075 499
19 77 183303 100
25 56 21963 39
66 72 20147 22
64 96 10253 384
63 79 28138 129
45 99 18846 294
70 91 18342 221
24 69 4129 377
4 81 5631 66
24 65 9951 450
36 39 173504 269
25 51 12431 152
44 51 17893 164
18 83 25995 85
67 15 11759 32
56 85 18026 41
65 26 5467 20
58 73 15668 181
5 33 8180 117
29 10 38589 59
39 88 17133 525
4 9 63991 199
91 68 46931 148
75 98 4224 565
22 85 8946 287
8 80 46435 164
55 79 7373 64
65 13 10657 112
46 80 44276 588
96 29 37104 74
26 87 4156 102
84 25 65272 93
44 47 123502 409
16 83 19485 97
27 40 73968 749
44 68 35793 85
84 88 12345 93
88 40 92425 31
42 96 3350 136
49 6 16009 464
84 4 64150 29
81 7 17015 23
69 93 8928 74
15 39 6686 151
14 73 14460 547
81 11 16381 196
62 59 71083 452
52 53 3406 121
55 100 19661 134
52 62 146859 33
34 59 19644 235
22 66 10642 195
5 9 10333 91
26 70 120031 54
33 51 39086 383
46 73 49811 68
10 40 9547 121
67 65 5318 95
65 49 19237 120
78 2 12039 84
92 34 1918 411
90 13 16574 144
76 95 24683 209
64 95 32420 133
73 28 24562 397
39 79 7493 315
88 29 45310 56
23 47 67011 89
58 20 19636 870
82 50 19571 98
51 11 42485 186
51 15 29956 214
50 37 27138 277
63 24 17519 38
11 13 51094 183
62 95 7008 99
14 36 44257 366
12 20 13936 737
31 98 73224 105
47 89 13953 295
98 95 15936 434
62 58 26950 122
5 20 30268 83
87 53 4778 89
46 86 95625 339
67 70 47460 47
52 29 37513 52
26 53 56835 47
34 37 107793 120
20 10 5925 174
79 17 25819 24
77 62 9239 80
40 4 12836 215
76 16 19476 83
82 51 26762 62
26 98 15132 70
30 87 27461 736
26 95 23224 72
80 78 17216 482
60 94 33265 118
34 92 14652 197
89 48 9372 92
33 53 6832 62
76 37 22483 280
72 63 1265 73
23 75 31379 357
7 15 201670 55
34 55 5162 372
49 57 2414 61
83 66 62485 73
23 65 30459 284
47 55 138189 118
77 27 131116 80
99 37 20763 300
95 1 32712 142
93 40 27522 189
36 4 26665 243
43 26 21511 222
31 47 15103 1103
22 62 45267 282
91 82 6585 736
31 100 17689 156
18 19 19329 472
85 6 44261 63
11 98 34632 230
61 23 80931 164
47 81 3179 376
90 86 19859 39
81 34 2000 423
27 16 17043 290
24 83 15096 220
95 14 360864 1146
26 47 9767 34
55 78 72088 54
23 56 40609 317
98 43 7619 31
68 97 20732 210
49 21 2443 108
67 10 6478 89
59 3465
40 2341

Impossible
