100 299 1 1
64 99 3448 130
64 77 23963 194
64 26 13705 20
64 24 8299 51
64 65 39936 103
64 76 45964 668
64 21 56521 300
64 31 13708 270
64 16 13364 167
64 60 60482 106
64 56 5041 32
64 63 6756 318
64 79 108715 448
64 44 7255 78
64 18 38806 230
64 1 21742 152
64 84 11830 60
64 51 28199 273
64 4 3983 12
64 32 4788 129
64 22 8867 131
64 43 145404 215
64 97 16165 113
64 53 131745 178
64 28 13043 40
64 37 116357 386
64 92 47749 108
64 50 36188 2579
64 47 14274 113
64 3 9686 68
64 39 35374 83
64 19 19257 91
64 71 11640 330
64 66 160252 208
64 35 125209 108
64 6 11201 73
64 23 84281 435
64 83 14774 158
64 67 45001 200
64 40 32434 79
64 62 82380 149
64 57 10923 71
64 80 5035 141
64 27 51363 236
64 68 7463 71
64 89 18667 741
64 29 16472 33
64 95 21855 87
64 93 8285 1206
64 61 68180 175
64 12 91756 165
64 15 30892 925
64 25 18573 43
64 94 9233 126
64 2 8812 229
64 38 109721 425
64 41 8792 40
64 10 15439 384
64 9 15744 162
64 87 5021 60
64 17 72679 48
64 70 25019 95
64 74 17116 136
64 14 36966 30
64 33 26224 238
64 7 42026 306
64 49 23463 90
64 13 217305 212
64 78 15962 193
64 48 32971 268
64 86 29090 53
64 34 13074 99
64 36 38115 357
64 8 19231 35
64 45 24106 202
64 72 12591 119
64 5 160635 658
64 96 43312 508
64 88 4367 47
64 30 34569 540
64 69 2721 22
64 20 32596 110
64 98 5193 139
64 82 8799 559
64 54 24218 101
64 52 26230 17
64 55 69520 818
64 59 26232 775
64 81 20059 154
64 85 14384 146
64 11 3003 282
64 73 72200 113
64 91 18805 165
64 42 3750 498
64 58 31783 26
64 75 12737 237
64 100 45062 102
64 90 61166 83
64 46 6629 121
75 65 19163 322
69 20 17242 90
61 46 19057 308
58 73 78239 210
61 89 13483 74
13 35 54802 79
86 57 9645 51
65 86 9949 264
65 44 27430 66
100 22 14847 232
93 97 39055 280
75 31 27343 148
37 7 7438 689
99 64 10368 298
52 90 5622 215
22 12 30929 224
44 34 24166 79
43 57 53790 72
21 68 5252 111
75 3 13991 107
74 18 14466 186
87 71 243128 90
66 92 17393 542
26 29 2607 23
26 24 10601 229
91 16 412004 266
88 70 218362 153
68 14 90649 258
69 74 39841 73
13 84 5539 83
89 39 140390 113
100 69 21682 155
51 75 3295 144
99 70 75757 27
13 63 39640 428
19 10 42701 487
22 44 2762 220
75 32 16534 123
91 90 15463 64
35 78 56182 144
12 20 20379 148
9 29 4864 243
38 20 28160 383
83 80 23041 1340
89 90 24290 432
38 70 50957 1205
63 58 139070 100
79 16 12552 44
85 66 131078 1413
13 52 3438 37
41 15 95548 247
37 55 33597 445
20 64 7406 383
76 88 18706 8
44 94 15611 57
75 72 48383 773
76 97 11132 136
46 41 36897 1372
40 95 24437 45
7 28 71989 278
61 48 32576 254
52 20 11798 76
38 87 19746 538
5 30 14511 93
26 81 16870 249
48 63 76614 99
43 79 36033 145
21 90 5346 101
52 55 41813 32
87 12 22324 132
42 38 20606 293
47 4 37755 308
95 7 7844 98
15 3 21216 526
46 33 12162 113
95 90 148499 346
41 69 5559 76
7 60 15001 226
33 45 32965 11
6 67 24809 49
23 28 20840 56
84 30 157685 141
3 77 8777 254
13 79 13277 423
79 27 26941 295
84 80 9842 803
15 29 96268 168
9 57 18263 94
5 90 85671 23
66 97 17023 25
17 3 19123 109
86 59 3437 88
52 78 42308 78
70 54 51602 55
48 5 99780 481
80 28 153530 567
15 39 5969 463
71 31 12568 110
21 40 19825 576
91 28 303686 200
62 2 12067 74
30 68 239251 65
35 88 36782 124
91 94 3571 26
32 72 20828 19
81 47 19161 1153
75 46 94174 79
17 93 32638 252
14 78 19202 113
10 31 63908 38
98 12 13935 531
9 55 65741 482
24 62 37460 188
10 13 23180 215
83 49 21500 55
55 66 9529 53
94 29 11078 86
60 29 48120 313
67 98 11973 1353
27 95 23301 77
86 63 10489 37
87 85 41185 1353
37 56 38876 455
5 33 23247 272
22 84 3744 51
95 37 81604 276
46 3 10837 130
63 64 45756 161
66 19 39093 64
11 31 16470 141
2 50 17179 257
36 92 11006 121
58 84 27390 65
63 99 28124 95
12 2 22445 36
68 46 42739 730
54 88 44659 202
52 33 44247 43
89 82 28931 721
39 57 26757 155
82 70 13647 373
41 91 14939 18
55 92 79097 143
34 98 27642 272
42 98 17972 297
30 27 18867 411
27 28 40667 271
60 5 34986 100
7 90 11086 56
4 92 32406 713
12 40 32820 22
33 74 7566 199
40 83 13523 27
18 41 35426 72
97 92 1497 388
6 21 12101 66
3 80 24742 27
62 7 52358 41
91 65 6257 247
90 1 12697 162
63 78 6997 435
16 30 20594 82
77 87 15186 338
43 54 15159 217
62 97 34023 231
72 76 9066 30
3 67 182532 33
86 11 17698 460
46 90 27185 78
8 10 28189 416
18 84 79152 99
74 68 29925 115
88 82 4906 781
20 52 40252 147
79 84 18636 178
70 64 3234 134
70 42 8023 3669
13 87 74829 400
86 44 74377 46
14 10 10794 51
60 4 19981 275
36 43 37847 88
44 51 32042 180
87 7 15816 517
80 29 8735 130
11 33 11902 58
84 15 36114 1063
72 51 44312 40
58 8 14580 235
62 32 48848 171
21 1 24058 68
39 49 32598 42
9 44 3740 528
100 11 33201 97
91 81 13182 157
61 9 8712 73
47 26 50167 679
45 19 33181 43
93 89 25563 71
21 89 79109 275
64 693
90 301

9909724
