100 299 1 1
96 10 17707 225
96 83 14185 350
96 34 8904 189
96 20 38254 488
96 55 22124 920
96 92 8430 52
96 28 36666 77
96 17 17672 135
96 37 43159 103
96 3 115414 182
96 84 4293 135
96 51 19922 13
96 72 33389 88
96 49 5351 329
96 27 65780 241
96 47 4661 56
96 100 42162 33
96 18 16993 88
96 6 10572 94
96 80 26016 259
96 71 19874 178
96 5 19454 199
96 30 20149 237
96 68 9070 51
96 16 2575 262
96 24 4833 788
96 81 32596 293
96 45 25621 224
96 11 24409 127
96 52 35051 175
96 73 18148 50
96 38 39031 29
96 15 14461 84
96 58 48899 23
96 13 10799 82
96 64 51264 218
96 12 25190 80
96 40 11975 176
96 75 41499 74
96 26 6939 98
96 63 21192 104
96 44 9771 125
96 48 2989 312
96 4 15953 69
96 66 26569 54
96 60 12867 86
96 53 16851 48
96 43 16307 351
96 39 248972 232
96 87 6455 158
96 19 25269 60
96 79 27123 204
96 50 10930 102
96 8 44806 246
96 32 19609 123
96 2 113789 466
96 33 117686 467
96 61 44696 106
96 90 40577 154
96 9 16716 82
96 85 17311 844
96 65 5772 546
96 35 48869 132
96 99 25906 95
96 86 37121 147
96 89 156783 281
96 14 64850 113
96 36 12501 361
96 57 13969 137
96 76 5310 283
96 97 190286 35
96 46 1910 22
96 67 2941 42
96 88 15106 297
96 42 130682 97
96 70 5045 212
96 54 30786 45
96 74 40264 244
96 23 105596 227
96 25 4599 69
96 69 39884 72
96 82 62706 188
96 59 11457 55
96 7 106875 207
96 29 25537 108
96 56 7218 235
96 98 24316 31
96 78 21162 351
96 93 38155 369
96 95 22354 163
96 77 3477 90
96 41 70510 95
96 31 54462 70
96 22 31731 1247
96 94 23273 163
96 62 79390 364
96 21 22786 1186
96 91 137434 100
96 1 51350 334
63 75 38144 142
97 90 54992 49
18 61 5234 238
66 56 40397 76
48 36 45474 13
24 25 30207 214
51 78 43579 131
18 79 19848 60
19 37 11257 44
55 28 97040 99
55 82 112992 154
39 19 157200 79
52 32 9843 341
59 50 40611 31
7 33 6290 416
33 36 27898 133
19 53 30346 336
60 75 8606 820
33 61 39927 246
61 51 15365 160
45 46 31677 43
62 72 16758 187
26 99 4915 493
65 34 3426 38
3 25 19680 193
27 77 69019 390
55 80 28571 154
89 11 3016 14
69 19 35680 128
48 84 17740 523
68 25 99759 123
30 2 26460 83
89 82 57329 263
91 89 4159 917
86 52 30042 493
85 57 13426 292
75 99 54068 490
4 80 33361 54
47 32 11014 208
45 36 52120 122
32 61 253664 104
80 20 99487 148
64 60 29127 17
71 55 14929 48
34 24 54725 57
63 57 43154 60
30 96 3296 661
50 69 18906 216
93 28 36037 169
44 1 7220 13
25 67 21628 1667
97 40 3232 114
95 85 9546 100
12 93 26673 67
41 63 9116 38
81 41 15805 160
39 8 68817 153
84 75 9790 36
88 19 14446 322
21 66 25998 758
11 1 62608 511
36 54 119887 163
90 84 11117 54
32 53 13826 33
13 95 140521 247
38 64 36984 151
7 92 17715 31
69 7 5484 43
86 43 10466 373
9 53 10638 88
9 41 83787 143
49 48 33643 384
26 43 20670 80
99 30 64032 365
84 39 73252 75
26 5 7367 264
37 60 14671 53
25 69 36350 181
81 9 8492 99
33 96 21857 475
39 9 40401 24
56 53 9877 6
18 35 44123 133
86 90 8847 60
91 54 53436 88
88 48 16276 294
65 47 11323 332
22 79 6910 60
77 31 20977 42
47 37 61056 402
73 15 63159 510
100 47 27744 615
83 5 25461 893
77 23 37341 62
38 6 27442 57
29 94 2939 2830
13 100 15108 96
3 9 92982 297
76 93 38826 73
54 88 52792 331
28 100 66333 47
80 78 17219 198
74 36 51958 78
86 49 48260 111
19 72 16349 55
58 73 46475 249
7 11 13337 334
10 95 26768 80
25 74 60225 232
99 63 150823 15
90 20 41353 78
79 10 147435 411
72 91 13870 1367
46 4 12059 80
47 10 6941 229
75 64 9421 168
72 79 105371 79
59 43 128989 256
58 59 3036 120
47 73 4362 79
48 19 87660 168
45 57 64556 99
85 72 181579 197
49 29 10082 29
51 60 9817 68
83 6 39028 449
46 64 91345 41
36 53 24297 71
66 62 25524 404
20 24 31697 138
18 22 10822 471
21 2 13299 459
29 35 43565 113
70 32 8387 35
24 34 10146 500
59 91 5961 79
29 4 10118 21
8 59 8766 41
64 61 32683 62
66 11 7774 112
61 25 31162 191
22 92 1936 497
58 56 37297 48
59 54 101754 79
2 92 12565 138
2 80 33937 19
4 21 36655 171
27 70 45681 85
4 40 13005 65
4 55 8499 247
82 7 18441 60
21 55 35526 1777
56 27 208409 482
55 84 17373 44
48 57 15830 225
69 24 49585 376
68 74 28410 73
69 29 28969 220
22 95 5358 153
79 25 38913 21
88 82 27523 128
27 80 81508 52
72 55 4184 275
83 36 54421 93
17 32 19669 158
45 49 18208 225
52 60 312881 93
22 43 15423 158
63 8 21129 41
78 56 82800 471
33 67 13434 592
95 61 37888 340
63 92 47048 24
16 6 26311 105
10 56 12096 190
100 16 22361 55
34 44 6353 29
93 17 5949 205
99 45 15808 64
83 84 25012 269
80 13 30527 310
91 48 9322 111
73 67 18768 86
50 12 22864 136
20 7 66269 106
60 64 38081 180
58 67 7692 141
71 96 59796 49
86 96 2004 37
86 50 130840 226
68 23 139730 71
85 46 25826 42
9 28 11129 365
100 95 71906 429
18 100 22168 57
82 28 29157 2177
54 44 118651 43
71 17 6958 57
57 95 158670 74
8 23 15108 665
96 297
95 32

715328
