100 299 1 1
46 59 12772 70
46 30 54686 73
46 75 80908 3158
46 34 13412 343
46 95 35835 34
46 33 13980 38
46 49 20424 389
46 72 12004 61
46 12 5776 103
46 26 15055 22
46 16 26966 19
46 29 85198 54
46 94 130002 290
46 27 18414 692
46 35 75867 169
46 88 7214 325
46 36 17400 195
46 99 131409 146
46 69 6515 292
46 58 32983 96
46 37 48785 219
46 52 36987 835
46 89 8577 65
46 90 11950 281
46 18 20854 149
46 97 5749 68
46 84 23663 203
46 62 34178 204
46 1 4449 48
46 71 28506 89
46 100 19514 313
46 25 48197 533
46 77 78187 147
46 83 20554 200
46 31 28843 137
46 81 6173 373
46 2 34637 189
46 22 141967 223
46 7 144456 71
46 65 26004 119
46 53 21415 304
46 14 2876 338
46 57 3158 7
46 42 169144 58
46 64 46992 108
46 92 36920 133
46 73 24049 59
46 55 12512 176
46 76 15271 327
46 48 156070 189
46 91 37892 26
46 86 5021 120
46 23 18534 49
46 41 101956 42
46 61 35645 654
46 45 10113 289
46 70 3597 77
46 54 20939 361
46 67 58835 823
46 56 15905 570
46 9 14659 115
46 63 6144 101
46 5 40848 366
46 82 29106 373
46 51 14175 414
46 21 16184 69
46 80 3580 170
46 85 2694 628
46 60 27250 141
46 40 12655 67
46 87 115360 372
46 10 6341 29
46 20 10510 70
46 93 10450 127
46 66 3837 60
46 79 70776 177
46 6 15993 308
46 13 5531 37
46 68 22590 369
46 28 10194 56
46 38 44532 88
46 50 28059 141
46 44 62304 691
46 3 24707 125
46 98 79469 161
46 11 15983 662
46 43 68719 31
46 17 32704 55
46 8 8834 80
46 96 16287 62
46 74 79230 253
46 19 2883 145
46 78 24951 1256
46 47 30531 21
46 15 6594 545
46 24 12518 440
46 39 19214 138
46 32 5487 29
46 4 66956 128
20 44 6191 987
7 5 72999 92
44 38 13447 389
85 81 36019 76
63 61 3433 185
91 40 39399 243
36 99 32485 183
76 41 42724 22
83 68 43683 238
87 80 9988 627
8 84 30889 23
24 78 32572 31
85 24 9989 977
98 30 30701 84
45 79 17160 55
49 46 29362 233
48 72 59482 27
49 39 40740 118
9 40 38428 178
72 9 17148 349
24 46 13231 328
12 11 29223 278
73 65 6965 173
100 44 44964 149
39 7 3074 259
72 87 98560 48
18 63 37179 92
97 40 16126 175
92 15 117411 190
53 43 73538 195
71 3 26077 26
92 5 28043 123
89 46 24795 155
6 74 90464 40
89 11 13508 170
3 56 73490 101
69 28 12262 179
40 16 6418 415
26 34 32539 216
25 85 3601 75
80 29 1688 141
20 45 19932 162
86 46 28712 93
93 79 153433 13
97 27 33714 30
94 65 56124 242
84 20 9894 156
58 53 50502 123
14 79 135053 62
47 75 36906 109
55 98 24826 91
75 49 176595 147
4 20 2293 24
31 7 20151 272
22 83 72853 78
10 11 16015 638
31 67 7821 68
57 59 27314 182
68 99 183083 136
34 17 47639 165
28 65 20992 315
28 42 42400 199
85 83 14111 150
71 9 3039 40
100 96 10178 24
94 35 38581 38
18 9 14157 118
88 98 92173 182
55 31 8058 122
31 17 15150 261
86 32 169447 316
100 89 70266 75
98 20 54823 46
63 59 100758 231
14 89 7381 93
17 93 69523 42
37 88 10996 175
79 12 49869 241
96 62 133420 179
61 62 41023 634
91 86 65386 296
72 71 8797 251
72 81 65610 87
28 77 13927 61
82 48 9596 335
3 4 89090 129
62 80 9871 63
2 34 42479 96
63 42 40191 65
45 52 19782 709
61 79 14832 112
98 91 23300 155
56 6 4700 86
17 94 4227 56
29 7 23679 8
92 74 18854 191
71 20 7684 153
67 18 61547 207
1 94 32844 148
37 63 22662 239
63 75 21228 688
86 67 51745 253
39 28 12281 356
44 46 13732 143
23 94 267478 521
7 21 35028 211
2 29 13620 41
89 28 192092 77
22 49 4546 11
84 100 26716 177
66 4 10546 780
4 93 36427 78
93 71 10824 17
89 21 8523 146
66 58 5476 113
77 74 22572 312
77 14 16387 89
25 15 15346 61
100 74 3467 63
97 10 25099 707
88 45 34144 134
67 37 82484 212
14 96 33914 740
93 86 17002 562
25 22 25090 67
49 16 32118 171
40 88 34351 126
39 38 12880 68
61 17 9908 412
22 35 35845 18
22 61 38289 95
5 100 36832 69
72 33 17216 224
98 43 23762 86
61 25 50589 181
14 32 56529 22
80 62 11894 307
20 85 59966 126
82 60 9512 35
23 92 10747 85
29 54 4914 57
43 67 99703 76
94 33 81335 90
56 66 22783 63
73 8 10671 104
57 77 74761 190
49 74 47649 411
18 97 7547 270
5 45 25618 115
65 54 26200 230
91 68 1592 349
55 85 61976 91
64 70 26112 60
97 24 4205 126
29 67 6321 73
25 24 25346 13
71 25 67743 108
98 71 7105 1568
29 50 94132 48
34 46 5176 56
90 11 14382 108
82 72 17464 119
93 43 31075 255
47 36 59827 396
65 17 28796 23
20 2 12316 97
25 72 13314 145
54 37 17797 323
27 14 11373 29
12 32 6330 446
8 94 47681 370
18 16 7198 156
44 30 11512 197
93 55 2666 136
62 72 30539 88
59 78 11107 162
27 48 50505 34
4 77 23007 220
35 49 29853 955
12 2 42388 21
99 47 23770 1722
56 42 61565 65
38 97 37934 233
11 79 12295 205
42 48 26309 448
77 73 73374 196
8 1 73123 112
7 72 84700 201
79 82 77606 267
87 31 7740 415
53 66 49719 50
25 54 6488 27
31 14 93654 55
28 82 16002 186
61 15 209037 141
38 12 12580 110
30 62 8547 356
100 27 13292 239
23 79 246068 198
75 48 14906 40
46 297
79 216

5662004
