100 299 1 1
93 73 41220 36
93 38 17187 139
93 100 29040 474
93 80 9160 124
93 26 128797 184
93 9 34767 574
93 78 27479 1082
93 33 14823 363
93 39 76413 506
93 89 20466 535
93 44 4364 295
93 63 12851 106
93 24 56495 45
93 29 10605 342
93 68 84297 639
93 21 6273 252
93 34 64045 90
93 51 6446 706
93 67 62119 510
93 18 23869 20
93 60 15791 200
93 17 19225 43
93 62 3833 259
93 52 5872 173
93 81 12178 155
93 32 31972 19
93 94 36815 238
93 54 6090 186
93 48 46449 304
93 76 20271 137
93 35 19006 105
93 82 6252 238
93 87 18007 660
93 28 51845 61
93 45 130862 188
93 64 26764 22
93 7 181520 258
93 86 10294 24
93 16 26666 234
93 12 13048 27
93 40 31010 80
93 53 37926 69
93 13 12311 122
93 42 13634 151
93 37 3703 2705
93 74 71713 47
93 4 19033 178
93 46 8566 47
93 95 3204 285
93 3 22850 157
93 97 8280 254
93 41 24073 372
93 75 21172 11
93 2 94960 281
93 65 9899 116
93 57 217553 143
93 85 79587 85
93 83 40670 181
93 11 14488 777
93 14 9226 41
93 36 17449 75
93 19 23213 134
93 55 14823 38
93 43 12292 266
93 69 85754 126
93 79 22347 183
93 59 7710 119
93 92 96540 961
93 5 81985 506
93 47 7514 124
93 22 38391 198
93 23 41450 86
93 77 27887 111
93 88 37198 76
93 6 107504 336
93 61 45179 83
93 71 11792 551
93 84 57167 383
93 96 3580 33
93 31 5335 275
93 10 14988 51
93 99 28870 194
93 98 47586 196
93 8 9238 227
93 27 70729 295
93 58 34523 23
93 91 17729 84
93 66 2242 1039
93 49 24554 150
93 15 12964 48
93 25 35792 274
93 50 11047 116
93 72 45219 151
93 90 12469 83
93 30 19481 64
93 20 14809 70
93 70 21352 259
93 56 27117 54
93 1 8749 164
75 9 53937 380
22 84 22426 99
83 89 37865 86
58 21 37848 168
46 28 58497 234
98 25 14822 66
17 92 62473 299
28 78 2704 729
1 24 11903 452
54 17 26593 453
53 38 23838 448
60 92 25062 355
53 10 136910 180
64 77 20926 174
37 7 78812 405
40 51 21395 74
2 89 40214 20
5 100 7810 153
45 83 18452 113
94 41 67584 29
79 95 93382 87
4 54 4149 81
32 91 4777 54
21 77 118279 28
6 94 234937 122
26 16 31196 17
51 22 4612 88
62 20 6225 125
61 69 38447 263
84 40 83251 429
46 58 8739 62
76 24 114766 841
19 16 41220 34
68 78 51860 130
88 4 33557 233
10 70 24555 909
34 31 14950 249
76 90 59490 628
29 82 33594 98
84 99 12817 53
10 56 22625 246
58 18 4948 217
8 42 12715 240
33 7 12845 553
12 1 12260 126
67 28 24702 302
71 42 21459 50
12 21 11568 61
49 54 133749 174
6 18 8367 21
47 62 44165 170
33 64 7585 441
42 61 20393 278
56 29 16740 536
19 13 121163 311
31 83 114834 83
21 73 16676 151
49 24 7933 72
7 37 4636 40
14 11 37691 20
27 80 23091 138
15 45 33641 44
41 91 31072 378
14 45 6873 93
75 26 50723 233
78 34 8636 710
28 65 7553 309
57 67 26652 200
59 55 9826 44
38 55 3248 194
26 22 21053 154
68 50 18303 118
45 74 6655 338
58 90 17733 48
37 79 76282 162
84 35 7078 80
39 81 35392 137
96 7 5193 29
69 43 92217 191
35 6 12040 41
24 33 91012 165
84 27 26480 167
16 88 9281 139
49 48 26054 264
68 26 16370 47
91 80 32008 564
18 35 1018 556
72 7 41501 1027
87 45 66256 54
84 70 24253 254
66 52 6079 147
34 65 14853 144
48 56 11996 475
26 69 38289 237
19 67 32850 98
32 19 28986 253
35 23 7696 159
70 98 8384 21
74 32 11112 174
72 34 39188 267
6 15 6509 204
64 19 8501 322
39 65 36060 35
41 22 15535 45
8 82 36769 469
21 25 12105 43
91 7 25556 53
97 72 7992 108
62 96 3223 384
69 77 8708 124
49 3 11081 135
5 11 51317 323
73 48 16761 123
80 49 43409 119
87 18 79561 222
33 67 41796 717
6 55 31452 122
71 6 19169 49
21 10 50847 155
52 36 49747 122
12 60 28339 1647
81 85 44915 11
6 82 6487 25
69 12 16610 146
8 26 21081 109
2 23 48176 154
13 55 28819 163
91 96 35578 21
65 34 6591 258
89 18 6457 194
61 92 45739 855
29 13 5680 83
1 73 37968 65
76 44 29931 97
48 62 2534 88
10 94 2858 169
62 3 115929 217
3 90 10916 86
76 49 43728 169
44 42 39186 81
99 75 6451 119
21 2 22886 369
37 75 35642 51
27 37 233308 536
42 36 89337 222
68 66 9867 28
91 84 35787 290
28 14 3440 491
44 81 5860 85
54 2 23669 32
43 66 7735 91
24 26 53764 128
47 54 13293 86
63 11 23657 194
53 98 14163 71
75 48 38475 70
28 67 80871 190
70 21 62806 190
64 79 18560 76
23 1 22413 1028
76 30 13880 85
71 26 6225 287
100 16 27117 94
95 28 16017 1467
65 27 8893 131
85 92 11653 349
24 61 41078 308
33 76 7283 417
8 58 36044 74
2 21 56774 152
59 18 22426 201
9 37 37841 283
19 79 4785 84
72 100 7789 17
58 76 22590 412
58 93 24902 239
71 8 21653 42
53 77 13080 20
7 38 14601 287
29 19 17704 90
97 2 13560 130
34 53 33614 97
67 58 40571 226
23 99 22531 254
58 83 11513 225
45 91 27246 1196
5 46 14531 204
20 13 5153 201
67 5 49904 347
50 22 13744 43
5 49 22337 210
9 12 131924 35
64 29 43947 75
69 85 27217 376
76 18 117896 519
92 47 48137 20
87 77 21982 159
48 49 34849 187
9 42 56803 50
84 19 78512 102
93 396
18 77

1792501
