100 299 1 1
29 82 29897 35
29 7 21401 73
29 69 19634 70
29 46 15965 1015
29 50 106307 27
29 83 81045 114
29 100 20217 292
29 47 9375 78
29 52 157660 1365
29 91 14950 79
29 19 15763 221
29 65 14777 276
29 87 22756 32
29 93 85875 33
29 78 9320 102
29 81 11828 290
29 15 20118 96
29 5 293145 65
29 63 19035 109
29 59 44118 348
29 71 5389 200
29 2 17389 288
29 25 2408 105
29 56 10806 70
29 12 6235 48
29 27 28286 292
29 44 5203 98
29 75 24483 51
29 41 13319 73
29 84 29632 173
29 62 302627 141
29 18 15575 846
29 54 6047 213
29 57 41518 715
29 45 7982 329
29 37 43887 371
29 70 23087 29
29 98 29445 1481
29 74 9541 64
29 1 30737 381
29 22 14855 31
29 42 88134 101
29 79 46580 128
29 72 23658 134
29 31 8177 302
29 14 54222 132
29 6 43890 108
29 11 35220 212
29 97 12859 72
29 92 305135 763
29 17 23236 163
29 58 25822 83
29 48 111281 43
29 94 30430 239
29 23 13429 254
29 96 34244 117
29 13 26117 47
29 38 16925 93
29 90 14644 146
29 10 30455 92
29 32 16606 126
29 36 8625 423
29 33 18070 89
29 86 26895 131
29 21 45239 141
29 99 15692 1463
29 53 33711 106
29 40 35525 934
29 80 10964 454
29 4 23597 71
29 30 8163 372
29 34 14825 80
29 67 52424 66
29 60 2058 109
29 61 13877 1154
29 95 166151 1093
29 66 50756 89
29 8 21351 316
29 20 22746 41
29 49 30587 69
29 39 33683 386
29 89 28827 92
29 16 18063 66
29 68 31644 33
29 24 75177 186
29 88 132211 153
29 51 54162 116
29 55 8166 58
29 28 70620 142
29 43 36322 474
29 35 10690 358
29 64 144750 393
29 73 1765 145
29 85 7348 239
29 26 113791 53
29 77 11566 162
29 3 27890 1340
29 9 274057 467
29 76 8468 79
74 93 16516 259
5 85 22842 285
83 37 9568 291
84 72 51971 243
76 64 27179 96
59 55 28771 281
42 75 33843 394
69 76 27098 35
85 65 38888 49
10 58 64473 533
40 72 26820 587
38 48 12127 145
37 6 43417 298
24 28 187986 401
77 15 270600 33
97 51 30546 38
78 74 24787 139
4 69 21212 210
51 63 36548 305
74 71 51713 61
33 77 12976 438
31 3 14684 70
4 82 28167 248
38 88 40629 454
87 2 27983 137
99 96 37669 644
62 27 39009 129
21 44 16136 191
66 27 15526 125
56 92 47175 84
92 98 23826 204
37 74 59054 169
89 50 33814 2713
24 83 50973 241
23 88 49468 89
7 47 12839 245
57 79 6849 32
63 37 7058 159
72 57 5574 89
44 94 11438 115
94 95 1470 67
58 30 10624 157
42 43 13049 88
90 63 8224 482
4 62 7504 105
12 97 54384 236
46 99 41933 25
28 81 5555 90
90 16 53560 1016
40 70 7424 40
96 14 33194 404
23 51 76045 93
10 83 14555 253
94 60 31491 66
88 67 23459 68
95 34 49879 119
55 43 2528 38
54 64 22529 188
3 19 2182 440
56 67 5450 107
85 14 7367 209
58 10 1916 100
16 53 17234 175
37 79 24099 46
20 19 18192 332
7 55 8151 68
56 88 40146 78
98 29 3344 292
68 2 55474 404
21 83 9298 98
87 98 5683 32
8 23 4069 66
23 1 24514 211
2 92 49273 240
86 66 30708 769
27 10 20745 113
96 5 23824 181
68 22 369955 161
91 90 15848 201
70 63 38053 504
81 58 5950 663
10 73 46346 89
12 46 106498 213
95 2 78277 59
1 90 17635 254
45 52 73405 71
33 71 10597 1657
74 62 36780 214
96 98 49966 21
34 88 44012 88
66 44 37477 122
63 60 6359 114
52 80 49136 297
43 10 4931 747
54 80 21093 150
43 81 30324 286
32 28 10238 411
35 9 104375 53
98 55 93919 52
26 17 109991 90
31 60 13619 109
11 50 204992 510
53 96 4108 286
23 69 81300 299
7 37 9570 78
5 90 40224 272
9 48 15325 51
47 14 45865 711
26 35 23795 148
31 51 38666 152
100 4 278380 696
57 70 13575 675
92 43 54836 1059
49 30 16435 87
48 69 12690 18
16 55 12945 52
44 74 24064 40
57 48 35509 72
80 12 149137 118
28 10 58451 379
52 14 24419 150
76 59 141515 483
79 31 24984 192
74 98 54660 533
3 22 14263 685
100 12 77492 14
34 44 36985 278
68 25 31941 28
95 92 14251 878
84 43 10484 99
67 51 15899 405
95 100 7884 189
46 39 51789 58
41 36 4687 179
16 68 81652 97
24 47 27869 159
84 18 13135 291
2 46 15826 83
48 49 8831 258
49 20 4091 105
93 27 33782 117
99 48 40844 944
81 99 10540 103
45 14 57792 227
21 5 50523 379
37 41 8786 48
82 70 7663 574
17 99 31340 439
92 87 62632 385
98 6 11825 87
99 74 197395 121
11 46 53519 287
22 54 21034 308
8 42 200064 37
63 15 49167 129
28 62 5502 300
17 73 35822 106
71 86 28031 330
12 55 1935 51
52 97 5022 369
67 52 9079 37
89 82 12450 82
76 75 25541 176
82 54 6567 21
22 99 7885 618
59 80 7300 681
39 85 32451 43
56 27 55386 259
46 38 11945 61
95 30 11922 39
81 29 6801 416
7 39 18643 471
65 83 8378 317
58 97 27071 150
83 8 28503 65
61 91 9273 549
30 2 31589 58
2 68 123341 98
3 69 73959 49
58 76 63240 81
32 7 67434 325
57 7 160387 85
100 93 117752 92
50 91 18158 219
65 4 27598 439
82 24 36278 57
66 64 18416 100
84 48 115785 73
14 85 6149 57
83 52 74991 172
57 17 61335 195
79 90 13326 217
22 93 13384 47
35 10 23597 72
87 94 42933 765
72 40 46179 24
4 13 5492 98
1 26 43056 586
92 96 5244 239
26 34 7367 199
29 693
55 471

22345545
