100 299 1 1
97 2 155961 708
97 25 26852 129
97 69 79941 76
97 59 28189 60
97 62 37556 741
97 45 64641 164
97 100 79056 65
97 81 76067 315
97 87 47471 125
97 19 8721 125
97 86 8080 81
97 17 48981 1414
97 64 42109 172
97 48 7427 243
97 91 20138 32
97 33 12908 65
97 88 147730 83
97 49 21090 104
97 18 14784 186
97 11 36980 68
97 46 15223 23
97 47 41895 9
97 24 10890 44
97 13 24434 134
97 15 6268 97
97 16 4822 34
97 12 301036 124
97 44 11416 439
97 42 9940 131
97 84 39337 83
97 70 11996 799
97 65 225441 86
97 55 75596 778
97 66 22799 47
97 3 33019 203
97 96 30879 76
97 43 58476 40
97 39 19947 796
97 8 53545 35
97 37 154312 80
97 4 28964 310
97 6 15956 84
97 60 16590 110
97 40 39760 105
97 71 33179 675
97 32 25033 225
97 74 37740 131
97 34 92830 68
97 80 40626 193
97 68 4452 153
97 22 35755 286
97 58 15701 329
97 73 33268 204
97 20 33431 200
97 36 48455 232
97 63 23180 49
97 30 70523 269
97 9 1403 337
97 99 196294 165
97 75 10521 238
97 52 148823 128
97 27 86650 124
97 7 43491 19
97 78 386139 124
97 41 7374 119
97 26 4839 150
97 82 25195 139
97 94 57967 46
97 29 37811 125
97 95 72330 171
97 14 23827 674
97 38 60674 349
97 98 679636 28
97 93 8693 22
97 28 11323 230
97 61 12953 69
97 67 3350 95
97 56 27498 197
97 85 23077 26
97 21 107688 138
97 31 1784 246
97 23 10050 185
97 72 8580 331
97 1 60593 284
97 92 34756 461
97 10 35668 237
97 57 19119 118
97 79 38338 50
97 76 25617 165
97 83 178432 1341
97 54 10380 34
97 50 21451 28
97 35 8962 57
97 90 24033 431
97 77 7305 53
97 5 7712 231
97 89 5845 234
97 53 69726 194
97 51 179356 794
24 87 46473 51
89 62 30201 147
51 44 32670 114
88 12 39330 155
18 38 27838 1550
95 52 13842 600
95 93 35998 93
83 39 76141 151
52 66 61076 909
18 13 25880 77
11 73 8837 25
16 86 25441 124
33 29 17065 952
48 88 50872 251
22 45 117228 295
66 53 16616 41
29 54 24314 345
12 38 19768 287
55 67 7596 137
100 6 9835 667
48 67 14287 34
67 79 30286 1411
84 67 30049 645
7 74 38049 222
9 19 6326 321
61 63 21652 309
76 21 31127 87
80 65 21575 177
24 39 16760 159
89 79 169612 195
45 47 55484 100
82 35 82556 62
46 93 38026 108
92 43 28561 126
19 74 11799 709
98 69 4034 1815
69 46 4785 233
2 53 5758 57
40 24 24360 91
8 72 9906 322
1 62 91043 89
41 90 139795 39
19 18 18331 34
59 34 28112 42
96 76 31685 181
41 88 75599 99
64 19 20642 29
61 35 58422 300
78 38 10640 106
66 7 17736 165
99 57 38107 42
80 39 18604 74
65 77 4865 88
69 65 13954 122
28 17 11522 535
62 45 28000 85
38 85 9621 54
73 15 12806 123
6 1 6286 487
54 35 11047 78
7 69 271363 99
53 51 115114 149
79 43 10886 360
83 51 9290 1573
72 100 55839 53
6 26 10763 38
98 4 17011 733
1 20 8437 91
44 47 3831 151
20 83 19571 118
32 7 4692 209
15 47 18049 42
61 46 24689 46
2 31 53649 290
35 77 78394 111
91 31 8455 111
98 97 10081 409
14 63 16002 98
19 37 22900 101
1 93 79938 158
10 65 38218 191
95 11 484558 99
47 45 20912 310
67 43 4349 22
18 72 45758 115
49 55 17986 34
60 63 34016 103
11 63 2146 127
63 19 3813 113
2 33 20827 117
63 15 46475 65
94 40 127148 386
61 18 23400 97
8 99 16357 103
82 37 44698 218
10 21 36274 45
46 92 45766 103
79 47 134113 270
79 26 8011 26
13 55 18490 224
80 76 6667 463
54 18 120571 649
37 40 10421 377
91 94 20502 535
3 99 12396 132
62 39 23774 1236
87 46 5109 224
42 30 58715 49
48 49 2758 77
81 42 178791 126
88 96 10266 665
1 17 21566 136
56 86 119825 79
63 2 40833 18
16 46 52107 150
47 17 48336 162
75 73 23763 773
36 95 2240 243
21 14 227823 46
11 2 3752 104
83 10 74371 224
66 51 9988 16
26 93 1506 216
55 10 30248 91
37 50 17995 278
41 54 36155 283
4 53 8522 3617
74 27 1479 676
71 26 24569 66
98 9 152734 24
51 53 33850 222
30 60 11914 232
96 71 48370 516
36 21 47834 71
18 21 12962 1403
57 86 50951 99
22 72 6175 80
36 12 68842 544
29 67 33819 541
2 72 29086 256
84 76 9458 91
71 85 3935 653
11 91 21205 177
98 43 10449 249
94 1 217558 462
80 74 19680 43
15 72 11206 95
17 25 284987 617
7 22 9355 285
8 9 106212 444
100 11 16627 36
86 59 46131 391
77 98 16456 79
71 40 24923 277
63 18 10631 213
1 72 23939 116
33 19 26095 204
99 60 13554 185
94 26 31707 335
67 28 19398 91
71 55 3177 94
64 73 17939 64
72 96 14358 467
14 78 7753 77
64 26 16221 203
95 92 20431 63
31 9 10215 146
25 21 13356 551
34 96 24764 926
86 85 40440 395
88 94 10737 59
18 16 21507 52
5 27 12799 19
81 11 20236 610
7 42 20068 94
41 51 11176 27
53 71 10450 235
49 47 32914 937
63 20 7015 63
61 9 15170 482
36 71 38811 136
20 23 59879 466
31 51 9962 282
53 69 18828 109
1 43 2291 62
76 53 55059 41
90 73 34064 52
78 98 62719 167
13 50 29773 281
40 100 17639 18
73 81 45594 204
71 41 5412 150
18 3 4265 211
8 29 5998 49
60 50 158418 320
27 31 72539 143
42 78 26880 277
86 5 8441 142
2 60 67318 26
7 98 40420 242
97 396
72 285

2445300
