100 299 1 1
99 78 36809 67
99 94 15125 118
99 45 23049 668
99 6 17808 52
99 65 20303 281
99 10 8622 612
99 72 50752 209
99 91 23307 139
99 61 12784 393
99 77 5315 45
99 31 63811 40
99 5 4454 145
99 59 52108 28
99 49 31624 173
99 22 49379 195
99 29 8370 243
99 97 7778 222
99 11 2978 295
99 7 92758 87
99 24 70472 308
99 81 15374 89
99 30 17471 255
99 33 31541 82
99 3 30187 141
99 2 10050 83
99 76 9623 192
99 57 36680 77
99 83 48680 476
99 34 17549 118
99 43 43160 122
99 86 2042 280
99 95 141992 599
99 85 177183 203
99 37 71223 133
99 70 6980 36
99 84 17599 60
99 26 50320 69
99 51 39593 657
99 46 14151 243
99 100 81274 75
99 44 15072 227
99 42 3033 173
99 53 28951 458
99 71 79793 620
99 12 16792 106
99 16 10614 448
99 9 30675 73
99 17 34978 435
99 96 20838 28
99 56 43355 179
99 98 31587 122
99 93 8251 295
99 58 14459 83
99 80 20597 335
99 40 22664 273
99 25 24794 179
99 63 14859 53
99 4 32947 57
99 69 8733 241
99 54 150174 69
99 47 49281 328
99 64 219747 113
99 48 1652 104
99 35 5272 813
99 73 3970 132
99 28 33218 209
99 20 10090 19
99 60 48158 163
99 82 10744 299
99 67 27308 50
99 36 27105 222
99 88 6787 269
99 87 58237 228
99 89 5056 197
99 90 18033 141
99 8 109580 84
99 62 13889 63
99 1 21147 319
99 32 19862 443
99 15 21642 419
99 92 22647 284
99 68 39362 577
99 23 44241 407
99 50 47675 401
99 14 20966 60
99 75 15411 222
99 66 7165 649
99 74 23525 405
99 41 49900 522
99 55 32033 111
99 18 6418 673
99 21 18720 406
99 13 12292 119
99 52 12922 112
99 27 53054 44
99 79 32850 158
99 38 15840 81
99 19 9998 110
99 39 48866 57
27 47 19552 465
69 43 19492 143
80 61 22611 74
23 71 54377 436
100 31 13853 52
68 33 8028 253
46 89 18283 299
90 99 4189 27
85 80 6484 128
3 95 10330 34
47 85 9057 108
52 76 3290 314
20 73 254623 617
27 38 392606 366
44 41 16740 38
48 21 28360 156
65 38 4056 228
90 45 10971 45
64 42 28697 297
13 6 21286 259
43 50 15888 343
97 29 76632 334
10 68 2852 50
88 16 2870 65
5 76 7722 128
68 56 31594 236
55 90 63832 108
9 59 11879 240
57 68 29812 369
40 6 26333 156
76 53 34025 56
17 77 207291 144
44 65 14344 985
90 80 39742 211
1 92 11745 59
86 41 6034 284
40 97 16786 474
25 9 24455 74
57 83 52896 123
94 96 23641 57
90 7 6611 1079
14 99 2836 330
11 93 56521 116
23 56 18878 130
74 73 24702 114
75 13 22895 39
87 56 34627 138
100 7 22598 303
86 4 3575 121
32 24 5732 95
61 72 11960 501
29 71 52932 290
98 29 53586 169
25 45 14568 159
91 20 36732 78
34 25 3273 622
98 93 3729 550
18 2 9488 98
50 30 9961 241
44 18 12105 82
30 96 5142 32
35 20 15674 299
76 72 21913 94
57 51 139108 243
31 60 4663 596
72 50 94321 82
66 82 121239 63
3 47 23943 62
50 42 14831 203
98 15 45991 451
74 16 45077 54
77 50 12086 1116
37 74 10954 66
48 4 3370 72
35 18 37722 26
8 43 17572 64
5 56 69564 182
71 1 51584 235
30 71 19155 638
30 47 9284 142
31 30 76223 430
64 78 20900 499
91 5 10911 478
20 18 27159 797
54 1 17275 149
38 35 53811 848
30 43 94984 462
36 56 42749 90
27 92 5215 41
47 27 53102 322
94 33 25200 85
38 97 91666 123
64 61 42839 387
50 67 24410 137
73 31 80129 238
17 68 42211 97
11 27 44116 61
4 67 181033 124
10 73 3168 92
78 89 48116 137
77 34 15374 33
19 7 2723 165
1 26 9060 25
76 69 82572 287
14 77 6631 208
35 79 23453 39
29 89 14608 754
4 21 34871 307
96 62 18198 6
10 59 134401 167
98 53 33705 79
53 15 8519 717
96 24 24732 20
26 98 38991 166
25 8 1854 163
3 27 34712 255
67 84 33074 69
22 9 7634 29
13 57 28949 390
41 18 7117 215
8 72 13515 271
3 77 57190 85
73 91 14448 295
29 67 111018 109
65 80 19670 524
66 41 27289 332
85 26 23394 185
6 84 21434 141
88 78 36255 397
96 74 104824 87
54 66 12027 190
88 54 21379 183
37 26 5458 119
98 60 14913 256
80 48 25037 103
77 23 13206 109
44 16 135476 415
96 46 21851 93
84 76 20329 34
32 20 30032 20
60 30 28603 45
49 82 17546 310
22 91 49029 70
14 13 10317 141
93 53 7758 105
85 89 18888 557
17 66 16018 195
36 84 10962 274
57 17 25360 16
75 70 5472 217
14 57 13093 89
60 13 94832 150
15 88 175557 257
9 54 9138 222
7 1 10142 228
9 16 27906 70
2 54 63724 469
63 62 50476 95
61 96 119940 192
5 90 10480 375
7 71 15335 224
36 69 8352 184
70 1 45175 36
57 97 8362 29
74 31 46125 127
54 23 39756 182
18 40 10671 74
1 79 118476 111
80 56 25330 374
64 18 16099 45
29 13 25757 485
22 42 11225 486
80 77 20731 84
40 22 59197 108
21 96 6513 3185
91 96 69928 265
88 85 20473 120
24 56 32128 64
55 92 15602 93
55 80 10904 194
43 10 47220 86
64 68 53092 30
20 16 42544 45
63 73 33725 25
82 43 16571 291
27 4 51708 6
94 4 14216 256
65 81 10468 50
69 61 105502 105
54 60 33902 28
8 16 13837 91
91 83 54712 121
64 58 26998 51
45 71 15650 1555
38 37 9943 46
21 35 21147 37
83 14 23667 139
90 13 4169 54
2 95 22921 1284
78 76 70229 113
99 198
56 76

3018063
