100 299 1 1
96 84 4695 540
96 35 5774 553
96 37 60137 169
96 61 43782 1205
96 44 71624 222
96 30 77644 146
96 86 24252 224
96 25 56982 327
96 31 88505 119
96 56 58194 927
96 10 4253 96
96 7 16900 143
96 79 7542 152
96 70 196455 26
96 20 43149 84
96 66 201140 89
96 68 24566 421
96 87 34273 527
96 24 29882 91
96 22 21333 407
96 90 25245 208
96 53 20514 635
96 1 17187 231
96 73 12957 75
96 64 31580 165
96 85 14885 126
96 9 9966 432
96 77 29532 116
96 59 6054 208
96 81 19840 110
96 99 37420 1054
96 76 95889 95
96 93 7619 75
96 2 65715 830
96 97 6087 81
96 34 17128 36
96 19 59462 664
96 38 21669 964
96 40 121313 8
96 28 46228 39
96 49 18006 119
96 83 191452 97
96 75 20910 19
96 46 118728 243
96 32 32984 173
96 88 12836 159
96 58 34114 169
96 15 25851 48
96 100 31431 440
96 52 41636 79
96 74 14481 43
96 17 38095 38
96 16 41570 670
96 11 10935 194
96 43 117927 264
96 23 6051 97
96 92 43821 182
96 63 43264 29
96 18 45768 163
96 57 18888 30
96 8 71369 221
96 72 41427 187
96 62 8395 550
96 27 14401 28
96 42 10766 50
96 12 144550 173
96 55 1303 352
96 29 7966 517
96 6 8450 98
96 51 91894 205
96 60 11800 961
96 13 6028 112
96 26 252978 351
96 80 65909 89
96 45 29019 212
96 65 9469 79
96 14 14581 374
96 48 164029 99
96 67 17220 115
96 94 4425 345
96 54 5459 323
96 82 5336 384
96 50 12356 158
96 39 43396 226
96 78 7029 374
96 3 10949 63
96 98 17251 112
96 47 57265 18
96 71 129429 139
96 21 7599 248
96 33 73233 75
96 91 3671 419
96 69 32003 591
96 41 19095 148
96 95 13270 48
96 36 29324 379
96 4 65537 325
96 89 22279 3035
96 5 54093 161
72 89 2702 362
19 91 12360 192
49 69 182204 44
82 89 56983 29
86 34 11056 218
76 42 16637 29
98 71 8330 174
68 62 11621 112
61 100 39995 73
38 76 148987 50
55 51 11858 378
28 27 5753 120
12 25 35047 90
79 63 9557 151
49 19 37925 37
83 61 5891 90
51 49 20715 87
70 98 27073 197
65 45 11814 62
88 64 32468 69
29 91 13942 38
2 64 69404 200
47 6 3684 170
23 77 17716 94
41 81 112709 32
23 29 101983 727
11 27 7270 334
46 24 2706 380
28 95 17991 130
75 69 23168 51
40 96 63569 59
14 44 23510 15
21 31 27324 68
3 26 62880 223
38 26 38968 85
2 38 5832 123
83 65 20790 10
48 62 3245 286
80 57 18057 154
73 46 2817 123
9 24 38070 167
40 100 16061 139
10 86 32643 570
41 34 4045 255
56 28 10845 521
63 2 28952 164
47 23 26136 108
37 35 83020 207
81 20 11583 354
13 42 95402 34
62 30 7008 101
59 83 12070 42
80 47 16244 690
72 61 8367 462
94 15 7079 47
68 49 326653 406
33 93 11809 23
83 82 26086 317
98 64 45119 189
34 30 10420 2317
34 50 16487 246
73 32 44118 231
45 85 64561 146
20 61 105563 211
60 20 24136 340
13 92 20247 261
78 37 46322 341
58 50 13778 204
54 33 82247 292
91 51 14634 599
92 85 23575 243
38 12 23417 92
38 84 7467 385
17 97 21286 63
30 31 170137 209
17 94 13521 128
83 34 19048 175
68 96 12804 226
88 10 27881 43
92 37 6234 162
8 34 14022 482
30 43 73517 554
27 2 13865 351
79 16 23236 37
76 24 20807 285
46 19 5785 522
60 93 73013 91
18 4 67891 218
44 100 147212 310
49 100 36559 133
71 73 4098 331
34 82 35795 57
97 51 7081 103
22 63 46015 162
80 40 8993 802
72 26 76799 170
94 10 122614 175
49 28 10425 36
78 6 30447 46
80 46 32199 449
91 6 2043 99
25 50 150486 173
37 6 2510 856
45 73 25447 218
56 65 94511 1184
4 42 5804 279
8 24 169979 70
90 74 175168 28
55 41 10694 296
51 53 141079 105
19 96 12143 99
94 28 16959 76
38 41 2776 131
52 70 6689 63
62 8 45115 121
20 36 104209 6
55 100 38795 599
57 17 28363 29
31 4 42522 731
7 43 41120 95
75 74 28767 1441
20 30 27947 1629
24 20 25480 118
22 94 57542 255
58 77 63277 57
91 46 9763 161
92 65 13322 116
89 96 79601 136
45 61 12434 34
74 82 30514 80
19 33 17537 193
88 30 19799 107
80 68 14014 366
18 88 13929 61
40 17 48277 76
10 57 22830 330
7 48 18763 90
58 95 52202 915
42 3 33514 131
40 38 242226 241
14 51 33201 169
99 14 16052 12
92 84 14348 189
48 96 4229 64
21 78 64435 185
35 13 29577 40
90 31 5558 68
18 53 8858 316
97 28 143301 174
81 42 44863 184
29 53 12710 92
27 49 60837 85
29 88 55240 232
55 69 19871 72
4 90 111136 153
25 16 93425 287
36 86 38286 139
28 92 4507 264
12 27 9336 160
59 63 63660 195
61 67 13824 141
60 42 80492 48
13 49 4199 107
18 9 97458 87
18 70 14018 81
85 2 124490 117
12 17 53869 27
89 97 36215 62
70 42 83264 228
55 13 9978 73
29 9 25429 122
80 22 14653 52
8 88 4629 632
22 29 6365 84
100 41 49737 59
59 45 24825 29
79 15 9822 22
75 5 10237 193
33 64 7593 60
78 51 9204 105
60 10 197156 61
49 50 18761 24
56 86 56803 249
71 18 39266 185
100 84 37456 314
81 1 51788 204
34 24 7728 102
88 38 17489 156
18 21 12600 22
20 77 27901 83
78 88 11559 145
68 71 47598 99
30 24 25894 71
15 99 107373 149
50 27 44175 163
95 73 23562 142
62 16 6239 56
65 54 7110 139
50 92 26147 105
4 7 11534 202
96 297
42 9

96894
