100 299 1 1
34 68 23146 58
34 61 10368 477
34 77 13215 247
34 76 40035 125
34 22 8693 68
34 30 7519 81
34 81 31699 130
34 69 12225 281
34 87 3978 92
34 72 79750 569
34 17 49517 143
34 11 3775 268
34 75 9024 148
34 64 14330 93
34 82 9787 36
34 70 758677 774
34 32 140246 121
34 47 21001 390
34 6 16949 262
34 43 34448 129
34 95 49968 141
34 62 36787 156
34 83 112452 229
34 93 37210 99
34 86 6191 76
34 48 43112 160
34 58 10753 63
34 42 74281 79
34 26 33685 734
34 78 20198 52
34 40 12191 758
34 71 77380 62
34 45 82123 248
34 5 171906 84
34 65 55308 241
34 28 23941 297
34 74 12360 188
34 25 10397 20
34 23 157975 337
34 56 13545 29
34 20 16600 435
34 98 10645 80
34 9 5727 157
34 97 23322 62
34 54 75176 164
34 36 83110 68
34 100 34206 50
34 84 23400 93
34 59 62698 92
34 51 8845 109
34 91 105473 158
34 57 9690 108
34 38 1863 62
34 15 7199 59
34 33 40982 227
34 24 5964 69
34 21 23141 64
34 92 60310 395
34 63 6995 380
34 85 35832 94
34 27 107680 191
34 94 18701 205
34 52 16279 86
34 96 7873 354
34 90 21552 198
34 67 2959 428
34 37 11836 250
34 19 19863 21
34 79 34026 148
34 16 4487 354
34 14 7401 359
34 89 6439 616
34 8 20294 162
34 49 2079 115
34 80 12901 533
34 46 13873 63
34 13 31948 79
34 55 36142 817
34 1 38674 57
34 12 4398 136
34 3 16259 11
34 44 2881 48
34 39 22682 67
34 88 71576 280
34 18 33315 102
34 7 6742 237
34 60 3463 228
34 29 42028 82
34 66 218719 32
34 10 46023 272
34 4 8424 211
34 31 25339 249
34 73 52062 797
34 41 23673 138
34 53 24494 537
34 50 15806 128
34 35 6802 249
34 2 8163 117
34 99 20748 85
12 13 16296 149
16 65 34126 172
78 83 45072 106
42 14 58733 111
22 99 18980 1198
64 32 84603 112
90 4 14421 249
49 39 26270 188
29 51 41876 22
31 6 10513 47
23 15 141413 92
90 11 4229 271
41 1 158368 102
11 61 53810 231
27 98 36600 35
65 11 51718 97
30 95 25832 24
76 61 68010 79
83 92 20860 317
61 79 101889 406
24 58 82718 642
36 22 6097 233
55 73 3299 24
68 94 77581 134
53 24 6556 129
79 66 4630 200
20 93 77005 52
40 87 2751 86
92 83 9211 990
3 29 13551 858
21 42 34120 64
56 33 17444 33
47 51 21764 154
26 10 15054 66
8 49 18028 2721
2 20 35181 621
42 7 11436 89
63 16 72040 118
21 15 30900 120
10 54 59581 95
65 90 31005 278
37 87 13366 291
46 29 180296 66
44 1 65284 377
40 83 83586 2749
46 60 64879 15
58 27 13050 136
47 61 24302 209
52 9 12665 37
80 30 11826 14
53 22 16609 55
25 61 37804 239
45 6 10128 581
30 75 22071 28
5 12 1705 150
32 49 92480 107
35 60 5692 463
19 31 9081 315
83 49 13088 653
45 97 25739 384
60 67 14287 113
57 37 10204 47
89 36 66342 83
11 10 66318 121
83 98 10373 94
47 59 58195 177
58 70 11752 397
40 72 49473 456
16 78 4198 283
38 11 39546 249
52 85 11113 221
59 20 93142 73
93 75 27286 51
7 95 61606 117
43 23 10299 469
77 12 8411 259
96 42 2779 90
23 84 21112 208
10 94 56715 294
24 74 19128 119
90 32 25437 428
41 83 16293 300
60 35 88043 460
92 71 41980 529
91 67 130054 15
83 73 11483 546
99 1 98754 16
40 89 56233 44
99 57 14175 204
38 3 13631 45
69 53 8121 298
98 95 68495 265
44 96 28060 84
8 55 11853 23
80 3 14012 50
81 34 15904 77
77 7 43404 64
68 98 61409 146
71 9 18326 739
11 78 99647 266
19 88 249368 47
79 22 27242 168
81 100 19396 361
13 65 27650 153
98 17 22032 201
29 87 29391 168
63 36 29703 42
65 95 13732 338
58 68 8865 233
35 46 13456 168
64 98 15718 125
32 14 9378 311
5 25 2126 66
20 68 29426 490
92 53 20189 169
71 49 20850 979
70 85 64324 130
99 39 35007 135
26 80 6469 58
85 50 22389 301
62 79 9875 181
58 92 59329 307
12 9 47142 568
68 81 11868 806
43 89 74712 199
29 72 28861 139
61 21 14575 98
22 92 20213 458
48 74 116689 140
51 32 8709 47
33 57 17212 37
87 50 9860 238
29 40 33586 256
70 19 17584 558
37 48 170213 129
77 80 70246 246
35 32 15031 29
38 30 81051 490
80 51 20374 44
26 47 62227 23
73 32 22059 870
89 68 5645 239
4 56 28918 150
12 45 125913 129
46 64 25025 65
54 58 22924 353
61 18 46648 69
94 43 9804 345
68 80 20909 32
70 90 23060 80
20 76 49812 48
91 31 31086 92
23 68 95840 304
47 55 3538 484
95 64 69000 76
59 62 5991 187
13 68 68087 725
25 44 20503 201
94 87 10083 89
66 31 39569 73
83 37 19736 119
48 55 35499 598
55 71 17909 749
55 65 84467 254
79 47 19441 11
80 74 58574 187
65 20 46242 294
75 81 38156 250
69 83 17730 99
12 90 6070 130
62 5 33974 224
37 4 17910 75
87 24 9590 122
32 78 30843 84
57 91 15408 131
88 17 3452 71
48 31 20036 815
4 7 15191 217
71 17 63931 258
7 63 38462 429
80 66 13988 83
54 87 49955 419
18 23 28813 15
86 54 20690 167
33 79 61869 121
47 45 93990 177
99 41 12592 680
69 81 14555 237
20 26 3648 244
80 57 15137 220
10 30 28711 251
87 21 52150 102
80 95 9912 115
1 37 24348 84
58 89 21140 138
42 28 4106 872
9 56 72013 50
25 95 21693 205
85 78 24074 146
33 60 57660 58
34 594
95 110

2509430
