100 299 1 1
13 47 49503 91
13 62 6499 14
13 97 41806 77
13 75 8435 96
13 11 151710 345
13 34 11041 24
13 33 68726 198
13 47 53804 51
13 24 26259 101
13 42 13365 107
13 15 22876 143
13 79 13982 33
13 85 62713 56
13 9 5651 235
13 33 85831 147
13 76 14601 198
13 93 16876 71
13 68 19596 74
13 86 3248 142
13 77 47164 164
13 45 2208 106
13 80 21065 158
13 23 47895 35
13 56 69357 86
13 10 9282 422
13 52 21956 17
13 84 10273 207
13 42 43762 760
13 47 26224 318
13 33 12755 575
13 49 52597 189
13 5 17371 735
13 52 63950 595
13 11 10074 305
13 18 73031 61
13 81 63981 96
13 8 28469 326
13 16 111184 412
13 80 30073 183
13 44 3992 110
13 78 24304 36
13 88 18596 165
13 21 13541 46
13 100 4736 608
13 51 160907 652
13 86 35257 68
13 99 16614 214
13 36 10239 865
13 42 17483 495
13 31 19158 94
13 95 51294 109
13 4 28796 164
13 56 11895 279
13 37 25034 209
13 88 21623 46
13 16 66365 213
13 3 8705 61
13 48 32394 256
13 36 37665 15
13 9 26790 725
13 53 21126 426
13 39 2482 8
13 9 12296 423
13 87 64016 50
13 74 62412 74
13 72 108759 300
13 86 65754 395
13 16 9092 476
13 21 40812 178
13 2 160280 58
13 39 47812 79
13 60 107707 104
13 36 126579 117
13 97 27486 509
13 35 92757 1107
13 78 4424 62
13 50 25870 21
13 26 14474 74
13 11 9393 315
13 53 33739 157
13 93 14396 21
13 27 15751 428
13 15 18047 234
13 21 16749 54
13 42 22477 52
13 80 60191 181
13 2 21324 260
13 55 32437 475
13 32 8817 447
13 77 25527 401
13 28 19879 144
13 32 21259 328
13 64 50713 302
13 20 7786 880
13 17 29544 92
13 71 9572 580
13 3 41512 72
13 33 27618 61
13 31 20865 191
26 39 48020 73
7 28 3304 115
46 63 18129 358
45 29 96651 558
92 12 42125 5
36 89 31403 76
76 81 7739 229
76 20 82178 117
34 81 9889 211
4 64 21977 183
93 23 15292 291
59 46 4389 24
51 84 20287 216
11 75 65206 43
12 80 6969 251
60 48 55974 1907
81 62 43318 1520
32 40 86272 96
50 33 44734 47
55 24 97527 70
27 64 3816 111
76 32 15524 7
16 89 3722 41
57 95 22495 365
94 46 24446 108
45 43 3781 364
19 93 12628 401
56 80 30865 145
67 4 21457 83
38 45 48408 212
33 72 24862 286
73 20 36345 1642
24 19 89789 352
34 41 62547 341
94 25 14198 32
90 19 19902 145
50 62 19448 118
19 50 46775 32
64 18 24393 272
5 27 11106 80
94 92 18346 94
68 81 47710 464
48 47 16975 69
35 30 26533 760
33 71 11944 3340
14 28 43965 145
57 17 49437 81
70 82 11211 152
1 25 86618 57
73 87 61707 95
24 64 3331 395
9 21 22696 340
24 44 11433 149
55 94 29522 341
6 71 6376 317
54 56 17017 32
11 2 22624 161
53 47 16458 89
35 72 12467 55
10 34 13611 293
74 10 3933 425
8 43 36308 146
83 58 97430 156
29 100 23849 66
80 46 75486 287
16 5 223021 54
52 96 52008 206
23 15 12564 97
38 51 15953 253
47 49 14286 1407
89 52 215024 50
48 14 13409 104
30 57 133831 355
44 29 21729 133
12 49 42279 155
19 18 66678 43
73 39 12655 132
23 83 43069 127
82 43 78556 117
68 34 28725 715
90 83 36776 112
39 46 9195 41
40 74 52563 81
85 41 11752 212
3 83 11651 18
38 18 21395 44
6 38 13234 251
96 29 26155 36
48 75 30804 165
7 32 16603 183
32 98 15853 233
82 65 78497 129
81 92 21579 113
94 39 17645 120
65 24 24006 82
50 81 55637 713
16 8 27054 46
8 89 3405 264
47 19 142773 225
90 10 8143 273
100 45 7032 65
3 22 31800 513
95 46 7520 147
55 33 25304 1753
96 58 75501 118
38 44 14537 31
60 90 56427 256
23 81 12980 290
22 69 279578 707
51 79 11199 170
31 11 7984 1068
39 56 15866 342
10 57 23773 563
75 90 25603 333
44 98 15596 1146
77 72 7760 73
33 35 21709 46
18 11 7846 38
30 39 16986 66
26 51 7352 429
36 55 50327 174
76 38 18912 105
45 1 19317 149
13 40 38540 88
66 31 10271 36
33 14 8000 102
92 90 1791 304
30 5 53715 143
52 20 17397 154
13 38 89595 121
88 5 10279 331
23 88 17378 129
55 91 19104 199
23 14 15275 233
89 71 6452 533
57 46 7355 144
24 2 33592 58
92 18 4852 537
47 2 25885 73
41 8 36695 103
93 74 8526 144
16 31 8524 167
43 55 39823 76
89 49 30803 184
55 35 37572 121
95 5 53919 174
16 85 17570 123
20 91 40678 89
25 61 51868 466
20 60 2636 212
58 69 11180 438
86 6 31750 24
61 46 80968 122
27 70 39401 91
97 90 19046 33
25 62 49931 806
87 79 35923 870
63 95 16278 322
93 18 136193 107
51 92 12274 90
54 30 23979 570
20 32 14528 114
88 80 72885 75
37 96 8012 40
80 22 17885 60
59 47 3015 813
42 82 44463 132
100 97 40148 28
95 41 31506 371
74 61 3860 445
75 11 10821 127
94 87 23353 21
41 28 45317 142
66 61 13718 50
46 28 6985 238
26 50 7480 393
76 16 18993 420
26 62 24241 193
23 76 39649 248
57 44 40927 108
44 77 5344 275
63 5 21174 1247
33 68 12420 243
45 39 19637 1956
81 28 47792 328
39 69 60518 24
15 6 17485 58
69 45 17166 173
93 31 206538 154
26 77 4299 79
35 61 7099 119
44 46 9052 405
6 10 106629 50
23 54 118007 53
97 3 18604 508
77 90 42680 108
60 74 31175 40
24 74 17372 107
54 34 51221 169
74 54 39679 807
13 303
46 438

8745568
