100 299 1 1
2 79 14059 448
2 47 4044 116
2 9 1254 142
2 64 16615 127
2 87 9096 138
2 39 9308 218
2 1 102529 650
2 31 84113 138
2 41 15466 142
2 77 17517 359
2 17 2148 52
2 81 6541 980
2 96 39177 931
2 11 53875 50
2 44 69409 229
2 15 14859 470
2 49 7127 83
2 94 23870 18
2 38 237829 490
2 34 10806 971
2 8 39653 15
2 73 57976 437
2 32 4634 57
2 14 661900 1010
2 28 18635 178
2 45 15032 484
2 56 73054 305
2 69 11930 318
2 52 65194 302
2 63 21153 130
2 4 25797 460
2 51 20556 440
2 43 11958 331
2 27 20363 29
2 26 151842 450
2 66 13678 78
2 98 12367 50
2 50 29727 223
2 84 121231 169
2 36 15366 303
2 16 28326 31
2 76 15789 143
2 10 2099 417
2 89 75112 335
2 35 22852 212
2 91 5906 72
2 13 11152 287
2 83 10908 210
2 78 65959 307
2 88 8718 24
2 3 39111 544
2 23 19949 298
2 7 32935 34
2 58 45945 151
2 97 16159 86
2 62 33978 377
2 24 17819 117
2 61 5011 45
2 48 242012 47
2 18 15609 40
2 95 13164 124
2 37 30987 17
2 22 132911 226
2 20 5466 103
2 54 6125 114
2 21 8875 496
2 85 22229 24
2 53 71815 40
2 40 78636 172
2 74 36829 371
2 92 50245 14
2 25 78528 223
2 90 28813 85
2 57 20012 109
2 12 28124 58
2 71 15005 155
2 75 25514 247
2 93 13304 328
2 55 125478 149
2 60 12229 132
2 33 11949 956
2 65 34524 251
2 80 13329 167
2 30 5421 266
2 100 23263 340
2 6 5671 30
2 70 8129 161
2 86 36782 98
2 99 15613 52
2 5 176010 344
2 42 48858 230
2 46 7439 42
2 68 175877 148
2 72 26149 168
2 29 47451 175
2 59 67497 110
2 82 37732 66
2 19 7739 84
2 67 19116 144
98 88 107745 169
60 6 11102 277
34 1 20318 41
75 36 14162 266
97 32 33822 166
30 98 53302 1072
62 82 9418 166
42 63 16480 498
80 72 15081 359
26 80 46233 63
51 95 45588 51
51 83 51205 346
50 55 16585 252
76 60 57089 615
59 62 6662 61
80 35 8681 123
62 75 113183 202
20 22 31590 40
23 65 184795 443
54 21 45038 330
38 85 135259 107
65 83 11181 110
58 3 20560 162
44 69 4856 90
95 94 1099 93
49 43 9649 106
62 60 9077 110
38 75 42046 346
12 73 5440 170
59 72 18222 109
18 50 5847 280
5 61 55733 33
32 89 24184 73
13 47 57806 92
11 82 6968 206
73 90 8338 814
85 5 22627 73
83 100 13023 493
90 1 117457 152
54 11 5948 113
25 22 8894 35
50 80 72461 107
20 95 14677 113
57 59 246388 26
73 17 9628 101
17 11 41626 266
66 53 3219 1011
25 53 7282 68
57 84 52809 120
84 74 29613 189
3 4 34693 122
9 5 16597 274
10 23 11049 496
34 91 42789 155
46 41 94200 453
68 58 27634 133
46 85 7299 113
100 36 5171 260
64 85 4122 697
59 10 40193 433
72 95 7383 97
73 15 193322 129
79 31 100013 229
42 83 66728 853
1 94 9478 28
1 44 63177 357
57 16 15548 285
95 17 83513 182
34 35 47985 127
64 51 2791 58
19 61 75490 485
28 37 119024 51
8 82 11387 489
37 26 8349 34
49 73 44032 525
97 20 45897 177
59 38 27377 277
74 12 104436 522
21 11 28263 383
44 83 7748 94
16 47 25098 402
33 46 18005 844
34 57 29051 120
85 44 99418 638
89 72 42513 53
62 28 116451 143
99 89 24927 296
29 25 68843 190
11 66 68582 289
80 79 40172 464
70 3 21044 242
6 59 34723 114
21 74 58707 544
95 34 44752 232
14 76 19919 36
63 13 25227 75
66 64 136857 675
14 2 14670 380
35 39 11143 42
91 95 8758 128
71 60 33901 48
63 6 27910 37
10 96 20711 101
44 25 18468 184
43 15 10020 604
73 45 32548 307
53 24 20940 51
48 27 18331 353
33 87 32654 851
38 95 24987 37
69 27 50682 37
58 44 11656 26
33 61 224998 190
30 53 90574 146
24 95 5390 141
84 48 15313 109
3 32 16966 174
29 96 29229 435
64 84 3070 119
100 44 34211 172
15 82 9286 267
75 30 57301 163
91 78 57789 847
84 62 27776 69
69 24 37164 173
75 7 19521 138
100 64 60796 137
22 60 76326 422
13 79 11032 67
67 2 98536 159
68 37 119054 120
13 23 8356 348
78 21 8849 7
38 70 18461 35
50 32 155958 79
42 23 20334 1145
64 30 43088 258
55 82 9848 52
20 44 47529 179
29 10 17872 228
85 29 28200 39
32 11 34393 657
42 75 16254 13
9 63 37830 68
38 62 10956 332
19 72 40310 4
100 55 184232 618
66 28 7023 142
74 13 9736 362
14 75 63484 181
63 19 28689 956
50 13 39179 341
90 43 50657 32
53 7 42167 25
63 37 16701 96
90 20 25167 571
48 41 3782 314
100 92 33931 10
39 15 15180 522
10 33 52129 37
55 7 16226 245
90 70 78800 1309
53 39 11431 157
87 34 34740 163
21 63 10269 463
53 65 35336 48
19 38 28493 31
21 44 79168 151
3 46 22586 74
21 43 16565 486
72 84 46993 66
16 85 21393 213
30 10 70511 13
25 71 43614 86
87 8 6564 65
86 66 176049 198
18 54 14814 169
37 78 3064 55
40 78 60546 418
9 55 54674 201
89 59 29085 814
52 48 7428 994
25 10 11140 980
100 16 68297 1761
47 76 16977 369
50 10 31653 50
18 9 79490 203
47 55 23130 488
68 33 41897 1143
47 22 10520 299
99 68 3675 36
62 12 12490 227
58 25 36006 17
29 27 87409 82
55 27 9151 179
29 1 34648 291
91 37 135303 291
65 86 116931 114
15 21 288400 673
91 42 18101 264
2 891
95 487

9859098
