100 299 1 1
26 78 31853 176
26 66 21949 475
26 37 15976 45
26 51 15958 88
26 80 15529 248
26 65 51749 366
26 79 41324 31
26 92 16082 171
26 43 10512 64
26 19 12315 45
26 63 40912 403
26 100 7628 65
26 85 15041 61
26 49 37051 52
26 38 38738 96
26 57 17268 27
26 7 48459 286
26 54 16419 114
26 90 247771 212
26 25 39127 80
26 69 18565 38
26 15 31484 405
26 58 23049 191
26 44 44700 115
26 68 20606 85
26 1 2396 168
26 48 35062 51
26 60 10744 101
26 22 28144 709
26 45 6572 145
26 46 18371 194
26 13 8265 760
26 31 58890 158
26 88 10669 32
26 18 140508 58
26 4 99108 127
26 99 11010 88
26 6 9377 213
26 32 38566 103
26 24 23118 10
26 33 31639 52
26 91 27038 43
26 96 17831 139
26 95 45762 265
26 87 10994 158
26 50 9356 138
26 11 27161 142
26 9 8099 329
26 47 3495 199
26 27 22905 126
26 2 18545 26
26 29 6288 288
26 3 9019 138
26 59 6466 67
26 53 55815 331
26 28 7854 116
26 76 18053 281
26 21 4773 461
26 36 4595 142
26 40 12590 221
26 23 5379 199
26 75 21158 86
26 81 111453 752
26 5 14730 349
26 12 20445 289
26 42 55909 87
26 74 6062 343
26 35 47640 53
26 34 22409 115
26 8 23762 447
26 71 2721 223
26 82 22613 148
26 84 21079 59
26 16 106588 174
26 70 11585 55
26 67 26871 136
26 89 7124 147
26 86 15676 456
26 64 8812 68
26 41 4066 26
26 39 18863 442
26 93 28309 377
26 61 8781 220
26 52 14404 478
26 72 6764 12
26 10 15136 30
26 17 43621 210
26 98 7219 57
26 55 36690 463
26 83 159272 139
26 94 8774 244
26 62 3843 90
26 56 4571 7
26 30 51550 123
26 20 14795 214
26 97 25670 372
26 14 12352 95
26 73 6436 869
26 77 18930 333
14 24 10295 522
88 90 44236 82
89 60 108484 136
30 74 131721 93
40 14 11070 79
42 23 38614 83
50 49 15280 231
57 68 5512 340
95 31 61194 147
9 16 4341 111
2 60 4116 310
70 72 78799 114
48 15 39407 159
79 21 15887 67
100 34 150025 392
3 60 5153 371
36 51 60940 226
85 79 7327 519
83 90 100981 446
49 96 851 158
13 63 66007 249
65 50 11678 74
69 19 93769 238
8 9 17708 30
41 33 11506 117
97 6 16533 128
90 55 15218 225
34 57 7465 109
83 56 23622 207
86 42 380601 56
91 71 11887 82
83 92 29586 169
59 16 16201 234
64 61 45307 149
78 19 13207 125
92 64 56379 1794
18 83 18491 1696
41 3 38434 90
96 43 18624 67
4 23 51989 262
49 26 19529 459
18 45 4396 74
89 51 8343 37
77 79 13206 103
77 31 8624 142
59 21 11759 148
62 25 4925 125
57 58 3640 118
95 98 11789 548
36 40 9627 498
38 95 95960 368
86 11 24279 34
10 80 10235 71
89 14 18364 128
12 52 16226 162
18 86 77157 152
32 33 20641 125
96 69 30652 23
88 41 9440 457
30 66 21593 148
4 30 27770 250
32 77 35671 1980
8 87 25088 204
90 71 4795 252
23 32 22179 46
83 8 22030 89
31 79 29014 77
67 44 14863 236
43 97 1004 831
13 11 15323 51
67 23 7813 38
98 93 10988 1135
74 85 8843 327
20 97 1364 74
10 51 12710 249
17 52 4816 486
43 79 10983 205
11 58 79704 128
45 55 70635 104
4 50 62570 332
48 13 74293 122
87 45 16471 22
92 47 4420 1130
20 9 60967 182
59 84 17603 121
85 14 39209 101
19 61 3655 241
55 20 83960 182
5 35 25724 126
48 66 66447 75
7 55 21037 58
68 93 7880 190
48 41 35612 76
88 2 19573 174
95 58 12201 231
95 94 4985 767
19 33 46078 136
83 49 23412 31
35 88 3699 45
30 25 6254 127
32 76 15651 713
52 75 33503 41
24 36 53344 212
19 30 20796 758
13 98 63085 1403
58 22 24935 46
22 49 29365 146
37 26 52870 339
37 49 22072 855
1 12 22886 142
23 29 12597 336
82 24 15992 38
10 49 4016 129
2 97 10378 565
9 24 16953 122
31 33 24890 377
1 34 21018 199
24 60 3332 312
93 96 12251 568
70 28 173555 134
73 96 41269 187
21 59 15891 158
64 22 137724 192
30 54 4174 268
16 89 11819 273
82 91 18462 221
79 7 11182 63
56 67 60081 1862
90 20 14086 32
9 68 66823 73
16 53 65437 302
5 8 61689 146
80 25 10657 807
15 92 67412 20
18 26 65923 270
20 67 19995 52
3 99 15861 198
42 45 113502 34
17 97 29986 45
86 85 7069 410
87 83 26617 125
21 63 53586 261
61 62 39379 436
23 12 3931 146
85 57 244877 795
67 62 30817 94
95 81 48044 98
56 64 20558 209
91 43 17912 265
86 26 13814 25
36 54 12267 79
61 3 115156 44
96 40 11839 43
1 76 16665 78
86 33 29012 260
38 70 799 261
47 7 64632 13
30 71 4247 1314
52 73 10078 144
6 63 30236 364
10 46 17336 91
15 43 19010 120
27 54 36534 879
52 67 6425 67
91 44 14020 81
81 100 28025 89
32 16 29330 109
16 38 9817 123
37 15 76140 675
14 25 117430 116
30 99 10881 64
76 59 5289 379
12 62 7366 65
1 43 81396 245
71 8 21813 192
40 41 24335 28
58 81 73612 191
91 4 39239 116
95 90 39426 130
53 39 41550 201
16 83 13303 5
29 88 8766 1092
73 57 76933 162
37 93 44373 141
36 91 8572 322
47 53 17045 241
35 14 35409 113
44 8 7806 584
76 28 33101 66
72 64 145566 277
71 24 13060 202
64 69 8145 194
20 50 2696 66
73 15 21101 168
36 19 31766 54
40 76 38197 145
65 88 27598 600
21 54 16313 181
28 40 11856 25
50 94 38346 67
26 198
49 178

4302038
