100 299 1 1
24 44 4212 253
24 54 127446 54
24 10 16927 59
24 91 74975 619
24 41 16363 31
24 60 47643 57
24 18 10534 110
24 12 28581 193
24 99 13922 90
24 66 32113 515
24 25 4311 90
24 85 24257 154
24 31 10425 142
24 37 11184 223
24 35 10225 297
24 70 13082 102
24 73 150535 2613
24 73 8601 282
24 87 16173 12
24 62 32675 198
24 56 87430 537
24 46 8816 152
24 35 31971 283
24 99 15169 54
24 61 32959 159
24 83 47043 162
24 4 52463 47
24 82 27608 675
24 78 29493 1450
24 69 43424 533
24 46 11415 76
24 15 5499 147
24 15 15341 170
24 27 32469 3579
24 61 47836 478
24 85 57690 192
24 26 4499 70
24 78 17006 1198
24 28 10540 148
24 20 3965 71
24 74 3578 338
24 18 64918 83
24 10 20099 170
24 9 11291 45
24 16 36509 168
24 61 112831 67
24 19 14808 39
24 29 31544 158
24 96 57965 164
24 67 7612 72
24 89 82551 72
24 86 18194 224
24 85 48472 228
24 39 14634 303
24 57 33336 118
24 36 40911 133
24 48 7312 718
24 23 7920 66
24 86 26424 215
24 10 15249 41
24 48 37703 78
24 62 44553 771
24 91 11516 76
24 2 17236 78
24 37 30056 129
24 92 15658 62
24 78 34093 164
24 66 65153 187
24 76 47838 105
24 95 16402 152
24 1 9449 37
24 56 60899 92
24 62 291156 275
24 88 14284 728
24 49 102284 61
24 80 19357 424
24 79 20724 502
24 65 13625 29
24 100 69184 64
24 58 64652 111
24 26 27384 451
24 47 128666 477
24 68 3607 543
24 48 26198 71
24 42 60696 58
24 32 37782 403
24 75 33809 236
24 10 2227 162
24 15 60297 33
24 66 2360 225
24 87 10518 30
24 60 29210 870
24 9 44153 31
24 85 72253 96
24 73 8345 211
24 77 44269 851
24 76 10332 52
24 40 4689 140
24 6 39382 15
46 49 29648 172
87 10 5409 227
98 7 15135 68
50 59 11636 68
52 72 35054 71
97 76 10398 67
56 27 18805 45
98 3 14215 357
32 96 27627 53
34 25 41908 397
97 60 44597 254
85 43 26578 86
53 55 14628 72
12 82 16850 74
79 98 40006 265
24 84 9662 92
57 94 90728 340
80 24 12489 250
34 16 17821 188
15 29 68651 1445
74 18 26162 16
46 52 14779 156
64 45 136665 265
26 75 9589 144
9 7 28352 89
87 77 20376 48
6 48 13998 88
94 32 4298 190
19 87 25141 41
82 48 23768 215
93 86 38825 366
51 14 210945 146
53 57 27392 135
9 84 9478 183
69 1 16098 99
41 54 11464 49
69 25 3209 152
38 89 18512 110
5 89 19420 84
66 93 6545 109
62 79 35262 424
50 27 40697 82
67 44 19687 69
22 83 17610 41
18 17 64200 79
56 87 10285 39
95 11 157692 134
94 100 27350 302
42 95 19716 65
67 58 14790 313
63 17 3692 96
69 49 33777 24
72 14 14944 163
30 8 12417 101
50 74 26947 267
85 71 60739 179
18 67 65778 202
8 44 16812 128
3 56 36596 383
49 81 72806 455
98 99 44050 277
95 29 6889 61
68 45 20711 166
35 33 35295 27
57 14 102426 309
97 37 50501 39
30 33 7662 82
68 30 3982 166
80 9 48354 125
73 60 11063 333
63 60 40834 272
60 4 48872 377
77 88 16195 79
26 95 24598 137
69 10 19226 82
16 18 9781 22
79 67 17416 274
57 60 15745 482
96 25 88808 86
79 44 30314 483
85 96 114316 492
41 73 6148 295
95 61 13489 427
78 51 6986 1204
96 16 7304 398
8 37 38464 81
83 79 56798 431
10 34 27365 168
43 3 93202 118
87 45 5536 3254
20 66 17997 73
24 52 2045 53
95 28 12795 196
51 31 15130 1005
55 64 5983 318
17 14 39047 324
21 76 46345 103
82 53 53312 66
96 29 8220 20
62 77 38060 114
41 67 68684 52
11 34 100199 153
84 48 13080 601
65 24 70781 1249
99 74 34012 127
87 41 15664 41
39 97 80696 184
76 49 5919 81
67 48 14387 228
23 74 11596 167
43 33 30175 138
91 99 8355 158
44 20 10037 79
82 79 15657 186
83 8 20562 192
8 20 13812 306
95 14 48219 227
71 70 19253 31
91 4 35354 28
78 18 20904 167
30 70 87161 275
88 41 175603 295
23 73 4559 51
42 32 27278 308
9 95 3900 636
90 51 21941 136
19 76 19767 133
1 82 47458 48
47 85 76695 35
22 52 23813 40
46 24 5503 459
49 26 78740 22
78 28 21692 57
83 89 4082 82
46 42 26561 559
98 80 43929 115
43 38 40685 330
68 52 17670 269
89 6 27496 492
30 64 16878 107
63 23 4530 31
87 75 25773 449
63 74 90728 132
4 92 42753 72
23 13 3397 142
59 14 46895 406
16 65 83385 1108
12 13 6174 296
20 88 27461 262
90 88 11802 136
14 72 118983 308
81 78 2278 53
34 37 114151 1545
41 6 127529 982
53 50 3632 68
61 86 14508 107
18 37 23915 831
77 80 30147 120
11 49 26650 67
73 26 49012 28
49 41 6581 149
32 5 58551 276
7 1 44501 155
31 82 371823 98
31 3 10003 113
77 81 30577 279
53 54 23410 157
21 28 47575 25
5 19 6138 198
49 9 17925 61
20 51 20147 332
39 55 2013 134
77 89 11546 62
94 55 17205 524
35 57 49557 562
1 77 78198 113
76 98 58773 120
12 22 116378 254
7 80 5560 676
50 67 26363 60
93 78 2895 82
71 17 84730 37
46 95 22089 17
32 75 4099 272
44 15 12637 342
62 13 37165 85
56 40 39922 235
43 53 24048 47
46 77 8789 91
90 41 21044 130
82 9 95232 144
86 32 16506 513
46 81 11379 53
34 5 547 103
53 10 24589 64
20 41 37316 218
55 99 4071 77
8 61 35565 105
22 71 16837 195
35 80 47478 166
24 202
48 202

1477024
