100 299 1 1
78 44 162275 780
78 88 17362 102
78 46 3533 81
78 67 1469 429
78 9 43264 138
78 44 38513 115
78 60 3398 96
78 21 4588 73
78 82 38888 23
78 59 13769 402
78 87 15120 387
78 8 18924 256
78 44 34684 82
78 31 28000 884
78 95 5778 162
78 54 101197 66
78 38 1959 116
78 60 6407 55
78 2 32618 124
78 15 25895 362
78 94 18406 253
78 34 193881 39
78 91 26821 269
78 92 28529 345
78 92 28849 409
78 21 39941 71
78 53 24011 46
78 95 15901 680
78 14 58933 457
78 70 14140 235
78 79 6558 33
78 33 37369 43
78 50 11916 278
78 63 6990 650
78 98 7473 458
78 12 5970 65
78 90 22053 1245
78 57 134158 182
78 56 8774 144
78 87 41871 177
78 53 26052 207
78 66 39554 601
78 58 24205 92
78 79 83918 1002
78 77 24293 259
78 46 94192 40
78 55 14725 155
78 80 45892 178
78 60 29935 203
78 8 862 440
78 81 41213 91
78 40 5139 154
78 7 9086 65
78 14 9049 382
78 80 38014 260
78 5 16963 232
78 21 88456 1357
78 66 37368 839
78 70 34536 337
78 54 52391 71
78 1 16063 374
78 61 103337 67
78 42 6767 114
78 96 25765 30
78 39 18168 146
78 28 36972 126
78 49 74893 693
78 35 4976 178
78 96 12983 385
78 8 28236 620
78 91 21131 293
78 84 6349 64
78 19 41673 57
78 96 79214 156
78 96 23887 443
78 39 44604 170
78 43 61188 458
78 51 58547 564
78 33 14592 211
78 47 68330 131
78 62 55093 989
78 29 34642 64
78 58 9509 269
78 18 18172 225
78 85 27833 377
78 41 29384 29
78 1 133441 113
78 8 11845 1042
78 95 7379 93
78 94 17992 110
78 97 24300 21
78 83 16308 192
78 69 28655 632
78 95 174270 52
78 94 40829 61
78 97 20348 34
78 85 25754 456
78 77 43501 60
78 64 27841 181
31 1 9206 209
5 54 36689 350
48 18 27926 1460
72 82 7346 52
28 13 78084 132
17 51 28865 189
49 89 19032 84
49 87 17642 495
82 72 10663 307
36 67 37173 132
91 67 37416 577
9 33 20340 951
25 100 68362 102
95 92 5345 272
5 4 36665 317
24 18 3750 62
21 34 20338 98
57 38 85118 16
5 23 17265 132
63 21 2307 583
50 92 38943 205
58 23 25352 43
10 15 17128 87
94 7 21092 66
15 68 13567 142
99 23 115809 194
9 2 71132 1089
51 26 11050 295
100 19 9020 105
59 38 85181 79
54 42 9512 139
77 50 3018 313
51 16 22673 377
41 1 28185 77
77 29 9437 97
8 100 55226 15
90 74 7305 282
27 100 19396 61
73 80 19491 358
87 70 17948 543
96 91 23283 88
5 41 54083 448
30 8 42381 36
3 71 15555 68
25 95 83594 45
53 33 7161 101
58 53 45699 202
22 40 4846 59
1 76 20943 186
1 98 8928 47
87 25 182548 394
22 41 78183 39
55 88 6404 634
5 15 1565 351
1 4 10743 10
66 54 8348 61
69 25 34881 611
88 4 16583 99
73 25 113633 309
40 54 10714 218
59 49 8604 363
43 71 22358 139
62 29 15563 73
48 23 4971 161
65 56 77867 247
37 67 33269 29
42 27 118186 81
85 70 4953 47
38 29 11375 94
18 95 56358 464
72 81 159891 69
16 9 50705 232
58 15 9448 293
50 69 42580 11
29 27 15401 165
35 8 13381 475
19 71 13312 19
49 26 30220 219
3 13 63179 127
31 19 19605 63
77 41 3414 562
55 29 4061 316
43 75 12329 19
86 21 14803 221
9 82 98531 47
82 70 7658 111
67 9 20316 124
19 38 16855 66
48 8 89154 754
82 20 10468 462
20 47 4966 173
9 26 5354 77
29 69 13640 27
69 4 24368 55
73 46 39979 55
45 68 155662 63
37 84 5403 469
97 31 8185 978
91 9 8431 231
92 70 29526 128
13 94 50435 285
60 62 62087 473
30 86 19554 78
36 62 15054 51
93 34 39918 298
96 69 81871 174
51 52 4321 191
77 95 16455 541
47 50 47082 48
91 75 331779 147
68 75 14728 364
27 52 27446 103
52 75 113969 324
33 86 149887 211
87 80 36774 378
91 58 36560 297
95 78 16092 150
77 79 17655 311
92 21 77461 69
72 18 17981 545
35 90 27106 178
78 13 48962 283
58 70 13175 67
37 24 14359 146
26 17 5596 175
30 69 15411 124
46 40 26804 239
97 20 16510 24
4 9 27257 341
70 93 5683 38
12 47 62892 78
72 76 12083 60
78 22 24265 84
67 46 47510 136
76 45 17169 60
44 34 9105 18
2 96 13118 224
51 32 36664 101
54 51 32159 138
88 32 20138 61
74 7 13572 39
34 100 5174 577
44 67 8550 94
12 11 1391 184
65 58 169211 67
15 59 40354 110
27 51 3076 379
57 89 71492 78
71 89 32935 248
87 65 25030 41
20 28 93502 37
2 25 33349 292
41 74 64366 53
12 86 14187 297
53 30 7452 712
80 23 13500 78
94 33 77364 46
18 9 32902 19
92 37 43101 380
5 59 37103 131
86 80 28719 268
32 79 20365 168
33 5 8166 206
94 35 82010 220
81 5 13614 196
41 26 44640 37
15 51 80385 124
54 19 6484 105
26 84 8281 123
80 72 10588 53
65 91 18284 182
67 28 43925 31
28 72 58019 107
79 37 8923 140
91 80 35440 76
81 90 1155 84
57 48 7575 184
37 45 11872 117
24 65 33384 256
79 83 12346 162
74 10 49111 66
62 75 14075 214
4 39 6724 95
39 32 10120 873
81 33 24348 127
89 4 28114 300
99 25 24780 217
17 42 19534 376
46 61 76998 27
77 82 84207 51
57 55 15597 367
8 50 59301 9
53 51 27816 154
44 79 38339 96
33 91 92458 118
73 64 16669 406
40 73 41964 182
34 10 30124 383
95 62 38340 198
83 9 29418 177
78 505
95 237

Impossible
