100 299 1 1
75 55 81840 79
75 13 17270 224
75 98 45001 149
75 22 80777 38
75 51 21238 258
75 43 8743 153
75 16 13873 63
75 23 22289 535
75 9 47583 151
75 80 8627 109
75 86 15581 184
75 60 39755 32
75 36 41131 19
75 77 16230 185
75 27 14996 10
75 11 25772 463
75 79 11238 304
75 64 19818 128
75 25 7898 319
75 24 66991 76
75 63 75382 29
75 3 18963 272
75 71 16899 214
75 38 7046 514
75 62 4743 36
75 49 7539 244
75 87 9201 157
75 65 35993 364
75 12 10709 37
75 15 24673 33
75 67 34890 15
75 17 96430 88
75 39 20801 213
75 6 36340 80
75 34 34317 1721
75 50 193146 80
75 88 51084 158
75 97 202667 250
75 85 18218 96
75 100 71569 361
75 26 7795 119
75 89 49885 39
75 41 8198 530
75 68 106771 75
75 46 156811 45
75 29 15790 51
75 20 11113 246
75 94 61618 82
75 7 35472 197
75 40 4616 113
75 19 14874 298
75 18 22718 287
75 91 11957 29
75 69 9231 56
75 73 59426 414
75 99 109601 315
75 10 16800 215
75 95 4092 101
75 90 9599 119
75 58 21999 45
75 35 3210 132
75 45 59681 41
75 52 18548 74
75 37 7911 74
75 78 37388 153
75 59 31883 77
75 5 49603 160
75 84 54178 83
75 96 14763 229
75 74 32374 137
75 92 28767 139
75 8 17106 283
75 53 5782 393
75 93 8069 188
75 57 31679 26
75 66 47195 36
75 83 16401 42
75 4 74381 371
75 30 32466 115
75 2 14698 64
75 54 23561 542
75 48 24686 356
75 76 44633 103
75 47 38378 177
75 81 15775 40
75 31 62152 286
75 42 11928 59
75 33 183499 771
75 44 16453 158
75 28 73645 350
75 70 20042 237
75 32 17508 212
75 14 4012 37
75 72 65918 60
75 56 4476 46
75 21 33324 36
75 1 37113 120
75 61 9764 127
75 82 10095 275
46 44 23997 159
32 25 117757 681
37 40 7678 91
67 45 56663 205
12 53 27886 176
9 50 6504 171
50 6 27777 333
70 7 26816 73
73 48 25452 118
57 36 46892 63
93 68 43917 428
10 65 9416 254
60 21 42250 161
79 60 47383 330
96 61 82244 197
84 34 9738 44
25 75 34699 209
88 22 74574 396
38 50 22555 218
58 18 12081 425
11 62 20574 780
39 77 38237 93
26 3 33850 132
87 5 12177 73
44 90 24478 63
43 61 31806 574
85 77 61362 50
71 17 4944 42
5 55 18127 1494
43 69 11229 86
8 5 15180 158
59 50 11484 146
18 2 55545 958
92 52 57489 82
40 95 16049 251
15 50 11527 3245
60 16 27695 130
35 17 33866 65
92 14 104757 56
33 2 20122 113
31 8 1754 418
13 23 52819 206
36 11 31175 34
88 39 5015 14
79 76 20655 32
73 81 18173 145
34 28 33011 1097
72 96 21522 62
33 88 18081 38
6 60 31761 439
31 46 2885 310
10 2 14666 22
15 53 21689 70
37 20 3715 22
88 48 32118 212
67 52 15689 315
71 86 35205 560
50 11 9278 148
12 24 24418 61
32 20 66161 189
8 94 96761 66
40 77 34322 62
98 51 77920 399
100 43 24271 61
26 63 31284 19
76 17 7020 74
37 50 12515 340
25 69 11339 1046
89 66 24507 155
90 31 7995 288
50 86 48636 395
15 57 22187 195
26 98 48387 103
63 25 99360 324
70 64 20235 223
74 35 10738 953
10 71 12454 129
44 77 28983 321
28 73 48803 35
21 32 13700 30
8 44 38708 171
56 69 27437 30
18 92 12163 879
62 42 6189 26
63 59 5765 279
77 45 107938 234
28 12 39293 368
25 33 4819 110
14 60 2643 851
86 23 29502 389
68 67 42401 170
81 69 6604 616
67 100 4357 160
53 33 93332 144
89 62 67001 104
90 21 12084 60
59 89 2486 59
54 51 57570 339
87 47 23526 75
8 82 50205 253
53 35 36905 206
68 91 6452 319
65 55 57635 98
32 75 14750 219
47 87 27383 144
97 16 16177 192
86 83 23747 37
31 33 7831 251
11 64 7823 158
54 2 73148 586
59 27 44817 637
16 2 94763 28
57 18 9969 309
27 87 272216 33
82 85 208770 119
58 85 24234 186
87 39 7439 57
55 16 16477 226
41 89 9398 23
47 1 14899 113
11 74 17750 278
8 73 14995 108
72 32 7582 34
55 78 81828 108
39 63 25202 95
87 2 8317 75
25 40 13803 137
38 12 19721 251
26 17 16894 112
85 70 51206 25
4 96 7762 156
57 38 9280 369
82 66 75087 76
98 36 17041 77
93 28 17919 126
63 56 67916 116
58 55 30679 319
5 17 40369 184
10 22 33194 1022
94 37 50561 144
86 62 35275 244
86 35 11420 80
93 91 11662 115
97 45 44570 80
17 94 4149 241
99 88 59743 37
20 8 27233 201
46 55 8447 10
4 73 19702 46
97 61 84718 188
65 88 40174 92
38 61 17616 129
64 33 5531 164
59 86 32033 108
22 4 44312 429
66 9 12860 139
4 79 9012 87
35 21 3479 293
63 37 7480 53
70 66 23378 45
27 34 17787 33
49 24 97045 46
8 98 25483 14
54 86 9321 647
68 61 14923 324
10 29 125624 259
38 8 22708 121
10 5 72629 50
68 47 16786 779
45 52 12084 1129
32 31 18725 139
95 93 10394 167
53 81 140261 1285
53 55 34298 664
61 97 71093 225
91 90 15566 217
85 73 35934 214
88 74 463370 213
11 58 37375 105
46 2 57287 27
51 97 5104 260
58 93 21733 547
17 85 25430 401
6 70 9844 153
76 10 37357 126
25 64 2497 302
4 18 21740 105
48 15 6378 649
24 58 10818 883
13 4 20331 245
83 42 35112 524
52 49 55140 72
1 93 16627 121
28 2 11791 293
61 65 13224 111
52 18 108140 34
97 91 17475 115
41 67 14157 16
32 89 92316 699
100 83 23735 300
75 594
2 266

6394869
