100 299 1 1
68 52 20035 80
68 35 14403 52
68 67 4816 144
68 62 62854 180
68 82 8275 135
68 79 36993 542
68 70 12422 28
68 16 23617 197
68 86 383912 27
68 2 4430 245
68 84 66003 360
68 9 45079 669
68 10 27481 771
68 41 57786 670
68 14 31647 247
68 3 12517 285
68 28 165135 40
68 47 68728 54
68 81 18958 101
68 54 29801 81
68 64 22463 194
68 25 21365 366
68 31 12897 148
68 74 26954 61
68 75 33548 145
68 94 35502 43
68 97 10516 186
68 23 19022 297
68 83 135835 74
68 40 54964 39
68 20 39312 301
68 65 28672 26
68 37 10148 125
68 50 4480 1568
68 42 119257 401
68 4 37346 146
68 96 18294 158
68 59 6105 23
68 58 15439 272
68 13 113781 504
68 15 5869 319
68 98 15570 305
68 48 17397 106
68 8 9624 258
68 43 12899 902
68 87 25497 63
68 19 13417 359
68 57 237357 82
68 80 13715 47
68 63 1479 88
68 22 7449 108
68 7 1037 76
68 51 48298 46
68 100 114530 195
68 95 63771 131
68 61 46718 1840
68 99 11379 115
68 30 8930 49
68 11 14246 62
68 92 22974 98
68 29 3094 113
68 44 19166 35
68 88 19267 178
68 6 6790 300
68 17 14380 100
68 53 77401 80
68 55 19619 221
68 46 47109 200
68 24 30939 362
68 49 17603 47
68 60 1491 125
68 21 15877 2330
68 5 27409 200
68 85 12380 179
68 56 11556 164
68 93 14267 167
68 34 52459 87
68 38 43444 199
68 66 12124 293
68 77 15126 155
68 32 7992 281
68 39 20570 120
68 73 4319 20
68 78 19256 89
68 90 33480 139
68 33 41776 183
68 76 35073 86
68 71 6555 1175
68 45 380163 25
68 89 48833 538
68 12 24155 60
68 1 69470 1151
68 72 35130 813
68 27 9299 151
68 26 56032 166
68 69 29042 335
68 91 5161 502
68 18 75435 334
68 36 2411 484
81 25 25661 36
8 74 40036 43
93 48 54701 87
24 47 50689 456
82 98 3945 221
97 66 10643 177
88 21 25742 86
48 30 14522 385
18 87 10083 322
2 81 21602 100
65 79 7651 31
44 64 7378 616
34 94 24531 46
67 96 112407 233
67 95 23885 53
60 9 47588 38
22 43 52777 797
10 76 61523 198
71 89 91809 201
17 45 10795 79
88 27 45020 36
41 68 14665 33
14 37 28975 291
41 15 128877 520
99 56 3008 174
4 94 96255 98
62 9 30414 104
58 97 11137 538
78 97 193293 335
6 100 8999 3672
60 79 149136 29
22 26 166753 79
91 8 2388 179
82 36 66788 117
62 32 39609 117
76 4 11753 271
25 61 30963 100
3 85 31664 104
87 16 9557 122
77 47 14570 109
72 32 13167 707
7 67 84522 18
81 13 3079 75
92 34 52694 48
72 84 29776 36
86 69 23763 152
52 24 17824 61
19 31 36538 365
71 94 57987 455
11 1 22710 124
48 56 67952 27
11 80 7107 31
32 45 108980 165
5 57 31052 72
51 73 26295 252
95 66 15564 182
16 66 30202 104
100 81 32823 128
32 34 36276 383
74 15 72493 414
1 91 30705 88
37 38 7114 58
91 51 1546 68
56 17 18346 319
95 88 123921 593
72 63 19461 159
87 28 33972 113
86 66 7118 104
13 6 13942 63
29 48 5589 507
14 91 7876 524
57 45 10504 61
18 59 100878 142
78 82 48966 110
71 40 16199 101
8 69 62280 590
21 36 15956 247
41 36 45558 274
87 46 11892 48
6 36 12031 206
91 18 2568 41
92 15 13859 232
11 70 27447 999
93 39 15760 106
56 37 12045 25
4 6 13213 88
64 91 57107 259
80 48 37998 55
20 16 5678 105
24 8 42628 155
25 8 9382 165
79 60 49126 168
58 44 47730 18
55 51 14285 315
59 81 33959 228
60 78 21864 107
42 77 37569 181
19 63 6014 102
53 72 18531 135
11 33 32520 132
86 21 5954 155
66 82 58880 364
83 69 5465 114
70 97 23822 1357
43 22 7202 52
42 30 46360 413
31 17 15834 60
39 36 130607 121
75 80 14780 219
30 11 30290 231
9 92 283797 365
48 11 11094 299
38 1 3572 1041
84 20 40906 293
97 93 56083 339
26 52 13400 205
31 88 19231 873
86 19 11585 491
10 24 68594 445
35 34 28133 13
14 97 25470 383
24 88 16838 1561
61 70 155403 48
28 39 5860 587
25 44 2435 40
14 23 12917 344
89 28 16076 102
3 39 44676 67
59 6 7791 132
90 88 38315 51
12 52 4757 200
19 83 2552 113
50 63 56264 362
13 16 42929 97
21 40 10390 49
69 84 21588 234
39 6 34500 27
44 68 18911 224
93 76 33244 24
13 12 4741 454
99 22 36515 74
88 91 7128 130
32 28 20914 107
87 41 14370 21
73 81 127713 554
80 21 12704 57
92 76 5978 158
33 91 28658 41
33 73 56809 41
31 81 6667 360
40 48 2703 538
84 66 61543 70
16 26 20992 82
100 63 20874 84
11 6 28100 42
93 17 36240 289
97 28 28369 19
91 54 79400 134
96 40 56804 65
12 76 27445 51
17 70 69040 150
61 9 16986 4387
75 28 23111 523
63 97 22786 18
31 70 23636 723
61 30 843 131
12 3 15214 138
26 48 98380 153
83 96 29435 89
56 49 7655 529
83 43 35437 147
16 4 90730 53
15 84 12542 104
56 14 16442 79
30 71 64966 109
79 86 11732 98
12 47 24591 398
38 82 22572 135
94 11 19035 192
7 86 14633 87
56 90 29545 215
55 67 16149 161
85 42 4150 34
11 10 51519 152
71 57 21315 98
62 41 18468 863
64 3 37983 113
26 97 32412 265
9 70 25837 142
64 87 83816 128
80 42 79380 228
61 44 8761 305
99 53 26632 565
22 85 5736 55
52 34 81083 97
40 63 27764 54
13 93 18195 99
17 79 103311 371
14 50 6946 302
76 14 75391 134
68 1683
97 967

37236756
