100 299 1 1
6 8 2287 143
6 69 208904 65
6 66 60106 250
6 30 19409 61
6 82 10546 118
6 82 17875 85
6 95 23212 47
6 26 90842 608
6 86 100915 113
6 61 103892 64
6 4 19009 639
6 66 3267 306
6 78 14141 411
6 43 21669 163
6 96 16202 38
6 23 20365 408
6 25 15597 123
6 99 5362 94
6 60 31324 37
6 76 12948 404
6 17 28823 136
6 66 82172 67
6 4 14484 441
6 3 36836 166
6 45 15396 218
6 73 43703 249
6 58 26809 189
6 90 24560 247
6 91 19094 370
6 16 90103 117
6 81 39307 343
6 78 62552 694
6 99 77796 356
6 38 39255 1313
6 76 64002 74
6 50 27292 96
6 51 156743 82
6 39 15137 570
6 4 72834 98
6 89 38954 176
6 15 85764 85
6 68 41591 116
6 46 247985 172
6 39 26716 89
6 45 29950 21
6 30 16760 58
6 22 13705 55
6 16 4635 94
6 86 35200 267
6 49 4969 190
6 39 35620 198
6 76 42437 134
6 65 28759 178
6 11 45834 75
6 95 47867 464
6 96 37539 91
6 92 89800 894
6 38 24400 141
6 75 4404 305
6 65 21701 32
6 77 77188 284
6 46 10290 30
6 15 18211 37
6 62 6723 47
6 26 80168 159
6 80 26535 36
6 98 5689 69
6 77 112426 128
6 85 29008 514
6 77 46137 60
6 47 70431 74
6 26 26533 237
6 3 21295 166
6 21 7869 245
6 98 53940 593
6 16 19491 126
6 10 88380 177
6 28 6804 103
6 20 7668 586
6 42 3401 247
6 39 15145 126
6 59 8182 287
6 95 23744 403
6 69 9493 62
6 19 197757 50
6 35 44984 162
6 8 25277 254
6 100 7763 71
6 8 11879 22
6 92 69916 185
6 69 17407 135
6 23 119010 199
6 80 18704 21
6 18 164325 186
6 54 89302 582
6 7 22594 84
6 63 4374 175
6 27 44977 448
6 67 33462 150
36 60 14331 21
94 6 10544 113
3 48 25125 175
92 60 3864 133
52 67 51452 52
95 55 57789 670
29 100 4553 43
11 14 9753 229
30 65 17655 157
1 19 12986 299
52 89 7743 174
7 33 8492 316
61 56 17470 69
97 44 30590 796
31 29 2525 183
79 69 22143 436
78 55 6981 37
27 3 28486 403
51 76 18025 406
89 42 6144 102
68 97 7231 1091
73 100 4268 33
18 75 3807 143
85 87 46606 164
5 19 44232 51
43 30 84776 87
36 78 17980 296
98 93 90198 367
95 70 20195 94
48 54 43254 33
38 59 10590 612
31 32 97838 282
22 88 45386 353
7 60 7998 75
79 66 2087 80
2 81 13793 379
8 78 267750 479
58 60 8214 214
91 76 71628 50
30 45 35158 103
96 15 12059 85
44 33 8073 79
71 60 107613 420
29 70 3080 195
17 13 31740 65
3 72 76044 85
76 23 22969 65
62 6 30569 431
63 10 6266 293
51 15 20417 306
25 75 31265 214
53 28 1665 39
38 74 7187 108
87 89 18835 217
34 73 25059 191
97 76 57156 55
13 78 25257 255
63 19 65471 58
64 9 24560 395
68 40 11392 67
95 87 63502 29
87 80 190050 218
59 70 66743 591
47 52 42181 946
11 13 11665 199
73 51 17051 43
21 86 57384 80
53 68 53877 514
66 63 77842 226
87 34 26108 264
35 31 43787 296
42 85 26415 167
5 99 40321 90
100 81 18554 201
80 65 79150 87
92 65 36243 216
93 63 13395 251
43 3 43293 146
34 13 49010 335
57 8 22733 49
75 99 30108 235
85 55 5504 65
3 41 99972 111
65 56 40334 63
46 80 64671 37
86 28 1736 127
40 94 8960 77
12 54 15064 146
16 99 37760 339
51 83 10003 322
22 71 30923 99
75 37 16336 270
54 67 27588 73
55 25 16304 1015
43 80 24837 292
98 85 6448 542
19 45 25182 68
40 67 13789 1290
100 68 23003 190
10 92 46607 104
87 3 9802 73
77 16 22159 127
31 86 30020 74
40 37 12191 98
18 24 25180 364
87 76 13696 61
45 42 11832 48
15 21 13791 507
55 6 22168 153
46 27 165955 120
53 55 37782 959
39 100 11989 330
45 56 15066 152
24 64 24889 228
80 51 5301 35
71 22 21131 111
21 41 37277 59
51 93 5714 105
55 15 6839 139
97 11 92029 120
16 82 60238 334
43 75 4953 139
69 44 44086 664
73 56 23728 522
5 45 39495 107
57 73 17940 73
21 60 17226 207
53 86 90114 219
59 48 52175 70
98 77 13025 61
34 97 34845 32
24 14 30827 132
36 6 13252 228
60 22 187595 53
23 62 6545 84
16 18 26896 40
33 99 12193 152
41 26 7717 95
31 17 4942 755
25 84 6785 706
65 94 46524 172
31 66 50493 125
12 81 81168 181
99 14 16911 533
98 67 41928 19
94 12 40533 55
65 19 17746 309
97 36 3051 56
23 64 14932 141
77 53 92543 457
69 43 27754 199
42 51 13717 159
82 9 7552 504
84 59 25812 731
54 95 11958 772
49 81 70089 350
82 40 61503 982
62 69 8089 289
81 71 31304 133
61 94 21253 372
16 15 15567 270
37 68 159394 255
69 59 31402 142
20 90 31821 945
48 19 60362 60
2 70 32977 80
43 81 10463 25
67 55 3837 121
40 100 6101 127
27 80 25319 99
36 34 47261 82
49 41 80972 121
84 76 30562 42
99 10 79529 171
35 98 9305 160
56 34 5532 337
18 36 14945 781
20 36 15005 1169
78 44 93624 110
2 53 4431 207
52 98 34718 169
87 94 56723 342
16 36 9419 61
45 95 11024 105
51 70 9490 240
76 12 26485 29
66 23 15310 878
91 35 142627 264
91 15 25525 137
36 69 19755 1839
7 96 2653 219
55 45 19708 86
47 37 49567 247
87 81 14505 125
7 69 3730 84
36 26 4517 73
75 14 53875 13
71 33 4782 914
41 50 11542 177
54 99 4650 79
6 297
76 531

3845556
