100 299 1 1
37 90 35090 259
37 71 10743 152
37 15 22298 130
37 65 13093 99
37 56 13247 19
37 38 10996 331
37 35 41936 163
37 98 41649 89
37 13 8345 219
37 50 31132 44
37 96 14195 244
37 49 18840 225
37 55 48070 43
37 83 18395 82
37 77 83664 110
37 66 4886 31
37 53 19644 34
37 60 22519 227
37 67 102159 154
37 32 30005 93
37 97 9629 211
37 1 300672 101
37 92 20771 75
37 44 65660 185
37 88 22318 81
37 8 57729 169
37 87 32295 120
37 89 23247 197
37 52 46477 558
37 27 71001 40
37 19 20280 564
37 72 10346 47
37 6 41654 77
37 74 26981 165
37 22 48992 56
37 26 16322 18
37 100 14497 250
37 4 22744 72
37 82 18263 820
37 45 76058 167
37 39 12624 197
37 42 45863 272
37 41 19425 57
37 21 46873 61
37 16 15861 460
37 78 14234 22
37 20 92030 300
37 31 61445 148
37 29 14443 43
37 2 53607 870
37 69 35902 92
37 94 25987 793
37 9 30549 21
37 75 15522 144
37 5 18407 58
37 93 6340 191
37 84 16323 131
37 17 19379 111
37 47 57411 88
37 58 40385 169
37 14 35222 42
37 70 6275 287
37 23 23684 145
37 61 40466 70
37 85 51844 687
37 33 48870 400
37 59 37175 210
37 48 66601 2478
37 57 10983 34
37 51 9903 107
37 95 46852 61
37 62 77351 48
37 64 5356 354
37 7 13716 65
37 76 318250 56
37 91 21582 329
37 12 15890 55
37 68 51154 2058
37 24 25648 90
37 80 43190 45
37 79 10093 213
37 36 6938 484
37 25 28943 50
37 46 27102 233
37 73 31839 126
37 28 71232 124
37 30 38065 135
37 54 9016 688
37 3 21602 368
37 34 78353 12
37 86 18346 50
37 10 23663 201
37 11 1627 391
37 99 86187 14
37 43 8437 148
37 81 11045 666
37 63 43190 146
37 40 17096 47
37 18 46171 225
28 67 12658 115
94 50 32091 174
92 21 19885 634
99 82 35976 24
28 14 6918 160
52 36 11254 32
46 44 75941 67
69 79 48515 293
47 58 17887 288
27 43 30287 65
41 52 17364 28
67 78 8978 182
52 75 40334 714
79 76 25674 138
60 33 18812 63
40 26 16067 81
7 88 3837 51
72 77 55514 172
73 55 74444 325
27 77 70319 219
59 86 13748 389
64 98 67190 96
10 28 40747 174
25 36 10109 81
51 96 20095 72
32 57 37644 200
95 94 21721 236
96 35 15187 218
48 35 14410 97
42 23 28027 102
72 2 51303 98
36 25 6656 342
98 46 59954 26
82 34 5959 104
89 88 8324 362
83 99 10400 257
6 47 2297 636
26 73 8358 45
47 52 49471 87
55 36 2273 309
89 30 15762 19
62 80 27614 446
28 30 17423 416
50 55 23517 15
98 20 49863 487
22 60 17079 97
79 64 28256 240
39 24 14058 68
16 29 6849 193
67 3 45986 416
16 52 67854 39
46 18 14848 75
51 86 56715 136
80 44 1592 254
24 52 14070 26
20 89 108143 557
12 82 23182 89
35 39 4117 257
25 91 4764 852
27 88 33390 31
2 52 5280 81
19 51 10926 247
91 62 38822 47
80 41 38344 91
19 33 13658 916
42 62 65702 37
74 100 87204 41
36 2 665 89
77 94 103036 122
51 3 76667 68
54 11 145283 53
56 60 6973 345
29 19 138581 98
72 57 120185 122
32 29 10864 47
97 34 8930 574
32 76 22237 26
46 32 26817 2031
74 96 27952 126
34 25 16234 158
88 77 25271 307
11 7 5617 407
55 77 36661 70
69 94 6624 86
63 65 10347 166
8 52 11051 36
33 22 628868 50
1 35 28689 373
59 3 56983 52
5 54 14985 107
56 1 16966 243
52 22 117596 80
30 92 67812 236
71 5 10571 94
40 100 15351 62
62 44 21033 29
68 23 15507 47
32 46 26229 204
53 92 27470 488
21 96 21553 109
97 44 8344 162
16 93 2822 97
87 61 85209 222
92 12 18871 271
35 45 56627 76
25 1 10214 314
81 8 19879 153
64 19 89121 521
5 92 30071 72
2 47 53767 114
100 20 55519 42
88 62 5247 116
83 97 28772 321
97 74 201290 469
9 38 26432 106
86 95 19373 26
34 90 83698 615
83 9 5448 280
56 73 3136 88
70 98 95594 165
72 93 4506 317
19 55 8217 397
82 35 12069 91
56 93 25015 168
66 48 4450 62
81 73 31319 70
42 30 23477 19
45 38 75457 40
88 42 56224 62
74 52 22803 102
96 68 21802 404
34 89 60227 178
30 76 56085 96
79 63 8076 601
9 44 22342 82
45 4 3132 600
65 6 11322 456
84 88 11407 13
4 23 14945 195
66 18 40776 14
53 14 10193 216
21 82 14242 261
51 26 9675 60
55 12 38647 26
50 99 42872 121
22 74 48848 311
22 37 13266 137
64 15 54323 27
86 39 32573 43
14 53 86490 106
16 49 35765 153
85 63 42907 559
45 23 13866 158
22 29 29584 205
88 26 18133 40
65 64 3933 238
82 24 54621 156
59 7 8452 46
88 98 66972 119
71 92 42981 1204
14 88 30181 167
43 67 3411 206
93 61 1031 90
84 52 66392 258
34 75 15111 83
86 30 10941 30
50 83 8933 43
50 44 57521 60
24 6 4786 299
17 38 18682 266
15 86 42445 54
5 93 12983 316
65 63 41131 234
23 37 24257 321
88 86 39783 275
8 96 21416 69
10 50 11838 121
64 91 6563 649
99 89 40209 2034
22 89 21991 698
93 19 13443 184
45 14 5763 117
94 64 30248 709
12 72 3501 179
13 98 17857 138
28 83 15244 41
50 45 208037 268
48 89 54276 171
100 48 32438 121
3 11 34580 93
12 67 37648 61
15 32 81895 251
21 6 51906 20
56 50 104873 184
99 75 16269 30
46 76 43444 190
51 24 51460 432
35 76 22086 482
49 20 22955 246
51 16 7879 75
37 693
52 168

4491458
