100 299 1 1
74 6 54912 167
74 35 10294 202
74 65 9765 205
74 71 36618 26
74 48 58888 209
74 25 20107 172
74 10 41768 136
74 63 16324 39
74 97 89913 177
74 77 25684 248
74 90 10034 160
74 73 52832 135
74 13 52747 61
74 56 4022 186
74 99 13577 354
74 4 23427 44
74 5 10777 395
74 94 150352 284
74 55 28984 536
74 29 10476 432
74 61 144470 94
74 8 3901 56
74 27 13697 301
74 43 178472 62
74 92 13260 376
74 9 62909 243
74 22 20469 356
74 54 16855 191
74 87 48953 191
74 53 47589 1181
74 50 30894 314
74 62 14970 207
74 67 51273 82
74 44 11271 111
74 36 12487 94
74 79 66826 574
74 49 29326 347
74 68 9337 54
74 91 13873 55
74 78 4793 285
74 38 18191 377
74 58 30478 455
74 80 63669 446
74 83 36214 334
74 19 48587 80
74 3 94424 72
74 51 10844 231
74 39 37224 36
74 52 24248 271
74 82 6617 337
74 7 12900 98
74 76 34910 55
74 81 36055 209
74 17 3738 274
74 69 53580 123
74 57 20283 459
74 46 80586 103
74 95 37771 101
74 20 45824 129
74 75 12128 393
74 11 16702 358
74 2 56150 354
74 89 29809 1164
74 34 3750 150
74 84 3494 21
74 12 43324 541
74 37 53101 203
74 66 53598 67
74 64 36212 1072
74 85 95892 286
74 24 5912 431
74 28 64708 157
74 60 20407 475
74 100 25069 99
74 40 7310 717
74 47 63128 58
74 18 71630 92
74 21 20827 50
74 23 10624 91
74 93 29175 254
74 15 21926 169
74 26 34153 169
74 42 8572 139
74 30 3147 217
74 31 37159 629
74 41 13559 126
74 59 15137 17
74 88 33833 104
74 33 9510 36
74 96 7229 446
74 45 4294 114
74 14 17173 129
74 1 8255 751
74 86 32541 98
74 70 26095 113
74 32 115625 202
74 16 18445 1301
74 98 71303 122
74 72 21264 879
26 94 18814 314
63 49 65631 60
71 86 34268 429
98 37 89185 138
58 90 20539 56
55 11 21610 29
98 59 47143 68
77 26 46999 113
89 35 27026 111
43 65 10773 169
22 47 12430 43
59 64 59796 152
4 39 44070 58
36 21 12671 537
71 1 49080 236
97 13 21847 79
86 18 5823 159
41 74 122529 137
77 66 11693 197
96 75 6442 220
47 83 16452 415
13 14 45055 22
11 12 36793 1339
45 21 81327 10
56 76 324449 55
21 84 172165 73
26 18 2960 622
87 65 71417 230
3 84 15440 146
88 73 31691 92
29 96 42737 89
8 42 30071 851
24 72 80716 31
91 32 9249 138
94 43 209805 285
75 82 2308 75
41 72 42511 349
11 52 57667 44
72 26 20958 454
85 19 9331 98
16 38 12257 330
49 82 10480 1067
68 59 27994 555
38 65 27647 80
56 63 57408 322
35 18 33901 28
97 63 55111 95
17 93 12778 364
19 30 17345 44
72 77 9832 371
57 24 1678 120
64 84 56345 398
3 14 17569 68
68 100 34157 198
37 70 76581 64
93 5 37937 91
32 45 193633 648
12 73 10931 66
38 18 24207 1056
25 66 48323 48
58 57 14757 66
18 40 12058 305
4 27 69577 177
100 83 34213 216
4 7 8224 42
89 58 137234 138
59 90 11087 207
21 67 162378 145
67 85 22793 161
73 2 19985 100
32 92 8747 273
50 17 15469 99
34 40 34761 107
47 58 6225 591
59 28 24450 135
18 61 11763 119
57 92 9819 77
87 12 4416 74
2 76 30299 1408
81 16 20231 22
16 9 65398 222
17 46 22281 49
93 53 61023 177
68 82 3491 268
3 31 27304 32
86 65 40017 167
69 46 55540 89
24 56 50450 285
61 83 11777 565
7 30 6883 285
1 76 72099 275
7 8 101156 48
47 22 10607 136
20 72 395437 342
69 21 36869 484
82 50 39650 90
84 36 69534 113
96 91 77105 27
19 87 3899 198
71 18 35136 761
26 34 16115 25
82 80 50212 275
82 29 30565 83
83 31 13139 447
10 69 37536 124
54 93 135648 505
67 61 7122 432
81 70 7229 40
93 87 55822 265
42 72 150275 126
33 21 39168 139
59 41 141463 149
7 43 119502 22
21 81 23141 226
66 86 28372 63
3 72 14052 457
35 15 3991 284
48 62 46006 238
19 66 6625 108
45 82 65382 71
78 46 10020 128
87 54 16496 69
4 45 28723 158
7 84 15406 8
35 59 3828 303
51 32 100050 120
39 76 44783 73
40 72 44656 575
9 60 15847 57
59 55 8005 67
41 46 32298 162
16 73 3637 152
36 20 4581 92
35 44 20741 384
100 66 24720 25
16 81 24812 346
38 66 10301 241
72 86 73243 350
47 64 34209 369
46 92 99273 27
30 80 12113 194
32 68 6391 100
55 9 23990 952
11 61 13608 267
79 47 16161 105
88 79 12699 52
86 22 16135 40
87 96 42593 1697
24 83 13791 484
15 32 102944 219
90 39 16380 658
16 42 11880 59
41 45 50528 21
88 23 27127 375
75 55 49446 358
72 11 17800 38
8 87 13314 1219
94 51 26432 89
31 84 12820 133
86 5 88782 124
79 76 20246 50
99 68 19314 165
89 43 9301 16
21 12 51273 92
68 92 15583 129
46 84 4662 266
8 70 43467 364
4 46 25683 166
15 79 13547 73
29 82 6503 323
28 11 14109 86
51 13 6059 404
100 79 103947 197
100 37 16197 264
32 78 5807 216
20 99 10116 48
27 90 96424 186
78 29 8702 241
98 74 40678 263
31 55 5508 175
89 16 6853 122
83 59 37141 33
58 77 71131 1087
43 10 7194 62
76 19 38327 814
84 86 47644 48
49 75 44949 125
73 97 15559 100
38 74 22039 136
48 14 14263 75
63 33 71785 166
22 99 37794 862
58 27 243860 151
88 98 43214 179
75 2 27770 315
96 69 32729 98
7 100 13556 48
56 41 142737 177
16 58 30306 124
72 88 10869 503
74 297
84 289

8085937
