100 299 1 1
97 90 623383 266
97 58 17550 167
97 45 11549 499
97 21 7301 265
97 55 3374 197
97 13 8206 169
97 85 23140 371
97 23 165851 1124
97 87 9150 1414
97 62 18841 72
97 77 13369 138
97 66 34525 80
97 25 10731 103
97 71 34538 469
97 99 8467 286
97 89 32558 764
97 68 82122 92
97 59 39713 417
97 52 65380 354
97 80 115122 136
97 6 26584 120
97 78 37059 119
97 47 14437 444
97 67 25473 72
97 69 27625 85
97 24 2390 184
97 63 94913 13
97 73 14650 32
97 36 9392 52
97 54 11542 72
97 88 35585 107
97 26 37372 92
97 100 59135 114
97 53 10757 90
97 95 29665 241
97 28 16036 52
97 16 49307 181
97 7 3837 59
97 84 82071 196
97 74 40339 220
97 37 40752 338
97 11 1969 124
97 96 10547 19
97 43 35547 184
97 27 45459 38
97 82 38552 240
97 31 87683 168
97 4 12717 104
97 94 30768 404
97 18 27496 78
97 38 5087 75
97 61 72985 232
97 50 3876 108
97 44 22379 331
97 72 21995 140
97 17 9577 163
97 60 52510 183
97 35 3840 87
97 1 11083 70
97 79 51151 71
97 57 13198 168
97 65 15952 53
97 10 29528 572
97 8 25718 491
97 39 11086 493
97 32 18795 66
97 9 3018 27
97 14 62933 68
97 3 33938 48
97 30 36130 170
97 75 90684 153
97 48 141625 566
97 19 38181 34
97 93 17718 38
97 15 12212 166
97 51 16815 126
97 5 2301 32
97 49 19330 190
97 86 6907 25
97 42 14342 103
97 34 10800 188
97 64 79908 29
97 70 5049 464
97 40 16033 728
97 83 21751 156
97 20 95389 115
97 98 38674 38
97 41 170904 99
97 76 63294 41
97 91 13681 215
97 46 91523 86
97 22 15506 189
97 29 41667 28
97 92 23932 51
97 12 116483 250
97 81 109243 135
97 33 8917 78
97 56 8121 239
97 2 17243 90
18 12 28142 113
57 16 91287 1031
19 77 15780 347
79 26 30405 411
23 46 101581 163
54 72 32297 256
91 10 16146 68
3 37 15360 409
48 1 56900 162
56 62 5255 57
61 66 15263 1102
82 51 14860 58
34 30 21589 86
25 41 40345 976
89 100 52948 76
88 78 20315 642
19 33 35300 230
17 8 22007 110
72 66 6983 266
75 86 3624 97
13 69 14703 145
4 66 8171 205
74 59 45700 410
38 35 7734 212
15 32 13687 101
11 50 19869 91
73 79 61378 233
79 59 44056 140
15 23 41015 63
78 70 22133 745
90 74 11518 1682
15 9 36756 688
66 15 19313 41
74 80 10113 236
5 99 17779 24
6 3 143106 723
4 91 12579 188
68 91 3411 312
87 86 71585 471
89 68 26566 175
61 64 133864 295
11 99 14693 399
81 65 8441 216
88 100 34430 188
12 59 17652 326
55 17 2850 237
44 84 32127 692
34 81 10630 164
16 72 17075 759
85 64 24258 589
7 81 39822 879
55 56 39630 39
23 97 19532 382
29 58 4410 204
11 86 6982 43
94 21 26460 19
35 84 103250 16
12 68 26402 40
87 84 22831 176
61 74 43089 75
81 66 46145 99
56 73 3586 77
47 98 115463 974
20 37 13981 98
31 77 13348 71
69 10 14790 301
50 9 9686 671
19 100 29001 378
55 21 36885 107
25 69 11729 311
56 43 52434 29
36 31 16617 88
72 69 29966 782
91 18 15690 433
83 99 28578 60
28 86 19089 69
71 73 50731 174
84 64 44998 165
44 96 22714 172
80 91 39948 53
74 29 10876 885
34 92 198332 297
87 48 6731 280
74 6 26768 35
15 38 26940 80
79 60 23931 305
3 70 19943 7
66 35 21442 235
80 28 15017 322
22 52 113465 616
19 68 10113 50
75 11 24673 259
50 64 11302 288
15 6 49879 1635
30 63 7608 146
13 93 19554 118
69 81 11528 158
9 75 126272 466
13 89 50230 94
14 4 6952 100
5 25 12338 67
75 94 9431 73
58 19 76029 43
26 53 1747 13
50 6 6729 79
59 32 8329 203
1 32 11815 516
12 97 60799 89
25 60 10286 21
32 97 12762 470
33 24 37694 21
40 25 20974 194
54 1 13663 149
100 9 34762 39
59 96 30124 644
13 88 17064 52
43 74 27218 47
66 7 4375 44
29 8 137044 196
83 56 17387 41
52 61 12975 139
55 94 16360 105
93 23 47065 127
76 44 15281 211
98 36 12747 70
91 1 3482 108
96 5 23598 163
27 9 45516 67
49 88 31251 59
15 19 18200 120
32 35 7591 95
67 62 45375 114
78 17 11314 123
44 63 5894 215
84 3 62620 322
68 92 12808 57
74 61 33015 27
83 97 29561 290
65 7 12757 60
11 46 39073 364
62 31 14005 664
87 18 89646 1963
67 65 12825 289
89 63 83309 239
82 68 157101 127
94 30 14242 158
74 9 70879 33
3 30 2046 262
15 22 40178 46
56 92 8764 472
89 60 13613 215
88 12 10988 290
34 7 36938 62
70 11 8246 62
49 94 62994 53
87 1 76415 178
95 97 19830 22
12 69 22423 71
49 95 18292 138
10 76 9262 50
92 76 21838 281
24 5 52159 128
46 15 19198 121
5 32 35057 71
62 24 15559 1382
9 6 31887 348
77 41 54292 126
47 38 79085 97
37 2 44822 42
59 17 2860 230
93 44 38256 136
65 48 13201 342
76 93 5254 70
32 12 18580 156
89 32 29670 35
54 31 8745 425
84 6 42599 183
20 33 35243 59
3 2 82309 325
13 12 28863 496
91 62 11846 310
100 64 15858 731
40 47 3352 21
27 64 121182 206
3 25 93337 155
69 31 21006 49
8 36 9059 100
48 67 7009 256
79 87 91122 251
23 68 34787 146
53 62 18486 36
84 80 5714 332
41 28 5259 616
17 55 12482 45
49 6 107969 86
86 82 15476 1060
71 26 16504 170
66 9 14574 169
75 38 7420 195
24 39 36062 130
97 297
64 50

758900
