100 299 1 1
57 74 176045 113
57 81 7783 141
57 2 9012 75
57 83 21263 406
57 82 57213 17
57 60 85887 444
57 59 14167 154
57 68 44883 103
57 45 20553 957
57 31 39738 39
57 58 13897 217
57 26 17849 77
57 69 35946 479
57 99 6228 20
57 61 34032 26
57 39 29407 123
57 56 16447 162
57 43 3053 75
57 40 6469 26
57 12 7531 88
57 10 28269 30
57 64 86219 1427
57 24 66082 41
57 90 96900 336
57 65 25083 135
57 89 33870 120
57 14 10852 108
57 5 27650 220
57 66 13964 137
57 52 9470 563
57 49 26115 569
57 77 81154 72
57 36 33800 68
57 97 27957 87
57 93 3461 23
57 42 16037 822
57 23 12421 109
57 11 10020 17
57 16 27888 107
57 32 10656 7
57 34 7797 85
57 46 19353 89
57 70 32215 92
57 18 3517 434
57 86 8501 122
57 73 30506 492
57 95 26810 92
57 88 12457 32
57 19 13846 111
57 28 38474 753
57 8 46078 39
57 91 7726 664
57 100 31737 83
57 17 2458 1153
57 96 46825 168
57 13 11576 167
57 4 26906 34
57 15 6756 21
57 84 188296 461
57 54 10553 144
57 29 10922 52
57 6 7480 1676
57 67 20523 1054
57 76 72192 207
57 27 31477 142
57 30 108629 307
57 92 18763 388
57 48 2807 417
57 98 2816 40
57 55 19281 287
57 85 6293 72
57 71 11148 344
57 53 16115 88
57 80 249613 67
57 3 30886 162
57 22 37170 74
57 72 7981 268
57 21 59510 28
57 79 29581 215
57 50 156273 54
57 25 11614 55
57 44 20400 16
57 33 21764 207
57 20 10730 109
57 62 2990 64
57 75 53980 189
57 37 11250 14
57 78 77232 39
57 1 18788 1080
57 41 3689 232
57 7 20614 242
57 94 25068 430
57 35 11910 173
57 51 43623 28
57 63 14818 353
57 47 35890 76
57 9 4139 69
57 38 59656 36
57 87 32100 58
25 7 23251 203
41 85 8012 656
95 18 17731 117
58 3 7883 116
29 95 4928 230
92 60 631 134
80 79 48741 224
29 13 95661 103
5 68 5690 82
2 87 23180 56
9 15 35850 655
90 78 34605 183
34 68 4628 55
82 20 11942 78
42 78 4148 118
22 52 14428 179
24 22 63181 82
10 46 107254 110
2 68 13254 261
54 48 7177 189
96 52 92649 606
41 83 109204 440
62 76 20774 85
49 33 35768 195
91 34 21522 2136
26 35 45421 233
85 38 11402 192
66 11 59113 146
64 100 40723 131
55 8 14900 132
99 48 48378 463
52 79 88674 73
53 19 23508 933
2 26 31270 165
99 84 13215 76
24 1 5448 44
47 66 46703 247
32 31 24390 172
13 36 13450 128
5 16 15134 124
86 38 38024 317
68 8 49427 521
94 19 7889 323
92 19 19052 160
36 46 28773 55
46 59 17165 96
50 68 7389 2186
6 35 52557 265
10 19 9041 177
22 24 25545 183
13 71 8008 139
26 38 111914 303
34 93 3920 2018
56 43 13918 69
81 24 15362 44
29 5 20836 16
37 56 26084 218
41 51 41488 626
11 77 7025 82
99 80 38138 59
25 86 15499 130
48 37 27357 124
2 39 92811 540
21 51 9944 67
2 69 60725 305
26 97 16114 277
56 21 27577 26
56 29 13240 198
98 19 32780 169
80 38 3054 185
64 20 174718 161
60 41 59071 502
88 90 23449 66
94 4 17717 95
81 93 33233 162
22 81 30628 285
29 63 2246 137
93 25 41391 155
11 55 4625 240
94 97 44080 129
49 70 10347 580
43 5 2659 427
34 23 9707 100
84 74 25030 60
94 44 5795 99
72 80 47244 394
32 92 15137 996
74 85 21316 36
94 43 22691 3
77 28 28271 205
79 73 16342 509
58 15 6332 94
5 83 6063 83
69 44 33907 94
87 78 180342 103
33 78 12103 223
93 30 33023 475
76 23 32664 16
65 67 46629 310
53 86 21672 666
26 80 37781 152
46 52 8336 323
52 6 9501 259
88 60 6034 137
76 74 5711 62
93 95 149379 77
53 14 39447 437
76 2 60048 251
21 95 10571 103
22 68 58117 77
76 44 7405 150
8 95 19211 663
96 14 17529 870
70 64 4035 114
39 98 25819 146
30 40 29388 27
60 81 11073 68
62 90 27704 787
99 11 82771 73
5 48 81400 248
71 35 44673 444
80 66 83613 8
78 5 14077 137
19 18 234416 156
56 5 13983 483
74 40 58299 99
50 4 57774 163
7 100 11617 105
45 63 105408 195
3 39 51064 154
9 32 29862 166
83 66 5145 185
50 12 19897 354
73 48 51458 160
49 3 35962 626
79 82 22602 26
46 7 46878 36
56 4 20510 527
19 93 34515 125
71 21 11547 118
65 47 53019 200
29 78 105602 142
66 80 32185 710
77 78 58003 955
87 97 64386 134
49 54 35552 141
95 3 14191 175
44 12 47982 187
4 97 15988 114
77 25 20833 54
13 1 50175 374
29 43 25598 341
6 75 42941 1196
86 11 7091 168
35 56 16888 40
33 21 8286 806
87 56 36399 843
6 7 15318 953
22 31 14292 44
45 4 22230 190
51 83 21230 187
39 16 49592 90
4 68 2163 124
76 42 5283 706
46 98 12352 240
46 36 9587 305
85 50 44678 121
61 57 24724 340
58 96 16476 170
24 87 55538 187
4 100 19738 189
78 91 15255 135
34 72 8308 179
35 83 138471 522
95 47 16248 589
38 74 19610 21
7 88 95264 18
43 9 7682 51
79 13 7728 50
51 57 27701 577
55 84 61193 393
48 10 29862 136
55 24 34456 246
33 36 363747 218
71 1 47225 516
20 34 15980 242
26 71 26021 946
70 71 18952 264
25 27 49803 325
54 51 26897 170
23 80 113697 142
86 47 26980 265
98 41 63364 43
64 71 86527 100
74 59 17243 155
74 23 20988 1115
22 41 14071 62
47 22 52341 173
65 19 7335 160
33 3 22237 229
57 3564
78 601

31550259
