100 299 1 1
55 71 2130 107
55 86 531 548
55 42 13615 286
55 22 22044 135
55 25 95081 198
55 19 6555 137
55 74 64572 341
55 80 2897 946
55 93 9010 351
55 53 9560 360
55 63 12794 206
55 15 15853 553
55 70 9572 72
55 31 59175 377
55 75 4796 43
55 47 113101 22
55 62 20231 114
55 72 27045 127
55 35 27464 391
55 36 92783 116
55 58 5936 125
55 24 24002 219
55 84 3333 284
55 44 11699 185
55 7 81893 50
55 38 46164 1124
55 60 24069 132
55 1 15059 124
55 29 35588 191
55 90 15722 412
55 3 14091 75
55 23 31444 36
55 66 9192 133
55 77 17721 424
55 37 7295 67
55 88 21529 497
55 78 6791 214
55 94 21888 65
55 16 25736 378
55 39 6258 277
55 11 38631 579
55 69 151526 69
55 17 10997 92
55 5 46506 20
55 99 183732 57
55 54 12925 63
55 81 109551 304
55 32 6392 134
55 96 452073 128
55 67 15036 208
55 97 15887 271
55 34 16887 131
55 52 25175 341
55 73 16728 43
55 6 58652 155
55 76 14508 283
55 100 13263 994
55 18 25326 120
55 85 4084 198
55 95 267858 168
55 59 18532 1027
55 10 63397 99
55 30 11209 216
55 28 53058 212
55 41 10320 1103
55 14 6301 63
55 89 13398 334
55 51 38246 143
55 43 48162 17
55 13 69886 120
55 49 22079 70
55 98 52586 56
55 2 32096 127
55 40 17021 125
55 21 35534 172
55 87 48875 106
55 9 9118 173
55 4 4153 127
55 92 21544 204
55 83 12086 406
55 65 9168 282
55 33 5781 61
55 45 25104 59
55 64 10915 347
55 48 26481 191
55 27 9496 309
55 57 2252 208
55 91 11427 34
55 79 3471 405
55 50 14273 226
55 26 34780 53
55 12 15258 103
55 56 32610 76
55 68 24294 262
55 20 110271 68
55 46 23141 79
55 8 21878 9909
55 61 15926 19
55 82 23615 68
74 80 39305 238
2 11 101417 120
99 2 57120 258
77 54 71162 204
79 69 18773 130
38 80 14830 212
23 44 11221 97
23 48 16617 27
9 28 4259 453
42 92 8830 218
15 57 3511 206
23 5 25062 346
49 93 13858 308
46 88 24090 66
78 68 2211 135
82 79 49901 57
65 52 3927 250
33 66 9266 129
12 67 27793 935
2 12 16780 39
71 80 27238 280
47 3 58511 178
98 48 13125 86
92 25 15074 99
25 89 4388 193
13 56 36373 45
4 40 17113 98
51 57 42959 359
33 10 10093 112
12 93 24886 788
44 69 9119 72
27 88 2814 217
12 37 11123 31
27 91 11648 135
45 40 82509 174
89 56 61291 105
28 57 56139 37
39 85 77299 75
59 53 81087 265
20 26 16681 16
72 99 21258 13
97 85 59342 148
94 92 16579 67
61 4 24218 90
7 61 30404 41
26 93 23946 36
77 91 5637 291
16 79 41313 131
48 34 44181 205
10 15 85647 369
35 3 59223 107
80 65 10845 33
1 58 268704 160
36 56 33295 40
45 89 7765 131
84 97 24290 759
62 95 104113 96
11 29 53616 114
78 72 36502 356
52 40 25403 182
20 11 9020 464
43 25 107912 228
87 43 14749 186
54 50 58570 195
58 76 4414 188
70 19 16436 124
95 34 18069 256
59 18 6189 159
14 2 32259 19
56 14 8133 153
37 67 230148 117
41 87 51237 71
24 9 39624 283
38 98 27230 173
76 11 25682 213
32 8 8664 43
73 59 166622 62
25 23 6519 66
91 3 3894 58
25 75 46697 194
97 1 31750 78
53 72 13117 452
5 23 33822 251
73 78 32513 27
69 63 7136 42
14 85 48269 521
20 64 7729 740
30 27 58962 186
31 24 24733 398
56 49 1264 149
83 63 5501 88
79 48 532205 682
98 68 46372 82
4 49 31771 119
29 98 159714 841
96 82 10846 135
7 32 16377 231
56 19 15955 28
51 3 9526 167
97 77 5171 699
93 42 20638 1447
13 51 11457 684
16 32 71034 170
57 88 35841 285
81 72 20871 128
30 56 9179 254
75 66 32990 83
79 93 16940 421
78 15 26240 7
35 62 8730 42
86 50 48603 221
6 76 9911 60
65 38 11596 113
83 80 15232 356
96 61 14859 261
95 41 22327 609
71 69 14781 18
23 25 37708 32
93 7 4749 286
7 34 5633 283
65 27 36688 244
78 9 29858 75
62 98 10203 96
74 45 5161 291
73 74 33301 158
8 9 6452 64
22 29 2506 63
58 20 10985 66
95 49 15869 41
4 22 54428 109
84 72 8019 188
76 73 47833 66
3 60 4680 403
92 10 18793 579
52 70 34865 70
93 16 12094 71
79 68 4330 178
86 44 39658 68
29 71 8892 42
51 76 117379 165
1 2 12007 397
35 24 64410 512
17 81 5743 1423
69 50 82280 110
27 18 115532 369
17 99 5478 213
39 96 78112 121
12 17 8795 54
27 24 49073 34
44 23 12183 544
80 88 13350 351
37 79 54164 217
27 84 12162 685
11 15 22992 62
93 63 19969 107
27 40 21875 200
98 62 14874 160
91 54 50483 79
73 52 45174 217
74 31 8845 76
54 86 17036 25
37 14 26958 147
27 50 21823 74
80 3 55735 124
25 71 11762 35
98 31 31871 620
76 9 34283 55
9 31 3665 29
45 7 23515 303
65 34 4469 105
52 44 24669 57
68 70 25164 37
63 71 10311 39
17 33 13629 336
51 61 1603 91
22 37 14392 91
26 10 51499 381
30 97 19401 460
18 33 16578 222
49 99 25979 1703
54 71 15781 188
65 33 53020 94
57 5 32396 703
13 64 19526 27
25 94 41895 145
6 58 13035 229
11 2 9213 65
41 86 10143 87
67 21 28090 52
52 12 15122 408
56 55 18905 142
34 8 24291 583
22 57 15406 602
65 11 7017 140
42 30 46257 391
93 53 152953 51
42 64 9863 374
88 52 39278 1344
97 53 23640 48
47 49 95686 40
55 396
3 340

12762495
