100 299 1 1
61 51 25790 191
61 43 52496 306
61 76 9799 239
61 64 40536 120
61 70 82537 752
61 60 48474 1015
61 14 72461 154
61 26 26024 102
61 40 66019 143
61 89 10810 66
61 46 9730 1021
61 91 13885 121
61 71 158502 202
61 18 27823 103
61 83 5434 82
61 100 60748 689
61 82 23271 96
61 75 18942 250
61 29 10610 68
61 81 4341 146
61 95 2956 42
61 54 33455 136
61 77 42344 168
61 19 23821 426
61 3 10575 75
61 41 19993 495
61 58 16511 992
61 67 13277 264
61 96 22262 90
61 59 105896 31
61 66 18595 43
61 30 5365 149
61 45 61351 154
61 74 8039 460
61 12 35887 280
61 27 12322 465
61 88 7670 52
61 63 77897 124
61 23 44540 157
61 39 39939 251
61 98 7974 70
61 24 46935 64
61 6 7550 37
61 79 1506 57
61 4 17261 93
61 13 19358 90
61 72 20054 106
61 32 5410 116
61 97 45098 204
61 37 31962 38
61 69 66026 85
61 5 15148 339
61 84 10355 172
61 33 23000 42
61 48 38494 124
61 20 116874 517
61 85 48740 38
61 35 69025 37
61 16 30031 63
61 9 40206 58
61 44 26784 80
61 57 65092 75
61 11 18315 106
61 73 40683 186
61 15 31780 95
61 31 23291 122
61 94 24614 76
61 38 7358 83
61 7 8449 76
61 49 8456 46
61 55 16689 444
61 78 46701 107
61 22 27396 103
61 92 150721 395
61 93 46309 71
61 2 24129 107
61 90 44983 82
61 47 4542 26
61 36 8762 315
61 25 9209 124
61 28 16036 1029
61 65 3746 65
61 56 52840 29
61 50 25351 56
61 1 37463 91
61 17 5924 190
61 86 10777 58
61 42 16293 79
61 52 39026 221
61 8 13978 56
61 87 43125 54
61 80 18075 293
61 68 21296 101
61 34 6196 17
61 99 51698 482
61 53 135126 121
61 10 19622 70
61 21 34906 532
61 62 1097 221
3 73 80998 296
46 9 6283 2316
58 55 10714 149
23 65 32421 98
56 58 47192 74
21 88 29163 84
47 81 16439 61
31 23 22644 626
6 5 70623 2294
70 92 30090 220
99 93 15669 235
48 11 34164 305
78 72 39588 743
88 30 34551 147
65 4 10400 258
63 93 7155 525
2 68 20306 180
1 60 361390 71
79 29 6636 363
93 21 10359 168
88 98 44751 62
53 58 133322 18
19 96 18811 289
48 3 72203 39
64 56 24058 70
39 58 23910 213
34 32 8858 369
72 29 23929 525
58 77 19554 189
28 54 45502 175
92 49 5730 401
64 6 67004 116
34 62 42012 46
75 3 50794 459
51 78 6422 128
96 86 8079 77
85 44 48749 23
79 88 55546 184
4 8 38248 657
14 12 30628 66
23 6 47551 294
91 53 15404 98
85 81 28294 384
54 8 95062 166
67 76 13283 140
31 81 6202 89
80 58 5165 181
46 7 8591 426
67 65 6306 389
35 11 18600 83
74 89 268802 34
54 18 36200 93
35 67 207063 39
80 27 14206 584
8 31 29319 115
4 59 5618 20
4 68 91070 127
78 11 20022 33
65 49 14608 15
55 92 47401 803
7 76 8801 269
76 92 8764 313
30 27 34949 127
43 73 110696 266
28 22 119760 94
30 38 4031 20
75 81 8398 130
30 42 115112 227
85 67 110768 136
23 90 21205 456
87 17 30144 211
68 34 33131 215
84 76 15393 78
87 7 10571 585
34 24 6963 781
33 3 13951 175
96 100 17724 217
60 98 14183 275
36 96 2279 473
11 54 42280 239
52 65 64474 52
100 99 42179 41
24 29 41174 440
4 85 11250 96
100 43 37026 278
80 41 51539 69
36 62 39526 109
40 32 21260 116
50 74 50719 31
11 81 15167 326
73 17 9694 57
50 23 29701 14
65 88 22341 157
37 69 27371 32
11 29 185590 939
68 65 97837 352
89 23 58367 231
26 45 11906 179
39 40 15728 50
72 4 14465 266
35 87 18631 244
63 9 26948 873
94 16 19043 57
97 40 43799 779
20 4 63139 179
99 57 40726 38
44 61 87879 200
65 12 28785 67
18 52 23435 71
78 60 28182 183
53 10 79881 256
5 47 14257 871
78 39 42137 31
3 10 76703 134
99 49 76138 516
92 27 25638 86
67 11 11311 13
45 59 6831 158
26 59 23664 169
81 61 7481 17
82 55 18346 47
24 43 3279 138
20 3 21644 25
67 75 96254 173
93 91 23228 10
52 53 8133 230
25 58 10562 175
48 36 26435 112
24 12 37780 392
78 4 20096 35
63 13 36975 233
97 17 30396 464
25 53 3229 134
97 28 16559 303
29 73 80102 454
54 57 45772 67
8 32 97008 144
52 75 11403 111
35 28 16494 301
71 75 11947 39
9 49 17421 308
13 32 32664 142
17 72 6880 429
30 10 32488 756
77 41 64852 185
18 95 50746 133
34 35 4649 111
35 85 7389 16
73 71 8172 251
92 16 14583 338
59 2 31622 138
57 85 27584 164
82 73 58235 69
83 63 21375 130
59 23 9497 330
10 70 60555 132
66 32 8874 154
90 95 10362 25
25 36 9192 188
70 79 1196 40
21 38 16672 79
10 68 10669 59
19 18 8206 33
27 78 4296 91
6 74 23270 268
18 26 16193 175
93 89 44963 604
14 7 25859 132
76 43 78410 26
98 12 55288 68
12 8 7743 768
72 8 42294 41
4 94 35040 68
85 76 12487 118
6 83 11312 60
38 4 43764 943
95 75 15667 131
17 32 30907 143
95 100 13405 213
7 57 15904 43
37 50 16321 85
82 21 181186 170
77 73 14586 809
9 66 1470 115
65 46 6040 237
39 88 42731 92
45 35 8183 166
94 54 21167 334
39 38 24873 754
65 38 70732 59
3 76 5158 806
17 27 75603 30
39 43 73976 112
10 90 7334 143
22 33 22819 169
67 9 17602 129
51 97 7973 171
93 66 43863 248
85 51 133772 213
98 31 12443 278
61 297
32 56

302960
