100 299 1 1
14 76 40259 94
14 82 30286 73
14 15 19414 662
14 23 32821 55
14 17 4163 117
14 72 54118 100
14 44 13767 12
14 62 69549 116
14 95 68380 132
14 7 13879 20
14 96 16092 153
14 42 10608 121
14 53 21354 20
14 69 71158 13
14 62 16232 80
14 95 21961 384
14 19 9677 44
14 51 16418 83
14 11 74264 257
14 52 30806 48
14 41 41478 27
14 11 9478 71
14 34 6356 191
14 94 55710 93
14 63 61752 132
14 7 23592 166
14 19 32134 93
14 99 9888 9
14 81 61649 84
14 72 29760 163
14 32 3178 75
14 64 28054 136
14 61 56934 183
14 90 14482 65
14 92 27248 51
14 8 2493 55
14 37 9104 437
14 56 35800 312
14 92 136656 79
14 7 182968 235
14 99 6487 23
14 87 28781 10
14 3 3176 175
14 66 17446 1873
14 94 7339 396
14 99 2599 63
14 68 135918 173
14 46 62769 51
14 23 11843 47
14 37 16196 325
14 87 19414 122
14 31 43286 142
14 83 1318 221
14 5 139612 31
14 75 16831 144
14 33 51925 229
14 77 21743 1011
14 30 33064 39
14 82 16376 45
14 66 15706 293
14 22 22958 48
14 42 128075 11
14 45 23337 131
14 93 16182 178
14 31 14379 505
14 61 47792 1590
14 8 26621 70
14 62 59101 170
14 58 45955 150
14 60 6548 90
14 68 107436 290
14 84 34164 295
14 70 43141 56
14 3 7667 247
14 84 18816 131
14 48 65808 63
14 88 19620 157
14 21 22574 156
14 6 42297 957
14 16 27734 92
14 62 64676 113
14 31 48865 552
14 77 18441 314
14 92 41040 66
14 89 18057 74
14 71 41232 66
14 49 35856 103
14 16 22363 350
14 24 13761 93
14 15 12026 36
14 38 43230 702
14 16 25269 94
14 94 14146 204
14 58 19786 91
14 56 13223 212
14 74 79068 100
14 52 3908 357
14 68 25633 244
14 12 83694 104
76 67 4201 162
6 62 39388 1583
61 43 109752 457
50 68 3485 1186
59 17 16950 168
84 62 28063 412
42 20 29557 135
59 42 69247 454
11 5 6708 208
67 32 5159 157
41 85 41180 35
70 75 81727 465
90 51 111015 1451
80 66 94923 84
38 85 25683 490
63 42 18693 533
79 87 74758 43
91 75 13239 678
85 3 3609 193
41 87 90522 376
60 33 37104 53
78 46 9300 1928
2 64 20153 31
47 1 16494 247
27 60 9963 66
82 22 73499 285
50 4 41468 98
47 2 24654 172
88 5 27834 111
49 58 34414 241
28 6 22848 70
79 82 2270 92
69 64 132985 61
30 76 82528 83
31 1 51017 135
88 44 48933 82
41 49 50381 402
57 66 14147 285
56 12 20753 184
49 8 33575 98
14 18 28680 184
48 62 13181 484
63 60 13691 192
58 41 9041 35
76 31 29670 64
90 52 71100 350
96 56 14426 188
84 56 19365 131
34 13 16735 93
65 98 40264 139
39 66 1243 177
6 3 3709 412
42 55 10013 135
34 83 2274 255
43 69 8486 1688
84 24 13536 33
42 52 51024 87
85 87 19053 419
35 72 61756 109
17 15 16873 79
51 52 29174 61
82 58 26654 622
28 26 16315 121
46 48 6195 183
50 13 5472 32
86 58 4240 98
5 42 178864 347
33 75 9652 201
42 15 101809 19
84 25 11122 657
49 67 5839 775
83 27 35144 86
97 71 22335 217
99 57 92798 52
39 74 1203 1072
100 15 34194 298
89 71 28087 808
3 76 27076 51
96 80 174648 941
71 74 40946 280
96 16 28076 76
47 29 6142 1098
50 82 10942 114
21 18 33165 133
30 88 7766 24
84 83 6861 657
12 74 33172 2003
88 20 21337 712
9 33 9313 389
22 31 37275 9
20 83 18269 119
6 73 25929 102
39 30 7482 139
81 5 4319 938
93 30 23496 9
58 93 103655 295
9 99 76407 128
63 64 9504 417
28 7 273711 129
31 88 3945 174
82 66 94898 481
11 32 21817 272
83 23 23788 89
100 72 30032 411
45 51 10952 83
75 56 181371 112
10 47 26243 1511
87 43 17271 344
86 18 8238 369
95 71 11479 575
47 10 25895 270
37 46 3842 237
10 14 15442 267
92 48 3912 16
78 87 10416 59
6 52 15670 381
78 100 9923 112
42 21 35259 179
4 61 3303 174
21 68 11187 227
80 81 69052 84
60 13 141608 200
32 65 7537 217
24 81 9217 132
97 67 14064 319
28 23 25175 353
11 12 43362 1235
59 88 116680 47
64 12 27609 560
48 71 21348 35
51 22 62812 97
96 77 26853 149
63 21 12507 92
88 31 42149 89
32 54 27845 53
46 98 21129 104
80 41 16957 299
6 83 28448 90
31 67 7848 227
45 68 15024 66
55 83 37819 71
51 45 68708 569
11 67 17687 720
23 70 2328 609
21 15 8008 164
37 33 7768 127
23 67 50568 384
88 77 23306 264
98 86 103099 81
9 2 79399 56
59 1 9020 299
90 82 34519 52
32 26 82887 111
97 51 17870 122
36 24 23275 169
49 66 9836 18
60 97 3303 49
67 63 7023 498
93 86 29468 1235
66 86 20738 519
75 95 16646 149
64 41 12786 209
26 51 3398 373
80 50 59658 259
68 33 34079 160
13 77 9635 60
70 53 77525 49
26 50 12110 24
43 55 15901 221
90 94 12367 227
86 95 34652 179
59 93 15985 228
75 7 6001 33
94 1 14476 1013
5 48 10460 91
21 59 66919 60
60 67 14631 82
12 52 1099 328
23 11 18891 54
77 33 11819 255
95 36 39679 552
93 41 25033 502
77 72 26798 448
43 35 50595 215
23 49 18429 43
89 94 12448 23
49 69 19521 164
13 75 16141 93
61 17 28009 38
36 86 36322 74
75 22 5765 175
89 12 45814 31
45 40 55511 62
71 37 26617 499
35 87 6168 135
43 49 37888 187
22 63 6181 49
93 3 35213 69
9 5 23148 46
66 64 11131 285
14 400
87 661

26231206
