100 299 1 1
9 58 39357 238
9 28 11652 102
9 88 75893 658
9 56 14596 93
9 92 51042 893
9 55 20894 97
9 80 12012 329
9 14 8843 84
9 22 106084 403
9 4 20109 146
9 6 47008 555
9 47 88728 843
9 30 20708 81
9 37 7578 223
9 70 7255 125
9 71 10162 50
9 36 6154 111
9 27 59275 390
9 31 15763 44
9 82 7156 728
9 29 5419 214
9 50 83319 77
9 79 22590 225
9 68 11754 232
9 21 22527 154
9 53 45637 52
9 15 15923 143
9 1 25674 236
9 57 26733 208
9 5 106495 657
9 54 4058 456
9 74 36092 104
9 83 88264 112
9 13 20772 64
9 8 11114 137
9 35 30239 620
9 97 3583 70
9 89 8459 97
9 99 7345 43
9 67 4108 8
9 26 63811 116
9 62 52497 334
9 46 324492 115
9 86 10504 229
9 61 84210 144
9 12 38939 78
9 24 6743 316
9 41 43806 985
9 18 17625 525
9 3 35455 29
9 19 30900 42
9 16 20972 115
9 77 7773 49
9 73 28443 73
9 72 16500 114
9 45 14931 227
9 23 29569 129
9 84 25981 132
9 2 7396 392
9 33 26082 78
9 100 27800 93
9 69 44082 39
9 20 84239 199
9 52 13212 1453
9 51 21745 23
9 95 30040 77
9 44 5362 52
9 48 112547 98
9 25 12250 19
9 78 26630 567
9 43 70641 393
9 40 42221 451
9 94 22933 1733
9 76 65783 174
9 87 64876 69
9 63 9812 18
9 90 41771 51
9 49 21276 311
9 98 62081 503
9 32 8691 204
9 10 20801 111
9 60 86951 96
9 81 26786 175
9 42 194059 224
9 75 24914 377
9 91 3924 833
9 17 11358 42
9 38 17692 698
9 66 10118 529
9 34 83207 392
9 96 45089 363
9 93 16472 36
9 65 7198 436
9 85 12336 145
9 7 75521 206
9 39 12193 167
9 64 25226 271
9 11 5406 384
9 59 23901 285
5 88 11464 875
40 61 186975 69
92 73 7884 114
21 28 4275 623
33 46 28209 78
63 6 5260 74
98 43 81386 158
30 97 70991 36
91 69 11305 80
91 87 35357 228
75 40 182832 470
19 11 248135 191
12 53 39434 601
97 15 3549 383
71 28 11617 426
58 18 29016 218
27 46 72605 162
79 82 19755 10
70 67 18015 102
47 85 12934 351
35 79 21692 196
3 87 19324 200
69 41 45919 127
99 76 24843 429
92 26 31034 472
86 18 27660 263
55 97 9032 146
92 46 3801 1067
33 91 56134 131
30 75 4173 31
26 13 31152 159
70 96 8843 283
51 67 44281 45
65 72 19161 13
44 25 25470 132
48 44 23378 154
75 12 5460 453
23 67 11528 499
71 83 39894 220
49 12 166756 56
51 93 3302 87
42 64 9364 65
61 24 20356 34
24 70 26373 227
2 25 62860 69
53 5 16265 26
39 61 24754 48
69 60 2521 81
89 56 17337 93
21 5 5177 88
44 35 18226 224
7 27 5478 467
20 77 408121 50
47 88 34476 69
82 29 50620 68
11 56 7235 168
88 30 14105 105
97 69 11799 146
61 74 23950 25
8 96 7524 253
88 72 44290 203
63 9 18788 151
4 25 14252 70
52 23 77878 573
35 98 151381 38
100 98 8675 269
76 48 13850 243
34 37 24653 168
72 1 2776 615
98 77 13564 206
95 13 33032 486
41 57 60127 151
70 28 13865 43
91 98 44426 120
85 99 42562 212
4 18 289555 112
79 25 18409 79
5 31 17022 30
5 82 11986 537
3 58 4625 94
58 90 2915 122
1 63 87559 140
24 69 39253 167
86 80 31759 613
37 93 6417 128
96 85 4306 105
20 8 56663 531
83 6 61008 65
82 62 7722 161
88 50 19077 90
54 28 35661 94
34 53 17643 29
61 90 20091 301
46 6 9415 111
48 75 4817 162
68 67 30872 36
55 10 58707 261
10 45 11751 369
86 56 78862 95
83 37 19680 70
2 24 34879 224
86 11 29749 229
62 60 2826 172
43 11 72968 264
23 35 19364 65
64 2 15375 386
40 14 136414 412
89 5 14688 150
43 15 17343 106
59 15 8033 309
21 95 4729 1494
31 52 5794 90
71 38 65556 93
29 93 12396 62
21 43 23516 95
65 30 70234 54
10 7 33850 630
6 89 15990 93
58 75 76145 46
83 78 4316 42
20 21 53376 89
38 90 119527 64
55 26 20317 167
87 41 17843 262
92 15 10066 55
87 34 31780 23
55 78 8180 477
97 73 13736 33
22 71 21978 101
11 69 268961 510
8 41 2334 35
18 95 18610 263
69 34 82097 118
100 10 22569 125
74 23 18036 100
61 95 9571 209
70 19 24716 375
10 79 14504 82
4 55 37783 84
21 9 14550 90
25 3 25004 92
98 72 11250 44
75 46 18890 46
69 54 86498 164
98 37 30433 297
74 79 71432 107
46 63 14792 97
23 32 11452 318
47 99 12363 45
30 67 40051 101
73 46 14745 356
96 53 88269 82
78 56 9315 38
59 6 23570 1355
65 96 59523 1089
57 98 17782 478
74 92 23649 43
45 97 41092 285
70 61 30673 500
51 59 32836 97
100 35 21374 66
76 23 12730 82
50 35 25309 28
22 75 32549 105
99 34 8423 809
31 1 21280 31
78 77 11778 77
64 7 11228 138
43 95 13048 310
59 28 36825 225
64 37 45197 301
11 46 39457 307
64 80 24017 680
59 60 10311 12
100 86 24486 139
25 38 29443 11
25 51 50364 38
52 19 28220 105
27 23 7172 164
73 88 136110 162
63 91 59459 314
85 25 21064 36
96 34 3490 104
66 43 28765 115
33 58 25780 399
49 16 7881 219
26 39 95443 87
38 53 3215 132
8 56 59465 264
76 78 9896 48
77 98 14115 335
45 69 116432 91
7 72 75714 401
92 80 1769 263
28 79 36402 81
86 39 20281 88
76 11 3406 376
32 36 25675 88
50 79 3287 274
35 86 12162 184
9 693
46 521

23363780
