100 299 1 1
53 24 9630 174
53 61 21571 193
53 35 33625 87
53 76 13727 119
53 33 4964 55
53 54 123192 64
53 31 40773 50
53 86 20331 159
53 75 4016 134
53 62 51928 112
53 58 58136 772
53 15 2429 860
53 48 22378 173
53 52 15325 148
53 7 13034 183
53 37 270384 447
53 21 10576 129
53 68 38980 270
53 16 29065 142
53 63 8269 64
53 77 7642 189
53 45 69018 286
53 95 62034 280
53 49 33304 73
53 25 6143 219
53 46 77053 65
53 65 17333 109
53 81 14792 211
53 70 8317 87
53 8 5182 89
53 99 2630 172
53 6 52058 114
53 89 148894 203
53 90 18719 149
53 69 18613 148
53 28 12014 107
53 17 16833 294
53 39 37949 149
53 4 89228 53
53 30 18994 79
53 98 42155 374
53 9 50162 151
53 59 36841 262
53 40 3772 120
53 79 27239 59
53 20 95304 40
53 29 120964 243
53 71 26006 244
53 73 5340 27
53 5 7943 32
53 93 18057 39
53 85 2532 114
53 19 17583 135
53 41 37238 518
53 78 72097 19
53 92 30207 456
53 50 44491 124
53 44 73061 197
53 55 6474 93
53 97 57340 238
53 66 3304 193
53 14 14374 234
53 34 12275 129
53 100 14186 11
53 13 24138 126
53 22 21208 134
53 83 69748 161
53 96 10479 173
53 94 172923 95
53 42 5095 244
53 57 4149 501
53 10 9652 150
53 26 71724 1752
53 18 18395 439
53 1 16630 38
53 36 26917 282
53 12 4079 164
53 43 50580 32
53 47 23127 123
53 88 5366 140
53 3 12758 370
53 51 7390 17
53 91 148009 95
53 2 4500 340
53 27 75723 65
53 84 88737 332
53 64 5300 288
53 74 7390 1583
53 72 22751 405
53 23 12287 305
53 32 62504 50
53 87 26520 297
53 60 36111 105
53 38 14178 111
53 80 35073 213
53 67 5081 74
53 56 44111 521
53 11 14416 338
53 82 19584 119
20 52 35815 336
96 49 8280 234
84 52 12558 48
37 29 44673 414
62 99 50609 113
44 17 9977 36
76 88 33042 90
59 6 10075 254
27 50 8226 394
93 51 69130 58
73 50 82280 580
76 52 23153 255
66 69 21967 221
73 11 17748 71
92 6 99262 259
100 25 13920 104
57 34 85135 99
59 71 17853 25
44 10 10411 100
5 63 29042 30
87 4 35122 582
28 74 12462 319
34 22 34470 57
78 17 3779 180
37 88 3162 73
3 66 25395 255
57 24 5752 166
92 44 6506 262
30 23 6069 146
22 5 6741 84
54 35 9197 719
75 28 50780 309
67 57 32112 444
100 88 8243 128
2 86 43435 166
33 88 14392 180
43 82 9235 17
4 71 42576 270
6 42 26504 163
100 9 36425 276
24 77 31255 75
85 88 49475 99
40 17 9131 405
4 34 21293 29
72 70 30618 470
96 71 5784 112
82 49 41058 21
71 87 33705 228
12 89 34825 359
20 53 7124 348
71 2 8642 20
55 40 30698 33
39 52 5450 952
72 23 8049 240
20 76 63817 34
19 10 47394 68
5 35 12326 155
92 29 15782 214
76 31 11629 302
33 18 65957 1252
18 82 37315 72
43 46 61145 135
31 35 11641 251
21 4 8094 362
56 58 126010 196
21 32 4569 198
36 20 21493 401
33 29 107801 126
30 22 25711 101
8 23 44499 115
2 8 15107 434
15 98 8213 31
47 29 23331 173
41 90 59834 313
74 87 58500 200
11 91 81820 167
19 38 11541 222
71 92 15816 105
28 1 9750 184
66 18 8861 543
23 66 21701 102
65 32 18672 82
56 38 10880 453
59 80 11132 45
57 96 14649 44
41 25 19306 413
16 48 2776 89
6 25 106713 236
76 55 28336 117
31 71 14850 700
60 85 12239 3265
37 75 38877 227
1 4 14697 79
26 15 45511 26
6 87 3392 928
69 75 55686 89
92 57 7197 139
10 16 8007 76
48 46 26765 332
49 28 29628 99
78 76 3319 211
60 82 31796 59
69 100 308935 86
94 51 92892 104
100 68 9791 55
73 75 2989 45
81 5 21740 148
12 50 14518 46
52 56 29513 78
46 16 24333 753
27 13 29026 40
71 90 1617 53
24 84 15599 126
49 84 12123 86
25 11 63353 24
73 71 57566 96
61 20 18593 85
23 100 17847 89
77 20 6559 616
92 97 19317 81
51 77 116455 131
46 19 67579 228
77 76 317399 72
83 50 10760 17
5 17 26652 215
38 54 71565 109
90 93 15965 18
33 41 3683 203
48 47 50954 81
39 61 16565 73
85 87 141183 116
54 3 57671 104
48 4 21038 248
12 100 7246 252
16 34 31862 438
48 51 9335 54
17 100 28718 144
14 19 165434 77
62 1 24694 389
43 26 100598 55
91 24 78302 49
95 25 29994 322
55 57 163036 374
56 79 236475 139
35 87 33978 167
28 5 22818 45
33 77 16693 387
78 52 46669 32
85 6 7434 317
16 41 18433 551
34 77 3015 128
6 43 21777 142
82 80 80372 249
86 17 35359 1140
70 9 8067 44
3 29 52699 66
12 52 78271 802
44 6 109168 18
48 66 7523 841
87 90 24555 287
11 94 14298 284
62 87 6620 1335
30 32 7212 804
1 59 70029 533
44 59 65866 153
9 34 37692 32
64 6 27873 61
17 8 10076 54
84 3 40876 25
93 33 18158 28
98 38 15079 1121
79 58 5781 734
69 57 47515 735
65 61 8591 248
76 8 186471 117
24 54 14817 180
72 100 5397 272
95 4 30769 132
65 79 33159 70
3 80 17226 96
95 14 3628 150
80 27 115029 67
13 97 11497 69
55 7 25823 130
46 31 11946 102
90 32 303840 203
42 33 25068 77
86 41 25612 68
12 57 20375 195
81 57 6374 105
99 87 13988 162
23 1 50408 854
49 50 7724 87
39 88 28930 334
94 92 29057 288
72 20 15077 61
13 2 20919 70
98 9 58006 150
11 71 30019 217
24 3 28616 393
53 891
87 548

11428368
