100 299 1 1
93 92 31171 149
93 33 24871 50
93 13 17302 165
93 79 71681 119
93 89 101788 18
93 26 14701 131
93 60 41309 16
93 96 4775 265
93 65 11721 130
93 31 12269 198
93 5 88566 151
93 73 8593 112
93 36 53713 36
93 71 21821 1042
93 30 5103 573
93 40 112107 182
93 90 78720 57
93 28 70648 394
93 24 11498 647
93 3 18102 11
93 44 50445 42
93 7 28879 212
93 37 5665 256
93 25 85653 170
93 46 80387 866
93 9 106237 55
93 51 30358 236
93 34 32573 197
93 64 5031 250
93 49 3681 279
93 53 24362 194
93 6 3933 112
93 12 32750 243
93 59 9209 183
93 56 23401 63
93 88 14378 127
93 1 71072 154
93 68 8169 112
93 84 9971 99
93 20 60393 78
93 66 41225 328
93 48 56060 1388
93 82 11825 306
93 35 20491 668
93 58 11308 245
93 47 57428 1724
93 50 16083 368
93 15 3087 1527
93 63 2661 37
93 67 45102 203
93 52 15975 213
93 22 25511 201
93 10 65529 23
93 85 8304 260
93 98 5753 26
93 23 15707 59
93 97 19975 92
93 78 2983 71
93 76 13304 75
93 16 56289 38
93 69 20805 90
93 32 166192 258
93 99 6386 21
93 87 100191 53
93 42 19861 59
93 45 22542 39
93 62 40837 90
93 70 12726 240
93 43 86181 214
93 39 42633 4
93 91 18161 113
93 81 206858 221
93 57 24010 724
93 18 9782 218
93 95 10714 82
93 8 149332 553
93 17 10614 77
93 94 8735 98
93 77 172662 99
93 55 5261 125
93 72 6175 206
93 29 90754 65
93 14 6397 103
93 61 39415 58
93 100 12745 478
93 54 6879 57
93 83 52501 89
93 80 56719 1007
93 2 93959 69
93 74 116080 114
93 41 96626 780
93 4 16101 26
93 75 10655 156
93 19 85974 136
93 11 18974 151
93 21 17374 302
93 86 12238 1705
93 38 298827 90
93 27 30658 347
6 49 13654 85
45 61 13993 49
27 30 30629 173
60 3 42092 128
77 51 178485 164
69 43 48067 1019
50 94 27728 52
22 7 12101 95
10 96 42374 184
25 5 55787 32
85 28 31827 68
50 13 4544 932
70 27 78345 212
57 5 11804 1846
55 42 4075 263
12 25 8124 454
2 19 1905 619
95 73 19361 535
34 75 28213 44
7 29 19302 255
44 18 33372 214
42 26 75432 120
15 17 44940 379
69 6 24209 135
89 98 13170 26
75 9 9054 122
26 96 10960 339
77 70 14655 209
22 49 7597 385
30 68 15017 183
31 10 19792 61
32 78 27160 197
51 78 8337 246
2 84 5438 246
95 41 44478 94
6 92 11677 416
92 51 103616 60
7 51 52333 81
55 34 5713 169
78 39 4502 371
95 5 50882 46
92 17 10629 799
96 22 10890 40
8 22 100894 288
57 76 25506 19
91 64 57019 121
21 33 248397 164
39 19 563 156
94 87 61222 281
95 96 26707 229
53 34 16621 330
12 6 18355 128
5 69 19197 280
58 86 27635 138
44 36 184126 472
18 61 18666 160
67 32 14771 77
61 10 40258 37
82 66 43272 203
100 78 25714 308
59 71 21989 319
26 82 35564 414
21 81 52036 404
50 51 29557 24
62 83 15855 841
23 26 7576 68
27 52 30632 64
73 42 35103 382
75 58 88657 698
89 36 26072 536
7 55 41006 147
75 2 46019 191
16 54 13318 308
77 82 24234 570
43 41 18099 107
37 41 39231 304
94 51 25215 410
96 65 18511 153
78 66 19125 151
18 96 7424 42
58 37 23750 500
9 35 27729 338
43 76 25160 289
85 75 7350 22
16 20 7127 560
11 3 293475 73
78 17 50098 396
22 17 2986 143
91 32 60754 107
14 98 10859 120
50 75 28111 153
42 36 22666 14
8 60 109312 35
84 10 3437 110
48 54 22698 210
6 48 1589 100
26 91 38269 254
31 65 3320 32
6 63 19129 32
89 88 37189 123
26 67 13314 210
27 58 1690 81
42 28 51077 494
68 4 4932 227
35 91 9964 62
61 58 19523 67
38 19 24526 199
40 76 38920 44
72 60 11101 21
59 100 5174 135
25 20 21185 256
51 57 78916 69
38 4 49305 727
43 99 10256 329
25 62 14240 568
11 24 21607 158
81 11 15210 130
81 71 33268 679
67 98 80323 43
11 29 33365 35
59 35 127309 137
21 47 38978 209
39 79 8224 103
84 27 8035 501
99 30 46865 17
80 17 16465 112
2 72 11400 43
40 31 11012 143
79 13 14076 383
36 28 3929 476
2 73 26479 55
54 20 7480 291
80 25 27678 230
84 49 59472 120
6 93 21371 110
67 62 4737 29
86 42 89871 691
16 97 22361 138
51 18 7935 45
45 51 36056 263
92 8 18524 108
56 99 13996 215
16 90 28424 81
79 66 31655 108
10 67 10377 387
19 53 20417 187
92 6 32912 340
59 53 11878 198
17 46 10492 58
67 53 41917 56
39 53 33548 172
9 98 182256 21
73 62 29879 480
56 61 26253 313
48 45 27072 278
50 60 81126 359
21 76 3290 63
12 45 7492 137
18 19 25507 105
36 39 4991 83
70 84 96298 36
43 2 7116 75
9 77 13959 63
8 41 58208 283
83 13 7368 106
16 13 3199 1057
57 86 118182 141
13 19 38862 395
48 73 20742 112
36 5 4638 82
57 53 19411 149
46 26 149789 41
66 23 8879 40
7 98 25608 91
21 8 21019 206
86 47 33284 1944
14 32 7758 340
10 58 1133 75
16 47 15621 111
83 1 12573 533
1 12 4037 521
99 14 10051 93
66 29 16491 3641
27 62 71717 74
17 96 29468 77
73 18 7663 106
46 63 5706 151
55 33 54409 447
25 59 26247 774
1 50 8018 32
41 70 54345 100
30 61 7798 224
67 56 14617 198
29 21 178564 65
92 54 50768 222
66 73 10822 210
73 43 38911 146
36 100 14591 127
36 54 46703 45
40 99 17785 68
93 1386
51 586

27149648
