100 299 1 1
83 70 49954 115
83 50 6459 116
83 17 128550 311
83 71 5353 7
83 49 22861 230
83 93 7555 446
83 59 9783 478
83 2 40356 209
83 38 11664 60
83 20 4917 142
83 85 34691 43
83 3 24237 194
83 43 31647 229
83 41 16986 76
83 6 24437 139
83 65 25660 411
83 3 26602 266
83 21 48132 125
83 87 24052 89
83 96 20963 316
83 51 26284 186
83 70 63246 244
83 90 19240 104
83 78 13679 61
83 65 52135 29
83 49 5263 97
83 26 28288 744
83 53 7444 89
83 52 21008 57
83 62 15920 63
83 12 44861 74
83 6 16667 347
83 79 40032 409
83 76 10899 235
83 11 53810 560
83 88 17705 73
83 6 17211 33
83 4 2697 309
83 49 16240 78
83 17 2901 506
83 97 78899 689
83 98 90877 75
83 18 29555 148
83 9 15067 294
83 38 92305 109
83 93 15271 424
83 43 25248 86
83 53 21517 63
83 30 4847 105
83 60 72093 190
83 11 40804 29
83 99 30796 511
83 49 16384 90
83 40 31270 606
83 23 5160 251
83 46 22670 203
83 48 37582 1211
83 61 77562 98
83 33 61176 264
83 72 44809 62
83 9 137426 292
83 93 34167 275
83 7 38191 361
83 74 39933 57
83 19 80609 89
83 64 8839 780
83 56 65220 156
83 80 18829 181
83 58 24386 1036
83 12 111176 11
83 19 84666 24
83 96 9420 126
83 22 9045 89
83 38 12247 235
83 13 56713 162
83 19 18154 250
83 85 15228 29
83 28 97778 1252
83 7 19643 316
83 66 13101 40
83 98 140348 1829
83 96 25800 492
83 37 36454 245
83 81 74316 37
83 39 101149 139
83 30 7360 194
83 16 22440 209
83 97 64264 88
83 73 27653 44
83 40 34482 68
83 99 41871 66
83 28 1475 80
83 18 95042 181
83 22 23795 40
83 6 3635 220
83 51 254143 125
83 31 36580 108
83 40 19081 234
83 41 64446 845
15 1 23718 118
66 3 73331 74
89 31 2555 94
29 20 27776 192
8 53 4251 57
8 43 29844 93
8 86 10492 348
92 95 95952 829
15 85 46807 120
82 22 42788 294
84 10 58154 404
63 90 27535 90
45 61 16472 88
85 5 7481 210
97 72 39733 244
54 70 7934 192
45 46 43819 30
11 44 98281 158
16 65 80358 84
17 85 7620 2242
55 27 23879 419
1 66 31362 20
84 51 37428 513
81 21 5125 242
30 33 108209 61
57 82 22339 23
30 82 36452 139
26 90 19689 322
87 71 14662 187
89 57 3392 252
81 35 8474 119
87 78 72754 410
28 99 12859 114
20 86 17024 62
4 92 34930 70
78 21 29095 81
80 82 67225 75
35 26 26112 60
96 46 12073 70
66 100 20587 277
31 4 14107 157
84 78 64340 125
75 61 27241 452
96 47 95523 291
59 22 107291 48
16 32 20268 171
92 3 10068 40
67 49 29511 90
4 81 75906 116
64 85 19416 113
71 92 17493 42
21 10 42283 38
38 45 29092 56
88 59 8847 216
79 58 9016 141
82 4 13624 326
44 70 19595 329
71 20 8552 717
73 50 6261 140
92 16 59345 65
67 28 12150 356
43 23 15056 1090
87 9 62492 64
54 51 12793 83
66 25 12019 143
29 9 23201 122
27 11 47287 291
88 96 10246 269
90 1 50998 431
52 24 19707 209
73 31 9920 162
69 53 9819 18
63 8 4235 90
61 7 4712 385
51 1 27258 529
66 58 4615 56
8 4 13531 351
52 65 9695 110
88 53 64363 153
11 29 142941 11
1 52 9299 66
45 73 14866 21
54 15 176301 528
26 12 6259 29
72 14 29017 188
86 83 47292 91
73 79 20733 305
93 99 7940 25
63 98 66702 288
8 37 22100 19
34 81 27383 359
11 61 47104 108
10 76 13948 406
70 96 31834 705
11 65 9126 273
50 72 22409 566
50 8 7989 45
81 44 10375 920
57 70 163911 250
70 5 61092 135
79 81 32285 51
40 50 98852 220
43 40 42234 75
43 47 19247 98
53 63 14130 738
45 29 27619 287
34 41 42867 97
87 62 55593 228
32 71 88549 310
81 2 6687 145
35 69 11038 490
82 77 36434 62
39 84 11469 103
77 92 20418 429
32 26 5374 130
69 40 23722 423
9 78 32844 657
53 4 35689 15
50 26 10626 261
11 64 53955 141
21 41 15341 235
31 18 49732 56
42 44 22469 111
26 9 32271 74
90 6 5085 455
83 91 6391 206
28 86 4056 46
77 37 24678 102
75 98 56204 118
67 70 15450 61
6 28 102132 51
99 49 19327 128
36 96 82445 70
32 2 40693 112
52 26 91442 30
41 52 7080 532
53 97 55644 144
54 100 4880 187
9 30 60641 452
37 25 50673 73
63 9 21872 77
53 70 1896 213
97 77 16819 272
13 52 98804 258
34 6 119749 476
12 4 17281 82
62 34 2110 168
13 76 39622 61
10 87 8989 489
81 84 32799 141
4 64 29007 44
78 17 26497 58
7 84 9111 32
14 75 120372 555
99 38 72915 37
69 56 20274 50
88 46 12373 43
33 9 29913 267
71 22 31517 52
44 7 9675 389
50 39 15012 60
1 61 21340 55
22 14 8241 322
98 63 42581 692
4 35 6065 124
4 33 4693 193
5 74 125409 659
57 59 8939 141
69 39 8359 117
21 7 183763 78
21 16 63506 252
9 7 28375 24
86 2 5617 205
38 14 9624 89
25 95 8426 124
55 70 3327 408
84 66 8176 119
25 37 7815 71
97 32 13641 87
54 77 10361 120
31 50 11746 41
5 94 31064 350
49 95 19644 65
27 28 17942 141
76 6 16411 75
75 74 6260 234
15 55 12445 302
16 67 13356 239
53 27 8156 165
48 40 15574 272
90 91 6782 152
41 21 1021 336
68 38 25659 748
77 98 35063 182
15 89 199061 580
82 91 35148 334
79 80 39920 92
16 60 45029 109
5 77 241053 182
56 79 17032 32
83 600
70 654

25952916
