100 299 1 1
94 41 191632 1082
94 8 18495 78
94 78 102736 35
94 32 193621 725
94 39 23518 482
94 84 4413 72
94 12 27420 317
94 44 4989 463
94 29 4991 134
94 1 10418 59
94 34 20211 135
94 35 23383 238
94 99 15237 117
94 28 16825 105
94 9 36232 40
94 91 39247 420
94 45 4254 35
94 46 49645 193
94 61 26561 125
94 18 9479 83
94 4 30891 67
94 70 30661 18
94 88 24200 153
94 53 13133 196
94 40 15659 176
94 21 7213 87
94 47 110634 164
94 76 21665 42
94 89 39155 36
94 65 20716 110
94 79 20367 73
94 71 9400 403
94 5 61576 32
94 13 2900 9
94 23 20053 229
94 30 14036 83
94 33 56058 69
94 73 56119 269
94 51 37241 26
94 7 85744 486
94 6 43863 39
94 74 23952 236
94 27 26079 10
94 50 14050 156
94 86 16367 152
94 42 12895 297
94 97 41456 286
94 11 11549 571
94 52 8919 748
94 56 37881 47
94 43 28288 489
94 95 79864 794
94 22 50468 149
94 80 26506 705
94 14 23654 77
94 10 14553 249
94 64 7379 286
94 75 2697 20
94 31 22228 602
94 37 21647 122
94 87 23106 150
94 54 28192 27
94 92 8227 192
94 36 5599 436
94 98 13394 539
94 81 32480 49
94 55 29669 1085
94 96 12368 87
94 69 17461 2943
94 67 24871 147
94 90 38488 182
94 20 8287 30
94 60 54822 38
94 16 31378 125
94 57 15576 56
94 2 97017 24
94 19 61046 708
94 82 95490 140
94 77 31140 726
94 100 15536 173
94 85 66816 83
94 62 3356 800
94 72 13448 470
94 17 11421 123
94 3 12285 42
94 83 48289 93
94 38 2857 80
94 26 10664 90
94 63 3667 129
94 59 14909 210
94 15 15083 191
94 68 12828 84
94 93 16839 72
94 58 7291 161
94 66 144134 587
94 24 14867 206
94 48 15483 3103
94 49 21193 146
94 25 23546 218
70 44 38347 23
59 89 36767 49
25 84 14415 105
37 24 4351 1133
74 67 19306 583
73 1 4640 68
3 84 19211 59
37 23 11474 344
51 7 49673 80
59 73 103748 324
48 44 17486 30
87 86 13488 102
38 95 19644 231
63 7 12619 91
87 46 8183 104
85 2 12925 67
18 90 11902 46
87 50 22221 141
77 14 31966 109
91 38 17269 127
99 42 64189 198
74 94 35666 59
55 16 14118 139
45 59 29685 88
93 65 5253 1368
48 21 15753 69
19 20 9919 291
28 27 30139 320
7 24 26276 617
89 32 23436 86
77 21 53859 832
67 55 18667 66
49 88 41506 180
48 24 8235 142
33 19 21630 61
92 58 130568 108
44 96 18004 13
69 91 4354 275
39 89 12473 52
36 46 13718 286
77 87 49350 776
77 8 17603 635
96 70 9196 146
75 92 2127 303
39 6 13724 56
9 66 30359 121
19 87 58956 80
81 94 12355 184
64 29 6176 181
17 38 63691 78
55 17 35837 65
58 46 102473 79
22 21 14477 132
77 93 3216 60
66 4 24005 68
72 55 3025 225
63 15 12422 1134
2 13 9388 49
4 93 25784 466
12 46 81334 66
85 65 33319 370
54 55 50717 37
81 93 15043 378
75 61 45958 98
17 83 50046 194
91 58 42377 745
26 96 18428 702
28 61 19899 41
92 94 4536 64
82 99 20460 164
58 21 37450 87
69 31 20058 28
53 27 15559 71
28 81 12920 352
43 84 47764 106
54 71 118029 165
40 49 7367 161
57 99 1864 134
51 28 43898 128
83 3 16383 435
16 1 53997 107
83 54 24430 116
80 72 23638 119
60 71 6936 310
28 35 26194 201
43 69 72013 106
12 31 67174 573
27 77 23099 147
89 10 13195 100
60 66 12813 74
4 12 8068 179
13 7 35898 80
98 44 16358 919
60 7 17520 338
1 37 55175 57
18 37 6753 48
80 6 7841 188
67 87 7139 32
100 85 6182 1597
57 45 3748 90
28 1 27056 28
57 33 22125 24
65 85 31576 143
7 31 9267 71
39 15 56646 74
99 50 116723 40
19 68 27023 292
32 18 19000 61
11 35 12929 614
64 8 34363 174
43 49 12339 100
3 99 3839 847
27 67 7649 191
64 65 17697 399
65 20 11376 453
53 17 16490 375
59 35 7406 148
99 80 44327 83
56 9 107755 146
55 65 18208 198
70 61 48592 474
56 57 4358 145
67 29 24478 59
21 88 49404 560
62 67 35931 82
23 61 100434 38
29 25 6500 59
76 53 15300 39
60 19 17181 172
71 43 4052 72
1 71 20203 70
23 24 2911 135
72 81 14265 22
11 80 14194 70
40 76 9113 45
3 90 61082 334
58 38 34467 26
17 19 14246 45
33 36 28021 130
82 88 24626 73
31 87 61040 528
8 98 41984 498
2 39 17099 71
67 88 47493 59
17 23 6672 399
61 6 4217 105
92 80 22721 175
71 82 45026 17
59 52 17694 135
100 10 4915 470
4 55 46177 82
74 59 15149 36
80 28 3909 100
18 79 20257 76
41 40 37991 204
43 1 20142 126
100 93 45232 381
46 97 42232 46
36 47 39481 56
29 87 19533 99
63 19 8493 44
59 30 19558 114
100 15 32832 111
96 91 5259 248
37 87 7213 110
65 3 17459 476
99 93 13211 24
85 34 17006 110
18 42 8520 11
67 42 13993 130
78 4 254017 121
12 9 10647 44
18 14 14935 132
77 67 38136 992
84 36 17285 222
19 25 55568 247
15 24 9941 1228
11 24 36827 40
36 90 32665 75
2 61 47524 193
19 100 31065 27
60 97 28178 470
97 10 13772 229
63 99 23647 830
77 35 19213 149
80 29 22583 152
46 55 22677 79
30 3 11522 238
2 18 29322 99
88 37 39718 99
35 24 16821 207
17 63 29596 330
16 33 80017 127
75 69 43419 96
40 15 54569 94
28 91 12191 141
99 21 29674 12
57 11 44601 95
32 99 27635 935
2 21 12243 23
94 1188
24 51

758217
