100 299 1 1
50 69 51856 332
50 61 48376 172
50 71 19496 110
50 33 11107 102
50 79 13940 222
50 83 4014 103
50 78 25544 352
50 25 34533 172
50 41 65329 371
50 84 98596 22
50 70 51301 10
50 90 8996 860
50 63 35078 63
50 11 26554 218
50 77 20629 90
50 67 12283 316
50 45 13205 60
50 31 6410 152
50 5 112406 33
50 91 27202 385
50 98 34772 864
50 96 19827 1331
50 42 9473 336
50 81 4785 679
50 89 8288 90
50 59 16362 47
50 73 63930 231
50 39 14917 144
50 52 16325 134
50 18 52996 936
50 36 20592 70
50 66 29637 509
50 93 144554 146
50 37 17943 24
50 53 22964 192
50 84 8858 159
50 17 33434 308
50 6 13873 30
50 84 33698 145
50 22 17796 219
50 26 24321 714
50 70 30111 74
50 9 9465 57
50 52 87219 164
50 9 28053 1245
50 60 26478 41
50 36 159957 707
50 1 37904 194
50 33 46128 198
50 90 9093 97
50 88 5866 693
50 61 75185 115
50 73 22412 214
50 34 11686 89
50 69 55000 397
50 65 5868 97
50 35 2678 921
50 61 6181 217
50 99 7689 131
50 44 18413 74
50 85 80236 142
50 23 17612 518
50 99 13382 296
50 4 27995 55
50 15 84636 38
50 61 46601 264
50 13 13752 460
50 87 31380 83
50 48 14065 85
50 4 3210 774
50 69 9889 381
50 36 35016 449
50 96 26705 91
50 42 101815 295
50 36 29760 64
50 46 10286 79
50 81 36650 643
50 82 36753 872
50 69 46825 215
50 36 17849 189
50 62 42196 68
50 72 42400 512
50 2 40009 67
50 14 35783 38
50 92 42520 147
50 20 6687 101
50 81 35656 193
50 62 43203 88
50 82 36317 151
50 34 8971 198
50 94 32549 244
50 33 6025 154
50 60 22345 56
50 46 11070 439
50 44 38447 63
50 77 10853 432
50 40 23035 64
50 95 60860 270
50 48 23678 322
57 58 24388 92
59 3 12250 24
100 3 48783 202
25 58 15952 120
49 66 48987 52
77 35 43816 312
99 100 30250 144
58 81 16318 130
19 35 4167 372
56 57 50775 372
42 9 3786 76
42 15 1665 151
80 2 268053 164
16 9 75323 153
92 97 10122 72
28 34 52445 110
33 85 11685 560
75 49 41092 1886
22 62 3158 75
74 82 122766 82
76 78 21126 135
48 9 86755 48
78 83 20865 70
25 33 44365 468
10 76 25175 1133
88 72 4950 24
98 28 88395 65
31 64 13686 97
73 50 34395 1867
26 40 18346 136
64 31 24434 259
8 20 17500 390
19 6 61830 181
48 26 13655 148
10 83 27087 338
84 51 41837 115
25 83 18163 205
78 38 16755 267
76 70 18670 55
14 62 16620 260
68 92 81079 507
38 37 11527 216
56 65 20118 162
68 99 17051 436
59 40 9918 58
11 74 10128 180
55 69 14826 252
94 31 30822 170
32 36 21031 67
43 86 79624 122
6 42 48855 81
72 81 47363 709
16 64 63543 865
71 39 29564 178
66 39 20218 160
82 78 13429 48
2 37 217292 56
82 89 7953 228
47 34 26260 17
29 100 25710 38
32 66 14053 39
48 45 25250 42
17 15 6049 415
24 77 92371 186
74 88 14913 106
47 99 3435 64
39 11 32386 59
64 34 125307 51
53 22 14909 124
21 68 40899 96
26 74 348504 282
98 68 24079 391
57 74 85898 387
65 46 44776 230
96 25 23013 247
83 60 99148 165
99 51 64446 113
29 41 378732 123
56 31 29328 106
62 39 68601 32
66 13 70383 406
81 13 64727 45
55 94 5672 255
88 36 7889 150
43 40 58357 101
34 63 38111 55
61 17 22079 199
66 75 12545 65
82 13 37905 257
11 4 12907 195
91 96 1901 56
91 69 6532 32
95 16 12934 28
20 13 11404 139
65 93 6895 162
65 81 126960 55
51 55 5919 30
27 44 46146 80
66 91 16947 159
15 55 8168 178
49 76 9954 215
2 45 58551 51
3 39 20853 370
58 89 2777 44
86 46 180034 68
100 26 19929 412
100 78 86347 92
67 43 104314 123
88 16 45058 203
18 27 51158 90
47 41 4180 110
43 35 1527 199
26 58 6930 368
4 64 8434 452
56 27 297626 269
87 16 57956 350
85 70 51292 141
87 55 60426 347
55 34 86510 64
55 18 28638 575
16 62 21635 38
50 68 154117 65
80 16 16180 365
100 70 161315 104
54 67 16471 250
64 54 21381 254
92 63 24098 429
21 75 46435 40
79 43 13398 129
55 30 3920 76
28 66 5948 351
82 64 5241 447
10 66 81912 119
32 100 25855 275
92 52 27528 38
96 61 6294 614
90 54 3770 48
32 62 7559 287
8 19 67855 174
12 24 18595 245
97 33 39083 155
73 14 51360 2256
86 31 1738 65
47 95 1996 184
89 21 10299 185
42 74 11845 76
95 89 12887 44
70 93 176624 149
39 49 164747 255
37 54 8183 296
11 54 10292 1194
68 61 4005 58
65 58 25843 96
86 67 2133 91
90 65 35830 115
100 5 6122 88
64 47 49424 167
9 80 11084 68
43 78 88603 307
82 94 30150 183
98 6 72206 196
25 7 23754 134
34 79 9407 78
84 71 12952 507
36 85 1639 314
42 39 43350 178
38 7 112509 181
35 89 10372 113
3 16 14107 152
86 13 3136 31
21 27 26553 99
14 2 4821 32
81 44 6480 25
42 59 10230 546
74 42 2464 683
65 48 6599 322
39 12 6439 145
16 46 8245 74
25 55 89214 156
11 67 4721 267
17 93 7506 79
47 74 28938 139
73 95 19452 36
67 27 40967 36
55 8 46911 366
3 77 57790 387
43 49 12118 277
88 59 39067 32
85 99 184731 371
41 16 1575 104
40 21 6494 220
36 93 64125 230
77 98 42896 251
5 72 2336 980
96 58 5496 22
46 61 24785 127
40 64 27209 47
88 94 49316 113
9 74 52807 104
2 71 70992 208
50 300
61 542

3509320
