100 299 1 1
38 91 28439 157
38 18 11055 368
38 59 38288 85
38 83 39534 291
38 37 44624 106
38 18 31736 234
38 55 6218 20
38 63 14105 118
38 67 9084 476
38 10 12612 556
38 34 12312 196
38 37 2883 93
38 85 12396 195
38 91 26770 68
38 75 18099 386
38 1 16942 161
38 70 10132 118
38 14 63603 130
38 88 8051 806
38 44 68974 51
38 27 7801 339
38 26 14838 109
38 37 19877 615
38 1 13091 266
38 46 15449 147
38 59 29979 112
38 15 25820 61
38 92 64936 158
38 53 3795 142
38 99 6983 32
38 79 8514 134
38 57 8823 153
38 81 68667 54
38 5 33698 77
38 12 28650 177
38 11 36315 125
38 84 76479 53
38 30 39607 127
38 2 30140 108
38 25 12063 40
38 8 41275 387
38 13 22505 1821
38 6 35400 25
38 89 21520 198
38 7 107974 730
38 89 22018 416
38 83 14976 80
38 43 45520 72
38 39 53677 73
38 50 41012 15
38 40 10595 337
38 16 83569 38
38 7 221820 387
38 92 188648 1537
38 81 22856 47
38 14 18808 105
38 3 66929 104
38 27 60945 250
38 93 33975 457
38 91 29018 236
38 99 14877 442
38 98 17854 95
38 97 7291 269
38 17 4400 202
38 34 27348 62
38 100 15950 28
38 68 14631 77
38 95 4789 108
38 30 17683 162
38 25 37880 298
38 27 81063 581
38 86 6048 283
38 100 61728 419
38 57 3017 721
38 67 68572 1934
38 58 21189 95
38 19 31607 604
38 1 35965 170
38 15 6475 111
38 76 140521 208
38 81 13132 315
38 60 14541 140
38 90 33850 144
38 44 38648 176
38 7 27165 70
38 70 253122 83
38 5 31152 96
38 56 15105 446
38 62 25836 113
38 59 77814 45
38 88 13108 91
38 69 4118 133
38 69 6155 11
38 12 21437 58
38 33 6250 35
38 82 6540 130
38 65 19119 22
38 7 16147 457
38 86 10882 199
64 38 7642 870
66 23 136422 140
26 42 6422 489
48 21 7986 67
85 9 12782 343
67 63 9209 731
77 9 53746 152
69 16 12045 79
39 76 5642 879
4 9 37089 251
54 64 32570 1586
76 75 5984 280
53 91 26478 221
93 29 23862 166
81 79 26929 47
5 17 13723 33
71 63 16533 195
40 13 77103 18
43 55 32709 49
82 37 48101 52
38 54 34321 312
80 71 95893 43
85 4 27470 99
42 50 236263 21
100 54 11630 337
10 3 18610 49
49 55 31158 31
13 64 90793 666
29 49 26284 101
63 48 50484 406
88 22 5150 113
82 62 30122 232
54 89 4631 91
48 74 29793 139
44 86 7206 188
69 32 30572 234
66 24 48384 56
89 62 15661 320
69 57 36199 109
18 66 15413 94
44 46 28443 77
32 53 18800 196
27 11 19005 21
78 40 24430 39
96 57 35842 289
7 12 5985 190
57 67 44705 87
71 4 18490 16
98 58 172110 284
35 8 94407 38
66 95 9545 84
36 65 4173 310
5 78 7280 55
90 26 10697 92
45 78 9777 98
87 79 9549 127
13 70 7112 81
68 56 16716 104
7 50 13067 90
95 65 16951 170
88 3 2835 41
49 20 10958 192
24 66 96176 101
34 26 14159 165
86 46 20578 338
62 97 8227 124
87 24 53956 62
4 10 33543 94
40 10 102472 329
56 7 39020 55
60 75 125831 69
94 71 4445 121
30 91 20943 62
79 72 45015 30
97 95 21811 177
56 31 10919 72
28 4 35475 201
88 37 8357 52
14 47 64700 143
33 24 98563 278
9 62 44105 217
68 30 39991 395
47 43 131433 64
91 30 31418 272
6 16 25687 220
37 34 39777 380
40 47 75414 498
52 30 6495 67
28 27 53410 106
8 47 17348 350
50 75 16957 182
37 13 87239 36
60 61 28796 195
74 84 19278 86
35 7 55545 102
57 63 6516 325
96 10 6269 195
39 83 42390 87
33 30 29905 720
11 48 8939 83
9 36 11070 76
15 71 7872 159
16 92 80829 152
43 62 2880 3200
66 82 10373 168
3 2 38141 408
49 88 21941 277
76 2 139386 347
22 60 96910 348
52 78 60281 446
88 60 4249 23
24 4 10322 385
65 64 33135 155
36 34 35904 283
73 80 4718 66
71 11 7660 1772
54 61 23617 297
41 68 56457 133
54 93 14860 131
87 88 59412 36
67 19 8063 100
59 70 37810 26
22 82 27282 22
87 44 31007 149
86 52 4555 581
55 46 28208 98
32 68 21362 116
11 4 45811 579
66 50 18487 181
18 98 59970 309
35 48 84923 168
16 66 9235 113
84 44 16643 44
45 35 7798 341
90 3 26607 30
29 36 14276 599
19 69 105370 45
61 80 116862 576
53 79 55779 56
13 23 26698 12
32 51 29759 132
1 95 11629 451
89 3 1642 15
72 10 2000 136
58 35 10016 120
18 23 63750 142
24 75 19792 104
91 89 6479 29
78 38 24271 53
32 100 27455 464
88 51 25228 49
15 48 29215 81
97 40 35608 96
9 42 8442 274
61 29 23885 49
63 71 93845 37
63 74 15587 121
1 99 61673 81
34 51 10026 45
16 18 10951 474
65 45 22865 58
100 66 60400 25
52 55 16257 240
95 91 83392 140
43 15 11040 71
27 3 130396 212
64 78 13808 57
8 24 5290 142
95 25 8316 80
40 9 3567 45
17 22 25603 920
45 5 50377 147
18 69 49762 502
15 84 95657 274
80 76 12832 327
8 32 29638 63
80 12 44956 15
68 32 4849 97
54 60 19707 609
64 48 19293 814
93 57 4477 154
91 99 10311 124
90 58 4174 385
80 42 11954 400
50 59 31200 501
65 82 87734 93
17 95 14003 102
66 44 208938 430
70 59 1041 527
39 13 133621 392
17 94 64025 31
7 3 13817 429
53 23 13064 48
74 45 8139 76
44 13 9637 209
60 33 58394 160
60 32 13382 52
14 100 4448 51
14 6 24548 488
21 65 63878 475
38 500
3 949

14116642
