100 299 1 1
4 36 12023 65
4 68 11395 568
4 94 24511 399
4 73 8900 89
4 16 31668 61
4 15 10659 4
4 45 65081 555
4 76 52178 47
4 11 16073 351
4 17 86162 238
4 94 86063 165
4 18 31338 745
4 66 7164 297
4 7 126056 106
4 84 126900 128
4 1 20852 25
4 76 6151 229
4 72 6917 31
4 9 209753 46
4 95 7681 132
4 37 19897 201
4 2 33734 342
4 61 99337 52
4 78 33195 320
4 20 171771 6
4 48 108605 274
4 80 12948 24
4 100 15807 97
4 94 16666 41
4 37 35549 788
4 86 115320 37
4 23 8859 273
4 19 2856 154
4 88 51567 494
4 34 17696 270
4 71 43218 183
4 20 5781 46
4 20 40011 279
4 69 24248 243
4 44 19695 678
4 25 19272 162
4 2 26134 37
4 2 22853 167
4 67 39188 97
4 69 19400 183
4 10 24801 392
4 89 63173 2009
4 25 16445 365
4 70 5658 28
4 11 8323 100
4 95 296927 71
4 1 8857 36
4 89 46251 449
4 5 18759 21
4 54 36960 630
4 54 41318 187
4 94 74593 59
4 71 27986 352
4 1 64699 121
4 77 33334 44
4 97 11360 27
4 32 7813 158
4 80 36886 221
4 45 59127 231
4 35 39823 482
4 20 40171 244
4 6 10635 280
4 42 71434 393
4 74 32275 141
4 31 10332 32
4 44 124816 734
4 57 23109 1017
4 46 2907 170
4 6 24063 66
4 66 10355 45
4 54 7424 541
4 26 26404 308
4 70 109371 208
4 51 31534 46
4 54 12253 82
4 21 9511 349
4 68 19098 423
4 8 20300 79
4 60 22792 189
4 88 11022 441
4 22 22053 48
4 42 10777 76
4 74 122008 508
4 75 8427 217
4 25 8023 719
4 12 104402 120
4 6 9812 130
4 81 17307 33
4 84 5634 281
4 58 29553 492
4 33 3895 80
4 73 76390 96
4 47 27117 108
4 95 18259 365
27 49 3931 972
63 61 10351 1212
62 33 14378 59
65 51 11558 368
21 51 29068 155
12 92 368057 197
78 47 38196 145
23 5 22126 192
25 6 26023 334
95 21 49470 262
18 29 29761 576
64 53 19894 156
93 53 27198 35
15 63 59991 134
53 3 6384 658
96 50 8460 290
85 2 26584 256
81 94 36762 102
52 100 23912 356
14 21 25241 931
25 53 48055 55
92 31 3701 318
2 29 14553 96
26 77 39086 137
94 86 16207 404
65 1 30116 153
8 51 9395 77
40 32 10731 317
82 92 5318 533
71 48 23046 53
74 25 12908 305
98 79 117991 108
54 17 20172 38
10 7 1360 89
51 20 11356 75
55 35 16620 76
77 68 9527 77
97 78 1489 280
2 80 21245 148
93 12 14138 567
57 5 40248 148
97 8 29874 136
77 78 5709 211
2 84 66518 58
46 62 70943 46
5 30 22395 50
91 62 30928 239
90 19 13538 368
56 21 33073 79
86 22 21888 258
33 72 12666 378
89 2 5433 352
81 98 62469 116
37 15 5420 487
95 40 12039 250
56 22 115939 95
54 45 17847 115
56 74 26897 427
77 79 14193 13
80 42 2713 77
74 6 60279 731
26 70 4630 16
47 93 143836 23
86 67 67005 214
81 22 31126 332
87 19 34219 146
60 26 35960 204
42 100 19378 151
72 27 9058 32
77 7 10331 84
48 80 84799 235
30 21 279077 264
33 6 30034 30
64 72 28656 57
9 75 28129 87
68 23 19136 395
64 92 3569 1033
10 61 10979 409
62 7 36664 483
74 76 54781 99
8 41 6161 238
63 58 51525 314
42 64 31031 38
48 22 5815 83
3 46 2313 124
1 77 38127 214
20 69 73761 350
48 100 26382 199
31 70 42118 210
15 68 107114 97
98 43 8414 118
66 59 10173 293
83 3 66144 65
8 42 16605 292
77 60 4523 314
10 58 9807 160
94 62 18039 136
30 79 24059 33
44 46 12588 116
20 30 60835 70
67 94 4958 322
30 22 45098 98
6 39 12779 47
48 14 12491 980
43 40 21977 355
76 1 19523 138
49 2 13159 131
63 25 9094 25
56 18 90544 56
100 44 29724 383
73 83 4675 222
45 7 6408 854
26 15 5687 723
6 31 38183 160
63 83 11196 406
71 69 23658 154
58 89 16626 182
46 21 167806 1055
17 67 31741 358
47 13 17444 49
93 17 8065 155
86 61 13047 110
61 30 3301 49
64 60 2708 53
97 23 23377 606
6 56 38039 50
77 92 8662 224
52 59 3126 48
85 66 271928 116
31 15 38656 202
68 91 18232 47
53 34 2961 44
43 96 8967 51
90 86 394503 310
58 69 41050 127
44 47 72085 344
91 61 116337 189
18 46 84071 42
94 98 35746 548
52 16 47504 235
63 37 6076 444
81 38 7080 104
14 72 25894 358
7 66 74644 85
66 49 15415 41
46 32 63600 251
70 20 3983 120
20 80 208798 376
58 22 8292 192
31 98 47004 90
86 82 53351 427
59 86 19101 831
38 75 10021 53
40 99 21124 40
28 70 5343 595
24 82 8042 323
80 47 21661 40
53 48 125384 284
68 38 50394 720
65 99 33163 22
61 91 8386 62
84 59 9040 170
64 82 43116 588
3 76 12877 674
94 58 16255 19
64 98 14794 164
42 93 37898 179
78 28 171783 91
95 91 4216 104
40 51 63464 128
85 75 57692 195
23 79 10842 504
87 77 9991 476
32 44 52039 74
86 90 37147 175
30 31 15209 246
47 1 139689 1518
37 42 43740 374
85 50 8497 166
60 73 43227 15
96 25 25463 293
66 83 14827 250
48 71 8223 82
53 89 8745 404
28 100 22532 68
2 12 12952 237
58 61 55754 194
37 36 67180 339
51 32 42616 55
5 3 15278 239
38 59 83049 332
12 9 3303 224
69 6 20303 475
1 73 25068 77
67 33 101585 117
23 89 2849 117
46 96 15553 78
78 74 6126 10
20 37 68331 171
57 96 38975 142
4 594
22 461

Impossible
