100 299 1 1
71 95 10106 148
71 67 14525 172
71 82 6186 107
71 13 17565 123
71 79 66814 107
71 23 3332 304
71 63 8742 484
71 35 38919 136
71 31 2995 245
71 86 27718 424
71 68 14474 503
71 19 23914 46
71 88 25009 211
71 80 44744 54
71 50 796 856
71 16 37491 54
71 44 2161 436
71 73 40214 125
71 13 7825 68
71 13 3783 205
71 50 9538 11
71 67 30012 245
71 50 2499 105
71 24 22435 99
71 57 30874 214
71 7 8250 98
71 99 335631 28
71 85 52741 109
71 32 20707 385
71 68 3561 61
71 86 6048 66
71 66 12804 115
71 1 14199 89
71 12 138473 192
71 41 4342 17
71 37 32070 72
71 38 7048 242
71 37 25995 196
71 14 103479 81
71 91 15871 548
71 47 36724 206
71 58 4528 16
71 51 23800 110
71 17 22544 695
71 52 8983 555
71 64 2753 489
71 56 6791 88
71 76 33477 39
71 97 18513 305
71 32 6745 654
71 95 29915 109
71 66 10844 181
71 100 38054 166
71 28 16736 149
71 36 43911 740
71 87 11383 1822
71 22 33193 171
71 10 7418 154
71 56 46979 79
71 30 15950 788
71 14 8368 49
71 65 8539 26
71 6 16364 60
71 68 32856 349
71 33 4745 602
71 29 71342 116
71 66 35690 38
71 94 16636 211
71 33 18073 813
71 15 4068 288
71 80 30767 581
71 83 14257 189
71 11 1462 386
71 51 22528 132
71 52 23520 129
71 38 42026 644
71 48 13304 288
71 8 100008 209
71 14 16651 586
71 97 26773 625
71 12 76275 240
71 100 51820 271
71 80 180696 39
71 86 33328 197
71 90 36726 172
71 50 3711 30
71 12 21485 128
71 1 3058 150
71 48 62614 37
71 30 64079 155
71 59 22793 69
71 26 104610 804
71 80 2653 51
71 35 20913 120
71 95 36296 281
71 36 3432 184
71 97 26620 152
71 79 19242 102
71 82 11892 140
33 48 18160 443
92 38 6019 173
25 22 14741 140
34 59 7037 214
66 12 10949 566
68 39 48903 70
43 17 30163 39
52 92 21033 99
51 53 13142 2678
71 81 22974 600
30 86 50341 339
11 39 35775 723
60 33 31278 25
28 74 39861 99
73 95 35103 115
78 76 84037 201
21 18 59885 497
25 23 9768 198
65 51 15961 300
99 79 19245 406
48 60 6125 49
97 27 99100 469
10 12 40096 348
88 67 37121 399
48 79 8319 221
47 46 18894 376
29 46 13952 15
59 98 39971 541
92 64 35737 147
39 68 28629 138
67 32 7183 125
83 46 16529 275
52 36 16771 42
48 61 8565 186
39 81 35668 229
61 97 99091 451
61 89 6200 502
35 60 8229 51
35 21 30338 29
37 71 14478 161
7 80 8267 612
42 35 40046 199
96 65 22446 38
63 4 20476 148
6 48 16193 34
11 3 47845 285
70 18 28996 68
45 28 16101 55
95 56 24539 258
11 63 17811 154
88 59 11146 290
34 35 20566 585
39 54 7309 99
9 16 42244 48
47 45 40918 413
94 57 41692 215
18 64 132878 528
8 33 15928 154
76 5 36109 143
97 61 32690 135
13 10 11225 82
46 16 25060 105
66 13 20702 206
54 62 24530 40
98 17 22419 317
2 36 24236 42
98 91 9726 95
87 85 30089 97
8 81 43682 108
24 98 16970 521
20 43 3094 243
46 62 88336 149
64 9 24772 57
25 8 12557 270
10 6 94956 417
24 36 21268 138
24 23 50844 60
79 24 14325 139
52 85 7206 110
43 98 104119 60
39 77 36864 70
84 36 55592 258
74 93 58594 105
58 55 19308 668
38 29 21160 33
38 84 1333 105
18 93 9737 107
30 20 8603 315
2 71 42931 97
40 79 48004 144
60 3 15201 488
15 26 10207 179
45 73 8744 214
27 74 34696 199
76 80 91969 106
13 50 16318 190
84 54 17532 137
97 26 42358 68
29 3 6152 31
27 28 56346 89
42 54 12817 87
78 29 6712 313
14 39 84127 54
42 98 34332 95
29 59 56160 41
47 28 80640 454
64 88 11948 178
54 40 43292 21
56 16 5476 477
97 51 41907 263
97 2 66239 175
92 41 92503 166
17 14 23034 72
23 3 22687 51
51 80 42510 239
8 99 59808 80
30 1 3536 188
21 5 92853 94
84 83 14070 178
98 55 34899 1227
14 15 35096 96
20 100 36503 65
30 65 75513 1328
99 26 16072 136
20 96 17539 99
46 81 55664 558
10 46 11963 39
88 49 4898 117
51 27 50240 39
5 97 19700 1786
7 20 18950 234
74 10 83555 62
31 29 69463 193
20 87 213752 25
98 76 35920 39
44 90 86251 680
95 43 31967 547
26 92 27885 457
51 46 7287 146
4 88 7506 100
46 38 11619 113
91 46 8856 473
58 64 24003 77
89 97 10654 269
57 48 10516 340
25 24 36845 411
82 18 4546 713
33 86 58359 348
69 35 92456 311
65 12 32868 136
9 76 33686 190
59 10 16796 446
89 56 6935 249
100 73 16514 449
60 8 9180 346
90 76 15021 396
18 61 15699 258
93 25 15374 23
91 9 15640 97
97 17 55742 28
55 77 21497 173
4 44 68814 42
46 51 31382 56
86 75 48337 83
41 60 4865 34
48 71 1501 227
89 55 10006 941
53 19 14121 209
87 91 2596 52
65 21 26773 292
16 57 32938 45
55 19 8287 115
84 9 44293 2496
1 20 10736 13
21 61 17050 88
90 87 43387 21
82 47 28192 39
70 14 36364 309
50 55 13925 178
39 45 28721 59
10 81 34942 57
21 37 16571 101
14 78 38026 169
13 25 54803 125
84 98 12556 15
76 82 25494 34
96 32 87359 61
97 84 30353 69
72 61 105168 43
19 74 44687 113
45 77 32018 163
72 85 70198 108
63 70 59829 115
77 32 11116 316
80 58 42592 51
55 76 54814 432
18 13 16958 68
21 51 16076 14
8 63 4912 341
27 90 114270 110
71 500
80 768

12553186
