100 299 1 1
26 85 7606 99
26 83 33381 564
26 76 120759 599
26 72 46199 60
26 64 19936 121
26 27 38549 19
26 39 93821 110
26 22 1746 89
26 73 11139 171
26 32 9861 153
26 99 52941 312
26 98 105228 158
26 3 158546 703
26 41 50509 91
26 81 10180 604
26 94 58055 270
26 70 14783 111
26 52 5516 77
26 95 30338 649
26 78 15191 70
26 60 226591 809
26 100 38911 154
26 34 26937 271
26 97 8632 291
26 15 51280 130
26 38 37381 52
26 84 58740 130
26 28 36584 28
26 66 32403 52
26 65 8083 66
26 11 304770 28
26 75 46219 86
26 59 20253 70
26 24 37325 97
26 82 51303 916
26 92 11844 264
26 87 44145 350
26 17 4615 66
26 74 2535 11
26 62 31703 267
26 63 7167 95
26 14 7229 316
26 86 29279 29
26 37 27508 33
26 36 17048 47
26 7 47034 88
26 53 101068 92
26 31 52503 224
26 48 32934 69
26 23 15817 32
26 30 24871 104
26 91 6041 522
26 68 53119 200
26 57 35933 166
26 35 12512 36
26 61 78149 150
26 40 10361 181
26 43 141639 75
26 19 92926 97
26 50 14366 227
26 12 8743 333
26 56 17653 429
26 45 60342 55
26 58 42990 80
26 67 40445 361
26 54 29527 43
26 93 21052 474
26 77 4759 50
26 1 90365 55
26 90 22058 236
26 44 32258 264
26 10 39134 246
26 21 17699 93
26 20 11730 235
26 51 1943 57
26 25 22999 99
26 2 26458 361
26 89 15288 301
26 47 7187 159
26 18 84537 68
26 80 6584 132
26 4 35979 146
26 69 11536 908
26 6 39063 22
26 42 165274 468
26 33 2566 152
26 29 4407 157
26 71 11029 97
26 13 13073 46
26 46 21070 92
26 96 24156 46
26 16 6267 151
26 79 52582 494
26 8 4333 163
26 5 13276 237
26 49 12425 284
26 88 41437 69
26 55 43963 514
26 9 42241 162
71 44 11184 75
3 28 22290 645
30 65 44392 167
90 30 15852 45
100 7 40705 323
35 33 17984 117
38 57 8476 22
21 23 31300 90
3 42 31154 213
22 100 12839 92
54 34 9079 272
20 89 36425 131
54 70 46868 81
38 12 19200 42
34 78 8089 72
14 25 6154 74
3 86 177856 125
6 81 58343 268
70 10 2378 65
49 29 4054 323
18 5 33591 58
53 44 67250 180
35 75 40307 145
40 22 51478 71
76 68 11786 574
42 98 79200 115
37 27 39229 275
85 59 30976 190
99 90 5837 136
47 44 71652 143
48 68 11139 145
1 60 40250 110
37 51 27987 123
95 62 16368 662
44 21 16705 49
29 42 11198 188
14 98 17880 105
49 21 2983 187
85 95 89373 143
42 67 7366 179
82 89 44622 204
55 14 35094 391
29 100 25294 102
17 12 31971 298
88 42 6207 171
50 52 9333 156
74 18 11698 55
9 69 19438 121
89 40 27726 72
88 66 35631 580
100 99 7233 42
76 100 92037 128
7 91 67498 96
22 71 34025 385
78 45 33940 1261
13 39 4696 52
69 76 15716 22
25 34 2809 267
87 36 16669 207
38 44 53356 44
22 42 26613 301
65 50 49970 294
39 51 4489 57
17 7 2388 55
96 54 144878 46
86 91 9148 591
63 25 7392 41
28 30 16641 114
63 88 5962 94
84 47 19671 100
91 88 46175 319
16 80 144565 199
93 47 114497 231
76 98 49656 119
21 69 58928 80
59 50 184795 139
43 70 13568 410
55 22 26752 1417
63 10 218759 51
21 8 32768 133
36 53 26330 104
75 72 81497 109
27 65 8064 53
80 42 29577 177
71 52 40184 153
9 12 28809 116
61 20 130140 98
58 17 12071 75
29 72 13305 426
32 79 29491 136
14 11 16459 401
93 45 62238 25
56 73 6235 234
17 27 14533 57
89 38 10642 93
31 62 20131 26
93 23 33859 128
16 30 15017 116
91 39 34125 29
50 60 21097 41
48 83 22308 235
15 33 22403 89
24 28 13156 321
41 35 13604 339
75 25 80435 288
96 36 25037 20
21 26 60502 294
20 25 60271 108
55 80 25699 39
97 42 64261 112
89 25 40101 39
14 65 85222 531
81 92 35083 76
38 9 10464 39
15 57 11267 106
76 97 4126 226
88 33 11157 856
12 55 46333 152
67 78 49588 121
36 46 54134 697
51 34 6476 159
88 59 68411 232
30 54 16686 3126
23 47 17994 218
35 24 10424 137
64 75 6367 286
7 49 80413 44
50 17 28550 70
44 20 17485 152
66 1 9697 43
100 93 7827 168
68 18 16046 139
82 45 10798 159
95 29 167169 194
94 89 64848 70
49 11 15838 59
27 91 36779 255
99 24 125955 75
25 2 12214 298
59 61 48970 143
88 64 29447 662
67 2 21012 219
49 85 51694 167
12 61 51175 43
76 80 18542 501
52 95 77257 47
83 79 8560 184
52 43 20658 39
99 15 14803 840
67 91 43592 1345
61 9 7082 49
74 57 9133 28
3 7 41280 125
71 19 74137 88
85 81 10522 1171
79 57 53112 325
91 12 6618 329
45 53 81062 225
39 56 19038 45
76 61 53899 143
95 42 61335 428
50 57 41855 76
12 22 6628 16
15 44 103689 89
42 5 156320 103
15 24 32153 465
94 11 6951 725
97 49 35685 40
80 15 16756 26
32 43 17374 464
29 27 79826 131
28 39 8281 178
77 3 10529 12
12 79 17816 277
42 65 19331 88
7 67 18735 185
96 91 114381 224
100 45 26015 413
18 30 27872 1551
48 2 257490 193
28 3 26616 190
55 58 5000 29
100 6 9919 449
93 100 26628 262
21 71 5765 497
80 34 131538 308
92 78 10928 95
69 65 79072 725
97 38 19225 86
67 71 26442 182
29 24 21915 86
34 63 21093 16
12 97 33854 242
8 81 5010 108
29 88 45744 75
77 54 52461 194
11 39 27565 111
50 11 73940 861
54 68 36643 105
84 70 20195 80
26 1188
42 651

20541026
