100 299 1 1
80 93 18439 279
80 42 6866 149
80 37 4780 299
80 20 27173 87
80 71 61918 510
80 49 14241 526
80 91 31644 94
80 75 52344 20
80 17 148478 233
80 30 7666 29
80 82 22693 81
80 46 89518 368
80 54 3037 69
80 92 33097 168
80 81 77744 43
80 28 4716 752
80 64 15569 273
80 58 84825 150
80 23 7579 113
80 96 15453 186
80 3 44012 141
80 7 19060 140
80 76 31041 356
80 15 119770 352
80 5 62635 137
80 33 1175 113
80 70 12641 178
80 68 3258 292
80 53 9484 100
80 63 21659 23
80 40 17167 179
80 59 23890 142
80 60 10043 146
80 29 13714 756
80 9 21474 85
80 36 35064 70
80 52 10222 235
80 48 16868 64
80 24 12337 68
80 51 10134 42
80 35 9330 197
80 25 11718 208
80 44 40470 257
80 34 48713 199
80 97 16856 96
80 2 11658 167
80 79 72476 117
80 86 27699 73
80 84 6913 8
80 1 101229 80
80 95 51691 135
80 18 6326 117
80 14 68859 97
80 72 35387 182
80 16 7003 154
80 67 29051 22
80 38 50774 212
80 26 45637 286
80 74 46780 440
80 73 7854 296
80 43 68017 124
80 55 189788 81
80 89 55132 59
80 94 9353 142
80 11 41241 151
80 61 4608 268
80 22 21274 53
80 57 15224 312
80 78 21443 110
80 90 69637 254
80 12 10374 68
80 41 35189 41
80 83 40354 45
80 62 14910 166
80 77 126391 44
80 19 29321 40
80 32 92179 507
80 6 21142 410
80 65 3598 169
80 66 20745 389
80 99 53487 81
80 31 13389 81
80 85 12412 53
80 39 22971 128
80 8 27873 436
80 4 30543 294
80 47 3711 188
80 87 84923 97
80 27 32279 506
80 50 61891 604
80 45 8145 345
80 21 15481 59
80 10 45754 96
80 69 35160 145
80 13 9990 422
80 56 19069 120
80 88 4215 208
80 98 8063 116
80 100 141302 146
21 91 8272 83
28 70 6635 98
63 6 20733 1078
82 49 58698 61
40 20 4613 26
4 72 5522 26
3 23 26381 108
67 97 16361 97
55 26 17021 46
68 87 35302 248
9 86 13804 111
69 83 9355 380
98 21 113550 704
50 35 1383 137
83 96 28087 123
97 10 15278 133
7 39 7057 98
90 85 37158 244
53 22 16356 778
95 78 54873 392
1 82 29156 442
13 94 19003 464
41 57 15150 36
59 74 34628 101
97 63 34328 920
89 70 59497 111
55 92 15948 126
15 96 26472 544
47 34 35175 131
34 1 34102 109
1 3 9248 114
96 37 22391 55
26 77 19637 225
15 74 19289 571
21 2 58723 27
51 59 27768 54
92 14 19392 263
90 3 23613 341
47 68 8036 222
37 3 8183 135
27 66 4261 1243
24 73 45203 149
42 43 444423 178
98 86 10635 187
92 56 47805 785
60 16 22927 102
86 83 29935 105
55 25 101848 43
47 30 48949 425
66 86 5629 268
81 59 141437 185
12 5 4976 226
100 80 23252 214
41 4 25307 75
44 43 80274 149
45 78 19008 418
20 21 45479 110
93 70 3455 133
42 12 105247 363
61 63 18254 110
99 17 2749 35
85 1 27558 67
34 92 104262 714
5 39 11582 490
82 16 28011 142
87 39 65166 118
77 27 39529 39
6 99 18855 337
77 81 10553 134
22 3 10465 149
12 88 55132 111
43 71 11718 503
41 49 5083 438
65 13 7068 103
76 50 21927 894
14 57 2558 21
63 59 27546 139
18 41 25503 525
57 21 1348 118
85 75 21963 478
32 27 15892 808
2 20 6017 65
37 52 48939 130
40 80 44485 99
100 42 10715 229
65 91 201087 147
61 58 27847 1268
54 6 12090 162
73 2 31047 146
83 93 7931 52
76 81 26826 320
95 80 37566 307
78 54 42438 182
6 49 37495 70
59 82 94826 117
48 78 94332 226
48 87 12767 84
20 74 10002 190
2 47 28474 172
61 17 31673 586
7 38 404489 408
53 51 134592 481
59 18 11197 85
19 81 6825 139
9 62 2372 295
96 70 162836 305
2 44 4992 152
20 50 3535 84
76 58 2316 506
42 69 55372 1285
34 52 12544 81
86 34 3569 1166
68 100 82871 630
43 96 59014 582
53 92 15922 2863
14 19 11870 200
44 37 4086 503
25 90 52910 470
37 18 9648 215
89 40 10028 248
37 74 8083 157
1 11 15407 93
74 88 31751 450
4 52 6488 37
1 16 20950 45
59 58 43213 168
62 67 12274 111
20 66 39788 85
88 46 30649 193
90 40 81771 286
32 54 14616 76
98 82 6086 114
15 63 113734 37
15 54 21345 152
84 85 73806 182
7 95 20414 215
84 20 13268 32
42 23 35570 96
65 26 49562 275
84 98 9670 703
33 30 23396 219
33 58 67476 261
28 30 25246 411
26 64 15643 846
76 11 81399 274
9 100 13963 63
75 68 10893 33
99 84 23783 201
92 86 8757 72
83 20 13573 134
63 30 62259 135
69 11 13482 99
95 11 34491 443
43 66 16782 307
56 63 117409 774
98 63 38958 1353
54 15 20987 1514
11 2 48026 641
6 27 22012 59
79 22 13323 79
46 42 6704 287
21 35 20181 139
92 89 59733 779
38 5 134042 360
82 89 84345 83
46 18 8382 555
93 12 12497 725
43 81 12224 348
48 89 27772 50
36 48 17445 154
97 43 34430 698
96 22 1588 214
71 2 17548 24
24 62 32198 112
35 96 28790 33
81 30 10057 790
92 62 53879 50
92 88 132724 627
93 82 91435 278
84 19 7111 46
49 13 85876 116
36 96 12030 356
19 99 2952 69
92 48 15724 425
18 83 46138 1855
76 86 20083 123
73 83 10025 155
51 23 18905 125
4 83 123055 79
67 45 31816 934
53 65 6657 117
58 76 16878 132
32 38 10406 270
92 31 15823 740
34 86 26535 196
76 14 83304 67
12 99 24807 462
82 19 33780 95
52 93 8487 169
20 8 129386 231
80 1584
86 524

13492588
