100 299 1 1
5 18 17481 155
5 44 34673 175
5 91 3389 315
5 24 18345 16
5 19 34712 58
5 65 4036 122
5 69 10721 110
5 29 27157 155
5 97 34694 285
5 96 29845 125
5 45 6650 1066
5 21 27297 100
5 66 13456 407
5 85 16100 89
5 22 7032 203
5 44 44182 147
5 25 34212 349
5 80 8970 197
5 51 24511 224
5 94 33235 46
5 53 6659 310
5 3 5928 248
5 61 4295 146
5 26 47332 34
5 92 157866 69
5 12 9941 394
5 64 1891 331
5 80 5847 171
5 28 2709 125
5 19 71131 238
5 65 10042 30
5 60 23926 410
5 91 40840 351
5 58 54166 348
5 64 16867 90
5 78 123744 172
5 16 26234 82
5 8 47987 241
5 88 109943 116
5 84 4547 53
5 95 25600 414
5 81 4420 724
5 7 6155 25
5 92 10931 18
5 19 26206 15
5 94 86439 139
5 14 23441 85
5 30 69137 115
5 82 40248 15
5 32 75403 772
5 75 4062 150
5 61 25544 295
5 13 157652 56
5 38 19278 49
5 10 38466 55
5 71 52278 393
5 41 2134 53
5 21 2888 50
5 97 16136 81
5 75 233439 27
5 41 5941 202
5 94 20318 548
5 69 3637 79
5 62 172393 362
5 100 14156 152
5 69 12754 489
5 35 6858 90
5 53 30145 108
5 93 13845 484
5 17 6757 410
5 54 72980 52
5 38 15934 88
5 74 23553 141
5 37 15411 29
5 59 6831 392
5 35 28619 700
5 46 20760 98
5 63 7458 58
5 14 31321 347
5 51 51561 198
5 96 3346 930
5 37 16186 42
5 99 5742 60
5 97 19068 49
5 64 104626 358
5 49 87715 288
5 33 24652 498
5 75 14821 48
5 48 37865 492
5 26 73355 175
5 29 18331 164
5 100 7374 116
5 51 43845 539
5 92 20099 435
5 1 33688 216
5 92 51216 53
5 10 9937 185
5 82 4088 226
5 56 18294 46
2 50 103100 317
89 29 60545 88
57 73 6195 14
62 42 14949 93
15 36 48707 88
14 68 29941 63
96 17 9739 141
67 35 3321 87
11 15 32684 135
20 44 13193 412
3 76 8496 243
78 51 6432 276
68 12 17537 220
40 6 18494 563
28 13 11683 110
11 91 12469 59
59 31 13407 193
37 83 83907 189
79 84 15084 112
41 86 7644 260
22 37 9424 157
98 85 12416 25
64 4 275021 124
76 55 22765 321
25 67 28527 73
71 70 14574 33
47 100 29492 84
31 76 7226 269
4 89 16067 912
23 79 89281 59
85 100 25616 147
54 87 10472 61
18 78 34762 246
15 20 19010 600
12 99 31734 65
52 81 22380 256
8 49 24983 119
4 67 17216 70
97 46 20220 33
26 85 24582 124
42 81 28384 246
23 99 29182 398
50 59 14882 235
34 71 83170 147
85 90 32814 200
66 86 16583 628
2 100 4570 431
47 58 28095 99
77 75 52647 234
4 37 45571 303
7 59 5012 257
44 95 239741 193
77 46 16477 1011
47 90 5613 110
39 19 18248 56
39 31 15298 56
43 27 1100 131
36 59 7749 142
98 2 26123 818
6 43 19461 32
87 12 18122 99
76 84 26018 74
39 16 13970 113
97 45 16624 96
36 51 32589 2148
82 2 31832 198
74 7 11854 77
85 73 90460 98
40 76 43275 71
80 18 57483 186
45 70 50740 723
71 15 10964 140
27 45 177120 186
3 30 144688 26
46 44 4709 95
52 88 12220 333
25 55 7340 177
100 26 31953 45
19 53 56562 340
85 79 159639 271
86 80 9661 57
42 76 66373 425
45 61 3340 24
47 82 85258 164
29 63 9891 41
100 67 10841 40
35 46 30419 40
91 78 20065 20
97 47 31425 27
11 16 42323 68
32 94 91164 74
42 92 4808 52
31 64 2295 210
78 79 34538 166
78 22 31286 54
76 85 29572 489
60 26 14091 240
62 73 99274 66
35 25 9774 166
23 100 55937 209
51 73 85216 147
39 54 146148 251
96 71 48328 30
78 47 39017 158
88 72 95421 702
6 36 54416 180
70 80 10054 196
89 81 64880 158
17 54 47338 517
4 97 9166 716
7 63 28832 249
67 31 6398 149
73 62 40390 117
36 30 19276 231
91 80 62561 711
16 39 20931 89
91 3 22759 308
28 55 12195 213
49 73 125979 210
10 45 30201 14
15 45 76477 57
77 70 31418 26
80 4 47663 48
88 79 105123 16
18 100 24237 76
19 5 28232 235
78 71 21101 106
48 90 1655 173
18 95 26394 265
67 33 25057 159
72 43 94383 467
93 38 16863 70
48 52 12750 467
71 40 126415 159
41 27 3012 325
70 13 44583 37
12 66 30851 462
78 77 8183 258
30 18 47075 144
40 86 7545 163
54 100 19199 129
51 84 22467 17
45 8 18865 457
72 97 467341 167
80 88 40342 136
17 94 80702 118
34 16 33314 166
73 6 8653 444
27 66 8177 640
84 72 4598 48
84 20 8954 90
32 15 2699 752
23 50 20280 96
67 24 72257 433
13 25 173004 19
38 76 65785 711
32 31 9122 355
90 1 58212 25
9 57 8871 141
68 37 47560 905
16 58 10158 345
20 6 292792 45
81 69 95890 32
86 32 51807 387
100 22 303193 353
68 60 18571 321
49 75 25792 17
4 19 32316 169
4 60 239695 323
17 83 16790 278
82 62 71237 145
82 87 10149 166
43 13 23936 503
15 42 21089 449
30 86 6858 79
28 30 27328 169
95 51 20853 449
21 67 31040 360
95 34 139594 545
7 31 39026 617
2 34 5001 294
30 43 89243 269
97 43 7819 141
17 88 41725 74
21 74 8289 267
93 16 19870 76
68 1 23106 44
57 62 15370 170
55 64 13919 302
89 92 16428 750
53 47 56981 166
7 37 61867 138
89 5 153018 93
28 79 65297 37
30 14 53676 99
93 19 72068 104
76 64 29000 806
46 39 1688 73
85 48 9108 79
33 50 18135 431
5 198
100 414

2016176
