100 299 1 1
20 90 13512 17
20 61 2036 90
20 47 7769 435
20 16 37513 95
20 18 41031 206
20 59 15786 63
20 14 38780 151
20 17 10188 60
20 60 12274 45
20 2 67648 367
20 8 20791 85
20 57 43525 57
20 65 81053 216
20 22 40087 579
20 32 47528 132
20 45 3819 109
20 29 2395 127
20 68 32788 284
20 92 6250 126
20 95 12459 167
20 79 3350 97
20 30 5561 367
20 74 27794 130
20 24 5585 346
20 34 4144 190
20 69 27300 35
20 98 6082 493
20 53 23740 38
20 63 12268 26
20 99 29204 69
20 81 2636 115
20 35 32105 1190
20 71 6550 839
20 4 50663 311
20 58 59225 102
20 41 3493 271
20 50 8131 205
20 19 42699 75
20 27 42787 279
20 28 17603 382
20 86 339360 140
20 38 114720 186
20 37 11999 118
20 9 61548 51
20 48 32348 477
20 83 4629 95
20 49 5732 149
20 31 18051 39
20 26 10598 153
20 1 42196 23
20 6 21383 220
20 42 17146 544
20 7 92884 254
20 43 30151 76
20 78 17564 1517
20 55 19831 192
20 36 13492 84
20 85 96968 13
20 15 10132 387
20 94 56377 154
20 44 12258 421
20 97 55162 18
20 13 10542 44
20 62 21585 95
20 100 68957 35
20 10 34670 481
20 77 59652 336
20 56 22249 890
20 73 6953 60
20 54 59329 105
20 23 22694 221
20 93 44545 152
20 88 17110 254
20 91 45366 100
20 40 24170 115
20 80 13567 64
20 66 17386 56
20 72 279447 74
20 21 13193 134
20 39 21231 133
20 52 22516 600
20 89 10735 120
20 25 54591 513
20 5 4360 99
20 96 18651 69
20 84 238507 158
20 11 8716 148
20 76 30582 124
20 82 23616 133
20 75 9279 218
20 51 17454 339
20 3 6145 43
20 46 24707 217
20 12 23707 142
20 33 25633 350
20 87 17175 266
20 67 22450 18
20 64 15022 178
20 70 2056 139
66 89 48436 1262
21 2 14697 92
76 92 3095 176
69 89 62091 153
69 39 20160 50
62 73 85913 84
37 62 31059 150
96 62 3896 37
95 48 81601 55
74 35 37050 34
77 56 53558 105
74 79 8295 200
44 33 36042 124
50 52 43202 53
84 8 35582 181
19 69 79035 123
77 37 3282 90
47 2 16633 167
90 6 37816 51
100 78 27920 235
19 50 9525 97
62 46 21578 179
55 42 47864 102
91 98 13151 52
6 5 48305 116
38 32 18270 638
22 88 14118 338
97 7 21206 235
96 17 41665 233
84 80 21665 111
94 97 105843 22
70 61 6291 42
57 87 26046 52
7 72 16152 805
24 43 10068 117
11 80 58744 1570
61 91 29860 167
85 27 23554 16
44 60 24949 67
19 72 7071 636
6 33 82946 78
52 4 7671 61
39 65 15355 259
89 30 10725 122
57 100 2490 68
33 71 25809 275
38 15 120441 101
59 39 6611 362
46 50 26762 280
90 54 6868 27
7 65 167171 100
14 45 14258 145
86 39 29702 139
91 15 4976 98
96 34 8433 312
48 33 23570 315
72 57 5949 304
65 3 14647 33
85 53 37029 763
4 76 5985 60
93 97 8665 35
51 77 31808 530
25 71 30748 116
80 86 17820 14
86 66 24412 312
13 4 7090 91
11 7 76508 128
22 10 4541 178
29 77 4224 874
39 55 50176 212
81 45 20586 86
38 54 22569 130
80 67 18427 189
71 89 37035 215
100 73 26089 683
52 50 13276 48
32 45 20871 169
42 72 2042 159
18 95 35277 107
56 89 5234 21
21 17 12773 166
87 79 54273 89
44 56 33426 106
50 13 12443 293
80 84 118174 133
54 96 42779 585
87 81 100857 51
18 92 47802 46
39 63 37071 65
61 78 32209 70
48 26 6731 123
26 32 17851 86
100 62 24170 220
69 20 46208 126
71 27 26797 110
54 3 22475 144
21 61 40835 212
88 31 9074 38
49 56 11478 85
61 26 5232 786
42 23 34459 199
61 92 29307 368
15 29 36305 225
40 69 11955 182
85 65 21941 42
51 69 43878 622
51 100 12585 111
65 26 17662 764
6 50 22748 114
57 61 27261 496
55 8 29839 102
92 93 2922 170
95 1 29439 60
98 49 31234 26
26 91 5480 41
21 74 90773 53
99 41 15399 263
50 57 7635 1114
23 44 15262 222
34 46 32914 91
90 79 9575 210
25 64 31458 253
42 48 43265 364
29 57 47421 95
95 79 23030 42
61 58 54348 178
65 76 16407 322
48 17 9717 89
55 62 1037 186
62 69 47632 78
7 17 17426 67
16 93 1910 98
65 20 40303 127
6 10 35934 355
100 21 11810 287
3 43 14827 320
65 97 24130 19
62 90 9107 66
27 95 59862 56
28 74 37926 148
73 67 13897 174
24 25 21116 69
89 97 10376 25
81 83 28498 45
39 43 15864 29
75 72 30302 99
98 9 2135 99
17 72 27456 76
40 85 19802 125
88 77 22974 327
84 15 30365 107
81 61 83657 206
43 39 12016 191
98 25 32304 107
60 66 6511 341
44 41 15686 44
57 35 19792 71
18 23 18343 67
34 96 3821 145
69 100 75724 382
52 97 4466 123
64 44 106228 252
28 92 56006 116
49 29 8665 141
97 32 8954 104
88 26 13470 124
52 46 11304 26
40 22 5012 53
96 45 53857 62
47 3 16141 90
40 25 24234 119
69 78 4454 101
53 22 3843 185
74 95 110419 187
28 47 13572 615
93 60 10604 213
28 44 5254 186
23 62 5143 162
37 100 53239 357
11 38 6094 420
9 11 16541 237
58 44 28890 82
23 2 4737 256
11 66 11958 127
18 81 65134 195
26 67 8729 71
3 45 5468 123
69 58 28827 165
10 100 17036 32
91 7 3094 259
28 67 29243 204
17 54 14535 153
21 67 8191 211
25 10 27008 298
94 79 89378 230
94 29 6017 165
42 25 10753 91
31 55 5329 185
78 33 15983 161
61 16 43282 167
20 396
100 172

4365464
