100 299 1 1
27 90 27165 282
27 46 31755 97
27 32 71050 318
27 43 87900 27
27 49 28215 125
27 70 44553 492
27 74 12854 673
27 55 167062 750
27 79 17093 270
27 93 7481 136
27 29 3396 598
27 5 16970 589
27 21 3573 169
27 11 20986 724
27 99 23726 25
27 17 24466 126
27 92 11418 180
27 95 3346 79
27 3 67491 50
27 14 79447 286
27 42 15899 322
27 30 27402 223
27 12 5828 152
27 87 101528 130
27 36 55464 69
27 35 176340 214
27 86 16130 297
27 8 19936 62
27 76 53322 316
27 72 8593 159
27 84 7552 68
27 39 99616 130
27 15 25310 58
27 56 27577 179
27 20 6171 365
27 81 11854 52
27 64 7546 68
27 26 70891 67
27 31 12954 56
27 47 24494 64
27 67 39618 157
27 97 9872 164
27 45 10155 171
27 65 19757 38
27 4 4082 38
27 68 12193 45
27 16 17181 134
27 44 13473 23
27 53 13706 261
27 51 116019 322
27 88 2946 135
27 40 16062 42
27 71 27591 84
27 89 20738 401
27 82 13687 185
27 75 21127 84
27 41 28882 23
27 50 29459 47
27 24 20653 85
27 77 3865 20
27 96 9771 261
27 34 72109 84
27 61 12552 125
27 7 24777 94
27 58 4108 38
27 33 12144 315
27 1 21401 153
27 91 4381 77
27 60 42004 53
27 94 91432 144
27 25 19272 36
27 66 28363 82
27 54 10967 14
27 13 115387 80
27 23 10778 4
27 37 19783 255
27 83 104930 43
27 62 4874 398
27 63 12722 682
27 10 140319 166
27 18 9797 91
27 59 50167 39
27 2 32208 308
27 48 13635 36
27 22 26679 350
27 85 16576 147
27 6 22679 397
27 9 49544 49
27 19 12587 392
27 100 48772 273
27 38 47304 37
27 78 2706 393
27 73 33109 184
27 57 9902 143
27 98 56675 983
27 80 29490 37
27 28 24360 208
27 52 24610 34
27 69 31627 40
26 98 6019 177
45 33 45923 61
54 13 38058 482
48 5 15685 72
95 94 27049 255
43 82 22526 76
14 75 9075 89
61 1 22738 138
12 93 49515 885
78 80 10172 49
75 25 350211 142
21 48 51828 245
75 64 101061 25
59 36 18467 44
60 33 17336 413
16 99 10635 70
88 86 35659 158
15 86 39919 35
9 82 2079 622
37 28 300696 99
9 12 18192 462
63 79 63592 3934
5 3 38138 585
8 53 14512 155
60 25 30783 240
45 67 73993 341
28 27 4096 38
76 69 19702 193
59 46 17988 87
89 8 264214 292
98 82 26564 190
60 19 10968 216
54 45 6205 47
99 15 63218 74
57 49 25296 64
38 42 18365 128
75 17 4371 230
59 70 15061 334
20 69 14016 56
6 25 28212 143
3 100 14232 77
69 26 52207 43
12 70 26992 274
46 91 866 214
30 72 9503 175
48 14 10252 45
84 21 12772 54
26 89 34709 2250
89 25 13097 301
3 29 18065 29
94 56 36597 761
94 17 83440 388
24 83 24563 261
73 67 57674 98
87 16 14172 242
47 21 18661 352
31 89 26602 153
1 92 1803 79
3 48 25382 509
68 59 32390 189
46 62 37245 25
84 68 16192 212
58 56 15639 349
2 74 14198 274
89 6 16978 149
83 3 33601 688
36 14 50736 137
97 72 24776 116
79 42 23661 239
65 3 43564 188
99 56 31387 90
29 4 27391 197
84 39 9838 278
97 21 4615 16
86 21 10972 355
1 11 37572 327
1 17 28051 130
65 16 36409 165
59 11 8452 14
29 87 8948 112
80 13 59025 634
82 23 24518 388
87 89 2892 70
99 36 37668 128
54 15 10188 48
74 42 42952 52
29 49 74013 423
74 75 8113 820
67 26 9686 159
8 25 24857 56
20 51 21080 183
97 50 30684 98
70 74 20021 178
46 2 17121 140
64 4 10634 570
7 57 828 432
12 7 42296 119
32 100 22270 177
58 57 79586 193
24 27 11002 197
94 68 23038 157
77 59 15002 5
14 47 275034 45
88 94 15808 126
11 27 31690 45
20 35 13006 81
23 26 16392 447
100 92 6900 31
73 35 71195 89
24 95 63719 73
95 36 19210 431
76 27 25615 589
10 58 9752 73
24 75 5543 194
54 51 29991 243
28 4 110961 87
86 54 10907 1097
62 82 64732 127
62 85 39588 134
40 86 16604 161
7 42 5489 61
49 72 20351 32
48 70 33639 116
49 9 2736 10
23 29 7152 204
40 35 31893 71
96 55 22736 75
53 30 4050 240
30 23 4960 257
84 51 3541 91
31 20 10510 406
74 22 6788 81
5 34 47160 47
82 12 273400 7
29 74 3498 36
51 92 16142 428
44 57 3371 799
70 69 12189 48
11 82 194951 65
81 64 14030 97
18 88 19632 86
72 67 24997 55
2 85 41174 91
19 76 126725 55
26 8 10778 49
60 99 9678 114
91 25 15954 344
48 26 22045 76
15 61 8444 34
23 33 12170 76
63 86 6414 61
49 12 23315 221
99 27 10353 71
87 50 27849 192
51 26 13411 7
35 4 14434 286
92 38 145218 22
75 42 20929 53
72 76 106198 651
74 17 18909 416
72 37 69614 87
50 95 5443 204
1 16 322993 777
73 27 558 334
5 97 25971 66
70 53 5149 5978
1 54 6109 147
68 60 13704 65
75 2 5545 121
55 23 26004 105
44 26 6964 59
75 15 38438 22
28 57 77048 293
32 62 19645 19
77 33 24799 103
93 8 16218 219
85 29 16316 288
100 36 26275 366
61 3 19216 184
44 43 37922 130
47 92 35625 97
39 41 7697 205
62 46 26544 1435
23 90 40409 11
71 68 10129 138
69 53 16992 38
61 17 25923 190
71 35 40936 275
51 88 13918 222
13 87 236683 25
41 93 4889 308
77 58 29538 155
8 78 12745 209
91 9 4392 281
86 67 17378 160
93 39 18592 42
37 58 2012 37
76 100 38077 73
22 2 19913 308
65 10 4616 33
27 396
26 86

2660467
