100 299 1 1
69 28 42831 124
69 7 18898 63
69 25 5251 67
69 60 35534 113
69 43 81817 335
69 59 11519 393
69 57 10454 92
69 80 4835 504
69 46 57090 2097
69 91 5799 146
69 83 64754 1247
69 87 12374 330
69 68 4282 82
69 4 14346 450
69 90 8054 83
69 93 16451 293
69 89 35749 280
69 38 1678 170
69 64 39657 153
69 5 35922 208
69 17 24903 118
69 32 51607 139
69 24 24506 262
69 9 51678 116
69 30 98165 78
69 73 66313 661
69 41 21544 1437
69 31 5983 222
69 74 28770 308
69 1 55587 25
69 48 15995 506
69 37 18365 282
69 44 22549 101
69 63 239024 70
69 2 47775 255
69 45 17428 52
69 42 85087 34
69 94 17404 15
69 56 18406 361
69 99 6286 231
69 84 20020 202
69 34 17640 74
69 15 57863 141
69 36 140324 53
69 72 123308 28
69 78 4488 268
69 12 2663 161
69 97 16021 273
69 51 218341 190
69 49 10121 205
69 85 35504 274
69 10 71387 74
69 35 4190 107
69 81 11558 268
69 95 2874 32
69 16 19398 56
69 98 9229 359
69 20 12563 146
69 75 36131 68
69 39 5530 40
69 77 7309 2500
69 96 29633 45
69 82 35484 662
69 19 43886 145
69 47 31739 78
69 58 30327 184
69 8 25834 103
69 54 24054 30
69 71 29245 618
69 6 22520 886
69 27 19804 54
69 61 4824 175
69 13 11069 111
69 52 6028 188
69 76 11759 104
69 26 38652 15
69 62 218703 309
69 86 24504 48
69 79 111908 138
69 14 22296 126
69 40 13401 268
69 65 17934 46
69 92 146434 105
69 55 29589 26
69 18 9286 70
69 67 16296 102
69 21 49101 61
69 3 63345 26
69 100 62850 198
69 88 37438 252
69 66 21943 353
69 11 8755 165
69 29 27626 106
69 33 6821 352
69 70 13136 313
69 23 17653 708
69 53 8395 1011
69 22 51739 170
69 50 81110 183
62 3 55456 239
68 89 15178 1069
2 50 34975 136
61 49 8733 178
63 92 55519 147
42 81 43562 1029
47 69 24809 135
4 67 13925 120
72 47 4103 164
6 70 10575 24
85 41 6711 225
48 11 6646 558
45 61 43255 46
72 2 138253 66
87 98 60666 102
85 33 184458 108
68 79 10764 286
30 75 23247 116
32 40 9486 26
18 13 3810 378
70 7 55717 135
13 7 25847 28
6 12 125679 107
71 6 32441 166
76 61 39566 272
3 41 6253 256
7 20 20562 141
71 8 56583 142
98 38 10246 151
66 9 19540 72
32 43 59988 61
38 89 14993 517
85 84 57345 148
93 10 2232 237
55 22 19379 147
20 14 13130 131
90 41 3608 140
50 38 17949 73
84 51 27960 74
79 15 74175 89
86 36 27348 112
54 21 11050 342
96 92 5706 88
20 69 18463 139
8 11 17119 329
45 48 38866 122
45 82 51074 332
42 76 20903 172
64 31 4835 503
96 24 45688 608
43 36 38727 338
45 91 3043 1652
64 70 126631 512
41 95 14198 333
67 48 60755 389
23 83 20048 26
35 28 78835 31
93 61 40425 274
7 41 7231 92
65 16 127007 250
93 26 5047 258
100 43 65615 72
94 67 72240 78
92 89 5043 99
4 95 28212 276
35 26 22424 235
22 23 11158 21
86 92 14041 583
85 48 11815 209
74 98 27463 183
39 1 11518 39
1 82 4202 115
70 40 17245 625
13 84 9731 56
92 28 21075 43
17 3 57049 297
49 3 23894 92
58 24 6835 48
14 40 19903 20
93 30 75128 133
61 32 50163 47
93 73 4463 157
76 72 9086 486
25 72 26109 61
67 9 5087 12
92 20 48414 415
35 79 22744 114
94 61 24065 43
8 70 39738 63
15 94 13868 183
3 36 5478 1558
54 52 36311 95
88 9 49143 250
75 51 10283 63
29 77 21237 796
3 2 1772 82
96 13 161375 239
15 55 39895 62
13 99 25207 150
58 2 6133 130
97 40 17673 221
37 44 17916 1073
71 31 66773 11
89 69 38687 299
38 18 76449 12
57 39 43116 67
72 4 66486 309
88 86 4344 141
16 40 3596 262
93 52 7878 60
50 93 155509 330
4 68 9713 106
65 35 37516 692
35 27 9502 71
10 69 2126 35
82 74 3978 84
84 43 5285 95
21 94 49588 41
87 47 11456 141
45 42 112360 645
63 87 18686 45
76 71 89572 196
35 46 43989 115
87 11 16232 212
65 62 47842 178
2 22 4908 18
29 88 97977 1013
40 22 8665 284
19 68 15068 36
99 4 16636 80
39 20 10789 193
75 76 8164 108
19 11 63578 41
43 48 26944 28
58 26 13627 36
30 97 11756 142
62 47 28242 143
40 36 32134 284
65 64 17410 85
57 53 31668 740
62 55 16433 148
90 3 5938 99
77 72 8296 143
6 63 38594 36
89 6 13914 52
75 1 3818 35
14 26 7308 338
89 2 14818 44
68 64 83290 712
27 24 67645 272
73 35 12077 614
8 61 6540 391
7 71 33361 436
99 58 7169 94
33 98 50426 525
63 55 129672 140
84 46 10204 881
26 1 28232 106
13 39 10872 394
55 89 24725 374
2 100 12743 42
23 55 4924 157
27 46 68597 121
42 64 34919 304
47 27 9149 118
29 90 14552 143
32 48 22815 201
28 24 8274 416
76 69 22353 356
1 77 10929 21
52 37 22567 61
53 93 23626 133
100 13 5090 66
3 97 35356 241
52 78 18091 49
1 49 11827 134
44 72 67866 96
87 76 22050 123
82 65 8221 63
90 81 17321 74
67 4 7195 26
81 25 18488 16
87 79 13957 132
50 26 22882 755
86 94 9310 464
81 29 22252 352
53 77 63182 76
52 77 12503 72
91 54 49245 96
85 64 28759 321
57 26 10173 157
72 27 52879 112
88 19 25842 164
30 99 9142 36
50 94 5431 288
2 47 15060 181
48 62 33893 57
99 50 118259 47
35 18 4568 55
62 66 14945 609
69 891
26 433

9653130
