100 299 1 1
11 2 26697 530
11 26 65082 38
11 67 17030 158
11 15 28399 426
11 51 81928 645
11 20 96919 376
11 63 32541 388
11 78 16643 164
11 45 8861 249
11 36 27214 131
11 29 139438 56
11 12 14300 180
11 24 14297 903
11 100 30879 352
11 6 41903 189
11 71 49242 178
11 53 5904 27
11 42 122776 132
11 69 40900 183
11 30 5630 132
11 27 15952 165
11 22 14305 170
11 21 13822 61
11 92 25783 164
11 1 9791 767
11 38 32659 60
11 90 14712 64
11 55 10895 115
11 35 2555 216
11 73 41520 433
11 65 29726 478
11 68 24282 406
11 54 15850 90
11 60 4615 381
11 91 26274 12
11 93 61229 35
11 9 30222 103
11 74 54640 45
11 47 35781 36
11 19 30815 58
11 44 61603 24
11 52 10866 245
11 25 27083 26
11 96 15762 259
11 46 10619 19
11 32 5919 22
11 87 31796 205
11 94 73869 69
11 4 2823 44
11 8 48314 39
11 59 39002 88
11 85 32881 121
11 70 28052 96
11 79 38674 539
11 86 6558 92
11 10 16646 116
11 98 29850 110
11 13 2582 139
11 99 24223 167
11 75 27352 132
11 66 58214 224
11 40 35569 31
11 95 65678 356
11 81 73266 175
11 84 22572 157
11 58 47582 25
11 56 38392 1189
11 61 39134 71
11 50 7162 516
11 80 30193 176
11 43 16319 561
11 31 14976 177
11 82 27013 185
11 7 8072 49
11 89 13752 76
11 64 20986 408
11 77 15954 423
11 97 3518 58
11 72 32524 198
11 34 6321 83
11 3 14783 275
11 39 33973 11
11 62 9358 131
11 17 4835 54
11 33 75692 486
11 5 34876 52
11 48 12746 238
11 37 8506 131
11 88 19033 171
11 23 49493 22
11 14 236533 51
11 83 72821 25
11 76 43455 45
11 41 14085 888
11 18 12752 105
11 49 4962 115
11 16 8045 81
11 57 6009 259
11 28 27675 194
55 39 15418 141
86 13 24029 880
80 20 42594 104
26 95 17698 817
2 12 108372 94
100 45 13561 88
52 36 9369 252
98 55 53085 164
62 63 12441 166
34 77 58822 1121
15 25 25305 754
12 17 87605 519
49 65 136043 192
37 94 3331 70
28 56 8368 97
6 76 11602 226
32 98 13353 67
79 12 19448 183
75 22 3069 612
71 72 30836 1255
34 43 38271 435
69 28 8309 308
85 100 7813 590
3 60 266423 48
48 45 34233 570
7 22 2160 303
81 29 54724 243
29 46 2050 104
21 49 104958 172
54 22 6486 71
77 92 22143 107
98 96 16484 246
18 93 28681 119
33 79 27797 90
47 83 197185 143
33 58 32589 52
28 49 6477 153
30 67 83527 94
96 89 8227 307
6 10 25406 81
32 76 21288 72
46 97 5186 1353
78 29 19454 132
22 64 86272 432
26 4 107145 87
8 77 8924 522
42 49 131509 225
99 13 15388 61
56 66 35934 131
27 14 3611 87
93 47 3821 521
34 38 13796 22
44 94 68689 41
9 55 17704 290
94 57 38191 106
25 11 6363 457
63 96 26193 39
5 42 11432 80
35 91 48403 101
32 46 19253 117
47 67 29959 95
5 69 39180 729
32 42 15615 325
64 47 3479 64
18 6 10226 77
84 55 5070 339
82 3 44765 166
95 97 20524 721
63 22 34481 118
30 52 14449 131
58 92 9597 139
24 74 35385 169
53 13 48048 154
20 89 71306 736
76 11 12432 99
57 20 20088 1321
92 17 10696 240
27 75 68646 93
20 82 85135 22
2 43 18403 124
13 76 44115 211
46 13 13253 71
23 57 6597 553
19 48 2434 141
93 78 78867 923
18 88 6607 262
50 47 17688 70
50 94 118313 151
20 15 5851 251
60 48 10993 413
97 88 35618 128
2 92 29272 703
3 54 10746 196
76 56 17501 362
65 22 60852 236
40 43 10190 29
29 85 8335 374
62 53 34451 122
71 31 40637 17
88 56 2624 498
81 6 94897 97
62 77 12739 122
41 60 3097 177
6 92 64994 169
85 12 10251 17
94 79 7711 90
80 7 30769 152
31 100 12971 168
54 65 21544 86
2 3 6105 85
35 88 2675 120
35 90 12570 308
34 7 28396 38
43 11 51669 141
44 10 137196 430
29 24 31630 246
94 53 124571 219
16 10 6885 297
44 8 39268 86
56 94 16530 641
81 18 16816 42
64 27 561741 205
40 20 101366 27
42 36 14025 76
38 5 16805 84
55 24 171222 138
18 90 14061 84
14 27 19415 458
59 22 33776 121
93 6 8797 219
73 94 9993 681
57 9 17176 46
49 75 30473 503
4 100 17271 49
58 82 37051 81
61 34 30159 82
9 80 11322 121
75 78 10727 181
80 11 68387 192
7 46 7338 145
77 64 11255 80
8 57 16620 61
32 20 52283 528
1 98 36835 139
7 51 22885 237
70 39 2295 181
12 24 21651 220
92 91 6097 309
70 31 23046 50
16 7 24814 456
32 18 29565 32
46 2 8992 890
57 33 33586 27
21 5 14786 155
62 43 27429 686
44 57 24244 116
98 62 12485 111
23 7 79205 82
54 33 29662 54
61 88 95950 151
33 30 21557 203
24 58 6545 265
60 42 33440 84
40 59 24803 611
12 25 28220 89
18 56 46836 31
99 2 89392 352
68 75 27013 369
46 80 8272 95
96 73 12194 37
37 14 13684 114
27 78 2945 114
61 80 10314 65
72 19 8420 265
2 72 13237 343
82 34 17168 72
24 94 45240 223
89 10 42582 266
51 56 5107 10
35 41 4531 348
95 31 5184 438
22 83 17781 315
48 2 7609 71
13 48 41139 226
44 91 39936 137
3 22 19963 78
35 30 16058 28
6 82 17676 54
22 17 18596 85
4 11 8276 221
40 62 60568 211
18 76 60429 101
4 17 24397 8
57 61 38082 313
67 58 44415 49
51 42 26050 237
63 80 111544 165
35 46 40742 71
66 25 5719 166
9 97 22186 208
11 198
22 23

235336
