100 299 1 1
72 23 121347 96
72 83 22500 481
72 53 12532 446
72 14 14664 72
72 19 24512 686
72 65 34963 89
72 6 76619 355
72 51 27408 185
72 78 17559 32
72 98 17475 303
72 78 24505 87
72 86 25441 964
72 69 32277 357
72 97 41770 247
72 2 26428 89
72 38 22705 123
72 99 7349 133
72 88 7815 286
72 66 11745 40
72 81 35167 15
72 47 31180 100
72 63 1551 36
72 45 51572 1850
72 88 49170 243
72 81 85710 186
72 15 85427 183
72 51 50090 1632
72 70 47337 60
72 18 15894 30
72 71 2431 647
72 87 12228 213
72 62 1090 186
72 50 275406 142
72 43 76856 75
72 86 100483 437
72 65 60167 37
72 33 13391 767
72 33 27892 70
72 24 5347 107
72 62 10723 13
72 63 48580 1306
72 35 21755 175
72 43 41448 390
72 11 37986 239
72 83 17687 56
72 68 13508 220
72 3 25563 197
72 42 43072 44
72 94 122952 127
72 57 11228 141
72 46 8838 78
72 71 22666 605
72 73 2131 164
72 68 55106 310
72 55 20285 801
72 3 100715 125
72 69 9198 90
72 6 113270 167
72 99 4190 470
72 37 12541 87
72 86 15356 316
72 3 17233 268
72 33 19382 110
72 75 17957 1693
72 13 35678 430
72 68 5608 169
72 3 90715 115
72 85 245966 96
72 64 22718 127
72 44 126090 232
72 22 15604 690
72 85 22025 74
72 30 3587 140
72 96 12637 146
72 8 23398 100
72 21 5184 22
72 15 14552 254
72 4 30109 99
72 49 31286 19
72 6 3769 1474
72 81 49594 206
72 71 48323 321
72 44 3308 152
72 7 3550 506
72 13 27018 209
72 100 35938 538
72 67 18571 238
72 51 11003 57
72 66 3300 300
72 70 8873 375
72 14 4745 14
72 83 44916 3187
72 21 41522 589
72 61 13945 741
72 95 4244 79
72 91 32501 282
72 6 13349 178
72 52 70203 101
72 82 18914 42
5 3 7047 761
63 86 37459 117
57 92 14935 229
88 50 7862 108
6 100 11846 507
46 66 22931 57
31 33 21767 105
46 56 15367 181
15 62 11863 76
95 92 28137 69
49 17 26146 68
5 54 43796 306
53 52 19660 256
73 76 77835 465
32 26 17978 210
58 94 41511 131
70 28 13791 113
88 27 213509 662
28 15 34973 200
86 100 30681 68
98 49 12253 141
20 98 7180 154
99 14 11472 2134
63 66 22210 578
33 77 3305 90
96 14 105758 199
67 53 36799 222
86 30 17085 292
48 89 18568 328
70 96 81393 227
59 96 45836 324
29 99 152243 73
57 1 1311 316
88 61 296783 616
53 40 41878 224
6 81 7853 223
20 83 218438 20
80 11 79686 158
71 7 27912 371
86 28 51090 854
58 1 8887 203
25 82 47156 299
17 32 1897 386
31 1 5906 489
2 92 9373 53
7 82 18012 466
75 25 29916 72
58 17 418664 90
68 53 21986 210
55 9 85996 96
1 62 53967 78
99 84 21567 71
43 52 7158 202
80 2 24214 75
47 39 106520 116
25 13 32318 465
95 51 211207 125
98 78 7209 53
73 24 59371 82
10 81 17875 76
24 40 20669 789
66 80 24226 489
92 83 9212 2546
53 92 28448 214
81 14 141165 244
92 34 10004 136
55 75 46260 528
68 41 10722 88
97 63 6977 60
8 80 15444 542
25 39 20031 1470
68 57 11490 266
91 46 9190 485
88 60 34526 493
65 94 4512 34
3 98 5886 76
96 28 24202 14
67 98 16533 60
72 20 52492 280
36 56 51220 697
87 47 25431 138
27 80 9808 47
70 46 22421 201
61 88 29829 286
15 89 33029 906
43 78 26100 49
22 10 151120 524
92 36 12631 737
2 39 14516 163
47 54 16648 60
54 61 86762 22
88 62 2180 126
43 15 53176 78
38 36 43623 286
89 85 19763 452
77 68 9528 14
74 48 32225 147
49 73 4604 61
98 77 325903 38
58 98 38363 227
94 23 42934 43
23 94 43390 3135
44 70 13630 170
11 35 50898 202
20 74 7830 139
98 88 9282 305
67 41 206314 81
53 14 52234 70
22 85 20304 967
81 80 172054 355
92 39 36498 157
48 78 22883 676
98 16 36281 186
45 51 16484 358
87 82 32859 41
39 84 57282 213
4 7 20671 44
78 91 4285 254
68 86 3973 882
48 49 73407 124
88 43 3352 30
63 15 8975 501
77 3 170531 191
66 78 15242 60
40 41 10558 78
83 35 27739 284
10 85 14580 188
79 91 37666 410
61 91 17964 344
83 5 65593 364
80 32 55271 66
76 98 18393 172
78 13 139447 91
93 28 6384 779
23 25 56738 342
86 71 27632 92
62 2 18149 133
21 17 80393 135
11 87 7034 51
38 72 10842 17
30 19 171923 138
45 42 33386 75
14 22 11695 270
28 91 6502 80
89 75 8232 420
7 44 27445 51
87 6 35971 70
35 70 41078 858
17 59 16577 83
60 17 164581 265
14 28 20763 87
41 38 127258 146
3 40 18852 240
87 55 13669 192
54 59 54378 94
31 55 3501 78
66 12 6812 102
45 77 13704 38
17 53 34817 63
61 36 54679 36
62 8 9768 60
60 83 32303 508
57 37 24902 30
80 5 8967 72
58 5 37294 346
49 3 48737 95
100 84 14448 401
34 16 36521 195
5 46 79669 103
68 91 26168 226
58 62 103037 799
1 35 61141 240
98 4 3762 450
90 71 13330 89
73 79 65273 377
44 90 51968 236
64 6 50949 33
33 89 13770 411
56 4 113479 93
28 53 42753 119
96 50 25893 230
93 18 4066 65
17 2 55087 88
78 55 10644 79
46 2 8189 184
90 41 15215 71
59 11 23552 1365
69 95 9498 266
54 6 8569 47
38 92 13120 127
68 20 15102 11
47 5 36590 164
78 64 5710 88
61 69 38590 25
18 23 17539 18
33 98 8149 130
64 4 16469 183
46 25 82197 16
93 100 18614 144
66 25 211377 145
72 600
98 679

13458639
