100 299 1 1
51 14 79358 41
51 93 12905 59
51 95 12544 69
51 76 47397 71
51 55 24068 377
51 79 40564 195
51 7 8867 647
51 45 30918 16
51 17 14646 256
51 32 32146 168
51 58 5274 446
51 56 2510 269
51 6 20872 30
51 65 26327 319
51 43 104356 72
51 85 50170 300
51 70 21978 98
51 87 17512 906
51 72 8870 720
51 25 17671 68
51 18 11921 32
51 19 19442 197
51 68 135525 402
51 46 116196 97
51 69 82581 536
51 24 64352 52
51 78 4734 32
51 61 6754 56
51 39 71965 1207
51 5 127417 156
51 13 80070 856
51 80 40830 111
51 67 49459 214
51 81 165025 38
51 35 67618 39
51 73 24644 59
51 42 41586 472
51 90 23242 396
51 97 10214 97
51 64 65425 18
51 28 2726 449
51 38 65619 1091
51 31 21093 533
51 96 24919 88
51 34 20078 704
51 91 39962 174
51 23 53108 53
51 40 7047 411
51 71 3882 144
51 49 31820 296
51 36 66508 30
51 2 86974 1458
51 11 9407 273
51 86 8290 114
51 21 13166 148
51 83 91782 92
51 62 34123 65
51 20 5607 75
51 22 18564 42
51 33 29954 222
51 1 11806 58
51 3 36846 191
51 92 2878 27
51 8 35781 483
51 26 28070 137
51 57 9150 142
51 66 18550 205
51 99 13690 38
51 30 10791 56
51 4 39094 108
51 53 6791 102
51 84 32240 91
51 15 8426 521
51 88 28787 49
51 52 38549 287
51 47 38224 190
51 16 67028 218
51 41 57004 96
51 29 10194 726
51 89 11727 74
51 48 100518 47
51 98 8996 25
51 27 20195 131
51 63 40265 48
51 74 12443 733
51 37 27976 78
51 60 14946 113
51 44 21611 209
51 59 14468 173
51 12 2883 94
51 77 40403 85
51 94 29476 159
51 54 30683 81
51 9 3983 270
51 50 131285 102
51 82 6844 41
51 100 8552 47
51 75 25617 112
51 10 20712 30
58 31 4448 231
34 6 23292 233
13 18 15786 33
96 95 15604 392
40 27 40103 258
93 70 29398 213
82 54 13296 119
52 69 46175 277
64 74 173118 428
84 86 8035 35
47 77 102425 1601
67 22 24600 26
18 11 26076 109
26 15 220700 115
16 51 19991 116
88 39 33546 71
47 14 14039 186
35 99 37361 55
88 43 58936 96
66 31 11190 92
31 40 18423 138
54 93 12441 190
75 20 27351 203
26 64 34331 56
80 75 3615 78
60 16 121155 129
8 42 72600 218
22 34 24013 124
73 20 17755 196
68 91 10072 146
58 7 30271 504
21 43 18854 42
49 17 2696 309
53 40 12559 36
13 70 25129 148
52 84 16411 25
100 43 11854 326
60 42 14568 43
46 89 41628 61
34 10 9109 56
59 40 96327 634
72 26 14620 31
99 46 6537 277
45 52 17574 273
76 58 123950 196
31 47 20578 73
89 46 7120 296
90 85 27489 679
91 53 40060 85
60 48 49988 62
8 62 10678 602
21 19 9641 154
89 77 73668 20
79 67 82976 1370
7 59 111964 429
40 20 17577 61
77 46 10702 244
80 63 71847 70
38 16 47618 67
14 91 14489 118
90 8 10124 864
7 66 21676 1098
25 98 19845 109
76 97 13833 74
35 61 38243 36
9 53 39392 334
57 35 32459 118
28 67 11449 26
30 28 86182 110
15 7 110235 42
36 64 12263 286
63 36 2767 58
27 82 52281 781
92 2 17063 289
38 67 16829 37
31 29 39958 493
55 72 29196 351
19 61 38988 104
98 22 76936 36
96 22 23705 122
84 85 45225 32
93 60 47231 69
16 4 9721 72
94 46 138672 187
93 54 16331 40
30 71 27663 227
70 58 103807 320
16 54 9338 98
29 53 108621 110
32 89 214169 41
92 66 21871 1188
15 100 9125 23
55 85 11387 316
60 34 28648 75
82 48 37635 37
64 8 10783 119
52 22 15271 115
68 60 80536 552
66 64 13781 215
86 19 6166 462
56 18 7393 446
87 92 27213 154
95 43 114222 154
18 27 6804 674
23 17 7627 50
30 81 21749 329
57 73 34138 68
91 84 15162 142
45 47 26869 117
29 47 19136 216
98 26 26118 73
64 15 34539 571
79 26 63727 506
63 26 1611 62
77 75 11756 32
70 99 10777 130
30 58 54068 405
82 7 35603 870
18 72 10432 184
83 68 106312 63
1 41 37552 386
24 76 5267 81
100 80 43198 202
39 2 68111 271
19 98 30061 100
26 58 6663 111
60 86 25216 50
81 57 43537 1056
12 27 3217 160
20 21 19613 115
87 25 123726 176
8 7 44957 55
13 93 71001 52
89 18 65157 689
27 12 36635 32
73 65 31971 17
54 20 49485 855
3 63 1570 209
14 73 38436 277
11 35 10169 64
46 78 18187 48
17 7 124740 221
98 92 12618 109
13 62 26617 431
85 90 422715 114
75 11 70362 196
86 1 191361 190
33 37 8067 72
40 99 24259 131
46 7 191422 146
43 66 9951 569
86 21 8052 174
55 54 12489 75
58 92 8057 69
68 22 6558 417
96 5 37227 70
73 56 20992 155
44 45 6075 212
72 25 13734 223
95 21 15460 148
13 89 24469 2148
75 47 36231 213
93 29 20011 1581
85 47 17166 436
32 40 3286 562
74 91 9708 170
99 92 19235 59
91 26 17828 56
65 7 20407 467
15 64 22084 184
25 19 24789 294
94 95 15429 152
84 70 9101 306
2 57 10647 89
54 51 44361 2082
70 15 16073 89
42 97 19560 193
38 39 37129 172
96 11 18973 55
11 22 18642 48
61 29 82202 808
24 21 9591 143
57 49 20356 64
41 55 3412 130
70 95 14082 39
20 34 251536 749
88 37 17771 42
22 24 39425 127
7 16 73674 47
63 84 10783 107
11 38 8586 118
74 98 44111 251
14 74 9211 102
20 79 10412 66
7 8 58195 133
52 38 18252 87
41 32 19763 782
21 83 11289 71
44 63 20238 259
63 23 51352 94
51 1386
7 649

5808039
