100 299 1 1
67 17 32838 32
67 86 5684 110
67 95 11164 637
67 49 4627 222
67 79 5877 118
67 89 33832 445
67 33 17725 498
67 99 48944 237
67 40 47728 101
67 47 8228 328
67 71 20558 349
67 35 18366 40
67 65 12277 19
67 43 56915 21
67 42 24437 63
67 19 11158 59
67 80 9240 274
67 14 73043 87
67 84 29729 76
67 78 51447 238
67 72 4012 21
67 61 32584 24
67 41 101214 139
67 11 76706 432
67 83 49797 44
67 93 39270 1094
67 23 24124 75
67 38 13372 183
67 44 81832 66
67 69 25203 72
67 74 10517 265
67 9 10234 83
67 53 23489 477
67 56 22318 361
67 39 23326 537
67 73 32674 51
67 70 79047 250
67 51 57229 60
67 13 34138 233
67 60 23381 36
67 4 177004 287
67 1 24682 141
67 20 54316 316
67 16 53728 152
67 98 5388 165
67 48 40635 110
67 15 8212 1364
67 29 45895 92
67 26 12791 141
67 30 21172 34
67 58 19602 532
67 82 112733 83
67 28 83765 810
67 10 16914 237
67 62 198094 828
67 8 40378 87
67 3 18926 343
67 77 16477 160
67 76 22019 664
67 90 18603 331
67 66 1922 105
67 5 9812 38
67 94 41613 225
67 96 10607 666
67 64 26475 105
67 18 22280 150
67 25 15509 16
67 36 18716 55
67 54 22650 497
67 100 3987 268
67 92 10655 426
67 34 8076 97
67 75 32074 151
67 24 4298 594
67 7 2857 224
67 6 14763 319
67 52 21545 206
67 57 10638 265
67 31 14419 159
67 55 98898 248
67 63 10177 148
67 32 36734 441
67 21 29372 101
67 22 6677 763
67 46 50338 162
67 12 10280 259
67 2 16688 23
67 81 32901 276
67 37 5891 229
67 50 38217 898
67 97 23177 268
67 85 32687 27
67 45 9237 90
67 59 159762 157
67 68 4687 114
67 88 12670 13
67 91 38944 361
67 87 19665 273
67 27 11131 107
81 85 10425 40
8 72 48852 22
84 53 5954 226
21 19 1329 868
2 85 26338 196
82 78 22012 262
29 77 7937 12
6 73 43496 409
88 30 179090 49
45 35 26829 77
43 93 4774 415
84 95 13852 123
100 48 2797 85
79 91 9059 87
63 85 23933 273
54 78 18984 21
32 22 13275 224
32 87 12906 223
56 82 90875 120
99 24 32112 38
22 97 14100 76
72 85 2867 386
64 65 12974 142
85 43 28278 38
79 61 21060 639
84 3 168688 48
17 16 10240 260
64 98 35854 187
21 68 26751 91
14 47 36299 37
78 71 8156 207
48 37 36044 132
63 31 8142 31
97 88 63305 55
94 8 35854 173
96 7 16590 104
80 38 9027 579
65 22 78396 872
94 21 83117 527
77 73 16048 173
61 79 64722 199
52 57 10023 125
93 76 25726 37
57 82 69244 40
96 83 9880 230
82 65 49919 356
59 43 25667 476
77 63 34040 87
78 74 20624 442
81 36 88011 109
48 44 12109 301
56 8 7074 79
1 22 21847 676
28 89 10148 512
48 68 20402 198
70 87 46382 98
50 99 26690 330
68 96 16247 118
99 73 25050 849
94 5 55441 95
4 56 2601 244
13 43 5727 134
15 95 19868 155
78 36 5357 67
8 96 22498 783
28 29 25081 88
8 41 77281 23
42 56 17428 32
88 4 29630 262
26 54 231677 197
76 80 23142 10
27 47 42144 124
65 19 64576 181
66 42 140669 26
81 89 66364 66
69 74 20656 345
26 69 43729 401
52 3 77949 233
12 76 51635 60
38 99 19431 65
58 82 50478 47
58 29 84693 132
28 18 71341 147
89 3 4186 161
51 69 21296 633
94 86 6125 121
28 96 41003 92
93 71 144514 312
18 51 6498 227
30 52 39027 332
7 51 6484 24
63 68 2508 275
45 66 12501 48
58 3 39673 44
4 18 25102 119
18 98 75862 68
39 85 11491 62
100 9 66107 102
28 11 119890 118
78 6 43273 382
6 96 37378 155
62 82 242877 2125
95 98 67146 340
34 65 13024 66
61 22 10435 152
71 50 144617 104
93 19 13503 192
74 85 24725 278
72 25 10640 19
7 90 9800 263
22 61 16848 540
18 95 11251 211
60 50 26741 647
93 95 73543 192
74 81 11788 414
83 91 9574 605
42 99 5930 164
33 49 4716 896
52 80 25414 40
42 32 59420 211
45 61 67006 106
25 94 116704 165
65 94 984 370
46 37 39345 419
35 24 13568 40
95 52 78698 68
63 86 62861 23
45 93 7481 61
40 50 16821 273
46 19 25846 501
69 34 49317 133
1 7 12092 100
49 34 14369 227
71 76 53305 163
14 81 6025 524
8 44 16555 327
57 28 19718 205
74 11 4870 576
58 49 17683 73
75 37 4400 64
82 94 11018 281
73 89 16155 148
96 23 64575 79
26 53 29059 337
50 74 55598 311
92 94 10036 20
20 90 14989 481
60 4 11135 23
68 14 27161 185
17 54 26504 247
80 71 7621 231
69 35 11623 137
30 72 68106 478
43 44 8269 428
87 56 36773 311
1 45 5358 210
51 11 16184 212
88 68 45388 646
38 35 25456 189
89 43 16812 99
83 7 34390 227
77 21 32954 83
77 8 11175 578
22 72 19932 522
99 82 23872 44
24 48 22762 101
69 43 81238 208
19 85 22883 391
68 62 59596 170
64 79 13417 239
1 38 7996 159
56 72 7674 144
74 90 30133 567
75 3 8787 42
49 75 29978 103
81 41 35989 31
55 77 13857 310
84 22 2284 159
62 94 29477 124
80 42 7543 100
78 69 14106 733
15 98 23730 60
95 11 21241 550
64 2 453595 34
86 21 7244 183
49 45 16147 277
95 88 49332 422
69 17 94928 34
50 96 14834 243
38 62 43596 179
41 68 21557 426
89 49 61365 35
63 75 67002 764
99 30 15446 83
18 3 8867 242
45 71 96863 399
18 17 75240 111
21 47 11552 289
16 82 3022 9
93 79 69905 37
67 594
85 404

11491565
