100 299 1 1
85 12 10052 95
85 38 447823 93
85 71 53689 112
85 11 112191 216
85 67 52765 70
85 11 17264 285
85 88 99208 196
85 2 15421 77
85 72 19136 418
85 36 16957 171
85 81 50765 93
85 44 10855 166
85 96 76294 504
85 77 9150 61
85 83 24560 89
85 83 30664 37
85 2 11746 253
85 96 8983 101
85 78 20714 187
85 76 124742 375
85 55 14406 52
85 11 110670 2205
85 64 192671 222
85 6 12398 66
85 91 80253 96
85 22 27831 209
85 84 55466 25
85 46 21812 298
85 96 16655 108
85 35 17458 155
85 30 19544 62
85 38 59915 357
85 68 10768 23
85 11 17226 17
85 13 36501 11
85 86 14333 311
85 51 93078 12
85 48 22272 125
85 20 9049 451
85 88 5967 187
85 67 54586 142
85 63 222343 140
85 60 44704 269
85 82 23509 86
85 5 34814 130
85 16 60942 510
85 25 10197 53
85 20 7197 227
85 32 14683 119
85 47 7249 132
85 73 15363 205
85 51 3054 32
85 64 14525 82
85 61 32404 343
85 26 76183 398
85 23 27839 62
85 1 49517 281
85 19 27303 69
85 4 9583 628
85 8 14792 89
85 15 12808 339
85 52 11374 264
85 20 47662 65
85 26 4271 164
85 44 10579 79
85 76 37642 269
85 80 12354 701
85 39 45170 276
85 27 15778 170
85 35 77205 372
85 40 258134 76
85 46 39680 515
85 24 6849 41
85 18 28880 92
85 28 292902 89
85 16 60134 365
85 19 7821 542
85 87 14079 83
85 89 9844 31
85 69 8863 127
85 39 16152 402
85 89 10202 235
85 46 33526 27
85 18 74291 450
85 2 165715 68
85 49 6901 84
85 71 21418 46
85 36 9038 188
85 28 9102 289
85 26 27028 25
85 4 60499 156
85 37 5337 186
85 81 60287 275
85 26 182702 668
85 40 10436 52
85 58 14602 96
85 64 16824 725
85 50 1022 176
85 37 22338 530
27 19 3221 89
11 1 34071 166
13 31 452 76
45 5 17725 63
12 33 8415 40
73 88 3066 351
73 58 72229 403
93 26 4186 57
20 99 5751 71
83 7 28893 435
64 95 25386 547
39 23 57556 32
69 16 12970 95
14 56 27089 56
10 17 34978 205
64 38 13784 135
35 71 32132 40
89 31 36735 19
20 12 15799 19
17 86 3622 171
43 74 43933 31
73 11 15112 121
59 22 32495 1212
8 56 20392 183
44 83 25325 109
15 81 19019 308
15 23 11346 64
47 26 116362 276
63 72 7109 111
90 64 20152 99
47 73 15500 48
14 68 26683 349
1 72 71705 20
12 40 11782 71
64 24 28788 178
1 11 66733 239
15 56 7929 42
94 51 27720 298
97 87 19349 224
40 70 12834 77
94 46 74679 70
26 27 55994 57
57 11 4189 80
70 71 19787 145
69 43 164319 53
91 3 37291 106
35 64 93226 69
100 86 41288 10
78 46 18409 714
68 63 21369 19
15 34 4986 1005
52 27 25110 271
35 46 66693 177
35 50 42231 157
56 66 24141 323
41 63 28326 101
50 24 8727 144
22 25 200397 198
44 70 9552 172
100 21 6997 280
22 79 52768 808
53 92 3377 325
47 4 61278 150
47 96 27170 108
73 71 73990 170
49 16 13353 170
92 62 73303 139
39 99 50144 898
27 23 112042 61
77 99 4136 1218
53 96 21913 176
15 21 58053 261
86 74 105786 44
96 59 15134 256
90 2 42066 362
96 40 9480 87
72 39 33951 256
76 53 52566 445
47 22 26216 149
14 100 3928 242
34 81 32722 35
6 34 14017 639
28 1 15720 26
44 4 25147 67
91 81 33849 174
65 88 12949 193
63 2 82296 42
44 55 13532 122
3 33 61002 67
98 89 247153 44
47 82 41909 216
22 64 4169 35
99 40 100097 253
14 64 41960 215
66 31 36651 29
9 89 51855 308
2 28 11569 62
53 51 9337 61
22 35 7226 801
95 12 21141 114
86 22 86073 53
66 84 10299 67
50 15 4536 401
86 54 27191 137
59 93 36142 40
34 99 26483 209
91 22 11618 115
18 40 92026 333
18 98 30140 813
28 63 14810 113
64 8 28613 121
73 45 3975 48
73 65 12414 452
9 51 1953 325
37 97 40687 290
7 11 26017 362
66 100 29245 100
96 44 22463 85
69 65 104397 87
65 12 18794 786
61 78 23290 215
96 79 7439 176
34 75 8835 163
99 10 65684 247
61 64 3436 90
7 8 49654 263
51 85 47950 38
17 71 9616 38
54 67 43600 393
29 79 75295 402
3 71 7590 144
100 77 23210 125
68 48 22154 193
47 16 29480 37
9 80 58033 124
79 10 5628 253
8 64 30562 54
81 69 21138 839
13 40 16373 363
32 9 13998 64
90 70 27473 18
50 99 116352 155
41 100 52763 40
13 70 78817 131
18 70 15177 70
62 25 18906 262
86 90 10225 135
9 5 11230 72
52 57 45014 50
76 65 18606 68
37 90 6990 295
19 44 29293 578
3 48 17310 607
47 8 41812 73
58 45 6636 16
43 76 25891 573
61 65 39703 74
93 51 52989 240
17 92 35352 65
17 50 87784 24
16 78 30142 290
84 75 11135 112
100 54 64184 370
7 42 8182 334
100 23 42112 16
90 32 17565 53
33 31 6704 83
45 68 29278 187
48 35 155497 80
45 39 24479 793
51 87 32172 607
83 1 35349 178
76 62 81853 172
45 61 46834 45
39 94 9576 578
51 90 17331 270
17 78 13138 286
92 34 11195 92
20 36 28118 238
36 84 46705 132
3 19 91382 694
55 99 107114 540
77 42 16811 157
60 64 13291 42
69 33 9786 109
18 35 36416 26
74 60 19883 22
42 50 32803 123
3 6 11170 152
47 61 33006 624
86 46 10211 165
47 69 22121 265
61 80 17356 126
16 69 12214 47
55 21 22810 74
59 25 30173 5
54 21 21062 649
91 26 11058 638
13 50 12317 98
97 33 74308 91
85 1089
64 3574

23630567
