100 299 1 1
73 89 54100 132
73 45 8327 78
73 60 25723 815
73 67 24760 237
73 80 9939 517
73 36 22654 98
73 28 18948 223
73 17 1371 473
73 38 27147 401
73 49 20928 5637
73 25 2380 99
73 64 18197 46
73 79 14718 135
73 6 16569 35
73 47 44588 120
73 16 11513 45
73 20 25252 32
73 99 38159 118
73 37 32185 56
73 53 11387 303
73 23 15953 122
73 48 22251 106
73 65 16078 75
73 62 15340 129
73 97 15219 87
73 42 8300 107
73 9 13261 65
73 15 4035 202
73 2 14268 38
73 29 9161 58
73 50 8142 55
73 30 70720 139
73 39 96876 25
73 52 31734 549
73 94 35780 618
73 44 18876 39
73 81 47569 166
73 74 5789 156
73 19 25339 146
73 10 14153 133
73 56 16856 65
73 96 18331 251
73 83 7565 263
73 92 116650 953
73 13 45130 75
73 7 11946 1280
73 46 29112 35
73 76 10711 164
73 14 58832 352
73 24 57043 131
73 88 20512 154
73 5 27251 588
73 26 5450 83
73 58 76782 92
73 72 59618 29
73 85 62042 392
73 93 44481 636
73 54 12634 112
73 77 30114 727
73 57 2913 54
73 61 122621 118
73 21 106308 191
73 84 39820 250
73 87 34473 57
73 100 56026 239
73 98 19785 153
73 35 32162 114
73 55 32126 61
73 43 29557 30
73 40 11184 344
73 91 15820 38
73 51 20871 57
73 86 8977 112
73 71 144009 862
73 78 10681 241
73 31 6199 234
73 75 38030 128
73 82 8692 2205
73 90 9368 53
73 68 9310 127
73 66 15172 215
73 69 10082 542
73 12 74968 47
73 95 49069 14
73 32 10590 92
73 63 80515 200
73 22 105953 36
73 11 26903 76
73 3 97751 304
73 4 45759 15
73 70 44232 103
73 8 9492 66
73 27 8278 90
73 34 16464 31
73 1 36248 105
73 18 61498 149
73 59 36746 366
73 41 21588 95
73 33 15877 235
49 67 101793 61
88 59 18783 17
41 20 7924 239
24 44 9155 47
45 20 17176 11
34 100 15057 71
68 75 2042 68
27 39 8873 398
52 91 136736 300
71 77 37558 96
2 59 12020 36
72 100 10084 85
60 79 15813 99
30 66 69672 856
41 76 130919 165
59 95 12666 1599
41 100 7324 312
91 32 11717 367
8 43 7240 37
69 18 2767 41
26 68 4467 117
12 90 107768 240
15 87 29417 199
32 41 70868 421
38 13 7046 34
32 82 7626 264
33 66 31958 14
59 72 11450 283
100 74 27208 125
79 49 17285 1097
62 98 9740 135
70 62 97529 104
91 45 14808 107
43 19 7285 31
25 8 38058 274
2 57 27055 39
81 93 3617 11
25 62 30534 138
80 99 48941 161
65 41 49497 899
38 81 49490 35
65 93 19567 53
57 17 69373 200
34 30 17978 493
99 79 30446 191
14 77 14511 283
34 93 51866 296
50 48 15156 164
87 41 27904 123
88 17 12263 902
63 68 27823 173
77 59 26684 27
11 17 33238 188
34 26 18210 227
64 63 20968 196
60 1 247127 226
11 54 6834 96
28 69 114735 199
30 37 20513 170
38 72 39459 78
3 100 18612 95
97 7 64144 221
3 52 43406 94
52 72 9442 43
12 24 37271 857
91 43 21653 100
9 81 5328 18
30 68 8502 266
62 52 31272 513
5 51 20579 64
97 39 52352 612
60 46 56375 176
30 28 202322 91
80 82 25666 41
76 16 13678 271
7 10 28601 170
38 80 31326 198
77 24 29904 124
93 1 18638 174
47 11 11277 19
96 12 34514 81
72 79 61017 44
96 4 3131 34
64 20 43087 110
49 93 6490 608
78 87 11456 67
86 8 25139 190
29 7 29635 572
35 94 27219 321
65 16 26405 262
44 66 73715 193
76 42 69485 337
4 55 116759 169
33 80 12061 123
64 6 40280 1139
40 15 80389 53
49 28 4054 253
66 76 19649 93
31 2 6013 399
30 31 17126 161
85 79 18666 40
16 11 81408 220
64 35 5990 273
46 91 42310 172
97 33 18955 55
14 15 29682 26
91 19 9187 378
1 66 10816 282
19 61 16615 143
93 28 26897 51
72 86 10514 277
46 5 12348 39
7 12 40949 52
47 37 10677 33
23 78 6530 142
16 52 10048 65
23 82 184376 88
37 75 5201 31
54 95 71140 169
56 83 12526 218
5 82 28574 40
90 34 13228 567
21 72 18765 147
48 59 86111 130
74 76 23196 161
14 44 20169 157
78 90 31926 136
56 72 200059 624
40 16 7941 32
52 54 49213 100
82 47 160960 364
16 54 26162 42
68 86 60881 659
99 22 4275 36
60 45 5942 25
91 75 29466 95
57 26 10062 82
97 45 16593 114
61 32 26007 175
31 12 20303 241
23 27 36132 709
96 94 13430 402
28 52 10198 153
90 46 8502 421
91 8 6938 348
70 82 19144 352
28 34 24585 47
58 100 17831 103
69 91 31629 23
44 97 14896 60
33 26 55741 391
26 32 11605 23
87 67 52617 135
30 33 87750 288
53 99 5694 496
57 46 37428 189
95 93 8882 55
99 56 117125 33
97 48 81058 40
17 47 15487 79
83 85 28021 64
8 15 16733 152
15 81 562 57
89 64 35803 125
24 91 11360 420
13 49 10657 82
53 26 5223 214
95 62 35618 61
57 94 23282 39
5 4 6432 240
75 4 71922 223
24 73 2842 452
71 21 9560 222
78 24 18284 824
3 86 9937 123
26 53 69783 299
41 7 5114 97
70 79 47323 87
37 11 24970 170
3 42 5878 44
70 80 117414 254
94 4 36281 307
3 78 5670 89
79 63 14061 71
25 3 30435 126
20 71 101500 146
29 41 106156 199
72 14 35967 299
14 8 26899 227
21 2 3494 1133
71 6 19031 234
64 61 59521 193
87 45 43886 108
87 88 63103 29
60 72 23495 41
51 68 6361 38
8 5 16181 183
82 62 3088 930
95 14 48834 305
62 27 13642 167
73 1089
72 392

18030481
