100 299 1 1
72 19 31236 142
72 36 2592 267
72 79 28062 54
72 24 9129 170
72 84 32610 190
72 5 236530 377
72 83 5533 10
72 23 21300 1148
72 57 15019 330
72 61 94467 301
72 52 7083 95
72 7 20762 83
72 25 13001 48
72 68 23983 111
72 30 38467 320
72 82 19279 76
72 10 995 88
72 96 108992 236
72 29 11162 906
72 43 4348 975
72 75 31563 38
72 45 104039 353
72 8 99977 638
72 4 7539 210
72 82 7900 90
72 11 98649 133
72 40 46355 160
72 32 49252 323
72 51 48551 416
72 39 28734 106
72 18 9918 232
72 43 146489 821
72 17 2897 243
72 74 19677 786
72 28 27170 148
72 44 62551 135
72 88 75908 626
72 18 2950 717
72 63 14610 552
72 53 4571 157
72 12 7606 146
72 64 16509 69
72 33 21974 423
72 40 100539 107
72 90 48073 372
72 84 90609 1258
72 89 7266 41
72 18 29546 137
72 92 3175 436
72 43 52159 33
72 14 6942 169
72 28 4174 35
72 90 1452 216
72 87 5554 747
72 51 9375 22
72 2 6808 79
72 71 1767 57
72 47 11003 94
72 41 30322 1116
72 8 48768 116
72 87 4975 134
72 21 144897 371
72 80 40394 334
72 62 4688 164
72 34 70287 57
72 34 59952 460
72 90 3197 74
72 97 503572 124
72 62 21532 169
72 18 14741 1039
72 71 3598 191
72 42 18447 152
72 84 9621 22
72 74 17582 66
72 52 5114 185
72 66 22564 267
72 71 11499 38
72 60 24018 81
72 52 8972 53
72 12 11248 55
72 67 18257 194
72 15 48126 76
72 77 19611 459
72 18 5694 177
72 14 9193 219
72 49 4934 202
72 38 25972 26
72 96 6315 313
72 23 13020 53
72 91 21225 54
72 2 4022 130
72 98 14274 92
72 24 39238 184
72 15 12349 116
72 83 36697 95
72 14 47406 152
72 91 17907 20
72 64 19248 112
72 93 2143 83
62 93 55448 54
85 8 80735 161
56 57 86879 172
94 80 2165 859
74 19 35116 148
87 89 6397 84
23 52 15732 62
64 96 3737 34
37 83 30280 187
78 54 4864 23
55 36 18843 110
41 12 8119 117
57 10 25004 298
49 45 7647 44
41 63 65823 226
89 56 20903 241
50 25 47700 45
90 4 2831 1122
73 27 8998 70
97 79 13663 185
61 29 10317 87
77 92 13386 305
4 86 10137 16
81 82 8530 402
15 81 181269 546
46 92 20644 223
22 77 12316 75
33 79 8896 207
67 23 20254 141
71 5 36271 238
44 35 32260 278
56 16 6057 168
51 11 54974 50
52 31 7244 370
81 99 123390 307
27 56 34761 493
66 58 53983 608
86 22 49307 288
88 47 1084 145
49 28 13181 41
20 22 275746 121
88 56 19608 201
39 56 13691 244
83 72 77107 48
4 22 16750 51
28 55 6228 370
80 18 27815 85
25 49 78232 150
84 33 30263 406
84 51 20065 74
25 55 6685 24
65 72 21173 262
45 93 7915 77
58 47 9918 84
33 29 6892 23
51 34 30740 259
24 4 21986 528
17 1 42560 89
65 98 7557 72
80 33 102395 49
55 34 3872 750
8 14 17937 139
71 68 19148 16
90 42 4865 489
91 81 22511 614
57 70 17010 151
52 6 3069 538
54 46 3171 311
71 96 80997 65
22 35 47960 31
74 42 15701 29
4 5 3632 126
64 84 48369 475
25 95 76618 602
27 73 179908 491
86 5 34351 152
70 44 22566 107
94 30 7296 198
36 27 36564 325
89 80 18995 147
84 49 59524 60
84 73 16235 154
2 48 3433 43
11 24 8290 134
27 5 47749 296
34 69 57830 185
36 28 10782 20
22 16 28584 536
6 58 25001 464
70 93 15526 40
3 60 31157 54
82 76 4475 299
65 23 13456 501
86 33 21801 171
85 54 195035 69
26 61 84820 439
100 95 8133 139
49 30 43054 1934
10 16 13401 337
10 78 15932 286
28 67 19228 140
25 36 13446 138
90 7 2083 328
72 50 42463 236
100 50 10900 220
91 13 29386 193
29 53 6128 86
80 77 39302 62
67 79 5128 137
32 6 13513 343
77 83 44416 190
81 91 273063 427
3 46 376865 110
96 4 20070 389
2 80 62843 41
33 74 57844 106
89 55 49602 837
6 7 3623 375
67 80 8781 603
31 48 42360 311
49 65 14382 473
18 19 38093 193
91 2 29714 72
32 83 26395 91
79 76 13899 61
28 34 18905 36
88 72 33283 378
14 67 4966 109
65 50 7667 221
46 37 67396 323
41 44 62070 135
21 83 253924 14
41 61 6208 251
70 51 29763 78
24 58 31098 147
37 26 8219 228
91 62 36598 40
48 27 10958 196
7 97 20831 245
89 26 2251 119
98 28 4780 71
14 40 23332 275
38 3 19804 636
73 86 19795 933
34 52 38448 136
86 74 31697 125
67 33 18454 108
61 89 73974 1185
5 73 4824 133
33 45 31089 119
20 13 11743 483
28 94 37023 322
62 64 9734 30
11 86 6982 156
12 13 148307 47
52 99 23814 1304
99 39 51485 100
34 8 27739 311
79 83 7658 201
69 93 26237 1917
20 36 145937 161
15 63 31774 949
32 11 13327 194
70 65 46548 232
28 3 14441 456
46 86 10729 577
26 56 6438 45
55 47 38552 351
57 94 51868 236
96 26 17056 75
31 20 16054 11
93 73 14614 128
12 40 11226 41
2 54 26472 178
36 71 107007 58
3 63 60082 18
26 21 6777 892
95 58 30242 55
76 58 20876 71
82 29 22834 176
23 11 6157 15
30 70 111952 220
12 17 26205 139
54 52 143131 200
89 32 67381 130
14 99 8792 41
16 63 56190 135
43 73 8315 37
64 9 19803 90
20 51 20090 577
11 81 7119 35
48 49 51614 57
81 59 13325 50
12 39 32986 554
100 82 14804 334
87 37 365737 422
67 19 224993 159
43 96 17757 84
33 23 26575 43
76 54 6215 13
72 400
83 696

15435093
