100 299 1 1
80 63 186827 64
80 6 38612 242
80 35 51768 59
80 29 61046 184
80 77 34692 15
80 94 4131 460
80 68 185529 759
80 74 80663 109
80 75 29931 394
80 82 885 116
80 87 11540 44
80 59 27801 192
80 40 15473 662
80 39 53940 252
80 22 7732 35
80 81 19828 85
80 50 14200 239
80 45 6115 113
80 42 112459 43
80 46 13393 69
80 54 20063 568
80 86 66500 123
80 90 51849 141
80 14 73960 128
80 15 4456 42
80 34 37504 277
80 62 15880 1487
80 88 109873 72
80 84 21517 120
80 23 10697 37
80 96 4212 145
80 30 13321 158
80 71 46037 109
80 73 4464 264
80 20 28442 386
80 78 49803 564
80 83 73117 399
80 32 4548 308
80 92 4470 55
80 61 108198 104
80 70 35022 54
80 33 7589 177
80 5 5475 146
80 31 39524 206
80 98 18856 186
80 67 15614 271
80 17 94375 959
80 24 104361 72
80 25 14568 803
80 49 11356 53
80 2 21698 529
80 57 53622 240
80 85 44578 855
80 91 48968 717
80 66 92546 687
80 41 4553 22
80 11 20838 324
80 4 65646 205
80 8 21380 150
80 9 70250 270
80 64 13062 84
80 38 726 183
80 37 138648 18
80 95 92938 155
80 52 12569 1072
80 53 27090 306
80 44 20809 190
80 69 127089 167
80 89 7548 94
80 79 44917 117
80 36 44107 1167
80 3 4901 37
80 65 30465 227
80 27 31414 133
80 19 53522 137
80 21 6545 28
80 76 10468 382
80 47 56819 101
80 1 22198 109
80 51 58380 1114
80 100 6585 41
80 72 16724 281
80 16 56729 124
80 55 7320 222
80 7 10736 30
80 48 7691 156
80 43 7441 32
80 97 10858 509
80 56 4528 52
80 18 27327 211
80 58 14613 277
80 26 29397 38
80 99 25386 149
80 60 48698 104
80 10 48475 45
80 13 47526 116
80 93 69380 1019
80 28 15092 531
80 12 10467 91
31 70 7880 30
35 87 7743 139
10 100 22957 728
65 14 15656 340
68 60 32598 48
82 27 65150 799
62 96 18838 116
22 25 18112 440
64 16 58681 200
44 11 210396 225
67 52 22932 22
60 76 10277 228
42 84 40641 74
22 66 17566 119
12 22 8393 237
46 14 16480 94
92 41 14957 253
31 38 32583 357
97 45 74010 230
53 76 10881 47
84 60 72562 106
10 91 20646 152
26 70 19973 767
19 8 27408 53
96 80 23425 29
86 65 21495 399
44 94 18876 53
85 4 9750 42
64 26 17816 170
72 63 39288 642
83 66 12058 166
65 58 20633 208
92 82 56920 266
59 33 4021 433
16 13 15795 15
12 16 94578 59
9 4 63508 513
81 58 16206 57
10 6 138547 47
59 55 44160 88
23 35 38291 256
95 47 49766 215
19 69 3698 878
22 76 12952 74
8 72 115198 349
29 18 4764 403
50 20 25643 80
37 32 5421 73
6 18 29470 418
66 91 8905 93
45 99 9233 86
1 26 88929 125
16 43 5136 179
57 50 17692 480
58 90 55258 48
35 67 5778 943
56 43 8399 315
44 78 78105 193
60 7 7455 104
31 10 16357 27
72 35 3533 152
28 6 17350 453
99 86 192564 75
7 42 129011 252
58 31 55987 499
92 39 203782 30
35 69 56865 419
35 64 16868 163
19 96 28135 111
78 57 12620 560
86 55 29311 269
30 94 31112 35
6 37 124722 132
29 17 21721 101
61 5 8082 81
49 89 7281 677
53 90 16510 992
99 27 69223 841
97 94 19532 80
32 20 8258 64
37 3 26760 214
39 41 39977 108
43 12 77708 23
66 86 27909 120
57 65 14929 185
91 23 21233 218
6 34 71790 32
90 99 5002 89
89 49 93544 81
2 5 32266 13
59 60 35428 201
94 1 32066 247
68 11 24389 476
5 30 40738 214
41 15 109618 43
20 73 121248 250
3 96 94074 138
41 38 35391 175
75 3 15235 173
7 47 18443 67
21 86 25404 106
45 87 26641 47
21 94 21067 53
53 74 37706 117
31 62 47847 193
4 13 40817 69
68 75 18311 267
77 28 56035 206
72 20 23041 35
74 59 16278 109
39 98 102423 157
5 52 9492 340
86 66 4537 86
78 66 10014 81
6 46 9465 97
44 68 12276 284
71 48 4872 149
85 17 99749 537
64 55 43004 103
26 30 15101 276
75 59 64086 126
65 34 26990 193
48 27 17649 246
22 8 48911 126
11 94 18353 324
5 57 4952 212
75 83 38787 119
40 39 26726 47
48 26 5284 588
91 28 12064 229
26 79 37179 81
26 34 27204 81
66 6 4428 57
31 51 394105 35
73 43 9879 322
68 34 11572 804
45 98 17788 917
87 22 21781 108
50 12 7712 100
82 35 5203 107
30 1 17995 89
36 73 31632 62
90 86 10658 172
87 85 7179 45
81 85 13850 709
30 90 33877 211
74 38 9677 95
4 46 19078 42
68 53 31018 158
51 89 11071 34
92 71 37744 304
43 41 3603 719
88 59 10235 53
9 62 25681 278
18 2 8596 789
39 64 7835 79
70 96 25667 63
62 47 41690 448
29 3 5168 379
55 94 9983 203
26 40 64529 82
12 82 18960 212
57 32 12644 47
88 29 14837 183
49 13 19281 288
77 54 28291 118
72 11 19445 275
43 76 4781 483
76 15 5308 72
59 7 9526 118
63 48 24173 72
17 91 49615 62
44 77 66446 299
62 50 14952 437
89 84 75901 133
32 82 21746 53
4 6 15934 116
88 72 8235 223
35 97 38209 217
8 56 118182 394
65 7 10937 78
50 90 152680 234
54 92 40735 211
40 58 210367 242
10 90 8232 387
86 98 33130 334
31 28 28373 351
2 99 128294 34
73 96 20464 87
61 24 51847 164
38 7 8213 125
84 66 29296 180
77 8 13092 885
31 91 12894 486
50 80 41350 55
43 8 38664 52
64 32 67418 40
6 73 5756 365
65 88 347675 1081
97 76 23174 202
80 1287
94 1180

24840150
