100 299 1 1
72 91 51329 163
72 6 219847 77
72 30 4943 41
72 7 12175 1033
72 33 12412 89
72 60 59885 438
72 24 22513 33
72 33 19118 166
72 42 35744 79
72 76 2227 158
72 29 28750 173
72 22 20552 325
72 32 30382 285
72 86 32296 2473
72 68 24736 73
72 20 30173 272
72 86 37124 259
72 44 64605 95
72 84 32017 26
72 20 13362 761
72 56 17248 125
72 73 31750 239
72 98 38404 69
72 50 12691 728
72 94 10062 678
72 66 13614 93
72 60 15149 336
72 11 33540 165
72 96 22494 74
72 97 19442 40
72 47 96640 62
72 21 23021 97
72 47 58943 49
72 42 24255 293
72 95 8706 481
72 38 856 62
72 12 11688 93
72 54 5313 102
72 22 58394 134
72 29 15642 68
72 67 2117 165
72 55 40808 136
72 80 15759 232
72 31 19824 73
72 61 72489 153
72 40 24261 399
72 33 16892 104
72 43 36851 241
72 96 27412 106
72 7 55604 43
72 91 58352 243
72 25 41663 266
72 25 44698 87
72 27 20674 93
72 86 39721 402
72 42 26239 96
72 14 23312 982
72 77 13034 181
72 99 5635 69
72 21 33734 72
72 82 33450 126
72 47 68622 161
72 21 6751 138
72 32 11258 204
72 77 22537 15
72 82 62761 209
72 61 55739 101
72 40 28681 38
72 10 51655 455
72 53 25502 29
72 16 32248 177
72 11 35375 34
72 99 51535 457
72 30 176438 116
72 15 12234 384
72 37 27120 124
72 35 26251 212
72 90 49970 119
72 60 10338 92
72 68 24644 177
72 83 17485 84
72 59 37504 106
72 94 12775 171
72 34 15441 536
72 92 6522 111
72 9 19321 97
72 3 27496 136
72 84 8893 1825
72 47 11025 573
72 20 53486 557
72 8 18348 203
72 29 4328 78
72 51 26932 58
72 42 164098 97
72 100 15983 242
72 8 13096 274
72 32 5177 89
72 40 17701 54
72 19 14546 193
27 100 67508 745
95 64 19034 66
12 8 11950 156
93 1 8251 92
40 34 37194 108
61 4 28739 110
54 5 74827 353
32 91 29561 333
98 91 7802 350
11 46 35112 347
45 53 9559 904
50 2 32661 27
35 38 19923 107
68 1 8442 290
38 57 21577 144
63 50 25737 375
6 8 295155 995
95 55 37357 195
87 53 373905 38
73 30 122555 48
67 46 23671 93
32 53 14257 99
43 44 25300 65
8 2 98498 155
51 100 26229 276
4 99 12196 102
65 53 6122 230
66 31 67773 204
58 6 19041 1750
38 36 13112 68
18 78 6662 190
68 15 10341 236
20 2 4612 97
74 6 12747 800
81 38 19747 371
100 94 9006 523
20 12 18826 45
60 20 229804 33
44 97 255964 113
54 6 5993 56
10 83 19818 153
17 66 24910 36
84 61 8017 154
10 48 12681 89
26 69 45479 356
6 82 37007 765
60 1 14788 103
31 12 5115 114
85 86 13787 202
61 54 6647 307
81 41 8083 99
12 79 165153 46
80 94 34483 203
78 54 11385 135
64 24 17829 445
58 87 85213 18
48 50 10371 224
85 99 23929 192
16 51 134243 364
63 4 16513 112
82 56 5073 35
69 84 314874 12
97 48 9541 238
17 23 10934 1617
54 10 9387 9
30 73 41257 808
49 2 44791 612
54 23 98250 81
17 67 2910 22
24 21 21798 489
68 50 22086 339
50 74 38795 45
79 59 33088 582
9 75 8223 386
77 73 9661 235
41 21 9829 67
11 24 11454 360
4 1 59745 102
38 13 40106 66
3 17 9198 482
12 9 46260 182
14 74 19259 289
3 95 96001 85
1 75 29025 171
66 58 119880 172
50 92 17093 166
52 89 25162 72
92 67 319153 85
13 58 47716 259
15 43 15258 66
32 34 4828 251
19 22 12220 312
2 27 16311 229
8 96 27135 90
52 4 4002 346
37 24 24221 171
18 49 25108 33
33 10 3377 112
34 58 42503 295
51 64 37196 76
66 98 297248 120
56 9 15059 282
54 9 19421 110
48 54 25754 98
5 33 206115 307
34 53 48833 183
32 56 49935 187
35 87 18910 81
48 41 8699 102
87 41 10771 270
46 85 49273 266
74 32 17438 173
7 87 38677 51
61 44 32368 64
81 99 44831 59
47 32 21635 339
38 76 43882 227
99 52 35626 275
7 78 66285 330
58 98 46908 302
45 68 21903 100
54 43 25940 39
2 58 18812 27
84 51 92437 53
29 52 16765 244
20 96 10034 98
18 7 83479 254
63 26 8366 1430
54 93 26283 183
64 29 25083 169
17 25 30871 387
72 52 11463 199
42 78 19963 84
46 61 24791 81
6 94 11866 90
91 64 34049 156
42 24 87876 355
96 80 14307 134
30 25 22861 75
79 97 20456 57
68 26 4091 311
50 8 27181 130
98 27 26757 563
42 89 32523 236
71 40 32640 102
87 69 3726 253
43 60 6730 146
4 64 10337 449
77 74 23597 270
32 3 7343 554
69 58 11522 1074
36 58 22663 220
41 46 17542 306
75 88 12240 205
4 96 31458 90
29 30 7502 66
20 44 38775 212
9 96 8462 355
30 71 22346 358
73 100 16360 38
43 95 90512 49
69 19 138264 100
4 94 177714 37
93 75 9397 218
81 29 15763 171
9 32 6942 98
97 93 16979 39
18 70 12024 183
36 44 25019 82
33 69 49449 1140
27 5 13995 27
7 46 89643 180
69 73 74004 330
53 24 61210 234
56 69 59521 72
38 90 42048 607
30 65 107614 298
68 81 26150 78
63 98 3052 116
36 5 6401 236
25 66 5319 135
31 95 46346 470
66 4 97095 112
29 15 10221 84
98 72 17753 19
70 7 52059 182
58 76 6707 48
44 48 30781 240
89 99 25407 357
69 100 6116 136
21 100 13959 364
26 18 41948 925
80 29 78826 36
94 83 29755 66
74 76 58343 23
87 81 9624 166
83 27 24227 1104
24 61 46696 332
57 62 23852 67
87 12 20517 121
72 900
100 2816

34980156
