100 299 1 1
85 64 32224 20
85 2 65966 114
85 19 6920 108
85 60 2490 112
85 75 29081 224
85 95 65692 132
85 76 26216 367
85 63 13080 75
85 46 27371 21
85 100 33646 2777
85 90 14675 360
85 31 60127 656
85 33 85521 109
85 9 48683 13
85 89 27315 95
85 45 15131 182
85 24 44675 613
85 28 450999 34
85 13 12489 503
85 16 10430 413
85 67 48897 176
85 94 28904 125
85 99 60816 48
85 83 14912 270
85 56 3013 641
85 18 15182 480
85 55 20000 127
85 84 17877 399
85 78 70777 69
85 4 18361 746
85 51 28476 80
85 8 7469 48
85 66 18081 207
85 74 38779 447
85 36 11623 518
85 80 12422 431
85 71 14795 1040
85 79 80451 397
85 38 37521 224
85 47 41455 1105
85 1 34482 468
85 48 33081 148
85 96 15762 99
85 27 40820 160
85 34 2027 199
85 37 3016 159
85 41 3493 148
85 87 30412 60
85 97 6064 251
85 92 28831 876
85 61 107020 117
85 35 30706 166
85 42 78462 721
85 10 56667 120
85 40 11068 114
85 11 8585 264
85 30 16426 79
85 39 24327 80
85 17 4997 81
85 44 3651 59
85 91 6316 860
85 12 42087 237
85 72 15383 649
85 5 31994 105
85 21 35331 110
85 25 12243 3195
85 57 12039 420
85 77 4349 236
85 98 6951 211
85 68 29565 201
85 3 3706 39
85 43 71423 281
85 52 20170 465
85 59 28276 79
85 14 79723 66
85 29 4342 95
85 82 9059 301
85 70 25298 143
85 53 42583 161
85 20 8747 397
85 54 8019 59
85 81 36426 95
85 86 210544 166
85 88 15526 100
85 93 66042 314
85 62 53459 1014
85 7 159556 240
85 58 10397 185
85 73 15371 211
85 49 15396 291
85 26 27044 84
85 22 25044 79
85 15 43766 108
85 65 74735 140
85 23 62126 162
85 6 25969 532
85 69 65571 72
85 32 40242 32
85 50 5392 802
71 91 21174 481
54 26 12253 121
41 40 3118 139
87 72 4090 29
25 83 377308 59
92 50 36572 34
24 62 28903 62
66 73 12519 58
59 89 6128 53
63 66 215234 104
75 64 3886 245
76 28 6223 404
52 27 27633 24
61 47 48474 508
38 25 40671 78
66 7 26116 292
89 25 14459 76
66 39 123422 241
89 70 86285 52
23 29 4285 9
82 31 41014 36
96 8 6808 220
55 59 20500 150
79 46 23278 561
37 62 17003 239
78 43 75345 129
3 84 14404 137
10 25 20913 201
79 41 19764 179
80 8 16551 129
72 89 34811 132
96 37 57525 35
37 24 8783 252
36 84 8164 193
5 91 8755 754
36 89 145223 52
21 74 12603 149
77 2 8920 545
44 86 3078 105
3 62 6797 1152
100 89 11912 193
63 71 21641 65
76 67 5684 238
11 60 7286 59
82 14 53918 254
29 2 157543 229
52 7 8935 280
25 48 48559 77
8 82 6332 388
51 27 107261 249
20 10 20601 69
53 2 12043 253
61 99 6506 57
29 71 33520 36
23 28 114475 157
69 57 5087 1009
14 70 15124 673
13 45 6672 547
29 61 18750 148
9 52 5430 65
77 26 6783 195
31 48 10883 351
63 31 46963 929
74 84 29619 45
97 94 3008 416
95 46 51020 704
12 93 24025 101
69 37 142569 223
12 59 114396 29
83 96 56398 56
77 76 51905 41
94 99 2340 114
5 86 7702 73
70 56 9600 105
45 21 202798 576
21 37 8198 104
68 15 24212 194
6 26 34932 25
61 42 18559 93
19 79 107030 885
4 12 4595 197
23 56 37039 232
52 44 67031 224
39 18 53669 79
39 10 39372 130
59 46 21429 22
7 64 54287 166
36 15 12949 91
12 26 2301 74
61 48 20331 61
44 35 3144 95
31 5 29335 255
12 96 75204 304
29 34 5287 60
35 13 76681 531
28 9 9522 666
59 30 23535 25
51 89 14745 438
7 57 17750 73
19 47 11204 76
20 56 5762 14
77 28 19463 140
28 75 28926 186
88 18 9451 520
64 97 2790 56
92 46 1710 41
58 49 42349 72
98 22 4593 177
31 18 5368 82
64 57 61435 20
65 68 59759 137
30 17 6414 188
15 17 14942 83
53 79 25958 51
1 51 13942 49
90 48 76035 535
91 90 9917 35
25 76 4044 63
90 30 18341 65
94 19 13947 50
63 38 159553 96
78 38 9133 200
69 8 12381 447
28 73 43528 450
68 95 15819 27
25 51 26713 133
56 55 59472 221
24 21 25841 188
74 44 14781 1571
11 64 15380 472
92 23 23303 543
15 58 33610 268
45 44 60126 178
49 52 22106 777
76 66 23080 141
39 29 24962 62
80 77 10790 188
56 26 17486 90
68 39 108748 381
40 28 91675 19
20 35 18158 41
100 75 46461 624
65 40 17791 257
97 76 12063 38
88 9 14111 1081
45 8 8287 40
33 3 101283 112
20 79 23607 65
87 53 22680 89
8 13 2575 255
26 31 55913 96
43 38 67756 96
89 53 13056 42
21 72 5403 51
16 40 10627 169
46 61 126074 80
99 40 126077 247
76 2 50052 376
23 12 29153 362
29 93 18781 226
22 4 205573 36
28 53 11884 492
98 46 23274 54
74 72 3524 106
46 58 19818 874
34 83 12356 82
47 90 101745 276
58 64 16968 106
80 31 3793 119
48 97 6193 73
27 31 8619 765
12 32 10968 144
69 27 33907 46
6 77 13314 98
58 24 59129 72
25 32 83131 132
38 93 17870 45
12 88 3181 182
34 5 4026 515
53 98 4111 70
15 10 8306 101
74 56 101068 184
45 95 26165 697
3 55 61044 130
37 41 13880 13
21 23 14593 36
76 63 240828 288
100 23 18618 193
88 8 6856 78
30 89 27235 616
33 34 20838 469
2 45 8442 278
5 29 124360 45
68 32 17707 691
84 29 33070 121
80 94 6273 46
76 83 13479 80
20 84 10669 63
26 83 3736 281
22 27 24165 67
85 1188
89 182

5887851
