100 299 1 1
68 97 9691 36
68 73 40947 34
68 58 6785 178
68 4 38389 163
68 34 25225 153
68 93 14085 41
68 18 74342 397
68 94 14121 139
68 45 11866 119
68 2 99635 39
68 5 19590 133
68 99 39376 355
68 82 16972 440
68 71 116415 977
68 87 9578 663
68 100 6109 305
68 70 61296 37
68 13 8053 1523
68 69 51522 25
68 14 5463 76
68 20 55192 174
68 61 23921 155
68 7 41922 71
68 96 28894 138
68 63 119770 50
68 33 122469 87
68 50 11602 71
68 47 14630 214
68 38 31718 380
68 83 43183 195
68 11 10073 165
68 79 13095 59
68 41 34827 139
68 72 46627 101
68 28 27417 45
68 30 9808 44
68 22 14346 185
68 32 6973 176
68 64 33256 1432
68 17 48174 124
68 55 38106 143
68 59 5913 115
68 6 5524 147
68 77 209547 87
68 51 314674 242
68 76 5984 72
68 19 60352 28
68 42 35881 263
68 35 49713 201
68 44 16114 9
68 43 97588 526
68 9 11952 82
68 86 275364 216
68 29 22892 281
68 23 29337 37
68 52 22712 318
68 98 30546 364
68 8 3292 348
68 66 18247 109
68 3 239544 635
68 37 37110 84
68 48 24304 280
68 21 11162 239
68 36 34714 90
68 57 30182 316
68 53 10007 140
68 1 25684 36
68 89 12535 125
68 26 20046 681
68 84 20467 34
68 15 36687 150
68 16 58157 205
68 12 64374 437
68 10 7879 36
68 74 10955 160
68 78 7362 353
68 62 131556 77
68 39 14093 224
68 81 50007 90
68 56 34764 186
68 46 8024 120
68 91 102361 179
68 60 13286 77
68 24 8523 353
68 92 26927 183
68 85 22301 419
68 67 5653 40
68 25 23300 104
68 40 26152 254
68 27 27913 567
68 75 69489 265
68 95 48013 45
68 90 94411 17
68 49 4548 88
68 65 10557 467
68 31 4356 46
68 80 55158 243
68 54 73140 131
68 88 8555 113
78 57 9270 98
70 87 133882 224
54 60 56342 646
26 29 9067 150
32 38 24354 1172
44 42 2533 823
52 9 62160 124
97 38 29343 246
53 50 18366 410
3 1 20793 120
5 21 41150 121
64 12 57629 28
30 76 46111 302
29 25 22092 105
53 62 8122 453
89 10 33964 337
27 33 22051 146
96 74 106580 92
99 69 12036 159
19 10 28777 77
41 5 13542 256
35 88 108045 115
82 22 25509 18
91 49 105691 441
84 35 23676 53
52 10 240346 209
76 6 7609 392
72 19 122961 558
67 5 23483 22
17 86 13662 80
57 14 10121 124
42 93 13681 88
79 36 23458 146
71 28 10726 196
47 36 35451 97
65 84 6087 83
9 36 6436 140
77 88 17009 89
32 70 5317 198
96 98 49700 176
47 49 18673 127
51 80 31665 302
94 75 17516 465
92 69 11350 97
98 45 16040 167
23 51 34048 101
71 83 39635 723
53 96 9242 41
15 48 36709 245
58 6 22201 597
74 99 9913 66
15 92 131091 66
19 94 14212 191
97 54 8300 309
66 19 8042 39
35 52 15311 71
42 46 180674 919
51 58 76199 33
12 69 28282 381
66 82 8555 127
19 24 16774 74
51 29 35834 151
47 29 46162 195
38 91 30243 336
53 60 52909 553
91 55 75775 132
39 30 39791 90
82 33 40708 20
74 82 13729 143
87 21 80442 364
35 10 12118 289
52 85 53168 42
27 95 4664 99
23 26 32334 337
37 21 33796 175
70 21 10499 190
61 12 14917 118
14 65 93163 207
77 11 12673 24
57 40 16817 203
75 12 11596 17
36 39 41628 621
90 9 6267 54
70 74 76077 289
94 41 50858 402
3 59 4260 72
19 74 31836 419
92 61 23331 145
53 45 47902 95
10 46 57362 89
43 27 31179 135
57 87 3263 6
62 24 12392 20
35 19 27528 298
45 66 19961 279
24 25 14196 111
100 97 9371 197
79 72 20503 322
40 88 52924 100
57 54 85451 41
3 30 13534 204
82 47 16824 209
29 98 23334 64
15 3 192247 221
20 80 11278 273
17 66 56311 184
41 92 29569 36
38 52 27224 111
15 44 7819 88
20 54 6103 158
64 38 37398 138
17 79 17293 411
80 11 5826 64
44 55 25827 461
16 76 25946 535
33 88 5900 208
45 8 7058 500
39 23 13560 158
98 13 2704 59
48 85 24370 645
56 84 7165 509
63 30 43012 1624
16 32 8301 100
7 79 11649 67
61 37 22017 172
4 24 80567 335
51 87 19624 156
80 73 14606 164
13 10 15529 203
50 65 25674 250
5 97 70110 174
17 36 210602 103
98 17 17672 154
7 1 28253 930
78 8 35742 587
97 75 20009 131
70 92 8740 84
49 30 27517 25
36 72 53256 131
15 38 22408 440
89 11 19769 336
56 47 52801 423
91 25 22297 99
59 57 110528 100
86 85 26986 37
39 19 27387 133
89 34 149706 39
88 67 39455 146
57 75 6514 89
96 10 10833 1101
22 26 30121 149
94 4 6522 11
32 7 17007 361
29 82 29943 299
97 46 196510 64
18 55 18691 88
30 52 57571 84
46 55 143959 211
19 32 3950 109
98 99 48885 34
9 38 233249 200
98 65 25552 213
88 66 25627 33
61 38 11399 151
97 18 12147 101
53 42 2075 97
56 8 8745 132
26 87 14897 26
73 44 30472 168
2 9 11141 156
66 32 27808 29
91 72 7105 413
10 35 124343 101
4 100 37484 36
8 4 12495 72
30 42 24194 149
56 3 308664 221
96 31 25076 477
4 9 12035 169
12 41 102325 330
40 23 154632 704
51 83 12393 1102
99 26 7886 275
76 12 17382 130
90 43 3690 122
58 33 17973 291
19 13 60492 196
94 52 17956 88
7 52 11872 86
24 5 45236 165
10 84 12940 59
64 60 95402 62
44 74 34755 112
63 43 3700 571
61 62 15093 229
18 9 9305 644
8 24 16137 329
19 73 27816 43
35 95 54604 812
18 72 60961 841
68 198
38 68

2130236
