100 299 1 1
60 64 28361 226
60 31 33213 73
60 5 16835 938
60 17 5714 75
60 30 2271 86
60 62 2565 50
60 26 1822 16
60 28 3534 638
60 57 90430 195
60 73 15736 10
60 2 33517 244
60 14 2922 57
60 27 20945 396
60 1 3153 159
60 74 62811 70
60 61 15906 68
60 36 5192 170
60 89 10770 145
60 37 1882 189
60 96 153347 185
60 42 19843 72
60 72 162057 145
60 66 41930 52
60 70 17593 145
60 65 29445 617
60 68 45113 84
60 29 22194 174
60 22 31159 254
60 100 11883 70
60 99 26619 150
60 8 11987 1036
60 47 29838 416
60 52 9498 119
60 98 41948 222
60 95 34256 162
60 88 3682 563
60 71 10576 20
60 11 101405 35
60 12 438574 60
60 48 9416 107
60 23 12664 104
60 15 34133 60
60 77 8413 476
60 97 13948 163
60 44 23592 46
60 86 31153 188
60 7 17480 59
60 10 6370 75
60 85 30325 189
60 32 8346 45
60 63 248375 284
60 53 30775 76
60 80 54125 181
60 34 17845 94
60 50 34435 88
60 46 92275 192
60 76 8445 720
60 51 23642 266
60 91 80057 147
60 92 8489 41
60 39 19550 36
60 82 2161 68
60 49 49545 158
60 56 58288 314
60 83 7188 46
60 84 15065 196
60 45 30639 208
60 19 38445 136
60 87 5349 44
60 25 3660 231
60 24 37551 119
60 21 12651 242
60 13 1776 198
60 43 65015 405
60 93 62967 756
60 4 113053 309
60 90 5243 425
60 58 27707 272
60 67 4346 164
60 38 15939 429
60 81 24378 94
60 35 19609 385
60 55 8532 169
60 41 6453 1747
60 18 30807 563
60 40 29136 356
60 75 20242 40
60 59 19151 61
60 16 29406 147
60 20 36367 319
60 9 15028 328
60 79 12306 346
60 6 5024 79
60 78 17660 114
60 69 31850 212
60 33 12170 250
60 54 39952 76
60 3 96255 63
60 94 7220 72
3 2 12939 40
61 49 2246 278
11 71 6117 95
55 65 216468 104
88 91 181877 83
4 83 54613 21
31 71 29317 159
63 71 126172 142
21 6 13523 284
20 71 9486 68
82 67 261149 1444
19 42 14886 111
84 95 47274 311
79 61 5815 288
92 11 179561 248
44 57 4998 168
80 64 66380 87
55 43 89401 56
5 46 22186 55
18 85 26782 206
10 15 7131 120
26 50 40940 11
43 69 104521 71
17 38 163537 619
7 72 7471 69
9 99 32225 92
64 60 137753 44
38 84 76799 71
50 60 21067 127
47 20 16104 1846
2 45 35930 219
66 51 20303 147
62 61 11743 294
2 98 63844 697
31 79 88708 83
74 100 15476 118
88 19 5451 711
43 90 12044 36
9 4 21071 76
2 13 97934 100
100 79 12099 283
19 22 217417 80
59 85 77636 546
76 47 38033 87
62 15 32447 245
98 18 11145 98
11 51 34904 142
7 42 52525 66
92 49 9316 699
32 93 27370 271
27 9 16478 99
78 70 16631 185
57 24 15409 253
7 64 23215 24
42 38 46948 39
27 90 76525 76
58 6 85787 373
69 38 12604 58
16 73 66947 126
50 9 34677 225
32 5 14045 70
29 23 38925 38
41 92 131024 33
59 10 26259 225
41 91 19699 219
4 67 6955 43
2 77 10589 305
24 54 46540 291
40 7 62692 199
41 30 17249 119
40 21 6645 55
12 54 11773 178
43 36 45814 447
40 38 19186 44
42 92 31218 18
68 60 257218 33
1 74 21136 71
68 50 8515 470
72 9 21098 161
94 75 55542 316
22 29 25885 250
29 16 75813 128
38 16 71888 109
20 6 13993 42
76 18 22402 26
29 42 33317 54
77 33 26740 86
63 36 7617 126
11 68 150539 661
92 67 50400 155
22 31 46771 59
90 57 9277 140
70 35 16443 20
39 78 58120 2657
11 80 27988 125
4 41 13853 764
33 48 68377 163
83 43 213736 4515
73 46 9761 106
21 13 105305 108
41 47 22610 222
24 77 19376 45
47 41 19319 73
34 65 25615 516
39 53 15057 297
37 13 14902 131
30 95 33043 21
37 25 84515 97
70 33 3763 417
38 49 15969 105
21 62 10043 89
82 80 74144 1429
49 2 62219 71
35 10 78378 303
32 38 53425 89
70 83 23699 30
78 93 2512 100
17 31 12584 206
27 85 64286 400
22 21 33781 33
88 30 54529 746
53 81 17879 88
46 22 6274 583
33 18 15616 49
17 37 21602 654
33 71 47180 621
6 45 44107 108
63 54 241774 126
78 48 88756 93
47 97 8824 225
30 80 30667 596
81 68 11581 40
22 33 49982 311
71 88 80209 231
15 6 3000 904
30 88 32748 157
14 97 10844 316
78 12 19210 43
65 50 11342 346
8 48 9426 99
61 48 10429 841
55 82 22318 73
73 28 22309 405
50 79 43912 225
99 72 3713 36
35 2 11337 238
4 99 58173 95
37 63 20358 92
97 78 33938 109
51 81 3658 404
39 37 22719 88
23 96 55507 64
41 42 39105 94
65 26 24792 553
4 81 10590 538
11 28 190952 54
100 44 12491 30
72 29 5292 150
65 9 106202 490
59 3 5341 136
86 8 14162 263
37 10 81651 746
1 49 15511 388
63 60 114480 193
95 11 19395 337
50 75 53536 49
64 39 17307 92
40 85 43343 294
66 29 19098 41
51 24 4710 22
83 97 11211 30
42 78 128616 191
39 48 14104 93
28 91 7710 252
51 38 18249 41
44 9 4244 347
68 79 30427 170
31 36 40077 73
53 3 6993 44
66 45 60765 396
23 52 38824 80
75 8 69817 125
93 51 187387 172
91 41 26869 60
13 75 186477 131
99 26 33018 946
99 89 8361 200
10 29 18539 37
19 16 13432 267
68 96 13165 90
17 6 5305 151
52 64 30334 109
36 47 10253 79
7 91 19978 180
52 62 41776 443
51 64 6125 28
44 38 24268 103
30 71 13964 25
54 89 12705 142
98 30 20514 171
60 495
38 162

2582118
