100 299 1 1
9 85 156079 730
9 60 6193 39
9 39 8787 48
9 41 12282 33
9 96 13963 222
9 57 219689 80
9 79 28577 91
9 48 53896 107
9 98 31058 1161
9 87 3033 89
9 50 15363 2112
9 85 53382 139
9 78 21083 165
9 77 10487 352
9 79 32834 315
9 21 47898 446
9 61 35892 321
9 41 36215 88
9 36 30061 446
9 90 27158 283
9 23 134616 266
9 61 26152 791
9 24 12091 13
9 94 21419 617
9 37 21002 46
9 73 40872 217
9 27 17966 40
9 66 3984 136
9 93 6538 95
9 24 8827 113
9 90 24633 432
9 83 2814 58
9 36 12474 420
9 17 21734 202
9 96 76466 400
9 50 35214 69
9 5 117239 677
9 72 32616 316
9 83 28405 163
9 31 9311 193
9 53 16649 220
9 16 20525 695
9 55 28448 511
9 95 25734 127
9 80 5657 37
9 46 21468 326
9 70 54989 99
9 60 10651 15
9 11 54292 180
9 65 4998 100
9 82 279231 69
9 69 23934 376
9 74 13150 90
9 54 8177 103
9 84 10181 150
9 65 43482 164
9 75 8245 292
9 39 12722 198
9 66 23322 112
9 47 11554 22
9 1 62622 119
9 26 13379 128
9 44 32478 405
9 19 48385 105
9 59 28419 73
9 53 36895 231
9 25 92624 98
9 75 97002 308
9 50 23281 226
9 14 6003 100
9 72 6533 10
9 51 51461 41
9 27 9901 17
9 98 42973 256
9 3 75368 22
9 1 15255 58
9 32 40030 728
9 53 68305 171
9 55 28533 263
9 82 159615 130
9 90 63383 30
9 13 7670 189
9 3 104110 398
9 86 26622 608
9 13 84319 373
9 58 14130 164
9 4 48828 209
9 98 3982 123
9 94 51063 381
9 67 13883 15
9 78 6302 187
9 69 14422 335
9 79 57019 141
9 76 19576 93
9 87 28632 439
9 74 21515 1305
9 32 38545 701
9 57 35692 163
9 42 11558 22
95 94 59591 180
28 25 3689 40
32 53 22749 285
68 96 20520 1237
68 29 5705 722
2 84 13167 65
84 46 2184 66
21 92 71688 18
43 59 24362 98
69 88 138005 85
6 2 28822 150
31 81 4467 51
58 13 89272 60
2 7 5715 142
5 37 6674 59
61 62 91425 59
65 83 11447 107
13 9 19863 165
99 75 37877 418
44 42 21148 18
71 30 6858 672
96 36 57154 147
86 67 5869 270
4 42 42191 18
89 66 6699 735
85 4 14049 208
3 16 54779 372
28 1 27828 755
86 35 31128 59
92 88 15625 67
18 98 6837 545
70 12 21386 111
63 26 12815 190
39 63 47845 23
91 49 13531 182
95 18 23229 72
70 61 37354 32
58 51 45091 47
44 50 23284 182
75 80 3161 45
29 27 15347 254
53 87 8399 65
47 67 102308 187
23 86 14610 74
46 32 2790 317
25 41 14375 177
46 90 5363 53
26 100 45431 52
62 65 95577 93
99 54 69817 122
1 27 110468 171
53 1 12712 196
55 25 9141 29
53 3 7279 40
57 27 9014 24
80 27 24973 74
92 16 7349 535
83 22 15228 984
15 4 5715 82
57 21 54318 646
47 95 19353 25
60 10 18041 154
76 56 35831 50
25 26 7333 613
72 48 6740 150
26 17 22919 219
61 76 19892 154
29 72 37498 101
96 100 11592 189
94 6 11658 995
66 90 13610 333
49 17 21051 454
51 47 14023 63
92 48 31042 74
46 89 36447 182
63 76 23430 415
31 86 65538 417
21 68 8982 32
97 96 92704 74
84 29 13224 288
95 19 9218 314
1 53 29108 39
86 94 46423 185
7 74 221590 18
38 24 8743 391
98 87 32266 120
44 41 5093 195
97 86 30593 138
4 5 64073 63
62 34 66675 87
12 11 7949 49
89 86 10954 840
94 92 62024 125
48 84 2969 150
3 24 45838 268
100 94 17999 319
51 34 130861 62
76 88 5816 286
45 97 86604 224
82 72 20284 2560
99 18 13221 429
21 35 8973 143
13 45 52744 520
30 87 24962 284
17 35 26703 152
31 66 68026 91
18 83 32230 210
91 75 4191 161
11 75 6157 47
94 67 10123 115
95 31 28213 49
33 82 9716 70
66 97 14250 232
40 34 37307 789
50 49 20203 113
13 42 17093 130
90 4 6303 114
40 74 27044 90
8 96 8747 139
52 60 10320 423
29 35 14359 221
64 84 155025 432
87 98 128095 22
36 27 14893 632
84 21 25488 1215
77 98 27660 23
48 25 22595 52
30 26 4819 112
38 55 14378 55
34 100 195965 339
84 47 80810 23
96 93 5912 402
87 93 11578 138
53 97 11556 174
12 18 27907 154
84 5 14292 248
6 43 12995 117
4 63 12267 66
38 59 452237 300
52 42 31084 90
94 16 28020 194
77 45 14753 226
57 77 23647 690
19 40 17105 197
30 8 15408 17
98 33 25059 197
75 70 57086 33
28 41 30636 47
95 79 16510 62
85 36 2997 438
56 62 6893 21
52 27 6282 110
27 3 15298 261
65 19 27004 94
52 70 35263 161
79 30 15234 128
98 79 12752 590
20 60 10856 136
5 95 106233 363
62 12 5894 218
15 84 85687 314
27 79 49827 14
42 15 65260 410
41 7 24972 43
47 14 113768 494
1 80 9936 461
62 40 3654 269
34 83 12686 208
57 28 99426 910
25 59 32190 124
51 40 4243 189
53 77 84131 273
30 12 13188 129
93 78 6145 255
13 81 27033 27
8 54 12378 63
62 67 12002 16
60 80 8719 767
53 70 23023 86
21 52 19768 85
10 62 17258 15
77 88 29319 85
22 43 19558 182
25 6 40678 1171
33 53 22330 578
41 74 25210 94
49 74 68726 116
89 77 28728 527
63 2 15984 51
32 99 19278 460
83 3 30077 187
14 10 26582 376
13 41 21621 280
19 33 17728 228
49 87 14465 76
77 59 49531 224
5 54 24870 136
26 97 6990 154
75 88 31835 57
47 6 43765 180
9 693
27 3055

20363214
