100 299 1 1
50 93 4029 650
50 90 5191 88
50 44 20045 1130
50 27 24784 57
50 97 7603 414
50 95 91852 79
50 23 37093 99
50 32 22490 2584
50 77 9367 39
50 14 30428 522
50 33 5902 89
50 100 13023 569
50 4 20571 400
50 49 15107 141
50 11 43193 1732
50 42 25130 322
50 15 21677 121
50 29 7640 277
50 59 44657 106
50 3 6947 11
50 37 67799 227
50 83 65773 335
50 2 6321 234
50 41 3888 86
50 5 55899 35
50 52 30187 41
50 79 53578 63
50 18 43428 438
50 57 38495 130
50 28 20300 186
50 60 11863 294
50 21 12326 115
50 69 36369 100
50 22 25601 143
50 89 273853 570
50 56 14978 69
50 73 14809 159
50 36 25524 12
50 48 137666 602
50 34 14623 153
50 62 5873 224
50 55 65053 1166
50 39 8366 90
50 72 364254 294
50 81 28277 119
50 25 4603 98
50 10 29032 159
50 98 35628 128
50 40 107822 177
50 67 10328 17
50 20 27483 34
50 54 11322 73
50 63 32838 96
50 87 14136 64
50 16 49564 384
50 12 8654 36
50 75 5993 339
50 76 8413 23
50 86 13484 395
50 9 256552 213
50 65 11905 401
50 84 7191 112
50 68 8913 60
50 91 104567 38
50 58 7792 207
50 6 24975 53
50 30 41214 49
50 38 10445 377
50 19 91512 522
50 88 6035 171
50 47 123881 170
50 51 22225 433
50 35 11407 97
50 66 25225 318
50 1 10751 307
50 24 18708 843
50 7 15403 110
50 17 2131 201
50 94 42460 194
50 96 5908 114
50 74 15582 130
50 70 11483 270
50 71 19470 1412
50 61 11131 375
50 46 21583 167
50 99 41191 237
50 31 112170 40
50 8 22516 644
50 45 109169 132
50 64 8248 369
50 80 19760 51
50 53 32824 337
50 78 28343 61
50 92 12604 50
50 43 16593 48
50 82 10893 156
50 26 54542 265
50 85 17271 663
50 13 44704 577
67 59 10821 157
13 7 91208 106
93 5 8771 299
88 81 22850 324
38 90 82443 441
95 56 87236 234
6 89 18894 95
81 45 38896 81
88 46 20711 246
51 89 25178 502
11 26 11750 754
65 22 3658 179
4 51 84415 106
97 46 168346 213
18 85 26841 344
5 25 71938 40
19 17 73579 484
18 89 21346 112
2 36 174023 261
80 72 19191 26
63 23 73256 51
75 97 3457 151
63 60 99377 138
96 7 6313 504
1 35 103724 94
82 89 9063 123
31 75 82814 63
78 65 21699 14
68 42 37304 84
45 68 45441 99
26 31 52928 41
10 18 23825 587
46 33 20442 376
84 36 4948 264
95 7 9320 66
64 62 26866 179
53 93 34673 175
58 68 30227 74
30 92 36051 122
34 80 35590 260
14 60 11544 113
98 89 24022 95
18 62 3679 152
26 18 10138 739
23 75 54948 125
9 14 11331 124
72 95 5213 420
26 58 6707 115
86 64 12680 56
7 81 22039 79
65 56 50920 176
71 53 59833 240
41 54 16817 195
98 87 12651 180
21 74 9329 29
35 3 2676 294
8 80 66896 178
20 60 52967 61
20 52 11568 12
67 87 175348 131
21 3 120122 77
43 39 6264 90
83 15 29907 517
25 57 47156 130
87 32 15124 109
69 76 17128 181
18 80 36599 166
46 31 79382 475
63 50 15343 139
85 58 13103 127
38 78 10770 189
66 47 34193 247
19 42 2299 114
59 76 19596 162
13 24 10323 21
74 7 16161 113
48 86 37288 133
10 52 9529 201
17 11 124607 190
28 66 52334 141
40 21 62820 304
3 59 39675 454
90 50 4524 598
9 73 14074 29
84 97 7252 112
34 83 24650 245
49 79 26747 927
43 1 14914 103
76 37 1582 72
19 62 8659 289
64 38 20063 54
89 2 9205 28
48 81 7309 425
14 50 27768 57
45 46 2768 149
86 97 55525 458
26 55 27737 7
56 85 100440 146
89 42 4777 537
15 88 1750 308
27 84 29898 23
2 61 57475 60
90 5 112007 360
8 15 44736 128
51 46 41995 342
93 59 3842 55
69 59 27237 79
52 43 39292 25
47 4 12432 252
6 3 15809 376
89 29 9148 39
57 19 35409 113
10 34 94112 200
1 94 92651 67
26 91 28334 164
35 100 73513 271
94 80 64267 104
67 49 263702 169
33 39 27213 379
52 57 6735 719
73 53 10969 461
17 34 32131 67
40 55 16519 523
88 4 24719 235
35 31 66047 249
65 2 14100 178
95 15 139305 171
52 63 47120 260
15 10 44039 52
22 47 25891 202
45 69 21964 33
5 91 43937 196
41 79 9785 177
2 70 71226 58
78 97 68102 743
36 24 41118 229
16 17 43194 272
46 47 15989 272
28 37 18937 85
77 54 20524 173
21 2 33993 112
59 14 9314 49
2 15 15306 892
75 3 86816 265
30 97 5840 199
32 39 142308 42
80 13 7260 97
26 16 12093 381
2 59 58912 56
34 70 45308 155
75 51 30074 37
27 70 2826 40
7 17 14696 138
94 68 166503 24
85 61 38338 87
15 54 5661 945
89 12 31028 216
21 44 8743 39
85 69 6919 64
84 14 11542 277
53 3 54159 725
73 3 6502 74
45 32 63739 114
14 83 46427 56
21 52 4336 245
76 2 29189 465
34 81 11463 77
51 60 17567 24
52 15 45246 65
60 30 47515 29
11 25 43115 345
7 49 46571 282
91 1 24781 493
79 20 3019 845
4 95 36305 606
10 25 22832 302
37 40 25491 264
12 32 26770 150
1 78 62966 1253
88 37 91769 140
97 50 32271 129
63 30 8169 88
66 57 20740 82
72 81 13283 283
93 90 25725 1513
9 53 32399 1216
35 49 40681 129
8 6 12557 320
1 61 61175 115
73 93 5330 21
53 23 34964 57
91 34 111117 187
68 24 14696 66
73 79 4071 688
54 6 10614 1130
75 28 25594 135
35 75 69820 259
87 83 76089 18
95 36 15976 71
75 100 58546 14
50 1485
3 157

2486707
