100 299 1 1
57 32 8971 692
57 64 7742 24
57 80 39945 401
57 84 5048 245
57 82 35074 486
57 87 36740 83
57 18 45856 115
57 30 14802 45
57 66 25758 143
57 41 29605 119
57 53 13209 642
57 91 206413 289
57 33 1894 538
57 19 40756 25
57 39 15849 63
57 69 6182 175
57 35 22830 324
57 83 29482 212
57 98 31070 335
57 8 29528 91
57 24 26671 126
57 32 9421 76
57 26 21975 167
57 89 53131 188
57 63 4132 318
57 69 26326 420
57 36 12084 154
57 55 9131 779
57 28 25942 78
57 6 54017 405
57 66 8332 386
57 38 90932 430
57 95 17946 580
57 44 6088 27
57 86 10670 87
57 61 12805 203
57 7 5189 80
57 54 36225 28
57 51 38833 42
57 31 22908 31
57 13 2058 86
57 59 25119 463
57 99 3804 370
57 70 30339 217
57 65 6146 74
57 84 27620 187
57 97 27465 184
57 60 38727 46
57 73 85935 571
57 84 51549 137
57 65 11538 141
57 37 56209 27
57 96 50572 380
57 58 116000 155
57 23 37205 20
57 41 40171 96
57 92 43900 21
57 53 9942 209
57 79 18691 387
57 49 19190 151
57 74 5219 153
57 3 7281 92
57 89 11452 115
57 18 73950 143
57 9 25804 54
57 73 23018 39
57 100 22961 103
57 26 11992 172
57 92 24467 291
57 85 28052 159
57 43 16459 33
57 44 41793 498
57 93 24281 76
57 45 8530 202
57 76 33268 251
57 58 3891 138
57 91 20599 77
57 17 75110 109
57 38 15136 350
57 19 7958 261
57 7 154882 121
57 35 53051 52
57 70 41160 294
57 95 65295 144
57 19 20084 169
57 3 33649 141
57 15 28628 42
57 73 30704 14
57 72 231406 79
57 65 30483 130
57 92 6951 27
57 8 54813 123
57 54 14993 381
57 47 219277 337
57 99 36558 86
57 65 16177 91
57 34 17041 709
57 81 12856 41
57 99 83266 164
16 27 11065 154
28 9 30028 276
74 4 1514 82
22 45 14263 472
59 43 6956 80
30 64 6521 61
69 14 58565 195
21 2 120163 402
80 11 14501 37
98 44 61898 311
100 26 6261 85
89 71 14988 145
93 4 80141 79
71 29 7284 50
20 58 32275 407
9 83 46833 179
91 16 55074 226
59 34 13414 57
63 89 34417 29
28 23 26501 65
54 56 4304 225
69 94 13824 356
28 18 19893 254
13 68 11656 436
25 98 5693 147
16 18 7778 253
81 74 9518 679
52 14 6927 764
20 48 56338 831
39 33 3770 283
49 69 10042 89
72 24 66916 1278
98 24 7657 157
1 51 17142 297
95 100 182484 116
80 85 4254 106
50 57 9367 237
17 45 41993 933
32 87 7035 465
54 98 9308 429
91 33 11852 10
21 1 26293 57
94 58 4693 88
90 92 1189 142
61 22 14746 274
46 39 36029 297
58 39 13928 46
24 71 26865 124
78 26 62486 149
31 69 46056 734
4 39 88064 113
99 31 6750 90
90 25 4855 265
46 83 17595 207
27 56 75580 589
12 83 5023 418
39 63 8642 79
75 90 47184 178
81 47 4775 72
9 1 5433 288
56 38 77595 484
74 13 20310 172
1 26 32428 265
82 75 106786 191
94 70 21723 174
87 66 20481 83
64 95 4420 329
42 57 35398 93
25 55 27147 135
45 38 56844 167
93 36 35044 393
24 7 54029 124
62 19 8573 193
77 76 7866 370
69 79 11055 138
77 10 13476 19
75 95 3989 97
66 50 23551 104
1 49 6100 68
73 70 23579 150
83 87 6232 62
17 85 5032 226
21 87 8389 58
26 96 42002 135
34 58 53777 1054
38 21 58205 19
27 14 5210 363
47 12 6564 128
6 97 9204 40
59 95 30092 200
23 79 50494 95
47 95 54228 561
45 69 112941 214
84 21 7266 125
98 6 31137 23
52 23 17096 73
91 96 4754 34
84 41 17534 128
98 92 116924 413
94 72 45320 164
57 2 36204 24
38 82 28774 291
98 48 15492 69
84 100 116597 297
41 20 26696 568
88 43 34115 48
82 17 47066 79
58 34 3797 180
81 66 9686 116
15 53 29126 37
66 16 99947 82
73 12 36875 201
31 11 36652 275
27 54 28873 109
95 29 57859 723
23 20 141645 480
14 17 29703 233
43 77 50530 25
58 29 10287 78
52 19 3507 49
89 63 18045 137
37 63 15006 407
77 68 23780 148
59 65 29062 641
34 65 242664 848
2 48 38023 18
77 96 19792 83
64 84 6880 118
97 92 5187 1374
29 24 41763 871
20 83 33967 192
41 35 5000 212
11 44 12213 286
69 75 14890 198
20 34 14364 858
53 74 20018 457
92 53 10311 168
65 14 18344 76
50 66 42640 345
19 48 14632 678
4 88 23110 310
3 45 64229 171
31 6 14851 78
59 12 25197 41
69 40 20841 147
23 19 13493 182
85 17 41609 45
92 20 34357 1858
83 88 6227 210
87 81 7563 152
93 8 24060 91
99 79 245068 512
11 40 24019 187
50 43 15121 572
91 88 60329 148
60 62 9964 100
60 49 11326 524
77 19 156571 42
18 67 9222 305
35 82 19320 386
61 30 14821 23
95 43 39070 42
24 35 57349 27
54 34 32304 281
35 63 6610 78
93 84 32742 299
44 11 13139 156
41 18 12519 107
99 83 6871 39
54 28 17394 158
82 32 9315 444
71 5 27820 85
61 42 63273 158
53 33 13017 36
72 7 27219 185
2 16 23259 90
83 97 379626 124
5 48 49020 208
38 99 36097 85
94 14 22833 64
55 2 20384 776
67 96 55724 437
30 61 15408 47
75 69 16611 113
35 45 5302 108
18 80 18240 645
56 13 2713 126
65 34 91448 841
5 18 5951 103
47 35 39475 32
28 100 55545 458
49 65 100025 68
30 34 26170 553
94 86 112698 163
51 54 28465 45
56 44 29489 133
81 9 75279 131
2 26 9890 479
3 64 59588 73
98 96 167161 445
57 500
65 590

10984143
