100 299 1 1
29 12 14049 508
29 8 105195 198
29 87 22199 80
29 7 2622 30
29 97 136939 80
29 100 4964 511
29 41 5886 300
29 20 13702 48
29 87 58779 518
29 35 4164 169
29 97 20961 87
29 19 18691 72
29 15 32622 135
29 13 76723 149
29 9 14986 84
29 79 15417 690
29 11 19176 307
29 46 45571 423
29 42 13710 979
29 88 3934 1580
29 71 31525 424
29 15 20364 199
29 55 8043 471
29 49 13791 33
29 54 25614 1063
29 17 39316 369
29 8 24222 193
29 52 49909 210
29 67 84941 73
29 5 8627 163
29 81 28552 77
29 84 15439 348
29 37 7669 151
29 43 30635 8
29 82 31917 518
29 52 110203 50
29 17 30085 111
29 38 41116 103
29 20 23441 114
29 26 40350 63
29 41 36914 34
29 9 49704 17
29 96 21061 250
29 41 15040 48
29 10 4316 177
29 99 20665 279
29 82 171222 152
29 62 28855 88
29 83 6540 82
29 43 38367 144
29 94 77979 186
29 55 20745 92
29 40 26598 63
29 30 8400 78
29 41 7900 336
29 28 47067 150
29 33 20207 637
29 13 12738 377
29 15 9566 179
29 55 5996 448
29 72 34134 297
29 99 8371 239
29 74 69072 394
29 44 26543 178
29 18 97482 30
29 48 28316 500
29 28 72950 276
29 3 94447 186
29 18 34636 360
29 16 41532 36
29 68 17756 108
29 83 241026 83
29 45 31422 1861
29 39 9584 284
29 20 18876 190
29 56 9275 1022
29 36 2962 57
29 83 211500 269
29 72 15837 228
29 64 11027 30
29 28 19079 384
29 96 5701 525
29 18 292874 1058
29 22 16151 54
29 36 61216 79
29 95 7299 51
29 73 13086 39
29 71 40176 30
29 98 9794 155
29 96 187301 1533
29 47 43521 232
29 45 26855 413
29 12 21744 132
29 67 7471 137
29 54 51754 539
29 76 79937 53
29 34 3332 468
29 4 33287 38
29 95 42476 1235
56 97 47346 48
24 72 18924 108
33 14 9455 1204
17 14 66920 83
40 92 24598 200
91 54 36643 68
39 68 13976 178
31 38 24603 128
72 83 15674 343
75 47 12736 1272
58 14 12273 108
75 32 13003 445
11 16 123876 130
85 76 9267 249
81 80 27081 519
8 42 16545 367
86 77 29862 63
92 39 66145 192
61 52 5264 238
21 54 9915 84
38 27 41279 142
10 92 76191 111
95 20 43872 38
59 60 32996 201
3 7 115159 44
40 59 160159 156
30 6 171056 220
94 74 8304 171
76 62 102785 199
75 70 29061 92
82 14 9130 72
96 21 36983 846
65 72 15178 94
18 26 110323 34
24 86 20607 550
42 3 28645 236
53 54 79205 170
67 88 41338 141
53 8 20809 226
37 10 10126 60
19 91 31560 178
70 53 6356 538
13 93 54856 131
34 27 6558 72
82 23 108940 702
95 34 38082 129
72 46 5010 922
82 84 178908 115
94 92 7251 36
55 44 152076 451
57 67 16958 285
25 30 54462 218
27 9 59716 754
46 83 2615 199
53 86 49441 76
11 52 9351 204
81 7 5362 107
86 35 29739 37
38 67 68752 48
85 50 33752 130
89 31 39378 2398
82 97 23301 122
59 19 22567 2371
16 39 13453 259
97 83 18266 789
31 1 26587 140
33 69 7479 1512
98 71 42666 705
7 35 14586 35
77 58 20431 79
99 22 14774 96
86 34 102625 38
82 93 25921 18
54 13 40079 124
77 4 18650 65
92 3 22302 400
1 36 37553 175
14 35 34172 151
23 33 43315 202
91 11 52988 941
97 36 25250 24
50 18 21339 276
74 20 112570 156
11 33 34713 547
90 59 66108 96
71 32 20764 41
39 63 4415 73
5 47 50396 580
45 52 4601 50
3 81 84524 1012
13 95 24284 53
91 53 88484 336
58 50 14437 174
86 22 6903 235
99 47 12577 78
27 82 58622 347
68 49 4839 435
73 32 7708 103
7 43 11759 69
50 90 23731 258
8 47 13429 150
78 89 278647 87
54 53 50451 181
70 99 34417 107
27 22 119685 417
25 76 37190 400
9 38 7034 207
22 56 57665 473
63 75 26325 284
47 89 62710 252
80 62 17572 95
9 8 4992 79
68 45 89160 94
89 86 3478 302
54 49 26904 470
35 92 8236 38
20 1 73065 224
33 76 34114 202
24 12 3193 58
100 61 24629 71
17 92 13811 265
76 58 100543 14
69 60 12901 2031
14 13 2346 71
63 38 174819 86
65 69 12393 106
49 50 50567 80
78 62 14530 151
38 24 39375 396
69 26 199464 884
21 79 79806 171
22 31 53245 364
6 7 127216 713
37 63 11097 361
38 52 26224 51
63 70 17699 552
78 93 124063 170
71 12 19705 159
20 86 31937 115
32 39 15371 49
67 20 9888 129
82 22 19592 153
41 78 6698 83
73 54 36943 1366
23 91 7765 320
98 85 50787 96
75 74 15480 153
67 56 7865 187
14 30 31489 194
55 20 14888 188
23 51 17607 2031
48 32 262456 91
27 71 29574 107
76 78 8464 791
79 12 11358 201
27 31 12369 694
57 80 53757 188
62 83 40021 522
91 15 21790 144
30 72 24075 41
74 49 52324 203
18 35 18515 132
5 16 12341 55
25 14 11956 560
69 66 53203 106
9 99 7757 245
33 38 16696 25
67 86 16108 62
37 79 17705 484
86 19 5978 83
13 58 48050 104
83 41 51753 64
3 18 14027 51
84 70 28579 104
3 2 37506 51
30 74 19256 290
53 24 15611 162
41 54 2887 50
40 61 43775 23
60 56 49569 63
62 23 31687 162
72 94 4914 277
68 4 28979 746
19 73 307123 1071
90 67 6444 193
50 40 30549 865
91 81 7021 271
25 99 24231 62
21 95 819466 60
27 89 28298 674
3 58 78396 141
4 27 24264 44
50 79 13025 281
22 79 85964 170
50 52 5798 161
93 39 6654 31
89 100 27300 40
85 42 3958 695
85 48 56144 25
82 37 20541 193
29 198
83 287

3257872
