100 299 1 1
27 47 6402 176
27 72 41057 58
27 39 9643 223
27 86 23335 328
27 37 21470 496
27 76 13657 387
27 55 23462 696
27 20 7541 136
27 69 18591 1606
27 67 41323 294
27 18 49334 45
27 54 66642 131
27 10 7854 127
27 58 34944 15
27 16 24314 223
27 65 19686 287
27 52 6489 26
27 38 18073 658
27 89 8002 763
27 67 13636 76
27 35 27102 38
27 32 10019 74
27 40 8552 142
27 28 19472 59
27 12 31731 38
27 73 24968 167
27 73 6168 271
27 69 24068 501
27 59 9284 413
27 54 2984 247
27 21 18248 68
27 63 59130 214
27 43 8195 87
27 40 9758 287
27 46 14681 146
27 30 204597 71
27 40 44525 98
27 98 3491 55
27 8 34718 107
27 40 38385 140
27 76 5689 367
27 24 36320 42
27 85 130299 1147
27 70 6556 233
27 17 53990 360
27 26 16870 197
27 64 12342 820
27 95 77430 757
27 67 43216 119
27 30 27667 105
27 70 179861 58
27 51 22922 82
27 24 9288 186
27 46 31170 4
27 34 120465 247
27 65 32547 269
27 45 23005 362
27 46 12360 216
27 16 10707 668
27 9 13056 32
27 53 8616 431
27 12 105066 302
27 13 11949 134
27 92 37624 61
27 77 10628 177
27 6 30465 587
27 77 43577 193
27 61 26537 87
27 74 21674 77
27 16 26736 15
27 12 33321 176
27 4 121382 61
27 5 67497 135
27 79 26534 248
27 74 71844 912
27 94 13173 233
27 47 37077 91
27 21 23388 58
27 39 6651 651
27 65 26805 144
27 7 21630 78
27 97 51774 48
27 45 137561 377
27 61 7837 47
27 95 10325 357
27 92 46068 234
27 56 31091 149
27 82 16111 588
27 59 5866 171
27 58 42300 12
27 46 34040 316
27 79 32287 89
27 87 24804 227
27 2 17599 219
27 70 84023 112
27 96 127717 237
27 30 13450 53
27 2 5931 172
27 56 28128 62
3 39 8977 77
15 8 38947 119
61 39 144625 156
6 13 40671 140
52 58 57891 203
100 52 19773 46
65 20 18829 445
21 60 25413 64
9 3 43686 122
65 17 13897 22
7 8 40034 800
58 36 5948 58
47 98 16320 142
51 31 43976 667
59 97 8333 624
32 75 178892 721
52 82 18749 81
25 43 20147 9
59 87 8072 238
52 83 7200 100
97 53 9800 123
63 3 19786 231
66 7 19925 62
1 60 8451 215
84 1 15271 59
33 3 160920 97
21 97 2976 89
13 64 40794 436
25 62 22564 129
5 3 13128 438
76 62 28952 3688
78 75 2083 304
47 61 87801 93
91 53 22932 142
49 41 5003 239
22 25 35534 77
96 59 13020 90
6 88 7975 27
40 24 31457 364
92 3 28079 55
20 2 5874 93
85 26 147421 932
25 5 29524 242
19 9 160955 43
58 34 24266 59
6 68 23849 23
35 53 46314 7
25 67 7111 92
88 9 143219 413
14 94 20458 63
58 37 14970 100
37 32 63584 117
35 5 29953 125
32 38 6171 46
31 47 21236 91
73 23 24443 468
2 78 15692 274
37 86 60513 216
17 100 23001 567
86 71 8942 65
51 2 21046 197
79 91 13523 16
34 73 20106 24
11 20 13580 101
83 37 87288 55
37 35 25875 273
77 93 23553 179
26 16 8790 354
30 51 233351 264
98 33 79796 359
78 94 4510 576
28 12 6814 250
53 72 22703 119
60 6 21769 61
61 20 51848 19
45 54 6849 1282
31 15 102456 241
58 88 42856 20
61 2 93428 363
40 27 41283 221
94 96 5135 95
97 43 7725 76
35 78 96038 538
68 62 7627 45
97 12 14592 91
82 96 7407 582
13 77 13780 215
31 43 22241 30
18 83 10506 79
92 80 72753 155
33 6 15079 429
74 99 44102 98
71 56 3808 312
34 18 23519 151
17 20 52851 26
33 46 33966 27
62 71 33225 19
37 51 10279 206
8 1 31762 282
41 40 992012 765
89 91 21111 47
95 18 6641 29
85 73 16371 64
54 80 54913 196
9 79 13001 74
29 44 12657 90
14 57 15429 691
89 88 22349 64
45 93 11379 123
88 7 25923 812
49 1 31168 69
46 22 78268 983
27 83 22220 154
17 99 14730 42
51 19 19058 238
35 16 8109 136
69 22 46836 607
16 72 61549 165
59 100 10634 138
30 95 7822 62
93 10 16118 111
11 76 85613 18
93 14 7027 187
37 20 14630 340
29 86 95673 109
77 64 6609 35
26 35 35912 636
63 80 154943 632
37 50 16623 135
8 25 18337 80
66 40 54384 159
83 96 100121 63
19 23 69345 324
65 89 10700 243
55 78 31452 30
10 33 29596 24
32 11 68827 171
97 9 18088 63
6 2 8255 1522
94 95 24641 96
48 66 11479 113
82 50 81907 206
5 96 198334 139
43 4 6483 53
43 2 11758 266
6 57 12669 24
79 24 82138 86
7 6 24104 366
39 9 6967 491
41 31 27430 239
71 23 15498 370
32 89 7201 39
86 65 11690 618
50 81 9794 368
31 74 29883 110
92 86 16255 22
46 83 30509 87
1 86 37715 530
57 67 9910 95
67 39 90164 330
40 88 14989 277
5 48 10140 103
6 15 42132 211
55 69 18993 171
21 63 16357 117
75 33 71165 107
53 30 13201 108
52 10 21856 1276
13 95 13463 172
68 77 25420 114
72 53 23833 102
40 87 21444 413
9 12 52114 19
37 66 22098 56
5 10 22961 40
55 60 24763 36
28 44 98444 64
58 80 66465 342
1 91 13436 284
12 16 6244 382
17 21 42257 636
71 10 30140 175
70 95 40745 29
50 25 21887 204
30 99 92543 32
73 20 7094 544
53 24 34824 21
42 18 32387 66
71 50 33570 112
25 73 29046 127
87 10 4854 177
1 62 45371 30
73 15 17172 183
90 86 11304 69
82 78 16341 82
24 57 9846 582
4 46 37575 332
44 63 24432 149
49 58 24771 177
19 33 27871 51
27 800
20 990

18132532
