100 299 1 1
80 38 116911 137
80 51 9762 45
80 3 91418 188
80 95 13104 268
80 48 23886 227
80 72 46633 347
80 65 24189 192
80 43 24868 1243
80 62 27816 265
80 41 29574 396
80 56 29751 294
80 74 6344 122
80 60 12011 103
80 92 39949 141
80 48 12079 257
80 15 22364 74
80 22 109866 442
80 77 18869 393
80 88 17944 484
80 46 146303 201
80 86 150900 1138
80 38 14052 192
80 75 39829 234
80 88 185783 171
80 9 14830 339
80 93 45046 94
80 18 5445 97
80 51 33439 123
80 20 32275 121
80 77 4608 142
80 98 13087 468
80 75 71091 369
80 6 123255 242
80 68 130662 416
80 74 11981 210
80 20 22269 22
80 96 17699 216
80 51 6298 84
80 46 25965 125
80 93 11794 252
80 65 17653 126
80 8 68421 99
80 41 43664 197
80 64 35100 281
80 11 6901 481
80 17 12550 20
80 58 23961 179
80 95 6273 71
80 32 24429 290
80 10 137072 43
80 39 40539 554
80 84 8134 30
80 55 33959 1041
80 99 52476 465
80 88 6345 149
80 63 130391 248
80 39 9083 99
80 53 15123 175
80 100 25882 78
80 78 58708 231
80 60 45979 80
80 91 36037 701
80 32 120166 65
80 24 22051 185
80 45 11546 273
80 60 23520 1150
80 69 23172 468
80 55 12648 282
80 77 30544 190
80 42 120998 19
80 51 9772 198
80 91 15083 241
80 86 23569 89
80 69 75480 113
80 50 8103 322
80 46 59872 33
80 58 25475 1847
80 94 7812 376
80 64 179786 34
80 70 12662 58
80 1 10310 99
80 28 69464 77
80 23 37274 136
80 87 11282 68
80 97 109826 32
80 55 48811 181
80 23 6208 383
80 68 148912 945
80 37 28102 45
80 78 5799 473
80 62 110295 169
80 9 26787 299
80 4 55829 52
80 79 4127 21
80 48 8689 221
80 59 38604 251
80 22 42818 271
80 86 5385 55
80 50 7736 132
57 42 7190 165
99 68 47237 395
59 45 20387 916
10 67 47964 927
88 45 43641 117
81 43 27482 104
20 3 4192 77
8 80 36637 51
77 22 116184 274
60 10 23009 206
86 22 58498 326
27 65 2855 70
48 98 8576 82
81 44 25228 51
37 25 95649 63
22 89 31651 363
48 63 16463 160
34 100 15197 110
10 49 14971 50
17 26 36017 197
28 72 37171 106
69 68 33763 1667
60 55 142477 130
22 8 66630 54
49 74 17033 40
68 98 15238 112
31 77 14133 467
48 77 54191 195
40 97 21777 187
3 9 40003 18
21 67 13806 36
78 36 9553 44
83 52 20920 98
30 52 7350 96
33 77 7677 385
70 63 33689 63
77 84 41518 598
61 32 29229 186
9 11 92116 272
61 54 68208 893
54 63 151789 94
9 26 25675 508
87 3 38070 289
25 84 10296 43
21 10 17138 192
83 38 18513 114
99 26 3418 96
84 12 25541 94
32 74 11231 27
20 53 3973 155
96 33 4761 73
15 58 7579 117
62 75 17517 406
73 35 46833 157
77 91 15053 156
36 65 19824 76
29 56 2674 105
10 62 46034 190
22 50 4133 59
54 58 16536 124
4 21 94767 297
84 41 9093 425
13 36 43588 31
62 78 5978 89
95 63 17316 560
3 18 29142 16
71 19 5630 725
32 36 9406 520
2 80 70306 58
71 66 23339 379
73 70 29992 22
18 89 3626 213
51 71 88556 95
33 46 62519 258
62 39 22734 65
39 76 3720 223
12 57 58849 199
54 92 42559 538
84 76 7645 169
40 71 18697 78
9 71 13797 74
40 75 20238 508
9 14 7060 48
69 37 82795 101
27 29 128070 142
97 63 11186 273
10 80 42889 176
36 12 14712 54
36 91 9766 300
13 8 17610 259
16 91 14870 102
90 26 95972 41
99 96 5550 40
43 19 78161 2287
93 45 57716 25
23 26 14120 515
93 80 41824 112
87 42 7297 45
44 99 81968 89
96 15 58811 174
97 16 22269 639
30 6 51196 133
88 16 29783 33
83 68 9834 115
100 59 154717 168
80 57 21722 25
25 80 3268 262
28 25 36954 528
56 34 15478 105
68 31 31270 360
23 90 8640 187
86 85 6179 325
78 18 53498 80
35 62 7293 167
50 100 17022 206
14 95 16714 131
90 43 5454 171
56 76 61797 115
80 81 6933 84
88 58 17555 143
37 90 42193 64
38 68 102168 167
47 92 11377 1073
27 98 6498 348
78 34 28062 118
8 19 3031 234
23 97 15789 46
36 7 52465 2293
5 6 33531 517
50 42 12106 23
14 97 17146 1404
86 83 10556 582
12 43 15101 88
75 47 10222 36
63 99 23902 517
48 78 8045 423
51 54 9527 25
65 93 17167 300
89 58 15917 584
4 18 76521 84
69 78 35378 282
37 1 53363 17
98 74 27277 161
51 15 6405 182
8 78 12774 87
83 27 4104 229
47 28 26411 138
27 28 26118 28
17 90 30333 104
29 53 11223 817
91 38 15781 178
46 63 11491 73
24 57 42231 95
41 13 14279 93
64 15 12715 169
88 57 32845 275
33 38 22084 41
45 86 27619 407
89 47 5471 240
95 29 56586 446
31 54 2991 505
22 52 24005 220
58 33 160901 35
49 89 22305 36
92 94 19605 164
30 66 99767 108
22 71 13230 184
27 10 87968 93
89 31 41722 72
15 32 75933 209
23 10 43606 500
17 37 15101 327
70 48 13420 101
71 70 19546 421
66 17 32341 841
81 69 198533 573
73 85 14776 239
12 79 92481 413
4 14 18008 192
54 94 6493 158
79 3 36594 391
54 66 28945 81
86 17 29158 121
98 37 7367 768
34 55 23158 164
18 49 8907 96
58 61 8602 110
83 51 117804 113
70 75 84586 516
30 72 13087 223
91 18 12074 322
57 55 15876 121
41 14 113306 439
42 89 31517 120
85 74 84564 137
6 59 39032 114
24 12 22784 213
44 86 19661 116
74 71 30532 122
57 65 15229 178
80 404
63 723

10961799
