100 299 1 1
22 56 61065 200
22 27 64586 88
22 58 30535 67
22 62 167737 1167
22 92 42199 111
22 83 5492 121
22 13 46609 69
22 90 31453 49
22 57 14643 128
22 80 48976 131
22 31 10022 99
22 91 56185 28
22 49 74851 279
22 41 21752 163
22 2 10669 225
22 5 32349 48
22 33 28139 124
22 39 20780 111
22 45 9505 304
22 32 26000 1082
22 40 44166 186
22 87 90281 267
22 53 26545 35
22 82 102588 77
22 67 29052 163
22 60 31365 753
22 1 24188 716
22 40 798 52
22 89 51887 350
22 18 54244 26
22 43 4639 87
22 99 17245 90
22 53 37449 87
22 45 17295 250
22 97 12092 105
22 27 20542 245
22 79 44463 41
22 26 16800 199
22 71 4512 19
22 31 23327 193
22 66 56393 331
22 57 7793 103
22 35 183497 485
22 38 23982 95
22 78 5885 258
22 66 7752 306
22 45 17824 82
22 39 13387 138
22 93 16467 92
22 26 19327 341
22 68 43289 1054
22 96 45566 55
22 94 20782 123
22 18 5767 508
22 41 19101 158
22 73 36385 318
22 9 22210 135
22 98 37088 261
22 85 33553 297
22 41 27291 115
22 1 33856 316
22 91 7591 122
22 8 11323 349
22 26 4521 76
22 64 4069 647
22 94 22809 189
22 91 73104 189
22 33 78140 317
22 100 88404 83
22 53 28863 121
22 91 6220 274
22 53 10910 180
22 19 5908 274
22 77 8044 408
22 18 56688 33
22 75 28837 162
22 61 35555 2093
22 46 17945 201
22 13 82729 33
22 86 14136 439
22 15 12902 54
22 34 11085 1183
22 90 56421 257
22 29 3702 123
22 17 13019 272
22 42 17511 72
22 68 57787 338
22 57 77742 262
22 31 3495 356
22 74 52924 81
22 3 37116 274
22 50 75592 110
22 39 10409 310
22 50 45754 277
22 39 18968 12
22 32 1652 164
22 3 14612 112
22 6 11653 138
22 51 79363 110
40 85 12135 115
77 93 46381 73
97 50 18583 405
34 93 23703 39
100 59 5570 428
7 75 77779 196
67 64 52908 491
74 14 20054 104
29 32 14267 116
78 39 3339 485
70 12 49215 70
27 11 75564 61
33 97 66760 196
6 92 27204 57
40 47 22838 264
75 91 12022 114
97 43 24283 16
34 13 17619 40
96 40 30415 21
59 35 17737 807
43 80 13702 69
52 58 120352 130
25 67 10496 137
98 71 37669 66
78 28 13585 422
1 7 9681 440
73 49 70088 149
52 34 56300 191
83 16 40281 66
54 27 50977 102
67 19 43236 229
37 14 8094 67
54 32 7975 174
86 41 6955 44
80 96 28196 510
25 43 28908 113
5 35 48443 39
5 12 148460 127
38 75 11272 33
53 94 9204 137
99 66 52896 249
83 97 70432 139
25 33 35755 149
67 7 8804 263
48 33 70395 1874
52 93 3254 538
32 58 8888 111
62 45 3784 111
17 80 2136 17
62 23 483025 121
98 87 8446 60
53 92 6621 583
76 83 33602 415
75 39 17304 44
53 73 29239 320
27 100 51065 222
6 72 48595 165
46 83 39473 25
21 61 49605 158
63 50 26128 73
10 50 9744 138
41 13 5939 261
90 92 57345 92
85 73 53894 1018
11 89 5656 146
74 59 22662 54
75 57 22708 1509
56 52 15180 480
100 49 20577 60
82 42 13638 43
27 50 36053 103
83 75 4520 181
36 73 7305 289
25 83 51841 559
71 20 1958 62
9 56 19866 30
42 26 7178 259
98 50 97808 15
91 25 6230 111
46 55 73423 433
93 46 15444 772
28 67 6968 38
16 90 75455 118
56 36 15889 333
12 11 26092 110
27 38 108714 285
56 65 12783 101
33 94 17119 295
14 35 20636 99
7 10 5940 21
28 92 77340 42
31 54 133644 93
50 2 44195 241
40 10 1965 208
72 22 10110 78
46 37 8629 289
61 16 3269 58
5 48 12152 59
1 28 48783 261
94 2 22298 120
85 79 7074 739
36 66 39883 1766
46 11 13109 28
98 4 12285 126
29 85 15908 61
63 72 18174 109
2 34 3885 107
70 90 19044 203
42 80 10984 313
21 12 4697 194
12 78 5694 811
21 18 103786 181
81 94 13035 257
1 88 49337 491
19 22 14340 132
81 1 10017 147
31 51 26936 77
30 72 49143 20
84 16 37336 149
47 36 144326 131
72 25 125802 125
26 9 26833 207
8 28 77655 40
9 78 17130 83
93 12 57448 20
53 23 38936 75
44 96 44203 302
17 49 120933 199
19 31 9425 182
30 6 5438 148
46 1 124469 392
10 29 3745 499
12 57 20548 493
86 90 5402 639
25 47 3381 77
32 28 22793 226
34 46 14210 145
26 16 19627 35
97 69 52642 342
53 66 14918 177
56 64 10766 278
91 64 22535 53
33 85 14551 765
28 5 19553 85
4 13 19959 225
48 5 44913 560
24 1 23183 157
8 82 44594 64
50 7 7697 211
69 7 10748 649
9 65 9842 259
32 66 15764 90
97 10 19470 512
52 83 23486 522
27 47 5896 405
46 22 61296 228
4 24 4920 573
61 97 759 116
48 41 12358 30
91 6 37827 139
32 33 869 135
3 5 208488 230
24 82 81632 172
82 52 4127 231
66 39 17341 201
59 21 24230 101
69 31 13940 59
95 6 6467 188
91 17 158945 595
19 28 25975 41
10 36 54377 118
69 97 45669 397
99 46 14023 262
63 92 4071 50
78 68 23364 485
97 59 24321 24
93 73 38136 524
8 24 105529 1008
20 22 9262 60
42 67 18080 116
95 19 15306 212
5 41 105530 380
21 42 20319 309
81 61 27261 194
75 88 49253 530
6 40 56889 267
31 2 14341 110
20 88 5353 449
31 88 6267 415
16 9 4147 77
71 10 86514 135
65 67 85619 289
66 94 20235 173
10 48 8119 18
2 20 219806 378
26 20 20649 391
97 80 42856 167
99 23 31357 128
45 37 14814 28
93 41 10591 419
22 693
50 1481

30767053
