100 299 1 1
50 69 32836 109
50 92 9039 105
50 67 15177 48
50 39 39625 235
50 19 7761 378
50 47 7513 17
50 79 55419 178
50 30 6862 386
50 98 26145 403
50 57 143447 92
50 64 24373 177
50 84 43368 102
50 83 123204 143
50 6 17698 99
50 87 3517 52
50 21 11141 89
50 75 14824 220
50 9 29021 105
50 22 10922 40
50 13 78045 614
50 16 48827 44
50 36 46171 342
50 49 4637 74
50 94 49560 267
50 70 3843 94
50 35 24939 548
50 4 83991 1703
50 45 14523 117
50 44 2956 157
50 63 28297 185
50 100 26668 35
50 31 29959 564
50 42 30711 134
50 91 32167 319
50 74 15555 232
50 43 15068 506
50 52 10312 362
50 51 25179 132
50 60 24749 102
50 95 46732 52
50 97 18704 89
50 15 3767 91
50 38 19823 27
50 96 8413 156
50 18 14933 188
50 81 39567 185
50 27 27374 38
50 89 19580 719
50 88 50975 292
50 40 22342 169
50 41 40149 11
50 3 20992 47
50 55 29492 39
50 68 13199 21
50 99 62048 183
50 48 30879 179
50 2 6362 108
50 26 274727 564
50 46 9570 534
50 65 12248 198
50 58 12837 45
50 53 5302 21
50 82 32326 386
50 14 24262 390
50 86 5332 127
50 93 7551 452
50 17 59956 127
50 28 12186 350
50 37 32733 718
50 80 26282 174
50 71 19649 122
50 56 20092 99
50 1 41135 147
50 90 26982 126
50 29 75925 57
50 33 27726 84
50 23 433204 52
50 11 3703 56
50 5 33866 157
50 72 89893 41
50 77 108328 218
50 85 9851 211
50 59 22734 32
50 25 12059 267
50 7 19334 1151
50 34 97784 25
50 76 53115 37
50 73 6770 256
50 78 54672 136
50 61 16151 54
50 8 39347 161
50 62 12778 70
50 32 19761 97
50 20 31778 131
50 24 75388 250
50 54 8598 33
50 12 61851 30
50 66 13857 87
50 10 23801 49
99 39 8456 305
74 17 11650 14
65 73 9081 47
84 21 17013 213
39 96 7161 89
32 37 70321 46
20 99 28923 690
88 54 11187 44
35 83 45652 97
57 3 23638 360
15 26 1320 224
95 82 25784 17
53 51 14167 170
48 62 19467 89
16 54 18889 51
54 94 20882 59
55 13 21636 118
81 2 11199 301
61 60 94120 150
24 29 45437 71
31 12 27372 544
25 23 13542 112
39 56 131445 139
49 100 25437 183
92 43 23665 744
39 57 35057 252
24 4 19769 132
87 96 139713 437
76 13 61175 75
71 12 21052 66
77 42 13808 769
76 35 19271 125
61 45 37889 297
49 62 5496 89
52 9 10555 33
65 36 5584 340
81 80 182126 58
52 76 25008 107
63 67 3785 31
17 90 15636 242
6 90 17953 219
72 71 21122 26
85 69 16952 139
56 97 34358 58
42 84 30982 34
89 57 3289 116
34 54 45726 58
69 71 46611 389
34 64 53568 579
5 14 43246 90
38 57 2501 35
72 45 66709 121
92 99 9841 143
44 48 5085 114
25 92 22852 452
42 72 15369 102
32 22 4432 396
35 66 26616 418
80 56 36325 211
68 49 151000 100
90 85 42462 293
11 63 8665 316
53 35 37760 191
29 55 5762 213
61 30 8364 158
67 93 13966 44
16 65 193600 91
32 7 33813 101
69 57 31171 100
84 15 15820 121
12 75 35373 55
21 93 6156 152
2 3 46490 72
80 74 47498 182
33 18 3541 748
60 56 49452 61
10 18 62535 51
58 24 18429 117
86 80 5544 325
1 18 42576 223
96 99 7455 57
62 49 5268 611
15 79 18973 118
78 8 27258 57
30 34 28365 510
51 95 67616 82
9 57 26799 273
25 40 40201 231
82 54 1122 22
87 92 5882 392
26 25 90858 188
83 85 1929 56
67 53 59459 428
72 100 129032 173
66 16 13119 56
8 11 113771 362
24 11 74186 133
48 81 11081 99
85 64 33221 129
40 32 12099 434
80 45 240145 34
2 13 10420 167
62 55 54181 844
1 61 8334 63
15 20 111243 58
38 31 26568 231
64 44 20462 172
77 63 15003 448
25 28 12277 472
32 48 35202 974
22 55 7095 237
77 2 10759 84
73 80 60443 34
1 36 32870 224
52 20 33674 71
14 33 9366 262
92 40 4649 225
22 65 28298 564
59 22 17394 274
55 35 91753 122
33 70 12484 63
5 71 7452 240
14 7 5034 93
72 78 162253 132
60 11 45906 66
26 90 126359 44
29 64 29089 30
56 51 27578 412
55 64 28155 395
23 83 9809 73
75 40 65367 145
69 65 26151 100
78 35 27460 94
86 81 18712 60
33 96 16592 500
86 7 78112 424
38 65 5897 104
71 52 8774 69
37 40 49055 41
14 5 5114 406
83 94 227836 228
22 47 16179 223
37 22 28362 182
15 10 1536 264
66 45 9799 29
31 71 113933 225
32 40 11969 3476
36 24 26639 104
32 47 278544 305
80 61 9619 470
66 10 32995 23
10 50 28960 49
56 86 48683 372
44 63 23283 113
53 86 13547 239
1 52 4685 164
32 84 11606 801
54 52 5844 169
71 10 18021 124
74 56 14204 56
29 36 8490 155
12 69 589258 285
41 51 16714 65
49 17 267810 179
99 89 93112 50
87 98 16997 50
98 34 12837 25
77 96 14474 399
45 36 13139 83
57 13 27032 46
33 31 29974 191
6 30 142772 95
92 19 77929 188
97 92 12155 45
77 66 3737 434
11 91 16741 1464
35 82 39936 614
79 61 44630 143
27 28 20018 82
84 89 46632 503
51 89 4745 107
47 10 27630 242
90 30 39384 109
86 77 20743 92
38 30 144073 958
73 89 79974 100
24 25 72685 105
99 21 32354 3548
30 76 56355 14
14 68 62373 123
56 85 195240 81
66 49 83282 423
56 42 94816 76
36 14 2251 328
25 81 163408 74
75 95 35980 73
79 86 92397 392
22 51 31015 382
49 71 4798 112
72 83 13340 59
50 693
71 459

11422298
