100 299 1 1
57 10 104098 34
57 80 43579 29
57 49 59787 75
57 66 12455 74
57 58 23623 255
57 68 44839 124
57 60 44191 242
57 89 20371 71
57 96 5324 347
57 72 38478 260
57 9 5691 479
57 78 7395 70
57 19 6073 82
57 68 1601 102
57 51 174258 110
57 62 20608 111
57 62 156787 669
57 12 300635 202
57 35 42454 62
57 59 29257 180
57 88 61370 996
57 67 92067 331
57 91 7724 995
57 41 41196 219
57 82 5676 102
57 2 18812 131
57 32 25038 51
57 37 37544 201
57 34 98801 418
57 90 3359 521
57 96 19079 58
57 93 14796 33
57 74 12046 334
57 74 255370 102
57 32 28165 107
57 44 11787 42
57 56 57022 71
57 83 17366 490
57 58 40012 42
57 49 1323 148
57 87 10074 373
57 14 9486 349
57 4 17276 83
57 59 21929 445
57 8 8640 1166
57 60 13715 122
57 79 31749 794
57 55 17147 346
57 62 12011 1327
57 91 6741 36
57 60 18376 155
57 9 54817 379
57 53 6431 182
57 24 2682 246
57 29 8919 208
57 81 5993 171
57 77 35697 2553
57 43 29744 186
57 91 54917 145
57 45 5230 84
57 78 4361 15
57 39 29556 24
57 62 13215 84
57 4 12512 83
57 29 9538 574
57 3 7766 69
57 1 92545 102
57 24 15432 719
57 33 17924 24
57 49 22830 116
57 33 63490 243
57 50 45763 382
57 3 195538 65
57 1 12086 522
57 61 15538 51
57 69 15800 73
57 29 62586 1063
57 40 55615 50
57 2 4758 162
57 97 18533 196
57 60 51593 49
57 88 46083 132
57 74 39203 180
57 67 24992 228
57 54 30480 648
57 32 3574 236
57 82 82283 121
57 24 4163 202
57 21 21815 440
57 98 2501 48
57 91 14803 148
57 67 11280 181
57 76 7595 31
57 12 13113 161
57 88 10111 47
57 18 12564 290
57 53 82166 211
57 28 59669 141
57 81 16635 189
36 74 12800 24
18 57 18947 100
54 77 63882 94
14 31 35856 33
47 85 4377 837
96 60 11194 569
84 18 140158 348
2 29 13639 188
16 65 8764 398
83 72 21422 79
60 80 2411 306
9 69 10674 504
1 37 4059 310
18 89 13275 162
34 88 68051 45
42 67 50537 186
57 75 67484 113
75 99 1486 297
4 96 50133 99
61 100 20006 146
46 71 158955 62
81 82 59330 200
13 76 57947 99
46 40 139399 589
50 60 11146 67
19 62 49176 33
64 27 51506 2539
76 9 58111 656
22 25 20196 94
91 8 37829 58
85 29 4357 220
81 86 36688 162
85 39 14121 129
82 89 4839 21
83 45 114116 551
31 80 64866 73
46 55 17357 262
50 96 7780 123
73 90 70155 92
97 60 4001 131
21 4 183494 169
94 28 5207 194
66 43 136438 227
92 64 62900 157
18 34 43011 151
50 29 28003 49
50 16 14832 115
55 17 13550 160
52 2 25666 40
77 40 21557 65
65 37 30303 51
53 59 6538 137
44 99 17114 139
89 17 18879 93
86 4 10816 72
3 75 8159 38
74 35 12797 177
23 8 62547 96
48 83 18693 84
63 70 6967 117
25 90 8982 304
74 65 95371 400
34 56 23885 501
12 63 70075 39
96 93 4350 93
11 99 21971 88
87 100 30436 41
11 40 10783 40
10 83 7933 113
49 53 2696 57
88 71 33889 109
81 54 11203 41
40 78 9611 65
78 64 93189 17
41 7 18261 260
59 63 277019 90
76 55 16151 194
45 85 25668 343
91 83 17646 47
74 30 195953 279
32 82 26215 575
62 47 32331 154
100 45 24882 52
31 32 360258 68
76 18 61852 608
32 40 15479 206
22 73 52453 37
78 27 14942 96
12 59 47761 77
90 82 28987 140
14 45 17701 567
90 75 66922 81
86 7 8984 177
46 7 3898 117
89 86 17543 71
28 31 17913 157
71 7 13514 468
1 65 12549 37
83 80 6893 367
7 43 15495 195
74 56 68752 48
35 62 119777 153
17 46 21449 928
53 75 44140 75
98 52 21402 43
32 53 59783 195
24 90 166365 6
33 44 78728 107
66 13 17230 336
2 65 10837 23
96 40 19407 885
52 86 58177 617
52 35 6896 329
57 52 10931 33
65 34 12167 39
46 57 24282 75
43 11 6908 441
75 61 4571 67
45 53 23198 177
42 50 5300 217
55 26 51501 224
81 14 41542 211
44 39 21730 110
59 79 38026 103
94 70 17416 116
91 89 15723 396
23 39 29024 169
76 22 14130 900
79 30 8215 994
26 20 57713 61
65 26 123293 19
10 31 47391 80
46 81 16755 170
3 1 13035 43
16 58 21361 97
54 9 51111 78
73 78 38120 190
26 99 71529 54
1 67 51111 103
72 7 10645 259
77 39 27951 168
78 42 3813 305
61 98 72710 314
12 1 5609 16
35 13 56711 33
50 37 50298 473
5 21 11392 142
46 30 49155 48
71 89 94730 49
36 66 28204 142
24 31 32445 260
31 88 31001 143
78 99 35914 323
84 4 218514 40
40 21 22345 76
61 33 67218 92
43 74 17295 99
66 87 67429 1606
94 53 21193 47
20 50 43212 189
43 42 3317 226
88 55 8777 184
22 69 16252 137
45 28 9598 108
34 67 7218 129
30 41 7387 412
5 86 61354 409
4 61 13284 88
96 78 28607 60
20 31 135105 82
76 23 8195 42
87 41 52961 595
3 61 21130 604
65 2 22759 68
68 87 20518 39
63 29 38880 126
48 26 26507 626
27 36 12256 66
45 13 8249 132
99 59 20751 369
80 45 9799 96
17 27 15126 74
15 87 31532 165
16 83 18326 499
61 36 11128 38
35 91 9798 33
93 27 28304 321
66 78 32706 303
32 31 39374 135
67 5 47185 91
51 8 27935 244
91 58 39207 66
17 88 8982 266
66 83 10924 732
4 11 23100 226
13 97 10438 109
33 71 4645 77
90 57 92015 1247
42 79 43462 55
58 10 18838 191
57 505
60 1449

8066512
