100 299 1 1
60 92 317366 416
60 31 31996 278
60 25 27117 223
60 40 63001 178
60 17 42948 22
60 74 6049 67
60 99 21258 142
60 77 7415 166
60 65 14683 166
60 30 6959 130
60 10 17067 599
60 2 13508 296
60 59 17288 132
60 6 10342 183
60 48 9438 434
60 98 9216 144
60 87 21580 605
60 61 33363 105
60 75 20922 59
60 12 17760 197
60 94 6109 548
60 14 2122 561
60 38 96465 205
60 58 18474 71
60 67 6001 51
60 93 37968 99
60 80 59752 90
60 37 16321 800
60 11 17873 113
60 68 8844 362
60 47 27087 208
60 13 32234 139
60 51 36615 93
60 62 25989 149
60 85 11778 54
60 63 180328 203
60 19 21934 123
60 83 13501 405
60 43 11056 40
60 82 15320 337
60 36 2617 181
60 53 31813 84
60 22 14670 175
60 24 1102 117
60 20 25264 434
60 79 16303 270
60 52 40983 153
60 90 7431 74
60 88 32718 1586
60 34 3564 403
60 42 23567 1092
60 16 7241 1003
60 50 70808 59
60 76 6515 22
60 3 32955 158
60 44 27659 112
60 1 2864 174
60 97 33965 228
60 29 21592 191
60 72 7448 2875
60 27 8231 171
60 64 39380 127
60 78 10914 179
60 100 34999 134
60 41 6533 33
60 86 107783 162
60 95 8185 122
60 46 36061 147
60 7 13105 206
60 8 39333 110
60 28 15722 130
60 69 21949 43
60 39 2028 131
60 23 80579 660
60 55 8362 655
60 21 26918 331
60 57 2157 264
60 35 100547 347
60 73 70528 311
60 45 13183 107
60 96 62305 302
60 32 11086 19
60 9 32528 65
60 54 3000 282
60 91 2169 424
60 66 11053 122
60 71 73287 29
60 49 19159 51
60 89 9536 127
60 56 14943 238
60 26 12959 778
60 70 11479 37
60 81 8812 686
60 33 2624 31
60 4 6124 83
60 15 13338 50
60 5 27221 56
60 18 57716 121
60 84 7522 20
6 80 47235 70
77 56 171925 335
12 1 26480 231
98 91 6392 271
42 31 65448 554
6 59 9980 69
4 62 19185 210
86 14 17806 77
45 66 31829 53
19 81 83011 109
63 77 8807 126
24 1 10473 245
23 10 88245 172
7 68 60194 501
62 76 20553 444
18 94 16695 263
64 96 12695 188
21 1 11498 349
70 20 30491 67
49 79 61479 159
46 12 10170 91
94 58 12580 230
4 43 10831 89
96 36 14669 136
89 8 9981 162
39 53 14121 82
78 74 37093 76
41 76 32855 139
47 86 3520 92
4 32 16769 150
40 54 36274 225
27 41 80935 35
16 44 24333 129
21 90 90618 41
44 58 8676 30
36 91 4020 47
93 4 7274 589
3 8 4735 98
57 87 17506 34
77 40 12972 21
37 71 30276 111
92 40 73924 27
67 22 9964 77
20 83 19729 250
46 48 15055 60
80 96 40283 16
15 68 43480 147
46 87 6311 419
23 60 27580 977
58 26 24131 137
85 67 19576 73
27 57 7864 21
79 77 49281 101
63 38 42923 106
61 34 114514 75
37 41 31433 282
27 1 133139 100
17 32 32396 22
54 100 24437 45
24 62 17811 41
86 89 17983 228
25 7 10214 108
26 36 19112 13
75 83 9313 235
50 92 24174 338
30 98 74534 429
34 64 4469 235
20 1 20679 35
88 10 38407 94
62 97 20106 219
38 57 12989 70
73 81 12633 36
25 37 5545 33
20 86 16084 32
91 47 13262 84
38 99 72378 280
72 85 36688 90
63 29 121488 51
19 52 61355 137
93 76 25561 127
22 31 19747 141
37 84 47916 161
25 6 24714 83
27 2 186073 971
15 22 9297 174
20 51 11268 37
89 79 12285 67
90 48 23069 104
34 84 4005 90
17 71 11513 639
37 72 8227 190
5 58 22589 377
35 18 69041 280
45 94 21837 46
27 68 12268 151
19 21 100678 186
96 60 24720 22
23 36 37168 139
51 38 26966 74
100 58 14752 605
15 59 10117 72
66 42 21371 110
94 65 64248 49
91 1 43457 66
57 7 18195 31
43 49 5721 116
59 10 17344 349
8 56 20678 599
3 95 13530 116
78 60 22520 162
86 88 12070 234
42 83 14200 31
32 11 9187 149
100 13 16801 226
69 37 35151 69
89 78 14570 74
98 28 13870 355
41 17 24815 145
21 72 81693 602
63 60 7906 418
14 72 11805 91
74 52 12857 200
80 99 37569 124
49 72 22663 54
13 20 242830 99
27 15 29200 1150
33 63 8238 165
14 96 81263 191
99 60 7847 207
25 20 13213 383
26 64 182245 279
50 63 14740 779
73 96 15332 333
29 23 109171 202
78 89 29146 114
95 23 7136 326
53 62 34833 355
98 47 4667 276
43 74 27289 39
32 52 37950 234
83 92 74260 171
98 44 14907 173
33 35 10661 907
39 15 14171 150
11 7 7379 63
74 68 43410 1344
86 43 23996 665
42 37 21137 136
69 66 14596 660
90 24 70158 2346
9 23 58605 238
32 56 5722 837
3 74 6589 83
10 39 42031 1257
85 65 41039 388
10 31 16216 124
63 86 19314 215
77 44 39024 218
34 1 31717 51
24 48 24489 182
49 87 43069 174
3 79 27858 276
97 69 40594 357
91 21 7406 352
9 2 12303 323
90 80 7205 305
87 7 41400 156
45 46 22922 392
42 29 25082 26
53 14 16905 102
13 21 27553 246
27 97 114248 83
45 17 117728 628
14 4 13235 343
84 61 6271 61
16 91 25865 218
92 26 3510 772
82 29 26132 335
69 62 36960 182
78 92 193949 181
26 30 19867 94
77 50 15014 206
91 82 11373 192
55 86 141437 53
2 89 37407 244
72 7 6099 87
25 96 40734 317
36 61 93892 191
32 62 6570 82
48 27 4148 144
91 40 15049 806
2 52 25968 192
55 9 42571 305
94 73 11433 405
18 65 8492 800
82 95 93305 250
59 97 19366 69
2 28 11839 75
71 6 16958 406
56 51 35566 1032
60 99
1 53

151792
