100 299 1 1
66 87 4938 18
66 13 18359 222
66 44 59772 180
66 79 13306 145
66 18 19752 74
66 35 16578 162
66 46 30937 400
66 4 28986 51
66 1 4693 107
66 92 26038 135
66 34 14670 44
66 88 55777 49
66 23 34315 20
66 27 13378 67
66 19 2927 174
66 77 9338 1263
66 65 12397 136
66 74 48219 161
66 90 22068 103
66 31 8043 59
66 3 16161 130
66 32 10968 70
66 45 23020 276
66 71 17038 79
66 6 20409 72
66 91 56002 858
66 62 88902 87
66 41 143049 131
66 53 45394 26
66 29 128229 459
66 56 20581 76
66 43 6463 52
66 40 2807 411
66 52 7703 103
66 58 100019 515
66 59 60356 112
66 22 31272 406
66 55 86898 543
66 100 11461 34
66 73 25118 23
66 47 15559 486
66 94 24642 135
66 49 9291 109
66 86 5405 148
66 17 6599 166
66 83 23451 84
66 5 66437 234
66 2 60820 114
66 57 24962 29
66 54 24207 334
66 84 32208 71
66 7 62024 82
66 64 3022 164
66 67 68096 93
66 9 8783 42
66 30 24915 159
66 70 54258 345
66 75 39316 139
66 51 96977 59
66 93 60763 60
66 95 7106 60
66 60 6002 538
66 97 11723 749
66 98 51983 64
66 8 50402 59
66 76 38963 115
66 15 16812 103
66 89 10676 47
66 80 21494 635
66 39 39623 257
66 33 14640 1007
66 36 22018 269
66 25 14976 94
66 63 69322 240
66 26 12241 1095
66 72 43766 142
66 61 12947 144
66 50 12335 338
66 21 23897 64
66 24 14651 16
66 14 60137 301
66 38 14771 155
66 81 101896 38
66 28 9235 194
66 42 107877 102
66 20 77743 525
66 85 2379 79
66 82 15651 60
66 78 6688 17
66 11 4547 191
66 16 6561 63
66 68 45043 61
66 12 7785 17
66 69 20641 191
66 48 15088 141
66 99 15715 250
66 10 4020 22
66 37 1419 62
66 96 22097 33
49 31 11799 70
35 29 53236 129
37 44 35725 193
95 58 71816 283
92 98 71832 99
39 85 97026 110
20 13 7508 204
2 66 23293 415
45 4 15944 139
86 52 18405 99
81 18 17741 54
47 25 18198 326
39 22 21903 21
82 69 33926 325
26 52 24342 84
49 22 4849 40
68 3 68203 160
86 71 37866 39
78 88 9996 135
43 83 26527 104
60 51 78422 320
91 45 28776 653
63 3 20376 277
15 70 4826 1741
100 85 11514 135
56 52 26120 71
36 47 12855 155
27 37 7255 32
62 57 6980 301
70 62 5070 305
16 4 45819 39
26 89 19772 1112
5 2 21565 78
27 50 30036 52
94 88 11174 161
10 70 73855 75
30 60 5265 406
88 34 7523 517
7 4 58206 294
58 1 21427 220
44 15 12389 566
71 79 10031 326
8 42 7877 247
100 3 39292 29
15 83 28887 223
11 66 70397 18
58 37 36122 102
97 24 82878 93
67 89 2588 90
75 64 56226 537
1 90 112797 507
25 44 134657 198
19 78 225655 73
24 76 20632 53
73 62 167403 132
48 66 8710 175
83 8 3884 42
93 78 21066 99
14 70 4155 129
22 28 184975 141
63 36 23635 737
58 77 60862 115
92 25 6223 184
71 5 18907 457
57 39 16240 46
50 64 15375 273
67 52 11983 175
85 69 33997 37
55 49 109198 222
11 18 5655 186
50 83 14023 76
84 62 91395 442
100 94 7904 251
61 64 10689 152
55 8 8648 59
21 83 4350 306
28 40 36589 198
58 4 12581 161
32 98 15172 82
40 34 13389 160
1 51 25161 328
61 2 5028 96
18 24 177996 23
48 71 54379 570
37 8 24136 83
5 43 13564 945
36 19 29616 475
54 23 22116 135
26 93 30625 125
77 48 1039 169
43 30 54660 80
23 71 33324 140
4 66 25419 116
47 6 6674 212
6 37 9957 450
80 28 12878 74
34 84 35123 118
86 13 73102 116
60 21 43138 206
77 1 6484 63
18 39 27122 216
4 72 15977 60
34 8 42492 91
8 5 9008 73
55 76 9508 120
78 54 80007 133
15 59 18742 135
4 49 11500 192
81 73 4762 398
82 91 9661 28
100 98 6778 80
30 98 55672 529
70 21 15199 279
48 54 21733 423
8 77 175300 68
3 88 79465 163
25 93 12077 58
18 83 30168 245
87 29 28952 552
37 10 20977 320
7 69 31582 196
11 21 41028 1193
58 44 24009 536
17 60 17639 133
30 80 15517 109
34 24 17651 615
77 68 21018 85
42 85 2952 281
87 79 2380 71
70 59 60501 241
22 47 8544 97
20 21 7734 302
39 44 13894 234
95 66 74291 350
20 64 31427 37
40 22 4921 61
69 79 7528 111
2 74 58168 112
67 1 25174 116
49 10 31336 139
10 83 42034 16
69 7 22123 192
84 56 28922 14
4 71 16877 540
54 14 11187 409
68 10 45808 16
51 70 31730 112
14 36 11677 17
52 6 23992 71
34 73 8580 337
23 46 30881 205
72 41 12574 145
14 38 8909 363
56 5 54234 102
67 37 58673 75
19 60 9437 111
49 94 32604 140
80 16 17775 209
75 68 30690 200
100 54 9414 178
100 58 16419 66
26 39 31332 49
62 23 44931 501
51 66 18817 118
64 18 77414 194
40 11 16344 367
49 83 105311 10
63 31 80151 146
31 22 16359 882
38 29 58438 135
100 56 72466 644
24 65 54411 125
48 97 5114 29
49 2 4556 15
50 71 11249 389
70 36 14649 24
46 64 14625 173
91 63 9684 165
20 22 15841 92
70 49 28620 65
39 48 21686 90
9 65 11834 245
24 87 36745 269
99 68 7884 260
30 41 16174 157
25 71 120901 72
31 60 2743 247
88 91 3321 1250
4 83 3398 69
73 47 69938 403
69 55 44063 56
59 57 21435 146
54 30 175006 17
18 96 15706 117
47 92 67943 26
56 8 28370 175
29 96 36283 147
77 11 18271 111
49 87 8687 125
75 67 3044 825
66 1584
83 938

38022138
