100 299 1 1
76 63 9013 293
76 49 14844 185
76 78 43541 158
76 19 16243 919
76 42 61853 72
76 88 31103 27
76 75 4441 125
76 88 37160 362
76 36 9747 234
76 55 32919 289
76 63 35471 179
76 54 4465 299
76 35 37562 248
76 88 113922 88
76 30 77379 115
76 3 14585 13
76 59 68135 145
76 79 67382 160
76 29 7685 503
76 85 55103 132
76 90 7762 41
76 72 20341 134
76 55 11538 117
76 13 45694 64
76 1 6742 88
76 44 32137 93
76 50 132244 158
76 96 29028 43
76 47 7023 176
76 17 143243 2071
76 4 6375 309
76 47 85601 147
76 8 17574 516
76 34 3194 248
76 81 24729 30
76 26 7767 318
76 12 230683 39
76 12 54146 1006
76 55 8668 306
76 91 34659 124
76 31 26320 458
76 60 21537 66
76 67 16825 614
76 24 20562 73
76 50 9921 499
76 16 103024 1011
76 11 12201 40
76 70 14444 395
76 99 19785 2489
76 75 13211 174
76 35 20636 205
76 6 13133 86
76 21 16642 95
76 39 23283 172
76 39 4318 847
76 23 29660 590
76 63 35653 103
76 78 8740 1273
76 65 38994 718
76 2 74239 206
76 73 43976 41
76 11 20270 34
76 67 9644 313
76 58 10731 35
76 20 129898 792
76 67 5693 461
76 98 22379 101
76 84 22771 94
76 78 4381 151
76 92 21565 202
76 3 89028 142
76 61 28517 183
76 22 17251 56
76 15 20768 137
76 65 12793 58
76 27 39112 164
76 50 7621 557
76 20 75637 80
76 28 6710 523
76 43 15802 77
76 52 8839 46
76 58 17080 135
76 27 4970 57
76 42 27634 358
76 67 8054 102
76 81 136327 178
76 95 14610 37
76 64 17892 115
76 23 1335 98
76 15 47827 38
76 23 10026 102
76 92 11678 203
76 41 2321 168
76 70 40998 122
76 86 31863 306
76 35 110904 172
76 6 1747 156
76 60 582 129
76 90 8655 292
40 22 12863 62
5 48 1649 92
91 4 134671 178
19 23 17918 247
97 1 27894 189
68 66 12860 126
96 65 6977 1681
7 27 47451 286
64 36 22149 246
46 75 6621 75
42 77 7074 342
20 32 7059 1272
84 14 8702 57
59 15 15327 221
17 96 27824 196
81 24 40787 63
83 67 17453 35
17 52 37696 200
80 62 21976 49
18 54 11879 69
18 6 8695 88
5 1 26836 1564
39 92 17831 206
82 8 28454 151
74 51 7696 969
16 49 20272 504
56 4 216829 57
73 46 14784 581
96 91 9483 265
55 91 9949 463
96 95 12024 169
90 60 26253 16
33 90 59162 427
30 47 6871 189
13 68 7001 2132
77 57 5595 462
33 39 17026 83
55 92 42983 136
49 5 133389 36
24 27 13472 128
78 30 132121 199
58 80 53740 137
49 77 26281 182
91 14 43241 114
67 2 9317 392
84 45 27237 55
72 47 9860 292
69 97 25738 353
98 49 4316 49
37 18 43952 268
57 13 8282 69
60 9 76943 139
34 41 5944 80
33 85 35992 54
84 55 89323 40
4 27 5928 129
67 40 2703 105
56 79 30678 135
70 75 4733 91
96 72 6583 109
59 29 8139 82
16 97 24714 61
38 40 8034 271
83 46 18903 238
70 17 78593 140
71 24 20101 386
59 52 6380 42
25 57 9836 83
3 9 339604 91
77 74 3223 524
9 2 63960 71
47 12 6435 50
68 9 6499 343
96 44 25218 607
16 84 32470 143
32 98 13672 60
62 7 39137 17
35 73 19962 49
75 38 9064 2688
61 70 22854 72
65 98 8758 117
49 38 6711 68
99 20 28239 91
55 71 2679 452
58 36 54720 88
10 57 4576 113
92 2 62851 124
29 87 64769 28
50 86 21781 88
62 18 23715 171
50 66 29051 47
81 8 70987 296
55 13 50522 149
60 66 23386 190
48 29 33524 607
20 96 80844 109
65 66 81187 189
93 55 203354 115
75 34 7761 101
79 84 73931 179
13 81 3223 68
47 72 17595 114
39 63 13426 137
89 80 52305 19
90 28 17167 214
39 27 25936 183
49 47 50889 223
29 31 8379 167
39 67 11500 301
25 17 6628 82
64 93 9200 255
50 44 29877 120
17 30 48427 128
8 67 26615 79
39 86 9062 37
37 100 18908 511
27 84 11763 228
88 21 5371 114
45 34 21276 473
94 38 34117 203
13 39 5240 71
70 3 38104 107
6 21 8677 23
27 79 63756 132
87 64 79365 161
56 6 50819 99
46 6 13278 26
23 43 9686 164
62 45 18748 83
56 55 63553 335
1 45 5655 228
88 68 3982 532
75 22 20461 87
9 1 7617 25
6 91 23673 112
15 33 182876 75
100 10 15606 401
76 25 173374 609
39 59 8353 60
7 63 15945 587
83 52 24611 102
57 69 17337 231
11 91 25027 196
59 16 33986 58
46 14 66664 116
69 27 65110 114
32 64 33546 994
77 94 49637 838
77 28 35866 91
67 62 12980 397
23 39 5291 964
26 70 68841 300
15 72 147245 239
48 30 164016 88
21 39 13775 64
64 50 4156 108
82 55 11800 87
22 68 50486 181
20 18 19221 258
9 55 12458 197
43 100 15647 162
4 67 37648 150
74 65 32989 156
16 24 9258 714
83 91 5788 379
44 11 21237 861
72 99 65539 151
36 15 7567 463
42 32 15942 287
24 56 33665 76
82 14 13266 22
85 47 17728 163
26 37 46585 112
85 3 4762 248
13 76 2382 163
26 71 26673 159
8 89 27024 12
15 69 55380 71
92 26 23202 461
66 30 49851 299
41 26 28476 157
87 31 176240 159
10 71 90948 45
2 45 7051 899
78 51 41302 109
82 26 14146 62
74 1 32143 163
34 83 50299 11
86 23 5917 197
10 77 28759 47
21 65 5546 227
40 43 65104 97
92 43 15065 839
65 91 85466 242
97 22 11801 753
96 14 202355 71
42 45 7186 12
54 93 11634 35
98 76 18261 145
57 63 50147 147
76 1000
67 1448

8425985
