100 299 1 1
18 33 6178 34
18 17 20752 171
18 99 30078 49
18 64 20913 217
18 77 4062 451
18 50 114507 168
18 43 34743 245
18 32 90808 36
18 76 53960 315
18 11 14190 115
18 68 258895 252
18 55 22032 115
18 78 1868 87
18 88 17632 136
18 53 24658 509
18 5 62096 217
18 91 38232 85
18 45 51403 65
18 38 25785 39
18 14 127939 617
18 13 160735 168
18 57 10017 339
18 70 31435 1188
18 27 6296 110
18 73 12009 1159
18 26 11056 3637
18 79 85640 104
18 3 42629 170
18 90 78178 238
18 34 7133 803
18 98 48988 54
18 10 37395 67
18 22 3677 505
18 25 26092 156
18 85 5552 446
18 1 13164 378
18 2 15954 35
18 56 14406 16
18 24 6735 136
18 67 6032 85
18 71 43437 657
18 89 6527 60
18 69 47237 283
18 74 90308 65
18 59 50064 306
18 92 61312 467
18 63 60447 26
18 93 22560 207
18 36 12979 21
18 46 31141 90
18 4 3092 200
18 61 135573 108
18 48 13752 378
18 96 6459 340
18 20 100093 44
18 23 12314 280
18 19 9269 174
18 81 29326 338
18 40 4072 155
18 72 7016 21
18 49 127725 125
18 65 1441 188
18 30 25444 647
18 28 59075 118
18 87 10915 80
18 16 17884 43
18 7 50015 54
18 39 66771 193
18 82 40219 65
18 47 34406 188
18 58 7253 177
18 54 9202 174
18 83 60507 633
18 52 5712 195
18 42 6718 28
18 21 40181 67
18 86 6120 94
18 12 8811 86
18 6 2559 25
18 37 12333 225
18 15 103620 128
18 97 10050 578
18 29 2504 50
18 66 7569 277
18 44 28774 302
18 94 5693 260
18 60 2571 387
18 75 23529 71
18 31 7445 190
18 8 37429 1670
18 80 12250 145
18 35 29881 311
18 51 14747 59
18 100 9422 194
18 9 2326 1117
18 41 3804 192
18 62 52817 158
18 84 56586 68
18 95 8244 94
72 77 45668 123
92 23 76417 261
93 78 11881 178
73 10 17319 137
19 28 5307 10
84 4 102201 176
68 45 5157 226
7 75 15649 335
32 90 16786 33
95 22 8809 90
96 10 70618 79
3 84 46864 63
59 40 17843 212
81 10 4172 96
1 46 7973 110
82 97 26381 58
8 11 2463 358
68 61 112494 345
54 76 25957 52
96 53 4713 488
14 6 155077 242
5 68 316489 189
93 87 18580 129
30 67 13882 241
46 56 6119 155
46 40 231639 256
23 52 18118 237
8 63 4730 89
58 82 19731 106
37 91 16595 238
100 39 19225 141
57 11 40037 1932
69 51 11781 211
82 66 1720 136
73 46 52921 69
63 4 3318 58
59 39 190993 90
45 99 17219 66
37 74 12834 67
1 88 83026 55
12 5 10372 330
86 20 26849 42
16 64 15845 318
63 10 30592 424
94 12 63273 76
76 63 11787 23
88 67 12448 370
82 60 24378 87
98 70 50878 48
21 53 119007 430
79 94 14586 635
45 93 53597 202
45 3 3690 153
12 17 12517 177
21 75 24719 293
63 39 53803 27
96 15 7470 426
92 47 9854 71
24 1 15138 150
32 79 11762 284
13 10 49006 228
74 29 12976 1552
70 50 12440 132
58 38 48268 59
35 8 11182 29
59 88 36881 560
95 99 62121 100
85 98 4871 509
23 41 21568 345
28 64 11453 451
56 64 22537 103
75 44 17537 219
36 4 137077 43
67 99 9537 205
37 41 9450 109
21 88 5894 84
80 64 25834 241
11 36 81098 455
87 39 3939 64
83 9 20048 393
34 3 46639 130
92 29 8259 101
53 18 152539 246
35 97 22588 181
58 33 4383 106
15 53 15218 128
26 60 11372 230
51 55 7300 400
60 97 26728 303
65 15 24154 45
39 25 9713 86
25 72 61219 116
49 17 12494 35
40 15 4743 86
28 50 11673 357
77 18 25571 1642
68 95 122941 262
70 40 11266 225
44 90 17249 646
36 82 7599 94
74 82 40656 24
36 67 21379 222
26 45 9884 199
23 80 7965 69
59 48 11200 184
62 81 10455 57
82 38 5869 67
31 36 17699 244
20 68 32341 49
14 19 12382 28
19 92 31768 46
35 64 46088 247
33 99 68733 90
26 57 4370 248
70 75 71464 81
65 98 8867 87
84 44 26991 163
72 86 150356 908
57 21 2613 374
16 50 52760 238
51 68 23838 109
68 66 9366 53
67 80 28580 117
52 28 20885 742
4 94 17934 48
87 47 43867 328
4 17 22865 165
83 62 33566 125
8 90 31815 147
26 91 16408 46
64 43 23878 451
35 14 20275 715
77 36 44870 185
43 28 26623 951
96 57 19598 189
71 9 5872 292
45 26 16467 124
42 59 33544 316
88 4 17722 73
77 74 31645 71
32 9 27303 340
99 25 20094 168
87 16 35333 63
52 2 25053 262
93 66 6085 71
40 26 7087 316
40 10 18823 246
54 20 83599 182
35 19 45690 75
12 1 280111 72
49 24 40600 23
60 23 66668 53
29 36 55989 392
45 60 31697 237
57 84 106498 245
76 93 29116 461
30 48 1812 712
22 79 8209 588
42 40 10719 120
7 83 71300 86
80 52 12558 193
34 32 23925 106
72 64 20063 55
12 75 12994 671
32 35 11857 160
83 94 19446 156
71 91 18623 138
29 86 62895 104
100 54 36247 50
4 24 42713 186
46 91 74570 80
97 48 9523 144
12 15 11059 837
72 38 43060 258
52 40 56184 224
73 77 45764 59
61 59 45121 358
74 8 98008 1143
9 77 36016 308
52 41 6463 68
27 84 25500 255
86 36 22056 116
54 13 15475 144
19 13 8240 31
41 85 14216 854
84 18 61679 70
56 14 18751 473
34 23 8360 83
17 2 11821 259
36 53 18438 105
30 3 13781 140
49 60 16545 89
36 87 13215 932
84 12 11629 21
72 31 65818 696
29 37 6372 112
24 65 2972 26
55 51 49491 244
8 91 26128 149
46 20 4958 10
18 1386
64 677

21733825
