100 299 1 1
4 84 34103 349
4 5 10804 205
4 1 16970 183
4 86 73378 12
4 12 29809 141
4 62 4679 565
4 63 62988 51
4 16 96748 88
4 13 16175 408
4 59 20709 16
4 87 6884 71
4 25 61455 243
4 34 218248 54
4 39 35610 138
4 19 50069 87
4 29 5633 99
4 24 9358 156
4 3 47416 219
4 43 6761 561
4 82 25919 264
4 100 36365 122
4 65 26065 389
4 35 14278 216
4 28 13409 32
4 89 38537 69
4 9 110855 930
4 95 13857 162
4 18 32733 548
4 21 8615 148
4 49 24106 92
4 31 10247 759
4 66 1886 199
4 54 40713 29
4 80 11779 575
4 76 10811 343
4 23 89112 70
4 32 18394 44
4 15 19326 191
4 91 33205 92
4 92 3415 51
4 68 20956 75
4 46 93674 173
4 55 83746 33
4 37 26068 288
4 98 22696 253
4 27 123332 323
4 26 66487 466
4 73 47291 122
4 75 28880 220
4 30 40586 213
4 67 18829 474
4 14 11676 69
4 52 9765 445
4 22 7736 429
4 79 25179 25
4 90 32090 61
4 83 42792 641
4 70 14861 96
4 71 23769 484
4 8 20405 280
4 20 8168 251
4 17 27062 74
4 10 20493 125
4 48 15991 221
4 6 4447 40
4 7 30973 78
4 88 116460 162
4 72 117707 1456
4 69 21326 36
4 96 49400 61
4 56 26113 44
4 2 17639 145
4 44 9985 80
4 40 36236 186
4 38 11793 470
4 78 16903 248
4 64 78679 146
4 50 32346 70
4 47 122783 196
4 60 21817 299
4 58 49343 185
4 33 30491 116
4 85 4043 45
4 97 65029 331
4 81 10924 562
4 93 37163 49
4 94 10307 81
4 61 51955 141
4 74 96302 35
4 42 44996 63
4 51 7950 204
4 53 63145 207
4 99 22115 76
4 41 4168 746
4 45 67699 127
4 36 6962 95
4 11 57787 97
4 77 14709 432
4 57 19712 82
91 33 59901 169
31 58 19599 2273
31 61 68286 128
57 79 15491 158
82 67 24508 479
70 19 20577 200
44 17 9815 80
68 24 3904 119
58 68 7171 444
52 41 6328 54
7 57 31477 76
87 36 32333 378
37 39 14895 95
12 9 2586 81
16 44 14920 68
69 41 86042 65
67 62 39672 329
50 32 17842 176
16 43 4288 567
92 12 47671 35
74 92 19976 575
34 77 6184 22
31 86 26876 201
56 82 21427 176
68 33 29811 129
2 93 76614 265
36 7 42355 287
13 41 51302 707
60 26 11204 96
12 26 12879 137
35 92 6860 207
57 21 16323 116
40 35 31334 133
1 40 28720 236
5 19 39732 2205
44 85 3586 239
75 5 49063 121
39 47 13960 210
89 39 12053 35
93 35 21667 23
18 79 31177 66
40 52 20973 882
63 32 13539 447
40 51 111113 127
52 4 5632 87
73 47 22078 67
72 55 34713 63
44 31 20125 249
79 68 7533 70
78 92 14582 295
35 20 9784 95
91 10 34759 248
14 21 11760 47
59 20 90198 81
62 47 8765 241
3 38 11112 90
24 100 91877 76
31 36 9230 21
10 78 26101 41
75 80 15956 79
11 84 15059 212
78 14 18970 122
58 70 5767 37
15 75 13370 86
44 56 70938 27
65 59 24642 268
18 28 21785 111
1 6 19078 111
89 63 3333 121
5 65 11466 103
97 86 5193 98
22 94 67265 253
71 29 81213 68
9 52 12095 566
58 41 30064 133
73 77 23312 217
82 52 80776 621
21 78 92929 49
2 9 26741 54
60 32 40624 454
2 59 19014 330
69 16 1135 259
48 51 1648 110
95 41 218265 1052
22 1 12284 355
31 22 110393 84
90 77 9970 129
28 56 28680 599
95 90 19593 30
24 39 4906 57
13 21 4209 220
51 40 10824 93
3 2 49773 221
69 34 117683 95
59 67 56053 42
33 26 79033 73
38 8 30845 263
87 29 47807 128
71 14 8120 94
10 81 7618 43
61 90 20582 887
23 90 7705 45
56 44 98964 258
15 32 49598 168
40 92 34611 53
99 13 15509 135
26 55 1689 83
51 71 4399 200
42 43 13866 63
6 53 7483 31
24 47 5415 111
38 10 4908 154
47 61 2948 77
33 66 29252 161
73 48 227674 190
31 35 14198 7
42 16 53504 156
51 79 7070 522
10 95 25186 84
62 98 61020 442
2 48 13245 1385
34 18 159322 357
56 11 14602 55
34 36 125390 114
72 35 3043 186
55 62 52830 70
38 17 4744 45
28 61 37741 402
7 66 19575 76
49 89 16732 169
89 36 24519 264
40 43 6323 124
76 24 16700 441
24 29 19121 400
50 23 21962 66
42 53 4421 223
56 52 31992 45
46 98 16394 56
36 11 20191 195
59 40 43420 453
83 89 24233 53
50 48 66535 207
11 6 34555 28
17 22 28879 186
52 96 20654 397
92 13 7898 224
21 73 61486 39
9 70 4737 150
17 92 29277 194
11 44 16196 108
19 75 58345 81
55 10 19597 440
71 7 13597 1313
70 72 20880 90
39 85 2271 122
93 6 24836 775
47 1 24106 98
97 89 46706 266
86 1 3392 75
37 78 55007 108
76 17 40701 69
24 91 61918 41
37 71 71542 160
90 80 32943 266
59 95 3742 472
77 24 17751 48
6 28 9161 861
5 84 80437 484
73 61 8957 146
78 25 20627 163
83 19 13835 69
79 3 84423 175
10 72 12040 324
59 88 12557 103
31 67 64489 148
37 49 5764 76
25 78 20573 138
48 59 6047 447
83 92 30306 125
90 67 17032 159
95 9 46859 95
32 50 3558 38
82 84 6737 114
45 22 32253 334
81 40 36101 749
58 96 48718 1403
24 57 45018 130
90 43 17056 59
27 52 18595 42
88 14 24160 108
89 69 137890 412
64 65 7393 174
17 61 13486 108
81 23 23949 12
84 72 22676 73
74 100 50234 43
95 87 72076 272
50 40 5988 776
23 4 171138 52
96 26 29293 58
4 990
92 819

29242791
