100 299 1 1
54 73 56388 715
54 89 10705 65
54 97 3727 398
54 55 2360 194
54 14 60722 15
54 13 102508 204
54 57 8280 748
54 27 7270 39
54 82 80460 51
54 86 32021 193
54 24 49372 61
54 76 15230 233
54 51 84507 162
54 50 26953 58
54 33 15880 82
54 41 26498 417
54 17 14039 34
54 13 45662 199
54 87 41905 104
54 78 14366 77
54 26 140932 218
54 96 14282 20
54 12 24630 341
54 64 28005 165
54 39 7549 899
54 52 19303 211
54 95 11335 98
54 19 21966 37
54 47 48160 120
54 60 19076 113
54 8 12792 314
54 19 41652 240
54 28 25155 864
54 28 82393 79
54 45 6873 305
54 83 40705 539
54 8 58155 25
54 67 33598 147
54 21 32142 251
54 71 96817 173
54 88 12262 90
54 85 2891 124
54 75 55726 152
54 5 19791 18
54 96 11219 192
54 39 6935 27
54 100 33221 77
54 97 5881 41
54 51 7345 30
54 72 15140 577
54 100 24001 396
54 29 45910 138
54 29 12143 159
54 82 10765 204
54 61 28915 49
54 45 6492 302
54 13 21712 765
54 51 1745 48
54 45 2976 72
54 20 12775 320
54 5 118593 65
54 36 28576 588
54 89 8159 848
54 88 218119 1085
54 87 83284 62
54 19 5166 331
54 61 63447 799
54 76 101299 585
54 99 6571 457
54 10 33844 235
54 37 57132 111
54 18 5776 64
54 13 125107 113
54 73 10492 633
54 28 33338 845
54 44 40287 149
54 21 50731 88
54 65 19553 56
54 83 6362 261
54 74 11205 32
54 22 1071 226
54 87 19736 516
54 28 12606 484
54 62 42483 348
54 11 6671 73
54 86 11947 175
54 17 11279 509
54 13 12899 170
54 2 36679 98
54 85 17448 20
54 15 8050 690
54 86 12635 553
54 52 13763 97
54 21 104794 219
54 64 15498 898
54 3 13569 67
54 31 19721 1122
54 31 5969 119
54 14 5554 320
28 22 25547 480
1 31 29277 23
52 93 14828 142
27 9 47822 69
52 51 14839 300
59 93 160443 231
62 67 20518 44
72 63 6281 74
36 46 45431 330
94 96 3074 34
46 56 14985 48
14 66 3705 53
55 33 107058 111
83 73 15252 133
15 26 27831 372
52 70 4912 178
10 24 13226 33
85 97 25580 397
86 47 128033 697
96 36 23090 165
49 61 90582 229
22 79 4068 167
18 40 36864 109
33 62 40721 28
44 4 14317 31
80 34 27536 23
66 5 7754 126
17 6 12905 266
31 78 8950 286
25 29 49433 157
32 35 7713 529
62 1 8477 107
81 69 52309 69
64 27 10824 313
33 5 6797 247
63 25 570525 181
53 65 61619 664
81 1 11583 171
12 17 31068 167
56 70 44769 205
41 29 7958 29
6 84 3166 106
5 25 21683 277
97 23 17286 204
71 100 39248 78
66 22 11003 136
94 26 85935 165
59 78 44588 34
8 68 15988 189
66 19 41902 413
82 72 47621 1878
72 23 10745 70
29 39 6911 124
21 24 31957 444
29 13 25581 164
2 73 20102 419
8 63 13179 18
52 88 6780 102
34 32 79635 844
71 61 4093 64
11 56 71921 33
74 11 10885 227
29 22 25174 217
10 55 44666 61
61 81 89366 31
100 50 30962 32
51 63 22339 418
84 54 50120 91
76 74 36869 323
4 28 10621 153
7 81 18866 132
77 19 375196 247
25 77 67175 61
67 40 18601 244
44 87 19756 86
52 63 17062 331
92 5 18648 33
90 54 14487 754
57 10 20182 210
33 77 12442 98
100 93 4560 325
56 36 13383 86
95 82 29409 24
67 25 22882 98
25 28 21802 1152
82 24 2723 176
81 44 25061 1120
10 6 10910 618
16 12 10232 356
80 65 11342 191
36 53 8113 67
83 32 15117 190
3 79 24734 373
4 98 5791 185
36 58 37955 207
87 90 96322 916
81 43 16999 464
77 46 19531 590
77 91 37771 606
47 17 2160 611
56 33 39762 442
79 47 25265 215
59 82 10047 177
64 61 62396 293
64 97 25247 47
63 74 6933 38
80 52 29444 20
92 46 24833 193
28 42 8357 66
21 97 17882 537
85 82 1959 198
82 78 2837 161
58 42 64607 162
19 76 9068 16
8 28 64748 48
4 35 8403 8
9 86 3443 50
43 37 31704 172
97 38 34479 285
60 100 6005 261
4 17 11465 446
7 54 10082 421
47 10 16241 112
63 98 40590 185
30 45 29349 85
88 26 46365 53
25 87 3312 44
94 12 6877 190
1 48 48568 116
7 77 48163 113
5 45 87912 97
90 80 33460 230
52 71 10653 55
11 58 95859 164
76 61 5996 895
16 62 24599 57
82 3 6184 224
38 15 48057 228
14 91 2811 71
39 21 18152 62
19 97 2743 470
9 64 17462 111
35 47 72929 180
37 17 40312 160
60 85 14370 153
78 35 11067 144
94 11 40294 227
28 65 14815 48
6 65 169547 364
39 27 16744 140
81 36 85500 106
13 96 16353 448
98 17 11608 54
45 71 16412 354
51 22 12584 6
100 24 31408 335
35 48 21646 237
19 80 17709 130
16 22 28719 1227
83 46 91104 104
75 52 11133 314
80 29 41532 47
43 30 17158 389
93 17 106602 598
21 48 2434 156
1 73 29419 493
18 89 5907 85
28 3 452071 1710
85 38 85432 1250
36 42 98691 165
35 16 27975 42
86 69 5799 315
68 60 159719 28
91 70 21860 199
13 80 46216 786
83 22 47222 143
38 8 19509 88
31 44 27844 157
9 20 18627 111
85 10 13429 361
97 15 145182 216
55 85 17930 193
12 3 9192 227
35 96 65258 674
88 98 9268 102
33 55 29221 202
61 26 4842 254
95 54 23133 50
7 85 32699 401
7 19 66273 131
82 26 7957 120
72 36 15771 230
8 15 15843 177
61 54 24341 360
56 66 11531 219
53 89 17635 68
34 99 4713 329
97 47 18507 31
83 29 9206 252
72 60 18016 29
54 1485
17 220

Impossible
