100 299 1 1
94 67 31190 166
94 90 19437 132
94 26 62055 519
94 4 6306 131
94 66 11764 228
94 22 11296 25
94 7 30263 245
94 18 23228 267
94 3 12322 92
94 29 16633 234
94 5 26363 51
94 57 22653 287
94 46 38615 315
94 52 30986 284
94 54 32032 150
94 84 19457 39
94 33 10360 73
94 73 58513 215
94 74 6475 337
94 38 19623 438
94 37 6319 523
94 98 9004 77
94 96 76776 24
94 91 61102 86
94 23 8218 45
94 65 150606 31
94 50 13494 275
94 34 2465 51
94 41 14783 554
94 42 72795 584
94 11 14665 332
94 21 50903 161
94 60 9728 232
94 35 50275 117
94 78 34193 212
94 63 24360 165
94 97 12827 54
94 100 20595 173
94 1 12010 116
94 87 28434 14
94 12 5420 1998
94 9 10185 174
94 25 11633 110
94 81 5599 76
94 40 154423 41
94 59 260051 161
94 43 80157 347
94 76 18340 185
94 30 13057 547
94 48 37087 104
94 99 39008 124
94 92 35906 89
94 71 31793 59
94 55 64930 90
94 45 9412 123
94 70 25740 46
94 19 28678 84
94 93 85947 34
94 17 40130 87
94 69 6041 297
94 8 54352 372
94 77 25864 182
94 79 80586 130
94 56 67370 358
94 24 15892 106
94 86 11261 301
94 13 51217 66
94 27 30389 177
94 72 158857 200
94 32 234066 658
94 80 52263 25
94 88 19980 142
94 6 16000 102
94 62 32785 122
94 10 8427 14
94 64 75361 39
94 20 9447 102
94 2 39080 211
94 31 22981 98
94 51 4675 428
94 14 8568 275
94 16 20163 129
94 28 21212 239
94 15 18863 32
94 83 6294 98
94 61 9866 30
94 85 16179 441
94 82 2574 253
94 53 10945 578
94 58 9309 410
94 95 48701 139
94 44 38220 150
94 36 40657 281
94 89 51946 86
94 49 5467 549
94 39 17594 265
94 47 129241 406
94 75 52744 29
94 68 66920 386
43 2 54564 94
98 59 18345 23
59 89 5466 194
32 58 16140 83
58 70 8034 795
69 9 6695 25
60 97 10874 89
98 8 52498 396
65 22 46417 128
81 51 45662 141
100 57 10818 32
43 61 59333 16
4 14 9555 895
6 48 40479 411
82 11 39682 116
58 5 25702 217
24 48 21302 318
65 82 76346 301
40 86 8147 107
11 48 18883 46
87 31 49926 68
6 79 78256 62
60 95 13197 205
73 43 6443 19
92 45 2484 49
55 79 149099 81
19 85 530684 72
53 56 53937 131
64 25 9686 44
81 30 51135 29
37 50 4423 137
41 26 30530 111
22 31 11338 55
65 83 10380 587
67 8 28875 193
69 96 19277 628
49 94 30675 193
52 91 18630 138
8 34 20912 222
13 15 45301 440
42 8 6119 45
87 40 8442 135
8 74 14057 1054
50 26 14968 561
76 17 20300 45
79 51 14378 98
20 4 5438 63
28 95 10105 164
97 25 15803 94
47 5 9937 244
20 69 8499 469
46 9 8017 168
92 64 470387 370
84 90 11734 57
50 78 5615 43
39 40 7641 11
31 76 3571 68
82 58 12123 83
14 4 10788 282
7 26 49897 295
41 29 163991 278
20 16 55841 142
89 63 2862 41
47 48 13145 582
79 35 31549 99
25 62 99888 360
34 66 17691 206
12 86 17783 173
98 97 21994 128
28 8 3230 244
73 33 13032 92
42 41 13126 16
96 68 139981 57
86 22 13847 338
2 48 20670 993
90 44 60065 175
18 19 29269 651
48 1 79217 219
93 94 20372 45
54 51 10738 150
85 42 23428 480
84 46 22192 83
83 20 73090 20
62 78 4338 280
63 31 49083 710
77 58 41314 60
36 31 11747 92
47 95 500440 106
81 87 53327 206
37 38 63027 732
55 5 20262 736
47 6 12876 218
84 97 66104 198
96 78 32276 26
40 11 25162 74
72 86 33986 141
3 47 24238 73
17 12 19533 19
36 44 32671 44
41 90 7429 337
79 96 31425 413
48 28 3488 37
9 46 47908 298
38 46 90835 290
1 64 24131 579
23 78 22268 501
57 13 25920 355
97 17 42660 107
52 86 13159 107
25 44 27916 86
50 23 9739 50
15 27 8990 90
95 40 6035 26
91 55 16960 495
71 1 33391 84
12 47 25571 143
57 32 3828 66
74 5 3157 63
14 84 14114 67
8 69 5142 458
63 78 121081 268
85 48 20511 750
77 14 17827 102
10 56 7604 447
32 76 11996 85
38 58 39251 307
56 24 6423 155
51 38 13879 268
61 27 51328 102
34 95 32139 335
44 56 23008 348
91 26 7256 79
48 73 117840 187
57 80 64405 149
50 93 29447 110
25 45 46217 171
18 100 71521 513
20 15 57607 229
8 16 13109 474
85 90 6012 183
89 94 136145 61
35 66 14518 333
1 98 11714 119
45 12 40275 50
15 67 21718 66
48 63 25675 60
31 61 42236 1320
95 20 26091 125
84 93 24299 119
44 46 98649 231
92 95 52369 67
75 89 6399 299
53 87 76402 70
45 72 46322 128
20 43 35896 41
10 23 12966 394
76 90 63005 133
82 90 20033 156
50 35 7933 274
13 52 23830 69
96 89 110668 319
51 78 12094 51
5 43 27497 87
34 14 57117 239
36 59 34880 15
91 43 16230 117
31 22 12897 64
45 71 23855 350
14 65 6948 174
47 38 197628 152
40 21 114144 72
80 58 33469 483
89 81 50683 111
76 28 114531 260
21 56 61890 164
89 66 40007 407
99 68 30345 695
84 60 26695 201
10 20 47490 156
61 100 42988 196
33 77 7723 157
33 83 2030 59
88 45 14554 106
88 4 44049 57
83 46 19679 124
42 39 13543 191
57 82 2625 284
60 1 32509 137
46 70 6770 745
5 18 98262 171
26 55 50699 38
98 90 27726 36
80 90 6126 170
11 44 85961 199
46 51 19348 33
43 75 84708 132
21 28 62376 170
72 59 146803 223
49 38 62258 118
88 49 69779 209
94 297
90 129

2507373
