100 299 1 1
75 3 27634 129
75 42 88041 447
75 45 33652 205
75 79 31646 402
75 1 14138 291
75 3 18905 989
75 17 13802 12
75 30 15140 243
75 13 28629 158
75 24 33308 126
75 36 15868 50
75 23 9053 232
75 19 21236 322
75 39 51349 158
75 22 61803 51
75 87 29677 175
75 72 29831 138
75 33 8354 340
75 92 27685 267
75 24 29365 89
75 63 159537 71
75 41 53453 437
75 10 7038 319
75 64 9142 469
75 76 35082 217
75 8 5067 192
75 33 27444 384
75 40 140656 53
75 67 13036 293
75 1 36677 1273
75 34 41219 97
75 21 21214 427
75 18 655027 310
75 39 51528 53
75 7 61022 5
75 65 73664 233
75 32 38405 75
75 31 13128 121
75 4 20921 702
75 11 4682 112
75 8 6126 178
75 17 55043 142
75 29 66012 358
75 4 28302 176
75 19 2636 201
75 100 43920 195
75 10 46727 429
75 28 11821 274
75 14 6204 49
75 38 50570 30
75 15 68110 1176
75 21 1541 279
75 70 40926 585
75 59 422282 35
75 91 9746 71
75 51 2874 266
75 43 65670 252
75 12 10926 118
75 80 42252 39
75 10 8612 1220
75 76 147884 962
75 83 18326 180
75 29 100523 128
75 55 64738 176
75 44 5717 140
75 19 10502 58
75 60 18907 486
75 57 23090 185
75 50 9964 436
75 4 3204 67
75 73 3045 29
75 21 19185 74
75 95 83507 209
75 73 5134 232
75 98 2583 285
75 25 39119 208
75 7 11802 122
75 15 115335 223
75 77 41446 44
75 66 46399 60
75 85 19971 93
75 19 34636 439
75 83 19109 75
75 22 8137 43
75 18 7033 482
75 10 7499 55
75 20 7516 59
75 28 43187 259
75 8 49019 44
75 82 9854 353
75 100 20666 4295
75 98 32833 176
75 34 101111 157
75 50 85036 191
75 9 31311 1146
75 99 45931 41
75 4 5927 42
75 65 11145 82
75 6 69281 335
70 87 16167 122
57 82 8663 164
59 20 61795 135
2 73 82747 81
54 24 15684 48
5 68 5702 248
73 42 28218 389
5 78 22837 17
78 67 57739 678
92 83 50410 175
47 68 9038 154
7 21 4651 188
9 4 25733 109
6 91 5049 600
77 40 8525 127
37 44 23845 362
50 43 11645 687
86 45 39248 402
49 35 49266 219
79 62 80210 416
39 73 21454 50
51 67 19918 64
74 93 57535 283
89 85 2780 356
30 94 27552 357
19 55 5265 107
57 40 14622 265
6 51 48749 151
84 32 14244 224
54 19 60655 298
90 21 9176 432
16 59 25086 86
72 5 150136 49
57 47 9326 318
90 69 76740 71
88 57 27264 51
31 70 17926 385
77 96 13061 269
5 55 2470 778
8 73 22714 219
45 69 20422 295
91 95 13942 103
22 88 4239 252
79 22 41905 33
61 16 146163 1028
12 92 21215 1834
96 40 53831 24
77 65 88758 192
64 94 15286 212
11 66 7877 199
77 93 17906 171
6 8 15503 86
86 96 21504 153
54 39 8226 20
53 20 13823 315
19 96 11551 92
40 31 6356 411
45 97 19585 113
30 50 17244 25
3 84 15586 403
9 48 47421 505
86 99 17153 84
17 61 50994 78
25 40 18121 106
10 81 10090 328
32 60 25846 133
85 10 42147 176
94 58 5885 1203
15 19 104523 474
60 90 61316 211
100 35 164381 32
77 39 15921 77
88 68 50439 49
74 65 17622 366
50 72 55364 106
98 35 10302 17
12 76 6598 256
6 96 16423 45
86 19 11028 475
49 11 105957 206
58 95 109177 412
42 12 10134 75
59 95 6538 100
58 35 14835 103
72 38 2529 53
80 49 6554 115
89 17 16467 172
64 89 49803 142
19 64 27209 243
59 12 42270 464
54 77 65437 159
10 78 11512 35
11 33 32481 57
84 21 4536 119
97 89 11707 91
38 7 52426 300
54 78 8717 104
35 88 11930 165
88 76 1690 184
12 72 32417 89
21 14 49664 589
13 62 43169 91
55 43 16937 131
21 91 103790 156
98 73 11150 63
82 73 6593 89
15 47 90829 132
26 4 60654 33
83 42 49318 415
21 42 56894 96
93 38 52477 260
58 2 39134 21
51 12 74984 1164
70 41 26806 218
62 48 8551 124
98 72 22738 113
14 93 9088 37
64 11 10747 585
35 63 14975 57
28 6 6573 1006
97 57 21676 53
20 27 11772 146
70 52 112346 44
55 66 57460 373
10 91 11370 218
80 74 135237 35
61 83 27804 104
23 95 17094 632
10 40 17692 217
6 7 17922 134
29 47 9417 337
92 25 11855 49
31 10 6410 89
22 2 97481 170
73 75 83017 1082
49 8 17473 61
100 78 46253 1142
11 1 5635 170
11 25 6410 170
96 69 43054 366
62 32 40999 199
92 80 26678 786
30 4 16495 164
44 17 44626 704
98 44 38387 182
15 90 22559 214
44 13 16367 59
59 67 23566 55
44 34 26569 368
9 63 8151 53
25 11 32066 36
18 96 105949 96
37 19 3367 386
6 68 8496 12
16 5 80179 109
22 26 47610 79
61 14 9674 36
48 43 49741 74
92 69 9996 291
18 52 3948 1464
44 71 14186 68
28 35 38640 373
56 13 20291 287
33 58 12393 730
84 20 14396 444
61 73 159734 95
79 23 40097 512
99 71 12844 244
91 78 30132 310
43 75 21430 336
21 73 18434 548
24 64 76609 537
70 86 20011 193
73 15 23393 366
100 25 7068 67
35 81 22475 491
77 9 47121 337
20 89 20832 51
72 2 108005 44
83 37 103613 272
96 52 27162 173
60 93 117057 81
99 61 13772 854
45 50 9250 102
10 3 19021 153
60 72 59159 109
24 11 28251 71
79 8 28140 94
65 27 31153 423
58 26 9946 114
37 67 26845 144
72 82 10949 413
81 31 7037 315
33 59 2721 138
4 66 70029 1836
60 64 57990 55
92 75 22186 434
11 21 16585 131
43 72 118062 114
24 98 23365 762
75 297
73 468

1773781
