100 299 1 1
27 62 16667 38
27 51 24145 85
27 57 22042 31
27 81 11649 104
27 9 78048 933
27 36 31851 86
27 97 37601 140
27 59 11709 223
27 63 5249 573
27 59 16305 181
27 100 18756 16
27 90 6174 21
27 73 23588 49
27 60 11992 373
27 4 128382 43
27 21 9256 266
27 88 3146 581
27 43 37138 189
27 17 58068 290
27 86 27091 278
27 60 52179 82
27 21 9047 128
27 42 20444 332
27 89 6726 82
27 52 1087 108
27 13 23235 82
27 25 42270 400
27 95 137655 48
27 100 40451 101
27 85 9521 852
27 82 14646 2171
27 37 33573 261
27 4 136978 367
27 19 3365 365
27 7 18785 368
27 19 44312 109
27 23 10361 30
27 96 50418 168
27 98 25119 200
27 63 41277 477
27 61 55544 44
27 50 166049 90
27 39 2020 111
27 76 26218 151
27 3 8665 646
27 63 57692 252
27 46 26660 166
27 24 94657 87
27 37 20043 119
27 33 4684 238
27 94 11854 33
27 59 49912 126
27 14 425550 205
27 10 14011 215
27 86 26020 247
27 70 18568 472
27 30 23162 349
27 37 28773 336
27 35 10094 189
27 47 50379 105
27 3 30286 107
27 66 60300 218
27 40 25819 237
27 61 8617 124
27 12 26058 54
27 68 5751 450
27 31 21881 84
27 99 76671 68
27 95 66974 2759
27 61 17920 163
27 15 18359 224
27 13 39553 36
27 37 22550 212
27 95 11237 107
27 50 229509 199
27 20 11122 71
27 33 19002 102
27 47 47516 64
27 85 27723 211
27 77 29452 212
27 37 13836 34
27 23 5005 406
27 43 7052 29
27 54 48926 165
27 52 5470 153
27 68 12212 249
27 18 23702 80
27 35 23339 155
27 42 10549 39
27 42 45310 119
27 23 47465 45
27 17 39156 63
27 87 19116 84
27 44 34516 55
27 58 2866 86
27 54 30509 157
27 79 18630 70
27 52 13169 457
27 54 41071 87
41 18 37687 108
18 100 88599 219
97 95 31371 51
84 31 219005 262
12 38 208695 127
86 62 37687 78
97 18 103613 252
47 90 16639 216
90 29 31138 193
10 89 14680 35
48 43 50493 430
66 18 9383 130
22 89 10510 38
68 81 66959 324
11 47 10305 216
67 95 59158 91
74 65 9844 49
97 5 7239 150
41 29 13546 57
100 20 5805 85
20 38 72907 40
85 38 4557 314
35 62 12422 149
6 98 13478 80
18 62 3181 128
14 65 9414 87
95 86 9809 442
48 3 7227 50
74 61 32949 70
6 87 19873 120
34 96 53495 383
37 82 21170 239
48 64 5128 148
22 92 61322 68
11 46 5714 504
85 22 44459 500
69 58 9768 34
57 44 5471 62
57 81 47270 23
79 26 36516 74
72 18 38367 313
32 71 45270 214
18 3 8491 245
66 63 23604 2520
63 89 32175 55
29 58 35750 42
8 50 199250 538
33 3 17929 120
11 25 90139 280
50 56 46923 146
13 88 130665 140
75 24 17159 124
94 59 36234 68
68 73 42089 331
58 71 25752 231
7 68 16434 9
15 65 3530 993
77 87 20424 69
59 53 49249 132
28 74 34917 113
50 36 82920 188
14 39 9177 158
65 61 33387 1617
99 58 5830 220
50 55 8132 282
83 87 7421 67
23 99 31449 722
71 39 11689 64
80 96 176472 163
92 54 11565 142
75 10 7319 74
1 17 1265 67
84 98 13112 68
55 15 18692 114
96 59 28587 762
36 66 9143 51
34 35 31816 174
52 7 14320 49
47 64 10249 99
34 14 10517 183
86 38 2716 72
26 76 16897 196
81 55 22573 70
73 65 3443 178
97 49 67474 117
26 73 62873 373
86 55 6539 119
84 90 20831 64
83 51 8513 414
43 76 43907 838
79 61 10074 38
17 48 68623 404
20 100 62713 67
21 24 12374 91
4 40 21892 392
97 92 137949 2052
74 13 36975 154
22 18 52850 102
15 44 8464 319
84 10 95176 814
74 31 31537 459
71 9 37251 51
87 49 5523 123
77 55 17518 84
83 13 31407 29
76 27 32469 167
2 73 71257 47
65 57 46179 248
31 35 99867 328
88 14 75389 505
59 47 4119 787
21 16 36960 28
91 87 20699 137
95 87 57746 292
24 90 12275 2020
80 11 101746 38
10 69 22208 279
57 47 9663 41
65 72 7655 137
69 25 8794 57
24 14 6428 165
82 78 56649 162
59 42 8814 54
32 10 21434 66
81 10 15536 42
41 87 6331 122
43 57 7115 502
68 45 15614 609
10 40 125610 269
1 79 14403 555
73 49 44966 215
55 39 8445 598
33 48 18825 136
69 80 20756 222
95 75 8024 123
6 49 85138 61
81 99 18925 309
34 86 18201 259
94 1 33473 120
15 48 26180 333
65 99 16941 44
71 49 49268 749
48 8 30244 145
82 41 44067 59
11 92 19090 36
63 99 15444 470
94 2 30474 65
14 53 58228 40
60 82 10117 253
98 25 8702 42
69 95 44728 59
22 83 7234 62
6 81 62474 656
98 34 15459 168
24 78 38060 130
76 18 59324 124
95 98 20843 196
52 55 4933 54
6 97 33405 469
40 4 43745 171
66 51 96837 51
27 56 36948 30
84 76 57633 245
68 84 7752 84
2 75 8802 44
53 36 8025 167
71 63 52210 782
50 45 31824 53
70 85 7862 276
42 8 7342 38
48 84 28559 842
47 53 63173 44
21 87 16952 258
87 9 50413 73
25 70 8919 114
97 68 5725 104
90 31 19142 83
29 24 3055 170
59 3 20459 30
92 5 43027 269
53 72 15802 2003
86 63 13849 93
96 74 34970 87
20 7 23462 43
29 53 11123 2795
57 13 71058 457
46 91 62669 436
84 22 29242 90
33 96 39080 255
9 72 21384 304
43 3 15222 313
37 36 75038 95
100 29 97823 422
72 81 42163 235
80 65 10377 254
93 79 46213 121
12 84 7562 92
62 38 13996 68
36 1 16885 37
53 34 18242 44
27 800
87 841

44626793
