100 299 1 1
43 55 23367 108
43 38 7945 34
43 29 1154 157
43 20 25029 244
43 57 17714 81
43 8 15369 95
43 34 10411 109
43 67 6203 119
43 63 135034 63
43 78 6371 63
43 80 28119 79
43 45 27245 93
43 12 85747 42
43 94 89171 342
43 18 43766 124
43 92 24575 68
43 44 33407 44
43 58 7899 83
43 64 16664 674
43 86 8407 45
43 60 11686 46
43 52 11523 175
43 89 7418 115
43 50 13319 90
43 91 12571 86
43 98 7933 186
43 26 16153 93
43 39 5660 730
43 72 26301 23
43 62 41515 498
43 72 3717 205
43 67 29732 45
43 23 19647 101
43 23 27334 81
43 99 3516 157
43 78 102446 65
43 64 2018 98
43 22 16655 31
43 56 25713 459
43 18 6100 189
43 62 7375 49
43 88 39132 192
43 3 22997 153
43 46 63888 228
43 85 10138 104
43 4 166964 58
43 70 46377 394
43 35 5341 275
43 20 33819 486
43 7 102648 139
43 88 23305 146
43 9 27148 32
43 4 29238 66
43 80 43678 28
43 56 49697 145
43 78 12535 174
43 55 17975 387
43 4 9353 84
43 70 26924 461
43 83 16166 77
43 26 8743 152
43 50 5933 162
43 16 28295 121
43 73 6621 257
43 50 305243 205
43 56 157126 333
43 26 19709 460
43 48 222375 87
43 49 11537 23
43 65 38815 267
43 15 39058 129
43 16 33521 1388
43 23 26594 194
43 31 12446 857
43 74 49024 233
43 60 22161 211
43 9 30148 596
43 48 62350 1103
43 22 70110 738
43 13 10790 117
43 69 29408 384
43 36 140231 48
43 71 11657 3495
43 13 30897 86
43 6 129004 230
43 71 26810 36
43 68 24751 156
43 27 36585 92
43 41 20863 131
43 95 85159 1236
43 75 24248 1042
43 46 30041 308
43 41 14874 56
43 93 112844 147
43 53 15013 28
43 59 15129 105
43 81 49098 137
43 88 15625 360
43 38 70503 299
5 53 22578 196
54 99 6546 281
21 36 64947 982
84 92 1097 632
11 27 74191 162
32 34 2118 34
30 57 40228 178
65 8 69128 308
71 4 124404 236
96 37 36808 407
84 12 44000 701
50 67 20755 399
59 70 53860 687
85 26 1040 122
70 26 44447 210
25 30 35066 346
30 15 165389 45
85 52 46993 48
85 12 7172 78
81 47 17857 1838
81 36 17783 166
58 79 281353 16
70 46 19909 398
78 48 32172 69
52 84 42525 433
66 76 53335 17
7 93 31968 242
38 47 30017 90
78 43 55690 454
98 76 8099 40
96 74 33832 96
57 36 51846 71
14 10 9230 12
83 13 41144 102
38 37 22154 214
31 81 13593 329
34 18 36788 241
73 81 7171 74
71 100 28413 30
48 91 97219 163
24 75 49307 229
100 44 29516 391
26 82 33490 177
5 39 18415 57
8 47 9525 53
16 5 35838 179
49 80 2309 68
32 88 20937 7
97 77 19301 105
28 72 97500 49
64 4 14459 91
38 50 49301 51
57 80 16035 179
79 95 16538 227
21 57 44137 52
8 78 94762 435
70 43 1847 257
18 87 25971 394
78 82 9298 58
96 42 30773 292
75 50 33278 63
19 21 60561 464
5 11 3773 74
42 22 5808 575
62 50 16022 58
16 8 45363 49
55 98 14055 87
5 90 19404 85
21 12 4427 139
24 57 7767 20
21 96 122966 123
25 39 17845 111
6 80 38776 150
41 29 27138 80
96 100 11135 187
96 94 125404 49
97 14 30461 88
16 12 24167 28
94 84 23222 555
16 94 37899 135
80 60 25236 150
52 98 107644 85
55 69 12212 203
66 86 4015 102
66 49 104050 98
41 59 4049 675
13 100 26589 232
6 11 18156 1261
89 32 10735 78
28 26 24498 65
89 8 11570 128
61 52 35912 17
25 54 26660 67
78 52 47393 714
95 71 48320 74
34 13 14505 126
90 39 61909 145
41 85 13179 294
83 81 16038 147
65 92 17733 995
1 28 5204 102
33 20 11652 32
77 53 61208 97
88 85 9232 402
41 81 69447 404
81 11 32630 402
27 56 58003 150
43 21 31229 39
5 95 10938 125
98 45 36516 33
2 8 22683 53
30 51 15819 257
76 69 66690 68
22 62 5962 481
35 56 24229 583
89 88 5352 86
84 13 22504 46
40 21 18504 669
97 83 15510 246
69 71 27874 51
19 14 45405 181
19 97 6992 494
51 92 26506 362
61 74 10539 248
74 57 13250 43
51 95 12535 164
42 92 4619 120
72 26 9425 542
26 75 7700 234
17 56 14349 968
79 98 22707 136
55 97 27461 119
39 31 33338 291
82 99 11736 324
12 26 28802 36
36 90 23188 104
36 45 77866 65
93 38 207605 125
93 11 238888 162
72 98 27759 147
43 28 26524 116
27 99 76964 26
3 70 15008 65
5 70 23116 29
51 93 7108 179
4 77 80258 123
75 46 9078 201
54 34 25019 459
24 65 36748 120
5 78 3574 434
49 36 103038 122
14 38 11947 56
68 61 8615 91
29 16 43025 190
35 65 111477 222
3 39 10957 22
23 99 46166 86
78 10 12340 34
56 16 99560 187
57 35 14653 204
99 57 16300 1227
75 91 22224 26
65 95 25670 229
20 13 1399 608
76 27 112859 405
23 88 38291 151
27 59 21572 51
10 74 95866 236
74 46 44235 243
26 27 27891 128
99 56 125542 65
98 80 27183 173
71 60 33814 172
6 44 22037 167
95 68 64981 621
95 50 12222 69
64 18 18148 307
94 34 7237 334
89 45 5439 121
85 71 20696 19
16 92 9601 118
77 36 105599 182
33 88 40731 37
3 47 34312 117
18 74 8445 49
47 6 20406 444
64 95 11779 216
5 15 22082 607
37 1 26739 108
33 77 14073 861
30 50 15029 356
79 39 68857 733
79 65 19157 22
68 3 56339 584
90 91 22116 101
63 98 28225 313
95 49 39571 868
27 70 10612 42
68 74 5405 36
95 35 5327 199
43 404
50 260

Impossible
