100 299 1 1
88 87 16125 147
88 5 12292 75
88 21 30987 159
88 100 6969 240
88 92 9104 57
88 99 115694 36
88 2 9766 179
88 86 13008 29
88 66 5296 77
88 70 21835 235
88 27 13921 156
88 39 44799 83
88 95 27777 73
88 67 46566 221
88 85 9481 777
88 42 7495 748
88 11 13532 1215
88 73 17989 92
88 52 23175 136
88 34 33482 233
88 22 27996 115
88 63 146689 76
88 72 8228 44
88 20 13047 220
88 50 14483 171
88 74 24003 76
88 31 48411 14
88 68 37793 56
88 60 59198 141
88 78 105509 56
88 55 33512 664
88 97 93562 276
88 44 13949 71
88 58 13775 115
88 7 48951 248
88 65 33543 68
88 6 68743 124
88 90 18471 49
88 80 67754 106
88 51 26505 638
88 48 30961 269
88 96 16899 118
88 10 11379 54
88 64 17382 68
88 28 8373 91
88 29 2681 101
88 46 78828 73
88 1 24672 314
88 43 34888 55
88 19 55959 266
88 75 36742 13
88 14 19913 47
88 84 22793 1101
88 82 33752 1149
88 33 43103 1291
88 17 21875 248
88 35 39588 75
88 91 97711 519
88 54 38237 77
88 3 77304 2244
88 12 40298 42
88 30 34335 43
88 32 9357 235
88 25 14302 154
88 94 190083 383
88 18 73762 85
88 13 63062 62
88 36 18151 156
88 83 14836 220
88 69 11957 36
88 16 13568 365
88 8 34074 23
88 26 236790 48
88 61 14286 29
88 79 2332 50
88 56 5244 298
88 40 65842 1107
88 57 38072 402
88 9 13060 262
88 49 14573 992
88 62 9477 110
88 24 71184 103
88 45 25698 66
88 37 9337 335
88 4 30783 380
88 76 33419 72
88 53 13081 74
88 81 17174 205
88 77 20682 292
88 41 19450 260
88 15 7714 161
88 23 19682 162
88 47 61043 129
88 93 21500 948
88 98 17062 613
88 38 56486 34
88 89 8695 52
88 59 68862 294
88 71 23883 341
29 22 97905 10
79 30 25156 28
4 90 15950 343
94 88 41726 69
49 11 14946 134
50 61 10450 197
48 60 132414 67
73 39 42170 170
21 10 43908 156
70 97 14366 82
48 34 2898 211
76 55 23794 91
61 27 10390 394
86 80 19030 46
2 54 146327 220
41 23 15054 31
89 85 7273 52
85 47 4188 681
31 76 45550 956
73 13 29940 174
39 38 7748 116
81 65 30498 213
84 27 9949 297
52 11 11914 130
78 98 39081 1812
76 13 4342 47
40 72 12782 60
31 48 74063 448
100 92 42932 75
99 28 60470 165
77 23 88070 470
34 29 8024 92
99 17 8889 42
9 11 9251 109
63 23 27903 153
6 83 39708 36
8 85 70500 51
95 44 33496 142
31 2 17137 144
31 41 102870 388
2 47 18434 324
37 73 30891 73
60 55 6350 50
66 53 13668 103
34 21 9581 171
10 7 50229 203
20 28 124388 67
63 53 19832 1169
11 23 27086 371
92 20 27586 52
68 2 10626 166
35 33 28361 94
28 76 8105 169
67 34 27351 104
74 93 89832 415
13 23 61142 24
35 58 6997 272
65 55 5563 44
50 74 76386 119
41 34 39971 246
18 29 11130 518
53 90 5289 432
49 48 7370 250
38 51 46372 117
71 57 14896 66
30 44 33855 121
17 2 36050 55
4 17 2820 84
35 94 13467 167
26 39 8097 58
55 75 5407 126
1 99 18383 60
69 6 25241 382
42 36 13978 227
24 89 73632 117
87 55 13700 30
45 8 41201 213
91 95 64749 114
21 44 39814 177
71 19 27303 146
91 4 5127 65
41 54 11824 86
40 18 22132 97
95 70 20832 121
80 58 203011 119
22 30 3452 397
31 23 40922 86
97 92 7005 57
44 69 16699 16
85 83 36948 165
56 7 31299 63
2 82 71087 204
37 18 73130 120
26 79 52041 51
23 19 76557 210
63 69 10727 456
68 72 39210 108
9 58 138589 607
97 63 4677 217
57 95 60635 275
64 38 28529 404
83 28 12582 124
17 37 120221 25
54 40 21159 300
29 1 9655 272
21 5 79697 284
67 48 4906 372
61 30 49662 49
58 45 36905 20
18 13 39737 11
32 54 126746 496
72 5 7151 391
42 77 11526 51
95 21 116049 20
100 40 32248 166
11 51 18478 1018
85 58 12227 112
41 19 63435 118
33 20 5200 321
12 88 14438 61
2 92 5452 27
60 84 18570 45
36 61 122704 246
86 96 120560 92
12 62 27309 55
60 14 22135 29
51 47 10546 86
6 76 19706 212
79 15 59011 166
78 6 298454 50
90 76 16182 50
77 94 121607 126
8 2 103660 365
77 2 4592 772
3 5 23202 1023
68 51 9568 106
3 10 63829 140
29 59 10623 79
70 34 43359 46
99 12 5822 1330
22 51 111444 21
45 65 14074 107
20 87 53171 404
50 53 15054 379
89 94 15878 59
5 18 26779 539
89 100 6485 116
37 32 18088 207
56 44 83329 408
97 29 7538 74
62 55 15151 452
49 91 25566 75
32 96 9215 41
90 62 26508 414
27 35 9781 44
85 66 35621 109
84 12 2850 203
37 75 24645 393
31 58 7864 178
80 67 45410 124
50 24 645720 86
45 13 12027 96
68 26 16723 60
96 22 11806 145
90 72 12506 160
91 61 7652 21
99 64 176940 200
6 34 22735 196
33 58 8611 67
27 6 26813 189
30 93 19814 196
65 67 2165 40
73 63 8124 611
92 2 52144 76
19 81 28421 186
47 91 31555 140
97 85 257624 74
25 27 8210 11
97 99 43400 65
7 65 16745 42
47 26 40579 177
74 27 2763 60
41 53 8131 22
56 23 49353 141
6 32 39054 249
79 52 40850 1402
6 54 17876 137
14 37 2764 239
64 23 112979 634
38 39 5702 453
60 40 60915 2607
29 13 8839 849
71 95 20649 65
30 67 17647 93
14 7 12974 61
1 2 21296 138
38 36 49235 47
52 95 5623 24
20 1 3191 867
57 44 34026 171
88 693
23 180

3809556
