100 299 1 1
7 100 4114 59
7 44 4402 82
7 48 20347 234
7 22 23214 468
7 81 18303 344
7 41 10198 23
7 17 57027 208
7 48 5560 63
7 30 7303 56
7 88 22033 55
7 11 100355 114
7 11 51849 292
7 22 9353 90
7 73 39452 162
7 90 54950 278
7 28 97035 75
7 32 17132 68
7 95 2906 504
7 33 8085 146
7 72 13465 99
7 4 29837 138
7 28 8325 167
7 54 38098 47
7 11 39226 413
7 47 32778 882
7 65 25892 361
7 57 20615 30
7 45 5227 82
7 79 12456 132
7 3 53673 139
7 35 40371 52
7 91 16788 32
7 72 13264 85
7 60 4325 108
7 40 100251 379
7 64 11675 47
7 61 41901 98
7 64 28503 1030
7 71 20164 277
7 80 38577 124
7 76 68042 174
7 8 59345 3021
7 79 18018 196
7 40 28249 134
7 80 27531 155
7 6 23084 321
7 14 46982 214
7 65 26930 171
7 45 9169 145
7 61 34237 26
7 81 16310 178
7 12 30617 145
7 64 11387 919
7 75 9706 89
7 55 58669 212
7 77 77313 49
7 9 85504 260
7 59 16951 161
7 44 5743 246
7 12 39437 620
7 36 2252 180
7 97 10475 263
7 93 6992 709
7 83 32367 212
7 50 14003 147
7 85 26201 225
7 17 7694 217
7 76 35912 596
7 23 109722 22
7 72 40182 476
7 91 225441 485
7 71 151756 291
7 66 67439 66
7 86 28437 25
7 93 24159 176
7 45 16259 504
7 10 19364 782
7 1 19281 30
7 77 20120 38
7 77 12916 769
7 12 33580 1233
7 55 10076 164
7 37 60662 1196
7 91 14387 132
7 43 48401 217
7 93 4877 200
7 10 44662 181
7 70 38788 436
7 93 17379 130
7 81 39306 123
7 10 27402 209
7 56 30507 100
7 35 42384 63
7 24 19513 58
7 85 11201 62
7 15 37432 83
7 10 14664 57
7 8 23425 339
7 57 25536 523
79 6 38767 174
61 75 55878 170
86 67 112043 53
10 62 66401 48
36 28 229087 13
42 8 64143 578
27 8 164375 832
58 92 141025 114
56 99 7769 86
48 18 115001 101
93 64 18004 457
31 55 44698 554
99 6 2992 203
92 79 20236 418
37 61 100265 35
100 70 9526 734
15 3 15408 129
80 93 20991 324
16 42 9097 121
12 38 11980 1264
88 9 12004 185
40 54 34262 161
54 88 149609 367
62 85 37666 53
71 3 15503 667
99 42 51454 128
19 47 11946 380
96 6 12558 98
55 2 8069 42
73 53 24805 496
84 83 5355 52
51 3 426556 136
47 17 18303 142
75 23 19045 403
18 35 57165 537
24 19 16325 188
18 94 34063 289
18 54 95846 688
76 37 10093 57
95 24 9592 370
62 71 35659 270
37 59 6375 106
20 28 16779 195
44 28 10432 65
6 20 106699 52
16 75 12555 537
71 38 42410 96
35 89 39505 338
55 83 44952 98
98 79 29070 276
39 91 66984 54
85 44 21447 49
6 97 2669 427
54 50 11115 1680
90 26 11783 1883
25 77 33307 150
95 64 37184 86
63 54 30424 89
91 78 17827 111
37 26 24331 69
85 36 33594 316
58 72 12621 76
52 9 27343 150
47 10 9594 174
49 83 14686 152
68 66 9875 35
21 2 42877 234
39 78 16257 67
14 13 7996 381
26 44 23223 51
99 74 9033 297
27 91 42943 204
75 18 16723 219
70 54 18055 86
19 66 4941 166
1 66 21342 162
88 64 15711 382
10 26 7910 124
47 76 14256 195
11 97 12707 857
8 61 92681 282
40 65 1761 379
97 80 69188 201
71 54 66692 81
45 78 13278 80
64 78 15254 51
17 63 28292 72
45 88 85357 359
55 80 7424 178
18 53 30901 350
23 92 16600 284
80 8 33815 47
38 99 458043 45
34 30 69803 146
35 3 44293 74
53 70 8730 198
81 39 23302 245
53 2 14213 85
47 16 17466 238
4 39 10543 144
78 88 8485 1552
89 47 40055 17
19 91 121107 393
20 49 10148 58
75 13 16519 361
98 80 8365 76
38 48 210446 208
54 74 53755 282
85 99 8446 298
28 21 5026 40
26 77 16515 383
57 29 19471 240
39 25 11209 132
66 52 21403 2886
61 4 35116 73
97 69 132645 634
57 26 10681 177
76 4 24055 620
8 89 6154 336
16 70 20674 501
32 17 4440 72
51 96 4064 104
80 46 42307 257
41 69 35645 77
81 47 9534 514
83 46 21497 99
96 18 96537 43
22 11 8368 81
71 47 143623 147
12 25 72951 44
65 51 16054 87
61 27 22274 168
9 80 24666 190
70 23 19436 225
10 43 27269 34
99 35 229339 141
32 97 10964 798
50 5 17788 24
93 68 11204 22
96 46 4913 119
27 74 72398 126
19 77 14944 268
52 65 13953 629
33 10 33241 2577
73 63 13135 92
17 69 24720 91
94 42 32235 220
86 13 68208 287
21 20 17797 96
90 59 7037 255
99 59 131655 124
72 44 5192 525
90 88 27498 109
92 13 5364 101
63 36 90144 19
3 96 46548 38
53 86 5562 207
90 94 55665 99
68 49 60943 241
69 2 187903 58
51 19 29963 39
44 49 6494 626
67 14 17717 308
51 85 44337 91
18 49 22336 784
35 76 13715 80
12 19 36956 179
33 91 28675 69
2 33 26715 447
40 18 13590 49
28 95 79602 51
79 60 90767 98
98 14 64951 22
3 35 76485 85
46 98 26312 224
12 20 11726 156
51 52 58499 87
92 37 49798 53
56 19 4658 100
35 74 2906 473
92 90 3113 214
30 4 10688 299
46 61 21943 197
14 29 10984 485
52 77 7746 310
33 52 21419 174
97 68 10164 164
50 8 38590 49
68 63 22545 73
42 11 16222 126
88 62 34907 275
64 11 121500 170
73 78 26906 426
20 11 21393 34
26 41 38179 481
64 99 36293 89
59 15 11637 45
58 4 37158 187
47 23 12243 151
22 62 2384 83
7 693
91 918

65121036
