100 299 1 1
79 30 17875 130
79 86 9134 89
79 64 39715 274
79 56 23961 46
79 8 48663 343
79 38 27861 202
79 14 11141 253
79 49 68177 308
79 1 60329 152
79 68 75634 136
79 27 12929 237
79 26 109550 418
79 93 28157 161
79 2 41036 188
79 42 21075 83
79 70 10317 757
79 67 11747 771
79 32 12359 46
79 43 29684 48
79 37 33923 27
79 25 9979 195
79 58 47482 121
79 41 57932 110
79 71 96646 64
79 78 36899 54
79 51 17266 46
79 52 10409 144
79 39 4837 382
79 17 73968 169
79 47 9981 25
79 18 13572 85
79 7 8490 86
79 60 211687 65
79 3 82706 218
79 90 8080 43
79 76 12497 148
79 96 16090 355
79 65 59699 49
79 9 14653 68
79 50 129430 52
79 15 15373 108
79 85 2173 35
79 74 8257 403
79 40 1292 1501
79 92 5562 77
79 84 25764 315
79 80 40577 134
79 31 8265 169
79 66 11031 42
79 4 18521 26
79 13 55249 63
79 16 7571 189
79 12 13203 444
79 35 36419 218
79 55 15243 531
79 48 17568 1145
79 6 31652 46
79 23 22586 198
79 63 103507 178
79 21 20995 26
79 83 126579 60
79 34 20102 23
79 69 73121 48
79 5 8576 65
79 24 10199 1166
79 22 26791 25
79 20 60297 769
79 97 8788 163
79 89 43286 229
79 94 33895 345
79 88 74968 332
79 54 68167 160
79 53 10914 178
79 46 189947 504
79 99 17912 10
79 10 16388 86
79 19 9968 234
79 82 6234 292
79 45 159645 1237
79 28 223132 80
79 61 30177 47
79 29 31778 79
79 77 8145 42
79 57 16847 26
79 100 31560 20
79 87 18165 236
79 72 52094 8
79 95 11966 503
79 33 10696 456
79 36 153016 77
79 81 54668 243
79 44 60579 262
79 59 29821 239
79 98 24184 399
79 75 22966 99
79 62 27404 96
79 11 61189 344
79 73 64386 530
79 91 313937 159
36 9 11753 51
99 6 15404 347
49 77 14508 55
85 24 20669 232
41 5 2967 180
27 82 12488 34
68 16 64436 174
99 30 35937 357
80 81 195489 30
64 19 39551 359
10 91 7747 51
91 6 6819 332
87 84 4189 925
84 19 7810 526
59 48 19527 108
80 100 13015 380
36 11 11046 86
46 8 35810 260
77 66 14757 199
5 33 28336 33
66 22 20223 346
55 44 22509 158
37 99 2314 105
95 56 77839 174
54 88 40858 384
50 11 38902 7
7 78 12711 283
49 11 41374 26
9 6 34767 91
66 70 11902 215
40 8 51611 297
18 86 40320 78
74 10 17783 65
20 42 13273 109
30 22 32093 80
90 59 99555 196
31 82 42151 56
12 90 20624 210
54 58 172134 64
51 59 3176 38
62 88 22066 170
59 37 53250 109
14 11 97779 217
70 59 20885 119
42 37 29630 526
66 48 31574 54
51 95 11861 258
94 72 11478 180
11 45 56919 106
52 64 170575 59
52 71 36441 96
5 59 6490 77
42 78 47134 281
62 51 13138 20
95 74 7562 155
91 33 4457 31
86 84 4371 1580
76 60 7883 131
43 69 7423 174
80 2 18027 137
73 65 35091 162
87 83 10047 42
28 44 25974 76
73 97 5397 690
52 36 489079 78
77 32 7746 137
48 15 23804 750
81 65 21042 207
41 70 17859 114
21 15 17755 268
76 9 13294 64
73 75 11730 233
73 26 234649 17
66 81 50383 440
60 5 34069 482
38 48 30162 52
67 93 3433 114
45 17 23520 52
39 43 27587 145
59 74 15373 58
12 17 2858 207
24 79 10848 43
100 98 28679 52
72 15 69506 18
73 79 16816 36
91 2 20492 52
40 39 73447 255
83 90 27425 169
90 17 43772 438
42 69 10252 385
97 43 38347 41
83 72 32869 207
48 8 6187 121
11 90 186988 183
56 33 36478 135
18 95 13084 995
96 76 4364 206
19 13 40158 704
18 78 33103 217
70 15 13259 79
64 2 13606 396
11 60 64946 52
49 100 48503 272
25 78 11350 23
47 23 11419 136
49 8 10725 96
52 20 3481 179
62 14 35696 627
26 4 102141 220
70 57 46339 139
51 72 9154 472
90 25 25937 645
69 94 103027 558
43 46 35226 148
77 27 6140 281
34 11 27942 172
22 67 41061 113
25 52 21494 85
15 42 7985 315
42 52 26063 160
54 65 12069 455
33 94 29253 279
43 90 17474 73
81 97 8990 25
67 87 10005 39
85 93 185157 120
33 46 42507 719
24 99 13854 348
32 29 28104 377
3 78 6835 340
11 48 8200 132
22 95 133797 76
12 34 23955 201
35 29 5227 315
65 39 15015 82
90 80 44682 405
39 61 14072 215
6 75 23282 40
85 44 26908 112
44 46 132318 147
56 38 31949 264
89 61 6830 114
15 46 17485 871
12 66 33135 390
12 68 7495 342
46 100 9059 73
4 76 95861 135
17 70 56320 1078
49 43 31894 55
83 61 24452 195
33 84 20451 128
75 37 32321 54
13 40 25767 780
8 34 5425 509
96 21 55425 97
10 48 76871 91
3 46 8414 281
33 21 138180 58
83 93 17720 113
66 10 8330 199
46 83 34894 128
10 62 67933 49
11 95 83993 361
96 46 12224 1357
6 70 28556 557
82 61 72868 211
95 80 1543 27
88 97 19317 124
49 47 42980 1226
42 80 180383 178
19 92 8313 148
66 28 7859 86
88 42 15065 32
65 19 17059 493
22 99 10721 98
99 36 5135 526
85 50 27652 576
78 53 25730 104
50 55 864 238
82 17 34933 639
99 40 27309 734
76 10 65135 232
60 26 83924 166
77 87 93928 162
19 60 14814 1187
52 90 41432 135
27 44 4778 210
52 74 12899 249
69 9 20302 104
60 2 22584 64
44 82 23227 198
10 11 29399 405
95 50 35626 71
36 84 48988 95
99 33 19072 146
67 47 204398 236
17 64 17534 98
63 27 18756 125
71 26 28227 156
65 36 21850 10
79 1188
46 312

8833968
