100 299 1 1
62 70 11891 459
62 69 33469 120
62 77 61806 140
62 22 26919 810
62 59 15718 63
62 56 84150 803
62 74 116969 459
62 69 17350 1609
62 58 2115 180
62 86 27472 68
62 40 15276 84
62 15 6251 107
62 1 7307 33
62 98 11011 225
62 76 60499 212
62 4 25879 338
62 70 42791 122
62 7 43127 749
62 95 8997 643
62 79 25860 177
62 29 60882 183
62 96 32380 76
62 84 96825 38
62 34 17967 196
62 60 67354 25
62 1 19637 320
62 90 36782 456
62 41 15980 226
62 46 8533 75
62 13 55247 139
62 99 1731 41
62 94 21642 75
62 31 22827 106
62 75 15906 518
62 45 175051 129
62 20 61171 123
62 39 3404 209
62 11 48909 444
62 41 46929 699
62 31 25579 31
62 61 37556 201
62 41 30353 499
62 10 2668 155
62 65 46439 511
62 32 34194 238
62 46 66601 245
62 47 13581 92
62 7 15115 504
62 93 9861 76
62 9 91017 116
62 63 56888 184
62 98 10207 168
62 44 15914 208
62 100 9783 282
62 22 7379 134
62 40 33026 173
62 38 59903 677
62 31 14099 160
62 98 23809 688
62 78 21899 89
62 84 33305 371
62 64 7173 1684
62 16 46511 86
62 16 1669 265
62 58 71148 90
62 56 10852 169
62 9 14543 225
62 26 67878 498
62 73 2354 88
62 8 10188 28
62 42 5722 131
62 12 17465 207
62 44 27439 79
62 64 35788 108
62 61 62330 195
62 4 12058 586
62 65 20523 60
62 27 41888 167
62 54 45981 100
62 48 20204 256
62 30 34218 170
62 22 5980 294
62 89 66719 158
62 90 9204 11
62 55 20234 372
62 18 25015 731
62 2 21811 71
62 6 12249 26
62 64 5675 124
62 55 18837 373
62 42 51328 230
62 22 14717 91
62 79 23473 84
62 81 67618 242
62 76 7025 48
62 38 5219 244
62 2 122369 75
62 13 35695 150
62 34 11377 600
63 47 17714 189
34 60 37428 261
30 62 11246 271
46 55 131533 90
10 19 40349 59
64 47 50843 70
96 6 10965 48
33 68 11601 59
100 42 23003 37
81 65 168416 291
100 51 6223 313
61 52 15022 217
12 18 49928 127
78 9 101354 298
63 9 36190 102
76 21 27090 162
74 85 16698 67
61 22 32865 25
17 55 10500 67
8 35 47800 114
28 55 103661 33
76 53 12258 268
74 26 51693 39
76 83 6038 411
32 79 17535 73
17 16 19629 269
41 100 3709 349
87 84 192703 88
38 19 34957 426
37 47 65402 72
19 17 13670 167
78 32 2624 181
37 84 22310 229
13 86 452028 173
82 54 374597 156
12 40 49629 112
97 82 14133 35
96 98 4354 11
76 64 46101 148
59 24 46312 14
86 44 137344 76
20 95 36492 338
92 37 33616 193
73 81 6868 36
82 4 38352 139
12 92 17018 172
6 25 11390 92
11 70 43583 200
9 18 23392 191
14 98 1421 129
19 56 1603 210
30 93 150498 58
75 32 13635 490
35 39 38229 84
95 42 50007 93
11 3 8934 24
66 67 9824 34
94 51 11919 141
45 47 4475 493
4 33 10706 163
81 41 19639 43
22 86 5672 215
14 84 43016 193
46 2 9665 49
93 20 40006 48
71 20 33068 139
59 44 143419 316
35 70 9267 138
9 88 43608 111
64 99 9191 440
83 58 27655 49
69 92 3448 1260
38 43 41382 44
98 17 25319 1091
51 21 32795 349
11 98 4656 128
90 59 2596 80
65 15 42869 76
55 6 70541 53
35 73 40752 35
45 24 101812 507
59 56 30765 610
30 60 9400 84
56 76 28910 119
83 6 51591 454
34 96 7221 51
11 38 121714 284
23 19 100780 373
57 86 22727 724
100 88 40131 89
92 5 81196 411
79 56 16916 37
41 83 27876 252
20 63 123521 75
11 58 28139 303
75 71 36119 43
99 16 19595 76
93 97 40981 46
64 30 20098 99
17 63 18012 87
15 75 12754 51
52 61 7811 81
16 70 33489 94
77 5 34125 103
84 8 15539 84
36 43 6126 71
65 99 1833 468
12 42 35838 63
93 94 3841 77
53 38 25308 127
52 75 13451 60
55 41 15656 265
51 33 45595 1950
59 31 13854 34
86 75 7271 484
7 28 29041 199
90 14 54706 191
84 63 111160 115
22 69 62778 3540
84 100 4783 87
41 93 24149 16
30 32 18399 138
28 8 15461 96
33 60 10458 229
64 68 21625 106
90 97 9875 21
85 66 12428 99
54 87 50487 195
62 57 4541 153
35 89 20445 428
6 8 12732 56
28 3 15054 66
100 5 11226 166
30 15 9040 43
89 34 64898 223
12 9 18089 45
77 59 8666 158
39 19 48407 94
86 35 42342 197
75 74 84160 29
65 48 49243 186
87 8 4712 801
44 90 5603 55
43 38 12261 42
47 35 173527 190
79 84 32823 205
47 26 13736 127
98 24 52455 111
56 42 13572 129
88 62 40077 76
45 69 111778 836
36 85 5871 110
18 13 18616 153
34 15 22929 59
8 74 13042 150
60 28 66405 99
90 27 18699 1710
75 57 8895 116
48 9 44670 575
33 22 102235 219
20 82 43516 72
39 36 63815 208
81 63 35312 338
29 41 8033 199
9 89 18904 845
74 73 16108 86
67 7 30518 458
63 99 20624 221
25 55 12002 60
92 34 140054 225
39 67 38658 71
26 55 4978 46
35 75 63720 53
47 16 5405 73
79 31 21291 342
83 2 3831 97
69 99 7439 336
23 84 34674 67
3 33 22446 73
22 84 3402 70
82 71 23587 136
53 31 9328 172
43 54 5658 120
22 75 63946 13
76 6 32149 656
44 32 6991 42
5 45 16677 137
82 81 34921 749
72 45 19023 204
24 37 34047 151
41 34 25375 78
33 7 34841 111
69 85 11101 153
49 66 984 61
52 8 7341 202
73 11 40788 88
17 51 35399 60
60 94 29035 138
38 7 38667 106
13 39 15782 74
62 1000
84 1280

58164235
