100 299 1 1
97 36 29775 137
97 15 88810 94
97 44 11556 502
97 74 3601 296
97 70 25549 84
97 27 7905 240
97 20 25092 27
97 9 27342 66
97 47 2260 247
97 9 44985 845
97 53 15273 33
97 59 35901 119
97 21 11328 84
97 92 48169 45
97 7 28612 152
97 80 136336 291
97 31 32658 268
97 71 11697 44
97 9 108012 145
97 18 94668 877
97 45 22003 138
97 94 36659 14
97 52 19618 76
97 82 99291 33
97 94 8526 166
97 80 12201 101
97 92 4746 30
97 66 105620 286
97 29 3774 304
97 8 65208 50
97 90 25782 135
97 26 7542 472
97 34 29847 411
97 8 9485 67
97 100 3508 32
97 2 41921 501
97 64 29919 121
97 20 17015 48
97 46 139860 347
97 2 16970 474
97 62 45073 337
97 25 7156 50
97 32 16408 38
97 83 67489 38
97 20 61080 562
97 7 4091 118
97 96 6777 40
97 79 20232 16
97 79 17811 282
97 81 7902 23
97 52 16278 71
97 88 19129 260
97 76 13448 633
97 11 48169 320
97 63 17139 180
97 30 2955 17
97 15 3829 175
97 28 15769 225
97 88 67140 76
97 6 26104 23
97 79 4517 914
97 37 18606 643
97 57 7778 58
97 8 16710 186
97 11 7094 291
97 40 99043 334
97 56 169142 178
97 15 12222 288
97 68 5228 76
97 36 8252 898
97 12 5328 365
97 71 34025 256
97 80 35802 220
97 85 2481 33
97 51 18868 23
97 33 44427 202
97 11 16114 320
97 54 218293 1204
97 8 38792 382
97 9 8144 162
97 68 9136 243
97 86 9657 56
97 36 53909 79
97 93 14315 299
97 55 28079 79
97 5 62580 723
97 86 3064 498
97 18 30671 309
97 26 99651 473
97 40 38722 326
97 14 55014 271
97 6 33141 102
97 96 13473 221
97 89 22049 124
97 94 29214 65
97 37 43119 244
97 87 22051 115
97 15 15317 108
97 41 13899 395
6 99 31042 75
12 98 47173 160
23 46 5992 134
72 99 38237 55
11 12 16595 126
27 37 21117 97
10 19 25633 521
15 46 29080 226
3 51 23592 747
19 7 68468 201
84 91 15385 226
72 9 61330 640
47 25 372479 36
42 59 17033 355
79 34 9829 332
47 95 41513 141
9 98 15054 52
71 95 5888 178
65 40 29054 75
83 9 32574 114
1 21 11381 683
68 70 26163 108
19 78 116400 280
39 90 44392 825
33 18 11272 416
43 58 4687 214
89 60 11434 266
53 1 67437 196
34 16 9567 558
29 35 17757 123
7 97 32504 1382
65 96 173648 168
71 52 40024 280
72 58 21972 38
62 17 162656 86
42 6 32135 62
60 69 49712 210
85 10 30024 142
98 89 16940 40
45 85 23130 41
83 86 35068 103
21 78 28471 495
26 83 15573 1122
47 44 25255 81
90 22 45105 296
17 33 15792 272
80 40 26258 138
21 42 22213 67
29 11 18887 162
63 45 51684 301
84 20 52504 333
44 59 26657 60
15 9 17674 76
63 71 29423 212
71 88 6250 82
94 36 53366 245
57 100 34122 170
25 82 34478 238
38 82 22372 851
92 49 9946 74
90 32 73172 337
9 1 41391 351
40 27 119895 100
70 99 82076 136
48 91 181072 201
23 62 3244 142
46 95 15616 89
45 15 9363 345
65 93 36893 1236
19 48 15213 415
93 92 3560 126
25 12 50562 485
44 40 17041 169
55 75 2274 175
72 71 21705 545
65 15 48520 73
30 99 25843 72
100 25 6341 279
89 76 55867 43
5 58 4457 131
40 59 62941 192
9 68 34465 154
47 94 8604 101
12 48 8778 72
37 43 42555 223
1 37 4642 81
67 16 31674 321
43 89 17547 12
26 33 33411 589
77 61 4291 390
85 57 5843 199
4 52 22446 80
82 11 10699 39
23 58 9289 72
12 72 5994 179
58 54 15004 166
42 40 47291 161
94 7 26683 67
73 67 136016 109
87 93 15481 379
23 13 23134 126
43 27 33060 103
12 92 17171 230
96 92 12340 230
28 18 30726 12
11 57 14214 31
54 21 9657 274
20 29 10669 314
71 74 9569 22
2 84 24136 326
94 62 30338 59
30 57 11971 360
12 26 8279 410
3 44 33613 70
73 72 23697 146
69 59 22960 102
25 44 30541 300
49 38 12422 208
38 8 11638 25
12 13 64011 144
73 48 40526 56
95 96 9418 17
77 35 9799 177
53 68 18468 126
71 94 26948 387
57 90 106758 374
72 50 43131 221
44 92 155461 455
48 33 22666 166
49 33 8920 378
20 33 45340 308
5 2 3278 229
59 81 14594 272
5 40 78643 107
79 94 30422 107
67 38 33565 155
67 11 19859 33
29 44 14387 477
43 30 16070 41
47 32 77138 426
56 66 12714 155
88 23 32419 72
14 5 10811 87
10 62 28435 556
80 99 10678 528
61 73 20337 52
96 82 59877 146
68 24 35624 144
45 8 2941 154
61 96 31006 520
18 83 37447 432
55 63 32608 215
90 9 31402 87
93 19 34622 98
88 28 1823 331
55 25 33182 67
92 74 8505 60
65 58 30128 72
58 86 19127 383
86 85 9762 245
85 82 7562 82
11 68 187331 273
100 43 61692 19
82 65 59112 136
71 7 32015 39
82 43 6509 16
13 85 9169 40
84 51 10821 167
35 16 10608 197
82 53 32529 25
90 57 6582 359
88 63 89221 32
80 91 4277 15
73 49 18273 179
12 45 12943 303
37 48 8965 122
16 5 25101 71
97 67 5091 227
95 8 39336 206
50 15 8435 102
12 28 65703 256
13 19 31886 379
70 9 10720 618
9 56 10750 68
88 51 36903 83
80 95 20581 204
47 69 85496 112
87 65 6594 652
96 7 25348 35
20 30 25479 41
13 54 9141 650
30 75 4604 849
80 72 4001 73
59 77 5349 304
95 77 34715 342
23 94 47748 140
95 57 14826 18
91 82 11653 129
29 86 9432 503
45 67 2968 130
97 700
9 1016

21621620
