100 299 1 1
37 20 62890 200
37 12 7063 59
37 68 60578 217
37 13 9273 430
37 68 17141 113
37 60 4161 212
37 3 21482 118
37 31 4424 265
37 47 14691 210
37 96 4994 247
37 85 15462 21
37 49 182117 569
37 75 146826 147
37 16 22574 360
37 98 8307 198
37 91 16796 43
37 50 9908 307
37 23 7812 165
37 12 34188 104
37 66 117662 217
37 64 142171 151
37 7 63630 203
37 60 3818 86
37 45 209309 24
37 13 54257 32
37 98 62367 206
37 47 40434 273
37 55 54984 49
37 4 18398 128
37 98 11245 67
37 82 20284 44
37 75 65156 245
37 11 19556 168
37 60 143415 162
37 84 130853 335
37 84 45155 283
37 94 16270 10
37 45 25870 379
37 92 104252 214
37 25 8251 107
37 9 17242 69
37 4 52062 107
37 61 8096 46
37 42 8871 447
37 68 15400 329
37 12 3038 540
37 70 16533 419
37 99 23865 140
37 49 39038 68
37 25 25581 168
37 35 14787 228
37 82 4078 99
37 82 13413 32
37 75 11229 49
37 38 48556 506
37 53 53220 165
37 39 26812 72
37 10 5892 332
37 71 9226 83
37 23 2644 623
37 68 125193 79
37 44 14469 271
37 39 23775 331
37 4 44130 278
37 6 137235 202
37 89 26938 14
37 22 165667 54
37 22 4853 152
37 35 29314 48
37 29 10776 244
37 1 29928 132
37 83 54564 162
37 82 19297 557
37 40 17947 68
37 66 11861 813
37 80 11547 49
37 77 51748 170
37 22 23119 133
37 40 30105 730
37 54 29989 44
37 33 25924 356
37 81 117284 60
37 88 7270 553
37 16 24833 77
37 57 59441 51
37 67 36239 65
37 26 36069 1050
37 35 8019 411
37 6 12663 277
37 93 11486 289
37 56 64026 44
37 64 6779 54
37 62 24722 38
37 55 27438 1518
37 79 83231 46
37 58 56963 23
37 61 4091 156
37 82 2383 159
37 68 11614 336
17 29 28595 153
30 4 35533 94
40 83 26903 68
14 85 16959 215
91 10 85700 1413
80 5 38496 77
39 19 22962 533
92 7 18445 484
85 57 100593 36
60 1 15415 93
22 82 6738 168
100 52 10654 48
45 18 34737 219
99 87 20877 186
70 63 35711 382
80 15 100709 27
90 55 20346 150
53 22 119087 274
50 85 19228 427
56 66 69073 138
17 74 7289 312
82 10 875109 335
52 90 167179 949
91 9 198385 130
3 19 9058 97
60 7 15010 17
89 79 32381 277
66 9 5162 265
66 69 2723 58
98 37 16901 44
49 39 71269 177
79 66 66264 102
33 35 26554 43
30 23 28539 120
87 59 17008 330
15 4 42772 318
47 28 37781 56
30 100 83710 62
81 74 7025 388
78 42 9598 1140
24 36 95850 320
3 87 15089 148
97 42 69239 163
27 8 26739 89
60 100 66763 40
89 2 22906 169
66 90 7910 473
79 80 21497 118
32 92 9526 206
18 68 12447 169
79 89 6418 297
97 10 12544 91
73 43 24844 142
68 6 25010 24
97 93 5249 29
15 10 27265 234
100 43 5737 39
89 62 9084 506
96 6 17469 33
12 34 106583 386
96 20 95900 350
63 67 290179 57
62 99 47876 221
33 87 16530 92
98 100 19922 115
69 39 36682 454
16 82 27483 100
86 11 26195 274
86 49 17505 336
71 31 9754 68
91 29 26091 118
88 25 100254 414
71 96 22975 149
66 21 12215 153
60 50 49939 35
100 22 39025 103
27 26 67208 60
20 24 4735 82
83 7 17760 307
87 100 32282 37
53 74 2693 63
99 41 23526 178
25 98 20354 70
94 79 3882 158
61 35 31714 534
82 60 21917 72
52 25 42354 72
93 91 9949 139
51 93 21966 570
92 97 33499 106
69 15 31496 56
95 38 15939 114
63 77 25799 136
94 53 8596 383
42 20 111976 97
22 14 30270 119
79 50 67593 163
51 100 15775 101
59 56 50435 27
34 15 23452 7
80 82 4707 43
100 88 24881 45
44 45 15360 60
51 16 6263 221
37 48 84015 58
61 2 18940 185
36 79 10990 166
99 14 41774 381
63 74 8957 595
100 10 14794 149
30 73 46035 114
29 56 74856 105
26 33 11364 149
26 44 12232 185
31 41 32018 54
94 98 93053 107
84 75 266400 124
86 26 47931 25
25 63 15611 150
54 23 21976 29
56 30 3361 115
9 89 23724 109
72 1 8967 428
83 5 6945 85
78 10 7640 58
1 8 16316 272
59 31 33902 713
61 69 37624 100
52 99 73476 29
15 19 136291 94
83 44 32950 117
6 14 16159 489
87 1 40640 312
37 14 118277 120
71 84 128593 245
67 1 17360 133
86 78 69837 96
48 78 21386 392
29 30 26075 1221
12 55 4989 331
63 44 5255 319
68 55 2561 62
95 79 35478 236
94 51 32177 291
92 33 19927 49
72 89 4522 52
60 9 146424 177
40 41 246706 20
93 58 3742 60
65 88 54031 183
28 6 10389 93
42 88 68306 30
64 33 20199 141
53 72 19692 22
38 13 16505 218
51 69 65867 76
73 55 24685 62
3 34 44210 712
73 19 17356 184
39 42 8733 543
28 24 57046 974
38 59 22050 95
65 27 21737 404
68 65 28116 179
91 86 11684 16
76 46 17384 169
27 65 53335 210
95 51 50765 63
78 27 12498 340
93 52 28221 198
67 47 4835 191
77 29 5218 197
4 18 58972 192
28 21 9329 29
41 68 75115 363
82 67 10731 151
25 99 10964 617
2 86 57423 212
33 7 17016 154
33 13 65896 173
30 51 38532 197
83 20 28374 168
34 75 7407 400
61 33 9574 76
7 12 71874 85
95 24 11411 111
18 30 10328 609
14 68 16980 92
80 24 15788 148
36 45 3493 40
19 92 11086 97
80 8 21466 199
86 72 9125 105
99 57 31975 29
60 57 6356 355
92 45 257367 190
75 9 42417 259
69 44 30155 103
54 68 8127 68
93 34 53737 441
37 101
68 382

1173014
