100 299 1 1
24 32 67732 209
24 25 296879 90
24 61 19130 28
24 75 32110 328
24 27 4347 31
24 17 37962 349
24 60 121332 19
24 33 46697 20
24 77 167674 61
24 38 17085 27
24 71 9863 104
24 93 11531 103
24 46 14788 616
24 59 160721 94
24 31 24876 91
24 70 76947 79
24 47 30194 689
24 68 309127 286
24 2 61008 168
24 35 19345 71
24 74 12962 134
24 79 80188 122
24 90 24203 28
24 88 61032 194
24 30 13076 31
24 14 7243 202
24 3 94541 122
24 92 7988 216
24 82 55524 26
24 1 9854 47
24 52 2713 62
24 5 14638 190
24 95 53627 146
24 49 18891 12
24 100 16661 32
24 91 14286 284
24 76 6440 155
24 8 51056 96
24 20 28643 26
24 48 14974 204
24 45 7712 95
24 62 3330 901
24 65 59653 219
24 39 12076 199
24 23 2673 11
24 67 10103 107
24 98 13267 765
24 34 36203 60
24 83 3399 121
24 96 121291 317
24 73 42381 119
24 37 28717 137
24 69 10825 177
24 64 65522 624
24 6 7025 217
24 54 21152 67
24 84 63091 345
24 51 26580 205
24 87 17441 68
24 99 20211 102
24 55 28638 37
24 18 1980 149
24 80 142141 79
24 28 45080 39
24 16 3286 50
24 42 29727 178
24 19 13516 129
24 12 147647 28
24 78 45667 58
24 10 33344 21
24 15 10900 253
24 9 38485 76
24 50 62084 1157
24 63 35589 34
24 81 5619 52
24 58 161149 485
24 26 4953 21
24 43 7010 61
24 41 1726 164
24 94 14246 65
24 21 4217 3317
24 11 9819 90
24 53 7982 336
24 56 79756 295
24 4 50790 46
24 72 17943 383
24 44 55771 58
24 29 23234 195
24 7 7470 251
24 85 9702 119
24 13 28782 343
24 22 21339 338
24 57 12860 111
24 40 40413 588
24 66 53665 63
24 86 46982 37
24 36 15033 347
24 89 11662 299
24 97 41604 109
48 99 27422 853
30 11 25420 141
48 53 21956 69
17 35 77775 13
28 68 19349 155
21 46 122955 140
10 86 17550 98
76 47 14896 22
91 100 18479 79
36 3 16494 236
89 3 81591 202
58 67 11980 36
55 72 16548 150
61 24 15846 822
98 12 7445 217
54 72 20835 136
54 38 4093 168
2 17 171556 248
34 91 36607 155
17 87 24812 123
75 55 126398 909
12 73 134657 266
2 40 40010 576
55 74 8418 97
14 80 78897 1745
16 44 22253 33
46 24 12961 21
35 10 33452 253
73 10 5467 116
40 89 36799 21
11 46 15304 67
87 76 55635 1041
92 76 72124 135
99 37 147973 45
22 98 53710 370
67 97 407430 98
91 57 58007 539
46 35 7750 412
76 84 10167 1098
27 69 10499 108
51 22 7696 56
34 47 23251 70
53 15 13905 139
73 28 44838 287
57 23 13635 198
40 37 21137 44
7 59 79619 202
39 60 2889 195
16 10 17186 175
99 17 24554 360
52 63 20948 294
53 93 22175 56
13 28 46017 23
100 79 20193 187
49 11 6234 356
9 48 9193 549
63 42 4507 142
69 96 16976 178
71 63 17735 140
6 90 115054 118
45 36 25080 53
73 61 41848 199
62 72 38134 308
33 30 24597 150
49 19 10594 371
83 38 9628 350
71 96 22665 39
50 81 1641 99
80 25 8520 276
37 64 21615 35
56 16 24315 135
98 71 29241 86
3 60 131937 89
43 79 6627 54
7 58 4752 115
77 47 13983 68
96 73 57395 189
83 67 113409 143
10 33 24566 362
56 58 40491 262
79 19 3335 69
99 20 26031 143
95 64 8216 66
89 94 6345 251
40 66 71537 167
53 20 14961 295
78 91 10316 123
28 52 14156 105
3 18 20347 65
93 56 11379 179
43 2 21163 85
82 35 82847 115
40 41 35562 202
64 47 13920 131
87 40 72182 65
81 23 4487 211
34 23 2501 894
98 83 22884 255
1 67 5281 293
78 14 4654 434
57 9 35437 46
69 98 13484 121
58 36 34787 131
44 29 38234 637
77 6 17303 172
84 10 6886 363
41 65 92243 454
85 92 11515 1762
19 36 28373 830
27 93 15967 167
100 61 12510 672
29 2 24676 226
18 14 22049 112
65 72 70503 490
18 41 11068 557
60 28 17843 206
71 12 12692 292
26 18 10703 24
89 56 9173 62
85 6 51170 473
56 22 51750 139
58 71 30243 372
18 98 114351 333
64 75 113656 328
93 10 70222 378
78 24 60336 37
87 66 13130 131
10 72 157586 220
57 91 58955 111
36 76 83162 76
80 53 54755 458
25 6 23998 53
20 16 4088 237
79 61 71141 50
39 69 12963 56
74 20 10910 44
23 32 28503 87
92 49 24772 210
81 8 31891 233
8 43 24625 300
60 15 39290 29
50 39 27502 54
67 56 18535 642
93 6 15271 111
75 68 16921 48
5 64 28324 55
37 79 27277 48
53 7 46221 79
63 9 6506 134
19 39 88953 754
16 50 80217 197
5 20 12773 516
83 18 28562 109
3 93 11575 99
72 99 21874 197
23 35 3347 267
72 37 62595 374
22 69 14174 249
64 14 16376 103
17 82 6247 102
59 54 59647 36
92 53 30670 87
77 14 50332 96
90 41 1438 263
50 24 9991 34
37 88 14987 91
95 23 11558 129
86 80 9296 32
68 67 40814 330
11 74 24714 264
31 24 39929 223
66 96 6918 100
13 57 23446 78
11 26 60151 168
1 57 141797 78
67 23 12022 213
58 24 7505 61
94 52 9778 113
45 67 67330 167
51 31 3153 257
82 84 32300 323
57 7 13796 130
63 50 8896 66
8 72 31727 1538
4 27 9665 149
96 27 86834 84
88 72 5294 161
30 89 204168 314
37 21 22675 266
86 60 32750 425
68 5 8625 72
70 61 5047 2500
56 37 36456 118
5 41 15734 690
91 30 12614 326
74 39 11353 707
87 57 12524 246
10 27 7208 49
19 68 17171 260
51 87 75737 196
24 990
72 765

22772512
