100 299 1 1
27 11 60681 232
27 34 81934 233
27 59 21791 54
27 56 28178 190
27 81 14273 313
27 71 16310 92
27 28 20131 158
27 91 39135 276
27 32 6181 329
27 63 18601 455
27 22 27489 31
27 37 52017 356
27 64 39074 282
27 68 15135 94
27 87 6485 51
27 81 34441 669
27 92 62226 214
27 8 67150 15
27 7 6494 1334
27 72 11188 77
27 4 12713 746
27 79 13205 76
27 63 100854 78
27 64 54300 109
27 52 7183 101
27 25 40182 156
27 70 49068 33
27 6 30608 324
27 10 22252 102
27 67 12263 931
27 43 36511 473
27 86 11540 506
27 61 19088 69
27 62 49997 32
27 47 37073 430
27 86 14473 115
27 74 55958 180
27 80 52996 286
27 88 29178 227
27 100 63093 263
27 21 33079 35
27 3 29967 298
27 90 39245 117
27 83 16628 150
27 37 8355 34
27 10 81248 38
27 32 14259 113
27 13 38172 203
27 74 53850 27
27 20 37256 89
27 78 12661 30
27 33 36462 32
27 15 11077 137
27 39 12727 162
27 10 18193 77
27 11 27263 76
27 68 58337 37
27 41 12661 209
27 11 16582 373
27 9 3693 176
27 79 17821 160
27 90 62003 203
27 47 71885 375
27 65 41452 30
27 71 15874 48
27 18 11206 22
27 7 113786 58
27 25 28055 73
27 89 19981 404
27 83 74386 86
27 47 16738 65
27 64 45132 357
27 45 43115 95
27 3 5355 517
27 72 49290 190
27 93 46389 528
27 9 59085 2510
27 41 23331 7
27 61 24291 1090
27 74 18629 9
27 48 30299 262
27 66 3857 510
27 70 33195 391
27 50 87090 32
27 20 7033 325
27 60 20342 109
27 89 91110 49
27 76 17671 263
27 30 25589 64
27 23 21116 120
27 17 19882 667
27 23 3943 124
27 89 20568 49
27 22 12159 183
27 56 40819 357
27 65 6094 208
27 49 31005 1308
27 75 13781 12
27 6 12470 438
79 1 6997 215
71 17 7139 317
62 41 85522 416
10 43 28182 20
86 96 26442 102
8 3 8136 52
19 63 6751 323
91 19 10166 85
26 96 31021 112
75 46 34118 162
56 61 4423 141
16 98 15621 100
12 51 9114 1091
93 74 20700 1189
13 12 70413 74
89 42 77933 806
43 52 51818 147
100 92 36034 376
97 91 22508 19
38 57 3881 373
78 94 10207 174
15 31 75920 54
71 73 1292 713
38 39 18369 210
59 11 60287 115
41 49 155877 49
56 84 8276 97
69 25 10227 562
79 94 37164 49
75 84 5801 754
26 76 257236 160
68 13 38760 325
35 53 28853 256
1 8 22255 204
61 38 46426 235
18 72 45768 133
92 23 2357 103
37 95 14975 38
45 80 61601 250
42 56 2489 238
16 45 10669 41
83 54 24731 89
9 73 17488 479
88 93 36551 64
55 44 41187 13
61 12 15268 407
50 41 8124 62
91 85 62473 658
47 89 99252 35
67 51 21148 131
93 13 208269 34
58 36 3021 129
67 2 41241 820
1 19 34833 419
71 3 4228 355
85 56 22519 124
54 35 31667 521
55 56 32829 466
20 34 17231 182
36 46 97757 36
70 45 4716 301
13 85 1156 274
12 53 10169 16
81 92 34815 238
80 93 5151 73
33 80 3333 305
89 14 17483 189
7 61 21407 40
92 40 256795 631
25 32 17114 90
73 1 71836 90
6 48 18166 517
21 69 10853 254
30 93 7030 200
99 31 72020 199
98 52 41915 1111
35 26 157407 33
66 60 11164 82
60 80 81062 150
15 55 53075 64
60 51 18011 324
72 14 39639 119
24 73 36000 1238
76 68 17440 266
98 75 6382 513
54 2 59737 14
54 44 19744 478
40 92 35348 13
12 7 10387 270
100 84 122419 105
2 13 4971 145
57 52 12321 31
21 80 7244 273
88 38 24864 102
81 74 1910 26
20 9 20117 129
31 20 10896 446
13 51 25259 268
10 35 119674 678
51 18 40346 163
83 38 31249 78
85 65 34255 94
77 58 33641 57
30 71 15650 334
50 3 1644 182
39 2 19543 63
97 7 24608 211
7 85 18396 125
54 27 3340 548
40 70 40361 346
67 54 56449 86
27 51 16259 1809
23 34 27360 171
67 91 59625 132
24 62 43505 333
89 22 27122 34
66 54 102081 378
14 8 58815 80
95 54 27359 132
70 99 15517 121
48 81 88436 145
98 74 45390 144
85 52 2405 429
89 63 21209 148
77 69 92551 55
67 39 7522 331
47 6 16468 824
28 96 36883 98
31 19 30691 217
62 42 9190 166
69 23 31371 283
74 56 8178 386
73 13 3834 151
58 21 20414 76
68 87 45472 247
21 46 10815 167
66 67 56127 105
2 91 8603 81
44 19 178421 77
92 72 156894 603
11 17 92014 408
28 29 5852 158
19 15 117562 431
49 89 6409 239
77 42 155438 311
94 51 7377 69
49 81 39281 82
19 28 7978 237
19 36 232592 148
69 99 52882 94
4 3 19738 984
68 28 10820 228
42 4 16788 86
7 36 5021 11
52 18 6760 138
99 67 137633 315
62 31 17764 166
84 58 15669 30
65 43 22310 159
60 9 16328 23
86 29 6817 186
75 7 42732 38
56 49 348666 971
93 32 4163 200
1 44 21478 31
70 50 11431 89
99 92 11819 161
40 43 13597 106
13 3 131493 79
98 69 38556 199
93 45 23407 54
86 83 18428 181
18 28 39614 217
30 44 91101 552
20 12 34243 829
50 56 5040 514
55 36 28263 245
69 81 19122 1152
35 55 17549 85
100 42 23843 409
44 40 9311 154
26 61 108484 452
53 5 39578 158
57 76 45729 257
74 89 33475 9
51 6 7847 62
6 100 49918 41
64 78 86050 645
99 68 74607 1028
75 63 7580 149
34 19 16439 82
98 70 11513 732
75 89 24876 186
23 86 5387 693
15 12 5848 92
95 6 8962 123
90 39 34002 66
92 7 22529 168
54 74 378201 65
68 50 12668 70
27 400
89 2307

7992400
