100 299 1 1
66 83 74681 132
66 97 23636 1946
66 11 61757 293
66 91 16521 776
66 93 41513 100
66 56 59579 30
66 18 16576 153
66 28 95290 79
66 9 23315 407
66 80 123482 79
66 26 21461 177
66 8 22980 81
66 91 6961 77
66 64 9984 23
66 70 32793 350
66 9 7555 281
66 38 20651 150
66 89 74387 449
66 54 23572 82
66 67 17964 947
66 8 139857 19
66 49 3328 391
66 68 14061 93
66 71 27602 469
66 1 17799 877
66 78 10210 154
66 30 21124 95
66 86 34435 48
66 10 27633 823
66 6 9577 86
66 32 8562 90
66 7 23694 643
66 36 6931 536
66 94 47513 65
66 28 29184 51
66 91 26380 135
66 84 22832 87
66 32 35394 58
66 73 17335 216
66 34 27776 535
66 67 50478 158
66 72 66611 163
66 90 55105 244
66 10 4331 55
66 8 7990 76
66 46 30398 282
66 22 16463 548
66 12 13577 125
66 72 35330 242
66 91 4320 477
66 79 45439 423
66 92 32316 1115
66 73 34476 55
66 89 24251 176
66 87 20804 126
66 19 9188 104
66 32 6726 64
66 46 23894 205
66 32 44880 840
66 22 20862 201
66 58 3534 218
66 51 6075 25
66 54 10202 556
66 38 7339 180
66 98 79242 71
66 42 40524 71
66 78 43739 143
66 38 28102 17
66 77 113609 283
66 97 37194 136
66 36 10207 30
66 19 20522 52
66 92 58844 154
66 9 27546 306
66 12 58169 142
66 13 12510 22
66 35 30973 236
66 56 31831 60
66 33 30476 469
66 99 2951 59
66 78 6075 878
66 62 26346 162
66 4 72923 1206
66 34 13998 32
66 38 6522 146
66 25 53068 71
66 18 80187 500
66 99 114361 416
66 59 34488 58
66 52 74557 135
66 84 95766 337
66 48 12353 70
66 99 23648 408
66 47 15286 76
66 39 44416 10
66 28 52919 157
66 33 5737 60
66 72 21543 116
66 32 8447 253
79 43 44047 66
58 63 10333 601
6 30 76121 675
98 23 26612 121
72 68 7326 290
97 7 5144 100
73 35 25469 272
78 94 23984 146
69 19 25843 70
20 72 33405 275
68 7 12224 323
20 96 50911 256
18 37 62370 177
3 39 59531 59
40 73 49175 893
54 80 4290 57
67 32 8855 127
24 100 105836 124
31 61 18025 58
33 70 15493 470
60 65 30580 52
31 87 28154 24
24 7 190537 683
18 24 5538 208
49 95 75522 110
93 99 24188 180
75 22 93960 32
39 28 10815 224
99 24 32882 126
19 66 15246 34
37 85 19995 131
81 99 57659 949
23 15 24505 59
100 93 6665 890
8 63 22595 134
4 74 6764 56
21 35 19141 103
90 84 17973 78
56 38 239370 994
81 74 53313 186
9 36 69103 238
59 25 56641 80
8 90 39278 122
32 12 20457 476
47 53 8828 213
98 82 34176 270
50 80 2593 95
20 6 1765 391
29 83 48573 150
83 10 46245 199
43 96 16161 311
57 18 6085 280
69 3 4740 168
44 81 23139 164
28 21 25191 818
5 91 20709 143
70 63 35023 80
80 50 44911 30
86 46 29477 586
9 74 6299 127
83 20 13950 98
39 31 6316 221
99 37 33738 201
98 32 38766 178
88 53 25425 180
88 80 53179 76
67 7 13908 268
23 20 91287 549
88 28 82317 180
52 41 48130 211
16 42 8505 134
36 20 152593 418
73 61 16320 168
72 54 15430 129
48 77 18323 165
33 35 58621 109
96 28 230799 198
1 51 35509 584
75 16 45014 160
64 21 60476 122
47 6 24028 232
85 97 15744 393
58 32 3831 69
52 40 14991 9
1 19 15313 794
92 95 19716 279
72 99 13610 218
55 57 56443 124
60 21 21238 28
61 11 178257 88
98 69 20812 329
74 53 44669 311
38 10 155948 137
33 46 16526 172
45 6 19305 180
96 10 39795 53
35 78 62198 113
36 90 47699 1266
84 29 27920 712
2 75 16488 254
97 35 12390 152
28 75 20846 48
60 32 73887 84
37 59 17761 690
40 98 40402 320
2 95 10059 594
23 9 7474 104
17 55 54454 1116
81 46 35352 148
94 38 17267 665
44 46 14191 45
69 91 109146 53
50 16 25192 51
3 100 27794 231
99 71 7821 293
4 40 97724 482
64 9 32912 348
27 18 41725 401
22 77 61457 47
87 14 9849 317
88 91 37429 296
38 94 9783 57
3 85 18936 608
25 35 8785 36
90 28 36888 72
78 3 2893 93
79 66 6693 513
58 50 59467 61
74 58 33480 81
63 65 14845 1444
61 40 11044 18
57 21 28602 442
63 48 123850 160
25 37 5573 328
10 30 30137 341
17 62 69239 1229
42 47 33163 317
72 21 17439 193
70 56 17136 46
3 55 18968 489
1 85 40480 105
33 64 20804 112
7 79 17455 212
84 65 66689 591
98 41 23379 881
71 67 11715 936
92 24 25261 38
77 60 3899 313
44 60 95327 337
80 62 171203 203
55 65 47138 60
59 39 12137 62
8 30 22153 673
58 12 88111 55
13 57 163081 196
62 33 21387 157
1 30 23625 82
65 92 2375 233
39 43 45215 717
22 29 4427 57
70 94 14023 67
49 85 44906 25
7 86 50321 80
22 42 14812 96
39 17 10206 277
90 11 18608 348
84 49 40324 325
22 96 15861 54
32 40 4991 311
6 45 58211 26
94 66 35892 241
10 62 40773 131
34 83 11064 129
97 49 84739 110
73 56 8432 167
24 95 25762 591
43 100 37804 429
71 69 27838 106
7 74 21593 328
50 67 13680 26
13 91 30980 686
24 99 12338 254
38 58 16418 147
12 7 15543 36
94 51 57334 101
10 46 5819 139
20 27 13332 90
34 42 12998 1420
90 64 13649 726
48 97 24564 66
1 42 149031 93
99 13 11288 27
94 30 62997 27
18 17 33546 754
66 15 34245 228
56 75 4372 324
50 10 36587 43
75 57 164419 205
35 22 20346 131
15 38 7144 53
66 1100
32 1318

29007505
