100 299 1 1
29 47 21428 434
29 82 31102 689
29 43 12666 9
29 80 12907 277
29 42 4048 48
29 86 27988 187
29 76 13450 217
29 72 9796 206
29 89 16672 45
29 36 22210 411
29 81 47282 91
29 10 49602 1058
29 12 5287 236
29 55 15650 113
29 92 8258 184
29 53 18201 259
29 46 115883 461
29 33 17787 108
29 5 8971 33
29 13 41930 132
29 41 11596 107
29 26 19111 38
29 3 50774 595
29 37 124598 40
29 6 50348 39
29 79 52566 162
29 57 5296 268
29 16 7390 232
29 70 17172 449
29 2 118972 163
29 62 15635 225
29 59 24825 84
29 21 7082 408
29 69 18760 163
29 75 13752 444
29 44 21296 45
29 8 32498 432
29 99 15747 263
29 23 6073 468
29 19 10162 17
29 4 70371 110
29 65 38300 30
29 30 43470 178
29 24 7346 195
29 74 58654 187
29 28 45678 53
29 95 9812 93
29 61 70259 151
29 100 10715 64
29 18 2552 60
29 83 13262 107
29 15 8229 79
29 27 33765 482
29 51 16590 343
29 49 16660 27
29 17 8765 95
29 9 87277 499
29 93 12309 142
29 91 2820 67
29 73 6190 105
29 68 16704 339
29 20 31522 29
29 52 7837 99
29 14 44273 699
29 90 82946 127
29 77 15134 18
29 64 12166 163
29 94 19576 46
29 38 47579 305
29 98 49932 109
29 25 12587 196
29 31 70522 263
29 7 10255 138
29 50 3648 341
29 78 40582 103
29 88 181946 55
29 40 13773 210
29 1 65431 95
29 63 11104 249
29 32 119904 112
29 85 68053 46
29 48 4850 476
29 22 45869 103
29 66 17981 159
29 87 27846 94
29 58 41137 128
29 45 24327 14
29 84 67886 154
29 11 19859 982
29 71 25546 79
29 56 50888 120
29 35 166066 683
29 60 45971 62
29 96 21929 64
29 54 130983 97
29 97 3150 673
29 39 15947 249
29 67 43331 71
29 34 24995 339
79 5 5282 327
53 60 26815 196
42 4 5774 245
60 91 58021 947
89 49 6545 37
23 33 11148 83
80 91 52200 58
57 69 31481 55
43 67 12079 208
72 99 54171 185
9 90 7186 135
46 29 89831 23
64 10 7014 45
92 50 39873 73
58 56 13924 253
19 86 80600 127
8 32 13017 7
44 95 13453 19
52 18 86806 115
60 14 20520 94
34 9 89521 192
89 37 10248 52
57 65 12619 54
79 56 52196 239
5 28 83173 1190
34 80 82107 153
48 72 3922 65
74 14 28102 605
69 47 26880 109
70 84 13562 178
56 20 10418 334
91 60 32964 63
32 96 24277 9
5 9 59594 209
57 19 33043 49
70 49 6622 138
16 90 10647 53
1 87 121718 2207
55 100 8756 157
58 36 41012 32
51 62 28364 219
100 93 38549 158
33 79 58594 36
56 5 10742 315
22 16 12479 108
54 86 15247 532
64 75 13358 41
95 47 41526 125
63 28 98071 2545
44 47 12199 170
37 65 5817 223
67 85 16563 52
53 63 32913 322
52 48 43689 206
96 91 2954 21
30 5 82902 219
35 1 14044 209
14 12 13954 65
84 39 21731 44
80 77 24699 224
25 57 7405 43
87 10 26517 160
42 86 280108 207
15 64 10367 58
92 24 11411 51
4 35 46674 85
44 58 14385 1019
22 78 28311 102
15 39 28874 224
56 50 37582 132
41 60 7174 447
96 89 119866 30
38 63 4456 426
93 31 14363 318
32 81 11062 230
86 23 9239 57
16 46 38636 30
90 60 67709 53
73 42 12730 174
89 77 114679 42
76 49 29658 177
89 18 38649 51
84 77 13222 31
51 70 3972 138
47 70 25144 72
97 84 46745 195
55 1 12880 47
60 5 28529 157
34 66 34631 69
97 61 30183 101
89 87 61394 72
69 52 26846 166
59 45 33442 2782
65 83 50331 317
61 91 18304 111
50 97 11810 1193
37 81 5373 92
32 80 65757 632
62 88 199203 123
68 69 41914 118
4 48 51590 377
44 80 35865 36
13 78 16191 46
6 99 54420 536
77 88 14591 177
59 83 64211 200
66 92 4091 66
85 70 17437 52
24 59 8862 657
58 53 30863 165
85 87 97322 137
96 83 23887 29
85 75 2839 84
30 10 49268 88
64 77 7219 200
21 33 14480 83
90 86 64874 9
59 69 14489 453
39 57 58922 30
35 48 51368 45
79 75 61557 484
60 23 22828 26
57 94 39399 143
79 47 14155 657
88 19 8630 1232
51 91 1873 104
80 100 48132 38
82 92 10068 898
6 67 8605 11
66 91 5479 207
67 92 35095 94
66 22 16775 141
88 74 13245 727
19 13 6017 181
58 79 85445 61
28 77 431184 75
70 24 43785 111
51 69 92521 199
15 89 24763 63
82 4 15657 82
21 4 42334 321
15 79 55405 90
53 2 859840 456
42 37 35087 425
52 100 9040 90
51 88 23149 47
21 49 24598 37
78 27 17176 487
68 73 19525 40
21 5 39133 18
78 92 39932 134
56 11 19569 65
91 18 11013 181
7 91 10624 176
25 29 14105 39
44 19 64267 485
9 5 52901 31
96 20 9587 16
21 98 112174 103
52 33 15699 55
87 8 11779 62
12 98 9807 23
33 82 7356 68
100 91 8507 111
10 52 187875 401
100 50 37083 1359
31 48 13286 79
18 98 54665 107
36 85 6466 440
69 23 30723 36
83 26 149535 246
19 5 23451 447
72 43 16534 60
50 77 48889 63
2 47 23071 119
54 16 4346 72
63 47 11168 228
58 37 4352 257
69 64 46954 331
98 27 8536 481
56 60 142085 94
60 69 72992 36
82 88 28796 682
95 87 27371 186
52 10 9489 82
97 68 7601 83
79 91 12081 19
83 65 24351 116
39 60 15508 388
97 73 1725 1400
100 17 19173 37
26 44 18387 121
70 99 37269 174
41 35 4305 13
11 23 4751 344
70 92 105836 268
27 63 113862 782
65 57 47357 106
28 85 27624 552
1 25 12781 154
29 4356
91 561

10676357
