100 299 1 1
30 43 7805 151
30 56 12482 121
30 22 31837 426
30 76 32414 98
30 52 57333 30
30 3 38202 225
30 40 66472 109
30 12 12769 142
30 100 10132 117
30 28 20776 60
30 29 123317 384
30 25 11727 426
30 93 8605 519
30 14 46334 40
30 59 9987 241
30 92 5137 207
30 80 62066 695
30 68 3761 96
30 46 8086 210
30 70 15135 202
30 96 16958 295
30 72 97174 58
30 45 3529 169
30 73 12027 337
30 35 21296 96
30 48 78617 84
30 82 33421 53
30 11 70280 67
30 84 41115 87
30 27 21913 716
30 62 11906 303
30 78 19652 906
30 19 26869 4609
30 20 56987 36
30 79 34345 131
30 83 2450 546
30 42 27623 303
30 86 50232 339
30 87 12993 238
30 17 12489 51
30 91 12937 75
30 95 82902 134
30 77 13712 86
30 33 10188 128
30 37 45775 534
30 21 6685 111
30 61 12763 1865
30 64 67901 366
30 51 22315 89
30 47 131630 385
30 31 90439 69
30 6 9406 538
30 60 36560 283
30 16 22237 38
30 50 22992 164
30 81 8250 216
30 99 145597 212
30 90 40716 59
30 32 14881 270
30 18 110419 183
30 63 62424 131
30 2 7093 88
30 58 23397 80
30 8 72416 547
30 23 90663 67
30 89 23299 154
30 13 117930 184
30 88 43224 54
30 71 7378 177
30 15 1723 132
30 34 15496 548
30 4 61041 74
30 1 31966 190
30 54 8148 86
30 9 68129 15
30 49 47095 289
30 24 48785 304
30 10 84182 105
30 26 21731 88
30 98 11919 248
30 53 150025 177
30 7 13076 143
30 55 49297 353
30 85 77231 116
30 66 20203 57
30 67 11212 596
30 74 11136 62
30 44 16716 1045
30 69 33274 149
30 38 22689 1061
30 39 11454 157
30 36 7923 506
30 97 1768 600
30 75 122245 20
30 65 58113 210
30 94 20258 117
30 5 9139 115
30 57 10786 887
30 41 18151 66
25 55 62564 50
53 8 32334 119
67 14 2999 105
53 21 4060 137
19 47 66766 290
97 30 10026 119
90 12 3592 220
24 84 8091 38
43 67 53231 96
80 29 10305 52
43 88 76706 59
25 24 13827 327
41 30 25488 142
63 59 6218 152
95 88 107485 192
37 95 29221 29
68 8 14983 71
76 35 18140 23
70 54 8628 314
69 71 47456 231
4 62 62528 120
63 9 12271 59
67 34 49191 294
87 43 39020 57
94 48 6547 158
63 60 22700 130
50 87 19936 167
62 89 28580 134
43 76 26088 11
5 3 33674 77
7 57 26084 42
29 1 64682 43
89 8 76661 298
62 1 5468 57
66 95 30774 80
28 68 56176 47
52 35 14503 439
64 75 16466 259
61 28 20636 88
59 49 20727 239
72 58 41989 48
15 98 36435 178
98 43 26863 57
93 32 21594 201
47 71 35065 322
42 7 7234 125
66 89 7234 44
47 1 50631 369
96 21 7110 204
42 37 3869 34
29 100 17718 225
52 39 6720 202
69 36 10951 473
7 88 121404 1120
44 48 3425 21
2 14 36406 134
71 28 3566 23
19 23 10199 1120
7 60 13876 16
42 11 37145 184
44 20 7506 222
56 39 14980 128
60 5 92826 255
56 60 37480 214
23 32 11862 293
36 77 41336 213
3 42 26259 46
60 62 30380 209
16 25 15871 37
49 65 21377 249
74 41 21475 135
36 39 27557 329
79 43 28593 676
78 79 18101 289
76 65 36665 70
84 47 57077 696
98 25 78016 115
72 43 8603 307
71 24 16861 95
34 5 39427 24
28 53 21429 483
34 51 9402 39
69 70 21486 754
43 65 8024 169
89 19 2754 259
63 87 35446 22
42 19 58075 209
18 100 10712 156
54 8 64847 127
51 75 2614 330
90 50 105375 371
88 23 9291 899
38 73 591338 42
53 90 19386 105
67 28 5362 462
43 24 83866 206
56 55 13655 614
87 61 18924 632
85 58 13273 24
16 68 34023 15
64 38 7211 135
87 45 7128 112
84 51 8085 72
55 40 31126 31
11 35 6185 205
28 65 141977 382
58 97 12668 77
95 100 128882 314
89 66 25063 593
59 15 13742 497
76 97 148347 315
65 64 31672 628
72 25 21034 272
73 92 12617 69
72 61 8314 222
98 16 64072 93
59 100 10874 599
100 33 27122 232
12 20 38139 36
97 19 63352 194
92 6 8642 58
66 91 37732 52
66 76 18122 279
85 36 7732 169
81 34 42016 90
88 13 16241 156
26 47 47359 236
37 23 28001 31
91 48 51582 189
58 40 4160 206
48 70 1257 151
36 42 31850 22
55 23 20672 464
2 95 19182 134
93 26 48023 237
80 68 61406 239
75 46 38191 180
88 71 12949 778
81 74 62813 436
12 28 66426 96
49 3 14378 83
40 46 7192 33
51 48 45263 360
87 57 45399 329
70 17 3123 117
8 85 60116 522
79 20 51814 265
15 33 80914 45
90 65 23561 41
35 77 91906 784
69 55 24168 483
47 3 6748 78
7 3 2481 566
61 49 4785 32
26 20 67899 201
61 90 479179 140
63 96 18001 160
55 46 39209 48
39 18 8291 673
64 58 8358 61
41 3 144839 95
99 24 29101 325
99 61 48094 675
79 25 54021 204
82 33 22448 77
9 23 5389 385
54 79 7642 469
75 47 25979 461
84 71 78420 319
88 98 30936 327
89 24 67272 106
7 22 113182 19
81 93 26094 283
93 68 21677 97
19 51 93112 122
99 38 56794 109
33 89 12773 177
63 52 3175 185
74 24 2845 230
57 62 14802 253
61 32 7952 44
5 90 10136 102
88 86 31198 141
70 81 5710 18
47 95 18352 355
65 22 10336 142
57 32 31897 36
18 7 9524 37
51 37 80796 124
21 87 4544 109
29 54 31223 141
43 35 54841 575
42 81 7352 77
78 98 15476 187
48 9 18954 96
53 59 25671 212
65 74 36368 45
48 63 76415 39
4 23 69989 34
7 94 49567 121
30 2376
24 722

23136515
