100 299 1 1
34 74 16441 238
34 2 199414 532
34 13 99968 397
34 56 89773 163
34 11 38241 33
34 22 53093 226
34 49 71922 332
34 81 7971 73
34 54 9258 377
34 19 34996 334
34 45 11941 262
34 95 30762 133
34 23 18164 55
34 92 25897 11
34 1 145661 423
34 73 68633 82
34 83 43051 207
34 98 49693 341
34 36 28658 712
34 63 13343 37
34 12 28502 96
34 96 9460 283
34 25 45334 212
34 90 123267 838
34 14 23933 55
34 93 7271 211
34 8 135137 53
34 58 6179 53
34 91 43427 81
34 62 22753 59
34 39 102243 133
34 3 41767 92
34 89 123001 1601
34 44 13947 155
34 52 8254 40
34 100 36591 80
34 35 26007 401
34 7 25886 101
34 38 5766 116
34 80 132196 415
34 79 23180 589
34 27 6516 345
34 24 168014 588
34 37 18614 775
34 64 5280 2679
34 32 43531 38
34 20 71785 208
34 57 9765 369
34 41 121494 221
34 99 5269 75
34 42 32103 53
34 33 13927 60
34 78 15661 67
34 94 31357 176
34 31 31289 104
34 75 15827 614
34 4 6407 63
34 82 11252 1074
34 47 24933 26
34 84 2706 87
34 46 136920 110
34 61 80258 99
34 97 7309 874
34 69 59588 505
34 29 15319 156
34 5 19527 45
34 10 7257 33
34 60 71254 323
34 67 301754 140
34 68 44119 339
34 50 19679 235
34 30 24054 381
34 85 57860 87
34 51 7534 108
34 40 51737 177
34 70 18178 231
34 72 33031 266
34 87 23461 421
34 48 15706 238
34 86 7700 164
34 43 11721 1466
34 9 26713 49
34 55 35145 168
34 28 68937 133
34 18 19086 948
34 88 59168 341
34 21 6864 328
34 6 237906 141
34 15 76708 205
34 26 49112 42
34 76 10610 90
34 16 14985 16
34 53 10460 264
34 77 10347 53
34 17 7735 76
34 66 8973 60
34 65 11596 271
34 59 13913 35
34 71 3755 122
10 34 40716 99
89 10 60416 374
64 59 24105 382
90 74 33541 57
27 4 19976 233
24 89 31284 189
89 23 9724 71
8 73 10539 41
79 64 13031 169
6 44 27992 38
99 67 27999 204
24 73 21491 564
6 26 5533 203
53 82 6624 102
31 73 125311 50
52 85 9229 81
80 16 20065 139
37 100 16660 39
84 81 26956 115
58 17 14013 152
86 26 39796 198
17 44 3462 444
63 30 254400 532
45 21 38953 332
89 68 1835 33
86 4 63894 124
7 2 24088 77
89 61 17398 61
11 61 50200 112
79 68 180722 500
76 69 7200 100
57 55 22994 102
100 99 40083 40
13 90 28464 161
28 73 28342 324
35 61 26598 427
58 96 109356 150
93 67 9532 143
90 22 35481 116
55 59 24465 168
70 38 14301 48
85 45 19862 174
56 93 5748 162
42 50 15858 77
86 60 19156 63
69 23 88154 1301
52 27 6429 247
72 64 2838 122
73 8 11606 61
53 47 6715 475
29 91 38133 82
4 67 13834 59
1 10 56695 667
1 86 42498 2178
65 62 17575 302
49 81 5531 131
32 42 62037 214
22 30 33293 1188
21 15 30581 234
30 79 60760 99
38 58 27906 737
79 29 3553 109
3 60 55214 124
31 7 14384 26
22 28 46499 298
58 33 19093 72
52 12 21932 356
54 2 14256 164
1 57 5574 108
60 78 17144 766
6 32 16704 52
43 49 51967 17
75 68 172072 30
6 16 16840 128
55 30 15024 33
54 82 65207 120
78 18 24718 149
76 63 134878 388
91 99 39983 43
51 7 53085 283
37 53 11879 73
86 83 4567 780
28 75 16847 251
81 59 15669 32
60 88 107179 123
92 100 125619 123
3 34 20236 201
45 10 9450 63
86 57 22338 641
88 58 34488 1471
57 83 6726 45
14 34 32705 161
83 44 18131 65
77 89 14276 107
61 70 17243 90
87 35 62800 952
32 47 46176 553
13 16 62411 377
37 21 7781 561
12 43 15673 139
43 1 9522 381
69 4 90690 344
91 98 9790 403
25 37 22177 79
94 29 3698 95
73 68 44608 476
44 72 31168 154
14 95 16110 50
71 82 35335 62
97 5 40677 54
77 14 50515 518
39 52 4013 85
55 1 8954 126
6 60 62257 135
90 11 13395 140
30 5 1892 216
8 54 5289 115
36 97 22046 282
29 65 12452 71
23 12 16905 24
44 59 6525 111
23 36 80638 296
100 95 6410 232
99 52 28713 50
99 90 21009 194
75 83 7244 147
84 27 16182 8
70 52 47507 20
36 7 28884 116
92 28 21939 339
95 73 6995 60
54 83 14806 78
7 60 14156 120
65 60 15131 37
5 89 20828 88
100 2 20551 298
99 38 5620 65
12 36 60735 108
60 52 3655 1154
21 91 34348 356
3 72 12286 124
54 31 7677 47
94 20 37143 711
85 23 6950 953
46 91 6978 1094
26 93 3205 94
54 41 15687 319
79 78 25215 525
2 7 55609 920
44 5 105749 19
47 95 10189 282
35 67 7549 69
81 55 20366 820
32 58 11319 799
92 15 59186 644
37 28 40071 283
20 42 31465 505
79 45 2432 315
44 82 32477 43
56 43 7779 106
75 28 18445 100
22 1 5480 163
50 72 22675 70
7 81 18232 49
59 95 24912 104
52 60 4099 65
59 74 17270 818
49 68 5838 39
6 77 69508 70
93 98 61168 253
94 57 9404 139
3 97 12561 114
23 14 16955 288
8 25 38907 51
17 91 22209 143
71 100 53103 371
41 8 463092 78
74 10 25613 214
99 64 22644 150
95 23 8572 105
44 50 6544 401
27 89 11628 954
64 22 66176 136
78 27 16807 413
50 48 30916 54
67 95 2238 30
89 91 16584 211
51 38 9426 244
30 16 19061 209
8 31 24327 29
5 2 36721 392
47 4 59821 196
49 59 3199 225
53 73 23254 38
23 18 10748 187
5 70 49323 23
5 40 18383 145
9 45 334337 52
62 12 4626 187
31 15 19281 146
34 198
73 46

1320504
