100 299 1 1
6 93 25889 11
6 89 19734 46
6 56 35224 19
6 20 9949 126
6 78 9873 44
6 11 5474 99
6 68 10503 97
6 27 70916 134
6 35 67996 45
6 28 99452 108
6 31 5877 499
6 98 37019 1680
6 54 27564 324
6 66 7425 68
6 40 86082 128
6 57 88374 86
6 44 5770 295
6 51 36301 134
6 42 26903 77
6 96 11060 825
6 52 24962 327
6 95 12535 541
6 84 98999 325
6 50 13839 33
6 73 39716 123
6 88 26036 454
6 62 112164 35
6 60 42917 425
6 71 36156 74
6 36 45390 66
6 8 21344 128
6 3 49892 252
6 75 22753 263
6 47 15402 48
6 43 8381 239
6 12 19039 163
6 92 16220 179
6 15 27093 122
6 46 74621 206
6 2 51672 67
6 41 7388 33
6 79 39058 73
6 45 32284 40
6 24 39914 500
6 76 13146 98
6 26 23124 738
6 17 57591 75
6 82 30867 65
6 55 10326 117
6 87 211450 365
6 74 15161 61
6 85 128862 589
6 65 160025 32
6 32 11952 18
6 5 8090 51
6 9 9990 88
6 22 3880 127
6 10 13059 118
6 48 13188 89
6 81 8473 70
6 33 13155 147
6 67 8104 293
6 34 126611 89
6 4 32328 151
6 61 6500 343
6 25 15667 67
6 94 8566 81
6 59 18138 413
6 100 43928 444
6 38 28342 93
6 30 23384 202
6 7 27000 885
6 29 26660 60
6 53 5735 101
6 97 13265 249
6 21 13469 561
6 37 33636 202
6 77 30651 104
6 1 8028 679
6 39 134336 372
6 14 50868 122
6 90 8924 240
6 69 1540 122
6 58 24355 391
6 99 27037 110
6 13 121222 717
6 19 69958 230
6 23 21278 155
6 64 67697 257
6 18 27399 104
6 16 26683 393
6 72 28175 93
6 63 4663 739
6 49 50588 47
6 80 33335 29
6 86 34247 103
6 83 12255 100
6 91 30316 16
6 70 71356 212
35 74 15622 78
87 47 16457 44
84 14 10364 108
52 15 1694 301
15 31 47260 204
10 87 12660 173
2 17 48762 17
30 14 8723 609
38 53 4352 111
51 65 48110 221
16 18 24710 143
84 60 15040 39
18 61 79799 494
10 20 4057 1151
39 29 21231 658
19 82 21138 115
90 75 9144 939
61 39 13643 250
44 51 4151 52
17 4 11727 357
46 33 15796 114
95 86 50441 2645
33 78 56066 74
27 58 50067 170
50 14 6785 137
12 68 126536 225
83 10 44348 266
22 75 24368 54
86 6 18583 408
43 8 12560 41
70 8 26377 89
19 54 10190 120
53 91 12398 816
85 100 6173 33
43 9 36677 58
1 5 42928 791
15 65 155478 36
98 32 65063 225
70 38 3790 33
3 25 53400 204
35 98 8571 200
100 1 48177 77
16 60 6034 571
98 47 14795 128
81 10 11393 221
84 7 63291 23
8 20 4521 74
72 41 15016 356
21 73 6975 183
87 49 23618 274
93 57 44190 218
30 70 153150 612
13 18 17817 30
84 23 105081 273
66 22 2653 24
22 46 15566 210
90 41 14416 140
46 45 4289 156
9 72 35079 90
93 81 14245 1273
41 16 9206 130
30 72 20841 349
69 15 16572 263
15 73 20223 149
83 55 16180 315
47 89 6957 195
87 66 10091 133
61 42 17710 138
64 17 39864 17
12 86 105935 184
52 6 54146 204
76 3 11206 69
32 28 134871 84
23 42 23155 284
60 19 13379 79
1 100 19341 412
68 61 8724 158
73 66 88685 72
99 6 68984 287
23 10 15387 104
31 79 34124 36
37 95 23445 18
22 77 19654 362
59 30 43461 84
76 64 44794 108
47 94 58412 56
9 77 91979 272
88 92 87128 37
20 83 12816 102
7 52 13358 181
85 48 10273 126
70 12 26307 272
99 58 68946 343
19 37 41107 77
69 77 10283 259
57 44 13756 74
41 44 49160 157
47 85 8011 247
29 16 20559 257
50 18 191425 81
8 81 43378 217
37 54 10821 30
34 60 19807 286
74 66 14598 1662
44 2 113994 86
66 54 5628 614
63 36 9779 258
81 57 14496 732
91 64 27242 74
98 65 12901 280
79 81 11067 81
57 96 27567 93
95 28 20989 55
77 81 26478 85
42 62 31947 190
100 59 1883 235
97 87 103038 102
23 89 18446 135
79 6 19430 911
83 35 69216 76
56 4 61312 325
75 7 11279 78
35 97 44981 431
27 32 8692 180
10 59 15828 55
13 67 18786 19
56 57 9627 67
11 37 98272 98
43 98 19526 163
24 12 35553 437
90 46 134081 22
25 8 92977 59
98 81 14230 75
60 36 46626 69
41 25 6693 126
5 87 32174 402
8 52 37082 236
39 53 37436 96
59 91 67184 208
67 63 6150 54
83 45 42631 296
69 4 32406 43
13 66 36694 213
39 49 29076 802
11 34 88557 305
80 85 24831 510
18 96 3219 190
25 31 22943 208
35 82 10879 61
20 33 33284 44
61 89 25007 17
12 56 52878 32
26 60 80387 152
44 5 6612 166
53 59 12218 71
64 48 12543 131
45 9 27956 71
78 29 33897 18
53 69 10560 142
61 5 4045 446
41 90 10074 847
20 50 16200 584
72 93 22217 145
58 32 12249 34
52 82 37126 549
34 78 16159 319
64 49 1991 99
13 4 14452 40
27 89 31765 67
98 46 27743 252
9 97 19283 323
7 39 24145 41
96 11 8760 146
64 56 16136 353
21 13 21530 213
2 23 87108 61
38 70 27941 110
92 97 58744 104
46 65 4780 78
94 19 70839 32
78 4 8641 207
9 36 46317 339
31 68 3043 58
89 9 17831 102
36 71 34390 74
41 80 69366 186
51 91 29280 507
87 86 41904 133
94 15 985 84
63 45 11554 57
41 81 95048 22
36 5 28474 54
59 57 19326 82
86 50 27573 284
14 100 21533 230
32 57 24965 83
21 93 6960 76
11 43 73142 76
8 18 16386 179
17 92 42706 76
6 1485
81 571

25325815
