100 299 1 1
79 4 6662 154
79 14 12854 18
79 16 26879 559
79 81 12446 38
79 54 88968 312
79 12 11244 103
79 89 37921 60
79 77 74803 187
79 33 41366 153
79 63 6669 134
79 90 16496 127
79 92 27053 174
79 13 16713 495
79 17 12953 812
79 23 63445 510
79 10 36155 314
79 32 83108 97
79 6 13233 92
79 39 18355 208
79 95 16983 592
79 19 21889 69
79 83 14383 590
79 87 3010 36
79 3 13795 239
79 82 9387 29
79 42 32291 44
79 15 18909 132
79 66 1654 108
79 26 19909 159
79 27 7569 173
79 8 8877 173
79 44 45843 535
79 64 18540 85
79 57 70735 151
79 86 6420 110
79 28 31319 176
79 65 78792 1241
79 58 57327 347
79 34 12647 286
79 75 21196 1712
79 69 152297 52
79 96 21711 6
79 25 24684 159
79 18 9665 85
79 52 15397 121
79 36 40049 173
79 74 8665 100
79 94 7809 278
79 60 22180 40
79 91 2709 179
79 88 36851 1000
79 67 13426 78
79 62 3341 144
79 49 131886 105
79 73 6340 590
79 55 26758 394
79 93 8411 73
79 48 144468 3723
79 37 33172 329
79 31 11326 85
79 97 44728 52
79 40 11576 275
79 72 13528 71
79 9 10727 487
79 84 10310 747
79 85 10334 154
79 5 27760 231
79 22 6851 168
79 100 2340 89
79 80 69312 153
79 41 11157 138
79 45 57025 330
79 70 18136 32
79 56 73845 147
79 24 31812 401
79 11 68936 67
79 29 27162 179
79 68 34752 120
79 7 3919 344
79 1 126876 39
79 30 47695 48
79 61 34957 395
79 43 7610 33
79 99 10965 400
79 46 3926 226
79 38 36399 588
79 2 3149 493
79 50 6408 492
79 78 21140 5
79 71 19179 47
79 59 112444 184
79 76 13492 109
79 35 49581 82
79 98 12219 73
79 47 80374 371
79 21 17539 49
79 53 6960 427
79 51 25356 55
79 20 72679 254
100 2 4993 85
7 74 82205 75
99 71 1763 308
2 71 55169 405
85 34 46589 289
56 83 10492 1469
38 78 24803 565
98 83 40257 156
73 21 6757 76
70 2 62083 84
2 18 30564 81
26 28 279958 1731
49 54 10159 228
13 34 16624 94
69 44 36197 114
46 68 28147 68
48 33 53557 289
43 18 8355 45
31 11 41459 151
6 16 133323 52
18 56 7320 281
48 86 6590 191
41 30 49700 95
22 38 12611 77
38 55 112231 210
35 2 50033 131
18 8 123649 85
51 43 14286 83
1 56 14142 526
46 9 148253 358
32 69 25207 238
35 44 20337 49
53 91 15773 189
1 100 54779 133
76 22 39698 376
28 82 68447 140
11 80 55724 49
55 100 9521 345
98 44 7465 138
21 58 19939 257
91 29 33490 187
24 21 27182 25
48 44 12105 766
36 69 8699 56
96 33 5847 35
70 59 25254 39
63 20 58647 69
28 64 57371 406
50 72 29344 301
65 6 19216 335
42 22 50057 36
64 60 9321 164
36 55 10331 627
30 14 27267 156
60 1 4542 529
94 78 36563 727
98 10 42204 212
36 56 23288 90
82 62 15888 175
53 25 9557 96
57 10 12390 251
97 64 13472 346
15 66 46121 365
71 81 6290 256
71 84 20735 79
43 88 75371 205
22 54 3315 34
2 10 87135 35
87 19 23153 93
1 79 22263 140
49 17 144176 15
96 49 3472 487
92 88 40362 539
56 47 7490 301
60 61 3063 49
91 2 230999 66
69 33 12830 47
18 45 6631 288
13 79 1743 80
63 21 21595 283
16 67 88836 63
74 37 63473 116
100 32 20938 326
73 54 45412 477
99 81 35229 161
22 89 19684 41
9 84 16510 152
73 33 6158 96
99 31 26951 173
45 29 20113 64
64 49 10962 153
47 38 14351 181
3 2 51246 48
60 21 152094 28
97 82 21051 123
31 17 8709 57
55 11 147839 292
96 62 18321 229
15 55 65875 106
64 35 38569 275
18 26 4216 88
73 95 27974 812
54 26 61632 1070
55 6 10145 163
69 95 23236 188
55 60 5451 37
59 60 22041 82
38 51 6811 45
54 38 191744 77
89 92 22883 56
76 71 16130 444
74 35 10504 59
34 80 8239 206
64 34 30958 207
92 67 40830 300
29 77 15817 210
77 10 4473 143
15 61 31912 231
76 72 13014 42
76 81 5803 220
11 41 94453 259
61 30 13578 1659
5 83 28498 21
49 29 77106 655
33 26 45897 204
47 66 5378 95
29 96 95963 108
95 72 23911 108
2 86 38178 301
93 52 61830 114
19 69 24903 206
31 65 27998 539
30 23 9500 165
85 27 12307 472
19 90 92951 105
45 12 27376 257
21 3 54675 125
40 35 21271 23
13 78 46331 240
52 66 1588 28
99 72 63004 92
81 37 80776 58
1 70 16342 373
77 58 5702 163
20 15 27747 213
34 97 11520 263
58 22 205058 75
62 43 58310 191
48 60 55027 292
47 83 27105 17
68 12 80914 354
98 34 69883 985
39 37 53471 976
55 46 14056 76
32 85 17684 202
77 33 38459 69
29 22 17854 83
89 87 15213 91
22 98 32999 163
71 62 31212 18
84 61 14337 145
31 80 28970 71
24 57 9491 125
41 43 7898 44
30 79 20800 621
20 91 80354 360
24 85 21180 101
43 81 53368 733
82 95 12745 182
17 71 28244 60
77 100 15300 131
64 54 19510 322
45 64 25597 252
60 98 116290 78
80 64 4104 151
81 16 2883 317
37 14 14009 198
37 72 5589 142
84 19 6323 129
97 78 77613 287
31 42 8871 78
42 49 69679 45
85 21 35648 84
32 51 68106 71
98 7 55445 119
64 43 31298 415
40 34 87867 104
16 45 4983 301
2 97 31737 433
37 32 17828 327
40 89 159211 398
1 14 54576 91
53 14 64672 22
63 100 21774 65
55 1 7111 122
71 74 41452 53
5 88 48616 164
12 42 31213 224
7 24 69747 148
87 43 8733 193
79 792
72 219

5863452
