100 299 1 1
79 66 61394 300
79 83 19303 257
79 83 7170 70
79 19 9836 141
79 89 50547 180
79 88 9586 57
79 91 6632 154
79 44 5984 215
79 60 22313 23
79 27 17039 154
79 14 55988 27
79 28 67659 54
79 92 9812 32
79 24 63198 38
79 19 6252 186
79 92 7636 388
79 13 36371 179
79 58 26624 462
79 29 9063 30
79 87 12327 294
79 100 87076 109
79 82 48797 640
79 78 19677 599
79 40 11753 371
79 50 10190 48
79 47 53609 61
79 27 15060 266
79 65 76133 61
79 18 3067 57
79 100 15151 79
79 96 17524 48
79 23 28955 86
79 30 15872 24
79 26 36628 295
79 30 41386 149
79 83 35126 147
79 44 15674 214
79 70 75320 114
79 30 14858 64
79 52 8717 342
79 44 12125 263
79 34 213715 202
79 37 10665 317
79 5 39326 3129
79 3 26050 164
79 50 59819 49
79 3 8855 926
79 21 30622 126
79 7 7834 240
79 54 35019 65
79 45 11680 116
79 64 24887 781
79 25 171306 220
79 9 52439 856
79 87 53966 65
79 48 95204 81
79 67 34090 92
79 98 40550 151
79 49 43830 129
79 96 18193 154
79 8 16337 200
79 31 4103 222
79 51 57079 1204
79 71 10546 398
79 41 4537 277
79 18 17679 439
79 8 13457 251
79 67 17843 177
79 49 45152 297
79 81 3577 108
79 2 11146 66
79 6 28761 531
79 70 73827 29
79 69 1435 68
79 86 54627 219
79 9 466956 222
79 12 34281 62
79 1 14836 183
79 18 32496 20
79 63 11912 142
79 12 39518 24
79 61 6480 126
79 73 6484 59
79 91 172854 43
79 77 8927 349
79 49 58041 31
79 4 67346 68
79 25 3084 94
79 22 3789 190
79 54 11888 136
79 31 20353 28
79 36 18827 637
79 58 41019 196
79 88 17386 215
79 100 7215 180
79 81 36356 193
79 69 21603 447
79 35 16668 40
79 19 8562 132
17 81 3016 155
1 48 60166 82
96 70 4778 166
73 53 26461 1376
67 88 33144 51
36 52 2234 91
66 7 30264 178
19 28 198740 173
64 55 4918 69
28 39 56508 186
44 86 5673 184
55 10 46394 805
17 2 18522 149
31 69 59500 63
75 100 11113 21
73 36 8265 781
36 95 17304 1532
1 34 105586 238
35 70 54688 88
73 47 14508 63
92 20 2127 97
51 29 47945 478
9 99 134819 56
45 54 6004 69
39 27 21338 562
31 95 37148 242
21 33 8207 243
4 18 11832 82
13 1 17726 98
76 25 8799 91
75 24 28391 205
18 38 190379 88
44 97 18597 102
54 31 4439 196
52 34 209311 164
77 81 5076 614
25 50 31402 131
2 35 27510 99
98 73 37716 146
99 57 64575 357
60 42 1589 54
83 6 29292 240
64 81 28446 975
66 31 69756 45
97 89 13067 65
20 99 8122 100
45 59 36474 262
2 72 54986 241
18 82 3706 136
54 4 67333 372
44 58 4980 367
94 44 19697 738
46 2 26242 287
80 92 33094 74
22 70 41798 93
29 30 18040 214
99 12 19983 31
25 9 17715 25
89 31 19869 223
28 23 5261 373
77 60 21168 77
45 51 10957 158
14 89 17399 195
10 56 14494 253
59 34 13358 34
1 61 11237 190
63 1 21049 73
15 64 27827 405
55 36 5500 96
6 72 26461 30
24 32 12559 172
93 69 7520 72
37 78 61541 118
5 51 23918 61
72 4 75324 136
81 12 46047 292
88 3 21872 212
17 1 8534 364
32 49 85201 119
52 92 43848 74
23 21 17718 159
14 87 59380 78
44 47 25435 317
10 46 7279 336
65 1 43526 211
19 81 242361 70
27 29 50519 289
36 29 30589 175
61 80 9970 123
41 73 41460 62
93 59 23208 262
34 19 9935 615
90 15 19598 499
87 5 5906 557
2 4 31959 623
15 92 20180 29
79 59 156302 24
44 92 5585 239
90 73 13058 214
66 30 17338 451
24 78 14841 99
3 71 205025 636
94 68 36763 31
97 1 36156 51
87 36 256360 51
50 68 7744 186
86 42 21865 541
23 68 189281 63
37 97 30970 57
82 20 12059 140
26 86 10759 117
88 23 11154 401
6 52 6110 40
72 40 196360 150
39 4 24259 169
24 42 46331 219
58 20 18320 54
39 44 73178 195
62 81 10746 36
98 49 6030 143
50 19 3244 281
57 12 11276 10
13 15 1390 142
33 3 23700 109
50 24 11144 815
35 36 10972 149
2 6 11877 244
18 49 13076 261
45 74 8944 138
9 39 94612 73
17 90 6775 390
13 59 17191 1178
72 92 9110 360
37 29 52779 460
43 21 3520 113
42 80 90538 27
72 56 25208 252
60 15 134418 46
85 57 27932 72
52 64 59631 458
24 44 39479 465
83 36 54206 129
35 42 22998 366
98 70 41813 164
14 68 6654 120
83 93 23094 111
77 37 41360 46
67 49 92597 212
75 3 3907 407
4 86 6882 471
25 15 52586 851
43 12 64745 149
54 82 40446 333
56 59 18849 67
48 51 4979 165
13 92 12790 199
89 52 6576 558
17 73 11253 437
56 64 55885 938
21 53 7502 178
32 21 17676 1753
5 10 13791 93
69 15 50240 393
97 99 37377 24
9 2 23176 401
68 17 38225 496
7 20 9142 216
71 29 193665 63
60 70 27283 339
73 88 9907 373
98 89 10794 935
50 74 13607 196
80 100 29128 662
21 78 13048 282
99 32 9661 109
44 57 33661 58
88 74 18734 197
65 91 4602 232
94 76 29675 141
43 29 94254 71
86 18 12277 51
57 52 19215 396
9 76 26779 177
71 42 10731 28
51 45 7630 46
98 61 22491 239
81 67 6306 54
28 89 45731 380
58 50 4623 564
24 47 21575 174
81 100 6765 149
86 100 23707 104
42 60 42812 293
70 87 10083 201
25 56 24730 94
84 63 58590 130
20 9 12226 84
46 15 11136 33
17 55 23778 124
22 37 15180 74
79 1000
92 1479

23365328
