100 299 1 1
26 56 9606 381
26 67 15830 168
26 67 18769 171
26 13 13933 267
26 83 96977 413
26 70 25317 88
26 64 5179 48
26 5 29091 230
26 28 172938 174
26 85 260179 248
26 97 9406 92
26 68 63433 52
26 9 85989 133
26 54 32159 129
26 20 26138 124
26 75 27615 387
26 67 31303 144
26 12 23493 105
26 63 9537 24
26 12 27816 126
26 31 11459 584
26 3 13845 51
26 12 53494 185
26 64 268865 313
26 83 38726 89
26 19 38654 102
26 94 148120 152
26 34 10576 11
26 32 109122 115
26 2 15857 376
26 2 16536 923
26 60 4217 243
26 24 5616 55
26 45 2530 241
26 28 11527 150
26 11 19689 252
26 22 9733 74
26 89 27298 90
26 19 25126 130
26 94 9798 146
26 33 22919 177
26 22 6731 222
26 54 8615 433
26 50 10861 88
26 67 50418 85
26 18 14425 373
26 22 125199 444
26 80 13363 282
26 81 57159 89
26 42 36471 391
26 62 30387 69
26 91 7805 118
26 54 6655 53
26 17 42551 104
26 61 11200 92
26 83 32286 116
26 32 9832 161
26 14 33520 23
26 90 34475 206
26 75 11445 150
26 56 29020 130
26 6 53712 479
26 64 11311 74
26 37 15818 1235
26 43 38526 482
26 72 13502 134
26 29 28933 182
26 39 2192 81
26 65 19013 436
26 34 43841 593
26 85 37585 103
26 57 54335 276
26 37 19825 313
26 15 4779 106
26 46 26004 101
26 29 2418 852
26 16 11289 849
26 82 1721 149
26 98 8247 389
26 29 65276 122
26 36 13848 208
26 14 6450 99
26 57 22497 318
26 73 2301 114
26 67 2344 194
26 69 38243 179
26 94 4607 220
26 33 20369 305
26 51 4644 94
26 35 18333 414
26 27 12816 137
26 31 26220 50
26 91 62650 656
26 40 6098 634
26 79 171076 984
26 56 69502 219
26 36 36502 132
26 94 27685 599
26 21 41237 37
52 28 345489 168
49 99 9207 190
60 28 90017 365
9 33 23225 77
61 83 15046 163
86 61 35136 942
67 84 47872 327
73 18 5619 389
40 96 36553 270
43 46 48256 92
26 10 58474 259
78 74 17198 262
32 77 37232 164
79 11 26203 791
14 57 18431 131
59 38 35072 108
49 61 28529 247
97 78 3815 265
6 82 3578 33
83 3 23851 279
83 4 34418 67
38 59 68568 85
32 49 88621 64
87 39 67587 474
22 60 5388 27
12 60 25095 168
34 31 41852 110
87 95 35247 50
24 65 28640 173
73 12 13918 485
1 85 18289 20
70 65 24782 205
7 95 3880 339
32 89 63565 247
31 14 28346 94
12 66 10232 309
25 33 20979 76
4 1 27851 324
58 44 25639 33
8 61 68321 215
66 52 54819 205
11 69 24677 82
85 52 31342 69
14 43 12165 126
7 33 20743 143
35 73 27927 521
57 2 4993 111
20 38 78765 262
30 15 7458 53
93 9 20379 1077
62 9 2326 63
75 54 14095 154
64 87 9231 78
46 12 54361 156
67 74 110499 70
100 69 4408 104
44 70 23961 31
18 76 9595 46
92 31 178887 404
86 50 20387 703
84 67 26690 468
53 79 23312 1070
11 47 65896 107
25 17 21010 158
100 98 8028 165
35 92 43968 248
57 6 39095 71
65 66 30004 23
47 83 6623 36
40 82 31244 247
85 65 95514 70
40 51 6981 113
91 92 10400 13
89 15 31886 131
2 27 99885 318
76 41 20235 92
69 92 11831 53
59 1 9684 190
98 69 73598 265
12 1 1402 371
92 79 158310 124
90 64 32471 236
71 36 60410 70
84 6 40290 61
35 40 24271 24
68 12 89965 86
17 75 13622 199
89 36 6043 164
79 48 20070 353
27 30 3869 350
84 14 26800 81
15 28 2396 411
60 17 9233 37
60 72 17860 2126
75 16 36368 98
51 31 42199 91
8 72 19884 330
12 26 29274 33
83 5 24054 649
16 12 1651 63
72 17 12092 54
19 78 29986 932
79 85 40184 81
56 10 13187 35
82 37 38833 201
62 77 14015 486
21 13 27933 165
61 34 3072 227
99 23 2898 75
33 70 23578 85
28 85 26817 167
16 15 9078 82
20 88 27208 1101
31 95 77380 240
59 96 4991 197
57 69 16061 91
43 27 4005 53
67 35 13809 211
47 37 13668 271
17 38 11371 269
18 34 64344 137
30 6 20730 62
33 96 3050 22
35 61 15565 217
71 91 23250 1177
16 10 59821 48
97 20 22721 1054
46 48 17021 53
99 66 17371 1976
12 38 26207 21
34 62 29289 189
84 47 7371 132
41 79 49305 169
44 89 7654 44
63 70 9583 78
82 22 88635 129
38 17 16196 147
35 8 53084 46
74 60 80658 8
65 60 204555 25
66 41 14004 39
63 45 53520 88
34 7 252267 115
78 10 11548 54
50 96 22644 348
85 15 42890 42
68 35 9369 85
11 60 27230 387
94 88 32749 74
44 40 36769 115
93 71 39443 84
98 50 10795 281
97 39 53973 88
35 15 10217 383
7 76 57715 225
24 40 30250 35
23 5 28697 415
83 57 41955 204
46 2 277272 494
14 58 24750 205
53 43 24812 8
42 33 16342 21
29 54 134987 143
62 49 12611 84
62 85 19683 60
14 30 17881 196
33 1 16541 188
50 1 14866 300
65 10 55498 641
97 68 20146 60
53 93 45892 48
15 17 75347 181
63 14 11816 394
51 97 6529 45
69 95 26450 24
56 66 30360 50
55 5 33569 792
96 53 3386 372
9 19 5101 66
69 37 2912 86
16 1 23137 463
85 7 1108 19
86 13 4339 787
38 51 12518 45
77 56 16456 118
52 34 6669 325
33 23 129337 171
66 28 83069 148
90 23 43839 105
89 43 18199 107
19 94 19973 301
44 31 9659 373
37 49 30089 430
57 100 24327 199
69 44 7800 74
45 75 17217 367
10 66 89766 154
68 76 123496 73
80 89 32128 67
87 13 17929 71
26 1000
12 5324

43328415
