100 299 1 1
74 81 33809 201
74 60 156437 361
74 23 31520 25
74 87 53976 182
74 99 22821 164
74 43 6544 124
74 73 15263 39
74 77 194038 256
74 16 14343 789
74 66 9499 292
74 79 41069 279
74 71 177843 380
74 72 3500 56
74 57 36832 95
74 48 9034 1838
74 67 6764 42
74 30 38595 64
74 10 26610 27
74 38 40978 294
74 69 82034 260
74 59 11234 125
74 26 20223 337
74 94 7070 160
74 13 22049 148
74 75 7458 296
74 22 18928 225
74 80 13057 690
74 51 16173 113
74 15 8570 39
74 4 30712 854
74 88 5217 260
74 31 115993 158
74 97 57278 182
74 45 16366 109
74 62 45422 1503
74 17 10572 83
74 56 58651 87
74 25 17871 1110
74 32 22944 56
74 9 51766 285
74 42 49074 1191
74 63 8185 353
74 47 7025 108
74 7 11011 217
74 84 3302 129
74 49 16549 216
74 93 47323 80
74 14 38825 1182
74 68 8742 31
74 21 48684 100
74 6 27909 133
74 12 59756 231
74 27 60221 547
74 3 10321 72
74 11 92089 233
74 28 46651 28
74 37 23201 152
74 2 31696 174
74 5 12874 24
74 53 35959 398
74 64 16291 85
74 44 132328 156
74 29 9884 189
74 92 19241 103
74 46 24821 261
74 90 16452 164
74 55 41555 499
74 61 3860 184
74 18 25394 22
74 54 25655 267
74 70 5071 433
74 100 37122 112
74 96 41888 60
74 36 80359 325
74 78 34606 24
74 76 7388 737
74 1 57835 328
74 86 20794 90
74 19 27672 142
74 35 31285 280
74 33 154770 275
74 50 29892 371
74 39 11973 928
74 98 15137 153
74 8 14933 303
74 95 24503 277
74 34 35104 806
74 82 50564 55
74 85 7982 144
74 58 4102 155
74 40 20585 565
74 65 10985 177
74 89 3802 28
74 20 4283 39
74 52 38358 74
74 41 37911 61
74 83 26015 263
74 24 45585 131
74 91 13846 87
27 28 136157 106
28 48 19130 116
7 83 34917 42
16 36 31927 96
25 84 23078 77
96 84 13280 1210
34 18 7706 101
70 43 7763 239
15 10 1696 341
69 99 32684 633
90 8 116091 36
61 67 89420 48
97 61 14372 287
63 71 19915 385
55 75 45098 152
69 64 70074 260
99 59 19490 91
59 5 37746 734
2 75 105657 346
42 18 6706 140
36 54 45001 41
49 25 13785 141
35 4 19715 420
19 77 10664 289
26 43 4122 120
19 57 24244 103
59 10 21093 102
14 91 40717 124
32 28 118562 69
67 55 34986 19
87 96 4227 74
55 48 17640 847
18 40 40394 224
89 51 12050 49
1 39 7693 47
35 90 24178 228
54 84 2778 187
58 29 3763 241
96 74 1832 1371
44 42 3585 196
36 72 21644 7
14 70 4534 196
5 52 11564 353
41 66 40931 81
98 69 113285 161
97 29 44828 185
52 25 57738 145
65 18 29918 1082
98 70 42588 396
21 73 33777 101
99 84 322166 125
4 64 26009 107
87 42 51291 520
34 61 10648 21
76 30 22917 20
42 36 6774 318
30 73 24986 86
95 65 35058 376
99 25 9602 196
92 68 18376 433
6 2 8006 29
98 53 46786 96
75 21 10126 267
47 84 9492 94
75 20 18014 59
70 6 13074 1011
54 15 15055 175
32 35 8466 87
21 35 5436 308
30 27 33026 214
76 39 100636 190
39 91 16633 36
76 98 67886 95
38 21 5119 85
34 85 70467 214
81 15 14408 724
11 78 28187 280
75 73 6173 46
63 81 37511 230
17 38 9942 225
70 20 6947 146
7 32 14757 74
38 79 21210 109
78 77 8381 208
40 91 1903 75
10 37 25619 460
18 89 111076 182
6 41 46784 368
90 13 97988 284
61 22 27778 146
53 21 15861 144
32 73 6787 182
94 64 11699 23
90 62 3439 163
36 76 68388 61
75 6 23475 87
98 31 7833 158
99 80 43415 35
75 3 6263 51
64 47 79752 425
70 38 17831 311
46 9 41830 214
96 72 13780 608
48 5 8088 83
43 67 84133 180
58 98 52314 110
86 52 38956 68
91 88 52481 466
12 10 194819 88
26 57 31022 665
64 90 41279 125
3 65 19829 96
30 10 77367 241
44 39 40851 222
88 45 86895 93
80 2 23865 76
96 46 20026 60
62 100 64065 63
29 28 2750 100
19 30 12964 733
81 46 11438 84
98 60 4714 107
83 2 28526 292
33 23 15989 291
22 80 24183 60
56 17 36932 319
31 39 14396 172
68 22 24416 103
83 90 111105 157
56 4 11270 234
65 89 43919 197
91 69 7338 55
81 39 13133 281
65 16 106132 132
15 98 31372 684
3 59 4814 556
94 83 38586 245
88 16 9992 89
16 25 19701 37
33 81 41372 37
14 24 11479 860
14 20 22702 351
97 39 137520 18
86 63 9877 89
94 69 34654 95
88 1 54061 40
6 96 9111 204
40 89 54572 570
10 30 4514 372
54 19 2316 195
63 53 11030 147
48 51 10476 218
16 29 7903 463
14 39 7986 254
75 80 39860 144
3 99 982 60
30 26 13550 126
44 65 25471 153
34 75 53833 231
46 76 14442 203
98 92 90210 49
80 94 39829 220
36 2 9351 303
25 75 19956 162
91 14 24265 249
2 65 22791 92
96 22 10999 59
100 77 38230 63
64 44 16754 535
80 48 8611 47
80 41 15632 272
22 96 45300 95
67 3 1696 60
45 52 22015 269
39 64 40063 121
99 13 4477 262
64 14 12772 289
47 74 1978 166
12 98 319274 169
75 77 80568 355
71 85 10921 75
50 93 143762 245
9 49 154724 51
30 99 20458 93
47 13 13733 180
46 95 14423 54
62 26 1883 145
79 36 29133 406
19 5 59205 251
84 48 31995 151
8 30 34961 73
8 17 10307 369
50 19 20551 507
17 100 12109 73
58 23 19006 508
12 22 44043 62
51 13 4931 147
32 23 17819 1085
77 93 30607 194
15 94 2449 26
74 396
39 149

1783977
