100 299 1 1
85 100 9333 105
85 100 8994 46
85 45 30796 52
85 46 75425 355
85 76 83092 241
85 53 34295 208
85 84 20348 260
85 7 191928 304
85 28 37948 257
85 74 56559 34
85 79 29654 150
85 39 14045 230
85 43 23732 372
85 72 36589 681
85 68 4416 116
85 90 17597 113
85 70 55103 149
85 29 39833 66
85 6 19554 26
85 23 43643 134
85 66 20620 492
85 64 19649 42
85 43 15961 839
85 9 4746 59
85 62 27375 829
85 36 12406 119
85 48 40911 78
85 72 517558 56
85 77 36943 801
85 20 22414 88
85 21 30606 113
85 29 14052 80
85 84 7873 192
85 69 20861 326
85 13 15030 151
85 66 8560 129
85 3 34942 30
85 53 15343 95
85 4 8598 87
85 34 27912 23
85 59 42420 74
85 6 17648 123
85 99 16457 86
85 69 6692 271
85 80 25857 269
85 73 11527 148
85 79 13464 210
85 55 8172 430
85 5 37596 216
85 83 46037 238
85 71 9233 89
85 86 45331 64
85 40 14600 175
85 92 95399 268
85 7 19542 324
85 69 49165 441
85 55 25335 763
85 68 50234 230
85 12 23706 251
85 75 16278 72
85 43 23219 241
85 100 20842 385
85 47 59910 168
85 46 16772 455
85 8 17177 3807
85 74 40195 119
85 43 2365 136
85 82 34482 322
85 80 19795 418
85 96 8121 93
85 58 15590 79
85 24 36398 194
85 10 7511 632
85 19 26857 354
85 39 24500 780
85 42 124152 379
85 10 59160 236
85 69 15230 115
85 30 9504 155
85 2 20803 235
85 97 9545 121
85 13 26326 660
85 44 14166 101
85 45 34266 26
85 18 39106 373
85 81 6680 20
85 36 8430 148
85 52 4867 263
85 42 135994 496
85 39 191179 25
85 69 30790 109
85 77 110085 224
85 53 25489 182
85 49 33797 91
85 37 11586 362
85 43 45414 88
85 26 48365 109
85 47 7108 139
85 63 18958 331
55 17 2660 153
52 66 31107 59
63 62 19554 164
40 36 15872 915
81 57 4205 183
51 29 42692 100
15 60 56929 18
44 94 33197 192
15 22 57733 441
14 55 13362 74
79 32 28008 133
50 68 38185 60
17 94 6879 340
69 5 21892 354
26 77 20043 132
12 24 15090 39
67 87 6902 211
97 1 25690 75
5 6 41911 259
49 29 63273 139
50 15 25339 336
66 39 31818 357
20 54 25297 186
34 83 5426 453
24 61 3874 56
20 71 65011 140
79 98 11991 601
75 28 7665 202
13 8 47104 26
28 9 58627 722
91 42 39079 853
10 44 15295 243
98 12 191375 193
26 83 15115 399
48 36 2123 475
13 40 36249 148
38 56 92239 162
61 58 22163 20
84 88 31155 97
46 55 48271 41
32 31 21120 241
63 3 24981 227
1 97 6586 123
72 95 20015 36
55 26 25289 172
85 94 19434 484
79 37 14583 901
49 42 12197 319
53 100 85937 628
54 8 71479 817
90 56 21037 161
82 79 6570 219
62 82 6422 268
35 48 3462 199
15 79 8658 27
68 60 4512 55
74 27 2754 187
61 83 90689 102
52 44 68699 594
99 29 13763 489
100 84 13549 46
62 69 9966 28
40 78 56997 103
70 88 41009 437
9 67 2018 46
33 45 12738 394
39 88 49273 1073
73 78 17656 340
74 34 13347 333
25 96 4108 211
92 37 1642 354
17 5 3867 112
9 13 65639 789
80 91 4414 41
48 2 29810 62
84 14 22997 36
31 40 8881 437
21 100 54311 20
47 39 13618 292
37 70 19169 241
54 1 12310 138
79 87 26336 60
76 53 2701 168
25 67 24172 385
32 61 7268 129
18 23 12277 782
23 15 31444 52
73 7 8802 416
11 22 97032 193
13 88 7983 95
61 88 3047 214
69 85 32185 106
78 40 34017 59
47 59 37392 785
16 10 5848 142
70 41 8283 411
19 92 8195 93
33 67 18255 591
65 40 27095 42
87 77 2108 92
4 90 22779 22
70 75 25724 59
100 10 34147 124
32 20 12256 33
95 77 10885 133
34 82 22750 1095
98 62 13017 148
27 23 156314 48
52 100 10989 42
10 15 2648 2076
71 92 30134 147
10 40 6699 585
99 66 4454 70
82 96 52715 1090
21 46 35150 488
79 54 132680 1022
72 5 63254 106
12 29 9888 18
21 44 9154 331
64 83 22724 62
97 51 22610 96
8 54 58782 169
54 98 56606 94
51 16 19306 100
20 36 3721 140
69 36 13483 257
9 66 32870 868
15 54 47024 402
17 16 96328 52
62 3 4884 369
67 26 23060 146
41 71 35719 845
100 11 13636 1045
68 88 65963 85
91 69 118168 285
95 85 2913 256
21 6 5505 83
51 13 96914 106
58 61 5053 10009
89 96 12735 24
86 32 27327 29
52 96 55469 63
56 26 19393 44
68 57 10653 193
39 37 7691 110
10 71 50918 209
75 42 9146 52
28 25 13576 264
97 100 20899 155
100 62 3042 20
15 32 10565 131
50 27 44309 22
34 65 42860 125
76 36 68217 26
70 50 19694 1434
63 32 95167 116
75 64 47331 866
57 55 51221 646
33 71 13062 107
6 40 64693 177
88 56 3635 107
76 46 14839 39
60 94 57898 36
76 89 35683 295
67 27 18929 42
95 55 53426 190
81 95 24062 247
6 97 7524 65
32 1 56660 68
10 13 44951 55
66 83 47485 36
65 71 24611 136
16 81 4874 609
40 76 34576 188
48 67 58257 92
46 88 4365 217
39 57 27375 33
31 52 46854 321
21 65 56666 125
4 32 60099 558
35 28 26591 200
61 6 15913 675
47 31 16950 145
85 11 6911 90
57 27 22537 342
17 13 28774 45
57 84 41231 62
69 58 39640 1930
75 38 16758 450
84 69 203460 382
94 39 41436 303
82 51 25194 9
50 51 15061 48
15 37 12510 60
73 8 29415 17
89 35 102735 109
66 98 20776 61
58 96 21315 350
77 56 110688 55
69 78 71098 84
85 1212
69 1238

32307441
