100 299 1 1
3 83 56040 146
3 77 63365 244
3 87 20107 133
3 35 11313 217
3 64 19062 454
3 6 9531 100
3 75 32842 235
3 83 7397 43
3 44 27864 27
3 65 52058 45
3 76 45314 48
3 70 163591 194
3 36 56711 694
3 24 48557 10
3 79 6496 63
3 18 44589 67
3 51 91149 95
3 70 42360 50
3 87 40998 22
3 61 9433 54
3 25 34087 690
3 64 14204 250
3 60 13825 170
3 92 80075 1984
3 42 12259 93
3 56 20122 287
3 20 91912 193
3 47 17849 133
3 75 32424 654
3 18 3536 203
3 19 8906 1603
3 34 105292 86
3 94 7051 114
3 48 36169 316
3 77 2480 79
3 4 60592 50
3 87 73222 172
3 69 10735 293
3 91 27870 402
3 65 6561 52
3 79 121177 376
3 25 36167 250
3 26 1490 46
3 43 64786 592
3 19 18363 233
3 53 33057 41
3 57 3352 302
3 4 21986 332
3 33 10657 46
3 54 6785 76
3 45 6933 326
3 81 43328 143
3 30 32506 326
3 40 6792 55
3 19 47655 422
3 57 72074 144
3 63 30409 224
3 8 20261 353
3 69 122246 288
3 73 9844 54
3 80 17577 18
3 64 194865 229
3 20 36257 89
3 56 6515 107
3 16 78768 35
3 91 53939 211
3 90 65930 2088
3 56 6420 168
3 6 7786 203
3 72 10123 58
3 65 10888 93
3 46 21437 78
3 48 13597 540
3 15 44844 104
3 6 27690 215
3 48 34360 26
3 92 15483 361
3 10 36794 47
3 62 15315 355
3 7 20786 1148
3 47 52860 89
3 25 28770 168
3 99 102852 86
3 10 9880 303
3 55 77289 215
3 2 11771 246
3 36 98505 21
3 93 59299 173
3 56 6084 97
3 67 20253 36
3 28 2795 171
3 27 25536 3329
3 48 113287 88
3 82 21714 42
3 82 45424 318
3 83 26593 525
3 68 41142 180
3 81 53105 44
3 55 10405 57
84 93 17088 43
10 46 2522 224
17 67 3717 246
59 69 151678 25
1 55 14482 79
48 88 6040 238
21 63 7433 103
66 75 6457 26
83 33 19269 41
66 100 38751 222
55 77 10771 166
52 95 40131 47
36 69 17201 208
83 51 40127 209
65 23 45868 288
63 20 10549 244
94 36 10529 83
37 79 44928 74
54 35 26719 68
98 14 3493 125
37 9 23003 195
4 68 1864 33
86 44 23954 185
79 74 52188 484
74 4 24405 46
24 38 34403 102
12 75 66976 349
94 79 15269 18
41 52 17272 278
30 17 64578 26
91 90 49308 28
12 89 26929 45
79 57 16602 606
51 62 1126 65
6 51 4225 277
99 44 25454 14
17 80 23931 314
30 11 570687 135
77 54 18829 62
52 38 11613 703
62 10 37681 57
76 68 48730 191
26 13 12956 246
76 22 24280 187
48 74 18656 187
27 22 36429 59
95 9 5803 76
100 49 42690 201
16 48 83263 418
65 52 6804 59
18 97 5816 42
26 9 59089 43
20 42 3317 140
50 30 14658 47
5 93 15392 126
8 39 7417 122
94 47 25097 55
77 40 152642 179
71 54 13694 152
45 100 7374 220
81 39 5924 185
60 79 11964 715
28 74 27029 605
76 2 36333 92
10 92 122600 159
44 79 63328 152
54 78 22269 2205
52 93 96567 75
95 46 16419 152
22 57 58013 198
68 96 26119 1292
98 100 3671 231
57 16 12094 249
37 59 30525 236
51 61 13861 164
31 55 29177 66
47 27 10189 401
47 92 45417 162
31 27 61873 570
25 14 33374 546
58 24 29298 267
90 37 49042 34
92 40 4412 22
63 82 29518 62
4 60 21292 1103
19 78 22706 163
47 12 27722 173
2 60 30109 753
31 82 7965 1029
51 10 76831 349
40 69 81766 58
54 72 6983 54
93 25 44429 42
73 32 38285 162
51 34 4728 273
10 73 35643 550
17 2 54315 214
50 54 11011 135
76 17 17360 134
59 54 45693 357
82 45 40993 185
69 20 6457 222
40 97 19587 30
23 87 13179 243
63 58 112922 174
48 56 30516 283
74 28 17157 391
75 77 22724 137
53 17 46209 98
92 97 185340 40
29 27 25187 114
29 80 16353 1060
95 27 7231 73
23 90 9002 309
93 45 39344 226
16 46 25576 138
46 52 33579 205
51 74 83377 40
6 92 15795 81
65 14 15695 674
17 97 2979 116
95 78 32973 474
70 38 10761 22
86 100 25843 159
86 24 20452 45
40 22 15702 36
14 65 50375 209
99 31 13832 315
30 27 70101 664
52 26 10637 182
56 4 29530 64
51 37 7027 366
97 15 25917 17
72 65 18217 470
84 46 15321 52
52 59 20607 116
6 44 9815 199
21 85 80164 64
47 74 2947 854
9 47 18329 83
23 99 13597 60
84 94 12306 350
83 98 8795 312
33 73 14344 147
13 7 5558 97
100 80 21512 85
59 74 45062 133
72 63 25438 238
69 98 42326 71
35 84 45875 187
67 22 46259 369
99 21 24884 129
24 85 10219 104
26 7 5656 344
60 91 12607 576
37 45 29128 18
1 38 33392 40
83 36 39742 40
49 81 27422 80
24 87 14499 368
49 28 41722 16
51 5 11319 30
56 60 48570 73
70 3 15691 87
67 5 22169 243
37 55 189642 207
38 41 35526 385
45 86 37608 253
42 35 6913 206
62 46 12270 229
3 9 16073 22
45 8 47281 40
35 74 16176 53
40 38 103814 385
97 98 28314 568
80 59 1602 166
70 36 28432 77
21 75 85390 281
53 50 31076 28
76 86 12526 125
75 15 28271 65
44 14 10842 147
28 23 46714 321
56 78 5876 725
37 66 9965 23
32 82 13334 185
88 72 20437 234
52 75 29075 848
67 94 46031 139
48 52 3216 492
61 20 6990 286
44 98 55085 43
24 65 56992 139
87 25 9824 171
54 2 74011 85
83 54 87087 140
29 88 26686 131
82 63 8637 63
1 52 11024 345
12 52 6846 131
3 200
74 442

4640321
