100 299 1 1
72 48 22874 79
72 67 99234 357
72 68 4778 53
72 77 21571 564
72 14 152361 578
72 10 14159 471
72 82 15883 140
72 1 21035 167
72 3 21090 42
72 12 19945 25
72 46 34425 46
72 74 36172 80
72 13 37395 89
72 17 17666 132
72 84 32238 23
72 71 6642 15
72 27 38509 367
72 39 65829 149
72 97 16175 39
72 48 1773 61
72 46 4553 199
72 31 70662 214
72 100 4869 149
72 36 22821 156
72 85 28072 212
72 78 129232 772
72 16 3948 243
72 84 19390 138
72 96 54337 395
72 67 63688 60
72 74 17087 83
72 99 96864 216
72 25 22181 210
72 47 39480 61
72 32 8058 2000
72 22 22436 102
72 1 28891 73
72 60 9941 84
72 19 19421 70
72 50 50155 497
72 19 22933 43
72 73 47960 115
72 67 9056 54
72 38 28639 99
72 88 13986 254
72 60 48467 64
72 24 29759 1044
72 61 5696 107
72 84 13796 308
72 87 65653 87
72 87 19602 207
72 7 40143 332
72 36 63150 42
72 46 44424 22
72 38 190223 236
72 12 20548 346
72 99 29306 263
72 45 14818 82
72 69 64986 104
72 78 13835 66
72 19 22383 165
72 20 10593 173
72 17 5407 283
72 67 43074 910
72 32 25644 137
72 39 31358 90
72 27 41004 59
72 3 7458 161
72 31 6374 407
72 81 92669 111
72 95 33709 58
72 49 25350 448
72 66 15479 59
72 97 18662 226
72 58 27579 96
72 22 29426 147
72 7 9622 279
72 16 46376 79
72 29 6359 85
72 90 63608 786
72 93 673118 136
72 1 21058 2669
72 29 38255 135
72 24 6837 52
72 70 5160 77
72 80 26993 747
72 26 63294 282
72 78 20360 91
72 29 68633 621
72 6 11952 103
72 99 56903 22
72 100 4825 1281
72 19 34940 107
72 1 26391 271
72 62 55913 587
72 45 13117 64
72 96 27042 108
72 21 63716 834
72 67 45151 521
52 84 303666 214
75 38 1912 82
6 65 6894 24
17 27 32841 332
83 40 39471 884
90 54 12157 43
42 32 3392 74
69 79 18479 393
66 90 15667 419
21 32 19867 602
8 72 34046 64
11 63 123373 211
22 71 11510 135
17 1 3336 133
43 92 53689 184
47 96 52047 443
22 50 119763 44
92 4 21037 198
51 60 24806 180
50 27 37240 277
60 23 8591 41
86 56 17514 787
80 14 87630 161
60 32 22897 122
18 77 12313 146
19 12 12318 171
49 86 33101 18
17 70 24549 1343
97 6 50255 55
33 88 65070 255
28 23 61758 89
85 83 13920 551
50 31 11451 158
55 61 105795 859
65 88 43622 240
87 23 133249 61
97 68 22576 92
27 97 26882 317
52 19 18751 109
12 29 12794 96
15 13 20893 61
11 97 9871 242
59 24 64061 475
26 31 8645 164
80 59 55642 84
80 10 3362 385
83 14 7189 338
98 23 65868 60
59 68 15248 921
33 22 15258 209
63 21 75219 345
79 51 28312 985
17 67 30847 218
85 62 56097 50
48 49 18781 34
96 3 23704 224
39 78 34224 24
21 79 55553 129
4 15 30992 14
37 50 39427 21
50 30 5742 96
13 2 56695 250
90 9 6916 65
20 86 11833 120
47 91 17342 127
60 59 16341 259
70 11 7210 32
71 51 24074 660
29 7 1179 1107
99 38 15096 149
56 76 53182 34
8 53 11522 162
52 91 9298 130
43 91 54791 123
73 83 3868 722
52 88 33227 160
69 16 12327 700
45 73 213961 138
62 76 5381 242
51 5 76059 49
74 21 28601 118
99 4 21055 55
100 2 26193 40
89 77 21428 123
94 44 16406 112
18 42 72867 1120
8 12 17215 156
15 88 12655 178
4 73 44558 745
33 95 5590 189
62 31 32201 141
74 95 17674 248
2 7 5076 91
14 78 1385 410
64 72 11424 12
38 99 8599 33
23 91 49758 169
62 67 105809 33
26 9 21751 34
82 38 42317 468
44 82 15778 173
97 1 26957 336
12 8 11012 310
41 79 75455 192
67 75 1854 455
17 49 74119 1359
16 56 3558 219
78 92 29053 184
84 28 43542 282
32 10 26631 184
94 80 6619 205
76 9 14761 171
23 12 25115 118
21 5 6165 103
70 37 21631 518
10 8 19768 605
8 44 3621 46
24 90 14271 152
63 40 88731 156
62 78 17122 114
71 23 7853 247
83 61 18111 145
58 87 57205 63
69 80 29456 169
69 85 11989 193
79 77 41523 76
19 9 6478 226
4 14 104080 154
45 11 13005 229
4 28 50828 69
34 18 18987 76
30 95 12345 121
21 28 6751 83
6 4 18928 350
82 9 73760 48
32 56 91062 30
18 19 48066 137
93 7 84096 60
5 91 27098 430
99 30 19928 97
46 71 43959 299
82 6 56574 181
53 33 50076 279
53 9 10329 166
49 23 13469 515
49 48 1213 216
40 30 12568 125
27 76 62143 79
65 8 22214 69
66 83 48284 128
73 79 11457 42
36 50 7595 81
22 65 6379 171
28 85 23037 200
46 39 18722 25
86 83 29224 198
39 26 83382 2255
3 40 153587 253
100 27 38122 397
86 54 59926 56
71 84 27325 204
38 34 15249 261
85 53 46891 29
24 36 15087 417
95 49 45142 458
43 6 5825 364
1 2 50005 121
34 36 16202 64
19 69 89870 232
96 67 16325 198
58 72 27619 288
64 26 19827 99
54 68 5425 343
20 4 67037 159
71 77 16929 39
33 31 18092 219
22 80 13219 68
17 76 8388 342
35 36 3749 94
81 59 16145 126
94 97 93616 22
14 85 74153 39
47 67 89848 123
11 29 24992 113
44 90 27137 317
73 15 58004 318
62 36 75681 93
30 31 3671 140
72 42 3418 125
94 20 75504 424
34 12 46749 175
62 2 7440 86
70 1 148206 96
89 41 8720 159
30 52 18495 110
98 54 16668 161
62 41 60956 482
2 18 19772 64
5 15 12001 134
26 88 31198 96
72 700
67 749

26828068
