100 299 1 1
34 77 30338 573
34 32 7288 278
34 60 36317 69
34 2 24534 705
34 55 15660 199
34 25 2547 16
34 26 6304 281
34 76 18521 932
34 52 15901 742
34 80 53322 42
34 10 9560 25
34 23 11940 138
34 82 47815 196
34 43 34734 162
34 38 41572 257
34 18 8929 130
34 72 4475 351
34 81 11297 130
34 63 1700 96
34 84 28591 734
34 20 46826 180
34 88 24284 370
34 69 26301 101
34 39 18439 133
34 100 23174 158
34 7 14851 125
34 56 4058 72
34 27 13887 109
34 16 18648 251
34 21 16674 170
34 29 15163 839
34 45 13507 121
34 9 22552 46
34 36 19601 314
34 31 23443 20
34 68 7265 759
34 85 42764 104
34 74 79260 33
34 19 28806 227
34 73 64400 439
34 11 26314 209
34 49 74854 439
34 13 23202 163
34 97 39401 87
34 47 30804 64
34 99 2729 74
34 46 33649 79
34 54 14952 148
34 57 28101 414
34 48 34773 309
34 89 20278 600
34 4 57336 472
34 5 39113 66
34 33 15827 40
34 37 156558 43
34 17 12883 17
34 90 8508 100
34 59 8826 138
34 86 54969 29
34 14 18946 16
34 15 96757 31
34 66 41647 123
34 96 90397 505
34 28 6026 318
34 62 4223 506
34 98 7553 513
34 91 21042 122
34 50 9182 44
34 61 4787 1079
34 95 25586 1258
34 53 49644 75
34 30 42132 39
34 51 1594 289
34 44 11728 613
34 58 27270 281
34 64 45152 110
34 42 22881 442
34 83 74857 101
34 65 38046 175
34 93 15765 283
34 6 4355 198
34 12 44450 174
34 3 54841 229
34 71 22054 360
34 79 20687 136
34 41 115476 26
34 22 14160 196
34 1 34615 139
34 40 5070 163
34 24 71366 418
34 70 2425 180
34 35 41985 76
34 8 8724 771
34 87 3934 523
34 94 27970 94
34 67 15458 136
34 78 19052 1079
34 92 54182 1036
34 75 19186 228
29 52 6852 817
81 67 11172 99
17 49 42871 180
45 14 25681 75
79 100 12058 1660
76 28 10474 43
98 7 16166 73
27 49 24060 75
62 38 13471 399
68 16 62012 164
83 45 20428 179
18 49 64965 32
19 36 4056 50
21 97 55181 1267
92 95 2613 112
96 49 55090 121
47 39 177282 86
77 94 122203 46
93 18 63157 405
70 19 178876 2319
78 30 37081 522
100 48 9218 140
65 55 82267 56
64 15 18498 520
61 75 18413 422
10 78 23266 285
79 78 66773 237
5 51 10344 74
86 16 9928 72
24 3 10816 505
41 45 4232 20
62 74 47203 164
56 1 51720 181
45 62 12452 182
7 23 14553 220
55 18 25600 1579
56 45 23147 1585
72 16 4874 403
96 34 6990 65
1 20 20244 287
10 17 12838 99
7 10 22798 101
24 77 14135 174
87 52 9899 94
9 36 20089 121
1 81 14643 203
45 42 7145 158
24 62 111992 220
91 33 9508 1204
5 42 6282 69
24 63 31360 813
52 89 57822 66
10 18 63069 783
25 75 12785 20
32 2 5271 297
24 9 21535 238
13 21 52220 399
95 61 26713 224
96 5 7575 144
64 50 8126 166
25 44 81125 56
59 56 16529 216
74 70 8297 130
37 99 4580 101
68 52 12178 18
41 64 49703 269
68 23 15255 25
11 66 27483 264
42 89 23732 145
50 15 22551 526
35 45 68792 789
28 17 25826 214
67 20 12932 294
66 12 35234 50
98 21 4156 463
89 85 82669 146
19 100 14796 215
20 82 11224 112
87 65 13024 458
62 22 23003 194
70 61 8800 64
68 32 39130 70
81 92 14406 39
21 61 48529 290
75 59 7238 15
4 19 110242 186
2 100 94908 62
31 32 66911 182
24 16 83685 79
3 38 39411 160
55 45 11810 91
44 65 10226 524
40 48 23085 63
76 12 3425 297
26 25 4996 238
30 40 132364 792
72 68 13859 660
9 48 9640 393
30 43 31282 36
96 25 16033 174
6 44 66845 109
31 46 13234 370
92 27 21903 30
67 1 31617 46
72 74 16185 418
49 84 42294 329
46 22 7000 217
70 26 27849 43
22 28 67048 45
73 6 21105 173
16 81 8118 122
36 10 23396 176
39 10 65063 642
63 33 73120 217
26 33 25173 139
35 68 81413 181
74 83 6349 31
69 72 12240 319
3 84 11016 167
85 39 29947 69
79 18 188214 22
23 48 10837 64
39 16 6386 71
84 50 196100 163
61 48 6147 103
2 88 47111 272
90 53 3912 17
22 68 9359 115
2 1 112175 684
12 30 4468 71
81 74 4914 173
51 70 40654 126
43 45 13835 148
3 90 36107 421
79 23 34925 28
64 62 55390 280
98 58 24715 209
48 37 38076 1235
89 50 6072 82
88 62 76772 26
93 96 17063 443
86 84 21109 53
65 54 33980 29
37 11 76403 118
44 95 37511 76
55 41 21737 89
84 67 6248 710
79 24 17171 110
79 30 10488 53
53 76 30868 432
8 30 7844 861
39 77 55470 148
76 29 9597 117
5 76 16025 254
53 26 51359 563
65 2 2141 119
28 77 3767 147
40 79 14760 65
14 22 70843 391
40 67 25321 161
5 58 91650 87
4 45 27023 258
47 71 101564 50
13 25 5519 63
13 81 5877 49
35 31 22284 152
75 25 60162 149
94 25 3596 117
4 65 65875 106
66 88 127243 32
94 19 200750 114
9 17 23914 98
89 4 17851 120
31 97 17272 180
30 67 38394 32
37 54 30592 29
8 32 10588 35
88 69 9904 307
56 79 88417 45
96 65 8421 296
79 7 24764 192
35 17 11225 227
16 36 29066 197
73 25 34059 142
90 1 45808 146
30 50 39444 344
89 38 35628 85
85 93 6793 289
57 24 61005 73
95 10 17226 50
21 37 11772 83
18 73 39357 218
47 46 8371 18
78 97 21528 152
38 95 23242 331
69 74 12597 259
80 48 43016 278
40 26 12998 84
63 71 8284 116
7 3 23432 118
34 693
45 138

2096832
