100 299 1 1
31 36 10483 188
31 51 7618 591
31 93 22278 111
31 7 7409 34
31 82 20438 135
31 92 9348 151
31 14 15085 98
31 67 14001 49
31 15 22394 208
31 46 30656 358
31 15 25103 436
31 6 31832 592
31 53 26577 305
31 27 32811 65
31 69 7399 66
31 51 85123 130
31 15 18079 535
31 72 20678 46
31 57 5975 563
31 35 6718 453
31 9 18954 1054
31 48 21467 54
31 53 14979 50
31 59 5001 166
31 10 9228 469
31 72 14270 39
31 26 79741 52
31 20 22434 542
31 46 2528 308
31 10 12337 214
31 68 30496 80
31 30 40478 97
31 50 29145 361
31 39 13513 64
31 52 53176 217
31 93 2413 285
31 24 22560 99
31 80 35104 405
31 69 13314 116
31 2 13032 179
31 5 14860 117
31 4 79902 44
31 52 38947 190
31 32 107449 51
31 55 40763 274
31 82 8642 362
31 17 1838 916
31 34 69936 201
31 8 25379 64
31 41 18265 6
31 47 25619 267
31 90 4302 39
31 90 18720 456
31 39 8725 193
31 50 15772 210
31 53 10470 203
31 59 14403 110
31 68 6351 208
31 22 3173 123
31 21 3651 68
31 65 51542 89
31 62 12359 446
31 93 18012 567
31 91 38693 123
31 52 5051 11
31 52 16035 74
31 48 87349 41
31 40 155351 443
31 35 100147 72
31 92 11501 56
31 50 16239 1044
31 35 65264 1141
31 94 3695 388
31 73 9240 283
31 72 48593 76
31 51 39426 114
31 33 20614 178
31 63 45410 88
31 51 70224 262
31 28 40970 80
31 50 32536 48
31 45 22960 83
31 10 6832 249
31 56 5075 306
31 16 16334 218
31 85 81320 212
31 79 26352 196
31 55 29308 254
31 36 9138 421
31 3 14579 177
31 58 25831 395
31 6 2970 7
31 42 18553 125
31 40 46763 93
31 10 15418 136
31 78 64157 298
31 24 8954 84
31 27 39645 235
31 63 31135 493
74 3 31313 180
94 3 22015 1180
36 66 14066 63
90 91 7095 54
100 46 15442 113
27 9 2431 574
12 56 14692 541
90 95 15614 114
96 45 27306 116
48 16 22467 93
59 97 23876 1568
16 71 12786 77
55 85 16471 302
23 77 15140 108
42 31 7445 1801
30 90 8648 219
11 61 6601 62
16 33 70848 187
16 96 39980 115
42 10 127177 237
85 10 16786 372
2 95 254873 120
72 34 5298 457
99 35 35959 59
15 74 216266 254
90 72 17774 567
79 17 29969 64
40 45 1306 234
89 33 142148 907
72 30 6596 192
47 26 48373 9
15 82 12567 342
37 58 36241 1794
29 36 38775 95
70 93 8336 230
44 15 18230 170
73 84 4772 51
96 92 15571 202
70 56 33098 353
54 65 17930 233
15 77 26586 92
4 93 28672 1408
91 27 22462 71
50 43 16652 65
30 4 8488 310
70 34 76711 594
3 75 19783 46
28 29 13999 58
50 57 4403 526
7 48 8224 123
23 22 111467 356
89 80 36534 213
71 60 24786 134
28 62 16553 100
88 36 4988 196
32 72 7500 322
25 95 12401 583
90 38 3231 100
49 93 8491 70
37 42 34024 1909
77 7 26788 119
58 6 16058 554
52 26 23524 546
88 41 8191 333
20 96 18039 54
30 44 100949 370
38 34 38070 309
19 55 12051 27
2 37 87331 579
75 55 24350 158
50 33 24449 153
48 3 60171 184
47 55 17454 22
26 25 38669 54
65 19 103867 247
82 1 55934 136
99 8 40278 126
54 85 23769 601
63 14 88708 120
7 72 10562 300
78 83 8353 1217
66 38 19210 174
53 88 34013 40
5 98 50879 91
62 69 115279 36
36 81 16055 484
24 73 9046 138
65 12 7031 36
77 38 7001 26
36 23 23454 58
59 82 49022 149
32 12 34047 141
42 76 27909 382
37 85 12742 50
87 47 40233 171
69 98 51041 140
32 17 129698 46
18 54 13916 105
11 81 4439 520
51 85 55424 136
60 15 9587 142
55 42 30080 93
55 91 20609 402
31 74 20186 146
55 16 52086 97
50 98 6447 574
72 45 9571 78
44 34 44312 26
58 44 52266 247
76 43 18771 572
30 96 20847 318
72 10 7118 99
25 50 11158 167
81 3 9969 157
88 59 45056 128
31 11 42924 132
48 58 21149 59
66 4 79790 18
51 87 9024 147
76 20 26607 101
73 66 3052 220
19 33 16166 101
37 22 12484 77
74 92 9952 239
73 39 15742 396
53 11 27441 44
16 83 6875 373
48 84 20235 63
99 31 259239 153
69 61 27960 523
95 21 37486 16
66 35 17883 78
37 19 11314 277
81 73 22560 228
23 69 3369 326
71 93 6915 806
66 55 11436 141
39 13 17227 213
38 77 10804 164
94 59 7483 24
67 2 4521 190
60 13 14458 188
5 36 91766 51
40 72 57147 143
18 5 13935 241
13 15 25239 158
29 46 9254 790
98 85 71597 17
46 83 12041 176
80 54 29619 54
93 45 71793 42
54 84 71480 36
60 34 17645 275
51 33 29773 403
84 18 165476 328
2 10 22436 576
83 27 105431 77
69 51 15700 37
82 10 4205 120
28 20 33558 187
93 6 4587 80
4 96 12614 128
19 52 4313 58
89 20 59070 88
25 10 11003 7
72 81 5875 763
56 69 12486 147
75 31 7588 142
31 25 28178 38
72 4 10931 44
64 98 13987 84
6 86 113488 642
6 33 70688 284
96 53 9274 329
91 37 1608 38
67 17 46866 179
50 18 43912 309
85 2 18005 287
81 76 138725 83
37 88 24531 36
27 30 16340 209
77 32 9667 665
92 34 41089 104
68 35 16134 88
32 91 12586 73
88 50 29216 587
74 26 86129 27
32 52 87453 195
92 3 20074 119
8 55 19373 48
24 27 61696 194
16 36 7405 384
49 66 12535 90
66 72 5954 69
60 82 10346 87
64 83 19204 236
70 66 25815 296
14 8 8099 124
90 17 42219 74
37 55 1465 154
31 1020
10 3742

9799754
