100 299 1 1
14 79 21947 805
14 7 17175 158
14 60 31257 384
14 87 31569 238
14 61 2226 800
14 6 15794 210
14 57 24713 71
14 65 8586 459
14 22 18728 92
14 67 27180 133
14 30 42933 192
14 20 6216 122
14 35 21530 99
14 10 4126 139
14 25 18120 685
14 86 7522 1153
14 91 52535 117
14 74 47804 51
14 11 3894 259
14 21 49876 191
14 23 36956 74
14 69 11559 207
14 97 150381 370
14 34 101469 127
14 64 13975 130
14 90 28896 766
14 50 83608 385
14 78 7438 160
14 47 33830 78
14 100 99459 720
14 63 10875 396
14 17 53957 188
14 8 76593 215
14 3 46285 70
14 5 68244 185
14 37 23907 90
14 24 20496 280
14 2 3351 98
14 53 15481 639
14 59 46062 442
14 46 14790 262
14 41 88631 41
14 40 19628 214
14 31 61587 317
14 73 39067 208
14 43 19749 39
14 26 31624 254
14 81 3621 129
14 55 72243 210
14 85 5898 340
14 62 10015 38
14 32 4924 232
14 94 28172 117
14 36 29450 225
14 89 21766 107
14 80 16898 175
14 42 1913 2429
14 15 123450 388
14 27 14907 424
14 16 83771 359
14 71 27167 108
14 83 9892 188
14 18 39384 485
14 75 30672 101
14 54 23700 97
14 9 10001 55
14 48 11431 306
14 1 11975 99
14 12 6024 184
14 66 12201 295
14 28 14118 168
14 72 4778 166
14 52 5516 267
14 38 19534 96
14 82 9397 256
14 13 68335 27
14 33 4414 171
14 19 20866 332
14 39 14362 205
14 44 7810 137
14 45 7694 35
14 29 3003 117
14 4 14374 277
14 88 21771 71
14 96 18725 124
14 95 10203 83
14 93 53278 215
14 49 67066 159
14 56 90023 90
14 51 13041 258
14 77 10048 168
14 92 29118 381
14 70 21696 104
14 76 12741 675
14 68 80534 174
14 84 4727 169
14 58 8778 152
14 99 5800 306
14 98 45705 1000
38 31 5553 178
41 61 24698 110
60 54 3454 838
36 76 9288 127
13 50 145269 96
16 12 133351 120
92 85 21057 273
7 62 13595 179
7 11 72769 160
76 43 50617 1885
96 4 72543 194
77 62 9518 553
32 98 36194 76
1 32 24870 194
64 14 194729 186
39 5 8625 112
100 42 23636 625
27 50 11987 127
32 66 12205 165
88 90 65050 164
43 78 49456 795
56 27 19685 214
63 53 11125 130
20 70 26501 73
33 54 9014 190
76 24 33067 34
23 6 23423 130
84 69 114931 132
92 60 69583 88
59 48 120275 49
2 81 7345 87
67 9 110023 428
82 22 59241 193
70 22 78922 152
28 12 11158 192
59 35 14556 28
54 88 27226 6
77 64 20160 189
84 96 25739 82
49 39 7022 69
46 13 31636 27
98 54 44896 115
45 37 41826 91
93 49 77728 178
2 98 41345 44
73 19 24629 241
66 38 12567 70
57 43 12606 43
92 54 1737 253
50 63 38664 946
77 23 11014 278
9 39 5337 38
64 26 34199 35
62 47 4751 368
64 20 48468 129
79 71 106458 129
80 97 19874 778
20 72 57917 100
66 39 13103 1996
42 2 29466 6
12 58 17459 1137
97 84 15158 391
96 63 106411 354
59 80 32096 62
53 95 51484 1147
50 94 5686 356
76 51 62723 42
30 61 6910 192
88 22 8561 125
33 76 17532 39
49 65 15027 27
39 97 8822 72
3 72 6873 912
6 74 80410 153
13 28 112785 304
13 39 33365 90
24 39 35746 119
44 9 6661 254
3 15 3644 136
61 47 27678 45
6 38 17662 83
8 99 38367 27
29 67 21856 170
91 5 14467 239
47 11 16692 75
83 91 24055 74
12 63 235173 35
75 90 24562 96
1 55 16850 170
74 83 13984 88
76 23 75147 368
48 21 13355 328
31 9 6269 142
65 26 27516 230
65 67 24907 198
34 48 7911 323
10 68 10159 97
71 96 5832 826
100 31 9683 122
45 56 37303 40
47 53 73374 108
69 90 6202 152
49 76 2148 61
63 3 252693 978
30 65 11782 44
6 22 27085 86
98 51 10349 19
41 65 17225 300
42 27 11551 221
42 50 34492 68
32 72 60129 83
5 82 72749 84
36 95 2359 166
76 61 34554 3259
58 19 18130 116
37 86 10101 40
37 19 4821 563
11 75 127618 53
31 96 14092 127
15 1 17407 197
33 6 8025 81
13 10 7038 23
50 29 14034 197
88 29 4808 20
34 19 21517 1385
47 75 106134 52
50 78 15994 202
50 74 4929 85
31 19 5254 422
51 49 29959 161
39 43 24378 54
38 58 8981 161
93 32 21375 104
39 88 13479 264
9 63 11312 225
31 64 52019 304
58 72 54648 133
57 62 19299 132
47 12 23328 68
71 39 94908 128
27 99 25536 299
26 75 17008 270
7 13 8033 113
44 33 75192 418
92 100 26438 133
33 85 61511 148
56 74 3340 85
50 69 9043 60
84 83 7195 61
47 55 2934 233
61 59 28092 413
11 82 202089 210
30 52 7662 134
95 69 32882 58
4 6 27279 105
70 24 156119 271
92 97 17406 86
54 4 47146 230
2 90 18700 341
94 77 12224 157
52 10 11613 125
30 44 154504 32
100 30 31738 865
87 32 13239 203
55 36 14269 86
51 41 27603 82
82 79 143206 802
50 81 10371 101
83 57 17413 27
17 19 3491 691
28 98 49823 111
53 98 4165 52
25 80 15761 208
30 77 30279 183
8 59 14995 96
49 19 32805 131
68 96 32053 184
13 49 36063 197
99 66 28113 719
33 63 110081 45
93 52 83975 190
44 70 42997 128
33 57 39688 164
66 72 12597 126
86 19 20220 341
74 95 3304 599
73 64 8021 159
56 70 30178 95
3 62 21828 285
96 34 25928 249
32 31 102710 93
29 68 73204 250
95 9 22869 1226
87 76 103171 386
58 93 7906 162
28 57 44253 140
99 49 9968 343
94 2 9163 368
89 21 9843 50
8 92 30806 699
14 198
19 86

1794476
