100 299 1 1
88 13 16739 249
88 53 229668 94
88 36 18295 36
88 54 60451 268
88 36 8208 71
88 93 15228 124
88 32 6701 67
88 84 43044 118
88 67 37913 54
88 50 16561 1448
88 84 18002 1079
88 40 14587 66
88 94 3146 79
88 86 7965 19
88 83 40265 210
88 97 4460 32
88 15 42520 1121
88 86 16328 155
88 10 64071 367
88 20 35163 43
88 56 39054 91
88 35 219378 296
88 57 43257 303
88 95 74596 115
88 4 47009 57
88 26 33419 317
88 77 5901 144
88 21 17302 583
88 78 13615 44
88 35 24135 95
88 79 124749 452
88 10 47493 234
88 70 8052 215
88 72 85838 46
88 83 11881 342
88 80 9654 338
88 49 102784 740
88 44 29420 656
88 46 49793 186
88 29 52163 325
88 19 136658 154
88 5 12808 98
88 30 3281 162
88 54 14982 59
88 31 32302 21
88 49 11301 477
88 10 34496 32
88 38 69921 37
88 31 20013 788
88 67 2688 58
88 21 24316 69
88 51 21149 855
88 74 175915 388
88 66 23250 86
88 72 28399 417
88 96 15985 47
88 71 118611 127
88 55 96670 10
88 93 11196 34
88 51 17030 314
88 19 94537 430
88 21 22070 199
88 47 90293 510
88 86 21383 28
88 24 8037 33
88 87 7413 296
88 38 25863 510
88 72 18902 184
88 39 13877 68
88 32 31950 491
88 19 12048 386
88 67 26636 373
88 6 5546 830
88 38 16489 31
88 29 110935 908
88 9 40035 248
88 90 6537 34
88 8 17349 91
88 22 80479 1011
88 2 6381 294
88 74 9762 19
88 76 127194 86
88 7 14797 101
88 78 45541 221
88 51 12736 476
88 52 19450 25
88 78 48085 15
88 56 12635 326
88 37 14273 208
88 89 11400 141
88 22 59245 37
88 31 83815 957
88 33 32668 194
88 55 55717 174
88 5 20946 75
88 61 2157 36
88 65 3155 94
88 21 17976 123
88 40 14324 610
78 85 33044 440
55 20 23930 31
59 67 26268 450
49 24 4054 107
78 88 44331 341
14 76 18151 115
24 49 65965 386
36 49 17216 153
64 96 25932 72
62 89 11785 91
66 96 24788 132
48 52 61139 37
15 40 24042 563
29 48 69257 67
71 15 30305 241
88 11 59289 25
6 95 45772 132
73 26 41434 54
37 93 20528 257
79 9 25355 325
4 17 22119 80
60 63 73796 47
22 79 8765 35
8 75 43471 102
71 69 188122 223
90 46 86039 173
19 6 30668 278
85 8 76052 161
57 32 18527 305
46 30 8876 353
81 85 18279 191
47 100 128008 17
20 15 11820 145
9 54 44905 223
2 22 12920 78
24 100 3097 154
1 43 36919 60
53 21 13324 170
92 19 5784 198
26 92 39282 142
89 38 33526 49
26 71 43965 381
8 63 19496 342
30 70 21239 142
55 29 70399 198
7 54 27490 28
62 43 4611 52
21 87 31752 121
25 32 23440 248
64 54 66024 122
58 3 50402 105
21 17 14233 490
31 2 33506 56
14 38 14928 220
96 5 23721 120
48 82 13259 73
21 83 3922 42
43 32 35314 231
56 26 48125 109
26 2 16265 67
5 50 17100 142
21 70 19499 296
84 20 17371 562
20 74 45206 500
89 55 15134 85
52 6 57155 1128
86 5 32576 46
30 23 24932 54
64 63 26554 156
2 30 1257 65
3 66 18306 74
23 12 6747 774
91 5 12830 311
82 62 42069 743
86 74 2418 131
29 58 9971 379
71 47 55194 318
75 91 8544 64
86 93 77837 85
13 85 2187 300
74 80 27158 84
21 66 12697 119
33 89 4885 277
55 5 33830 56
91 28 25000 79
72 15 5745 709
58 32 147071 118
78 16 27499 90
21 2 91405 22
90 3 49087 122
30 3 22267 97
56 80 30200 514
87 4 83494 81
86 65 43468 138
34 14 11714 85
75 41 91327 277
85 3 33961 163
93 38 11839 77
8 88 20207 457
19 25 117493 38
68 80 15663 178
74 56 23245 385
81 69 58232 171
68 59 18240 93
65 61 12278 39
1 18 72517 94
50 54 14856 315
75 71 5308 50
85 71 15477 351
79 26 24116 578
78 11 11245 124
36 85 5230 283
27 89 85204 53
77 76 9990 356
55 52 65328 180
75 49 18909 138
57 43 6274 47
59 23 16793 46
18 30 50120 120
56 27 49531 161
70 21 68401 43
11 43 22336 286
61 97 32508 309
14 26 10825 93
56 45 17599 142
5 24 91986 119
42 8 13259 549
99 11 15670 95
64 80 13209 41
34 13 9245 842
49 3 15021 251
26 25 3982 427
9 47 17207 60
98 99 19999 709
16 2 9226 126
41 42 39409 456
87 52 16174 93
74 5 14224 161
91 89 11755 289
46 59 5738 23
61 73 12452 177
16 76 63046 42
80 75 39013 66
54 45 11815 27
97 4 8316 103
92 85 24222 208
42 84 30769 118
75 42 4754 505
5 22 55005 78
65 33 42876 327
66 65 6775 57
24 34 17845 50
96 50 1827 279
96 98 42613 234
78 65 8338 167
41 51 10548 91
62 8 25942 280
31 51 8041 154
27 57 12363 100
84 36 60562 172
50 34 21052 147
96 23 61105 83
89 35 7924 36
89 9 68461 250
53 1 14595 94
66 31 33018 76
18 80 119067 76
40 35 12235 41
41 23 37087 103
48 34 7162 245
23 57 41979 100
43 61 39687 80
10 72 67478 137
43 41 170774 42
99 34 12396 223
8 49 23082 177
18 41 105293 143
59 3 6936 2463
85 21 6450 590
17 41 28130 38
47 42 14328 47
65 19 36694 61
28 57 6532 164
67 10 5839 42
10 50 71997 170
33 63 9521 104
32 42 15534 224
37 38 18161 130
53 81 101598 245
28 39 12822 724
37 5 22341 301
86 64 49572 23
57 93 27522 176
49 86 20301 76
45 56 44568 291
69 88 71284 30
66 27 5542 47
65 78 75822 342
86 42 59036 393
98 31 63802 473
88 100
5 120

1297076
