100 299 1 1
13 3 2868 459
13 11 13596 530
13 71 60089 46
13 49 55575 524
13 20 25439 176
13 98 47977 457
13 89 59897 131
13 85 39955 619
13 26 8141 299
13 56 87299 216
13 41 20925 54
13 70 87101 242
13 96 42843 196
13 20 3623 38
13 24 20327 109
13 59 41499 120
13 62 83161 600
13 86 6278 32
13 78 22713 50
13 90 29231 602
13 100 17395 487
13 4 50632 191
13 29 7580 30
13 100 28711 82
13 87 39289 126
13 80 23636 14
13 63 15259 60
13 98 47364 78
13 42 8198 114
13 57 59324 94
13 82 40004 357
13 99 20740 497
13 1 12459 94
13 25 22942 72
13 98 4429 189
13 93 128727 80
13 69 44656 359
13 100 78672 35
13 62 20401 495
13 27 5318 462
13 56 8376 235
13 76 28459 195
13 16 27792 112
13 37 6516 1294
13 35 51008 23
13 36 13926 304
13 92 50459 65
13 23 11099 301
13 6 7373 210
13 83 21449 447
13 10 45748 201
13 99 24848 403
13 58 36394 105
13 71 10303 507
13 7 54687 448
13 8 28198 21
13 11 13392 13
13 11 2525 571
13 82 4899 356
13 94 11133 29
13 41 9232 20
13 33 46744 164
13 100 16833 68
13 74 178884 140
13 82 8915 193
13 76 56878 446
13 75 12667 118
13 76 28997 26
13 26 31025 98
13 83 6274 461
13 94 22186 209
13 93 144627 147
13 63 7827 357
13 49 1300 1153
13 62 17854 196
13 33 54518 128
13 81 49089 78
13 77 52441 152
13 45 11496 11
13 47 58047 168
13 96 90687 101
13 46 31192 88
13 35 18186 22
13 79 100338 239
13 98 22228 75
13 6 113207 206
13 39 48747 261
13 97 10667 73
13 58 53412 87
13 67 35358 131
13 78 24347 711
13 2 6950 228
13 32 54271 78
13 79 4279 160
13 21 18342 93
13 54 50995 105
13 15 33852 78
13 44 20841 12
13 94 17389 185
87 27 20438 175
14 16 159781 342
48 23 8735 452
64 83 9620 103
66 67 8470 443
87 7 11703 130
51 25 90027 103
74 21 158585 531
89 98 12027 153
9 57 12911 3130
39 99 28070 22
77 100 14541 92
96 84 106971 193
49 29 8992 37
84 48 11108 392
15 71 15470 179
58 61 14147 87
26 39 80122 363
46 24 11116 333
31 32 18721 148
64 85 48872 42
11 82 17980 541
52 7 33989 270
23 29 36051 36
55 91 77310 665
64 40 12368 29
6 82 89198 130
76 56 7772 424
96 22 76989 133
25 17 7549 23
88 81 11031 1251
56 45 35498 254
1 24 21360 428
70 83 22531 11
39 5 32094 58
98 92 23230 107
54 47 15894 194
21 47 7651 191
72 97 56241 111
98 18 11292 44
30 22 41421 329
70 39 5178 147
6 33 7476 179
98 25 19513 543
63 2 17950 121
34 31 12815 51
94 74 11697 12
42 64 24576 127
96 65 18567 40
80 88 60036 25
50 18 59917 299
64 31 103203 74
88 44 26426 298
27 77 71106 641
83 68 36450 195
44 40 16011 104
71 58 45200 356
67 2 2116 153
56 84 49410 68
20 92 26775 454
12 20 46734 42
54 61 5470 237
7 18 24228 474
81 61 29291 62
8 39 13524 383
67 85 6392 82
67 6 11589 100
79 33 16984 270
39 87 6882 245
83 34 19215 15
43 36 16091 171
80 40 22430 126
44 4 6769 63
16 52 25292 146
12 38 262504 465
22 42 16574 63
50 22 57254 1130
88 35 165702 197
24 37 9883 57
87 96 14386 196
48 18 8328 352
41 72 39215 40
55 81 21027 61
100 38 16444 440
69 47 23576 189
72 83 11486 459
61 14 14241 18
88 68 8771 282
60 75 35206 421
8 36 2921 65
21 44 111439 90
49 82 36655 87
3 18 48400 109
5 56 79870 641
15 66 16437 111
70 75 23294 149
87 25 4299 58
22 74 11981 133
62 68 22036 190
99 74 4731 415
6 3 12824 137
65 19 5831 209
23 74 24289 530
66 16 41044 397
48 5 15597 4463
93 63 69217 172
25 96 10063 44
77 53 68443 279
43 85 62478 302
30 12 6671 48
71 52 7747 81
31 34 22002 334
59 87 23283 59
81 20 63388 1043
82 60 80488 49
9 3 13818 159
36 8 20527 288
65 94 20191 91
8 57 74211 47
94 29 13636 27
89 82 13825 120
51 31 4475 192
69 89 62445 397
44 71 15785 866
89 97 44428 389
77 61 73045 212
74 18 27650 248
52 85 25850 47
58 88 2486 141
18 32 253401 729
95 45 50223 521
2 48 48592 439
92 77 7778 72
9 29 90905 88
4 29 14480 69
54 82 1596 272
20 59 58530 463
88 64 148201 67
18 3 13787 253
96 98 186858 240
94 67 30021 452
5 23 5620 242
98 79 13917 31
51 16 6109 872
59 55 16701 228
39 55 66348 69
91 90 28384 143
21 31 58375 235
32 92 48460 475
17 68 18999 528
73 43 150590 130
7 63 19951 498
37 44 27358 35
47 77 39942 378
65 66 29060 193
88 92 23325 406
59 58 14607 299
43 91 10730 214
44 39 89539 95
14 93 67029 106
80 58 54664 500
35 11 19511 77
90 39 6506 68
40 88 29433 454
65 8 31181 152
86 92 74120 52
14 46 56146 147
45 48 37317 129
57 25 28690 31
70 44 13190 85
43 63 43757 467
31 2 2187 526
68 21 50749 237
43 12 19040 79
61 72 9433 245
95 76 6502 256
88 24 6917 167
23 87 8229 62
2 98 47693 1457
68 39 2584 456
81 79 9111 51
46 58 133146 235
36 43 33507 53
33 46 25385 132
48 80 137080 32
25 61 91730 268
31 94 74276 256
26 67 46560 286
30 78 13240 148
95 69 10392 27
62 33 2188 129
9 37 10384 807
62 46 17443 83
52 72 14151 47
62 54 198600 429
22 57 8709 28
58 7 13493 45
84 37 19817 134
73 34 30164 131
98 43 8625 997
13 594
82 807

4387364
