100 299 1 1
92 50 134546 124
92 99 6747 346
92 63 32216 290
92 7 13666 329
92 83 10443 156
92 90 14710 366
92 33 5359 378
92 44 30613 351
92 27 8603 156
92 29 29621 23
92 16 13084 24
92 9 22862 239
92 81 7927 330
92 60 16220 82
92 42 54058 132
92 67 19568 43
92 84 30656 65
92 44 175114 405
92 66 6986 27
92 33 8776 112
92 84 16889 66
92 16 96469 343
92 90 27848 191
92 77 7314 139
92 93 32333 62
92 45 10092 319
92 37 23188 142
92 26 16509 97
92 54 33421 112
92 15 8288 10
92 11 5098 40
92 65 25310 52
92 37 7302 68
92 67 3904 207
92 47 15733 41
92 2 75949 77
92 64 42629 130
92 52 7590 260
92 70 10865 439
92 97 8003 61
92 99 15308 45
92 36 32248 95
92 98 25597 115
92 64 191544 8
92 10 116247 216
92 90 24666 2439
92 82 10754 393
92 71 55834 653
92 61 26113 62
92 47 15932 106
92 66 5109 81
92 80 14559 468
92 76 26638 140
92 19 13530 33
92 76 22816 150
92 19 36339 39
92 94 20543 227
92 20 33065 150
92 16 12538 363
92 21 30780 69
92 17 46218 255
92 19 16578 127
92 74 6788 17
92 91 56792 74
92 71 21025 221
92 62 27747 28
92 33 7673 34
92 85 56983 378
92 56 37150 1057
92 83 29509 94
92 75 129613 35
92 45 10639 164
92 15 6090 265
92 65 14941 14
92 26 6707 230
92 28 4680 250
92 13 15151 42
92 39 23830 149
92 22 11310 878
92 63 26713 77
92 87 12512 94
92 65 29205 41
92 71 23688 353
92 64 30216 153
92 38 51617 89
92 33 38704 76
92 96 21039 255
92 66 56763 151
92 66 176470 420
92 88 39561 175
92 36 74140 74
92 17 8105 51
92 27 37333 134
92 82 21328 143
92 86 25430 823
92 46 120026 30
92 24 15989 474
92 62 100790 20
92 89 11976 256
100 54 15581 81
4 24 16913 103
27 47 8239 326
3 75 39926 136
39 85 81542 69
71 6 19778 314
35 65 4454 460
80 51 134524 80
17 57 6728 327
55 6 21082 66
33 62 3776 111
55 99 22389 148
56 95 93753 938
81 100 5861 241
88 1 34131 59
14 74 9735 306
35 32 32739 51
20 62 53553 56
28 35 31180 55
23 50 62205 493
24 81 11752 57
67 64 29699 312
85 77 10409 310
66 32 14203 83
65 21 105487 37
9 27 24701 108
14 76 23004 79
5 14 27196 49
99 41 134122 53
19 61 66339 79
53 35 21632 311
12 37 10777 59
93 34 4957 219
1 27 75581 112
22 15 101613 157
98 46 122096 129
7 1 7950 33
51 16 32766 317
32 27 31008 79
93 28 69479 100
13 76 87025 77
32 100 6102 314
61 51 14415 144
95 19 34518 53
96 2 37700 568
5 61 112032 27
94 23 8838 335
32 4 89930 190
87 51 20294 540
81 8 1195 74
42 64 20938 175
93 86 529335 330
79 60 38661 201
59 87 43159 373
18 72 21815 49
76 78 31221 374
10 17 2795 430
26 16 11770 29
9 92 45366 122
97 31 16526 199
40 45 19747 30
43 88 13631 335
19 71 10278 66
68 19 32605 127
19 98 14652 239
88 87 36144 1489
31 10 10696 106
64 37 33429 162
88 92 1723 241
38 68 13440 382
80 36 64792 198
4 47 7719 194
11 67 14377 85
90 16 8492 161
88 72 9851 183
95 66 8114 745
79 97 58354 42
10 40 46691 148
12 7 10373 244
20 56 7285 464
82 43 23778 59
52 7 17476 51
70 68 16484 44
33 100 124112 289
15 19 12103 90
7 28 30223 194
15 63 9512 123
39 15 8888 85
87 48 14271 377
23 45 14440 252
91 64 16678 14
96 26 13433 209
45 77 18954 126
43 94 6606 122
4 98 8132 550
81 77 9651 155
99 61 9932 161
82 71 46533 62
63 37 11402 110
17 62 11416 14
41 97 53565 206
57 32 32988 1556
43 53 24230 239
32 6 7004 1524
87 66 11229 261
35 100 44640 265
23 67 4639 184
35 46 30815 31
94 28 21466 73
56 63 30967 41
98 70 28948 212
82 73 33599 86
78 24 3806 86
89 59 362107 62
80 33 114599 40
77 58 51650 172
31 73 17638 60
7 17 126028 237
64 1 35978 250
90 19 35735 147
61 35 56306 79
3 21 31094 239
85 27 24577 722
63 43 13671 376
16 81 50909 219
63 83 11571 107
88 7 25397 215
44 30 21848 768
39 40 23070 218
84 12 56182 226
72 52 10488 74
90 52 6313 1287
96 75 17981 50
42 55 19286 37
67 69 9700 246
41 93 19205 221
85 93 63109 65
44 76 19334 357
11 57 49230 258
84 36 3968 63
84 4 10375 86
51 74 30023 277
67 88 6677 149
95 42 10775 49
47 31 14369 58
6 73 4036 42
44 92 98191 287
99 70 24917 159
62 96 28175 503
19 15 21767 18
31 54 30713 45
75 93 40883 564
39 63 26955 211
73 28 19964 241
84 82 6089 68
86 3 51847 167
20 6 28056 51
40 30 24293 268
91 50 18101 320
35 83 6758 38
61 22 38122 489
53 63 77516 258
30 72 3127 63
3 8 4678 122
3 45 112198 126
69 75 14024 24
23 14 48147 562
22 82 19786 11
48 51 19824 660
6 94 43787 158
11 6 56305 49
1 78 29750 79
44 17 13046 150
68 57 14480 60
90 21 84450 520
46 65 48422 500
71 19 43772 48
19 56 32260 33
51 69 16669 251
6 23 2071 60
18 34 38380 759
59 52 2920 131
64 52 23336 142
47 12 29421 18
6 78 28601 57
18 68 63558 22
86 39 66704 89
84 29 1730 52
98 34 64262 180
100 53 21513 188
28 70 17008 166
86 97 8601 100
28 73 48737 116
85 75 3581 214
49 95 15995 54
46 36 197378 29
8 10 4754 260
69 82 35224 44
54 4 6185 70
42 65 58976 21
92 594
19 938

25215826
