100 299 1 1
38 52 174685 122
38 26 10631 211
38 76 50708 366
38 42 7320 618
38 74 5232 224
38 98 17399 718
38 63 34171 758
38 31 16261 338
38 99 3274 46
38 91 7563 212
38 81 100354 368
38 83 10502 226
38 27 22357 100
38 90 16404 179
38 63 5895 223
38 84 23368 76
38 53 6567 379
38 64 24740 74
38 65 12579 28
38 48 3030 677
38 37 9306 78
38 19 1338 46
38 69 83928 1060
38 6 70562 823
38 36 47960 168
38 98 42351 875
38 13 9302 276
38 22 44055 529
38 92 23331 192
38 79 79261 182
38 95 63616 84
38 40 45543 103
38 64 160561 129
38 64 7270 465
38 73 12853 149
38 76 31058 66
38 33 10855 1963
38 8 12314 60
38 18 39072 474
38 94 15467 256
38 1 15407 326
38 52 9951 98
38 28 54200 319
38 84 44766 167
38 46 55731 255
38 20 14743 301
38 44 40498 75
38 43 21557 678
38 30 42186 97
38 73 75499 78
38 71 20870 513
38 23 4490 317
38 77 17291 41
38 3 60136 70
38 10 16866 201
38 93 15762 159
38 71 18979 208
38 20 29993 193
38 17 10756 67
38 49 12691 56
38 7 69261 411
38 6 58158 99
38 15 22914 187
38 57 16045 112
38 57 23978 287
38 25 72328 290
38 99 20595 353
38 68 18564 64
38 14 44522 111
38 8 95282 34
38 7 17975 50
38 17 3496 93
38 93 73262 52
38 85 29712 145
38 86 38777 91
38 20 8452 367
38 46 1643 113
38 91 8450 170
38 62 118594 66
38 6 9366 58
38 17 24628 160
38 84 30049 54
38 95 6623 248
38 23 7181 31
38 9 23222 302
38 41 15253 413
38 69 32494 202
38 21 24633 314
38 71 32747 117
38 100 27317 506
38 42 35665 31
38 21 89918 60
38 79 74260 221
38 11 8070 78
38 32 4980 143
38 83 9855 73
38 26 102592 40
38 36 18313 1879
38 47 1496 48
48 6 7171 376
80 3 14710 104
11 8 20911 43
4 1 9808 248
76 91 12138 520
98 51 56816 32
12 36 13626 162
1 48 18490 49
91 68 41119 108
97 16 286188 275
99 28 39173 167
73 10 17462 304
25 37 937 174
63 89 28864 66
57 8 147237 180
17 90 23286 403
4 69 12091 58
45 35 10284 187
69 49 25567 16
88 30 4688 127
18 48 26159 187
2 17 190142 200
1 23 10154 202
43 98 4615 965
73 60 1648 33
64 13 51184 213
8 16 33609 70
84 49 12670 146
24 8 21076 103
80 73 17161 67
53 57 21455 245
91 89 23774 188
46 58 61640 354
7 19 21729 163
76 37 77245 111
21 9 12633 2170
69 13 42068 142
14 6 42245 770
43 19 1796 629
12 18 39110 98
97 9 31860 218
33 39 39219 27
68 36 11332 35
21 14 11168 850
50 23 9681 55
42 94 33147 170
74 72 147118 85
31 17 58594 789
85 26 7641 153
11 10 39875 596
42 37 4062 756
78 10 10290 642
45 18 30457 88
66 24 6478 85
59 56 9886 195
47 82 2748 57
86 56 6811 74
67 14 48680 307
83 76 18438 351
44 3 3897 261
61 83 85743 219
100 9 11389 165
32 18 25980 309
24 5 7079 206
37 60 120041 61
31 71 6788 37
31 45 20923 143
27 56 28419 817
67 66 22959 302
76 10 23507 131
23 80 20347 991
17 1 15212 208
31 27 81825 112
99 20 40373 170
64 84 42434 107
99 56 78774 224
40 59 35268 244
23 86 13776 339
59 42 108021 2314
29 1 10374 99
27 69 5304 105
64 72 14965 198
22 85 10954 350
62 5 26367 715
77 73 10368 474
49 22 27074 204
50 80 21263 207
26 41 50374 115
88 72 47985 64
25 53 16157 81
77 29 94518 225
62 91 23843 75
63 4 17959 113
40 85 8237 85
14 19 96494 86
89 46 14431 138
66 65 23316 1138
47 10 7201 56
61 70 59263 157
43 44 5784 242
76 69 13980 384
96 11 30777 92
39 17 11666 33
62 64 26159 551
18 32 28858 212
21 60 44261 233
32 7 119248 168
18 3 58295 54
6 46 18207 448
40 33 26182 51
71 70 42771 551
45 85 20061 19
51 56 12987 38
57 31 19276 1136
24 56 8304 71
47 52 16313 60
30 19 46692 154
76 44 14032 28
48 16 20367 351
88 62 9496 149
36 51 4634 756
8 85 24737 230
14 96 11578 295
42 45 64607 708
69 64 4714 1154
84 72 69816 143
67 23 44835 117
33 83 11170 81
37 16 14762 259
7 49 15288 363
58 43 28144 5
68 37 9271 30
90 13 3214 396
56 93 11391 203
98 27 31943 74
73 72 10765 255
78 84 13231 125
77 58 14207 532
75 90 15217 224
43 48 16798 8
20 24 19923 413
3 30 57803 1524
20 94 24258 115
3 81 47494 97
66 71 23258 43
41 27 6363 288
48 67 8541 168
23 76 118532 382
5 3 108155 333
67 54 125266 429
49 36 22065 150
8 72 53114 127
74 63 49539 60
40 19 22676 53
59 88 19334 177
91 33 16954 85
41 83 17737 154
83 19 33244 344
84 50 38254 58
84 82 8222 300
10 43 8913 166
12 31 16379 77
15 91 6047 678
59 86 37837 40
4 35 99114 92
60 69 32283 86
9 63 36726 265
55 20 49446 44
2 80 9258 33
18 78 14744 85
43 20 61193 366
42 36 18265 396
13 96 8952 245
95 76 6813 199
5 29 30549 436
61 31 21078 86
48 15 2259 136
97 76 2545 65
20 81 25191 127
23 64 67683 232
10 65 2900 544
18 81 49406 41
19 64 54458 80
65 79 70240 2791
85 98 14097 379
5 24 33348 107
48 11 19435 1085
34 75 30412 561
7 9 218773 280
75 63 100158 68
34 72 25508 58
70 60 3916 87
52 48 105069 41
54 44 129162 172
48 89 7903 35
54 8 33902 579
14 83 306137 635
34 19 27583 296
64 15 15177 275
95 39 13926 585
38 297
19 1008

5733695
