100 299 1 1
6 63 23304 478
6 3 132587 192
6 84 44574 97
6 40 41275 350
6 71 13691 87
6 44 6277 255
6 65 7217 86
6 75 12487 338
6 82 8267 776
6 7 7970 60
6 52 14104 354
6 64 49471 275
6 99 70825 130
6 80 14472 91
6 51 97718 1305
6 18 37109 87
6 12 1276 54
6 9 10163 392
6 86 622851 252
6 58 29470 116
6 28 10938 32
6 20 33620 50
6 60 3276 1323
6 47 105588 679
6 83 12177 200
6 32 13841 56
6 13 18049 198
6 77 20392 26
6 17 34362 292
6 88 11606 47
6 97 4015 931
6 35 44350 247
6 62 90134 70
6 100 18810 43
6 93 59249 52
6 34 4719 167
6 73 20735 178
6 56 20429 105
6 14 7172 40
6 8 16337 90
6 33 31463 127
6 39 33322 151
6 74 79608 48
6 91 41064 93
6 43 25193 68
6 42 171855 55
6 76 3670 83
6 36 13582 370
6 55 11306 87
6 92 15029 146
6 89 5956 1343
6 25 13416 45
6 70 83320 211
6 29 46836 39
6 72 21153 157
6 46 9419 297
6 79 38626 154
6 67 63108 792
6 16 6977 205
6 5 24094 438
6 2 23119 71
6 98 4408 242
6 49 8738 722
6 66 163987 176
6 96 31227 45
6 45 25870 327
6 38 23013 57
6 53 37426 83
6 31 6967 812
6 1 67536 89
6 95 34060 1257
6 78 549490 197
6 87 54735 53
6 26 52728 23
6 21 93859 95
6 27 16872 160
6 10 15030 285
6 54 5833 288
6 50 25046 84
6 57 31193 101
6 15 8344 242
6 59 14888 49
6 19 39111 202
6 11 210061 109
6 23 8461 116
6 41 9562 45
6 94 11221 430
6 68 4526 63
6 90 15110 275
6 37 10107 292
6 48 61420 239
6 85 28110 140
6 81 48158 546
6 69 7916 600
6 24 7905 169
6 61 73440 181
6 4 13137 399
6 30 43240 65
6 22 15583 602
36 78 7173 478
77 10 17810 17
55 64 23149 705
92 78 7528 92
9 87 6484 191
36 37 50501 106
93 53 87883 271
49 53 8625 67
23 63 26585 73
23 97 99391 118
96 91 3970 342
35 45 47374 734
36 57 20573 33
38 8 101656 361
74 44 142644 208
82 59 61072 221
58 51 7613 37
2 45 15490 50
86 97 6620 31
56 55 23799 115
69 35 28785 59
25 34 16853 66
58 86 3300 86
64 18 9473 462
21 85 3963 21
90 24 19793 180
69 97 15611 213
12 66 7250 595
94 45 12268 202
32 40 33787 147
69 4 18867 60
52 62 93166 30
82 4 21641 134
64 11 6794 15
59 40 20193 160
20 2 78599 114
82 44 4794 69
53 46 14392 331
96 43 61308 165
10 36 2674 31
65 64 18181 73
88 52 4992 289
59 96 19027 158
86 93 10149 426
31 55 60104 545
35 56 101423 727
22 7 43077 95
88 30 70278 29
43 40 35689 53
80 48 38184 403
13 6 14572 210
25 90 10007 142
29 18 88833 249
43 85 8635 192
78 82 403323 91
88 20 13556 173
77 47 8632 299
76 33 5067 242
62 56 16921 34
47 20 34687 141
44 31 57069 306
55 37 7981 179
32 84 43768 201
83 37 9752 87
2 73 13446 182
84 73 3748 215
46 1 19680 197
68 35 18371 226
99 94 13228 151
96 89 14213 184
31 2 12968 43
92 24 10491 67
87 67 42276 77
8 97 30715 57
67 93 52513 73
19 46 6823 56
10 79 16692 256
61 51 152690 88
12 60 66400 299
68 41 29612 217
71 47 29861 44
37 55 114831 43
60 95 44403 65
35 92 30070 114
68 10 18849 214
62 93 60828 41
39 18 33998 48
26 97 44274 47
82 35 37979 85
90 15 76858 82
77 76 22854 140
28 72 11905 253
86 5 22583 169
75 37 3253 1200
57 22 58283 302
12 95 2383 79
21 99 5387 417
89 56 21354 219
25 58 34526 132
85 28 14935 134
32 66 15139 21
67 96 18017 305
14 100 15180 825
17 36 10388 660
28 87 11545 280
37 11 57618 781
74 95 91694 85
10 21 10117 911
23 39 5399 33
57 96 39595 39
71 26 22340 249
23 67 44412 282
27 73 69387 129
8 61 12999 65
35 87 13724 113
72 74 84208 48
35 61 27336 77
61 21 37807 36
57 83 14815 414
61 99 62188 186
7 59 5043 151
10 18 44321 111
14 16 3284 305
47 44 56247 260
9 18 34107 144
34 74 7615 35
77 5 40205 74
64 95 110471 558
43 77 9434 20
24 39 9117 72
22 4 2788 162
38 85 45371 34
25 82 29016 132
88 37 10534 57
16 74 42962 1006
86 79 32865 45
86 27 4086 205
39 32 4785 88
70 33 8585 57
29 76 14254 80
9 48 27284 280
16 25 11353 218
17 72 9686 502
40 8 6530 270
80 81 25278 840
49 8 24830 116
78 9 3570 1420
88 78 109124 41
60 52 74809 65
83 52 8617 61
53 97 68195 46
35 10 62193 38
92 3 20873 94
38 35 18107 50
59 37 20578 87
4 59 27681 211
41 12 10288 138
75 84 41996 99
58 71 17022 411
55 22 14561 188
78 80 112229 79
41 68 13804 88
39 56 28330 179
59 15 44358 98
47 95 73912 158
86 53 18710 27
63 62 38038 189
10 56 24668 1334
77 55 101502 58
100 7 19985 259
35 81 42266 62
95 81 28891 217
95 98 49559 152
27 48 59152 217
24 100 74954 125
71 55 3015 433
45 76 39063 71
81 95 81480 109
19 49 362135 116
13 56 15521 17
32 18 16332 460
40 14 54569 69
64 5 6135 252
23 56 42056 55
80 4 4844 268
18 52 43937 53
66 1 45166 187
94 55 5991 38
94 6 24720 29
80 35 7045 32
3 28 66629 91
50 67 22422 98
56 22 33072 131
26 86 12886 352
3 7 29972 82
45 98 179656 150
30 96 16344 144
82 20 14395 64
30 40 47627 226
97 55 63066 221
6 396
56 51

1041879
