100 299 1 1
24 12 9774 158
24 66 10895 163
24 47 4028 88
24 14 1039 206
24 27 59055 130
24 39 17023 52
24 32 637405 68
24 92 78744 182
24 3 47550 119
24 49 7563 97
24 56 118631 133
24 16 41434 267
24 6 21996 43
24 73 34635 64
24 4 9119 82
24 9 55233 208
24 45 86648 67
24 57 3148 104
24 52 47833 129
24 51 46828 586
24 18 6234 19
24 74 13749 166
24 8 2994 52
24 79 18499 67
24 25 35473 140
24 78 12585 104
24 5 7559 45
24 59 2563 42
24 1 25675 98
24 41 67922 108
24 54 29615 361
24 37 13798 263
24 36 8367 945
24 23 83339 443
24 40 31775 32
24 68 124076 140
24 72 17649 255
24 96 17468 46
24 99 13760 251
24 90 22479 185
24 17 120102 429
24 29 5702 51
24 7 222839 153
24 77 10350 124
24 88 15466 102
24 31 83900 226
24 75 2473 167
24 86 39829 335
24 34 52972 563
24 60 52341 55
24 11 53832 220
24 63 46851 24
24 53 4134 204
24 80 35906 87
24 58 82326 325
24 62 36106 123
24 55 44015 272
24 26 31895 1007
24 87 27854 63
24 13 1237 140
24 30 26598 68
24 94 1673 423
24 67 25137 149
24 93 22441 123
24 22 8163 159
24 19 1245 88
24 91 19417 43
24 65 24773 226
24 10 80522 196
24 20 252346 95
24 50 6109 65
24 35 45719 323
24 76 13566 160
24 15 4921 1263
24 33 24790 1016
24 85 39228 91
24 46 39836 169
24 100 3086 208
24 28 8350 751
24 38 8824 256
24 48 27975 93
24 61 41835 305
24 82 25104 380
24 89 93423 99
24 98 19379 369
24 84 24051 93
24 43 20189 381
24 21 8607 76
24 70 9365 143
24 2 451192 42
24 95 7240 66
24 81 44416 197
24 42 38506 226
24 97 16209 94
24 44 10286 309
24 64 54471 77
24 71 9099 76
24 83 152982 224
24 69 9537 827
42 39 19441 75
48 64 35587 69
44 3 1543 369
21 42 12600 365
93 56 3311 55
28 90 13125 1195
22 97 12539 26
76 9 53884 348
11 69 22999 326
3 98 43905 67
61 33 66468 60
70 77 29674 379
20 3 8772 22
82 28 142531 303
11 7 34898 312
67 2 22033 201
85 80 70545 467
42 5 11433 76
82 54 12212 105
60 36 12800 59
99 73 28597 469
22 54 3433 751
49 61 12986 30
78 58 20472 250
72 66 20445 22
20 71 822389 487
54 49 28708 204
65 86 19146 304
53 37 20911 150
44 32 12439 64
32 56 32701 207
39 12 47234 295
96 1 21382 326
14 69 48805 74
59 52 22321 106
20 69 28702 25
26 47 3569 68
17 29 9958 536
34 42 9681 21
62 76 27049 361
68 22 20030 276
71 27 28500 53
77 73 52743 68
52 30 20051 137
80 85 11666 460
43 80 15109 31
90 19 37876 47
49 1 25448 128
25 62 16739 106
90 75 3535 244
95 42 35205 100
41 36 11913 294
39 6 20807 70
75 65 4514 96
64 80 11817 126
18 78 9598 203
21 25 25522 218
87 34 42538 373
29 64 63372 313
29 54 64599 23
34 76 24052 231
60 11 22908 483
13 16 13040 53
18 56 19297 494
67 70 8330 64
36 79 1786 69
8 43 9168 87
99 27 29642 1508
30 56 7681 34
94 68 17997 182
52 36 16349 376
91 56 11513 103
47 83 23884 24
47 81 17571 72
93 82 21035 374
79 26 30205 189
30 93 28327 128
93 49 52010 200
18 19 21026 276
38 13 52144 101
30 12 53203 31
69 68 3708 78
82 53 36362 623
44 49 17671 136
96 94 9229 94
25 54 15502 876
87 18 48863 519
52 7 14676 271
64 39 208767 107
67 98 7510 31
10 19 96281 100
5 8 54272 219
48 77 19075 49
48 78 9946 449
56 43 7933 446
47 87 117987 301
59 13 30863 103
72 32 6009 189
6 68 12914 83
30 62 42047 193
53 8 210019 284
12 26 50609 220
62 80 34912 69
23 58 4383 33
55 69 36951 20
14 90 48612 329
60 46 4599 129
47 57 67781 83
6 23 6001 144
16 37 15546 146
41 98 108685 217
6 89 193026 94
26 45 5194 83
16 39 9699 88
79 3 3189 228
93 23 29291 237
26 65 9537 395
67 100 56991 64
98 46 10575 98
97 39 50244 52
44 77 27035 185
20 28 13065 258
23 63 24951 203
6 85 33500 957
21 60 63107 150
52 56 36839 29
58 18 64069 156
2 98 8431 286
68 13 1592 94
48 58 7744 441
7 14 66205 138
22 64 23388 53
74 100 13558 188
49 54 19406 147
4 37 9227 204
53 16 14368 86
85 57 12196 18
98 78 13858 828
59 83 10794 284
68 54 12326 24
67 96 5074 29
79 65 3926 40
88 30 45088 364
85 36 24362 109
73 26 32686 39
55 44 217998 77
85 69 20212 127
26 66 68996 125
47 64 85618 75
57 62 40345 621
42 46 86016 34
75 72 7095 70
38 98 5074 160
78 48 40214 80
1 28 51923 62
86 45 225983 388
32 100 74395 220
23 7 35588 242
79 66 12462 165
58 11 22520 125
29 72 13287 548
74 83 73697 1294
95 2 8515 151
35 48 18498 119
83 26 5214 69
64 7 4868 295
48 79 72419 209
97 96 152081 27
1 91 5038 428
85 11 6731 128
95 29 11885 522
51 32 4205 86
28 36 23313 506
30 88 26721 189
68 90 362111 31
66 84 1159 147
51 3 19381 457
13 73 20046 136
16 3 45737 86
35 54 17775 638
77 60 10012 150
3 10 20573 94
9 38 10368 49
34 7 47276 97
15 61 86578 740
98 11 18481 159
37 15 36528 170
48 87 29763 259
93 11 9635 25
46 48 19108 119
50 1 66477 113
66 99 15767 111
27 78 22588 111
13 59 184083 453
36 81 13502 521
46 63 53747 231
41 42 15237 208
4 61 2902 50
65 78 15901 209
62 70 86174 154
24 1485
54 1455

55730118
