100 299 1 1
1 20 1182 58
1 40 21903 199
1 76 67914 189
1 3 13665 236
1 4 9943 182
1 88 23141 67
1 19 14707 1820
1 14 6382 1150
1 36 27124 35
1 42 15632 36
1 82 128129 118
1 28 24959 97
1 70 52275 331
1 39 49096 184
1 92 4909 56
1 80 71829 85
1 75 28869 65
1 11 15959 103
1 67 19069 196
1 50 8264 275
1 84 28167 95
1 63 32775 91
1 35 132605 167
1 99 4822 263
1 35 26152 118
1 25 40304 95
1 83 47124 100
1 30 29588 59
1 80 166693 40
1 67 12443 94
1 33 68492 95
1 92 33626 408
1 77 52760 125
1 17 437142 80
1 37 124561 202
1 12 31552 468
1 6 36124 125
1 30 9077 40
1 77 362077 630
1 71 41295 128
1 48 6235 68
1 33 23108 97
1 68 9402 35
1 15 37499 359
1 2 23926 139
1 24 11967 126
1 88 14811 213
1 21 27881 183
1 50 53484 299
1 81 32685 90
1 75 11864 108
1 98 44004 519
1 69 2356 84
1 63 30455 429
1 33 4988 58
1 94 23864 26
1 91 32569 299
1 91 37140 214
1 40 106378 49
1 61 2895 39
1 70 10582 16
1 82 108774 690
1 19 8177 88
1 89 89631 1084
1 90 5173 257
1 88 9452 50
1 55 64727 26
1 88 54235 207
1 27 8194 547
1 4 23794 39
1 11 8737 163
1 27 52097 47
1 6 38504 297
1 95 11855 35
1 71 51551 89
1 60 9545 600
1 69 10960 393
1 33 10025 44
1 96 15621 398
1 29 33802 387
1 77 16319 170
1 13 4466 177
1 50 47161 194
1 48 32498 135
1 13 189415 115
1 44 18104 221
1 4 67641 82
1 82 11685 1553
1 100 19350 232
1 19 16726 59
1 47 3153 293
1 82 35148 403
1 92 23616 129
1 20 39355 18
1 9 23849 40
1 14 10658 46
1 67 9818 128
1 14 4884 95
1 82 16650 59
88 51 10625 83
32 98 14132 90
63 82 12602 118
32 88 30000 116
40 90 166906 129
7 19 23889 136
31 68 41328 119
3 2 141037 168
31 79 20917 88
61 21 24123 116
84 33 18572 194
24 85 23872 393
62 55 60821 213
72 64 34583 539
99 34 80960 117
81 100 12610 308
26 10 10040 132
63 94 9286 74
86 81 6933 227
71 11 4651 57
53 39 7261 140
49 22 4455 75
62 90 9135 75
55 80 6943 177
77 92 15866 220
31 66 17058 212
21 39 52547 162
97 43 24632 141
66 77 22873 146
38 41 16857 115
74 66 15860 883
2 31 10826 129
56 32 22173 219
67 63 7526 217
76 45 53163 425
36 87 16205 238
73 63 10887 29
26 75 30009 191
87 69 17735 12
74 37 20257 727
29 4 30293 129
26 17 60029 76
8 77 93921 85
5 28 139028 346
57 77 6454 645
50 46 12176 192
33 28 6676 662
7 52 11877 327
20 74 18815 2081
52 20 6693 34
76 93 7456 150
87 4 1645 1500
39 83 67560 255
36 28 37048 47
56 46 29044 1995
50 44 1552 154
76 77 3444 233
29 5 32237 345
22 96 33538 19
89 74 16681 55
42 86 2453 322
22 71 214313 125
81 58 5472 11
99 45 5435 89
90 12 64587 342
33 95 71941 68
22 33 1725 53
84 37 14217 68
34 55 20164 390
79 26 55890 54
43 46 34282 349
14 97 43040 228
62 21 61978 427
97 80 22215 201
69 41 133670 122
89 70 48015 153
86 98 14537 539
26 59 62419 307
42 61 65469 93
2 52 39277 211
49 61 5388 191
10 67 4408 150
57 15 7429 593
96 91 40485 9
65 82 11272 207
67 70 2631 119
68 49 26291 124
95 15 28005 25
54 64 40112 565
89 77 52987 34
57 82 93303 388
37 91 6650 56
22 79 9498 478
58 93 37524 91
88 46 9158 424
64 52 75532 334
60 61 16020 223
33 92 20181 484
21 49 13287 615
14 92 11263 100
21 97 15935 267
84 57 41730 148
41 68 198440 586
87 52 85854 120
60 14 29326 24
2 88 32619 201
78 19 20178 39
57 35 6371 742
73 36 37860 117
32 55 5316 91
7 8 36558 111
4 27 10850 353
10 37 6731 128
52 89 64385 167
59 84 9169 199
31 93 249259 563
45 55 57907 305
12 31 30183 45
70 56 11129 99
92 6 27837 67
36 7 19636 514
96 80 109398 1181
26 42 69669 46
61 55 45092 117
36 82 26652 355
98 4 15360 147
61 68 74986 106
93 25 20378 257
29 37 60878 78
41 40 6547 412
56 91 69825 70
76 26 26252 76
26 39 26246 44
73 82 8003 204
6 74 35858 195
31 35 15468 59
66 20 7515 105
92 65 21847 237
39 97 13935 119
36 8 5775 52
3 68 228358 77
58 72 47890 498
93 33 16265 92
85 76 51817 168
47 61 2900 160
74 33 53908 148
15 87 39857 497
50 83 6820 154
28 63 32832 46
30 43 12374 81
20 1 5993 583
75 27 6539 330
3 74 6779 65
92 22 379722 117
40 70 15501 180
32 83 74825 84
70 62 46444 1468
11 21 15679 861
30 7 4429 67
90 87 12857 29
55 71 4940 52
45 1 7575 15
84 48 7466 131
35 67 126204 24
49 35 19229 245
3 92 68448 116
25 45 38285 257
13 36 108483 326
61 86 7142 301
44 65 18663 125
84 1 13679 38
70 47 78269 151
73 44 8441 46
49 42 29609 564
2 64 78881 204
81 31 11140 176
95 12 3441 29
93 5 50038 24
75 60 22498 738
47 8 85385 206
56 1 2524 135
80 30 41958 234
49 32 362658 58
67 35 47340 32
3 49 43833 130
84 56 22360 50
81 54 49504 213
64 65 5894 37
98 28 9381 79
67 47 121869 265
22 25 115218 60
10 23 27058 612
52 84 5391 60
99 9 18075 124
35 59 23365 65
92 54 179014 168
8 46 20481 119
89 20 51106 273
32 7 105677 434
76 86 16911 288
1 297
82 829

3470445
