100 299 1 1
46 82 61638 124
46 29 5169 82
46 22 28324 45
46 44 19470 280
46 64 47497 167
46 99 3458 1682
46 86 16953 170
46 66 4337 392
46 33 24638 40
46 41 109679 393
46 71 23232 367
46 60 41559 29
46 84 46986 300
46 6 4794 203
46 61 9967 255
46 8 23428 201
46 63 53847 199
46 55 10370 509
46 75 16843 156
46 6 8211 848
46 43 81188 409
46 35 53473 336
46 53 7059 41
46 69 29951 71
46 32 37998 125
46 11 24390 198
46 65 2387 40
46 34 50034 144
46 61 18923 196
46 77 17172 101
46 78 1653 30
46 42 10890 52
46 49 24197 141
46 31 10004 256
46 64 41465 285
46 32 15538 239
46 71 16745 443
46 79 33414 447
46 33 94249 319
46 11 24532 269
46 76 6341 94
46 45 31839 134
46 10 44422 306
46 55 57247 72
46 50 72415 195
46 11 32469 270
46 84 7285 31
46 37 3202 67
46 72 4556 129
46 55 37695 130
46 64 1819 265
46 71 24664 97
46 8 14475 22
46 50 36482 52
46 80 15292 184
46 51 10102 436
46 37 141144 19
46 69 31781 149
46 9 8301 58
46 26 6545 811
46 16 5735 36
46 9 20458 453
46 88 40680 282
46 37 10609 313
46 61 27914 289
46 73 83267 357
46 35 60485 123
46 92 38297 222
46 53 29308 47
46 28 12367 549
46 72 109412 21
46 32 4054 284
46 8 23841 747
46 92 9472 344
46 19 22973 410
46 94 47385 116
46 78 39312 44
46 33 16287 107
46 74 47191 320
46 49 10794 86
46 34 3637 65
46 15 39420 59
46 89 51870 52
46 18 17369 183
46 58 13084 108
46 29 24046 393
46 33 42976 198
46 10 4037 25
46 15 33580 51
46 78 42243 82
46 27 42339 136
46 83 6777 108
46 41 145087 113
46 85 46685 570
46 88 21325 388
46 95 13076 134
46 28 27243 515
46 100 25756 711
46 71 35666 1921
98 43 5724 199
26 42 17493 61
29 77 10255 88
29 61 45249 989
50 52 9289 393
96 41 15948 328
14 45 5831 64
97 82 18370 109
56 52 31750 77
68 40 59577 75
87 89 10978 123
40 13 31960 969
66 89 15563 47
11 99 73114 269
78 23 16934 11
33 92 23351 528
68 56 20333 111
65 6 18665 203
90 13 166840 26
76 99 41144 130
67 100 10321 166
95 48 17507 15
20 86 38145 233
93 66 13339 326
17 81 2792 21
1 19 23351 125
55 51 63901 582
57 61 39009 499
29 6 10355 365
88 94 999 307
75 44 94560 180
25 68 3530 516
12 39 81629 80
30 71 5467 21
83 88 11403 168
18 33 17984 66
12 15 9616 62
8 25 218927 122
7 16 12055 48
28 23 12065 92
80 90 8257 338
99 82 45343 316
92 89 26061 540
55 78 23864 228
99 45 25476 341
4 30 9409 488
39 31 10123 356
15 29 118471 518
54 97 95917 61
15 85 56124 22
4 44 107995 436
35 67 6848 140
100 16 30443 238
88 74 9703 150
70 98 6221 108
54 38 14568 67
37 62 34805 352
85 17 10238 405
25 72 30680 99
79 40 55955 123
56 18 6138 230
51 22 37915 222
20 94 9897 74
72 100 35542 681
79 90 8247 128
2 91 26616 392
25 82 23214 184
57 98 6240 81
88 80 37775 127
46 39 6378 142
67 34 27091 56
26 38 12162 210
50 1 10819 97
97 67 72505 46
68 8 64391 15
55 23 5148 158
47 7 53893 85
70 15 67872 116
32 37 9700 364
35 55 32286 169
95 26 16294 135
16 80 15433 45
52 76 8170 55
59 94 18305 56
10 36 37739 547
33 97 198686 62
29 41 19723 98
68 42 21997 118
42 16 7353 140
61 45 6711 588
79 67 194632 52
53 42 10698 186
58 41 53066 24
13 39 40066 115
2 11 35754 62
29 89 79348 437
81 12 1358 80
83 50 84572 174
35 29 16455 200
6 54 28687 286
35 98 62784 122
96 1 4613 289
65 87 15650 92
21 59 217726 175
88 37 8649 234
10 43 33796 127
33 26 12508 267
25 76 9153 809
94 79 8394 387
40 23 4980 45
81 43 109271 99
97 70 16529 256
82 40 59284 63
68 43 6876 247
89 13 12055 22
47 85 33155 181
3 40 19145 178
44 64 32639 386
30 72 46060 79
60 13 11086 301
89 78 5885 42
16 47 13990 68
53 93 40047 550
50 95 5366 124
20 38 18927 861
82 36 112829 123
69 59 16209 116
82 9 22304 290
62 34 63215 66
41 84 44370 386
9 84 25691 258
36 97 16465 147
73 55 5424 91
47 82 24496 34
64 31 22204 249
43 94 13969 37
100 12 22004 510
22 56 133427 416
65 14 3357 231
2 83 15424 229
65 29 14988 68
29 36 18903 58
91 42 10417 318
32 2 17423 1363
39 62 85938 76
40 73 6461 179
49 88 15425 663
46 23 36100 121
81 27 8177 78
30 66 82822 49
63 80 6596 4223
89 37 4641 447
8 30 93643 75
83 99 23154 88
23 29 116653 39
3 19 15613 58
58 89 27578 471
84 18 56332 106
9 22 97265 221
16 15 10284 418
52 46 5068 528
49 23 39446 307
44 77 45808 62
41 91 27990 75
16 28 35460 13
93 85 27244 69
11 63 11597 793
55 80 25426 251
15 1 62010 149
36 56 17692 63
74 37 3051 54
62 39 14425 44
91 61 227965 48
14 48 21309 161
7 50 56878 45
72 15 1374 113
16 53 9421 720
12 47 11237 409
7 1 12809 33
16 54 72644 157
83 53 23663 110
33 55 65917 193
53 40 13222 105
59 58 12397 297
59 21 5471 153
38 6 121887 78
76 40 11156 308
93 34 3663 27
21 5 42857 29
20 43 7751 148
69 86 37867 95
21 49 15029 30
37 21 20916 445
12 8 66049 240
14 57 211494 192
14 74 3703 9
19 42 4992 205
58 35 7053 116
62 80 12784 209
83 90 17883 164
46 808
37 2599

10940868
