100 299 1 1
27 37 107970 77
27 32 19370 148
27 93 16524 122
27 81 47098 488
27 69 31097 174
27 41 246978 96
27 22 38802 230
27 34 13563 130
27 91 16604 145
27 11 12618 191
27 47 16666 49
27 82 108167 267
27 23 13176 34
27 5 27549 219
27 70 50129 98
27 3 15461 108
27 78 4845 1492
27 67 12254 62
27 18 10773 291
27 8 32101 56
27 79 40408 982
27 51 4780 225
27 75 46690 123
27 36 12694 118
27 28 26249 120
27 40 40015 107
27 52 38150 34
27 72 30104 90
27 90 25008 150
27 4 24818 143
27 1 31033 144
27 76 11577 63
27 10 24946 147
27 9 26056 444
27 33 11753 324
27 74 24161 203
27 15 38442 379
27 55 5277 253
27 13 3222 100
27 56 17614 153
27 49 5293 935
27 77 12064 82
27 83 5657 82
27 39 21407 76
27 71 5417 19
27 95 200582 1116
27 43 10623 204
27 60 22850 49
27 44 10918 233
27 24 7774 488
27 38 4553 86
27 63 7580 26
27 65 12019 64
27 21 82337 62
27 42 12489 122
27 66 5173 52
27 94 24996 199
27 35 21462 476
27 31 15243 478
27 92 14095 531
27 89 23632 236
27 62 24475 350
27 61 128798 503
27 14 39912 172
27 80 22042 132
27 46 155492 47
27 87 74190 67
27 25 19175 254
27 68 5057 12
27 59 43066 56
27 30 4354 54
27 85 5755 148
27 96 58584 232
27 57 33715 349
27 84 37468 94
27 7 16517 194
27 99 32337 73
27 88 16202 536
27 45 30101 19
27 16 9300 394
27 58 1272 236
27 2 10976 114
27 6 71285 150
27 29 2207 281
27 19 15850 65
27 98 17110 463
27 20 8674 105
27 48 4092 248
27 54 5189 11
27 97 173771 57
27 100 6638 508
27 53 20731 297
27 17 108454 229
27 64 91603 252
27 50 48442 406
27 26 3416 58
27 73 55156 54
27 86 15581 332
27 12 1872 87
87 22 12208 550
100 79 22275 57
42 62 11107 122
33 83 58627 15
86 57 6924 478
17 6 14913 268
82 78 27077 762
65 97 26588 342
84 11 17517 26
21 27 17482 135
45 77 3912 108
58 37 12123 37
81 79 18908 169
39 88 39435 412
41 44 12192 146
85 60 13663 261
46 8 7803 65
13 33 15801 177
95 88 12840 82
11 74 21989 292
53 99 4405 113
97 14 39980 162
18 55 25036 430
53 78 175071 357
6 26 25003 304
57 74 7977 72
45 90 32917 204
70 60 3591 728
87 44 34811 156
56 96 21685 86
30 19 14646 50
85 97 6115 145
7 88 45167 860
88 78 36002 718
6 68 9942 2175
51 29 24389 72
15 71 111232 174
76 24 46550 284
9 25 135117 207
25 16 44301 116
72 12 35604 64
68 36 30735 68
30 12 27044 130
97 78 19661 155
95 77 46045 150
99 26 6239 98
55 44 10137 73
81 61 43975 57
73 65 3685 521
33 68 7882 248
14 50 103607 76
73 2 19254 63
60 15 80752 180
99 38 8185 29
21 33 3326 151
83 23 86552 142
71 64 10703 53
4 6 4262 148
84 43 31736 382
32 89 4037 32
68 29 142560 269
31 18 7703 105
79 67 8683 374
6 32 17452 123
4 26 34918 857
67 49 121042 444
72 83 5925 658
57 64 6365 194
46 41 37232 602
37 13 15008 65
47 98 4655 45
67 39 7905 83
76 49 58372 428
1 66 20562 1426
88 34 4734 78
65 77 28539 84
66 77 58722 152
28 5 13047 214
1 91 22220 191
62 100 32171 1044
93 94 11155 1016
65 79 8953 813
53 34 17870 17
22 53 77233 577
99 45 11430 261
95 50 63993 439
61 57 95318 96
99 88 16412 47
8 19 19677 117
78 72 204666 104
34 27 18359 52
68 24 42518 61
15 7 9183 52
91 65 14657 401
54 76 33832 5
22 15 129363 49
6 37 55377 22
3 2 29244 1152
41 59 43648 258
68 28 3119 105
56 63 10215 26
24 39 7917 39
58 20 3028 20
93 22 9975 40
3 25 193449 408
63 89 32917 35
48 42 14089 360
8 76 47995 67
97 52 4142 170
81 26 77975 168
86 9 7132 261
55 57 117419 252
63 78 37789 65
58 41 45740 174
13 63 8600 139
87 83 8659 50
44 40 3703 124
58 92 11705 36
83 19 24015 67
83 99 8360 163
76 66 12149 83
55 98 25612 345
58 78 34573 212
18 78 334219 233
19 90 6002 82
22 98 3528 202
21 96 19497 369
61 40 34065 76
10 55 24778 429
28 41 24417 69
91 32 15006 43
85 23 32982 136
55 58 16306 65
48 50 57329 731
37 19 326267 80
10 32 20490 418
59 29 15796 46
51 97 19341 218
29 11 14468 31
95 10 8849 302
3 73 38507 1257
8 82 6787 202
33 45 27314 109
67 27 70407 89
71 26 4745 91
80 81 24803 377
77 2 10967 87
60 10 13277 131
16 39 4567 139
38 76 4551 389
49 10 78951 184
34 64 7631 325
55 96 3449 14
86 38 250637 266
31 69 36186 240
85 70 21088 65
9 27 18012 275
77 31 46579 23
59 14 110412 98
33 77 6669 35
15 32 4327 85
4 32 6185 49
11 26 21998 60
58 8 16060 57
41 45 47526 154
58 9 15523 462
73 20 2481 256
42 78 121055 132
61 3 16204 200
31 99 51655 216
11 90 27844 96
56 76 10313 96
76 89 49610 106
34 67 35002 220
53 98 5431 151
67 95 110822 180
42 10 125158 110
8 15 86126 762
48 21 5942 139
15 2 29942 153
11 71 21319 277
83 20 12173 243
94 91 17480 76
100 94 49736 118
32 99 25437 783
7 45 28965 144
46 24 36555 57
20 6 18344 28
53 64 66929 54
42 37 15730 91
93 37 105527 205
57 92 4164 87
44 66 11700 77
28 69 41720 176
91 11 23902 374
95 8 17417 523
40 75 8697 24
75 49 18475 104
42 27 3348 64
14 53 50605 111
27 1485
78 321

1555245
