100 299 1 1
79 75 14016 189
79 100 14794 129
79 12 20103 44
79 78 54957 128
79 59 30757 347
79 88 1267 46
79 34 72525 760
79 74 20653 110
79 72 20852 41
79 27 9299 55
79 18 60235 968
79 40 24224 109
79 5 8903 213
79 81 34485 223
79 46 75313 74
79 38 60712 169
79 71 8873 140
79 20 28649 121
79 49 18400 580
79 55 15572 135
79 90 16338 25
79 68 9436 158
79 66 17960 131
79 95 13614 55
79 97 13007 413
79 10 26550 43
79 2 11336 51
79 48 270592 346
79 82 91661 328
79 50 21807 50
79 45 29878 198
79 94 5424 202
79 57 10507 51
79 44 262813 166
79 13 14848 48
79 54 75174 579
79 23 40010 77
79 19 5772 26
79 21 7779 252
79 41 31471 972
79 36 29259 82
79 43 84972 99
79 14 44303 459
79 98 7827 99
79 22 4910 140
79 85 49603 100
79 6 7031 268
79 11 46242 455
79 26 8569 202
79 89 22633 29
79 51 7967 734
79 52 25422 28
79 28 21165 29
79 61 5057 31
79 70 66821 131
79 17 4356 297
79 9 5994 217
79 8 17685 462
79 15 13549 221
79 80 11744 782
79 30 20057 63
79 99 11978 62
79 3 50895 390
79 42 26564 726
79 65 6446 97
79 83 10526 233
79 62 5136 287
79 73 17760 89
79 60 110143 77
79 7 33129 343
79 53 4882 453
79 32 28178 23
79 76 162192 63
79 29 16979 193
79 77 5564 79
79 91 18555 361
79 92 17706 204
79 37 5319 517
79 67 6150 183
79 39 26222 375
79 56 22354 433
79 63 58080 288
79 16 14598 126
79 84 150301 273
79 35 75651 92
79 33 63033 33
79 64 22464 61
79 86 13035 463
79 25 18714 81
79 69 17494 1091
79 24 6035 19
79 96 31451 115
79 87 8075 56
79 31 11562 413
79 47 47846 331
79 4 9618 251
79 93 32437 81
79 58 24298 118
79 1 92812 312
74 49 35733 479
48 55 166502 27
100 91 5604 92
41 91 14266 2982
17 38 8611 73
67 84 15020 99
4 63 14590 151
85 43 113599 377
44 30 69118 262
97 90 69745 19
29 41 3007 9
99 70 24815 1892
12 98 46352 112
98 36 7960 190
40 95 15332 47
34 68 12765 96
99 57 6770 88
87 20 22086 159
55 80 138346 257
77 76 7908 160
3 1 7937 33
44 79 6191 385
58 31 46657 583
71 48 7510 489
95 1 9271 139
51 7 66604 213
88 87 8711 263
31 91 29422 121
34 85 15166 290
37 26 8552 259
81 3 78607 162
1 70 6145 111
50 13 36961 62
9 72 9936 135
56 93 21700 54
93 12 29815 333
40 38 76837 220
59 42 32502 318
39 84 58205 120
69 37 33171 175
69 83 30065 47
27 93 24591 365
22 85 10595 1852
32 16 56055 924
57 73 26500 233
16 82 14249 27
80 95 81475 391
63 3 32036 255
52 56 13622 164
10 31 57882 121
55 99 101916 85
76 62 61753 27
40 4 5358 147
61 60 43470 82
46 15 105285 348
20 90 23976 144
37 25 3192 40
3 88 18017 1082
56 2 29848 129
68 69 7576 157
32 36 17454 51
74 30 7415 39
62 26 26816 65
55 16 14266 204
68 7 9198 330
49 53 223533 55
94 63 5905 596
87 62 14094 82
30 51 82170 90
95 42 46672 317
99 21 16653 33
8 41 44411 119
33 6 12973 119
57 34 9731 74
58 99 7829 324
74 37 17627 25
5 39 20722 1576
50 46 43315 208
92 7 44479 179
56 99 3390 1355
50 43 14311 11
14 89 20453 58
84 69 18884 103
88 9 61556 56
36 75 378659 97
32 79 49500 101
12 14 9194 214
94 91 156561 69
32 9 44281 166
73 52 22939 38
14 5 28335 267
25 45 33961 41
27 21 17678 49
99 6 8103 259
52 28 11986 97
34 38 75198 155
84 8 11395 160
33 7 68296 529
5 85 11561 48
19 44 197603 102
40 46 3861 173
39 17 5862 54
52 59 28246 488
93 78 17842 360
58 36 45065 636
1 98 28237 182
24 30 24634 100
22 70 10129 44
8 68 9402 418
81 18 41097 33
62 83 5367 307
94 67 120184 353
75 81 108798 24
24 31 10132 275
18 5 39982 169
56 94 4490 159
89 27 55610 124
10 90 6349 228
61 66 14034 53
15 93 25768 117
10 52 28434 317
35 29 5599 13
45 19 28937 55
39 3 4601 93
28 38 14389 350
44 26 11183 50
60 78 24656 447
29 74 28657 1675
5 75 7168 20
73 69 11124 434
10 72 26118 244
95 38 37433 223
10 33 17591 774
81 85 21984 287
94 22 276192 92
2 27 14796 86
52 11 12575 238
47 99 21916 518
83 73 33829 40
49 19 111331 159
9 97 44017 100
82 89 47700 1170
40 48 41394 62
37 21 5987 15
46 18 24835 737
87 1 17532 267
64 12 24248 144
69 5 37447 294
47 45 15257 78
68 29 11405 205
38 28 5343 165
55 49 60721 184
29 71 16725 74
21 9 21661 28
47 4 10525 92
32 19 21342 69
65 53 93077 141
8 30 7747 118
98 100 4550 21
26 74 48127 145
82 51 17686 183
74 2 9612 102
63 35 45807 75
22 18 27627 942
34 81 50991 145
88 18 12627 76
59 19 129982 91
41 43 7653 288
22 83 81604 523
95 23 22819 77
99 91 83085 376
47 35 9263 47
4 30 12526 164
54 61 216740 118
81 76 21179 10
35 67 27174 309
6 97 26418 115
77 73 21340 60
60 91 10932 40
19 85 15963 253
47 62 22550 42
82 66 42789 53
91 94 1678 184
26 86 36376 42
76 12 26811 60
33 49 32151 209
98 43 7120 615
96 41 16040 445
68 81 30174 315
52 36 36237 184
69 11 102868 69
33 85 39487 174
31 28 9413 145
66 71 61508 22
59 87 41263 395
91 67 9164 455
20 57 52304 68
87 68 60764 56
40 5 20007 39
22 47 30483 68
79 693
91 130

2400096
