100 299 1 1
98 1 275172 170
98 59 76411 119
98 97 21658 60
98 32 34770 204
98 65 27099 155
98 40 91441 22
98 52 9061 109
98 22 7166 167
98 89 9468 236
98 49 29836 1253
98 86 33951 214
98 73 3046 170
98 43 24740 302
98 78 15874 152
98 47 15794 1065
98 77 3040 99
98 21 9014 46
98 75 29989 264
98 70 17098 492
98 41 19063 60
98 62 7349 34
98 27 13185 1313
98 30 32800 165
98 20 15058 188
98 42 2085 134
98 64 25288 474
98 91 5777 471
98 53 107995 79
98 24 127160 154
98 60 9550 62
98 4 23660 572
98 90 23908 76
98 95 8445 113
98 39 28577 61
98 82 9819 94
98 12 42893 58
98 87 7440 115
98 44 10851 73
98 46 14146 164
98 66 186764 95
98 67 31669 81
98 88 18017 63
98 38 34400 91
98 51 35852 451
98 48 31000 52
98 63 59368 52
98 83 2864 150
98 33 28658 150
98 96 27387 115
98 93 28854 822
98 85 5670 339
98 10 56277 245
98 14 5819 90
98 34 92121 73
98 17 6069 383
98 18 9979 96
98 25 113098 457
98 55 20152 255
98 19 22160 149
98 54 130083 687
98 58 11706 258
98 7 5096 323
98 57 69906 425
98 37 4645 36
98 84 82439 482
98 26 17091 309
98 80 116969 57
98 36 42149 241
98 5 43912 164
98 76 15421 31
98 69 65357 234
98 68 29493 130
98 9 14962 354
98 8 48168 69
98 100 46574 195
98 81 10405 79
98 92 9334 158
98 28 14761 24
98 31 107405 341
98 45 33218 336
98 61 9594 83
98 16 57244 63
98 23 53395 700
98 50 17673 65
98 11 133909 342
98 99 26115 487
98 13 45780 207
98 72 9211 653
98 15 22375 45
98 74 100257 218
98 79 16485 196
98 2 30920 74
98 35 18491 179
98 6 12960 73
98 71 5288 432
98 94 11854 505
98 29 27311 61
98 56 73849 102
98 3 44085 225
28 41 13712 17
31 70 86709 86
62 95 3319 182
9 90 20079 182
16 1 5298 326
4 21 12692 187
59 92 5544 226
90 11 8040 73
8 83 4539 249
19 14 77317 268
63 12 4818 435
69 83 2403 244
72 60 14831 272
11 25 125996 224
81 90 44283 2482
64 71 24755 708
46 84 137699 337
88 65 27923 629
24 68 22012 1435
61 89 30020 243
78 27 3976 14
41 5 14685 326
83 78 6133 333
79 67 83875 548
50 14 8839 76
96 88 22012 106
68 32 11538 335
45 95 54984 86
85 95 22083 170
86 96 37492 106
91 4 47811 119
44 14 9878 22
86 49 5599 340
89 28 199231 131
76 61 21797 67
10 70 11598 30
100 25 35848 148
49 20 43073 100
6 98 13677 175
68 25 35435 224
53 43 24473 195
33 30 13476 135
92 22 123490 135
16 53 15878 225
8 65 63848 212
96 45 61470 106
67 18 65559 159
87 18 9867 80
57 83 10729 373
97 98 128564 40
99 17 25020 120
68 14 9687 64
83 53 17142 143
50 55 9569 146
73 85 73584 158
88 67 40443 282
23 49 130194 829
64 81 51631 684
50 85 20027 180
17 48 22379 199
18 40 11532 254
50 35 14075 355
23 53 23556 154
66 98 216772 171
4 72 11582 95
73 11 1400 134
12 8 6598 92
53 12 5024 139
44 31 15047 249
42 58 9172 274
67 59 26824 266
72 54 5008 530
37 94 29172 57
56 8 20787 82
56 16 3719 84
6 50 31800 697
61 41 15169 55
37 18 10025 318
47 58 41099 310
8 96 68055 75
66 63 47447 2059
85 34 127099 34
22 74 51225 70
36 2 36946 937
22 87 33302 125
45 70 58811 53
34 43 83304 60
78 45 32738 844
12 38 43046 22
93 30 22269 513
24 19 11169 23
21 42 1715 48
2 86 27858 55
27 51 5294 2329
74 11 10511 445
67 49 96297 570
1 66 26413 533
67 46 37262 88
97 40 21397 50
97 100 10661 39
94 11 6756 285
94 57 22553 464
52 43 105258 234
14 95 14044 183
89 3 67942 233
54 18 12371 31
50 40 70717 76
93 64 7984 93
83 65 5834 487
31 57 23929 49
42 39 18558 660
92 66 17827 413
46 91 95251 253
47 30 44371 102
87 28 34105 165
25 85 18519 125
22 29 21514 236
84 10 6261 171
11 53 9145 212
61 12 39030 205
53 96 8662 236
57 14 29723 35
33 97 4533 293
78 80 10968 278
43 81 40251 325
10 30 16926 1194
40 52 25962 224
48 50 41730 15
48 70 63647 630
34 11 38166 398
99 29 15486 107
52 2 49737 93
9 78 13664 251
33 55 37200 184
35 90 10388 69
91 73 91891 298
30 19 35960 113
49 80 31826 556
33 27 91261 127
2 11 3233 459
55 41 43076 381
64 29 6606 1370
87 32 81702 179
51 41 9669 166
40 34 29710 171
8 77 68252 42
75 62 2919 449
91 87 9686 535
32 58 44510 457
97 57 23739 23
62 3 12050 172
81 72 6279 49
21 12 64286 119
17 8 13148 450
83 81 21695 257
86 56 22251 274
24 85 8528 69
77 58 24477 720
42 79 16888 141
99 87 10006 311
88 62 28225 293
56 73 23212 148
3 87 63617 54
28 96 136603 498
95 37 19876 174
7 63 52651 180
14 18 53411 258
76 39 43791 342
7 59 12325 266
11 21 40427 75
35 56 6513 288
34 29 9366 108
79 22 53165 22
28 88 30229 130
54 72 5609 409
69 91 48884 63
94 48 4917 734
15 74 101843 143
58 82 3481 312
56 43 58475 115
52 83 13121 73
63 34 120090 38
56 7 11948 51
24 45 6838 40
57 80 8440 24
96 30 4613 593
43 74 66301 70
94 29 52123 11
32 56 21772 94
38 10 8405 994
78 67 11547 138
50 81 21959 75
27 72 3848 127
43 28 9362 92
56 94 39491 173
42 48 16712 1004
97 44 23961 167
2 30 10838 82
28 23 23373 189
37 50 32954 77
98 1287
30 459

14189689
