100 299 1 1
43 7 31872 572
43 38 12086 59
43 66 6658 174
43 46 60007 76
43 54 40920 82
43 42 148058 172
43 39 67241 104
43 86 23825 46
43 23 84021 622
43 75 10496 121
43 74 11019 24
43 72 37372 38
43 67 32331 70
43 88 16271 45
43 32 52308 529
43 30 26150 158
43 13 5865 29
43 92 28727 276
43 12 10183 336
43 49 10058 78
43 19 19862 499
43 16 2504 1630
43 45 23551 102
43 96 6553 46
43 10 114714 61
43 95 23542 188
43 64 38421 87
43 6 23377 1275
43 90 24577 191
43 17 157189 611
43 81 13221 93
43 94 97575 297
43 4 3524 56
43 15 7688 322
43 26 59130 73
43 56 8167 114
43 85 15582 183
43 44 50582 652
43 51 6105 157
43 34 17024 149
43 68 46653 220
43 50 41001 319
43 5 349394 335
43 29 6386 250
43 98 17775 324
43 1 20900 589
43 59 13459 128
43 14 45051 56
43 33 16668 168
43 82 24799 93
43 99 13125 181
43 47 18963 188
43 35 26412 407
43 73 35914 124
43 87 24874 43
43 79 10835 180
43 27 5165 295
43 63 50151 139
43 25 20397 166
43 37 55602 90
43 48 67266 1023
43 36 11947 108
43 3 14702 140
43 11 22462 1063
43 55 27107 448
43 100 5634 93
43 57 9322 72
43 24 44994 265
43 70 49514 112
43 9 3396 101
43 31 18721 417
43 65 10156 112
43 61 7414 132
43 28 10847 133
43 52 3348 13
43 93 109261 183
43 53 53756 214
43 69 18621 113
43 62 10517 725
43 91 10002 805
43 97 26297 303
43 8 53884 175
43 40 6139 199
43 2 28429 26
43 76 38580 388
43 77 1114 130
43 20 16528 151
43 21 14275 78
43 58 39867 126
43 22 112309 90
43 84 38561 1181
43 60 14479 168
43 71 123814 58
43 18 47331 198
43 78 12480 63
43 89 42803 89
43 83 12412 379
43 80 80985 1011
43 41 26487 156
9 27 12132 238
23 15 49135 264
92 43 3672 109
48 57 75891 103
59 10 9445 151
23 7 1805 199
88 44 11189 38
83 24 24285 189
7 97 3869 55
18 37 7015 175
41 31 5694 125
95 30 28992 41
24 52 101860 80
85 95 6488 342
50 6 58629 293
33 91 17010 50
69 70 32024 25
93 25 9137 213
85 63 29044 520
75 59 51650 85
61 50 41201 68
86 52 12890 555
56 94 63409 193
7 62 20296 150
99 2 2284 457
2 45 29916 232
25 99 12624 121
21 40 6445 21
50 42 30267 494
41 83 10376 92
65 96 151581 171
46 68 57652 44
19 72 9423 72
4 99 26125 310
76 11 24849 81
98 11 10716 559
41 59 22177 1324
31 63 42593 108
26 17 33669 174
97 89 93312 239
39 75 46231 579
99 8 10216 81
67 31 77949 113
20 53 142109 411
36 91 18667 339
83 72 19555 78
89 93 11118 100
47 31 47213 389
8 81 19293 507
94 14 127684 157
16 79 15388 228
39 13 346909 658
35 69 8947 38
58 82 49888 163
20 41 16398 524
49 26 6084 80
27 15 9553 75
35 36 2040 46
30 56 17663 60
75 3 36856 94
30 82 9575 240
18 7 44109 27
33 35 48060 59
33 26 52907 172
86 58 6294 309
5 17 40416 184
25 45 15480 94
13 93 55408 49
5 13 27938 159
66 2 25260 367
69 56 243637 214
79 41 3055 72
67 58 25053 177
75 88 66249 145
9 11 48078 482
55 82 4805 1099
31 75 36871 531
90 13 39053 64
96 50 17962 98
76 57 110990 30
23 28 79779 25
80 33 30846 46
74 26 17063 161
24 79 87124 83
21 68 11655 36
29 9 93289 17
60 34 85625 210
24 50 35225 76
56 16 15861 119
84 70 16053 534
17 25 5788 404
60 55 88854 263
63 25 12455 152
82 73 34763 715
50 65 3529 97
77 32 30435 38
9 44 3545 276
32 94 150835 67
5 19 25470 24
100 66 8717 40
73 62 9862 78
12 36 60928 178
27 12 1405 256
34 97 70457 52
11 72 5931 640
26 34 22756 282
88 63 470413 433
1 55 20200 320
23 37 32504 210
94 4 17937 14
13 19 11123 164
29 3 15869 173
79 23 29012 182
52 7 8054 474
52 66 36721 226
94 64 10395 318
70 44 25082 1357
68 37 34653 538
24 77 2073 121
52 36 17576 333
79 25 57862 62
74 93 11693 121
16 94 32536 156
25 2 7095 157
77 89 24250 167
97 8 25948 132
15 85 77031 41
22 21 18268 132
15 62 55632 100
91 31 85753 191
79 58 34568 48
61 46 6963 389
44 21 4289 240
34 6 104511 214
15 14 8433 736
57 12 6922 285
57 11 8177 72
77 90 5589 200
55 8 21352 133
26 95 6372 244
65 70 22648 310
86 45 125238 324
12 45 34126 782
90 100 11752 20
62 31 29861 49
21 53 6968 104
21 72 21845 112
60 39 24164 266
19 88 18786 92
66 85 119178 44
73 47 66782 86
81 31 7954 95
3 79 8811 496
77 74 23703 550
80 37 7036 217
50 79 68732 66
48 85 12102 1601
23 92 12102 202
86 36 17466 347
89 52 32254 87
3 78 7214 609
79 64 36335 186
22 57 68380 38
23 34 14848 121
53 40 63263 68
71 95 62230 47
7 21 10229 314
49 2 31520 217
22 72 32415 233
46 29 8320 364
16 21 41540 135
53 27 86479 49
4 9 5385 20
96 62 90058 74
87 40 38198 288
39 54 5438 420
34 85 9702 118
53 58 7586 57
70 3 6963 108
52 29 832 50
61 72 17265 239
83 77 17088 166
42 66 16043 567
44 34 188298 32
23 35 86723 109
35 39 134483 431
36 84 24262 375
56 85 37077 73
58 85 1324 409
18 84 25254 62
90 22 46032 127
16 7 48002 364
6 94 51119 467
25 55 21059 131
74 77 78719 223
79 18 32358 168
17 9 44644 610
68 36 5602 359
56 76 54824 38
70 25 39855 96
43 594
85 549

15046410
