100 299 1 1
22 38 16364 103
22 14 27401 340
22 9 28566 78
22 21 24701 364
22 59 15819 46
22 58 23362 233
22 46 94019 640
22 13 61344 1978
22 75 35177 42
22 74 33345 77
22 48 16651 291
22 60 31444 118
22 51 22514 559
22 68 13233 280
22 29 129883 147
22 47 8709 721
22 45 39261 328
22 42 3663 154
22 69 4009 647
22 61 33472 88
22 10 10456 48
22 70 9192 92
22 76 62126 923
22 16 25133 33
22 55 63416 422
22 31 8408 86
22 37 42549 192
22 54 5994 234
22 80 6534 32
22 77 7427 73
22 1 34472 542
22 98 7268 226
22 89 18148 453
22 19 61885 265
22 2 23586 120
22 93 17557 635
22 84 6313 201
22 79 25422 276
22 12 85495 396
22 92 66625 197
22 95 60169 109
22 6 8111 339
22 20 10000 153
22 53 29896 673
22 3 22354 63
22 64 19700 107
22 41 20520 918
22 35 71489 245
22 86 38790 320
22 17 15107 180
22 8 25277 48
22 99 85445 39
22 82 16289 333
22 49 5760 100
22 62 41882 95
22 65 30876 83
22 72 1489 434
22 67 12718 68
22 5 22286 337
22 90 446317 47
22 7 18081 79
22 43 2742 47
22 97 28785 729
22 32 51026 107
22 50 9011 217
22 78 19583 138
22 18 18730 210
22 15 19131 220
22 40 38107 139
22 52 26006 107
22 24 11964 109
22 44 23352 206
22 27 2223 268
22 85 25613 139
22 39 9933 89
22 88 94056 51
22 57 32791 32
22 34 87746 33
22 81 14552 75
22 71 88534 41
22 66 27856 210
22 96 17166 230
22 73 5288 115
22 91 84291 265
22 28 213808 160
22 26 41928 224
22 83 39485 169
22 94 19085 280
22 11 8636 510
22 30 10981 248
22 56 20846 131
22 63 9967 87
22 33 38481 21
22 25 124310 87
22 36 17609 274
22 87 47912 307
22 100 18856 35
22 4 62855 6
22 23 7195 100
71 48 30635 70
98 72 43032 287
43 12 23501 258
2 39 42972 21
7 90 157104 55
68 10 39926 155
87 54 10801 1041
80 75 22938 1524
92 57 14697 90
40 84 36777 764
32 60 98625 113
100 19 23933 363
9 2 7552 86
54 16 9944 180
51 77 50711 264
33 6 18607 304
64 85 19520 66
81 89 48534 579
24 33 8027 191
48 18 49177 80
50 26 19460 11
51 38 7256 613
3 86 11013 57
95 49 5605 91
39 59 31870 330
99 89 6284 55
73 21 55098 290
20 99 17545 163
6 65 11368 90
48 96 111787 197
91 85 31355 114
95 64 42697 16
66 88 53941 104
47 87 2575 64
39 62 19154 52
77 82 16870 1080
99 68 9825 143
79 84 2788 306
54 72 52136 307
67 61 5506 205
80 17 10182 369
83 31 33324 407
64 46 44171 72
3 31 17600 225
86 65 71361 135
11 46 30180 147
52 99 75019 71
20 96 11016 287
53 4 21544 671
97 4 27643 519
24 67 30077 219
16 84 4631 79
20 80 7062 103
12 42 27660 42
84 16 44644 187
57 87 2780 450
57 98 6536 578
52 62 1529 651
4 16 29118 206
61 30 6254 332
9 79 57737 224
36 38 28249 28
79 80 4153 555
56 27 9420 58
95 18 10035 248
42 84 11915 126
28 73 22744 107
90 89 253751 431
32 23 14323 106
89 2 31628 19
98 50 15071 229
50 68 127572 169
4 97 75557 480
70 73 19090 88
78 95 16361 72
60 42 102085 103
50 3 14059 104
31 88 21141 504
58 14 12177 509
18 91 14353 175
68 57 23282 442
54 24 13271 142
90 71 59717 81
53 75 13441 212
62 78 15747 116
12 18 14802 67
49 25 8326 805
100 22 40642 134
19 87 9032 49
89 29 32939 209
81 63 19836 34
63 98 9420 8
95 81 18784 617
20 87 29238 141
11 82 31595 315
10 88 3794 506
77 64 15620 234
21 38 25555 97
36 66 18928 79
7 53 40906 88
96 29 57389 1161
38 13 19629 312
32 82 39065 109
59 13 78593 42
73 51 49467 87
5 68 17666 494
29 92 25907 178
34 56 32014 230
65 20 26216 1492
48 70 90093 58
81 2 20129 537
67 14 38406 792
1 31 43205 351
1 34 14684 540
82 16 73821 45
56 79 37531 587
21 68 56471 116
60 55 38068 50
37 23 20459 203
21 59 33941 102
49 39 71725 110
15 61 318825 88
82 76 39579 71
27 22 7669 324
3 27 32694 319
88 38 13785 2431
57 16 21649 299
73 42 12621 266
52 12 202017 104
36 18 13376 212
58 27 28629 26
6 47 6628 99
36 16 30475 139
34 37 14448 177
77 34 15083 100
4 33 114073 253
36 41 5972 380
12 91 44056 36
26 19 83006 110
41 77 23148 85
76 31 8833 69
40 79 58509 190
89 17 5064 135
31 38 70333 38
65 62 18783 48
4 100 3314 160
62 5 20783 74
27 41 43694 352
62 67 34255 89
55 93 68172 414
45 50 7215 133
42 30 29369 52
95 69 11933 106
25 19 22250 511
96 53 3754 93
71 38 15799 338
78 98 5006 230
75 1 4973 53
71 28 88205 442
4 58 8270 129
99 19 33555 97
94 11 20834 61
19 77 13650 79
41 78 25048 24
8 62 17499 58
68 12 26659 270
81 21 5826 432
34 68 131896 77
18 37 17254 627
46 15 6543 1142
67 28 50931 219
28 85 18690 75
32 12 13257 300
93 70 22835 512
77 26 11009 102
67 20 18071 181
58 94 105671 63
86 5 36261 124
96 31 23999 91
66 12 4744 801
18 12 4075 466
65 16 8716 250
52 30 8259 171
89 31 3800 693
73 55 125464 215
26 5 7332 202
81 84 60016 338
71 44 205299 133
38 8 72916 52
44 19 67969 88
3 58 25951 205
92 12 37491 626
86 7 39865 292
11 99 13865 68
54 56 12434 361
73 24 11577 224
96 40 28669 85
73 95 80534 125
70 75 35024 1505
83 23 61878 63
22 792
16 480

14041811
