100 299 1 1
62 16 21773 851
62 18 44075 29
62 43 30042 245
62 99 9206 218
62 23 7481 95
62 17 61121 253
62 97 8570 320
62 89 30426 410
62 24 31340 547
62 36 13373 363
62 30 7820 36
62 14 80248 143
62 96 92958 66
62 67 11868 92
62 83 21695 372
62 40 12156 755
62 63 40076 64
62 37 42514 485
62 38 74683 78
62 42 13785 1198
62 8 16014 80
62 57 16836 75
62 20 39890 194
62 55 9841 212
62 93 7907 445
62 49 8783 367
62 87 72084 121
62 56 44256 262
62 12 36633 153
62 9 20880 141
62 75 41175 132
62 48 7455 145
62 13 47098 107
62 73 67326 146
62 11 18398 183
62 45 26286 57
62 7 23327 114
62 82 7944 90
62 64 19106 96
62 25 5178 363
62 35 47779 281
62 34 25468 266
62 39 271973 71
62 27 8922 165
62 21 18642 1930
62 15 20441 65
62 52 124512 531
62 86 38672 92
62 28 70297 110
62 58 14299 712
62 91 22937 441
62 1 21435 156
62 3 14360 176
62 6 43338 33
62 74 8777 220
62 79 13061 85
62 84 37878 76
62 50 30481 421
62 41 89657 225
62 19 10742 288
62 90 4994 50
62 85 1274 86
62 4 61469 189
62 26 30005 690
62 94 26714 88
62 88 7544 585
62 47 28186 221
62 46 22440 966
62 100 80039 287
62 65 23235 262
62 32 144842 81
62 51 117390 67
62 69 39474 4284
62 92 55200 484
62 31 11223 314
62 70 17652 72
62 53 54979 205
62 22 30563 428
62 78 140262 82
62 72 34815 77
62 5 19704 79
62 29 26589 323
62 68 34559 21
62 98 126035 349
62 60 352132 42
62 44 34400 455
62 66 11998 67
62 77 25068 364
62 81 28044 139
62 33 174723 637
62 54 67466 277
62 71 14249 237
62 76 156983 49
62 59 11281 43
62 61 1157 311
62 10 176329 338
62 80 16739 49
62 2 4088 587
62 95 54098 29
5 44 22238 404
38 72 7616 296
83 39 26317 19
44 31 82337 26
1 38 89567 84
82 49 52220 49
54 72 2260 106
9 19 3304 141
12 85 8070 79
50 95 109337 146
86 21 7061 454
23 39 9358 938
30 33 18886 160
30 96 76749 137
76 34 53717 104
4 6 4354 456
15 73 12377 89
88 4 1771 812
55 76 22896 109
50 20 29686 598
8 19 13081 32
1 97 17857 122
60 90 12706 136
24 78 18153 280
89 15 23065 587
36 70 24973 152
20 67 61460 24
57 37 57441 68
71 84 10417 405
22 49 9127 55
99 8 82185 785
28 55 174811 984
13 27 53986 77
76 64 15846 83
41 47 5765 343
61 32 109930 55
74 79 10028 49
60 12 11092 30
77 64 16519 143
25 83 44793 7
80 23 49368 112
73 27 30066 141
32 75 11268 270
71 94 3882 118
23 29 32863 124
14 23 51693 165
20 8 126991 175
95 82 24969 348
86 68 95255 31
50 8 31079 451
8 36 153216 165
29 50 5087 70
35 62 27834 255
35 8 6337 268
8 97 14539 277
78 26 88747 167
95 24 10196 208
17 4 1475 42
73 33 9312 731
41 89 18518 191
72 98 89845 133
100 94 8246 375
100 98 64563 8
99 60 37045 89
24 64 2500 336
86 36 31288 144
65 39 34249 90
6 1 24159 234
12 38 34540 125
26 35 12491 427
45 17 44181 97
87 86 40100 112
94 28 25663 194
94 39 13826 30
84 45 116880 518
78 87 15071 173
8 9 32619 37
95 34 35066 73
82 62 9319 559
63 74 2095 118
95 44 29756 68
17 31 12258 110
96 27 3645 1138
88 37 182096 217
83 97 6430 731
49 90 102121 257
17 47 12719 364
91 93 11570 482
69 35 5821 536
77 30 280489 231
6 83 6471 925
9 42 2536 887
46 36 15689 53
8 14 85576 127
64 52 8066 86
89 46 60636 80
91 66 7053 90
63 22 28903 204
3 23 46764 876
21 25 76106 152
36 16 14722 231
14 81 27981 49
41 29 23297 115
77 75 27427 135
10 33 23609 191
44 62 49978 333
14 21 6399 845
56 41 66845 76
15 38 9022 80
27 17 28774 529
71 81 16494 48
72 35 33556 800
11 25 25801 47
7 10 152794 409
5 4 119146 300
93 62 123711 2538
34 11 18401 213
22 65 1667 348
43 30 31607 190
79 24 5507 476
29 74 28514 88
44 97 13926 107
93 24 43912 367
67 18 10642 504
12 2 31065 990
49 63 16724 56
46 63 11420 595
65 63 15385 89
80 24 7276 292
37 72 45121 1414
72 75 34626 20
15 67 46905 128
37 91 24212 159
15 16 13968 48
20 72 26896 487
88 87 13183 91
66 10 47819 389
60 72 8281 209
96 46 9016 143
16 59 23029 367
59 50 10042 518
5 89 63480 118
85 92 16571 270
44 6 35253 307
56 66 10984 161
82 84 11101 209
84 7 18411 268
89 25 27952 662
84 64 52116 113
33 82 24245 153
32 17 350824 746
80 82 28299 36
19 6 18838 542
40 74 13093 36
25 16 33701 377
26 2 5272 92
66 58 19050 148
2 15 27179 21
13 82 25649 87
93 21 115971 366
55 37 30428 256
24 66 10351 221
73 76 22070 37
33 32 34077 152
26 87 25163 849
28 36 68612 557
55 35 418362 219
71 28 8388 107
53 60 7883 82
38 97 16865 176
47 56 26310 56
93 50 3407 306
9 99 21474 543
27 74 3538 315
58 20 22204 53
81 28 99684 448
72 86 14773 1180
44 54 39571 163
94 9 2908 126
24 48 20745 82
52 42 16288 59
86 13 146185 56
56 7 14192 72
40 37 14694 419
81 31 18561 108
73 13 10500 34
86 49 23037 155
72 4 28569 121
26 40 24064 456
74 38 8705 182
86 44 31869 705
26 44 28504 95
86 97 39455 155
6 73 28880 444
8 83 7534 785
94 74 5744 79
18 50 28249 52
16 4 9530 255
24 36 54808 404
19 67 20441 245
62 891
97 172

1474040
