100 299 1 1
41 21 41897 119
41 35 14728 55
41 17 18296 143
41 78 31432 524
41 12 5481 150
41 9 104139 320
41 39 101563 416
41 63 25046 425
41 54 154626 26
41 5 32806 202
41 74 14501 76
41 10 12559 60
41 67 37226 149
41 11 5498 188
41 98 3373 232
41 86 35143 532
41 13 17287 227
41 56 1005 226
41 24 17814 1084
41 96 21551 404
41 55 80548 120
41 49 13747 481
41 85 66861 90
41 37 4643 352
41 83 6861 923
41 77 33670 55
41 75 53020 603
41 31 14059 170
41 16 9792 119
41 60 67580 178
41 20 27623 227
41 18 5276 47
41 57 10138 197
41 61 3096 658
41 30 30939 125
41 59 63260 60
41 99 13856 153
41 43 8266 248
41 68 9123 88
41 93 4407 51
41 58 63152 138
41 2 31196 453
41 32 37916 316
41 3 33055 222
41 26 2943 100
41 51 52901 232
41 46 56138 318
41 91 52529 1241
41 48 18381 182
41 34 818 61
41 22 73760 80
41 79 37098 53
41 87 23273 121
41 27 6857 266
41 65 50073 67
41 47 10894 228
41 42 9976 60
41 1 112349 22
41 40 30667 413
41 19 24736 389
41 50 51743 80
41 38 489 118
41 80 23577 120
41 53 237785 117
41 28 7601 280
41 36 27411 87
41 82 24385 109
41 70 7280 424
41 81 78042 547
41 33 47718 630
41 6 6765 21
41 88 20911 369
41 29 48030 28
41 89 9332 198
41 69 17159 63
41 73 22519 222
41 100 15221 680
41 7 16193 49
41 23 16453 59
41 92 11210 120
41 94 76789 554
41 62 21385 74
41 4 51222 948
41 8 14648 531
41 95 27390 50
41 44 23424 325
41 71 50005 30
41 66 17803 60
41 84 4497 229
41 15 20880 127
41 14 20458 251
41 52 64427 70
41 45 25937 51
41 25 13255 8
41 64 36147 87
41 97 20087 280
41 90 25177 103
41 76 4991 162
41 72 30507 150
69 81 67293 785
4 21 7010 407
23 77 28112 698
42 30 66537 908
55 97 90457 26
86 4 12802 424
91 15 18670 947
10 75 21860 66
36 23 48119 442
87 84 25645 127
27 21 12532 40
86 14 23425 250
20 70 6629 228
37 72 36404 276
17 66 5449 140
62 91 147453 158
70 68 62318 545
32 82 32460 146
44 35 44938 202
18 31 78272 229
28 81 8990 538
83 6 29183 230
96 2 106673 33
83 22 18193 96
83 13 38342 160
60 62 8330 511
42 33 254287 101
2 65 3261 155
52 29 31645 82
64 60 25547 55
21 67 6032 149
81 97 50998 237
25 39 61504 279
38 2 5506 213
26 83 13482 325
14 5 34043 192
12 17 7363 601
30 53 27475 74
72 67 6919 77
91 43 12598 107
57 73 13741 274
57 93 32656 354
69 73 31898 16
74 1 8907 520
79 70 5190 233
2 98 43827 48
2 29 4694 189
53 28 23064 217
35 37 10559 528
29 27 67777 225
89 58 68700 869
27 36 22951 43
57 80 25127 388
50 14 27114 66
43 2 7810 256
97 17 103681 177
81 44 62316 228
33 34 19455 12
4 97 39277 62
14 82 115735 439
63 93 46200 539
6 29 10777 350
12 62 15437 335
54 26 16706 683
4 37 15656 1277
33 86 59514 18
69 74 6042 239
59 10 16194 181
40 95 32295 26
36 82 7529 223
1 87 34937 253
17 94 86303 78
40 27 31295 299
82 55 7776 368
5 83 8797 440
95 23 33831 246
80 17 8011 160
66 2 4718 212
15 63 10063 74
34 46 2755 119
51 55 6857 143
20 15 89319 67
73 45 8591 97
77 81 64488 169
42 96 53699 154
69 51 31890 193
26 30 31193 103
70 19 11788 32
50 59 44058 136
90 84 30421 505
82 94 130754 57
20 76 9563 50
40 5 130976 69
66 64 34087 1058
62 69 30958 151
99 56 7543 244
66 60 6803 37
19 4 10670 168
100 91 11751 261
44 82 5200 50
92 49 20145 27
77 40 90762 280
88 26 9101 589
20 34 43009 177
36 57 72639 343
26 67 60343 170
92 83 74461 117
13 49 9695 22
59 95 56286 216
22 16 13753 65
92 98 29478 33
97 22 40853 9
18 49 106110 47
31 39 21365 66
51 28 16384 1227
75 91 33896 264
88 97 13370 122
90 47 22154 226
7 67 11022 187
10 35 84440 354
6 68 12326 134
75 38 28191 1558
78 42 184338 145
84 52 2654 36
79 20 30225 138
44 31 21121 70
99 30 85618 83
25 27 16450 190
79 57 22180 162
83 72 6694 90
30 92 13059 40
28 39 33928 399
42 97 15874 35
15 19 37748 42
95 27 16000 197
38 44 7209 203
30 100 3020 246
82 98 26429 129
69 40 4145 302
63 69 3599 76
30 96 4558 184
2 76 22327 700
67 50 9461 326
65 84 10825 231
73 39 131132 442
92 70 28165 57
71 88 46421 219
18 3 12580 113
81 38 22480 327
49 19 31512 224
88 59 6416 55
84 69 23730 1034
79 100 11182 166
42 3 15637 88
49 77 19546 111
15 1 6921 94
1 43 18168 80
62 15 19043 235
4 8 25386 45
59 54 5980 137
3 2 8486 293
87 34 20080 67
86 62 1568 217
89 84 23748 176
43 32 23893 383
15 2 30221 1291
70 24 40641 180
68 50 51475 233
43 100 4798 67
64 14 27214 24
71 7 8436 91
100 94 5409 136
69 96 41341 44
51 18 20285 94
72 100 10218 150
30 50 10800 206
37 50 58732 71
7 68 35321 3123
61 95 34616 426
80 47 21269 7
70 91 9721 12
58 94 17181 39
87 88 59859 64
74 65 20620 65
8 32 26096 84
43 11 26322 133
22 70 18600 117
22 69 15028 336
95 8 47243 508
71 60 109682 480
87 42 19492 73
49 55 7186 125
51 4 198718 61
24 13 19482 61
31 36 18394 409
5 69 3785 71
9 51 4749 61
36 63 133151 80
58 82 9739 58
56 77 13632 60
41 1188
2 333

4163750
