100 299 1 1
51 24 15696 1019
51 11 2243 120
51 29 41147 117
51 7 2217 65
51 78 47414 157
51 23 9804 256
51 5 26479 45
51 86 63717 93
51 47 9491 67
51 95 19944 263
51 65 3797 780
51 8 35094 249
51 91 12002 133
51 42 42113 240
51 83 19318 91
51 75 21765 407
51 100 118969 525
51 50 4792 171
51 1 4480 166
51 79 10437 2039
51 39 5924 119
51 98 150536 161
51 58 4794 208
51 36 33260 603
51 34 77103 230
51 14 12225 173
51 12 61217 193
51 17 12792 56
51 21 5039 108
51 96 5148 233
51 71 133630 59
51 81 9028 397
51 28 8066 139
51 16 15769 129
51 63 11613 520
51 18 1210 106
51 6 4835 103
51 25 9046 493
51 61 80285 73
51 74 23969 212
51 92 36230 1866
51 62 87475 804
51 48 21364 128
51 15 49888 759
51 30 20557 60
51 41 9165 294
51 57 41858 65
51 10 18762 316
51 88 145171 180
51 82 41229 82
51 73 3070 77
51 70 19543 456
51 37 98100 22
51 87 6011 22
51 55 4672 87
51 90 17541 41
51 56 67704 842
51 67 6801 392
51 32 47908 50
51 43 99848 147
51 4 16570 22
51 49 112171 219
51 13 20895 504
51 76 32955 48
51 60 9035 151
51 77 6222 224
51 9 91632 292
51 19 47728 457
51 40 20313 124
51 54 9602 223
51 35 59624 130
51 20 139683 5
51 45 11821 116
51 69 14804 131
51 26 4913 369
51 84 15321 170
51 22 33166 252
51 72 25601 68
51 59 19126 50
51 64 25263 71
51 85 26946 30
51 89 61764 908
51 99 43862 69
51 38 29323 211
51 44 40426 189
51 97 20142 50
51 52 15781 2006
51 31 44274 75
51 68 7999 425
51 46 11039 153
51 27 9937 157
51 80 6168 179
51 93 20770 160
51 66 12108 303
51 53 24151 63
51 2 87632 187
51 3 25729 547
51 94 64469 228
51 33 47611 516
59 27 6085 112
81 78 11442 344
97 54 9207 49
28 26 13174 101
14 17 54056 56
41 100 17703 125
59 49 5040 117
7 69 17520 443
15 71 63008 133
53 78 101856 185
57 28 11364 33
25 78 21726 1168
33 52 65064 427
39 94 37561 42
41 12 24927 367
42 30 68655 164
83 39 9480 77
36 21 5652 311
43 41 8650 258
44 98 82462 207
85 70 28189 86
53 51 30168 404
19 17 16123 920
39 10 7499 644
69 11 14934 46
43 10 52332 262
8 96 15475 90
47 80 45582 527
88 26 18354 179
8 6 36274 28
68 10 50097 408
27 55 4425 398
88 89 34296 145
24 98 39521 581
95 64 45916 99
97 37 32086 83
29 65 14992 541
71 59 8479 98
6 11 191918 155
63 15 82152 47
59 15 33546 50
17 1 29775 296
13 64 28269 187
68 4 14192 263
49 83 6623 231
46 69 84703 189
60 98 21170 219
4 76 5187 30
55 68 81616 482
59 93 23533 785
13 80 4224 99
68 79 2395 81
95 19 64382 281
15 2 19680 144
46 12 156544 97
39 71 31434 85
21 85 14280 48
72 13 41378 34
33 7 58956 108
16 48 4319 890
16 30 66328 252
99 33 61861 34
72 93 22115 191
43 64 51326 98
84 40 11400 62
74 31 24987 1143
69 65 37031 434
59 82 23717 14
27 83 41397 57
11 4 72336 131
50 22 52743 14
1 52 65559 817
43 29 3418 127
4 33 1766 192
91 29 10049 542
31 7 6013 814
29 74 110892 821
61 34 6714 19
49 16 24117 219
6 32 66791 256
41 8 11805 285
70 49 11669 12
40 37 39658 65
59 77 28631 1555
7 10 36937 115
12 27 9310 101
4 46 15701 148
98 95 33599 213
71 100 82773 311
6 72 39836 812
21 40 1327 113
24 59 43288 90
79 10 9756 115
79 43 12458 85
86 9 14492 157
92 58 20100 197
87 2 42353 138
2 86 8403 49
7 19 21840 508
62 24 66279 118
59 41 47634 909
65 82 62032 370
45 59 24636 113
57 85 46623 89
81 86 4244 403
28 78 82511 212
69 77 31139 126
84 21 13110 159
56 89 20386 138
13 45 54540 177
81 24 78865 47
85 25 3831 558
14 48 10430 208
33 2 8218 65
49 66 11131 81
71 5 58304 113
90 65 38778 168
98 81 25822 259
53 19 54717 72
30 99 17002 200
44 40 172890 160
18 20 46256 241
70 67 3700 73
31 24 15198 1153
23 44 177673 8
45 79 159392 168
79 37 25861 33
94 66 132431 70
75 49 28355 87
38 63 53481 414
49 90 10688 1093
92 18 17783 139
84 65 40134 65
52 33 15598 24
67 55 42318 223
92 41 8714 162
78 27 23296 565
72 5 8700 461
89 81 73588 408
72 27 34389 647
36 78 24602 92
11 91 23367 557
56 54 14009 1078
53 75 16517 203
5 3 106811 88
68 91 58712 227
56 47 16391 43
28 94 5592 108
57 32 33703 172
57 13 6604 168
29 12 38661 325
44 38 107464 200
97 5 37659 13
57 100 24011 119
6 86 15252 92
79 29 29075 82
8 63 25193 117
76 64 24012 73
4 59 9000 49
99 87 14695 714
9 56 42381 136
42 80 17289 143
78 30 10015 47
15 76 49533 79
99 94 28469 28
89 94 14747 310
88 81 56661 126
42 19 10822 89
15 60 8331 537
91 86 6936 153
40 67 17246 48
97 74 71620 198
55 2 36269 26
27 88 29744 406
100 93 73397 241
96 93 38411 81
12 52 2320 142
40 13 20200 183
54 18 5165 23
21 3 38834 400
6 65 38088 152
55 49 18524 184
68 14 44102 326
68 56 80769 167
55 92 41272 31
35 11 18293 232
58 27 8398 170
30 34 45010 1295
81 23 108041 133
20 14 7383 118
69 10 57448 419
90 82 24306 39
96 94 7715 32
42 29 171166 88
60 37 6947 695
42 100 13521 145
46 10 51402 315
42 36 13569 84
88 50 25906 261
3 26 47342 177
51 693
10 653

13657714
