100 299 1 1
40 60 40876 896
40 85 13888 125
40 38 23748 80
40 6 11431 74
40 13 36504 134
40 36 31726 867
40 47 9466 154
40 92 4662 120
40 18 162772 327
40 99 2646 61
40 21 13439 87
40 77 16356 841
40 91 43446 522
40 80 41468 120
40 12 76952 172
40 26 58121 320
40 19 10713 48
40 93 38612 128
40 49 25325 1496
40 88 21320 147
40 11 45725 285
40 66 22476 81
40 78 9479 429
40 57 9511 56
40 70 28775 432
40 74 12840 234
40 41 49760 66
40 59 17560 431
40 30 22247 114
40 27 5287 53
40 9 41525 208
40 62 3595 196
40 63 83306 178
40 82 11474 132
40 81 92661 29
40 96 27952 1051
40 46 15077 444
40 83 29119 54
40 90 17074 81
40 39 16394 24
40 29 35518 279
40 48 325783 204
40 69 5476 321
40 75 25043 279
40 64 22165 95
40 67 29252 626
40 31 153288 113
40 32 8353 270
40 79 34693 192
40 22 91908 1320
40 35 4008 83
40 53 12893 161
40 50 22264 101
40 52 26528 210
40 98 14009 148
40 68 15191 100
40 89 31508 570
40 73 34704 37
40 15 11156 153
40 8 49726 391
40 94 91748 68
40 100 18620 60
40 86 6132 240
40 55 26334 193
40 5 8610 35
40 24 44392 771
40 14 49901 158
40 2 46640 197
40 42 17055 43
40 3 117423 68
40 58 22097 76
40 51 20878 60
40 4 114632 44
40 61 5768 917
40 1 82965 43
40 84 10668 686
40 76 7171 660
40 87 4597 854
40 56 7513 250
40 97 39317 58
40 54 19674 53
40 37 8848 234
40 17 24173 189
40 71 118828 110
40 25 51528 115
40 7 33622 76
40 34 22901 165
40 33 86901 125
40 44 5242 28
40 95 14003 378
40 23 5551 252
40 10 31531 31
40 43 73848 98
40 45 127518 329
40 16 28991 81
40 20 12370 692
40 65 28365 277
40 28 14419 166
40 72 2159 178
60 10 32261 145
2 1 33094 98
8 62 8305 209
39 2 9208 79
41 71 32656 81
18 11 85203 404
15 62 74412 74
80 20 22279 87
7 49 63877 327
37 31 6308 253
46 23 19929 197
16 65 13211 91
38 98 15116 79
67 42 18115 675
57 35 17570 328
100 41 34798 369
60 27 38362 175
55 12 25583 154
52 89 10905 103
7 88 29766 109
67 52 34982 627
16 37 15679 151
81 37 17142 209
47 75 87260 1225
97 98 31418 116
21 13 21820 22
56 76 25735 167
98 43 43177 101
66 46 21717 128
91 70 19295 50
6 52 11213 67
16 54 12552 271
65 31 10381 553
62 77 9018 121
29 91 17765 71
41 24 49920 65
38 66 28462 445
19 12 61148 73
8 30 16361 175
17 62 29578 114
22 72 91725 270
94 57 22730 41
99 35 20463 242
32 85 7487 1120
39 64 10969 96
56 27 4362 242
85 92 71032 158
5 99 54073 459
26 73 29347 171
22 31 21901 195
82 30 6080 80
25 92 36500 123
30 57 11060 313
21 45 26651 25
75 61 57095 178
9 36 17192 84
64 61 10771 166
1 98 28578 132
63 57 26434 72
44 20 15980 125
24 69 4081 40
83 96 18288 563
82 81 18042 93
7 56 22134 116
78 97 69478 87
12 65 95249 540
75 29 24953 303
72 18 32933 476
7 74 2983 340
39 63 6121 249
100 32 8591 420
85 82 70410 215
3 27 6921 118
34 63 32392 198
4 49 31947 81
82 84 15645 1128
56 83 10985 94
59 15 5215 90
71 20 56423 139
67 83 22440 495
61 12 119511 83
69 60 91808 460
55 19 16534 20
67 45 64739 85
60 20 9470 261
43 98 114203 59
73 65 15819 453
70 73 17122 72
38 45 53016 45
85 16 43295 333
65 32 56071 394
29 64 31151 178
55 61 22351 145
92 40 4108 340
61 59 14648 40
4 45 34501 1357
6 17 70490 124
1 100 36003 84
38 95 194868 86
52 25 25541 496
91 19 24466 351
68 34 17754 101
44 62 5530 655
47 68 33438 337
53 100 7568 51
71 53 32516 319
75 22 2972 110
24 52 4482 75
47 18 31165 183
90 1 19363 80
87 57 10462 54
87 9 48448 111
41 70 14795 64
1 34 7437 56
54 84 43641 1071
68 26 14218 98
22 84 99604 135
55 34 132168 249
98 33 21885 283
72 84 33329 324
95 67 79592 216
55 23 10717 346
47 51 87933 211
78 11 7566 85
1 19 30272 1039
5 98 11644 321
82 26 14683 226
55 70 30874 55
14 85 15690 227
58 88 7045 213
70 77 12568 222
48 81 22642 98
10 2 29705 315
39 26 17470 210
81 20 120644 181
55 58 15575 42
77 10 206578 19
70 44 32782 886
93 4 9560 76
15 35 18033 36
4 33 37544 220
50 84 10809 348
32 96 30706 36
67 24 12854 54
37 8 15369 57
72 13 10161 158
35 17 42655 29
28 33 21210 127
25 9 15391 66
50 61 41950 106
62 82 16971 446
48 60 10060 230
52 62 16333 287
26 61 15850 95
61 43 8400 184
31 79 14897 57
32 80 52893 59
81 28 8546 55
44 81 11996 371
94 76 46344 89
60 26 57965 206
75 55 11311 263
51 98 107937 66
51 20 11783 556
4 80 23875 230
88 5 14004 634
99 8 20972 1149
45 7 4884 31
23 9 6214 718
79 60 24129 261
71 44 15461 444
21 15 31665 77
51 100 43672 181
21 98 16839 19
31 60 14752 90
60 56 8731 696
16 47 17203 215
58 42 61309 33
79 66 3141 197
91 81 5047 8
83 45 87328 30
36 87 26187 20
17 46 7452 1286
63 5 21532 87
22 20 13052 468
76 71 10777 233
27 77 2615 227
42 9 39920 75
80 74 4199 46
99 45 33906 87
6 67 13215 150
7 4 18132 91
4 63 19580 87
4 1 34525 430
69 58 66764 224
9 87 36568 68
49 89 32271 45
83 26 10103 63
32 66 9955 107
66 17 7316 118
40 693
98 364

10326104
