100 299 1 1
84 27 242871 420
84 82 87082 252
84 51 117356 468
84 39 224899 45
84 97 2550 271
84 64 31277 371
84 87 11451 187
84 41 34852 437
84 85 12782 216
84 86 64061 26
84 18 8897 29
84 35 36326 402
84 70 28543 50
84 47 12696 47
84 2 5696 453
84 55 26692 126
84 39 49528 375
84 30 32663 47
84 66 3441 41
84 21 51150 132
84 43 28956 115
84 74 29912 66
84 10 28640 195
84 25 6108 130
84 50 16369 173
84 43 15258 639
84 91 4002 186
84 40 4319 316
84 49 12355 180
84 3 66851 576
84 37 22855 36
84 29 4493 146
84 65 11192 113
84 65 31716 58
84 90 35746 134
84 3 16838 579
84 5 26002 163
84 27 4236 271
84 3 37522 819
84 64 11566 116
84 86 135398 55
84 76 40653 487
84 15 17930 528
84 16 66143 475
84 30 8717 110
84 9 15288 22
84 33 23581 88
84 45 61703 131
84 71 35428 106
84 28 272620 42
84 31 76094 207
84 99 12927 58
84 32 11759 184
84 54 33313 1111
84 11 45524 154
84 86 12975 46
84 22 143082 58
84 90 27632 264
84 9 11852 573
84 29 15599 627
84 85 25264 1081
84 4 3974 845
84 69 25248 192
84 29 64344 746
84 82 31797 421
84 96 43977 92
84 55 101661 86
84 95 69434 218
84 6 4548 22
84 89 11361 324
84 74 22834 61
84 19 27933 933
84 17 31429 433
84 5 92571 152
84 12 9006 32
84 54 34007 52
84 15 13283 643
84 16 18304 81
84 16 5446 344
84 91 12746 483
84 42 35178 57
84 89 22239 306
84 48 38194 79
84 7 13479 151
84 64 26276 47
84 55 29679 197
84 35 85483 28
84 39 13909 519
84 16 11564 228
84 46 19802 275
84 36 12493 52
84 54 10106 87
84 94 13324 327
84 45 65838 183
84 77 12749 16
84 96 4775 686
84 71 12008 161
84 53 18480 194
84 74 4602 582
23 90 16893 345
30 41 7670 142
27 85 7659 102
39 34 23004 221
51 42 25505 178
33 62 51252 84
18 23 37694 94
47 29 28222 79
67 36 17921 168
23 8 8969 538
98 21 45078 688
91 13 18455 145
11 20 17410 105
49 92 5278 98
27 73 6777 816
12 62 4597 30
24 26 182666 362
94 32 12947 61
15 84 8700 221
65 70 7255 29
32 3 60163 141
69 18 21021 1980
20 96 23331 35
21 80 5697 215
73 26 6236 367
9 89 28408 154
90 47 33962 94
100 91 38696 238
7 45 14631 295
14 82 194855 358
19 10 5243 234
54 57 52641 41
97 89 27233 48
24 9 5233 188
2 12 86607 370
70 56 29655 68
35 41 8295 32
81 20 102174 122
26 38 63069 20
70 13 25820 64
78 55 27306 313
43 91 40260 334
31 25 24482 277
60 95 3795 39
4 45 28621 936
25 34 217951 284
65 60 309857 69
4 88 4314 127
93 50 25711 90
91 10 25030 54
24 16 8315 170
40 29 9756 44
37 66 38403 539
78 21 33228 125
46 42 63525 379
83 80 47271 67
89 86 20511 212
14 38 3638 97
23 1 91731 13
53 59 3360 476
95 69 26071 333
25 36 138114 324
47 3 6932 146
4 6 13148 117
98 58 3489 181
65 19 8050 47
100 5 42005 405
68 44 11742 352
39 88 1151 74
26 68 34071 1357
57 8 10971 82
61 12 2209 55
35 97 20995 222
51 27 16339 54
9 2 19014 52
54 86 64600 363
37 96 27046 375
99 84 12072 93
86 84 45755 87
29 59 148366 182
59 84 12000 50
20 57 46944 128
66 96 8487 15
75 87 43912 213
77 23 32524 354
9 46 15982 289
31 74 10764 16
72 16 7573 224
85 41 35292 158
46 98 4730 71
30 38 7351 99
73 13 10424 1188
30 8 31989 145
90 37 102871 514
11 2 39558 359
88 17 37457 543
66 41 75353 30
2 98 50195 357
28 68 40963 108
83 37 22199 72
35 13 15051 27
68 10 27029 245
90 65 84477 485
74 5 1940 327
98 50 12434 152
13 89 68231 168
37 31 143680 306
95 24 114986 43
17 60 30989 49
8 66 36931 27
81 48 40231 130
78 67 21835 107
62 3 61898 132
73 12 79650 234
55 44 9251 34
23 15 35866 565
89 12 29718 75
29 84 52019 202
49 100 54461 177
42 95 16342 150
10 53 12984 639
87 78 33304 125
42 98 18394 149
29 48 11375 2079
70 7 143069 71
57 36 43908 70
84 100 12114 249
79 25 5559 111
100 49 66929 22
28 30 16618 224
41 67 20909 339
19 64 15538 646
12 65 25178 128
89 45 16393 101
94 14 16213 101
48 47 26135 130
11 14 23232 67
88 19 22468 40
71 1 7211 139
43 62 8636 626
39 23 23437 18
28 57 45838 629
63 97 10848 24
57 35 16938 40
57 53 36830 474
92 21 39988 99
56 90 3886 78
79 78 39080 114
87 12 6723 60
8 78 92437 71
17 40 46104 175
95 32 13605 236
49 77 15441 198
30 7 12501 59
28 66 24492 124
2 66 48526 46
76 43 21171 654
54 39 139643 240
97 22 37149 56
48 31 10082 50
1 12 10339 275
98 10 117751 110
7 65 40109 74
61 67 31735 70
60 2 29238 529
45 60 37409 84
42 10 177838 171
62 10 20851 1001
89 35 10352 476
4 92 186592 126
70 12 41083 71
68 99 50382 99
77 98 12949 448
19 37 1920 175
33 32 9764 98
40 10 22544 47
89 66 15921 25
78 89 2319 633
83 3 114713 373
85 17 28725 133
83 9 22359 13
11 95 34688 101
56 54 14133 11
64 71 24605 148
31 20 4937 120
100 11 47046 220
8 73 7366 42
37 40 50172 343
11 4 47951 722
27 12 50681 133
17 53 45731 217
33 81 8697 112
90 74 5054 99
28 36 3129 188
1 70 29524 41
54 66 30325 100
39 69 58427 1191
47 9 6496 341
1 4 22200 57
20 13 2992 68
84 1200
12 1205

Impossible
