100 299 1 1
79 76 10351 99
79 41 111493 50
79 29 7564 36
79 19 70093 202
79 36 8275 668
79 63 5736 219
79 87 9407 112
79 42 10927 218
79 77 7705 63
79 78 41050 243
79 3 19090 936
79 82 15830 101
79 67 17634 180
79 88 36868 501
79 19 22772 68
79 21 9363 295
79 76 10490 194
79 86 7254 27
79 14 118803 260
79 65 25829 290
79 82 1380 238
79 51 28721 49
79 90 51813 185
79 86 156085 1582
79 92 37474 94
79 34 33917 154
79 58 23032 297
79 66 19806 332
79 41 16031 16
79 78 14633 274
79 43 18591 167
79 37 25736 60
79 52 29173 534
79 23 130694 144
79 86 5151 79
79 61 21269 171
79 16 26539 180
79 50 167287 30
79 52 29621 60
79 50 12516 571
79 94 16411 64
79 49 43434 59
79 97 121312 853
79 36 64657 81
79 20 19916 28
79 41 19474 77
79 45 48991 244
79 14 2854 138
79 74 3035 392
79 65 25353 1723
79 49 15283 31
79 78 157554 252
79 92 7917 100
79 4 30592 402
79 20 119578 41
79 96 4123 161
79 92 10461 850
79 64 3445 494
79 55 8819 1423
79 40 8174 61
79 72 61859 105
79 64 250835 32
79 24 45974 263
79 40 18800 568
79 98 1111 100
79 62 9605 149
79 7 151503 94
79 12 55869 405
79 88 45792 125
79 82 24592 253
79 34 29873 286
79 19 91856 389
79 35 18303 102
79 7 7486 453
79 20 35805 159
79 40 69368 36
79 84 170798 32
79 67 46530 160
79 24 74068 120
79 98 85555 480
79 70 18562 654
79 89 12526 122
79 90 37121 225
79 57 78256 89
79 34 23886 8
79 45 13259 236
79 18 15807 83
79 68 19855 129
79 21 2033 293
79 43 17914 147
79 54 22150 98
79 100 9568 80
79 89 11410 40
79 70 2475 157
79 23 8740 130
79 55 17916 14
79 66 58000 186
79 99 12112 802
79 66 5366 529
87 31 6261 114
36 6 67189 46
30 69 11692 507
17 89 24175 130
21 55 6375 1113
47 33 17603 294
10 1 110914 694
62 22 16204 272
5 40 34109 435
89 40 26312 28
53 16 3630 102
52 47 9806 19
22 28 59171 503
48 18 67965 35
70 13 18295 107
67 1 10465 63
32 13 59634 80
44 33 43674 134
69 90 38699 69
12 87 20597 18
5 57 18634 475
82 84 17308 188
54 86 25052 98
11 17 11204 394
42 87 34110 149
77 57 25189 351
18 84 7606 188
90 86 21611 23
97 45 22815 130
60 81 110512 76
75 22 33267 842
67 6 35919 22
60 63 9391 195
39 52 78136 212
31 61 54940 263
39 31 53706 129
41 78 36769 58
86 1 19019 93
47 12 9423 942
51 58 4221 47
10 63 19636 135
86 37 8933 83
9 38 20057 73
66 98 33835 268
87 91 8714 74
50 12 67315 33
36 55 1332 56
61 55 126924 145
13 41 10105 275
71 57 12147 54
76 2 16105 63
77 60 11473 501
38 24 17986 58
57 82 17402 221
41 28 12270 116
100 73 11986 262
15 70 18420 221
93 7 21940 65
18 76 5382 739
30 77 8126 913
91 87 14216 112
29 62 54992 156
15 49 82411 133
78 84 52360 704
77 15 30246 32
20 40 69682 35
61 45 16826 414
34 44 35173 73
60 43 12173 291
18 51 9412 223
47 39 5535 76
55 88 56322 177
1 96 19190 93
75 1 14488 135
43 56 7311 385
73 4 5744 180
22 80 29705 954
33 78 17528 530
32 75 42729 145
61 37 4262 31
100 26 11575 17
86 74 2956 129
91 23 11476 90
49 54 7969 186
6 9 7549 353
40 99 37841 493
92 32 10171 384
57 71 65704 185
38 15 8504 607
39 42 11671 136
18 44 19288 166
11 63 16780 43
52 83 18699 244
2 74 117376 298
63 37 36169 557
62 77 52627 157
73 57 26880 328
98 1 6023 435
87 43 11931 90
67 82 2481 596
48 88 11951 504
56 68 72891 348
60 56 90350 1403
89 92 31584 592
96 65 31268 157
50 40 4431 345
82 55 19361 424
13 19 299578 1066
51 61 99442 136
82 51 13523 400
69 41 3881 141
19 95 79021 403
16 25 9587 100
71 76 12842 310
76 65 44541 185
49 52 13428 62
24 57 30168 368
66 45 6221 181
30 4 6360 173
62 14 13587 387
38 58 67288 165
94 63 34365 133
93 23 26512 156
90 63 41344 241
73 30 9329 250
16 56 33094 262
92 99 32153 164
79 69 44627 172
89 67 18784 36
4 89 234536 90
4 18 30421 161
71 31 15296 141
42 45 12194 71
62 47 25483 684
69 94 38417 200
52 11 15133 33
76 16 7281 364
32 100 49138 75
82 87 24640 114
32 89 4955 160
25 75 16464 443
14 86 18980 408
70 96 106343 106
82 35 107505 98
93 90 106029 43
13 44 65199 286
83 20 56648 830
81 24 15312 539
10 2 11951 209
43 63 15360 130
63 46 21479 164
68 21 22578 1652
36 79 94253 56
64 93 10772 68
95 57 42125 116
89 8 33521 225
40 94 4835 92
2 88 85846 262
8 46 21054 456
84 29 22379 270
49 97 12865 369
38 59 17451 93
86 90 12588 126
6 56 12421 142
91 90 19146 55
63 78 28900 62
69 34 44242 304
66 16 21046 667
43 26 16824 123
56 45 42540 626
22 74 98089 104
7 12 19970 82
3 69 9331 64
85 52 183046 179
19 47 55727 180
25 52 15779 92
20 96 95827 167
31 55 3076 133
77 72 21581 916
73 8 58615 76
54 89 5669 610
85 11 21899 148
40 44 22792 93
63 16 157624 69
48 77 13826 129
5 19 37949 116
52 12 31948 38
72 75 17354 283
43 41 36045 12
54 94 7330 157
87 44 130911 248
19 8 52598 72
66 88 56841 82
81 80 31281 423
53 94 83910 193
74 57 16098 108
7 17 22183 254
42 95 18531 68
4 98 2656 21
48 2 9316 804
79 1000
57 1219

71798589
