100 299 1 1
84 59 10356 152
84 88 106343 170
84 20 17649 70
84 33 18798 313
84 70 75102 475
84 50 19723 286
84 34 89932 108
84 66 72390 116
84 3 7096 123
84 88 891 136
84 8 31093 72
84 65 130047 95
84 62 30265 285
84 68 18464 524
84 79 51617 206
84 50 34175 165
84 35 13090 175
84 14 4901 950
84 34 234349 219
84 69 17843 66
84 85 48855 14
84 67 4406 5
84 56 64700 352
84 97 19893 557
84 63 62706 477
84 34 10101 563
84 71 40099 88
84 10 12663 113
84 43 7153 63
84 82 136540 363
84 76 34142 155
84 20 9587 774
84 72 92789 325
84 17 27133 22
84 95 8532 251
84 32 84976 1735
84 97 20509 46
84 58 139599 108
84 41 7268 53
84 33 149320 144
84 92 18449 68
84 32 4598 180
84 6 7361 432
84 94 26030 95
84 87 9169 482
84 22 18319 216
84 59 62709 176
84 18 13504 742
84 22 9203 104
84 3 24303 213
84 47 42819 278
84 94 80561 176
84 91 148887 284
84 54 10303 259
84 18 222618 32
84 80 21268 42
84 10 79947 157
84 7 19117 105
84 12 25542 35
84 24 9797 166
84 78 3600 44
84 88 34911 396
84 23 82180 305
84 57 6205 64
84 34 51488 21
84 5 5137 386
84 3 350461 67
84 1 12778 334
84 16 6425 64
84 51 2064 249
84 15 159295 12
84 72 71510 338
84 87 215608 152
84 57 4728 40
84 64 21735 333
84 93 149344 17
84 57 32190 189
84 44 2937 178
84 24 45062 804
84 6 6204 100
84 23 8104 64
84 25 47798 511
84 4 7197 221
84 43 36223 55
84 96 24954 585
84 64 11114 256
84 62 197802 320
84 74 41999 90
84 50 6156 32
84 100 3916 406
84 89 19689 101
84 15 12213 219
84 1 160001 394
84 19 32069 201
84 56 28255 133
84 5 18131 120
84 66 23089 160
84 45 7526 144
84 93 13918 130
46 16 2979 188
27 29 3706 145
61 27 9892 296
54 5 132294 153
89 79 16947 36
4 8 45147 84
36 63 10976 180
68 77 31825 87
50 74 17823 108
100 97 23112 116
45 31 144944 362
19 69 13248 87
56 47 65848 371
43 20 18561 182
48 66 16617 41
57 35 7437 124
56 2 43433 80
9 21 44615 69
56 77 10983 183
93 95 9351 146
82 94 23500 57
81 2 60202 768
77 11 52881 109
13 60 78061 176
17 74 40307 180
79 36 38326 195
96 77 9082 110
7 80 58274 282
32 72 24389 37
61 94 7556 148
60 20 31887 564
70 30 18604 145
99 14 76547 30
23 78 4394 17
22 84 5647 253
6 16 17689 262
70 35 11445 1765
7 18 15332 305
13 4 42634 94
7 1 113631 617
39 58 15292 35
18 22 27167 72
19 57 42862 149
49 55 9991 326
61 38 29013 1076
23 67 18072 217
74 24 10874 558
81 76 122748 219
40 68 21279 210
79 55 119680 793
88 28 21742 1169
97 29 11131 254
28 48 28349 171
66 49 18347 51
42 38 79896 53
21 46 14715 36
74 28 9994 39
97 56 24821 16
99 79 12648 115
1 50 29229 68
71 20 35723 555
31 37 71053 39
34 35 20784 450
45 57 79849 793
92 8 63343 227
25 72 11615 174
88 60 12869 67
3 75 16631 118
71 87 10019 450
90 8 9970 344
42 79 24059 907
24 55 46742 39
43 14 160331 50
25 93 10967 159
20 79 49263 148
2 19 25780 43
74 64 13365 18
98 9 37048 341
34 23 5117 66
77 47 5180 272
21 70 17673 10
83 31 32617 130
12 52 5083 107
71 9 3820 255
94 20 12444 368
30 70 27251 370
24 33 24059 181
70 38 11514 91
23 42 31058 91
71 88 35221 112
41 68 38404 411
16 90 22581 252
39 95 224559 37
32 1 148160 460
76 12 24957 140
29 92 18131 154
1 33 42770 77
88 64 33061 139
88 6 22486 251
23 94 16595 383
34 8 7401 136
50 34 9951 130
68 45 13653 118
61 77 43505 186
63 94 9099 105
1 31 12826 38
52 91 9455 201
75 8 4946 294
100 12 92954 10
69 23 9413 265
62 97 34630 179
75 58 17559 188
30 25 29511 143
69 35 37580 215
91 38 14032 91
100 39 14995 259
29 81 142719 69
44 75 10965 66
86 50 15966 19
95 54 25394 135
14 96 32778 216
90 27 42087 39
64 18 6799 265
32 14 8382 267
95 37 3418 114
25 71 21056 43
50 79 26998 101
38 89 84998 173
64 68 313507 162
92 80 32800 124
13 90 20942 152
23 86 39197 379
53 16 53009 82
60 48 56630 274
52 15 54651 98
87 32 20828 255
80 88 3254 68
60 42 49206 48
84 29 1738 919
31 72 149866 188
16 13 18326 130
4 72 18508 285
70 57 1462 104
6 20 4280 4
20 5 17675 426
79 68 22705 1074
98 55 52832 130
74 51 14322 28
79 75 102414 46
31 84 15461 200
90 87 60090 343
10 39 6623 182
11 49 73216 612
22 33 12724 295
19 98 10668 53
59 31 9241 37
78 7 12026 53
29 67 87291 1600
99 85 13092 126
59 1 59782 405
94 49 6559 277
70 5 9644 179
55 82 30628 173
10 52 10781 94
52 1 14861 90
81 93 29591 64
76 22 22947 78
93 99 61127 825
6 24 14425 45
73 76 126315 694
49 64 26061 35
94 58 3396 67
21 30 28064 173
6 64 50967 42
54 71 24713 114
2 57 101633 1004
96 50 32256 78
18 5 30481 320
100 41 4095 57
80 46 15676 505
65 94 4284 214
69 87 67178 158
73 85 19227 239
18 35 56691 132
100 42 5727 568
44 76 11524 363
7 15 66223 77
52 50 26904 85
72 18 13832 44
58 66 8448 97
39 100 33206 55
25 63 5460 63
95 69 10845 55
62 15 27906 589
21 20 9894 96
54 56 2725 581
70 46 11065 133
68 30 29410 841
79 78 64589 23
91 7 6537 728
84 300
20 255

Impossible
