100 299 1 1
77 69 227630 125
77 49 24622 171
77 98 10373 90
77 2 82952 139
77 3 21339 215
77 99 57826 164
77 64 9359 88
77 37 33662 48
77 10 33092 71
77 97 17708 44
77 95 6075 172
77 41 121976 47
77 73 24905 263
77 44 20886 117
77 80 31170 219
77 56 74231 56
77 24 20548 1346
77 76 3934 126
77 54 12683 62
77 83 27597 140
77 79 7930 238
77 78 26971 258
77 58 7632 249
77 63 50556 20
77 74 42597 211
77 87 38818 287
77 60 23119 207
77 28 3393 123
77 50 2685 877
77 61 34050 85
77 71 42885 45
77 9 55929 793
77 20 8576 403
77 55 35840 124
77 14 133158 608
77 39 1929 155
77 15 36843 231
77 57 12404 137
77 17 12958 58
77 46 37633 80
77 94 14206 340
77 19 9670 148
77 45 7860 68
77 6 25497 412
77 72 76456 81
77 62 94885 51
77 89 29514 68
77 100 8041 264
77 29 26902 38
77 21 14546 89
77 47 57548 99
77 93 85229 237
77 66 23193 287
77 1 18711 213
77 42 33850 335
77 4 47247 140
77 13 13659 70
77 25 33327 132
77 36 24051 1583
77 18 15280 65
77 7 22869 98
77 5 43064 351
77 75 14915 42
77 86 28658 56
77 40 11358 146
77 35 29151 95
77 16 51590 133
77 67 5625 112
77 65 15318 199
77 11 47413 12
77 31 173812 153
77 12 35995 99
77 48 25601 64
77 53 12771 101
77 68 22173 97
77 91 26541 147
77 30 14740 108
77 90 35982 222
77 23 11526 69
77 84 27140 1831
77 38 137683 65
77 26 4902 163
77 96 2784 406
77 85 52777 137
77 32 5318 266
77 70 115990 164
77 88 7050 490
77 81 20501 119
77 8 5051 113
77 27 18163 173
77 52 89132 54
77 92 19238 36
77 82 9443 131
77 34 48227 317
77 51 15901 317
77 43 59143 49
77 59 39829 107
77 33 115461 350
77 22 147393 249
84 29 70760 208
82 54 69907 309
89 95 28961 93
65 45 5705 32
5 94 132548 173
82 92 49663 337
28 98 6178 163
57 97 64560 107
7 50 32005 224
62 28 25958 368
5 99 26804 70
83 68 5091 293
64 13 44829 46
74 88 37052 304
85 81 20338 502
84 47 10451 212
69 16 69760 200
18 57 9352 433
85 35 21838 712
35 83 6306 202
49 69 43436 645
63 43 20108 302
9 72 9912 20
24 70 50917 782
48 100 15061 305
4 9 41423 219
9 88 12071 144
74 15 25354 21
95 36 87259 182
15 28 85274 594
69 49 45814 266
92 75 9470 19
54 69 112372 2186
79 90 23737 573
72 19 8970 426
62 73 302373 133
73 61 27025 131
54 24 13788 327
21 46 16535 946
5 51 42011 133
24 57 138040 29
38 11 12073 1822
20 84 8930 130
14 26 67063 164
81 47 99557 636
10 34 7980 122
33 17 16527 113
80 61 6415 102
14 22 10231 408
58 48 24957 18
73 71 15695 331
13 62 8097 203
100 66 47688 446
36 16 24768 46
96 87 53195 208
8 59 63589 227
8 5 63835 74
93 83 47296 71
62 78 18309 71
8 11 66708 123
66 11 55946 470
21 52 46066 169
2 77 17239 190
63 3 9889 77
88 80 36352 123
83 63 39540 12
82 49 30048 528
50 81 18503 182
3 27 70438 110
84 57 13257 55
67 34 16303 220
24 28 7554 199
45 70 73095 302
47 82 8503 191
25 65 43215 137
80 28 4203 25
62 17 33228 104
92 50 15886 191
91 1 6065 993
27 14 35163 123
34 80 81197 120
69 35 30751 205
53 30 7758 564
22 11 38182 83
3 100 29817 107
91 57 56249 34
1 43 27237 116
35 91 25765 63
63 23 10530 267
22 98 7556 320
42 39 17241 73
36 90 12567 99
67 56 53061 78
78 71 97961 69
71 60 7732 281
19 23 10589 1522
14 80 8047 290
58 17 30620 166
70 79 79848 106
54 96 25641 88
33 35 18013 329
78 13 14170 137
63 38 21968 85
60 93 7278 42
94 31 66538 61
2 41 7764 448
50 96 42558 167
26 1 20233 613
87 92 21754 88
70 50 11036 41
22 99 8744 341
70 33 29383 187
76 52 67534 777
16 74 66907 257
17 26 22194 695
35 18 26498 187
91 7 22767 79
46 88 8830 119
85 94 6429 83
35 46 12331 163
62 1 72444 140
94 88 10943 915
89 73 209065 136
82 16 12249 357
55 80 10960 127
2 89 3191 95
35 38 2525 187
100 22 59335 80
10 78 5481 45
21 90 36004 133
39 62 26090 79
21 20 3576 49
28 44 45596 22
67 76 2980 531
85 46 14436 1186
9 99 7888 42
27 12 17299 30
25 72 27944 84
11 43 20087 132
14 59 10252 85
9 48 46870 28
10 80 92860 312
3 72 31203 491
11 14 41896 1037
35 53 48703 369
70 53 111266 200
85 52 54306 39
86 95 23839 2068
62 42 9101 43
86 68 15347 102
63 32 12931 170
47 26 14860 134
85 42 9796 690
17 15 9398 55
65 36 19929 188
51 13 41937 89
23 98 14305 326
69 68 11700 42
16 95 127328 322
24 92 104348 260
74 33 17811 154
68 66 64003 253
1 5 34563 317
7 32 41285 230
75 37 78695 52
9 41 26601 540
71 41 4460 255
74 60 6814 75
89 35 125426 343
45 55 4318 135
81 44 10094 400
97 74 43446 134
15 32 17208 667
9 37 102642 108
42 95 18724 19
27 47 17345 224
36 4 15440 57
69 74 65140 29
36 53 57024 124
56 85 2310 261
65 11 44483 491
21 88 20510 373
65 34 10541 391
95 78 8529 90
65 67 23035 839
89 23 4069 179
39 5 47850 815
97 99 35315 190
64 23 12653 385
81 51 17307 257
86 21 3812 53
97 19 11647 34
33 13 6294 212
55 27 47093 158
60 89 27911 281
3 99 10058 68
62 45 5859 174
68 50 15203 82
82 24 53998 1315
29 7 45127 316
77 1980
99 788

57848587
