100 299 1 1
96 9 67554 600
96 24 4478 121
96 19 63474 454
96 29 159816 173
96 67 34590 125
96 61 7498 54
96 16 5890 403
96 53 34896 24
96 72 10670 48
96 20 22794 136
96 73 18593 710
96 30 29349 87
96 42 33768 137
96 100 38139 97
96 90 14021 10
96 22 8459 143
96 55 15099 99
96 85 416020 159
96 78 11024 187
96 76 11331 434
96 92 6687 70
96 88 4700 148
96 7 154887 37
96 15 15625 282
96 95 44572 29
96 10 13148 186
96 51 5166 20
96 64 49377 160
96 33 26475 69
96 12 2739 341
96 93 24391 642
96 49 97861 79
96 58 10655 63
96 98 6376 65
96 57 17761 274
96 86 2988 78
96 77 16164 58
96 44 13860 122
96 40 13873 144
96 74 85342 82
96 5 32858 122
96 84 7965 322
96 70 281816 161
96 54 11360 438
96 91 15022 258
96 3 25307 98
96 26 3019 205
96 62 5878 145
96 83 238856 149
96 97 11028 285
96 38 8337 246
96 69 82150 188
96 48 105153 562
96 81 143866 146
96 75 13519 299
96 99 16965 122
96 43 6980 44
96 6 143128 931
96 71 3130 83
96 4 58417 243
96 35 24721 141
96 36 94828 77
96 59 19211 153
96 87 27029 45
96 1 22609 117
96 14 64874 250
96 21 29045 277
96 60 30534 613
96 46 86793 1281
96 18 6948 44
96 66 13969 145
96 11 20946 92
96 63 18045 400
96 50 10998 256
96 37 4486 171
96 39 80553 186
96 80 6407 37
96 68 67712 169
96 13 8097 200
96 89 39382 678
96 28 12490 142
96 47 5066 235
96 45 27051 77
96 31 9792 107
96 25 48174 67
96 34 19045 167
96 17 55449 728
96 79 17064 54
96 82 9607 1528
96 8 13562 61
96 23 18301 121
96 56 50208 309
96 65 9783 1340
96 52 16213 22
96 27 32044 73
96 2 104185 80
96 32 29574 282
96 94 10231 126
96 41 21279 96
57 60 74445 387
82 5 70867 50
90 93 62112 318
33 41 66996 618
100 1 93406 165
82 47 30216 67
70 42 5099 109
50 77 14936 82
5 88 17281 104
95 99 30841 1475
99 70 25423 536
34 84 16548 1382
36 14 22952 250
69 29 53773 70
16 28 6857 32
49 74 29728 130
21 48 74836 325
39 59 15685 129
18 59 4201 119
38 33 23944 682
22 36 3217 358
20 3 2509 108
30 88 18812 24
11 19 88543 88
54 85 7973 287
23 65 60311 480
56 41 37577 174
39 66 86324 400
6 89 7427 752
45 95 41510 147
85 48 27273 78
46 92 57550 143
76 80 8032 182
10 91 8443 66
85 41 12241 416
84 29 5965 130
92 43 19248 222
70 51 4001 117
66 86 19391 89
44 18 15205 94
85 2 5711 368
29 79 13497 75
59 53 1369 195
36 93 81671 729
67 82 20399 46
72 13 11262 28
35 28 55674 165
12 59 138536 171
21 54 91180 481
100 38 50430 42
99 72 53143 113
98 54 16385 117
66 51 18822 90
94 91 35875 64
18 78 57258 63
16 85 6178 2342
21 34 43420 2158
89 5 10576 165
98 36 4604 124
73 49 71083 180
47 56 48745 97
70 95 11100 45
7 87 17910 119
21 14 25730 225
11 58 78539 83
23 41 3602 553
67 60 26554 104
45 24 22760 112
33 88 18413 271
94 4 71143 202
27 25 23352 410
16 62 3627 93
49 8 36677 22
94 54 66083 79
90 4 4489 32
93 15 53490 72
13 80 13195 43
1 93 26000 80
61 34 12350 49
37 81 21274 42
11 62 9735 72
44 57 19685 116
57 40 89614 43
28 64 10263 74
88 44 18019 258
60 87 8165 45
88 55 35324 141
82 8 18263 49
78 98 22559 292
71 96 15053 144
55 45 35399 331
99 77 4630 169
53 29 140466 90
81 21 24271 41
22 73 24183 218
33 4 50524 102
90 15 30518 44
50 20 2734 106
39 86 95766 213
97 99 17772 235
13 28 34867 724
41 93 7068 79
56 87 14709 221
43 10 16165 59
61 11 28503 31
71 55 17307 140
8 32 19225 45
100 21 29619 112
99 15 19277 251
80 76 7689 206
69 38 9788 125
48 74 44725 207
93 63 82647 113
9 32 32733 69
81 72 22134 488
25 83 17128 102
79 36 22849 185
52 24 33993 14
86 26 5076 19
34 89 8517 366
74 31 2467 1090
20 38 40122 521
81 71 35278 570
37 10 18024 476
32 15 5152 200
77 73 52752 33
62 14 43020 651
77 2 18948 167
26 8 160845 177
53 96 14765 161
84 97 29050 134
84 47 8378 158
39 72 18728 287
46 81 10918 142
54 1 17458 300
3 94 40405 82
4 33 5872 46
61 50 115844 115
75 40 20131 525
17 96 34019 55
10 65 60489 85
36 78 21847 98
68 38 29876 214
42 14 8706 199
19 46 20615 339
68 46 16637 165
78 30 37760 212
43 67 41608 170
91 46 12348 421
38 39 23149 260
30 49 5969 151
16 9 14155 156
25 87 32117 330
26 28 9789 358
67 3 22721 167
78 6 14548 82
37 1 365251 1255
62 55 8331 29
100 23 21680 144
81 64 19522 212
50 89 69948 135
73 37 6849 190
30 35 10701 140
51 14 29562 405
62 24 4703 55
18 71 16711 153
44 77 47570 162
19 3 8911 247
28 96 447632 33
71 87 12765 562
83 90 6886 212
1 25 11575 125
43 74 21750 13
66 46 5826 41
54 45 60007 327
31 47 35823 428
54 91 10124 360
38 43 10098 442
35 10 6410 3013
59 40 44659 87
60 57 17293 225
47 69 6948 400
56 98 24862 173
5 62 210652 200
89 24 13015 205
26 79 9545 238
10 19 6988 85
17 27 32591 204
67 58 49759 1595
28 34 98459 254
33 11 6420 342
76 98 30330 84
14 9 10039 417
65 14 49160 531
62 6 7373 1030
95 90 15466 120
80 89 2747 167
55 9 47797 41
66 43 28862 231
59 85 264201 328
96 3267
14 915

42914499
