100 299 1 1
99 41 12640 188
99 13 34488 169
99 100 25261 348
99 77 29506 204
99 85 12786 243
99 10 234754 309
99 84 10395 291
99 65 20816 95
99 63 18033 143
99 2 28818 114
99 33 8176 50
99 27 3645 104
99 54 5125 172
99 46 213317 405
99 64 169553 117
99 57 10724 127
99 18 58957 106
99 89 13321 467
99 59 19532 209
99 58 12472 128
99 56 17639 377
99 49 66513 90
99 39 32784 37
99 87 9250 105
99 1 17636 231
99 97 14140 97
99 98 10491 140
99 48 19647 776
99 5 25819 47
99 79 18366 37
99 38 32924 110
99 82 9759 151
99 12 17620 128
99 91 10335 416
99 69 6495 156
99 42 27408 178
99 22 7598 367
99 92 55643 44
99 30 9914 85
99 68 8615 10
99 45 17750 217
99 78 13019 516
99 8 4146 139
99 52 26750 22
99 37 17946 127
99 7 35775 23
99 25 42006 281
99 31 16261 171
99 3 36938 149
99 60 40564 935
99 6 17139 154
99 62 20788 99
99 15 5700 28
99 50 57588 118
99 21 18436 162
99 24 50026 193
99 19 33707 211
99 55 30531 264
99 76 17801 37
99 66 71391 68
99 44 39861 74
99 70 24826 84
99 23 22725 362
99 16 27034 47
99 83 46090 421
99 47 7275 23
99 88 18555 324
99 35 136886 152
99 9 6460 27
99 86 34721 2230
99 75 18271 297
99 95 29780 1123
99 93 14997 51
99 40 27847 55
99 43 8260 1214
99 11 128305 34
99 14 52506 315
99 36 35955 40
99 17 8454 63
99 26 59742 42
99 32 94795 1087
99 72 34371 372
99 96 9849 142
99 4 5888 100
99 34 40968 148
99 74 63812 361
99 67 1894 105
99 90 6135 53
99 28 30287 454
99 20 3703 287
99 53 47442 270
99 94 37032 386
99 81 11531 308
99 71 60737 103
99 61 22604 613
99 73 1000000 115
99 80 31989 73
99 29 9290 263
99 51 22408 774
37 81 20984 146
12 66 5802 127
14 47 16178 115
16 85 12808 224
34 8 6424 44
16 52 8596 842
89 85 39310 50
18 27 39450 245
6 3 14953 189
10 55 19376 221
26 67 29479 126
85 80 13464 89
68 54 17880 833
12 55 81403 43
10 85 112785 397
78 94 18126 298
97 62 15337 608
64 15 38665 74
42 22 4371 36
22 19 11923 137
54 14 26940 99
22 42 3199 529
20 97 7955 92
59 82 17791 97
24 57 24204 125
81 88 15274 90
41 81 9017 92
59 4 67034 209
25 19 9043 233
36 8 7238 321
14 70 17331 242
96 11 27610 264
92 40 13219 211
44 11 3222 284
29 44 34588 88
86 70 13505 654
51 87 39731 3389
79 4 57186 66
35 4 31221 238
65 76 52667 167
39 45 41598 43
17 18 15851 56
97 78 20860 356
15 28 416974 152
75 26 75710 937
26 84 8947 215
35 31 15471 92
74 72 6840 81
17 23 17302 494
48 19 31259 142
10 100 55464 61
78 6 35582 142
27 68 21492 58
76 81 165262 716
47 51 51135 87
54 22 14809 191
56 83 47151 50
60 99 29444 559
18 29 39837 70
17 11 1347 124
10 22 29334 104
26 22 115119 108
80 9 21594 156
85 11 112219 61
65 74 32427 436
60 72 63548 237
54 37 2321 25
8 66 27053 65
35 61 94581 722
5 27 10301 89
96 42 59832 95
75 71 26789 178
68 8 13317 191
77 11 29866 141
93 14 13149 122
21 33 5308 195
4 77 9879 26
30 76 5608 146
74 32 18519 431
65 71 122936 270
7 82 43061 259
16 84 92892 93
95 63 22082 288
94 79 19588 121
90 56 35648 160
39 32 7041 482
78 5 54574 101
86 29 3967 243
72 8 10344 29
41 47 15588 316
12 56 53025 17
97 55 13579 63
36 16 26611 55
64 91 41943 641
52 88 4960 2485
52 1 30057 82
21 83 193400 37
65 42 7463 456
93 19 16558 387
19 17 57764 130
79 30 21073 535
34 73 54952 211
87 75 29270 227
72 84 26921 199
61 73 34206 170
5 77 51420 155
86 69 8731 157
45 70 90660 371
12 3 13295 363
9 85 52874 178
83 72 113967 101
54 21 52883 359
10 8 34347 29
88 50 112103 64
65 18 18289 64
46 63 105136 130
29 19 6335 178
83 84 10566 16
7 29 34086 263
12 69 15768 192
20 26 5626 72
93 35 14586 80
94 56 27240 232
72 82 29475 939
16 62 40470 158
76 62 8843 438
97 27 107746 721
4 27 75497 15
47 40 31553 265
38 2 14001 241
55 94 6059 28
24 10 54238 168
37 57 111325 485
48 41 99994 121
44 98 16074 343
49 35 5846 170
2 65 35757 65
35 11 33224 60
100 67 26626 139
41 49 29782 764
19 87 14461 220
3 29 17803 79
38 30 6077 196
75 6 13161 284
100 92 23521 68
46 75 45056 152
59 55 2941 88
69 52 9535 76
10 94 84297 248
64 28 52059 103
14 16 40667 46
22 97 40241 344
75 70 25501 97
26 55 22592 10
60 83 11224 269
54 86 31854 27
41 17 62644 41
28 24 65726 28
31 67 3717 102
44 67 3374 238
87 8 2918 133
16 43 38715 316
2 83 16349 554
10 70 36405 278
83 5 2356 145
56 18 11268 652
1 96 3859 46
75 29 58972 355
47 93 27623 117
81 17 7249 69
90 72 20940 29
79 23 164161 158
37 91 15850 35
87 19 15982 749
25 82 8456 150
52 14 24014 117
8 59 19840 377
87 10 5157 367
54 79 15195 134
37 73 24142 203
40 78 14744 205
25 30 63950 927
84 10 48148 167
16 88 31192 17
89 36 72919 82
92 100 17716 31
29 75 56520 256
33 45 12818 434
7 81 107767 214
17 87 14696 526
29 93 8911 488
4 59 14516 564
48 72 20002 212
64 38 33674 82
15 2 253067 53
47 69 34197 757
94 67 20303 551
33 53 26828 173
64 12 15414 16
20 96 63150 89
99 1089
19 364

6691995
