100 299 1 1
24 93 4500 417
24 60 87354 20
24 34 60007 62
24 31 28508 64
24 50 39357 60
24 40 10614 139
24 39 42250 98
24 48 113354 68
24 100 28801 172
24 2 30847 285
24 66 38504 228
24 26 15301 391
24 88 79659 673
24 83 51707 748
24 72 33744 107
24 27 7157 259
24 43 49212 60
24 49 5879 107
24 95 32812 119
24 73 80380 236
24 95 118580 40
24 21 25008 269
24 28 5853 44
24 33 35246 149
24 2 93186 278
24 87 25787 61
24 34 14144 392
24 22 8602 33
24 63 41001 643
24 84 15339 138
24 69 22381 31
24 88 8446 75
24 46 2493 97
24 71 80921 50
24 25 19582 501
24 36 5870 138
24 100 7536 817
24 73 17766 186
24 27 27601 166
24 32 38559 224
24 96 33665 141
24 82 19066 297
24 98 9615 123
24 42 60741 37
24 70 3546 54
24 98 6575 228
24 57 15096 69
24 31 121393 131
24 19 125727 51
24 89 79192 27
24 25 7213 119
24 32 10714 242
24 86 12571 121
24 44 9073 26
24 17 12871 157
24 36 168027 161
24 87 13887 141
24 17 95602 145
24 56 48044 151
24 29 58270 284
24 63 28319 61
24 13 3387 44
24 12 50603 72
24 2 39490 33
24 82 30257 565
24 14 32737 372
24 8 62819 199
24 81 19086 465
24 85 6432 56
24 27 2279 215
24 63 18391 47
24 69 34939 231
24 33 25484 57
24 42 22070 162
24 44 51054 70
24 54 16458 25
24 52 72522 72
24 68 29864 50
24 36 50851 343
24 11 28464 155
24 27 88061 682
24 71 30443 103
24 49 125288 63
24 94 7897 426
24 90 33513 205
24 99 11046 301
24 56 112958 419
24 51 14342 46
24 21 159904 186
24 35 4302 185
24 43 17524 207
24 31 54786 166
24 87 96171 351
24 34 6770 58
24 23 70932 58
24 48 48238 161
24 1 32577 455
24 29 63624 116
24 64 28469 117
1 81 14953 172
71 81 10164 38
11 24 11099 33
60 58 166280 95
21 66 20646 118
42 50 37773 36
57 2 15752 417
49 90 25024 518
83 57 44225 164
60 95 52548 177
71 1 8871 107
48 60 55331 79
95 100 116239 162
88 47 21831 939
96 10 10938 3350
19 81 85189 152
31 56 10428 70
93 72 13086 61
54 87 5196 146
27 84 9168 6
62 60 9783 114
19 28 10553 236
42 44 31963 311
50 67 15895 165
60 50 21131 77
45 8 54347 331
78 65 9309 88
16 94 26369 10
77 64 6118 186
31 17 19022 61
6 25 16080 106
3 99 47689 126
77 47 6809 299
94 63 15503 25
34 13 27917 102
53 14 51412 117
66 63 15146 81
71 42 70168 217
7 85 60702 97
27 81 79751 254
88 39 6467 288
93 2 10785 120
36 20 34296 53
54 98 60523 258
34 23 22199 1431
19 82 12013 55
85 9 26492 417
7 92 46432 71
20 49 12850 26
86 2 16016 71
91 45 58611 313
65 5 25451 59
92 31 17607 293
45 5 11523 811
45 94 16281 103
77 32 13736 40
76 1 6244 970
83 31 12758 93
74 63 43570 66
65 40 28103 143
67 66 77937 104
96 16 3272 393
34 64 76239 127
11 45 17387 102
82 19 3072 182
6 15 33245 1456
97 100 91076 94
85 16 3078 292
27 90 33967 262
94 79 32915 724
80 97 15839 331
84 83 22301 101
60 74 23620 470
41 60 5316 136
64 22 81314 265
78 22 13484 179
25 69 15517 872
95 33 108219 423
45 24 13766 433
9 88 14746 545
95 5 29507 448
61 1 25367 353
16 6 7632 264
26 90 12963 242
35 22 17680 150
16 47 45080 27
78 50 9858 193
96 22 25459 53
29 96 10844 31
66 81 10978 224
2 61 3979 103
26 14 18607 68
93 67 28767 59
27 14 7310 245
86 85 9027 132
53 41 75961 698
94 59 12522 145
72 66 8249 108
76 68 32040 59
23 48 6887 259
47 19 35093 256
17 90 8863 96
70 88 78021 36
46 90 54281 86
69 19 98401 179
23 10 33215 436
73 48 45411 128
28 78 55453 107
8 89 25638 110
73 98 111855 680
45 77 12123 211
81 38 14071 48
65 99 10541 111
99 10 52110 179
72 69 5233 65
22 93 82036 308
31 92 17318 570
98 16 54659 404
6 61 93596 211
44 48 15759 1414
43 76 6694 54
77 5 22275 118
71 82 34412 246
35 17 55969 74
75 91 14432 81
74 78 2472 82
96 23 119456 161
72 93 17984 152
63 6 6362 494
86 96 15246 143
82 70 53918 132
7 73 11362 65
66 46 3043 52
9 59 20851 640
82 81 44905 315
14 20 3380 14
10 80 33472 283
29 71 30465 430
48 31 43916 1076
100 37 16423 45
10 72 48235 27
85 64 34226 31
37 12 11939 271
92 24 16658 125
71 77 50175 404
5 48 56017 102
85 70 12082 195
59 61 5928 196
3 100 7807 102
97 99 17561 118
35 4 24270 291
76 66 14196 485
7 37 51534 274
51 1 33076 32
67 95 30607 4096
51 62 31376 345
90 67 68494 48
41 73 20796 220
68 50 103899 359
3 4 64041 89
92 87 21261 280
35 60 36012 314
55 94 22690 306
98 4 8000 48
58 54 14614 676
41 36 35110 32
47 87 38614 419
80 78 1775 90
78 20 114891 215
55 27 9305 746
29 91 24178 22
87 48 1007 74
9 43 28004 141
73 85 10572 31
67 29 7363 91
60 89 28559 117
72 24 25657 438
12 72 15373 78
54 63 26948 1430
69 94 27242 130
63 69 33701 193
83 12 67433 259
34 32 22608 39
73 26 40839 28
91 79 32071 272
85 4 53698 97
1 53 17656 68
90 5 25154 330
5 8 64107 37
78 44 26644 649
79 30 5025 233
83 20 30115 176
32 87 48481 257
64 73 20562 44
30 47 53213 130
5 58 19435 80
77 31 40392 350
1 72 26714 79
94 36 151380 158
95 93 30559 114
24 891
87 2727

53033369
