100 299 1 1
62 56 5928 120
62 48 5514 151
62 78 32221 586
62 28 16451 147
62 61 49836 560
62 79 11954 1219
62 67 12691 94
62 70 98905 270
62 95 6798 22
62 87 153297 154
62 18 17329 69
62 21 67202 29
62 38 21272 451
62 73 12761 337
62 52 34055 206
62 10 18324 197
62 92 18794 94
62 7 4775 542
62 7 32988 20
62 35 45398 233
62 10 23041 72
62 80 6066 195
62 42 10499 275
62 47 3073 396
62 63 27794 61
62 75 8241 135
62 35 96216 1945
62 16 6815 108
62 58 139052 72
62 96 16330 366
62 76 19267 62
62 78 48347 363
62 78 12306 62
62 16 28125 119
62 7 21010 447
62 71 130539 145
62 81 4912 114
62 84 66792 132
62 50 12691 12
62 72 10125 188
62 80 7458 183
62 23 113594 46
62 41 15297 9
62 33 4907 160
62 28 130040 186
62 66 47315 102
62 65 15125 59
62 22 23458 89
62 94 35745 123
62 22 36225 59
62 15 100479 173
62 61 18769 55
62 22 3181 244
62 56 96421 93
62 83 18374 179
62 18 8858 399
62 16 14344 491
62 93 14279 157
62 52 21927 133
62 75 45678 475
62 74 29960 272
62 24 11350 169
62 28 35757 26
62 60 19462 466
62 95 7592 322
62 19 3052 251
62 88 1317 126
62 58 38372 385
62 72 16640 191
62 72 15390 448
62 52 8586 125
62 66 4436 301
62 35 52037 22
62 79 131250 54
62 42 8759 133
62 89 7809 319
62 26 16877 164
62 78 12565 159
62 22 36399 229
62 18 3199 74
62 86 29458 213
62 10 48589 523
62 6 22945 635
62 36 82890 516
62 86 54458 59
62 10 52232 101
62 31 1545 78
62 69 10312 147
62 78 4293 41
62 16 24359 328
62 47 33892 287
62 24 41277 79
62 92 6065 243
62 45 43671 98
62 74 45838 39
62 88 45643 1052
62 97 22455 1542
62 41 10763 40
62 11 15150 451
26 63 55447 365
67 6 11666 236
17 55 17442 142
4 35 39891 47
44 81 42678 258
96 32 7754 90
18 38 13409 183
81 66 28275 157
74 32 59936 176
36 72 5507 48
23 62 8880 68
75 45 17382 52
17 20 11926 895
100 44 62716 738
79 96 19922 48
57 73 16409 242
61 36 33447 248
57 83 22860 147
15 97 26080 272
32 15 46202 304
10 8 81244 98
61 44 38606 1398
37 67 51577 196
65 67 114972 70
40 51 9073 483
66 82 7813 115
32 79 18936 397
58 41 19510 78
13 52 16643 475
82 55 59389 343
46 14 24637 229
20 72 22759 118
19 69 13486 349
63 33 14604 120
66 71 8282 775
85 44 6668 161
30 67 33377 276
76 88 18430 374
15 89 8925 10
42 85 11955 379
64 20 90611 282
39 6 31010 173
65 20 6945 278
29 58 17203 177
80 50 6603 71
74 20 18655 30
43 7 31342 161
15 88 50252 1331
60 69 22867 198
84 58 21577 129
58 94 23606 408
51 18 24436 499
35 70 12006 241
28 61 5139 169
3 58 39464 146
43 48 4744 81
30 90 18102 119
4 26 6947 579
95 2 52334 210
92 52 36547 343
69 54 8570 665
48 98 49619 1712
32 99 7235 458
6 3 4999 48
26 82 48595 366
1 72 19904 446
1 73 34891 203
44 2 19928 111
12 38 12424 41
36 3 16641 125
95 96 16769 143
53 52 18500 11
10 100 21036 58
49 63 31963 22
58 80 50978 116
84 34 9553 62
23 36 32862 164
36 88 8000 109
29 43 16518 730
7 39 9964 115
100 7 10965 1002
82 50 87211 28
66 60 37633 41
94 81 22419 103
43 25 64316 107
17 70 20397 239
88 36 23055 130
83 51 19420 152
20 55 14183 164
16 3 7129 19
60 50 50211 147
43 63 6533 253
9 17 146027 298
12 26 96759 115
8 67 43187 282
64 70 13106 116
14 53 13801 140
27 31 45414 336
51 84 110602 411
34 97 6429 186
35 6 54935 36
78 40 31952 88
1 17 11562 139
69 88 8473 119
18 47 20238 59
25 100 16165 86
61 18 27499 242
60 82 35872 74
78 86 8468 122
21 73 77548 75
93 67 27719 92
100 8 40468 125
77 29 9549 244
73 8 19021 233
22 43 43195 348
9 71 47453 648
11 56 44929 28
26 61 18253 59
7 27 8497 27
37 4 76683 44
94 77 52778 147
74 24 51206 98
1 65 11113 421
51 28 28148 154
20 42 2775 117
5 66 26084 66
73 49 7624 71
2 79 101520 171
74 56 11022 383
28 73 16362 313
83 69 1068 127
39 89 11981 236
5 88 47135 321
30 18 146039 21
84 90 37652 297
99 98 41382 237
4 96 10976 423
45 69 6657 94
5 80 20086 202
11 89 26041 141
68 8 18026 613
40 27 44504 21
93 11 65737 113
19 60 102768 88
82 61 262302 326
31 2 49865 34
49 31 37413 571
77 24 4591 225
13 33 52141 133
78 10 9010 128
12 15 87905 59
16 85 16380 413
67 52 6288 83
24 23 14890 13
28 8 14537 92
94 50 66075 144
18 81 17791 356
5 76 53843 37
63 76 57054 26
50 47 21258 929
43 47 16615 181
34 82 3051 68
21 1 4521 77
99 74 8357 44
66 72 11200 178
36 47 9509 281
96 46 70258 48
23 81 30469 401
85 43 22855 398
53 56 22064 294
30 80 7456 180
21 91 35522 88
25 28 25144 31
22 58 68846 780
26 58 9152 377
91 39 48084 221
62 64 22639 137
22 63 8412 589
50 4 71255 102
4 24 12761 236
14 12 13255 288
56 22 12081 108
55 44 310 29
76 46 7395 45
6 8 19389 85
46 30 365754 219
98 32 28699 87
75 3 18860 86
37 62 28954 38
84 5 16366 94
25 20 14189 246
7 23 17345 66
43 87 6422 320
61 62 66491 1104
59 27 8234 299
2 4 9673 52
83 72 35441 36
36 55 9922 194
53 36 80102 37
31 26 12082 85
62 600
72 1116

8244180
