100 299 1 1
99 12 36934 138
99 64 37035 60
99 8 2865 272
99 26 33024 76
99 41 29136 359
99 66 54896 24
99 24 42656 83
99 98 45783 155
99 2 133377 303
99 73 56804 262
99 64 132213 610
99 9 8633 28
99 26 6634 111
99 43 91036 202
99 49 3662 85
99 7 52430 33
99 42 7352 265
99 63 5664 463
99 83 17525 154
99 23 54354 381
99 3 152378 287
99 13 27431 388
99 39 36628 187
99 90 9699 337
99 59 17255 234
99 37 30061 607
99 86 49419 28
99 38 21346 384
99 56 29868 182
99 83 64643 192
99 10 13641 37
99 8 12600 559
99 25 24637 69
99 71 51970 15
99 38 23098 117
99 6 3445 1165
99 3 86732 375
99 40 4891 286
99 28 5563 432
99 53 18464 57
99 82 15029 62
99 100 27340 528
99 23 250035 58
99 22 36591 111
99 29 4041 24
99 86 39582 170
99 83 2830 254
99 54 9505 205
99 1 17271 279
99 10 115576 259
99 20 112958 191
99 31 18955 469
99 46 71645 335
99 47 36672 308
99 17 6033 244
99 31 44370 45
99 30 18484 266
99 79 29259 194
99 75 16415 710
99 73 60753 34
99 73 62341 191
99 1 37224 347
99 50 17463 191
99 93 7795 104
99 32 19948 16
99 41 9194 475
99 91 60605 81
99 72 59118 446
99 25 192939 101
99 71 41408 251
99 15 83842 51
99 98 226072 229
99 52 11094 74
99 2 116021 135
99 5 55842 317
99 67 38897 101
99 54 12165 249
99 68 40555 264
99 69 15127 80
99 39 5246 129
99 94 45480 28
99 6 27370 215
99 14 6084 89
99 10 20728 46
99 34 26613 42
99 68 12874 138
99 74 13136 351
99 95 13229 502
99 96 109388 150
99 38 10127 42
99 40 43034 1155
99 10 32292 113
99 55 14180 28
99 95 27414 102
99 35 19136 261
99 74 9444 9
99 14 80378 163
99 78 174793 145
99 41 34874 604
56 68 29954 360
80 67 32048 542
92 29 9806 22
56 71 7660 205
51 87 15004 257
65 28 60835 121
2 49 12990 268
37 65 2835 59
87 2 62065 20
11 5 28027 36
36 46 30995 146
68 20 14111 82
32 12 7907 45
95 19 97482 501
57 13 16464 914
48 13 12062 272
32 40 353760 248
59 57 45932 700
40 43 34018 67
20 43 137529 233
86 85 121333 45
68 73 142278 24
87 36 34830 115
44 93 113341 229
65 1 7783 54
42 24 51821 35
97 74 12169 1336
19 10 26699 15
93 11 95913 37
48 28 28969 57
55 40 2396 190
89 76 46753 313
35 42 153219 452
20 4 18099 87
80 16 17310 127
33 52 11317 10
91 62 7418 162
30 55 37642 253
29 42 29158 319
45 91 28512 189
80 24 29392 275
26 24 86942 322
36 52 111853 2264
25 71 31215 49
32 79 47555 110
100 95 11298 49
53 47 61042 240
87 62 35085 311
59 63 9005 196
25 16 28172 70
11 1 38443 68
23 64 18402 310
27 49 60778 127
42 37 14752 651
77 82 24025 1078
59 76 4220 254
32 50 11651 32
21 59 14318 443
54 7 42367 67
82 31 35566 91
36 73 33180 86
41 93 12296 166
15 27 58128 55
34 71 3110 300
86 31 12746 1374
27 43 28745 256
67 30 3415 1440
18 36 2109 123
63 54 187995 134
53 3 82912 86
39 1 93190 21
30 57 8970 44
65 17 27347 18
23 72 64994 49
15 16 3813 24
87 83 78203 134
81 36 5430 93
39 56 31865 141
77 3 16052 45
63 98 125694 407
3 88 12301 106
5 2 35133 59
88 93 5721 302
62 11 17243 457
45 57 31429 458
34 8 7157 491
85 14 25537 123
64 24 8032 375
5 37 26779 122
2 22 7990 43
49 44 10361 1316
57 92 63396 94
1 66 10347 117
17 26 5736 215
37 68 15352 110
47 90 3285 161
74 22 3001 474
64 80 16891 91
21 86 81090 170
43 83 23450 93
43 55 18530 49
72 33 23890 393
1 19 31049 134
14 59 13756 252
27 90 2640 86
10 58 8782 79
100 64 13145 76
63 100 89367 134
61 50 37700 31
56 66 17140 32
3 52 5294 271
19 76 1511 172
36 19 37068 232
16 58 32064 87
83 49 40962 255
44 95 55872 149
75 63 24317 583
64 46 57756 180
18 81 23706 67
14 94 21144 78
68 13 12277 166
13 23 12154 137
94 41 8082 172
57 84 27838 101
64 65 7133 23
67 11 29176 58
4 59 3805 39
58 68 67454 74
61 26 33023 33
83 97 7823 83
93 68 27963 406
23 2 32105 326
31 32 2821 90
48 94 22597 128
10 46 6474 38
59 92 25327 187
81 5 13048 213
70 99 10025 78
74 26 8580 206
79 15 3352 269
33 79 19586 1724
77 60 38634 41
27 36 81511 129
49 74 35577 122
12 92 32451 105
68 84 25605 49
49 4 58270 62
51 2 16172 184
13 96 16595 18
73 16 15602 83
82 3 4085 360
91 35 14069 274
56 49 18836 135
26 1 101535 151
91 41 13685 326
60 42 56530 57
62 87 12058 324
58 50 5634 136
91 82 22493 156
19 100 12814 49
50 6 17931 1463
81 59 11873 131
35 20 16285 145
62 49 9972 478
78 25 58085 39
23 27 7220 288
31 9 24226 89
77 35 96743 116
32 1 19002 2624
30 64 17840 222
46 32 10076 36
4 36 2976 181
33 20 7381 124
85 67 29275 192
83 31 12135 853
14 91 9490 1591
36 49 5294 249
44 86 16505 34
39 55 19426 48
68 64 16608 55
52 64 8543 742
92 34 21536 562
27 42 9904 157
33 84 41935 86
4 19 122325 180
88 12 69109 731
2 44 23942 458
15 86 77539 52
73 4 81351 299
38 28 67627 45
37 47 17274 32
26 29 12707 147
84 54 30649 495
68 57 33879 149
62 9 8680 45
74 51 5124 88
66 69 32699 171
32 99 113214 53
60 15 11214 166
86 72 18160 100
99 693
64 822

26519508
