100 299 1 1
88 26 6618 61
88 46 25487 319
88 69 88691 378
88 72 30080 307
88 35 77689 353
88 92 3812 50
88 31 9998 372
88 48 16253 118
88 65 16451 86
88 25 7392 233
88 22 26100 24
88 20 16836 80
88 30 37798 640
88 67 12262 63
88 93 28873 205
88 76 8359 407
88 13 12321 155
88 29 31759 264
88 62 16506 204
88 23 26523 319
88 87 15304 391
88 61 9219 52
88 55 22895 96
88 63 28392 64
88 10 24377 285
88 84 4669 254
88 49 19406 465
88 6 19920 237
88 97 68791 80
88 21 14167 46
88 40 18532 41
88 54 89496 63
88 86 41436 267
88 77 10787 61
88 3 14395 115
88 41 346656 28
88 74 44904 301
88 85 15825 186
88 57 7322 363
88 34 22043 289
88 32 127388 407
88 42 2812 329
88 83 20228 98
88 19 33088 51
88 39 100523 24
88 78 132254 467
88 4 29717 158
88 11 8941 486
88 56 75058 88
88 47 4120 316
88 90 9161 338
88 66 4234 96
88 73 71523 122
88 9 9986 44
88 68 45783 285
88 80 36585 247
88 18 64381 45
88 33 6522 51
88 17 80133 113
88 95 59843 50
88 79 40416 218
88 70 21661 179
88 14 45668 843
88 7 21383 52
88 2 34247 201
88 24 984 285
88 71 16576 301
88 100 19133 182
88 45 18285 294
88 94 15581 15
88 44 9127 427
88 51 15514 544
88 50 61757 74
88 98 29023 1275
88 37 45337 178
88 59 12132 262
88 75 77898 197
88 82 20366 26
88 5 19581 187
88 15 45722 44
88 53 26674 129
88 81 14805 234
88 91 45208 493
88 1 15959 193
88 99 7776 91
88 52 12809 64
88 28 7566 294
88 89 7647 289
88 12 110046 189
88 96 11654 414
88 8 2502 627
88 38 21540 74
88 58 16525 70
88 64 91175 176
88 43 11456 1318
88 36 32603 1397
88 16 14257 186
88 27 5519 179
88 60 7567 522
53 18 64429 114
98 44 28097 170
34 98 1117 59
58 61 40187 263
95 84 14797 338
27 69 17160 313
28 18 46846 57
59 3 5607 220
82 34 20215 24
26 42 20178 106
58 21 7557 41
96 38 4701 60
35 10 8617 70
23 33 4222 103
96 4 25994 47
19 11 18027 1362
58 26 69060 523
12 5 2174 101
40 100 12706 39
14 31 75791 80
3 26 27265 62
61 42 14261 40
18 44 95343 606
1 13 25068 365
7 31 17361 98
36 11 16572 123
47 98 28199 148
22 49 2633 254
15 56 34869 21
5 100 37348 720
10 82 24808 59
47 52 5776 85
38 18 15870 98
96 81 4672 73
52 32 32302 28
1 100 60806 414
66 71 2401 36
13 36 38655 88
68 97 7649 405
63 64 11691 986
20 89 25843 20
66 80 100517 55
29 12 3585 111
85 38 5232 142
86 98 7199 824
45 99 71747 542
56 33 30101 104
27 41 7811 65
42 79 15487 472
100 49 15765 234
38 90 8866 96
46 75 20738 183
39 36 94989 109
1 3 34554 131
42 66 102608 57
16 91 26900 136
65 66 4537 422
41 13 14346 878
31 51 14563 96
79 87 60057 128
63 96 119384 662
29 11 25077 1065
26 54 171727 309
84 33 84853 316
6 43 95762 61
5 60 13118 642
53 91 9924 769
86 97 31941 792
92 94 14500 130
48 99 28157 422
32 56 15818 153
7 87 4751 345
9 31 29250 109
15 64 3596 22
26 65 23272 48
29 41 44968 85
70 27 18002 125
34 86 26667 213
40 34 45281 870
20 28 3318 88
72 55 30550 118
11 36 6769 285
33 35 29623 52
68 56 89681 167
93 96 31860 73
3 11 95634 390
69 6 28443 64
9 38 45888 233
77 12 91979 598
41 73 44963 194
61 59 8177 163
94 66 29283 75
50 28 15682 118
20 25 4289 401
35 1 11753 205
51 43 18666 172
16 50 74564 61
100 88 63774 322
20 40 13833 193
35 59 75424 77
49 4 3203 65
10 72 26070 92
38 48 13530 149
86 34 16032 118
38 28 10150 72
54 29 383980 46
7 72 11441 109
58 35 246245 74
30 8 64063 3000
59 17 15748 181
5 4 11727 51
67 95 18733 107
30 94 23212 60
5 28 31117 54
85 27 15331 46
12 53 6135 73
65 89 70071 80
95 33 40173 58
85 7 52498 359
76 94 19478 289
67 52 103676 35
68 61 14017 566
1 40 51594 36
16 38 20250 44
47 56 1874 78
29 26 15550 407
57 58 21859 114
84 16 97379 227
4 1 9686 34
72 58 54835 1227
93 6 28684 740
2 56 4953 366
4 15 101070 213
2 12 46541 25
22 47 30904 164
16 71 12967 207
70 21 15608 230
46 87 8627 54
72 38 21863 189
95 27 136109 620
13 11 65479 250
67 75 25367 106
66 54 52403 81
77 74 7541 707
72 66 4072 21
62 72 25461 91
29 71 4520 67
57 87 20604 36
64 46 15353 126
20 55 4325 454
46 28 16265 50
80 76 11176 106
84 2 51448 247
18 69 42711 41
45 73 32566 165
24 21 7535 828
50 23 2428 729
3 93 16117 46
22 51 12119 108
28 43 40135 68
83 1 8605 146
8 31 7276 13
82 81 37898 654
49 78 35543 70
9 8 9987 38
7 68 62645 562
69 71 43901 95
40 70 29996 283
67 58 32411 317
98 57 18405 186
43 82 54364 266
22 2 22736 50
61 81 1959 46
86 76 10878 95
9 100 54827 207
38 75 14311 129
65 18 25187 73
94 16 11687 59
80 61 4357 128
19 79 48057 187
26 69 8325 115
95 71 34573 948
96 8 8140 632
99 65 5766 55
11 98 4300 160
1 70 163570 291
94 52 115264 180
90 58 93687 139
57 17 18505 101
81 85 19243 166
34 88 53214 141
30 51 90966 419
14 22 12996 47
50 65 33536 344
91 74 49709 145
12 4 18534 90
17 48 22217 407
16 92 28477 53
80 34 20879 76
79 21 8853 154
88 693
71 227

3404876
