100 299 1 1
12 67 1499 341
12 67 31844 236
12 1 6917 126
12 62 71306 26
12 27 58775 60
12 25 12485 74
12 23 104809 91
12 46 28884 47
12 27 12855 32
12 89 38067 1376
12 73 47756 90
12 48 26165 179
12 33 9812 73
12 50 11297 242
12 6 25678 113
12 83 26518 140
12 22 59566 7
12 90 43972 213
12 33 58966 94
12 94 32024 63
12 24 9803 21
12 54 5837 229
12 81 3961 1105
12 11 19666 24
12 86 28098 311
12 20 6874 173
12 99 116058 177
12 38 144878 205
12 45 3487 183
12 18 20324 114
12 93 28051 157
12 46 4443 18
12 86 61397 104
12 86 11760 645
12 84 26629 25
12 43 12715 255
12 62 55471 97
12 100 13735 773
12 95 37414 336
12 98 10048 184
12 100 30604 878
12 63 17697 20
12 73 7879 48
12 53 38188 1122
12 43 11935 33
12 16 7800 69
12 63 24608 47
12 54 65506 26
12 95 16234 64
12 50 84906 318
12 58 8460 136
12 4 28020 1717
12 16 19064 161
12 46 8879 389
12 87 10869 102
12 34 4563 74
12 89 113040 46
12 85 12913 123
12 46 22861 205
12 40 5532 605
12 5 4123 129
12 72 15537 331
12 52 9151 76
12 100 14510 336
12 92 7863 95
12 27 43749 24
12 2 20291 226
12 3 23753 333
12 67 9172 88
12 45 12205 58
12 28 27052 460
12 18 36314 21
12 55 11814 137
12 19 30488 26
12 96 35588 386
12 1 18289 572
12 85 10759 81
12 4 12136 68
12 100 11395 564
12 45 29679 1040
12 41 17150 283
12 44 33382 432
12 19 18661 212
12 38 3434 27
12 27 32477 191
12 11 26034 46
12 97 25671 501
12 76 24818 114
12 6 13780 135
12 6 6824 243
12 94 47188 99
12 1 127112 115
12 84 78446 175
12 72 13722 457
12 62 124809 244
12 69 2465 150
12 46 7919 133
12 55 2651 187
12 37 9663 188
49 85 13740 291
69 100 8964 158
46 11 151986 182
19 62 30862 36
65 15 15938 164
22 51 33332 126
42 60 13365 160
58 76 9202 20
11 12 30681 114
37 99 5466 99
7 64 7337 37
16 32 23325 160
41 51 74745 836
29 55 15962 157
98 87 45131 52
69 43 18562 220
25 51 15534 81
6 46 23230 84
34 38 1637 131
16 95 16190 137
58 20 62206 607
69 94 24949 12
3 80 83834 200
20 47 33700 49
94 38 173126 42
73 76 3479 79
50 16 31951 67
73 23 73863 450
62 50 8402 103
27 98 88805 129
60 93 34376 87
28 45 7174 78
37 38 20191 228
44 49 30435 551
96 3 6502 258
53 14 26620 3802
59 86 30231 292
85 15 6965 1105
6 15 22151 130
87 69 80508 213
97 61 53009 107
16 41 49582 59
56 55 7187 368
68 85 27230 636
13 61 20099 23
40 100 124675 143
51 38 57954 551
84 97 44354 212
81 32 20269 68
16 81 15782 1759
46 56 18980 160
83 26 55574 43
69 2 4763 68
21 35 43853 176
63 44 7866 21
97 26 5604 67
96 22 114955 350
42 68 9538 51
36 34 27122 298
45 80 3645 460
92 45 4663 433
36 75 4544 785
81 37 21962 184
82 95 63513 621
29 9 39028 68
80 24 7543 340
31 55 69734 305
57 25 80229 129
6 8 9058 70
80 41 2929 227
7 3 5114 211
50 81 28433 52
63 48 3177 118
63 82 9230 146
62 81 8088 513
14 6 39039 136
24 39 12209 67
99 96 65756 212
37 45 31965 450
89 79 11822 249
71 39 10644 169
69 63 40295 30
27 47 41394 80
61 18 37585 78
62 51 18050 216
86 1 10951 718
75 26 15695 250
30 33 59101 89
96 86 14032 227
25 86 14029 165
24 11 4008 197
22 83 25678 61
76 63 25726 431
74 25 14646 111
60 41 198369 96
3 28 5492 95
88 78 13044 31
33 83 54827 184
55 83 71776 94
13 80 22229 141
36 23 10606 314
88 85 47222 116
93 22 9418 324
6 23 17874 184
75 89 83396 72
82 81 16771 278
52 100 44351 152
26 6 18373 91
89 56 6414 112
13 51 31443 106
89 15 1656 278
57 30 108418 115
81 1 27803 894
1 45 30255 177
78 63 48081 444
83 77 42067 134
22 29 62686 835
59 17 14067 365
33 100 18810 70
81 90 49762 108
41 63 8737 161
38 6 16851 41
4 48 3328 299
79 77 48658 61
65 50 6454 345
72 1 53068 116
89 81 8723 142
10 75 118016 67
83 73 36283 114
94 98 19213 60
98 82 7853 220
19 90 5644 518
86 60 20893 127
52 11 8860 894
89 87 7086 138
84 31 9026 108
22 24 21063 776
63 62 51624 785
41 75 18454 26
18 21 3395 402
87 28 22032 28
30 39 95410 51
11 97 15783 93
53 60 21623 61
14 51 34251 114
73 45 30594 253
50 96 89073 17
45 38 59852 609
6 21 87299 42
94 37 41041 458
42 22 19722 110
21 81 51506 94
62 63 10971 95
34 68 5448 1734
93 92 18547 112
56 25 15729 48
45 77 104223 148
42 29 59728 103
83 25 100629 66
44 79 12745 108
86 3 5327 187
11 32 170019 167
47 97 6407 83
9 40 14818 28
81 55 37345 81
67 68 12518 194
84 92 22081 802
70 79 13004 258
55 57 6778 103
77 96 43041 127
30 59 3890 432
98 19 18823 160
4 79 14084 61
61 14 4561 444
17 38 12469 84
76 82 8495 151
8 63 16014 1157
79 43 6206 301
5 42 71895 87
47 16 38090 933
81 42 30685 351
75 85 79800 363
18 36 16441 210
22 60 74416 183
84 89 33774 299
39 74 109361 197
89 26 23661 924
39 83 34302 32
39 44 20728 189
89 69 139496 153
5 91 32601 1232
33 38 17939 99
57 33 8543 1496
69 6 7617 41
83 53 8170 63
74 70 29765 84
19 67 16690 56
99 1 13790 394
45 23 94161 41
7 33 59510 187
12 297
38 318

6249383
