100 299 1 1
76 3 46367 45
76 14 18131 271
76 43 9402 68
76 39 22135 139
76 41 34825 16
76 12 18838 930
76 33 46792 169
76 100 62903 154
76 47 17555 40
76 71 20876 1762
76 100 112165 204
76 62 26964 65
76 68 13580 544
76 10 17907 124
76 25 32798 39
76 80 21106 84
76 27 12316 61
76 95 17209 109
76 72 34776 61
76 25 29634 94
76 27 122865 11
76 89 18885 560
76 15 51932 374
76 2 32895 546
76 67 56514 91
76 13 12500 86
76 98 39072 72
76 72 76623 211
76 71 10309 62
76 37 22683 196
76 49 14624 94
76 22 28677 281
76 33 4236 265
76 58 13763 115
76 69 3253 394
76 57 11650 321
76 18 20080 138
76 73 7080 113
76 57 22907 173
76 59 48804 62
76 48 7872 56
76 34 54534 34
76 1 22375 515
76 87 9624 74
76 42 45925 133
76 5 14416 56
76 93 17727 63
76 32 70054 387
76 20 9968 1277
76 90 7077 50
76 41 12901 133
76 95 23800 493
76 75 18230 436
76 57 157342 264
76 51 15869 354
76 81 33738 210
76 56 9123 133
76 88 15591 115
76 93 7162 355
76 25 16615 111
76 86 11152 361
76 18 34210 88
76 58 25070 610
76 64 16920 78
76 14 84852 40
76 65 24525 1503
76 49 31792 133
76 6 322059 82
76 24 37908 78
76 2 4608 75
76 9 24234 16
76 4 226890 161
76 16 29334 494
76 59 22099 283
76 71 14806 93
76 37 139441 216
76 41 14370 120
76 88 50346 1952
76 52 28525 10
76 48 11036 374
76 95 104571 22
76 85 7115 38
76 94 63908 1235
76 40 59130 927
76 75 41865 187
76 44 13090 996
76 42 60910 29
76 41 26407 97
76 50 24176 162
76 80 99768 67
76 91 11436 45
76 47 59728 52
76 59 117148 14
76 69 10921 56
76 73 71721 322
76 48 60782 137
76 92 2427 122
76 55 29390 45
76 63 4677 260
44 28 54778 741
85 10 18246 93
14 66 29497 71
30 78 18026 344
57 42 6944 464
79 78 10953 121
5 8 1841 121
100 83 9419 19
87 91 58436 382
88 19 22255 72
96 38 1720 78
2 83 26510 53
87 66 82836 118
6 4 83000 334
70 79 7783 169
69 23 4605 1424
63 9 19935 55
42 58 43245 123
92 19 14567 301
13 22 6974 95
20 96 18992 95
89 22 10371 66
23 52 15783 75
56 2 5908 28
99 60 11961 28
45 50 39543 126
87 94 61716 64
58 24 15531 40
43 53 12222 397
80 57 40516 77
35 8 42088 296
8 51 111008 70
44 30 50789 139
23 75 18556 521
2 7 4932 343
92 82 53430 185
62 40 12868 159
40 10 26688 98
68 80 82509 186
100 16 5680 80
37 49 9498 344
52 16 31787 111
6 85 18890 315
26 79 57599 482
15 76 12923 501
4 15 7878 1082
87 13 21004 660
94 67 45516 58
86 74 6964 60
5 87 12994 64
98 97 39755 59
40 11 16969 423
8 38 6145 71
90 6 33575 228
4 47 12036 37
32 64 39700 121
69 78 14249 100
34 48 12903 130
19 23 31709 41
64 27 1180 36
41 54 13246 102
27 74 54293 555
62 77 12915 242
85 92 52891 53
91 67 6617 248
42 14 38353 128
88 64 86405 1270
4 62 67858 112
80 59 4402 116
34 36 15066 141
72 36 50866 163
60 14 15932 398
16 25 25890 53
5 96 87807 162
75 2 58801 134
21 56 16192 520
39 47 24492 618
26 51 45040 927
93 63 7877 256
10 46 51138 32
12 80 28453 326
1 44 2848 53
3 29 75846 185
75 31 24571 119
49 76 20145 123
41 49 18693 553
75 86 9851 85
6 93 88845 242
35 58 23615 970
50 6 10396 79
74 90 39776 306
62 83 27866 82
38 48 34923 40
20 61 7917 57
20 79 21274 423
61 85 22790 918
56 69 71939 43
95 35 40882 204
79 16 78440 573
44 2 21070 63
79 70 16429 122
13 4 50524 86
9 83 186382 37
69 59 63978 323
6 100 52414 170
10 88 26703 657
45 73 17485 108
82 2 16803 401
86 58 20561 164
27 45 5494 150
27 58 39964 96
67 80 66453 943
10 21 53843 134
43 68 23092 112
75 82 12367 71
93 45 20415 252
57 54 79332 185
21 4 48889 190
9 100 102498 135
26 96 23917 74
63 30 18891 41
25 28 7113 49
33 97 26584 342
92 11 11645 135
84 72 6837 190
47 16 33809 51
42 82 10432 49
14 24 9739 68
92 7 13129 128
100 8 17416 112
60 75 6268 178
57 3 3291 324
5 62 28217 518
55 43 60319 60
11 43 50115 126
46 86 1822 126
96 30 9799 61
7 73 29682 1073
22 65 35256 354
28 39 11406 74
68 77 39000 160
8 40 23018 97
82 51 55169 350
90 82 55258 34
15 94 5110 275
62 49 3588 157
48 93 44262 275
74 4 4928 39
10 52 24653 19
25 91 18965 715
29 55 5353 38
60 34 26331 19
5 17 97604 25
96 3 4857 245
11 51 47963 451
91 72 26371 110
85 3 17161 286
1 84 7561 41
19 4 21059 397
1 59 24867 127
71 76 6065 116
74 29 38127 266
74 75 38691 240
77 92 26368 348
75 9 9598 273
57 22 18167 561
89 74 9424 408
72 57 4506 134
65 57 38740 84
64 90 98270 377
16 65 19767 212
21 63 35877 17
38 94 24270 94
49 83 56379 38
54 70 19561 56
34 92 17616 136
46 27 22249 718
92 53 9114 139
12 21 9585 29
54 47 18646 513
58 69 83642 74
99 58 23488 268
57 49 5632 624
59 65 44477 73
86 1 69923 52
24 64 10673 271
43 96 5712 646
41 38 6110 200
91 84 174108 35
1 98 28908 68
62 66 25647 153
61 83 59824 18
67 57 6351 31
83 25 21034 256
83 68 29182 143
50 53 3253 124
35 69 60319 612
63 55 7326 27
57 38 45590 60
47 96 15061 64
76 495
58 510

11109345
