100 299 1 1
43 86 51428 314
43 60 21107 40
43 57 35427 93
43 82 27130 52
43 48 40026 63
43 26 36702 42
43 94 23359 677
43 11 193054 104
43 47 9132 2177
43 38 28794 102
43 28 13753 79
43 3 68087 128
43 42 4779 537
43 72 13283 416
43 20 113516 664
43 76 4839 92
43 64 14857 148
43 93 7677 100
43 88 3803 383
43 74 85587 190
43 17 42103 153
43 95 50407 99
43 7 19557 167
43 89 21385 484
43 40 21277 24
43 99 11164 48
43 69 11775 63
43 30 25248 1100
43 13 2894 650
43 77 111974 93
43 31 10090 132
43 9 50688 316
43 16 5920 331
43 27 15696 108
43 62 11402 62
43 81 13459 76
43 53 38291 19
43 12 16214 432
43 10 33357 158
43 58 98508 402
43 45 15880 501
43 6 87639 26
43 49 16858 122
43 96 20407 533
43 75 15515 95
43 100 39617 52
43 63 29250 494
43 85 7335 380
43 71 5376 225
43 66 49214 67
43 52 2852 294
43 70 5585 112
43 68 52821 42
43 15 8516 97
43 22 130737 114
43 79 20667 110
43 56 110307 127
43 25 4214 313
43 29 58301 99
43 44 33722 45
43 36 15918 93
43 34 22721 120
43 55 7491 107
43 87 3976 82
43 41 19674 221
43 67 3941 854
43 46 36867 76
43 18 82815 105
43 2 14582 257
43 33 13062 52
43 24 18551 104
43 1 34023 51
43 91 18944 212
43 84 30403 49
43 5 7837 517
43 83 14073 281
43 8 14663 260
43 90 59327 206
43 21 17530 311
43 14 62045 36
43 35 11593 264
43 23 42494 122
43 51 16659 114
43 59 13522 118
43 4 53933 84
43 37 14013 307
43 78 127064 156
43 65 23699 1097
43 97 4960 86
43 92 41451 107
43 73 9363 20
43 50 12617 128
43 54 23949 222
43 61 24729 484
43 32 37410 141
43 19 160929 129
43 80 15810 240
43 98 35920 45
43 39 10543 136
14 21 69431 65
96 22 10407 102
21 44 22759 186
13 71 13356 73
9 49 37611 183
22 28 78301 190
7 37 7558 195
21 78 72631 181
1 84 25303 397
32 30 10616 143
19 5 8400 78
61 52 17376 64
96 3 69799 783
30 35 63211 39
62 43 115854 323
28 53 4891 263
40 74 44661 46
65 64 27988 924
26 35 40663 243
16 40 13466 142
8 40 19678 215
15 38 54173 113
74 31 37383 19
5 96 55851 30
2 56 39192 381
40 26 17041 356
30 57 6309 760
21 83 9631 76
61 85 17463 163
33 60 68627 941
34 33 35320 84
82 81 5354 292
77 3 31946 833
32 65 23928 178
27 97 15248 292
41 1 7910 351
28 60 10015 88
83 38 20268 531
74 1 14791 58
47 68 3166 1114
67 74 30103 196
36 62 64662 648
87 38 10450 129
94 99 14844 199
50 38 3720 699
11 56 36730 6
65 38 2315 155
100 82 23631 61
66 64 263416 506
48 76 36603 151
53 97 12753 153
1 13 15237 197
91 47 51080 185
75 97 24175 1005
68 89 64382 43
55 42 13022 113
47 20 22058 99
75 57 69275 110
32 20 12026 322
76 24 13530 39
35 75 47105 117
42 65 2682 475
74 12 48357 307
35 44 21350 61
94 4 14000 91
64 95 20165 50
30 40 30087 157
51 89 37261 301
6 14 31662 620
97 93 13985 149
90 54 15896 49
29 62 19702 197
42 88 23747 205
50 53 8358 13
96 69 38463 84
87 71 46705 462
42 67 8913 66
4 97 16874 48
9 77 2269 163
75 61 31815 106
99 100 34452 523
21 54 24941 5
94 37 13489 354
84 72 48708 90
88 97 25899 118
92 59 29208 268
75 18 18254 577
31 23 9921 65
64 45 10396 72
79 1 62539 108
40 61 18690 312
51 53 85058 137
57 15 25509 81
3 27 1781 280
21 6 10706 27
75 71 34258 41
9 53 3750 18
95 76 36457 647
58 65 12492 298
61 34 53584 161
77 95 40182 24
37 80 27867 59
34 94 11891 48
47 35 31837 220
64 58 32007 37
25 55 5244 78
21 72 21560 156
8 67 39636 132
51 68 32923 184
38 74 7734 1760
8 49 32068 244
55 58 181632 563
24 20 69870 53
88 40 11408 293
72 17 43853 48
89 52 44165 2520
58 68 101244 211
44 84 48535 42
35 72 1045 469
57 51 81675 41
35 76 41666 65
89 63 73520 43
63 73 3823 83
57 77 21332 76
8 96 6177 53
14 1 11457 103
77 26 10530 160
42 55 14722 69
33 71 5080 7
86 87 11713 82
50 88 14800 44
71 47 1986 36
97 15 31734 220
80 90 42999 441
73 78 20402 534
15 19 117817 287
42 1 97919 97
38 89 34164 214
44 45 54618 281
94 30 21997 255
60 78 4367 444
82 89 16971 233
84 70 22847 94
71 73 34265 440
3 22 21466 14
3 45 15150 80
38 9 28956 873
11 16 3803 249
78 72 40906 150
8 59 5661 26
94 13 11641 686
56 8 7728 44
97 99 37929 120
60 76 113628 111
9 62 23419 30
61 3 7492 84
94 32 44779 127
56 94 44999 18
78 48 3394 100
16 42 21279 172
17 91 23580 20
81 26 22085 58
10 71 4874 38
3 57 15349 229
12 5 19554 302
94 11 30973 58
89 61 20798 1388
57 9 6464 764
96 88 13557 69
3 16 71739 47
71 52 14623 296
25 36 18264 648
67 31 4463 72
9 89 66483 360
78 51 30732 33
83 71 48828 43
68 15 17473 83
91 59 13688 85
36 96 162903 25
3 26 149429 53
79 57 12069 47
84 21 10783 489
10 19 15729 157
25 65 32436 54
64 11 36400 434
22 69 33169 96
77 79 21104 124
20 41 78295 395
65 28 38719 205
57 46 6272 175
100 85 30890 410
79 54 23928 92
89 64 64185 386
4 20 14751 110
90 11 7955 200
53 42 14863 340
64 76 25756 1084
80 26 7567 122
50 65 20267 458
32 81 12153 253
43 495
71 361

4871536
