100 299 1 1
36 100 18147 261
36 33 36274 322
36 48 5902 67
36 9 37749 243
36 67 6246 637
36 87 20307 308
36 98 23811 71
36 27 2309 1460
36 42 6666 692
36 68 4495 32
36 93 51959 65
36 34 388851 78
36 74 23386 16
36 15 19167 135
36 91 36563 111
36 64 98637 457
36 49 32415 297
36 44 10610 337
36 23 132018 107
36 51 32177 59
36 46 7747 60
36 66 80473 76
36 90 12483 282
36 31 36700 542
36 84 5363 311
36 12 22812 215
36 35 6552 200
36 6 7714 166
36 99 115396 76
36 24 32373 298
36 37 20520 187
36 77 54964 118
36 45 31482 172
36 82 35774 205
36 10 208428 335
36 88 26266 362
36 69 36584 87
36 30 5328 591
36 76 58293 45
36 65 114491 332
36 73 43684 42
36 83 10444 471
36 50 15974 99
36 18 11913 1174
36 4 5015 320
36 80 80310 404
36 5 71041 99
36 71 4510 86
36 81 12670 550
36 22 19343 561
36 21 33328 651
36 59 13272 2287
36 17 163454 193
36 26 21108 104
36 97 8961 116
36 28 49399 72
36 53 19565 89
36 43 26911 742
36 39 8032 807
36 60 51624 454
36 92 60154 47
36 61 124487 105
36 55 15748 368
36 25 35170 692
36 57 102307 101
36 20 35415 111
36 56 15055 247
36 63 71934 24
36 86 39360 327
36 47 14580 56
36 19 10288 126
36 72 70201 19
36 32 14395 107
36 7 18557 81
36 1 24526 42
36 58 15779 381
36 95 6713 191
36 52 566203 267
36 2 9547 113
36 8 12145 140
36 13 3465 174
36 75 9147 283
36 79 32160 432
36 40 20330 539
36 41 21129 387
36 78 4913 447
36 89 59991 66
36 14 17316 107
36 38 23386 65
36 3 23010 158
36 16 43752 68
36 96 25141 177
36 70 14013 269
36 62 32100 1217
36 54 11095 118
36 94 5786 90
36 29 12746 361
36 85 10741 40
36 11 42701 97
91 12 28490 488
20 60 14506 141
84 32 6993 616
97 13 2732 88
89 99 100084 66
19 78 21993 99
59 67 20079 397
40 21 11141 27
85 92 16961 111
34 26 5336 614
3 34 8442 54
30 27 6504 26
39 95 7977 38
61 76 30136 179
99 24 36454 9
98 82 40082 600
29 57 35687 36
46 95 20137 301
52 26 32797 621
81 59 26298 1071
69 51 46593 640
61 25 11221 120
91 89 10950 195
22 40 50554 51
64 18 27854 141
91 60 24777 146
70 59 37351 122
88 2 32752 68
41 19 14561 43
32 84 22796 76
93 60 82391 1158
55 21 30711 804
7 55 5731 105
62 15 28549 71
8 43 10607 79
63 76 21096 128
87 4 20570 33
66 72 7395 84
87 15 220456 95
49 96 3178 1516
88 32 51492 206
21 60 17270 322
72 53 23340 77
38 68 15277 43
13 33 47247 48
85 96 19714 241
47 16 25083 205
50 49 12912 606
82 32 13986 141
40 27 36171 65
43 20 33652 92
27 59 5948 100
11 35 127113 530
85 20 33695 119
44 89 19798 409
3 22 26353 245
85 95 67822 376
47 95 21769 46
31 82 8050 99
28 57 42425 463
72 77 145327 177
2 51 3972 166
64 91 127113 40
84 13 2219 289
91 36 15725 57
17 94 22551 54
19 51 22974 864
95 64 29978 269
88 20 43600 173
79 99 28333 58
83 52 57756 174
84 43 61368 302
99 83 25261 181
56 33 31234 570
50 47 17084 45
1 87 7865 173
89 38 70961 157
84 71 75071 193
52 60 77523 192
85 70 18968 238
54 61 23946 163
19 3 11135 76
58 42 53459 114
39 56 32285 376
92 37 53893 316
1 20 25839 410
80 14 35463 178
59 43 23388 141
9 89 7842 298
9 44 72303 142
98 10 12881 122
88 14 9752 397
88 43 7720 18
41 96 62236 14
31 85 4980 95
28 62 9141 39
62 64 9799 72
90 79 4685 92
70 52 74658 36
49 17 20973 361
51 28 21041 217
6 92 16936 73
54 37 683486 82
52 27 11823 118
12 33 13001 183
90 5 17964 125
24 3 43283 99
76 64 16687 337
71 82 8380 574
87 33 9788 30
50 71 21734 56
85 71 97957 365
26 92 7265 419
31 46 129196 300
38 93 40069 74
85 15 63124 28
80 99 4994 124
5 52 51902 1502
34 15 6091 88
32 92 27947 110
92 80 11307 115
73 99 7003 156
73 60 23568 74
64 9 69001 44
67 16 11933 40
75 28 27431 179
98 61 7135 111
81 51 2344 328
22 42 7925 192
99 34 25443 177
100 64 11232 345
78 95 30403 223
53 58 44999 1168
53 28 4454 1226
56 24 22938 94
61 58 22827 53
30 58 6767 730
74 17 52473 69
14 69 109103 132
61 65 4153 390
32 21 6636 164
17 7 22530 46
85 91 44062 389
89 32 21580 96
85 46 37923 176
88 76 2086 168
77 89 7487 74
5 60 14090 35
25 45 27792 151
72 51 95488 81
29 63 72908 116
37 69 21570 108
48 59 31832 146
84 53 22845 460
32 90 35086 72
58 97 127569 82
59 7 9109 168
8 58 7072 74
100 69 23631 158
23 67 10694 244
86 85 84880 28
42 97 67008 87
40 71 52967 105
29 25 27518 165
45 41 20019 361
5 28 26948 180
51 72 3559 118
47 44 16655 132
26 95 12810 143
10 34 7236 882
10 17 61847 90
74 18 12232 174
1 99 45414 94
85 1 25482 23
58 52 10912 247
31 96 37658 202
64 49 141785 165
37 60 55633 55
51 93 12246 120
63 93 45386 337
83 78 9450 185
97 75 43138 85
69 14 4259 70
69 56 8092 185
46 83 14774 130
24 55 26604 54
47 29 11368 169
49 68 12755 62
79 60 58189 398
26 41 5556 200
10 80 48624 115
82 71 290595 29
64 26 141400 163
64 90 5438 108
6 29 12487 56
78 57 18022 54
72 60 39502 128
29 76 24859 128
75 21 10057 174
96 25 31927 280
36 198
60 103

3734986
