100 299 1 1
15 1 147080 293
15 24 8337 147
15 91 15554 85
15 79 6703 67
15 5 48789 198
15 14 10698 31
15 37 28621 77
15 96 101017 94
15 13 19050 125
15 10 61142 31
15 61 46592 771
15 49 3226 257
15 66 8251 833
15 8 13882 537
15 25 54979 146
15 47 16660 127
15 49 1097 59
15 47 215099 196
15 74 21623 157
15 53 152065 453
15 20 42666 225
15 27 23710 225
15 33 15030 119
15 34 48219 331
15 53 155869 288
15 89 41025 103
15 87 93744 143
15 9 28155 184
15 51 1669 75
15 27 3853 95
15 92 71690 172
15 8 30968 309
15 38 11631 270
15 92 21439 105
15 51 27496 63
15 8 85590 177
15 42 108692 46
15 68 6739 217
15 4 118045 110
15 21 17494 243
15 23 33047 86
15 51 81705 33
15 20 10067 86
15 71 55962 74
15 9 6579 200
15 97 21063 121
15 14 9232 138
15 29 82490 47
15 83 9191 224
15 74 11248 59
15 24 32159 268
15 76 9182 11
15 2 2660 113
15 33 41345 76
15 22 36639 870
15 38 5739 82
15 50 102246 73
15 83 124905 22
15 87 51660 1111
15 88 19875 113
15 79 23795 169
15 96 58796 1307
15 85 12326 110
15 34 28477 32
15 81 12929 111
15 38 29037 178
15 32 6491 225
15 22 38344 61
15 60 8228 283
15 54 59465 30
15 61 16870 202
15 6 15020 119
15 75 53898 68
15 93 33049 593
15 71 16900 224
15 65 5252 107
15 50 16580 353
15 8 6573 194
15 70 37858 276
15 97 12061 100
15 96 36207 280
15 89 24927 142
15 52 8155 432
15 83 36314 9
15 16 40318 1753
15 29 44402 13
15 7 16792 231
15 55 13379 101
15 77 20566 401
15 71 24579 47
15 54 3355 80
15 98 17602 22
15 27 1380 495
15 16 37330 40
15 41 15603 203
15 12 55217 122
15 71 4177 119
15 75 26889 161
15 76 3123 15
93 68 40417 116
23 68 25331 168
47 17 23363 83
77 38 8808 812
41 32 17441 75
1 23 14184 99
5 31 19686 22
58 94 147050 345
75 9 3664 86
68 35 32446 96
33 10 11357 753
23 10 23489 97
85 15 23636 422
54 18 78172 207
58 98 8596 150
34 47 13228 135
84 96 49744 201
61 18 79026 214
99 77 34936 45
46 27 13397 100
68 89 14646 255
23 18 3491 89
93 14 3089 119
95 66 54785 124
86 3 100939 187
13 56 4493 114
40 36 25451 19
21 75 16970 32
20 49 5259 122
30 82 67249 135
93 60 13670 75
89 54 12090 55
59 82 19934 155
50 38 299755 24
12 98 14477 182
97 50 50447 2028
59 97 18891 150
44 73 3052 1327
49 39 14066 336
65 2 7618 197
11 43 54527 495
73 40 12705 345
63 49 38686 55
34 35 52709 189
72 100 61947 246
21 88 5981 159
61 38 14871 311
17 100 61157 192
37 80 28422 411
80 75 20172 905
27 83 145418 62
88 64 123282 4948
10 29 13107 120
11 39 96911 155
28 25 27090 118
47 100 86384 782
13 97 27388 93
66 69 7660 274
91 68 13955 71
16 8 4197 113
56 97 6655 102
70 62 38248 23
78 90 13909 254
81 36 67946 20
68 13 6552 92
70 42 20226 678
91 100 27358 886
28 31 108971 146
34 30 5949 1407
14 91 7608 84
33 63 18111 70
27 74 40170 41
80 50 65108 267
51 38 126093 76
19 53 45412 20
12 86 9180 221
41 18 17152 238
63 69 28768 142
52 10 47396 25
85 55 15257 149
59 91 3952 145
56 44 11599 1773
35 15 5167 156
98 13 35042 67
91 9 33655 331
94 56 17331 243
4 93 45010 99
64 57 40637 213
55 30 7748 124
73 47 96786 262
46 47 52296 71
2 10 35019 166
9 1 18876 130
10 100 10248 63
86 85 9557 680
65 21 92798 96
14 26 56389 255
73 100 9574 221
51 64 1901 23
4 25 24430 488
99 57 220110 215
55 89 3873 39
96 31 18882 54
6 28 8848 61
85 45 9140 289
58 16 51328 485
50 98 13659 174
58 59 193079 723
94 46 16751 48
27 43 9089 259
35 94 9454 148
75 43 540197 151
92 21 13909 207
32 51 49181 194
86 68 15123 193
40 29 151648 153
79 21 18970 291
46 32 5618 19
100 98 23276 925
16 35 13777 49
47 3 19856 154
19 20 52569 388
22 66 9051 130
55 92 81169 74
95 53 19371 50
8 79 115692 201
52 25 22109 340
93 59 26736 1433
20 4 4299 295
33 48 34701 212
46 11 16243 87
51 85 12765 50
14 48 45240 80
84 82 6836 566
60 3 26254 98
82 40 21869 114
73 51 14939 62
49 92 26157 136
25 91 67576 275
43 2 77170 184
43 87 11411 424
37 31 15398 44
85 80 5805 101
78 74 2425 232
7 30 10101 217
27 6 13515 725
93 39 11674 628
38 18 10855 21
16 81 7989 772
74 33 31242 38
70 82 13216 90
38 22 19153 445
58 39 14637 184
42 79 71837 56
42 3 13195 242
80 43 30568 455
96 54 133428 100
22 18 13567 186
30 50 67096 120
85 75 17906 424
6 66 10913 490
33 18 77060 124
17 76 10762 85
92 8 30917 226
88 6 27375 286
65 1 10125 1673
67 9 36715 144
4 9 4470 261
67 23 11567 412
23 98 5030 583
18 82 6582 856
80 16 213865 408
45 90 61918 108
93 48 12781 67
6 40 176708 104
54 20 21718 184
25 69 76668 98
84 10 53371 46
92 3 14969 668
35 86 3882 44
31 32 24983 70
65 35 15150 222
30 72 42033 13
64 100 22337 207
98 77 38730 232
24 55 9920 162
9 85 15089 44
82 53 3302 142
25 5 33294 151
28 41 21421 82
65 31 14037 196
47 91 26650 61
59 64 7215 948
95 49 24872 221
65 33 12517 419
6 16 147000 126
23 77 40108 55
14 77 25167 248
84 35 48428 275
21 4 10482 79
15 891
100 1200

59307857
