100 299 1 1
90 22 52921 63
90 11 83395 233
90 63 34005 146
90 99 30992 69
90 72 2006 54
90 30 94640 90
90 77 91848 63
90 15 25502 447
90 39 43707 438
90 46 40321 49
90 71 9403 870
90 2 24064 200
90 82 22204 257
90 85 8589 349
90 51 5122 342
90 3 134253 59
90 42 29296 50
90 49 3135 366
90 52 12372 227
90 29 169275 64
90 33 50522 80
90 34 73576 248
90 88 16295 25
90 10 7275 692
90 40 8883 45
90 68 83326 69
90 84 14840 115
90 96 7696 75
90 48 56398 79
90 95 31403 292
90 78 6764 270
90 65 8565 141
90 59 32577 66
90 62 29397 450
90 9 139387 300
90 7 12565 229
90 98 84719 72
90 1 30111 148
90 32 12216 187
90 53 7255 73
90 61 56269 59
90 66 26278 68
90 6 21323 430
90 58 42463 41
90 57 54291 64
90 5 13387 963
90 73 16964 65
90 37 35673 140
90 94 13426 287
90 64 13553 89
90 13 12973 160
90 17 33818 50
90 20 10841 38
90 93 27279 187
90 36 46577 46
90 67 5252 23
90 91 17192 216
90 54 6020 161
90 56 4587 486
90 83 5768 1112
90 25 24529 83
90 23 12000 308
90 69 6323 102
90 87 4054 110
90 14 23745 138
90 60 12727 209
90 28 11284 36
90 43 20794 769
90 89 22899 189
90 97 20085 139
90 8 2923 106
90 45 41678 65
90 18 29858 184
90 19 19560 258
90 41 24199 109
90 4 23436 83
90 26 34265 74
90 35 35389 100
90 92 23090 52
90 50 13607 90
90 76 40114 21
90 80 76700 782
90 24 39490 332
90 16 80357 18
90 27 4451 89
90 75 44562 322
90 55 9266 230
90 100 135638 163
90 12 14063 177
90 74 11372 102
90 21 18367 277
90 86 13725 702
90 38 58569 94
90 79 20681 134
90 47 19769 206
90 81 27323 34
90 31 51718 11
90 70 4066 367
90 44 154318 123
92 45 34984 97
19 75 30011 25
11 27 19874 66
96 54 36573 67
14 37 12381 66
87 60 25478 152
78 24 6775 172
73 56 21536 142
53 90 12373 21
56 7 29377 359
93 11 26975 244
77 48 9318 95
7 82 44291 505
24 4 46599 236
43 9 35028 309
53 15 60242 480
19 82 5147 80
41 74 93171 58
48 33 3403 117
71 11 4756 172
41 89 83004 835
73 61 28599 80
4 6 20426 96
94 9 36695 139
32 13 62329 465
49 30 6873 43
95 79 13323 70
11 84 11067 150
86 35 11615 70
21 11 3049 252
100 20 25403 1072
64 58 47646 42
38 2 19008 148
44 55 9024 179
52 49 18624 661
7 32 168837 115
48 68 131423 224
3 55 21476 12
64 69 1492 108
73 17 17832 568
92 29 72173 121
69 96 6386 314
19 20 48743 111
99 85 10221 164
94 11 258067 41
65 75 4358 215
4 65 28179 151
14 19 120406 272
97 89 52707 70
32 4 15255 220
31 11 14710 36
47 27 12959 197
80 70 18701 986
13 37 25596 256
21 20 13040 21
72 16 2785 180
34 44 15721 63
23 48 17861 1243
19 59 1653 735
91 45 6465 521
11 7 10028 226
28 35 16059 73
20 1 30168 220
11 25 148335 85
3 33 23160 140
39 58 99115 407
60 18 19609 126
37 48 28893 160
91 24 2982 88
35 83 16189 67
69 82 33112 44
6 20 29600 23
97 51 36967 176
31 45 13693 81
98 44 8476 929
52 30 357437 1284
47 59 13113 29
82 59 8790 170
7 13 2646 77
52 29 41287 186
24 73 219751 72
3 7 493873 143
28 47 180387 2207
30 37 11324 526
4 93 10677 286
26 18 11482 414
7 54 6281 1014
19 17 8997 127
14 28 75423 39
35 13 10511 40
100 65 1908 31
53 43 4225 335
3 74 40120 268
44 5 25956 572
75 85 45365 301
34 67 46989 255
67 75 36528 2617
41 51 39726 100
31 83 42449 162
35 60 5935 77
44 95 9373 322
97 3 7443 112
20 14 39432 361
71 47 9549 149
97 79 21978 163
58 32 6973 38
46 30 13158 637
45 33 101898 44
4 49 36449 56
6 63 6743 32
8 2 15751 427
53 47 10072 57
10 32 11286 48
20 72 19200 62
39 62 19800 447
97 85 11306 128
32 33 20572 99
80 11 58735 48
72 11 31393 584
18 85 18442 347
44 25 15924 93
5 33 21912 355
86 13 9919 57
99 28 20238 84
44 21 34511 161
86 11 2785 102
23 22 49409 55
75 55 10833 85
12 91 10430 93
49 85 7853 207
78 85 12847 300
13 15 3164 13
83 19 7009 100
1 74 38842 100
1 88 45723 195
96 76 25730 701
58 74 16660 354
45 57 40659 175
60 82 12749 78
1 34 36594 104
81 22 12108 109
78 15 9910 401
87 83 11574 93
42 40 37471 438
57 66 53442 244
36 54 151346 354
85 63 14604 82
78 39 34375 286
48 29 17855 108
18 84 23403 421
3 54 22389 376
59 86 33584 33
17 5 6700 724
13 51 14861 314
100 21 43598 90
80 1 280765 329
2 74 52661 129
97 14 57437 68
22 47 17805 342
45 10 31515 188
60 32 32549 47
5 49 55723 346
4 80 2007 460
34 99 29264 279
50 75 14022 293
65 56 94222 145
10 100 187821 37
36 55 18332 59
61 57 25291 110
17 79 33631 119
82 63 19366 56
97 73 72383 134
84 96 48513 74
7 91 32093 27
56 98 37033 237
46 64 15714 353
10 7 8821 497
87 100 19138 1389
69 72 137601 146
66 51 14892 75
28 49 22657 194
11 58 6852 34
65 80 108567 204
75 2 16960 325
85 71 34745 123
58 16 5736 87
30 22 5546 74
17 81 5668 174
55 3 11988 25
68 24 23240 32
9 42 26966 312
71 96 80705 303
56 35 44014 171
50 56 42427 32
42 70 3450 119
64 100 219531 290
43 49 19407 319
23 87 54024 45
35 16 17710 406
31 26 54340 73
90 198
11 73

1033607
