100 299 1 1
13 72 7405 378
13 82 23837 147
13 3 27798 351
13 60 15128 348
13 79 10335 75
13 22 74323 63
13 54 25080 408
13 3 14202 254
13 40 14188 151
13 96 12362 16
13 8 42185 15
13 36 8390 122
13 97 73592 99
13 61 17307 344
13 15 93600 263
13 89 17854 1185
13 32 88320 212
13 51 225091 46
13 96 31312 134
13 91 8729 89
13 42 17174 73
13 4 9322 30
13 87 11212 133
13 57 33711 256
13 47 22881 261
13 82 26903 41
13 43 276916 25
13 33 19907 137
13 49 77532 15
13 52 190916 427
13 23 20464 74
13 62 17598 762
13 72 2542 183
13 11 46435 151
13 72 6966 30
13 4 15200 27
13 80 62453 381
13 28 10848 273
13 54 26778 25
13 11 15388 57
13 60 95501 31
13 6 13131 281
13 8 28817 722
13 50 15958 256
13 11 249156 305
13 24 4243 1122
13 21 36941 678
13 11 146508 240
13 88 49492 819
13 85 74321 20
13 12 4257 134
13 14 11838 140
13 94 2813 239
13 71 85208 64
13 63 46555 1155
13 17 8869 164
13 65 18053 150
13 1 15228 77
13 79 17475 2428
13 34 6089 37
13 2 12571 46
13 68 6205 685
13 44 19855 230
13 56 21052 86
13 75 125479 39
13 43 88585 381
13 18 83794 42
13 54 57313 289
13 81 6761 232
13 24 17305 106
13 64 13869 59
13 73 36909 343
13 99 7695 231
13 51 6970 374
13 55 15327 108
13 82 53584 180
13 11 54890 296
13 67 19551 38
13 7 52214 385
13 44 21607 65
13 2 5046 128
13 41 127643 266
13 92 35608 101
13 68 9644 48
13 89 42674 132
13 98 19317 269
13 64 43880 60
13 87 14671 25
13 27 16181 206
13 58 11527 547
13 12 6810 332
13 54 10017 206
13 8 16742 171
13 61 15465 619
13 89 14826 37
13 5 38869 94
13 9 17309 401
13 9 8922 181
13 61 8962 337
41 31 55979 127
66 10 52791 116
92 91 26766 27
12 48 66017 14
85 10 20161 228
37 94 41843 92
48 43 46352 229
86 60 60813 2988
2 59 8423 158
80 46 6625 593
91 19 27452 48
14 20 13083 33
19 40 15750 22
51 73 372715 349
65 100 24655 293
68 96 11369 193
8 66 46699 878
86 12 31845 278
58 56 7935 105
51 15 22606 345
34 82 25637 264
9 48 49557 29
100 60 17782 66
78 41 100373 377
2 51 55020 50
90 99 3686 48
56 30 18522 116
20 43 20747 172
12 16 25862 111
33 100 34023 1073
6 89 12146 194
75 77 45724 169
29 19 13271 429
70 88 30397 164
3 74 16515 279
11 98 12747 124
62 32 13329 338
75 8 6763 230
37 100 140425 39
5 95 71871 118
83 98 40999 201
17 63 21557 733
21 84 7735 179
67 18 13023 520
35 53 40766 23
57 48 21127 153
50 32 21536 99
81 34 34388 111
45 63 24239 963
92 42 72493 110
81 27 4106 315
95 51 28564 365
56 60 31887 170
82 100 12698 31
40 41 30216 1353
1 41 84844 76
2 74 59703 104
76 5 5719 887
15 35 16493 243
65 50 16309 245
64 45 12583 132
84 80 24207 215
3 86 154987 124
12 56 7352 18
2 40 2918 33
81 94 40224 42
66 90 8074 209
53 4 9038 256
31 80 46004 240
59 46 84600 218
8 43 5910 185
49 88 9421 360
40 22 33361 101
58 15 8262 92
87 70 84523 370
26 88 17142 219
89 57 16953 462
77 40 21139 431
46 72 25250 1022
28 64 31300 124
43 64 21488 412
93 46 22485 179
100 6 9362 107
3 87 60940 54
74 60 19756 462
64 87 249780 157
28 40 17302 77
85 81 105572 458
71 33 253783 41
65 2 3685 656
76 12 108200 66
96 77 5426 85
92 13 10447 119
46 90 4535 463
50 71 16726 75
16 30 55825 127
45 61 16385 159
75 72 19101 63
99 69 12403 45
94 28 44813 87
34 43 10574 71
63 66 12425 1287
23 39 14697 328
68 76 4932 272
20 61 10397 56
10 67 42461 107
95 79 21891 134
6 3 35313 115
42 50 56221 354
47 31 30368 9
47 60 21930 61
26 11 48768 1218
88 45 9103 185
42 99 6322 265
67 82 17455 179
22 79 16668 69
96 54 21528 448
75 90 20933 163
23 98 30294 23
20 55 200429 321
22 6 6808 17
24 65 10028 280
28 32 28996 25
4 62 21668 48
46 18 52248 158
88 34 78116 735
96 56 10486 166
3 83 36552 245
33 22 6500 158
40 70 8063 99
72 71 28502 363
41 79 59824 532
94 15 10778 67
36 21 24363 204
87 34 2147 75
88 28 19805 56
40 81 36537 206
82 53 62353 110
40 96 25650 180
78 81 19228 68
92 61 27270 19
35 68 56893 206
74 91 51131 134
87 82 40877 106
78 75 8406 266
14 55 47522 256
9 60 158178 45
56 55 7583 243
22 8 39037 54
92 87 3155 121
19 98 15513 65
28 99 65118 385
87 42 552 176
84 7 3447 92
91 26 95683 265
53 34 35744 104
69 89 30106 152
30 45 13591 111
30 66 64986 47
17 55 11618 43
65 59 6079 78
78 3 4433 134
49 85 13179 845
1 78 18510 122
19 8 4959 96
87 77 26870 125
58 53 13263 504
95 74 28831 115
63 22 16221 668
37 90 17779 155
1 26 11830 136
15 4 12029 78
60 77 10486 63
89 32 55499 100
24 16 31181 714
54 72 23424 564
87 29 30573 103
46 35 64492 298
95 85 28838 30
74 65 46947 203
10 36 135428 18
56 98 130777 53
42 94 25596 88
81 73 20038 329
38 11 124439 56
86 89 7198 115
16 38 83398 273
27 17 30502 129
71 52 26623 18
40 1 129710 100
35 31 9669 145
15 84 57873 27
90 2 5197 235
94 38 6093 229
67 2 103409 318
4 49 19764 418
32 73 13709 127
62 26 8870 266
97 36 25746 30
41 48 64272 284
13 297
60 298

4493016
