100 299 1 1
17 54 11522 506
17 3 7869 116
17 6 32580 110
17 58 54127 198
17 57 41127 502
17 8 5222 467
17 36 31115 154
17 88 26375 157
17 82 64924 121
17 25 42846 277
17 75 6613 977
17 40 65593 125
17 66 10307 92
17 14 20872 199
17 46 1983 258
17 67 10701 749
17 26 6916 248
17 7 88184 288
17 10 25453 84
17 24 41302 154
17 50 13184 202
17 49 53116 194
17 9 14574 85
17 18 18809 113
17 53 26174 348
17 71 160373 114
17 99 11495 411
17 70 20636 93
17 23 37398 154
17 95 31572 105
17 12 10407 3206
17 43 2775 170
17 30 20525 95
17 61 56983 31
17 63 14480 130
17 20 20511 192
17 22 39918 94
17 84 5370 413
17 60 30132 296
17 5 625701 55
17 31 26941 62
17 56 33865 152
17 83 33280 58
17 48 50516 222
17 94 118717 94
17 78 66311 98
17 4 15260 165
17 96 45008 134
17 74 16921 171
17 42 19341 181
17 44 77986 207
17 19 13342 42
17 86 16555 264
17 80 11969 47
17 100 79421 186
17 81 17510 119
17 68 39451 1170
17 41 80266 352
17 69 136538 205
17 91 16291 44
17 1 16810 40
17 76 29921 134
17 93 45511 288
17 72 16327 458
17 55 108882 175
17 37 4396 197
17 27 8125 151
17 28 16550 330
17 34 62716 270
17 77 58336 234
17 32 8588 777
17 89 216596 59
17 64 2124 782
17 97 3636 230
17 2 176781 251
17 87 3366 68
17 13 6710 214
17 16 10803 190
17 90 71235 210
17 15 12972 39
17 21 18224 89
17 35 93686 105
17 47 11634 12
17 11 18443 183
17 52 31211 1326
17 38 38448 213
17 92 32005 113
17 39 13321 240
17 59 34687 2335
17 98 264929 169
17 65 21923 470
17 85 111043 447
17 29 134075 141
17 73 11154 281
17 79 2203 89
17 45 9613 35
17 33 14697 329
17 62 58791 68
17 51 32224 874
66 69 89918 301
37 29 14931 137
43 30 76112 122
29 32 34580 216
64 35 53420 67
19 83 16275 542
66 63 64198 288
49 36 8285 35
68 47 37450 25
2 73 41146 254
76 49 11751 54
59 58 15463 40
25 47 11634 99
33 9 28149 617
24 95 106299 72
34 37 47779 161
81 39 70072 211
43 95 5749 233
67 42 7374 490
15 29 91022 128
4 31 57198 280
31 100 21504 268
64 75 37984 163
86 45 146353 316
25 55 35870 296
40 82 15121 120
51 65 32243 205
39 79 8864 98
48 54 21568 77
16 86 22814 60
16 58 24968 75
63 18 3816 497
67 31 23438 84
26 93 10877 129
38 8 48544 931
77 69 5865 464
62 29 4285 280
71 37 5259 259
16 97 30936 192
28 9 21673 37
90 93 41330 56
32 99 48773 181
97 41 24382 85
93 42 5319 90
20 27 17386 87
19 54 7290 179
22 24 77277 184
13 81 43230 144
16 100 25087 55
9 3 7960 20
66 40 4266 74
78 6 10739 138
19 88 21041 23
33 15 5941 275
52 85 21172 65
5 11 12102 65
95 90 16842 186
73 5 19573 120
89 37 163185 682
79 44 25133 74
32 39 17957 43
64 77 15599 107
86 79 87892 1374
33 20 54548 241
12 76 8226 139
20 85 16185 288
3 75 41949 121
71 6 36940 306
8 53 44546 164
38 77 23312 89
19 89 6857 287
76 66 17801 330
24 85 10980 106
99 91 7954 58
43 21 21491 146
70 19 7528 180
47 87 54033 52
46 89 12532 95
91 90 13554 83
49 33 36739 105
85 54 7898 151
75 52 26193 124
36 60 41756 307
20 3 19068 122
60 25 77769 156
20 26 16752 158
38 99 101887 570
62 37 11677 647
66 52 123367 181
24 60 16126 99
46 78 144192 610
25 49 41018 34
53 54 116999 586
18 9 262936 45
78 71 26951 565
92 61 2459 644
28 67 20999 165
2 64 17489 391
62 69 20528 68
25 86 12471 647
30 51 23828 504
44 11 16210 470
14 99 18835 112
84 6 7138 341
80 40 264160 310
13 40 90186 94
79 66 31278 276
5 62 4545 67
30 99 24277 40
2 9 6326 114
99 62 17845 384
63 3 9439 682
79 51 126064 221
39 99 18715 114
100 56 123148 165
43 42 48568 148
49 53 8338 33
1 79 25297 233
40 91 41156 41
66 1 48415 181
32 79 8174 171
12 99 17585 192
48 58 55754 62
7 93 63207 50
93 44 44058 647
34 89 18606 335
56 22 12301 178
99 48 11725 281
11 92 15626 471
50 35 78590 44
80 74 12136 1084
12 41 35327 438
15 48 12221 147
63 96 37166 72
34 18 19054 70
27 80 33005 52
56 73 16274 80
14 11 12395 785
82 41 50901 971
9 98 41614 394
1 46 106081 32
14 82 11248 354
56 27 29469 68
39 76 5688 277
74 23 8327 62
87 46 59122 199
88 23 31319 179
31 20 42856 56
21 88 8177 201
52 72 69550 96
54 56 16719 151
45 34 3820 125
88 66 4152 67
12 72 252415 243
81 12 21641 77
42 69 13202 65
36 79 13667 520
73 62 9586 351
90 92 21084 35
71 84 25733 43
89 49 4385 208
72 52 120129 418
36 6 17781 73
14 3 26518 56
57 32 18040 265
70 94 6114 185
69 21 18669 42
94 72 97443 382
77 27 11502 31
27 61 26248 185
50 2 14791 104
39 54 45205 67
90 44 8258 920
60 50 37455 69
82 16 109958 48
96 22 27973 199
31 54 19101 533
33 29 47933 117
69 82 8336 16
32 54 48429 125
9 19 10482 234
69 1 4139 110
54 43 7362 51
29 60 34092 45
88 62 81113 1366
84 78 22552 135
59 36 2571 26
85 35 50516 48
9 86 32388 76
7 13 53867 25
9 62 7488 84
3 100 7429 90
67 10 18335 189
8 72 5804 160
95 83 76964 255
16 29 5597 53
88 3 11484 177
85 99 5946 81
21 52 9338 470
34 55 26338 41
17 297
99 286

3287570
