100 299 1 1
38 76 31492 57
38 45 11047 39
38 53 29880 1426
38 48 26725 168
38 72 18903 18
38 67 7351 805
38 58 32647 228
38 75 19549 53
38 29 2321 116
38 35 22495 273
38 22 1731 27
38 45 64985 234
38 7 21214 28
38 42 58164 321
38 27 9563 431
38 92 54436 454
38 71 9875 176
38 39 30144 32
38 20 23529 26
38 75 30578 327
38 50 8493 180
38 50 10325 56
38 9 31242 9
38 64 36347 72
38 51 12772 532
38 79 6835 61
38 48 110898 277
38 76 95240 92
38 75 59222 700
38 2 24193 186
38 39 60035 83
38 15 7562 1064
38 5 13977 39
38 68 7156 392
38 54 9803 29
38 60 62949 362
38 58 28909 733
38 7 45248 168
38 94 6081 241
38 36 15048 362
38 23 19713 163
38 85 48041 570
38 18 8949 474
38 22 10285 168
38 52 53918 92
38 17 6823 62
38 46 14785 1428
38 69 22108 1140
38 7 17447 181
38 69 22719 416
38 59 10878 73
38 15 38642 698
38 45 33624 32
38 97 15384 248
38 93 8219 48
38 95 13433 116
38 73 15021 163
38 55 28734 89
38 82 32346 529
38 46 12943 170
38 65 22264 67
38 88 19009 359
38 100 383299 153
38 57 31850 796
38 79 8439 127
38 27 54192 649
38 39 10552 287
38 79 2654 913
38 7 6532 469
38 19 174970 276
38 64 28093 78
38 94 5197 285
38 72 25316 63
38 98 18553 155
38 84 4959 337
38 95 9859 42
38 80 2202 18
38 53 96519 396
38 90 30720 165
38 64 14011 111
38 82 51781 116
38 8 13565 215
38 15 51980 343
38 58 57311 100
38 57 13343 558
38 24 65940 363
38 22 45593 25
38 61 14673 111
38 34 2990 2149
38 100 4624 332
38 85 7598 214
38 55 3137 122
38 5 7688 270
38 61 12671 107
38 79 34472 24
38 95 20355 75
38 64 12660 71
38 76 14228 167
38 78 1304 83
35 69 67462 30
83 36 10911 124
93 90 17494 1252
23 64 37396 193
56 99 10089 432
95 14 25928 14
4 81 1412 139
86 54 12225 22
60 98 21471 72
87 27 15579 129
96 27 12199 47
63 76 10511 71
40 34 72184 128
14 42 58357 198
23 50 12554 109
88 60 8023 103
19 31 120133 57
27 75 20889 306
71 52 83621 83
34 69 68942 758
10 11 44924 1396
39 69 18698 326
79 40 8721 96
64 34 49146 176
76 60 14667 382
55 68 20380 201
36 17 125899 1105
13 54 27976 65
60 49 87625 187
99 7 17455 46
77 48 7957 22
2 36 12338 485
46 72 26149 48
5 93 12066 140
12 61 2453 272
48 91 43393 469
70 27 14107 125
25 66 39130 403
96 43 38923 30
37 26 23339 74
77 88 10758 28
6 66 30830 170
47 22 1562 236
85 74 3436 620
58 86 54934 162
58 27 41683 107
55 38 73813 55
48 63 18916 199
20 64 17170 224
16 7 51288 147
77 6 9595 439
42 33 39972 259
90 73 40182 320
82 97 14686 273
53 60 41931 221
51 43 5518 189
7 78 30242 147
79 18 30621 312
54 90 92290 20
51 20 22596 59
91 60 72779 93
12 59 1128 1107
95 21 4988 325
65 49 51972 40
91 2 145343 195
62 73 120513 49
97 23 8953 83
96 71 6044 84
43 10 9977 337
50 80 42096 99
28 82 9955 461
95 62 8040 2408
80 62 19233 37
58 40 2985 299
77 53 90601 258
83 74 16527 53
20 46 33421 491
38 26 33163 92
85 75 20970 337
42 63 12731 116
61 56 16402 141
78 84 17546 102
32 93 82446 684
74 46 28815 107
60 82 11585 232
23 21 9313 118
42 86 7886 302
54 35 18736 195
91 98 5391 599
99 47 79928 50
48 45 44917 643
40 36 12617 45
63 64 18837 48
28 38 217601 211
57 19 76115 230
52 61 32187 244
68 62 121372 736
90 80 214962 83
67 10 18775 117
11 54 21609 170
99 36 7292 791
25 72 82987 140
69 23 63280 492
53 25 65619 141
19 92 48642 651
39 93 10196 362
65 76 23310 213
26 82 14884 155
55 27 39777 141
70 2 22235 374
98 18 5353 71
70 4 69579 177
39 22 3042 154
36 72 42322 122
8 36 51534 87
4 6 43104 191
65 11 35214 95
60 29 33601 115
83 89 15218 75
6 2 42382 118
71 82 32980 106
41 83 18391 89
23 56 22071 75
66 14 45640 43
45 52 30614 212
94 53 45006 174
51 22 11714 181
58 91 22284 299
56 6 1817 140
11 71 50171 43
83 46 63114 55
92 59 8852 39
54 5 28869 1095
66 90 7198 125
88 23 91110 64
81 76 7025 64
97 37 5503 133
67 86 66023 173
83 93 18208 99
50 45 42487 74
3 12 61414 142
29 47 4811 93
76 73 20403 338
80 49 89502 202
78 60 69268 89
70 22 42393 646
100 68 18940 476
47 23 5446 2663
60 89 35408 898
93 30 5031 367
68 77 94338 471
65 15 24745 152
21 84 23597 184
74 7 19601 191
37 58 60556 283
9 71 41170 345
76 4 5026 284
54 89 17624 45
98 58 9468 651
15 72 4071 89
39 80 8816 737
19 13 28911 408
50 8 22299 68
90 11 20199 260
36 65 16021 579
94 42 45183 222
45 30 45261 178
15 40 14216 1798
32 18 33168 68
93 70 2458 112
83 100 17089 179
95 68 9235 32
72 28 50866 258
98 53 12555 118
73 13 9746 52
89 14 5079 40
6 10 15176 171
25 98 66575 114
80 72 18044 486
8 35 19980 589
96 84 34126 293
73 69 22269 237
14 63 125505 285
30 78 4379 463
92 6 50421 35
86 81 11067 102
36 38 79974 94
45 10 11161 126
74 96 42808 637
93 10 30006 302
9 29 26900 22
31 61 22427 415
57 61 9425 267
90 7 59366 213
4 63 35953 127
74 64 10626 88
98 12 5847 199
92 40 39354 95
80 31 56890 324
5 97 47539 89
38 2000
64 500

Impossible
