100 299 1 1
25 65 21898 101
25 90 21343 28
25 69 14086 204
25 19 11323 703
25 28 11020 110
25 17 17142 130
25 80 135086 471
25 7 27421 725
25 31 38771 183
25 21 14897 106
25 8 20900 124
25 67 564989 178
25 50 21850 80
25 99 33912 747
25 75 19877 165
25 71 145285 139
25 93 18216 375
25 55 11788 29
25 4 76144 389
25 79 62933 131
25 33 9329 465
25 60 45605 245
25 94 7043 212
25 45 9617 90
25 11 12388 25
25 20 43757 395
25 84 23304 700
25 78 44587 51
25 3 17444 159
25 64 22595 244
25 15 3037 353
25 5 9995 261
25 73 14032 1191
25 29 13526 235
25 95 33968 170
25 51 3637 41
25 87 12043 70
25 13 29057 113
25 1 38821 118
25 16 130610 7
25 97 18431 204
25 63 1146 951
25 53 303939 710
25 23 21459 238
25 24 6273 708
25 100 12042 344
25 6 15839 54
25 68 39099 224
25 38 11672 148
25 47 15801 148
25 9 7257 91
25 18 22560 70
25 88 26531 57
25 56 5566 20
25 83 89307 347
25 27 34764 117
25 85 84204 135
25 66 10056 70
25 76 46004 156
25 36 14587 153
25 40 11855 740
25 43 112712 11
25 26 11873 77
25 52 20209 110
25 10 6587 271
25 14 14855 60
25 61 19759 220
25 48 6824 14
25 57 4424 67
25 41 39973 115
25 59 113990 121
25 77 1888 81
25 92 33271 132
25 2 18904 108
25 98 83240 89
25 32 8365 411
25 49 17092 321
25 46 42957 16
25 82 20945 99
25 37 12385 267
25 39 6376 31
25 70 29333 17
25 91 12575 32
25 54 13863 106
25 35 64580 98
25 81 21953 197
25 22 6118 24
25 30 3286 163
25 72 12140 25
25 96 11139 259
25 44 13515 107
25 86 17166 50
25 74 4660 34
25 89 37779 169
25 62 2708 205
25 42 15494 221
25 12 59548 214
25 58 19788 93
25 34 17336 53
33 53 174992 213
27 43 4393 114
70 81 20349 179
3 35 65951 411
75 58 17957 280
99 42 6866 538
72 93 10629 652
45 98 34954 31
72 60 11597 318
28 67 29441 233
86 47 17938 391
91 41 41401 191
5 86 12372 2023
65 72 136274 263
33 40 39193 288
29 42 29678 43
68 55 5388 136
84 75 19524 103
91 37 14753 184
35 54 80507 677
24 59 24690 54
55 46 28420 477
97 99 14958 280
98 46 23750 29
67 80 38167 167
3 26 23964 54
60 68 9964 95
44 83 21657 1628
32 71 13322 48
19 84 2617 247
54 25 21869 57
13 38 9348 331
36 93 14124 94
24 98 23468 471
71 4 25990 255
6 83 11942 284
54 55 31995 199
24 87 149500 331
36 98 121583 96
81 77 23528 65
1 22 36917 198
55 36 96962 264
6 43 23113 579
58 61 20475 31
92 63 16076 148
52 36 102375 93
86 73 3266 136
74 21 28672 13
57 70 7693 16
8 97 88294 55
38 88 38863 76
99 58 35527 106
66 34 7938 32
32 25 148166 148
48 15 22617 207
99 43 32802 51
61 19 8907 145
90 37 4290 21
56 46 150360 178
30 10 316075 2823
78 87 12517 143
49 24 20656 198
55 61 19541 87
3 56 113742 251
20 34 24938 97
10 44 15165 43
29 92 52309 86
36 83 15711 62
98 57 45377 161
40 86 41748 43
52 82 45523 420
49 88 22974 184
3 77 31074 193
12 94 24456 278
52 68 10286 884
83 56 16538 567
70 58 16905 127
13 42 104158 113
9 46 5845 287
74 62 33419 178
48 42 94412 56
60 94 10071 681
35 5 6455 180
81 80 61779 39
27 25 127637 44
66 69 23331 863
22 51 11880 223
50 38 22584 129
84 63 6408 505
36 88 10137 260
30 21 7012 117
34 99 24647 60
9 23 2262 188
31 63 3775 211
73 27 7926 110
3 52 9430 244
7 26 17343 339
29 21 14027 350
95 27 40139 151
53 33 12217 294
31 30 117190 52
31 16 34382 90
64 19 132421 234
96 52 5963 305
28 97 17048 513
59 32 39186 1885
78 83 11918 556
1 87 68044 198
49 81 26045 203
2 70 32564 125
80 5 35836 171
16 77 47867 306
61 86 7573 56
59 25 28394 264
69 18 5563 451
52 31 64865 219
66 24 27090 16
89 93 13877 114
55 69 9912 261
38 15 13365 133
96 53 178876 340
48 19 43797 138
87 6 43226 268
37 78 10722 340
8 74 15388 137
78 76 38357 50
74 84 13265 288
41 50 84908 54
31 22 18239 23
46 84 25904 621
89 53 82277 70
44 70 28764 111
38 79 6416 26
96 37 73988 63
96 27 112549 203
21 22 38547 213
18 22 60156 484
48 64 32895 1711
97 79 2237 216
4 99 47262 371
51 20 6521 142
36 62 21688 237
87 46 7075 757
71 36 119879 2066
73 48 155629 256
86 92 20823 150
64 82 10428 190
91 84 29391 181
10 24 40009 306
96 47 69144 263
35 64 45231 6091
68 23 31541 42
13 71 29463 139
24 43 42602 149
64 21 22867 355
87 4 10138 95
24 90 26993 129
80 74 18144 158
1 60 179112 38
48 27 19668 210
12 79 49458 499
35 39 12281 29
86 87 11318 665
89 67 16409 76
26 88 18424 586
97 5 28419 222
45 73 17248 817
90 1 27922 265
49 83 27741 159
57 36 26817 901
3 58 33768 67
39 30 47058 152
47 6 41957 113
86 38 11253 129
83 92 36304 128
74 17 55725 127
59 61 21573 141
66 77 55505 75
10 33 6111 74
15 61 34156 62
15 88 12249 450
4 88 24819 177
91 55 38256 236
20 77 61530 139
87 24 2298 330
18 95 52439 539
75 9 7539 410
24 64 44622 405
92 25 44437 142
28 52 18729 30
77 14 13683 30
14 79 54609 152
45 26 10703 46
28 51 10314 161
28 1 52079 87
41 69 11328 74
20 30 1820 356
24 10 5199 155
79 3 38277 182
66 76 12231 94
25 2772
88 557

10531811
