100 299 1 1
80 89 43875 72
80 75 151145 63
80 45 12634 341
80 49 25542 898
80 31 2638 88
80 95 17341 256
80 7 20719 215
80 33 20311 177
80 78 14134 118
80 88 33489 104
80 36 61368 708
80 57 62849 104
80 21 25697 86
80 47 4973 142
80 44 7897 117
80 60 56042 74
80 48 37900 121
80 18 61817 221
80 41 13217 26
80 96 37081 153
80 2 14338 244
80 43 12043 271
80 72 31364 23
80 98 120940 142
80 32 4258 57
80 71 100645 47
80 77 5780 63
80 76 28212 93
80 70 21307 83
80 27 11899 22
80 66 10877 609
80 22 68188 51
80 10 59407 119
80 74 269207 167
80 55 22699 58
80 28 2995 455
80 56 4335 313
80 54 11799 234
80 90 49419 746
80 61 6829 35
80 97 31468 1298
80 93 101749 127
80 42 44939 188
80 9 5002 111
80 62 18998 1048
80 11 8554 21
80 59 20059 138
80 15 11422 264
80 8 5669 45
80 84 7828 318
80 51 10900 145
80 82 28389 82
80 67 142952 263
80 4 47279 162
80 46 129919 59
80 83 35484 75
80 17 8414 853
80 34 43584 72
80 63 12268 80
80 73 16661 474
80 64 9583 107
80 87 26696 857
80 81 3671 28
80 35 19471 163
80 52 5067 142
80 40 67610 46
80 39 5391 382
80 65 37318 50
80 79 5749 346
80 24 108118 74
80 20 6700 209
80 30 26729 512
80 69 17711 241
80 100 12963 87
80 53 38257 57
80 50 10850 669
80 92 33396 14
80 23 7904 59
80 68 98722 162
80 14 34731 224
80 37 28465 135
80 58 18883 289
80 26 5547 61
80 38 39975 107
80 94 50858 169
80 16 25384 1190
80 19 72658 331
80 5 39567 592
80 3 15483 48
80 91 45294 146
80 29 5076 29
80 25 37085 59
80 86 7703 41
80 99 29940 186
80 13 17405 28
80 12 54734 187
80 1 11862 112
80 85 69806 227
80 6 4650 412
22 23 7781 148
64 73 11971 26
38 76 27003 380
98 51 5933 46
37 67 52897 47
93 50 11078 391
44 2 13098 572
20 12 17036 49
24 21 100404 387
67 84 124979 195
74 76 14838 128
18 38 52541 341
3 78 80527 29
36 6 6117 65
3 44 5492 52
59 34 31072 38
81 78 22325 640
61 48 45140 269
86 18 72632 124
77 70 5493 49
74 48 23580 150
41 2 32195 137
95 23 25725 111
28 12 95190 362
24 77 3449 130
8 36 7771 84
25 82 52571 107
10 38 28670 26
82 77 6292 49
71 3 27222 553
9 65 14206 502
17 72 29645 49
76 19 12130 196
2 71 117286 706
43 37 192124 359
13 15 57078 20
55 19 70440 104
36 71 5633 153
12 53 19365 102
74 90 43275 472
82 68 19261 77
52 75 23388 356
37 23 44396 138
87 12 38250 85
43 47 56397 634
35 3 61502 36
66 26 12670 119
89 93 55808 561
16 50 19045 24
57 94 55309 2029
2 21 29371 74
77 94 32634 195
32 55 29254 256
40 66 16360 126
23 91 42391 117
97 1 4163 803
87 9 21265 249
75 28 9742 165
60 34 337797 106
77 1 36661 127
18 5 16266 39
82 32 21850 154
98 42 6237 165
8 97 118379 641
38 12 32061 199
42 38 38340 143
89 63 14990 392
94 99 13450 57
5 34 14637 127
97 87 21142 42
12 46 10061 114
11 73 23507 72
41 73 73941 259
73 96 3397 63
64 77 12528 100
30 17 5230 426
62 74 12081 69
34 85 16674 60
37 84 186037 70
60 74 6205 453
37 39 7932 239
14 59 29688 24
19 83 17848 106
59 85 4435 1245
26 33 16960 198
61 95 33864 32
66 77 38174 160
69 26 83062 160
56 59 13135 192
26 65 148444 360
32 65 4168 178
59 86 17865 46
41 32 86030 243
50 78 6346 768
40 14 10151 323
100 3 13282 341
84 50 42767 148
36 34 41426 530
2 14 2058 142
20 91 11330 156
14 35 2805 200
79 3 14392 65
81 3 37682 84
49 24 18138 230
17 28 31091 113
30 78 21544 335
82 56 21263 87
29 64 35063 89
20 82 46619 378
45 21 16613 35
100 7 14564 1080
11 37 40546 142
71 23 12582 131
18 49 38924 234
92 60 4951 301
26 17 6524 175
25 27 44427 2046
8 32 13984 129
47 99 73730 422
5 15 4215 249
43 13 13596 170
92 54 33783 25
93 79 5733 66
2 41 87380 213
20 34 15768 220
94 73 4811 47
42 88 41538 26
87 27 5607 350
31 9 6671 299
47 29 36553 81
97 7 11512 78
64 36 9864 32
97 13 14903 299
72 78 9035 281
91 38 43724 56
35 10 4067 48
3 55 6614 366
9 12 23636 1125
12 10 122526 108
52 44 3297 42
7 45 7446 290
84 67 7803 442
87 96 84766 43
21 27 10502 117
1 59 9988 38
20 38 52698 41
56 72 4954 277
52 17 11491 358
34 50 31488 411
60 50 47044 1044
48 51 59394 1224
86 69 13094 59
63 30 50029 171
7 58 23520 131
47 22 26952 341
63 5 18726 154
12 50 22090 145
93 69 41085 48
37 73 27271 134
60 88 18887 199
72 18 39911 84
12 26 3429 225
92 37 2783 155
92 74 13863 112
42 17 14390 75
12 84 13301 218
51 89 47650 539
54 22 118948 33
25 28 6428 54
42 90 11043 38
87 43 17152 146
21 76 18491 97
78 27 4428 197
8 57 13670 293
13 71 17717 188
70 39 11698 35
12 54 10770 86
6 29 11176 139
31 16 4536 340
23 3 5791 290
45 38 48689 260
26 4 3916 41
26 24 38218 145
92 25 10504 226
21 100 4400 42
70 88 12130 188
49 83 20381 775
72 70 17469 180
43 79 189146 305
15 27 39016 131
5 93 64520 81
51 36 8878 130
52 70 4014 178
19 33 6207 930
7 10 8463 125
57 36 39750 438
18 46 12266 83
98 33 17551 54
82 42 21250 69
54 67 12205 163
80 297
50 70

759500
