100 299 1 1
77 50 19805 61
77 98 107736 13
77 94 19565 311
77 9 117611 58
77 46 151760 173
77 96 21396 80
77 69 16589 214
77 84 49627 109
77 6 9946 15
77 66 4113 68
77 52 53144 93
77 95 27541 324
77 17 100008 160
77 32 14092 943
77 30 18906 90
77 85 2622 63
77 67 18651 172
77 11 29447 32
77 73 67344 71
77 99 30149 67
77 25 83790 113
77 76 70383 66
77 64 245562 783
77 55 18249 122
77 53 118547 344
77 74 35568 202
77 29 8819 237
77 5 12136 136
77 100 24138 8
77 59 108867 200
77 10 67609 186
77 31 35985 1674
77 41 15010 31
77 21 80459 734
77 91 8321 846
77 97 42465 340
77 44 35071 227
77 78 12991 305
77 26 53592 610
77 8 47647 526
77 90 2854 33
77 49 37323 430
77 42 39685 157
77 88 30911 150
77 27 13677 128
77 65 18907 560
77 87 18264 84
77 92 40526 1633
77 72 62900 684
77 56 13750 93
77 54 79099 189
77 39 31748 71
77 22 22834 331
77 57 145608 83
77 80 42942 14
77 38 47254 201
77 20 3524 98
77 34 38522 163
77 14 4706 198
77 36 52115 94
77 33 76483 151
77 16 36334 679
77 79 20896 285
77 12 40031 314
77 82 6693 109
77 23 13650 416
77 47 32443 166
77 83 37012 73
77 1 26220 66
77 89 35510 290
77 15 4685 502
77 24 94377 228
77 61 10666 74
77 93 15913 341
77 4 68274 89
77 62 28739 544
77 43 21218 107
77 68 88537 22
77 58 34516 248
77 13 14204 31
77 37 39044 506
77 71 20591 92
77 70 53602 265
77 45 29742 117
77 2 30629 379
77 48 9533 178
77 63 36856 66
77 18 33367 397
77 75 6986 350
77 86 26505 262
77 81 9602 166
77 19 41730 86
77 60 45477 371
77 28 16849 125
77 51 4969 229
77 40 6837 17
77 35 55867 117
77 3 37209 600
77 7 36139 88
14 52 33970 84
56 26 20456 116
97 69 29649 121
50 6 20288 455
88 81 61728 518
10 48 8272 199
40 42 6096 280
73 34 18598 174
66 24 58510 213
18 56 3767 64
11 69 8745 92
28 40 24596 200
19 76 124443 288
95 1 9694 151
30 68 24028 66
34 10 19768 36
70 4 19972 133
69 39 45258 130
57 53 36970 47
65 3 14916 20
17 24 41388 74
85 29 17199 475
72 78 41203 127
68 71 25512 612
51 75 13950 95
10 42 29725 132
94 74 5885 216
54 43 34464 228
88 34 4987 51
60 23 15747 177
51 64 7853 140
79 75 13525 40
14 65 10843 57
29 3 49070 115
64 63 31272 93
91 53 2607 122
78 31 36608 71
24 27 21932 424
50 92 22228 11
50 88 10161 147
86 61 20937 130
29 45 32810 563
10 31 46634 133
27 72 54265 120
43 2 26728 341
16 94 17832 164
96 5 14818 2057
12 96 140722 451
54 19 75314 225
56 25 31276 254
70 17 4981 613
83 31 11851 101
69 37 8062 117
35 62 6150 30
58 15 36456 74
9 14 35654 45
66 59 35447 125
81 68 9578 519
3 63 35854 477
70 21 8416 51
74 87 23554 162
68 64 137677 106
97 32 15486 73
53 47 4013 439
17 31 8828 101
99 78 59378 166
37 87 242711 43
43 38 28738 45
72 65 6911 34
78 8 19023 337
26 84 27677 113
5 20 11744 28
63 75 14220 383
60 80 21162 156
32 91 46438 90
71 67 18342 90
55 87 7135 141
91 48 31867 258
28 52 30338 197
80 46 86557 423
87 80 7142 32
59 13 46348 213
20 1 41305 83
5 93 41544 347
45 15 104228 117
79 11 17946 121
78 4 12949 275
96 4 12930 140
38 23 10534 81
88 57 151081 107
61 72 37162 443
79 35 150352 79
32 78 105682 302
16 65 8191 1199
8 54 3675 200
31 99 16600 83
28 36 8828 178
71 73 24876 121
92 40 51242 72
81 57 14815 39
73 15 6578 119
100 31 188583 1232
46 81 20177 23
42 31 71153 98
10 11 4662 80
12 99 23387 54
66 98 9636 32
94 80 12164 84
78 65 4211 216
80 93 48693 21
29 5 4143 122
82 100 96544 76
98 34 16570 529
100 95 104313 257
56 79 1965 121
10 78 28677 105
97 81 14477 26
40 49 8586 171
56 83 25464 434
95 26 62386 510
98 52 15472 58
58 1 63834 58
81 66 19688 94
81 51 131066 221
82 73 10080 80
57 31 56188 107
50 75 4552 78
84 46 57678 120
89 42 8662 178
85 24 27117 158
50 14 26456 112
14 37 15993 24
61 54 93503 1602
62 44 36657 56
21 69 127036 133
24 43 17618 134
55 63 30619 91
78 17 23183 175
22 71 38049 538
45 77 10903 76
86 44 4240 145
9 60 28383 55
56 45 18825 428
42 34 82146 186
68 37 8353 444
62 4 5614 238
57 98 16119 443
70 67 53714 587
96 20 2318 94
2 87 18443 162
80 65 47276 115
52 69 11292 306
97 44 78620 85
18 94 24703 244
87 13 133626 91
63 84 5800 24
70 65 24120 2357
85 3 4047 30
98 12 4269 376
65 88 37865 151
93 71 9008 529
67 81 29514 329
57 9 167975 119
62 34 20872 164
55 92 20278 160
54 46 5695 110
78 79 22961 96
52 60 6421 47
53 85 3532 115
96 56 38149 482
74 42 5068 218
25 92 51719 468
12 82 45073 20
22 32 32679 329
27 3 60650 52
74 19 7673 1212
59 9 21824 66
46 99 18915 209
76 21 5777 254
95 56 34658 445
98 38 7109 33
94 96 32873 255
95 100 39246 647
81 15 9814 124
100 15 24083 347
95 40 30611 147
54 26 2292 317
16 60 40667 51
60 30 23995 404
2 24 19339 67
90 45 15408 381
78 94 61813 68
67 17 51601 65
9 40 90487 81
8 97 16419 158
90 38 51124 326
82 70 11690 915
91 13 17666 248
78 72 46415 240
58 33 3668 267
77 2376
31 1424

50859547
