100 299 1 1
81 62 17193 28
81 67 12955 113
81 58 4057 706
81 62 46773 417
81 32 158040 215
81 99 11440 134
81 17 22802 490
81 34 42364 540
81 97 16946 29
81 18 21703 457
81 16 28445 404
81 98 34890 34
81 71 36350 222
81 29 96378 57
81 23 25484 43
81 64 38540 201
81 35 12755 89
81 34 8819 204
81 52 62673 142
81 100 4008 87
81 43 10413 68
81 97 23116 121
81 97 21708 462
81 68 15900 242
81 48 100011 123
81 28 42513 69
81 9 45319 184
81 92 21152 45
81 80 29511 117
81 15 52108 254
81 53 9276 434
81 66 915 68
81 9 94589 984
81 97 12362 324
81 56 17062 196
81 89 47647 326
81 28 124847 40
81 36 29907 29
81 15 106178 202
81 92 10940 220
81 71 36850 229
81 70 26400 58
81 71 12661 741
81 7 3905 47
81 13 12074 69
81 48 10515 203
81 17 3207 193
81 1 132127 80
81 27 18603 81
81 80 22553 1218
81 40 32210 68
81 32 42978 142
81 34 75587 468
81 97 28140 102
81 72 28425 168
81 95 6436 288
81 61 40789 183
81 25 17045 16
81 19 11590 536
81 86 12489 116
81 48 11748 52
81 2 70779 114
81 66 16077 400
81 70 5537 219
81 91 5739 122
81 84 20880 301
81 54 7678 115
81 52 27525 187
81 93 5424 57
81 71 29410 295
81 44 1779 590
81 97 64237 640
81 94 19840 91
81 36 40639 130
81 18 13523 1384
81 44 205019 58
81 40 18523 417
81 98 28698 227
81 34 16057 780
81 18 15702 234
81 45 128424 520
81 50 10568 367
81 71 53774 419
81 40 85458 43
81 62 46266 277
81 74 82224 341
81 88 26583 124
81 3 7843 113
81 16 7404 103
81 17 152300 187
81 71 13618 164
81 72 23213 93
81 72 40670 568
81 63 30949 56
81 80 23987 69
81 64 7012 181
81 93 43043 110
81 64 6733 595
81 8 16628 1915
98 69 12639 49
50 44 16151 232
33 31 44775 731
17 3 69362 162
68 100 47228 57
30 20 6942 64
35 12 12516 77
48 100 28188 480
72 26 63560 434
98 95 12159 72
13 98 5871 263
71 47 24684 239
51 64 9158 126
48 20 30175 87
58 37 67038 62
14 13 30115 86
37 77 37400 323
74 46 17596 271
42 25 17135 173
3 84 22243 67
4 54 28947 333
49 80 23268 1170
22 32 41977 93
10 35 12217 63
7 75 4131 252
91 53 9426 84
86 22 64977 82
37 93 6185 104
53 26 20747 319
88 40 27549 361
75 93 20387 271
71 36 20362 152
18 48 5440 78
57 95 15171 105
83 27 34947 446
47 32 59424 497
48 87 30857 57
94 30 10740 50
100 73 13892 282
8 46 43302 145
19 69 12914 494
38 55 28980 466
28 35 19133 66
51 3 16430 79
98 41 16455 11
13 95 58677 496
50 45 17342 474
3 66 58782 22
39 94 7851 527
100 23 14341 563
28 60 4618 376
63 77 52104 100
96 18 34607 80
19 87 23136 230
8 56 17082 153
84 49 98912 844
6 36 16702 190
2 88 5707 97
6 72 33143 307
45 87 38692 364
39 62 14528 250
48 85 10593 19
68 41 1924 102
19 100 9921 961
66 83 30815 685
16 2 36089 198
5 26 50981 602
87 45 38550 69
59 33 20700 58
59 69 34143 220
23 69 26887 64
21 26 11264 631
23 89 18971 20
77 25 21244 325
93 57 18455 36
90 69 12658 74
88 23 33387 83
9 40 7022 824
44 80 13157 293
21 86 5069 81
45 10 68824 15
56 47 34696 351
64 96 131242 378
49 63 4818 100
11 8 14881 75
57 55 4849 93
99 64 10899 67
99 84 19886 99
70 85 14037 60
87 4 13826 489
81 75 43381 258
92 21 24496 104
46 70 12747 428
56 10 21928 152
63 80 12774 176
1 11 44389 67
43 18 32247 110
63 97 48518 58
77 44 50424 102
20 96 24686 32
51 7 57556 144
21 65 30089 14
22 58 10134 189
62 29 224181 40
59 99 15689 152
91 8 26686 43
35 71 1429 356
17 73 16117 135
83 84 8508 107
21 28 27704 35
71 11 4310 334
53 64 12866 276
3 35 2047 86
63 22 103981 261
46 64 74431 395
78 91 12946 115
10 28 47940 144
36 85 33201 249
23 96 15489 225
14 86 9316 577
96 88 10466 183
92 98 15708 174
91 4 17346 97
72 93 13063 218
19 54 46628 112
57 92 18429 66
14 59 49338 537
20 72 167838 99
38 35 23829 243
99 41 21447 143
77 82 12437 264
38 18 41918 131
100 36 59542 47
85 1 7350 40
98 8 19863 157
99 34 10933 182
80 31 99601 28
37 85 41733 135
67 1 16313 69
3 11 24397 245
59 1 5129 111
56 86 5432 213
34 66 19642 18
38 77 22468 329
51 27 52898 56
97 80 25801 60
21 9 10609 42
94 88 23021 415
60 42 4058 92
11 5 18128 41
71 40 41341 718
11 27 11007 132
48 45 45035 75
9 30 13506 270
40 72 96613 366
18 98 6274 93
41 28 17015 140
55 53 94029 73
85 9 16418 137
76 22 78787 96
46 4 38337 15
64 48 116715 390
76 32 42451 23
84 61 14790 131
39 92 7774 119
42 96 18045 282
63 62 52652 188
19 20 17665 128
35 64 12945 283
94 96 18649 179
80 96 58864 26
26 56 103781 184
40 45 25418 171
38 9 15896 302
59 19 35057 166
28 79 24939 161
17 62 12314 320
86 77 27052 142
57 15 5667 122
23 67 7150 77
42 79 27004 131
13 87 21991 206
52 4 12628 161
7 10 19594 373
18 21 16945 137
87 34 24425 113
34 13 32009 1606
25 67 2575 2502
96 78 28925 1246
16 14 26450 461
69 96 19938 55
6 100 40079 100
95 82 27473 245
26 30 12860 99
72 41 16834 421
95 38 5051 38
22 75 128390 121
64 28 8727 163
13 86 12514 52
95 73 200924 658
81 200
64 1706

1346600
