100 299 1 1
19 78 9703 118
19 9 5477 219
19 6 8112 254
19 32 7480 56
19 16 7091 1082
19 50 23085 162
19 73 22308 144
19 58 2691 122
19 10 24391 71
19 46 8347 580
19 60 41238 177
19 44 8939 18
19 96 11907 61
19 23 21598 197
19 4 31330 216
19 72 131411 82
19 84 3620 31
19 75 9604 146
19 15 99652 451
19 76 115002 164
19 92 34688 259
19 36 5246 590
19 94 6808 73
19 43 4888 86
19 48 42776 120
19 90 30811 38
19 56 40630 190
19 33 7636 60
19 30 29990 1497
19 57 4342 492
19 62 51261 260
19 21 7099 71
19 63 22328 48
19 42 1617 65
19 66 45324 100
19 68 9227 63
19 64 24819 228
19 40 15636 323
19 12 22529 92
19 59 9360 762
19 53 2038 165
19 51 2714 53
19 85 10876 131
19 13 36888 45
19 37 36778 146
19 86 8115 59
19 97 66129 136
19 8 29968 408
19 82 17653 276
19 25 24863 128
19 55 46809 116
19 91 42321 36
19 69 36350 147
19 34 29006 20
19 39 10698 273
19 49 25732 74
19 14 13891 320
19 77 28738 84
19 31 47214 19
19 100 50441 124
19 27 21150 875
19 18 25941 91
19 95 3268 337
19 81 26276 43
19 61 22494 85
19 83 116652 35
19 28 24333 73
19 93 146190 189
19 11 15973 327
19 80 56374 7682
19 70 46209 74
19 74 4688 536
19 2 15668 560
19 52 164958 180
19 29 6882 874
19 89 44486 207
19 1 31981 695
19 65 72203 332
19 67 25395 128
19 3 29401 30
19 20 15669 26
19 71 10042 132
19 35 39249 67
19 54 10367 440
19 88 6511 73
19 17 12303 103
19 26 66844 422
19 87 27793 261
19 41 53971 838
19 79 47853 122
19 45 184455 473
19 7 17093 40
19 22 14558 285
19 5 3271 31
19 38 15271 258
19 47 12484 344
19 24 63410 244
19 98 68195 131
19 99 126123 186
44 31 84656 148
50 62 14039 245
38 35 41933 181
87 75 15347 295
90 67 77649 101
95 59 109558 803
27 83 11950 479
98 19 90228 204
36 37 31970 239
72 37 14249 265
17 42 6923 231
60 80 10326 305
72 52 8702 182
1 33 8195 208
46 77 21072 164
97 64 17986 34
58 57 65860 92
83 17 95826 187
79 93 17064 898
52 42 26369 47
3 19 97395 221
33 68 29379 68
41 55 28005 231
31 26 31234 4563
81 1 41552 15
12 76 55200 336
36 90 55550 58
67 30 18608 220
42 72 15120 51
22 75 3973 105
72 10 18356 34
51 22 47480 58
72 14 14821 1268
45 46 15495 546
53 29 29887 44
64 40 9956 33
71 79 9080 272
52 100 14343 53
8 16 26394 179
11 96 20851 476
91 45 21170 24
62 73 26613 292
2 88 21875 109
69 59 50751 142
96 13 131529 1376
98 34 789 534
54 23 24822 260
13 24 59052 192
80 61 9883 298
79 83 46973 46
48 4 5537 167
44 47 37881 371
43 68 18189 351
4 23 12637 156
42 47 1374 202
87 14 30710 1136
27 51 74682 319
75 3 5299 62
27 17 24317 29
72 58 10379 383
40 95 8701 281
71 42 144346 64
13 95 27917 227
8 1 268245 45
7 8 79139 277
94 43 14936 140
83 19 11547 41
74 7 6362 254
22 15 49733 371
42 45 8384 117
46 62 15365 290
18 63 39195 127
10 15 7975 113
89 21 24272 638
58 94 30315 96
45 38 42912 1198
7 41 13205 327
2 43 25352 36
54 50 23271 283
77 31 14572 107
20 32 8834 191
87 2 14214 24
72 63 5207 39
5 11 42503 94
48 87 39445 277
47 83 20373 170
26 15 9807 313
36 68 80123 317
78 97 15410 219
15 76 33678 105
18 8 10155 1028
35 22 10603 355
65 25 10524 64
87 95 17920 162
14 47 14478 135
100 69 6250 295
65 69 29128 176
86 94 149196 124
26 87 2012 27
3 9 5015 511
57 55 17670 26
87 64 29645 96
23 71 21778 177
82 73 20104 74
30 58 87326 212
100 72 14056 439
72 44 93892 139
85 38 170527 93
73 91 779375 116
25 44 18498 110
40 50 31680 200
97 80 35041 275
92 70 10178 989
54 2 19294 60
89 90 37967 99
53 99 2820 144
26 36 3269 264
83 32 63759 16
18 92 203850 248
34 3 8522 72
58 93 16676 502
34 48 85828 106
90 7 16685 108
65 50 247467 165
35 94 241682 425
20 95 7855 31
80 12 14177 74
83 63 29860 281
91 72 61362 262
12 13 8325 933
17 75 110346 519
77 48 18773 12
31 61 18609 37
57 66 55109 442
99 12 23865 58
27 64 6112 184
8 82 17221 13
22 10 25791 181
74 92 3871 65
88 96 75076 263
77 21 23360 248
92 78 7704 25
16 81 11697 225
40 28 16516 1285
44 9 60782 103
17 56 141436 222
35 43 28092 599
25 56 42955 148
91 5 27062 47
97 25 26052 160
58 64 15412 525
31 16 27420 72
71 70 75634 31
58 95 14838 301
51 52 31719 316
9 26 13480 354
26 80 34783 126
32 60 7186 50
98 36 8253 48
28 3 37937 236
67 92 14009 159
60 7 149696 128
84 90 18813 94
47 4 9327 72
60 58 8898 33
97 55 24360 169
78 55 2184 193
55 91 8867 522
44 57 28672 85
63 76 16503 294
41 79 22629 275
28 43 7664 166
33 89 45091 42
74 4 24167 40
85 98 70394 527
11 97 8437 205
83 29 29560 135
71 46 5062 51
79 94 101639 587
11 64 8756 117
75 12 51349 171
87 68 16877 112
25 16 9439 1097
29 24 74607 124
66 58 76619 197
74 37 14818 467
61 55 14762 88
79 14 53743 52
28 47 18843 137
59 77 5344 217
60 83 96629 952
42 77 10031 43
56 57 59554 232
36 22 130968 352
87 72 12689 700
56 41 52398 227
5 30 17712 17
36 21 20622 87
70 99 121821 52
80 92 64873 232
19 990
95 593

6479874
