100 299 1 1
48 46 8017 421
48 14 65271 151
48 62 263282 195
48 60 44858 103
48 85 3911 1012
48 1 93379 170
48 10 6842 333
48 16 30411 91
48 32 34112 78
48 94 153294 69
48 4 38980 692
48 11 10853 63
48 56 65202 123
48 3 21543 411
48 66 39865 198
48 41 22774 272
48 58 35172 313
48 57 22974 251
48 71 119854 51
48 54 10247 153
48 99 12167 260
48 31 50932 142
48 5 14198 64
48 15 160209 112
48 18 21153 42
48 95 29427 235
48 47 47078 211
48 59 74675 154
48 7 18844 89
48 34 75186 199
48 37 37796 89
48 68 167649 120
48 72 31030 175
48 25 18336 129
48 89 9205 644
48 50 4896 21
48 35 8132 121
48 63 55031 365
48 77 17138 91
48 17 36831 130
48 53 18069 43
48 40 14802 345
48 82 155482 79
48 69 47280 514
48 75 66423 118
48 93 14818 239
48 51 37293 130
48 70 19581 69
48 76 21379 1480
48 21 16256 117
48 39 108056 417
48 92 5553 135
48 49 3145 96
48 84 99904 48
48 6 187084 80
48 43 80928 126
48 83 4781 248
48 79 7456 80
48 9 9785 202
48 88 37139 357
48 45 32474 407
48 2 104990 468
48 64 13440 448
48 78 125188 106
48 67 4629 294
48 8 36748 32
48 65 1851 300
48 86 21038 104
48 52 125468 10
48 12 7012 105
48 55 100494 33
48 24 3873 382
48 26 8472 54
48 27 14881 178
48 96 35341 168
48 87 13264 215
48 61 10746 239
48 36 36462 183
48 20 34407 19
48 100 29266 162
48 97 9098 144
48 28 42132 78
48 98 30115 25
48 73 19448 166
48 19 213885 76
48 13 4649 1514
48 74 31516 422
48 42 30327 298
48 29 28520 157
48 91 45561 171
48 44 5613 369
48 22 8175 16
48 23 91330 671
48 30 11479 145
48 38 12450 171
48 80 12948 194
48 33 9307 38
48 90 30516 194
48 81 21887 152
40 73 40444 891
54 41 11262 49
76 23 17708 1389
52 74 22866 99
87 31 171056 165
1 74 14174 157
87 2 16907 71
87 30 21645 52
73 58 5649 72
65 84 5081 770
28 7 25642 36
47 73 9706 101
69 65 38387 570
93 91 3359 227
26 61 20214 169
4 51 3920 305
60 84 38485 413
35 74 13927 146
62 89 93464 228
62 71 22945 13
26 91 87276 54
4 49 9364 147
78 80 5918 396
16 29 6041 26
90 55 7969 286
40 80 16938 376
92 62 4195 183
32 99 13231 123
60 98 48264 59
56 3 114344 332
84 87 17251 204
90 63 2982 303
21 20 73956 170
51 10 52101 205
42 32 100360 21
86 87 14930 29
95 88 53318 261
91 32 12186 135
53 58 20074 32
13 20 42466 11
55 89 9059 202
53 11 23710 86
54 98 43506 84
12 85 4977 378
54 43 17575 21
62 44 14012 199
83 73 18052 94
52 70 26497 131
35 93 282129 104
42 52 18511 6886
12 99 42002 138
93 81 43614 560
37 29 8992 107
50 82 50034 55
97 15 2591 181
85 55 43922 814
100 25 14369 132
19 60 68774 297
54 64 13560 58
65 99 33799 222
95 60 4897 153
66 70 39399 577
5 31 153750 209
21 55 8977 436
21 9 18869 242
96 37 58822 399
44 71 23086 354
59 90 42099 160
29 79 14874 129
11 55 6790 257
79 47 14077 69
29 24 158687 14
75 60 18270 235
75 46 27443 153
11 14 30374 158
5 55 57566 280
32 25 45814 64
57 48 14560 172
97 83 59902 102
100 2 34762 55
91 67 29283 520
54 2 18007 47
77 22 27490 477
75 12 5156 62
59 45 16847 37
8 60 9679 31
41 9 45921 192
99 60 111538 29
29 37 13671 124
12 43 70812 311
15 49 17668 91
15 72 48851 94
28 71 8574 156
77 57 87916 39
13 75 150737 101
10 95 55423 220
67 85 3670 224
86 43 30272 270
24 97 42629 413
60 18 36941 42
25 23 24314 56
54 11 20055 283
96 70 70478 19
47 48 18723 149
56 22 46687 179
46 24 125948 616
16 62 36002 724
46 32 34320 126
80 87 47743 17
50 3 14382 52
9 53 3660 160
96 95 207633 48
100 63 69694 605
79 11 4307 232
53 17 4557 40
36 60 25190 410
36 19 166892 671
93 59 7984 210
77 36 25464 357
62 50 3648 144
89 3 21985 51
55 97 26498 128
6 92 87534 150
31 22 53599 715
66 95 51121 165
99 52 9657 136
19 23 12128 76
76 60 69170 234
40 65 45702 61
3 27 39652 403
55 93 16458 194
81 13 79841 82
2 35 73425 229
10 93 10655 124
96 66 70762 61
16 98 61170 201
84 48 37257 26
88 16 6081 243
52 93 3737 122
94 20 3809 52
28 31 9807 18
54 88 31123 699
42 37 37472 592
18 32 8859 257
1 99 21755 144
40 19 33938 38
18 13 11617 141
58 84 13503 59
89 37 29877 1815
45 84 1430 226
84 15 5729 38
52 22 18417 106
5 33 9283 315
72 55 4486 152
19 49 54504 408
72 81 5508 275
61 78 10828 23
45 36 170700 24
10 3 7484 885
76 62 52232 48
2 60 230994 54
41 56 20974 111
67 42 13709 117
7 72 16184 158
49 1 31738 151
10 31 9376 54
74 17 5887 735
41 43 9687 158
18 100 8191 438
32 68 102785 44
25 58 47006 90
18 92 33506 234
61 45 42258 175
73 74 3262 533
40 82 43036 390
63 54 18908 209
93 85 67167 98
64 62 8371 357
52 49 45603 223
86 63 25063 652
57 84 23646 116
31 74 47786 51
44 91 29229 94
62 55 150002 4
64 98 31743 170
99 19 25312 76
46 8 3844 45
89 49 11276 38
93 49 4537 94
18 60 86629 190
38 19 24778 98
39 34 14864 269
76 68 21438 170
96 11 30656 317
87 94 16476 523
42 54 23396 122
47 19 1000000 118
99 100 15205 24
61 77 12518 131
79 40 35571 194
48 2772
60 336

13560634
