100 299 1 1
25 9 2837 389
25 65 30995 65
25 21 20270 96
25 43 24668 1791
25 77 5585 82
25 72 8930 97
25 72 6287 134
25 27 58935 135
25 14 40955 379
25 99 29205 71
25 65 51887 25
25 40 1782 106
25 70 12174 275
25 23 105577 321
25 12 17060 76
25 80 12100 313
25 57 49476 93
25 74 18335 65
25 89 34684 23
25 17 14402 56
25 60 32573 221
25 24 6406 270
25 87 52138 98
25 38 104758 73
25 99 40117 32
25 10 129253 20
25 62 22164 282
25 65 59593 95
25 89 12354 29
25 4 4637 17
25 29 24814 154
25 23 13998 103
25 99 28276 204
25 9 52154 365
25 51 15300 93
25 44 20567 138
25 22 48962 187
25 37 13867 99
25 37 146285 199
25 96 59367 237
25 55 13579 241
25 28 17092 153
25 74 10767 33
25 36 22776 130
25 6 18798 195
25 99 19178 141
25 17 8933 108
25 23 13408 658
25 58 17679 145
25 3 22103 163
25 7 50229 238
25 2 7839 170
25 63 49644 447
25 43 32935 111
25 44 21489 84
25 10 14443 174
25 32 37158 182
25 50 13856 57
25 9 93712 81
25 8 15657 95
25 17 12017 88
25 99 5989 70
25 20 29689 78
25 23 47206 121
25 72 109696 151
25 80 36418 57
25 93 25778 122
25 31 27259 244
25 65 73023 319
25 70 222849 64
25 83 11463 279
25 57 40007 118
25 41 2961 172
25 50 9268 75
25 62 9975 228
25 69 39599 94
25 22 41462 61
25 88 37538 198
25 33 30793 697
25 92 20349 23
25 40 56998 317
25 38 19098 48
25 90 32300 76
25 33 14770 61
25 81 24883 299
25 58 110521 226
25 82 26933 247
25 29 10951 112
25 84 73122 207
25 51 8578 25
25 24 71553 66
25 81 4127 378
25 61 17357 92
25 15 201920 262
25 81 34753 56
25 56 18234 125
25 7 28550 370
25 54 35573 525
25 92 28642 199
4 8 19782 145
75 95 16120 105
93 49 8990 56
40 2 122302 21
56 70 33602 112
9 95 43105 301
41 80 5014 300
48 10 142040 59
33 38 101903 169
73 82 61111 35
91 49 26421 119
4 26 3899 110
83 33 6851 142
25 42 47337 835
67 12 60190 373
63 69 94859 327
72 4 229912 236
41 45 167092 38
19 3 29371 85
64 5 12974 135
44 45 8010 121
85 46 10845 171
94 34 7745 37
38 91 9906 197
73 80 51473 313
47 64 69872 310
30 80 25772 60
51 44 5199 26
99 48 42475 338
35 30 5095 142
50 70 15685 189
39 8 23776 626
52 68 19587 304
37 64 21802 461
8 67 19421 54
8 12 69929 363
30 35 3984 671
53 54 14574 581
64 65 7107 133
40 59 4548 331
100 21 128473 369
31 27 4620 386
53 57 60967 358
74 30 119027 428
70 28 14480 344
36 43 2890 474
23 39 72174 63
33 97 3045 41
11 34 6112 156
44 21 59568 1004
13 85 6022 359
28 52 13118 219
70 91 5131 158
75 1 4418 213
50 28 7343 179
19 30 10767 200
37 74 6945 147
6 93 34834 242
18 17 31430 24
32 100 24514 45
4 83 5712 140
63 46 3469 32
58 34 13191 108
10 38 58544 677
19 50 27614 66
61 7 25231 108
49 10 4238 287
76 75 13701 132
16 83 104403 1155
57 64 18194 335
17 10 19562 148
53 59 60538 232
99 28 28871 62
73 42 102172 465
84 14 114171 35
52 70 22689 252
83 90 32821 47
99 80 12649 147
19 9 40349 34
6 49 88739 246
72 12 31811 241
24 52 210140 197
54 80 2460 335
63 54 4444 160
12 25 17722 71
45 89 26974 427
99 10 61608 101
94 76 45213 213
31 59 35126 367
83 15 9007 93
85 13 34188 24
5 14 130867 39
1 40 63125 65
87 2 30788 270
48 74 15043 132
31 73 16969 37
43 10 3770 414
42 14 36476 368
6 33 67036 248
3 59 121622 537
19 53 21683 107
87 67 49245 17
35 44 30089 54
18 95 36773 804
18 5 136010 49
69 16 26486 196
13 21 42818 123
25 52 7416 1005
31 28 63950 120
25 46 102990 312
36 8 6927 643
90 89 63522 267
32 83 4324 98
80 4 41636 451
96 70 40344 147
78 82 16250 81
99 81 32787 334
97 79 98839 81
60 26 33268 127
72 51 9009 101
19 93 39978 565
99 30 99742 43
78 43 44700 108
14 58 109551 112
7 17 35909 19
50 14 220650 97
55 2 10395 153
77 67 36603 92
26 31 30858 68
81 4 50688 41
78 1 22020 123
46 4 2977 80
73 3 14617 145
20 2 26611 68
69 35 37403 47
28 76 39571 27
71 27 6311 80
90 2 11843 196
13 40 16961 1881
89 62 38440 289
58 13 44452 162
24 41 9679 301
48 33 16930 391
97 77 175172 343
20 98 41870 512
94 51 19437 254
83 72 41960 28
36 67 10984 239
52 59 4546 165
68 98 10357 144
69 73 9910 370
93 86 176930 95
69 64 39726 58
71 57 11882 118
22 53 15503 56
32 61 22261 199
70 74 33618 169
72 41 7946 13
92 46 240115 18
37 87 6677 57
46 49 11871 197
53 84 14597 204
22 50 13203 170
17 35 9286 54
10 7 33201 193
66 97 130705 535
18 77 31051 45
47 45 36619 281
71 4 21141 197
13 95 9334 616
32 42 21106 1345
74 44 21474 86
95 96 85166 514
91 20 27111 146
62 91 33109 300
28 80 9172 109
58 94 4792 291
49 75 12330 219
9 76 6154 48
67 81 8914 84
45 16 17897 112
76 70 6351 60
39 63 10386 1016
94 41 16484 55
86 89 11372 481
86 52 96654 357
59 29 44394 98
23 74 44709 85
44 90 9540 384
27 7 70754 63
7 15 11976 386
13 23 140763 316
16 13 25024 181
64 62 11896 671
45 59 12212 17
40 98 18989 28
9 24 36508 43
44 51 30192 237
46 83 83018 19
6 90 49782 203
25 510
80 2958

5624950
