100 299 1 1
21 34 8157 111
21 70 40012 303
21 22 93527 36
21 44 8642 143
21 6 9819 249
21 52 6881 106
21 43 23156 597
21 89 35956 160
21 59 23012 211
21 58 4176 68
21 9 72684 62
21 64 16578 32
21 18 4247 56
21 5 7491 421
21 7 33981 392
21 13 1092 538
21 50 15593 32
21 84 11224 873
21 8 1784 55
21 75 7820 152
21 25 182981 120
21 93 47001 116
21 67 12417 150
21 12 34081 264
21 60 47574 309
21 42 40420 621
21 90 12889 154
21 87 2306 147
21 19 87340 79
21 77 89303 167
21 76 12944 276
21 92 5834 102
21 94 16595 233
21 10 9282 454
21 63 19000 922
21 31 35913 210
21 3 7348 556
21 20 7702 207
21 29 25422 47
21 41 11414 733
21 82 51511 3131
21 68 11980 251
21 51 13883 113
21 53 84888 129
21 33 25496 134
21 71 5869 276
21 78 35507 32
21 1 50429 251
21 37 14068 181
21 24 18558 149
21 69 23215 650
21 54 36766 141
21 98 164723 136
21 57 8133 78
21 88 4600 149
21 81 10454 57
21 2 22178 141
21 48 43320 505
21 85 12962 387
21 86 172421 209
21 55 21091 129
21 72 10242 631
21 14 23495 30
21 65 8820 135
21 40 65192 34
21 97 40629 55
21 16 8838 26
21 28 37181 195
21 80 33703 59
21 73 9151 13
21 74 106500 244
21 100 40166 65
21 38 24543 7
21 47 7016 182
21 83 19332 95
21 79 43363 50
21 4 43371 23
21 11 18681 172
21 35 34114 3072
21 15 13467 240
21 27 55185 564
21 26 8858 103
21 95 4744 423
21 99 41967 35
21 23 83884 76
21 61 28650 112
21 66 7309 783
21 30 30134 42
21 45 22019 138
21 46 12249 405
21 62 37525 32
21 49 3521 26
21 17 36893 135
21 56 5162 154
21 96 55498 106
21 32 14786 345
21 36 71055 154
21 91 29206 129
21 39 33060 52
59 50 29302 44
18 76 22119 78
34 5 52665 164
77 66 49360 180
93 39 9312 285
39 63 9177 316
49 6 30451 69
87 4 10226 238
55 73 27712 849
51 97 7825 48
72 76 39537 167
86 43 13760 40
10 65 44183 98
64 1 34352 104
64 54 21840 96
48 30 8518 76
85 70 51630 693
98 55 22178 115
71 18 19125 136
59 39 145598 93
49 29 15748 51
17 94 46999 122
8 51 52142 145
22 21 3996 268
7 21 49168 1802
61 27 36194 521
8 15 37772 114
8 4 20924 623
27 92 8994 17
100 20 30407 126
98 90 89380 85
30 29 13723 1603
2 24 40556 212
62 2 22128 409
98 66 57578 244
75 31 25043 83
19 48 14323 187
92 21 246684 226
20 100 43228 728
86 15 10398 419
95 97 19683 366
55 66 15523 341
61 47 11958 40
56 59 67689 140
89 13 7438 434
52 26 7747 226
83 73 6588 222
30 83 81005 748
8 40 19409 20
18 41 77811 256
4 21 14123 94
66 2 41859 252
98 12 144756 454
33 37 17875 594
42 53 13785 238
78 70 41734 39
55 47 1775 266
6 58 47458 145
93 79 11018 617
59 21 53552 255
59 82 14160 36
95 54 29588 125
60 27 31021 152
35 53 58258 430
67 41 28161 58
48 42 37675 223
20 62 141727 43
9 77 10422 31
11 19 76236 670
54 46 16822 117
20 27 18326 152
37 80 21150 322
92 37 92715 294
4 5 29381 92
38 19 33836 60
64 77 50438 44
81 36 75507 173
55 80 12163 115
87 86 207303 324
90 26 58145 99
67 86 18064 186
17 90 41627 44
20 5 23364 230
72 100 15137 148
25 60 44612 382
25 56 37927 249
58 43 130183 24
96 28 53015 610
34 92 35291 260
56 29 62888 454
19 34 22152 134
45 61 23450 21
8 37 32607 358
92 73 36451 45
41 16 65563 66
6 66 19760 170
7 31 42254 200
65 1 14682 45
34 41 49743 27
16 60 21633 465
2 52 66052 100
61 19 25863 510
45 14 4467 384
52 63 35048 354
23 71 18144 371
33 18 9948 537
52 83 55325 88
97 23 61042 248
42 86 77490 109
99 16 44518 157
79 88 28889 18
52 42 8311 89
34 28 48163 107
54 5 156534 50
5 72 18698 731
25 15 13844 190
18 28 28031 399
8 43 109132 282
1 48 31569 389
14 68 15426 24
8 25 14502 314
10 12 20279 147
83 92 30345 87
60 13 12618 141
77 41 18267 34
52 67 34671 1156
71 99 9048 109
17 64 60814 165
73 60 76618 1123
16 84 22508 427
70 24 19824 397
69 16 6152 71
2 16 15699 481
16 63 62231 76
56 18 104948 108
60 33 20319 607
7 82 12588 58
86 100 47643 85
34 55 17278 300
8 92 51524 125
96 45 74905 242
4 72 19362 61
22 39 19654 206
20 98 6630 96
1 33 115456 54
75 91 45758 68
16 51 7168 723
55 12 5978 254
22 80 15027 52
78 62 29920 738
71 98 11491 288
50 59 30438 142
35 62 8279 627
33 15 21488 132
18 8 55801 77
10 46 57502 66
12 48 3674 106
51 99 83200 205
38 23 50178 305
79 33 12018 421
73 93 52027 113
44 99 36767 47
40 32 4802 60
77 7 41929 136
56 76 33268 323
14 52 25802 139
4 1 29470 1041
83 71 11760 213
4 20 10501 252
41 24 42830 138
20 67 123969 91
30 11 13590 300
26 44 35609 247
57 85 12670 69
97 88 85341 413
22 92 59114 26
9 83 27084 325
16 52 45945 254
97 67 27564 487
8 31 8546 62
43 81 57712 318
3 43 32736 176
39 60 12454 92
65 35 27189 19
18 38 9116 356
12 1 39625 330
2 78 7929 63
27 99 69373 618
91 73 2353 247
13 66 17202 249
90 82 19384 481
4 38 107385 564
56 98 15975 237
28 32 6624 88
30 85 32221 340
83 90 61205 40
4 22 122900 37
89 8 21431 457
63 66 5906 102
50 44 36315 120
21 2970
66 503

3676427
