100 299 1 1
99 47 137573 346
99 98 47733 47
99 6 18672 245
99 97 5292 51
99 21 7215 84
99 92 28413 234
99 43 92035 452
99 95 13865 18
99 89 41567 147
99 39 12428 142
99 79 6916 104
99 69 10227 150
99 24 3781 163
99 35 22524 109
99 9 582480 406
99 48 26474 309
99 72 4338 137
99 90 6839 382
99 68 57544 61
99 25 76244 155
99 31 358085 141
99 27 12241 595
99 83 14674 397
99 53 33085 263
99 55 115035 109
99 13 153850 487
99 44 42910 744
99 49 3616 314
99 88 15948 378
99 30 19452 285
99 96 19244 1435
99 11 11746 288
99 66 22404 106
99 17 45756 279
99 80 70169 313
99 36 3255 49
99 42 16200 138
99 85 27012 95
99 76 21481 44
99 100 22815 924
99 50 18413 189
99 54 22329 247
99 38 20157 66
99 62 163132 159
99 91 13109 89
99 63 18669 80
99 40 41470 181
99 67 11817 554
99 56 7328 672
99 2 27158 341
99 26 6503 272
99 32 29320 66
99 78 15026 23
99 12 6853 273
99 93 61955 64
99 14 25900 832
99 81 37950 33
99 86 39976 79
99 16 9797 244
99 22 2520 73
99 3 37760 686
99 73 124015 170
99 41 18070 301
99 51 27647 63
99 57 12733 121
99 20 3080 26
99 28 56692 105
99 61 12081 15
99 65 4405 517
99 46 104795 134
99 5 23325 349
99 59 43659 42
99 19 50145 138
99 4 10794 403
99 1 3695 130
99 29 65264 319
99 34 11766 227
99 70 76297 231
99 74 30783 219
99 23 26199 116
99 45 188918 162
99 94 38646 65
99 75 6478 43
99 71 10259 87
99 52 11531 56
99 60 44334 897
99 77 23379 103
99 37 7565 204
99 8 23675 141
99 87 71536 268
99 18 11050 125
99 58 222242 40
99 84 9403 69
99 82 55027 243
99 10 14610 43
99 33 23856 734
99 15 33839 308
99 64 25750 339
99 7 72109 153
87 34 16267 633
26 3 19140 158
27 100 13161 14
38 29 23049 62
90 84 3793 55
49 65 136297 680
43 99 199308 70
23 48 57677 128
97 43 41323 45
94 39 211014 131
70 10 27412 70
81 76 5204 180
73 36 45135 356
40 3 10956 86
89 13 28539 99
46 38 78233 190
91 8 27321 21
25 26 67206 24
90 92 6834 461
89 63 186110 64
25 1 8025 109
54 60 12851 320
62 97 1124 575
3 20 30282 453
28 1 16075 57
5 12 13194 112
26 46 55644 340
46 91 30276 120
15 83 162391 496
72 6 21510 171
79 55 32350 346
5 45 6786 246
9 75 1764 299
92 67 4240 895
89 39 13277 168
40 2 26708 177
28 13 1435 143
1 53 39618 157
53 57 57728 190
12 47 23043 370
90 34 10899 77
31 97 3401 60
25 46 16479 284
55 61 95690 168
96 77 2914 145
24 52 209437 108
91 9 24060 494
58 54 5032 413
65 88 142934 506
9 41 16081 21
98 14 31368 32
82 45 56418 238
73 75 3759 122
63 85 19018 54
5 71 10814 16
4 92 13572 387
20 98 32523 776
27 43 928162 466
93 94 41130 614
56 68 7377 774
91 54 30932 70
87 82 51245 6
21 23 164372 700
52 10 41972 135
32 9 6550 55
18 72 19262 85
31 80 16824 55
90 31 30992 102
54 77 25685 292
47 59 21484 166
15 42 11405 131
24 51 13338 115
73 70 179528 69
100 86 50000 94
80 66 12809 91
61 54 26870 216
37 27 22510 67
47 8 33686 126
35 77 15225 424
64 9 28651 286
42 17 19460 238
12 30 35414 181
38 60 4295 438
91 99 14695 81
79 47 51442 171
19 84 2829 241
18 38 11727 88
49 81 14546 463
8 16 11813 376
41 76 19242 455
5 43 12398 70
1 19 31044 100
61 41 18354 149
82 55 12470 352
37 25 7344 73
74 73 26496 155
23 78 42892 31
4 100 7502 629
63 84 5612 146
36 61 2136 174
42 92 35777 105
92 80 4897 1012
56 84 23888 171
66 63 71264 378
22 78 11862 164
23 59 29088 294
55 23 18369 112
10 62 19528 70
69 63 13765 30
64 2 9464 250
47 35 106089 8
90 41 20563 319
57 36 17565 118
82 59 36632 174
4 82 11016 777
23 96 23685 37
88 7 19407 344
2 8 13909 287
67 50 39688 372
3 14 35181 113
91 78 32434 213
85 45 8235 117
88 26 26349 45
65 25 16649 201
3 43 13062 163
25 59 7450 261
76 13 59417 92
34 71 24505 281
35 23 34858 182
75 98 17322 258
51 4 10147 259
91 12 65536 69
32 3 32764 138
11 80 5038 21
14 3 60500 108
39 25 38806 491
66 53 18719 78
41 8 243715 126
18 58 61525 45
42 10 54899 173
77 47 9344 446
23 3 15121 240
72 13 25649 62
87 47 11182 606
9 42 35282 159
20 4 6908 361
58 43 27648 301
1 16 69174 34
39 47 68772 45
39 78 26468 286
44 16 7844 12
40 62 114211 60
75 11 51052 30
85 47 6695 87
28 32 51059 112
73 3 47354 37
41 99 5021 310
34 35 286084 123
78 23 24877 395
3 38 8345 137
6 7 24383 127
14 37 43559 329
14 61 30533 466
41 83 87847 803
64 65 263257 199
68 90 9830 35
11 75 20926 39
63 50 11626 170
18 65 25294 620
50 30 71066 133
64 86 69755 148
84 35 7772 22
55 11 15541 196
94 48 6693 65
88 30 1210 73
7 58 34223 301
55 35 17188 252
57 47 44481 106
98 78 26433 45
65 45 8286 64
81 11 11497 562
64 3 24881 251
30 41 16282 853
66 15 32331 48
9 69 35644 140
82 60 53616 126
52 99 14721 337
44 53 16637 102
27 1 7776 28
75 77 2893 79
37 9 45151 47
10 47 16221 12
33 7 80272 381
40 23 25662 265
13 79 309742 125
74 88 3879 56
16 90 7018 28
68 93 6275 182
94 42 7274 25
83 51 4728 143
99 198
47 170

4601537
