100 299 1 1
56 88 42554 1793
56 70 12389 480
56 68 16701 33
56 24 14227 140
56 100 5512 832
56 76 6942 106
56 27 3168 186
56 66 17766 361
56 44 42691 196
56 86 8209 678
56 13 6846 226
56 83 51689 42
56 57 146232 130
56 33 25117 25
56 84 44164 203
56 48 21713 1769
56 55 16234 93
56 80 15755 583
56 45 8197 356
56 20 2775 100
56 23 26242 50
56 95 58017 96
56 11 14614 21
56 23 4235 430
56 60 26899 429
56 35 24727 552
56 98 24603 260
56 61 88588 74
56 79 60607 148
56 20 30985 84
56 72 42973 70
56 14 17683 155
56 47 30654 205
56 51 5000 145
56 30 10457 79
56 14 26444 39
56 95 12340 1619
56 48 11242 174
56 48 19458 326
56 35 19927 84
56 9 42387 274
56 89 61880 50
56 10 2464 330
56 25 16718 657
56 33 64090 136
56 58 10386 16
56 16 10371 164
56 58 26856 150
56 3 16352 248
56 50 23620 28
56 88 17817 85
56 99 20892 589
56 35 31464 268
56 46 10974 153
56 99 47694 538
56 94 12021 107
56 21 18345 155
56 27 19218 133
56 83 10618 211
56 66 12947 287
56 2 6271 184
56 43 15115 61
56 28 61905 33
56 65 132262 458
56 4 18177 1332
56 62 15866 49
56 59 20501 82
56 37 17963 259
56 95 4300 164
56 15 26497 84
56 16 66975 25
56 40 21334 251
56 32 3313 380
56 21 19212 407
56 67 156407 159
56 66 19114 62
56 89 7768 230
56 26 17968 48
56 47 6948 16
56 72 156833 531
56 14 74807 901
56 46 69973 140
56 47 34213 497
56 63 11388 91
56 27 81984 205
56 44 22629 33
56 91 2362 88
56 4 13166 299
56 32 5351 382
56 8 5578 479
56 7 12725 161
56 19 2156 481
56 6 4501 111
56 61 32571 120
56 12 2668 226
56 87 49134 621
56 58 14094 189
56 46 4591 67
56 5 15221 67
29 92 7288 137
11 7 3066 93
44 66 9645 41
87 35 70495 463
42 78 80266 1369
37 3 34046 120
72 36 45489 595
85 73 189641 75
51 11 52775 61
6 50 23743 240
99 6 13327 1570
35 32 12228 50
10 50 11891 57
66 21 45692 80
52 85 38070 439
14 48 109626 31
40 26 526343 410
82 10 25212 153
60 54 53618 52
16 76 7377 144
57 97 11563 73
4 3 18170 110
61 46 92396 42
27 12 53838 116
53 98 16666 271
94 35 6455 87
62 80 6355 87
10 70 146392 60
35 23 39873 884
91 71 11168 201
47 94 69014 471
48 26 15851 178
86 94 27889 197
90 91 137574 241
5 10 57111 146
75 94 12775 51
46 23 11487 1001
72 79 4019 118
89 78 48142 427
64 22 18209 37
87 50 32093 234
56 78 14181 257
51 98 25980 69
96 45 24274 62
42 90 14908 95
63 6 46056 75
90 11 26338 622
23 65 59951 200
59 79 8642 90
31 60 107165 26
35 22 28640 551
77 86 27675 291
16 71 7836 24
23 75 258400 122
67 73 14242 56
95 18 122710 29
79 97 24929 39
41 13 27538 41
61 48 24848 75
12 23 1585 47
81 13 34976 41
8 12 80374 314
87 25 8607 83
2 67 19666 196
41 40 6886 67
74 15 114859 70
77 32 14652 82
95 93 28470 333
75 36 38387 353
69 78 31322 98
19 80 25390 478
22 83 16756 122
55 93 7961 261
25 51 31137 120
95 16 13454 65
6 38 7354 257
79 42 75630 244
84 8 16567 12
55 78 18194 530
7 46 47790 42
84 57 2069 379
42 17 37602 95
51 4 14421 87
91 26 8867 120
20 21 14410 208
31 32 61878 712
81 66 18804 553
57 69 10427 261
21 65 11861 81
19 88 50203 32
30 96 12502 475
1 89 15044 48
62 75 9617 569
46 70 14191 229
97 83 4050 351
55 87 11113 112
27 65 8059 41
39 66 57090 1194
45 23 7149 136
17 64 18543 321
13 42 7586 44
52 5 14494 499
63 77 40285 271
67 100 20528 56
21 58 5850 235
5 66 11868 402
25 61 17591 428
41 27 14926 123
85 32 11976 146
100 5 31339 516
16 34 223460 299
99 35 17130 438
68 98 40269 60
73 18 29342 137
6 70 3847 526
73 25 51915 230
86 62 18803 206
15 13 8741 398
88 45 26983 49
24 21 16521 432
72 23 10988 52
93 68 23173 35
38 9 30540 542
58 1 29254 67
23 16 17859 129
59 31 141219 32
73 55 17570 69
77 67 22918 144
47 85 41471 216
37 31 16082 213
71 85 8945 496
86 87 22538 98
81 50 25825 144
11 10 6740 123
18 75 9118 427
60 86 14835 104
94 31 76332 40
65 4 37038 176
70 77 5936 52
13 85 22746 77
95 65 7188 66
98 70 10629 188
2 68 143305 36
24 31 15957 609
92 74 91627 70
35 67 57836 241
91 8 14784 30
84 17 44429 152
19 7 46757 57
8 94 50944 68
65 82 10805 164
69 76 19069 1617
36 39 24567 602
18 35 24232 133
88 9 26998 46
21 27 3095 45
45 72 4885 168
34 92 21997 105
100 73 33207 30
83 12 5969 185
73 96 41831 627
42 85 73214 12
63 25 69334 103
22 40 376609 162
40 83 11948 142
30 49 11043 118
74 36 16007 50
67 93 24829 71
69 10 2923 120
85 17 8653 589
23 45 11389 274
36 73 41557 333
94 67 23070 43
61 1 43996 380
50 24 36364 137
35 79 6047 237
82 38 12981 630
93 4 28205 246
100 30 7975 221
57 11 25939 107
81 97 4180 335
34 31 14796 58
24 77 118958 747
15 23 16734 655
24 45 9274 109
6 56 72428 383
98 81 13105 23
98 46 15629 94
89 41 49198 90
29 90 3975 1634
98 38 6080 382
38 16 4886 122
8 67 18662 131
15 89 6593 157
41 67 5899 127
23 20 17345 40
5 58 12005 79
87 46 2063 166
2 60 25958 432
1 57 23107 65
56 700
23 3657

5634443
