100 299 1 1
24 76 26417 289
24 33 151994 187
24 71 19091 55
24 72 4394 80
24 46 142310 62
24 69 28281 45
24 60 14950 87
24 20 5696 96
24 10 8200 174
24 60 21404 54
24 71 40399 178
24 54 40203 14
24 50 8812 185
24 60 14805 131
24 77 29796 361
24 54 128509 133
24 44 34123 127
24 75 27972 226
24 99 37664 325
24 59 8840 173
24 92 52233 582
24 62 17671 281
24 74 15696 158
24 72 86619 103
24 1 73738 87
24 38 22346 35
24 31 15345 79
24 64 42614 211
24 88 38704 187
24 69 23831 45
24 56 39181 206
24 87 24519 139
24 22 8995 438
24 53 25192 97
24 29 22645 501
24 11 85893 109
24 21 14009 725
24 75 11372 18
24 69 17153 98
24 11 51004 176
24 8 17141 86
24 100 6053 184
24 20 14187 34
24 32 15286 64
24 47 94407 101
24 53 13508 61
24 96 30285 67
24 26 58521 144
24 10 16121 248
24 12 22616 829
24 80 210476 74
24 58 85016 119
24 79 5545 159
24 29 28438 24
24 38 4087 200
24 44 61779 357
24 52 38721 499
24 63 8637 354
24 45 32456 55
24 88 20140 68
24 47 17943 296
24 69 30238 29
24 35 35526 88
24 89 91361 102
24 96 46094 12
24 20 6912 825
24 39 15262 579
24 56 57179 47
24 39 22966 39
24 13 28289 123
24 44 73436 78
24 26 147550 109
24 97 3033 41
24 52 4646 211
24 55 128579 23
24 70 15106 264
24 54 13444 37
24 35 32933 373
24 28 34978 662
24 61 269463 98
24 12 34660 186
24 9 6472 119
24 93 9690 20
24 33 6321 410
24 29 51848 144
24 51 25447 34
24 64 25449 159
24 81 20557 88
24 64 11814 86
24 69 10338 157
24 99 19934 106
24 23 24964 61
24 57 132271 156
24 53 8262 1488
24 95 17057 247
24 17 16840 444
24 11 29438 37
24 28 8303 383
24 31 4998 104
64 24 1063 199
100 69 621 160
26 97 30405 240
48 76 105842 102
68 87 70725 215
38 7 4968 562
53 57 18935 474
5 64 6749 91
56 31 38114 133
41 31 28379 64
87 85 2840 123
16 35 7567 99
51 21 4606 22
6 100 38437 245
85 97 34233 162
2 15 62605 76
84 8 42982 23
81 46 1183 114
23 37 8110 145
98 46 18603 300
30 33 9867 269
88 50 37800 84
72 99 37365 35
78 20 132295 243
55 78 64053 94
16 85 11536 141
38 76 116172 181
4 95 18972 159
2 53 35570 341
42 44 15088 144
27 50 82141 36
59 30 28001 227
26 74 28689 580
51 54 41704 105
17 79 17808 332
19 71 4878 39
21 5 22730 18
36 69 41075 371
44 97 6739 109
76 91 9472 107
5 79 35191 111
72 43 14604 101
50 82 13913 115
38 98 10425 70
48 82 21331 139
100 12 57308 184
60 84 33061 52
6 8 8533 703
79 84 3577 76
74 16 52422 117
69 51 114708 105
31 59 11487 282
84 3 52913 43
52 79 45673 65
98 71 3609 419
70 90 29632 134
56 37 18207 45
84 36 2460 79
20 25 59715 331
87 2 16914 77
99 24 28884 112
77 88 8627 95
28 43 83021 450
11 8 30320 588
66 57 26634 168
23 61 4907 260
78 71 50593 241
84 12 10573 372
28 63 5096 581
77 22 68935 129
73 40 60562 451
34 20 9764 207
26 14 15005 228
100 79 33006 96
69 17 11848 35
31 100 65410 161
70 9 89773 154
34 30 6621 457
58 69 13404 169
96 19 28762 119
15 27 50662 161
50 96 24533 41
66 37 13132 705
34 33 17516 34
58 20 7335 147
66 62 30615 277
75 22 8267 174
50 21 20166 133
13 44 12660 230
79 78 44329 86
68 29 79762 456
25 5 16802 329
5 99 8738 245
61 26 85961 103
6 5 36745 143
46 3 150429 32
62 97 65998 28
68 86 22050 327
38 16 4066 330
43 12 5398 100
71 9 80351 162
75 12 59296 77
19 58 5159 69
30 81 12560 255
100 86 20931 91
78 73 24994 54
70 7 31921 258
15 22 248142 13
75 41 77021 56
85 100 56500 640
11 30 14361 436
43 2 40580 122
69 41 33587 46
40 50 13012 80
43 62 23269 1602
69 83 48639 127
45 2 41034 113
51 82 15351 37
87 39 38279 626
44 32 36454 237
5 81 140794 250
68 38 14081 780
21 97 3463 59
31 4 14617 294
42 64 4392 32
65 64 30831 229
74 99 3848 25
18 88 94848 292
63 33 7813 164
89 66 9145 320
89 29 32976 506
34 67 1412 74
86 10 24977 254
8 25 24599 117
44 94 26987 64
11 12 30471 47
49 2 20396 517
27 91 11775 134
46 26 25966 102
94 58 23397 137
12 75 46254 123
50 65 8737 155
94 43 28867 369
92 31 69442 70
40 24 3261 65
66 3 43358 449
77 27 40562 843
90 4 32375 167
79 99 4568 66
72 38 10272 44
89 92 10932 79
29 58 97233 119
85 21 25019 576
19 23 15360 35
94 52 5081 213
44 18 17283 129
46 96 8212 49
80 2 17714 113
17 7 12166 52
8 7 13785 50
83 57 12233 420
50 32 16639 275
90 50 9882 148
33 31 108655 247
76 26 11458 121
30 47 19728 34
58 33 32874 298
27 2 8121 215
99 84 21098 25
92 86 4068 399
35 47 43899 43
34 66 9518 140
20 12 48247 358
81 80 47204 55
53 8 39287 64
39 8 11641 208
73 39 131960 6
15 5 24778 409
78 39 57429 90
70 13 48001 46
61 96 6792 41
36 92 16107 560
11 52 5847 137
22 79 47040 392
2 11 54856 153
72 32 4244 48
29 16 9577 68
30 28 28837 96
91 64 11300 231
75 7 50735 144
19 56 30053 1096
25 41 12452 975
95 42 11886 120
42 2 71858 746
19 96 13342 131
12 87 34660 17
76 82 19763 258
60 19 9991 94
29 68 38306 24
14 90 7184 24
24 297
69 887

2484146
