100 299 1 1
19 21 91288 285
19 70 140055 4776
19 22 53262 122
19 56 5181 204
19 89 12522 453
19 68 143405 334
19 59 24246 103
19 93 24937 156
19 71 16409 112
19 18 26496 203
19 58 15587 107
19 32 25424 123
19 96 3402 60
19 65 14433 42
19 69 163503 51
19 99 16602 92
19 82 14754 308
19 49 26962 309
19 4 24426 625
19 54 26939 35
19 25 68119 210
19 1 44613 1355
19 77 38866 319
19 95 12593 199
19 31 27153 139
19 46 26326 182
19 26 115872 29
19 23 9359 116
19 16 17852 901
19 6 13493 207
19 64 32121 7
19 9 7021 235
19 37 15110 166
19 27 13232 98
19 12 20617 40
19 7 114973 96
19 66 6388 591
19 98 24594 39
19 100 4543 38
19 24 7972 148
19 17 22412 17
19 43 60136 39
19 50 107790 247
19 73 30588 188
19 47 6526 61
19 84 26774 125
19 55 7901 43
19 88 5530 540
19 45 9402 35
19 83 6337 144
19 14 37722 43
19 8 12843 226
19 29 57036 574
19 80 8227 68
19 63 217561 56
19 48 86523 215
19 52 8302 222
19 75 41776 216
19 74 144440 243
19 97 18880 287
19 40 7273 212
19 79 11734 42
19 76 19851 263
19 33 11208 140
19 90 20204 99
19 61 8844 201
19 20 48993 901
19 35 11096 229
19 53 11334 346
19 36 15508 225
19 85 23208 153
19 92 236091 40
19 11 88446 202
19 13 39152 225
19 67 59138 64
19 72 453324 33
19 30 30874 376
19 81 4380 216
19 15 68903 241
19 3 24712 52
19 39 9981 10
19 60 158286 68
19 57 49695 752
19 44 10676 96
19 87 6483 245
19 5 57705 38
19 2 65792 599
19 41 15300 74
19 94 8450 76
19 10 48507 115
19 78 121271 391
19 62 41038 170
19 42 19563 500
19 34 10750 111
19 38 214474 129
19 28 36726 145
19 51 76425 104
19 86 48612 28
19 91 15665 183
3 29 56417 110
13 70 25648 64
60 36 7478 25
48 26 21133 86
90 73 12468 42
32 87 11178 472
46 77 12818 48
69 14 12718 138
14 72 33794 2132
15 20 16464 795
38 66 67119 68
95 90 4139 62
51 34 29878 138
42 7 43704 807
8 50 12177 180
100 77 33845 216
96 36 44155 151
38 52 15070 100
73 87 42188 162
24 96 17229 12
72 15 33946 39
68 20 162249 642
89 53 169158 265
47 65 27094 14
9 6 6521 258
85 68 3181 102
51 33 4904 145
80 50 27865 981
29 61 16155 99
88 37 5181 38
79 38 15425 25
48 59 8939 281
68 63 7342 72
56 40 18522 89
67 32 15259 39
81 58 21832 36
88 13 6907 134
65 78 21750 81
37 10 32140 35
31 56 31085 41
38 31 3544 615
62 99 24989 95
43 72 12315 296
96 94 20872 369
41 79 8115 459
74 42 34487 610
35 39 221484 457
73 23 18246 109
91 11 22576 394
55 52 10527 93
6 30 30048 80
70 8 17921 159
66 67 11436 112
18 48 14137 94
30 95 85180 129
73 46 46509 141
41 68 9760 265
22 25 44551 122
12 49 39923 1031
51 82 42073 156
55 90 64202 82
13 62 26567 284
68 37 9381 207
65 8 21302 51
50 89 7944 285
14 62 2848 47
16 53 142388 213
13 93 19053 143
73 25 32782 159
53 71 21349 256
33 23 24799 14
21 41 11669 104
93 30 2548 132
82 22 6804 518
29 85 4567 35
50 96 9413 47
21 45 34872 634
48 32 21836 107
80 51 14724 54
23 59 6473 978
50 77 178739 361
27 95 16840 124
87 63 25803 413
3 30 154207 211
53 31 52161 579
80 63 4613 307
10 98 11283 35
66 28 60015 379
100 15 82404 142
54 3 19116 88
65 7 13283 39
82 20 4997 122
37 51 98555 569
23 53 2763 336
5 30 1190 258
76 62 17915 24
7 2 18548 195
59 96 128335 637
88 74 32793 92
93 73 21694 153
85 75 140023 413
34 56 6436 137
42 10 23346 325
45 33 20215 69
45 72 8678 98
35 33 11542 51
26 9 6492 129
1 28 29651 351
94 78 33254 336
57 18 286672 266
49 64 48760 191
63 1 10096 251
51 13 7319 272
44 23 12320 394
74 15 10839 444
62 65 38548 328
9 69 76522 489
56 60 15456 172
57 88 26666 444
42 95 32755 364
87 72 2941 154
29 50 16379 89
7 61 107795 70
72 50 22143 55
32 48 63887 78
10 86 30201 51
81 21 8547 543
70 20 9410 675
25 11 17587 115
66 4 32948 1859
3 25 8984 83
91 84 81474 178
71 95 24955 147
62 82 32467 18
13 98 98392 459
59 57 11712 360
18 25 29547 974
100 99 2555 59
64 88 8838 130
51 40 17999 27
45 73 28881 72
98 17 12598 208
53 33 5281 181
73 89 5668 232
17 59 51027 34
62 50 9189 303
16 71 17461 173
93 64 11480 69
67 41 12181 378
58 77 84694 112
100 35 301854 333
63 6 6705 261
52 34 21440 423
8 94 12212 258
22 39 11336 655
20 98 14938 49
64 2 3374 286
39 44 38370 218
12 93 13481 280
78 54 21791 246
18 45 3840 391
85 91 94188 432
76 72 7108 245
77 74 34493 215
32 99 85998 414
49 73 5528 863
72 90 43791 35
15 97 13047 55
47 26 13465 172
97 74 63087 423
98 3 14397 108
17 7 3567 703
71 77 17262 880
51 64 11699 572
64 50 111381 241
15 83 22006 79
81 87 11597 198
34 64 38823 268
31 55 9635 165
14 80 9064 91
79 19 77304 14
28 13 26446 167
41 81 10439 128
78 91 27542 132
33 83 19179 206
27 10 4689 25
40 72 52114 140
17 5 9652 116
89 49 7202 137
54 15 15944 79
58 90 13549 77
53 63 24894 271
36 11 15652 46
1 100 11186 39
8 85 16417 357
78 62 29605 818
33 8 37031 140
9 23 30389 64
43 19 23993 122
27 91 29249 60
19 297
72 85

801040
