100 299 1 1
11 83 31608 37
11 6 41095 59
11 46 49081 205
11 70 24720 121
11 5 4562 273
11 23 9547 509
11 92 217648 218
11 76 8353 181
11 22 15995 72
11 75 63777 769
11 85 6677 631
11 19 38781 101
11 37 17018 35
11 18 39148 640
11 35 5010 20
11 73 17352 94
11 66 10891 181
11 41 44190 203
11 52 39163 126
11 57 27517 75
11 60 71146 475
11 71 41518 21
11 58 16738 960
11 10 3696 28
11 36 7960 79
11 29 60074 205
11 86 22383 86
11 79 9556 336
11 51 10109 252
11 99 18166 220
11 33 21556 339
11 98 2266 131
11 39 8404 964
11 100 8494 169
11 17 37874 132
11 59 2334 108
11 24 8048 76
11 89 4593 378
11 7 19105 251
11 50 2101 730
11 21 8648 114
11 1 16356 81
11 13 124232 154
11 55 36293 132
11 80 27678 303
11 82 18604 20
11 97 11663 35
11 95 7581 11
11 30 80496 42
11 2 5997 150
11 93 7177 128
11 15 49548 178
11 26 37927 33
11 4 99998 490
11 27 17101 134
11 44 24134 65
11 68 16306 191
11 87 20482 79
11 78 11383 463
11 8 17886 573
11 40 29407 38
11 56 42525 122
11 12 109715 161
11 32 149666 97
11 3 52015 855
11 14 34773 430
11 88 41132 787
11 90 34446 99
11 42 67550 335
11 43 3230 70
11 49 30095 105
11 53 119058 72
11 48 37642 306
11 16 22267 80
11 62 11430 521
11 84 36696 315
11 31 12021 67
11 65 43657 192
11 45 22172 344
11 94 35114 284
11 74 12152 188
11 47 10768 93
11 38 85008 37
11 28 29209 261
11 20 3793 156
11 96 20680 367
11 63 33884 995
11 67 12364 58
11 91 11777 25
11 61 2359 114
11 54 43570 79
11 25 28423 69
11 9 16740 291
11 72 18987 252
11 69 63989 174
11 34 25301 50
11 77 84641 139
11 81 17746 76
11 64 41088 92
29 43 11601 134
12 57 60375 235
32 7 14567 212
93 74 17314 207
13 31 50667 160
13 30 8347 79
2 6 16583 154
47 2 17453 42
39 23 9969 187
10 90 34679 663
62 50 4660 179
73 67 31505 1067
100 85 72520 122
85 75 20492 141
40 22 10860 49
3 43 57155 142
50 53 38586 1029
57 22 50866 41
16 76 30880 87
63 22 15822 87
13 5 12181 243
3 73 54601 82
86 28 28300 86
80 22 15690 288
45 7 10089 739
90 52 71641 62
65 76 65265 48
5 51 35818 54
38 1 6337 202
35 85 29522 20
38 18 25411 696
91 12 20808 180
7 26 20619 565
22 4 23953 51
73 3 21103 83
75 73 44648 81
41 48 8578 576
18 29 25873 308
78 64 42156 203
86 18 8617 163
53 99 47575 332
72 16 46654 151
80 40 17881 221
47 29 59682 77
51 62 28011 173
19 8 4387 106
92 60 5724 244
78 20 33015 918
100 39 62595 28
100 94 4615 207
85 91 5129 129
67 21 30926 227
35 75 106751 127
28 42 38070 301
56 41 18143 53
79 87 27120 144
22 35 47209 693
44 26 49688 312
37 29 64142 534
47 53 28536 79
86 71 5026 412
44 53 118473 135
25 74 6100 109
53 30 8500 67
19 1 30313 124
88 48 25401 138
29 19 5638 244
50 18 125595 168
37 44 191133 118
3 87 56388 168
87 13 10812 54
56 7 14894 42
45 76 8366 84
99 61 30777 358
61 21 12213 183
44 77 3256 421
72 46 12394 726
89 54 13656 265
68 32 11803 113
95 41 12738 219
74 1 26858 577
23 15 81665 184
27 23 6548 195
94 54 24911 297
34 71 17812 163
40 70 24040 189
24 34 31673 69
41 65 46671 150
27 1 21058 418
49 88 32896 190
67 25 10824 482
58 9 7149 298
60 34 1801 39
4 29 4433 182
65 94 16542 161
5 89 17722 662
22 51 34144 118
7 70 69139 162
46 50 141190 287
77 45 20868 99
4 18 10360 108
41 83 13135 269
36 3 7204 507
25 30 80400 160
14 93 15317 234
10 59 22020 46
53 16 121471 237
96 85 8919 423
73 88 28547 66
88 49 6446 93
56 96 34389 434
57 29 53316 452
7 54 12072 96
1 79 37967 116
22 45 24604 132
35 78 13405 89
96 14 31289 64
5 69 45115 1431
22 73 18471 276
79 1 43496 105
62 33 7149 348
21 31 11426 118
76 32 47078 897
13 99 18276 1889
72 98 31114 188
78 59 90130 43
58 5 15324 327
44 78 30149 85
81 63 49310 233
13 65 8129 92
84 66 9400 99
1 38 9328 963
65 73 33633 222
19 6 91715 733
52 45 10117 275
31 69 10729 48
26 68 49263 174
71 12 17297 497
22 65 228359 80
14 81 14080 196
57 97 13441 203
20 99 15847 933
69 77 17208 425
98 12 4618 119
34 42 10649 78
17 45 24714 61
56 26 13232 8
7 93 98489 512
10 7 14798 400
6 80 2470 17
29 41 5379 589
9 72 5768 515
49 80 8449 164
92 96 25632 38
47 1 29049 698
85 83 74612 56
100 8 22778 397
60 98 49058 95
64 77 19746 575
59 47 113235 196
39 16 33932 1027
40 79 7205 107
60 25 7331 272
7 29 2483 362
82 77 15170 434
73 11 35303 56
30 64 8048 95
25 3 14089 391
3 58 190160 214
16 59 75454 165
8 80 105798 150
95 60 14117 749
40 61 61524 581
91 36 13249 159
36 75 60051 72
69 17 30859 166
87 29 40652 943
60 46 2851 56
29 75 12870 50
75 70 9217 984
98 80 4031 266
10 70 80232 66
34 40 12204 164
13 14 1991 525
65 39 30821 190
26 76 16659 209
8 18 4702 66
54 28 6222 426
70 50 13211 134
62 18 39268 67
43 62 49936 156
25 66 101054 338
64 89 25500 35
96 42 63703 1310
36 2 17880 49
21 3 18399 586
60 63 87930 44
22 10 129889 53
67 20 10355 384
95 81 7640 130
11 2277
29 482

14522172
