100 299 1 1
59 44 24060 156
59 42 37924 37
59 34 2501 275
59 5 48665 356
59 3 32782 128
59 61 16837 119
59 74 48700 167
59 98 28251 13
59 39 237811 190
59 27 37695 139
59 90 543719 75
59 71 10061 407
59 33 4844 310
59 77 31593 19
59 56 12843 43
59 31 11105 23
59 82 38838 219
59 18 14317 41
59 62 27314 71
59 11 5666 75
59 73 6528 295
59 12 21185 53
59 45 13181 40
59 96 25316 229
59 79 7238 196
59 65 36823 244
59 36 24037 183
59 38 5608 98
59 1 10562 177
59 14 17666 46
59 55 12092 160
59 16 309619 143
59 58 26919 80
59 91 18521 331
59 8 101352 118
59 51 13737 312
59 93 21908 632
59 43 41325 174
59 67 11506 48
59 63 25203 387
59 99 5640 60
59 84 2431 197
59 69 184171 240
59 85 74040 343
59 83 3984 87
59 15 77009 53
59 6 21534 703
59 66 4059 195
59 57 18081 214
59 76 14924 66
59 64 30506 60
59 30 145728 168
59 35 17616 86
59 7 24635 128
59 23 278068 777
59 40 31668 81
59 17 39059 302
59 94 4526 1342
59 19 12065 171
59 72 13954 81
59 2 6576 147
59 24 19979 12
59 50 76106 176
59 92 29573 81
59 9 65375 159
59 100 40391 182
59 25 20254 219
59 49 18229 39
59 60 29096 810
59 89 15562 16
59 47 8539 262
59 68 22661 15
59 78 58292 43
59 32 22944 329
59 20 38615 86
59 80 40233 58
59 46 38156 1012
59 54 47494 103
59 21 6900 26
59 10 30757 36
59 37 2839 30
59 48 9615 325
59 97 2317 661
59 26 68508 153
59 53 65848 561
59 81 25129 242
59 88 9430 250
59 13 57095 1072
59 41 20747 39
59 28 6383 299
59 29 29910 203
59 4 13379 129
59 75 105384 286
59 52 22289 78
59 95 18533 293
59 86 11622 84
59 22 15449 422
59 70 359626 313
59 87 26817 32
70 10 33862 394
29 47 53854 165
22 31 15481 201
22 78 19187 67
27 17 152585 23
38 88 20952 122
16 95 105248 278
48 71 40372 160
55 26 10722 162
75 43 37087 273
56 60 18747 1049
77 87 11220 184
16 40 27448 72
92 1 46396 310
40 98 25036 116
17 64 39284 66
7 100 46594 175
7 47 25664 394
74 44 78785 74
40 60 38784 164
72 27 6237 92
75 50 31401 72
27 90 50999 178
12 36 16242 58
39 9 25663 171
37 19 13093 135
86 43 3805 360
15 67 59177 207
75 87 59094 254
37 18 8303 40
68 98 39739 146
92 82 21091 814
92 12 107711 216
43 78 29919 250
3 33 57000 40
69 51 266681 316
21 17 115171 181
99 76 32284 382
49 7 26525 320
17 4 47487 329
86 30 31355 21
62 87 102766 87
23 98 7298 60
41 43 32578 828
53 22 6455 233
14 2 7398 45
51 86 64637 81
17 95 7673 57
14 23 104468 502
18 96 18225 248
34 61 29647 148
98 100 26989 103
88 93 33502 170
46 35 14904 280
91 23 16492 75
16 37 85593 217
30 16 18698 235
5 66 20363 82
16 31 42943 387
99 2 15919 210
24 3 22107 40
4 96 45754 98
30 63 26700 649
56 20 23110 56
24 40 24244 133
63 44 40285 64
55 4 84993 292
70 52 159441 66
73 66 90492 134
80 31 7719 140
85 65 73744 86
28 65 34967 130
98 15 4977 109
3 41 42180 849
87 47 8862 116
75 78 10796 66
80 26 28266 377
46 11 80945 169
70 90 3842 594
100 33 33311 116
86 6 4781 136
70 24 22813 127
29 9 12352 127
2 99 118485 90
72 42 23436 132
30 59 25194 11
64 67 26598 113
58 50 31336 788
73 26 12968 131
2 58 10497 32
21 14 26162 102
81 24 153864 173
83 100 39666 107
50 93 116697 92
13 82 4171 331
100 85 67556 117
62 99 24157 69
87 19 8600 33
80 8 49953 1032
55 92 9737 83
6 38 8374 22
9 42 2793 329
30 72 8457 359
55 87 23289 1579
40 7 18261 43
33 17 9229 792
14 42 33355 444
19 65 37036 63
9 22 50680 108
73 97 20280 223
94 22 106733 138
48 72 22088 100
49 48 64546 152
48 100 71222 634
9 52 30513 229
54 47 68128 17
46 25 5450 48
79 14 21224 62
75 40 2496 106
30 32 17749 44
91 18 60164 110
61 95 10011 60
74 73 100963 46
8 29 3238 265
38 74 169219 66
54 71 17650 103
19 91 14384 29
61 55 56864 102
53 65 13337 205
25 15 9957 363
43 51 33283 77
73 55 45892 129
54 75 7381 185
35 66 8915 88
58 13 5191 38
43 100 28438 144
64 87 72948 201
63 18 15400 143
95 36 51515 658
81 69 116672 251
32 65 12122 89
65 31 65628 1054
22 80 10771 178
98 75 22120 938
53 21 170130 1104
19 30 7677 535
81 38 47247 100
96 27 14022 36
71 68 57174 141
23 57 14167 332
18 5 11843 23
94 1 24748 136
56 79 22467 110
23 11 22583 38
14 57 29458 337
36 32 107522 256
13 58 41460 229
90 17 66701 35
20 72 8360 266
8 30 26334 1252
7 9 29941 115
5 95 18906 249
32 9 217407 453
80 79 5540 47
41 14 79885 191
34 40 21217 347
58 72 45324 99
54 40 31368 768
69 76 37725 70
87 89 202680 452
20 32 13588 42
10 67 44706 333
9 29 6369 44
17 15 37855 343
24 16 39656 149
7 4 17678 15
7 69 11729 212
53 68 43702 44
36 28 111998 695
10 9 11996 133
52 44 13631 349
54 89 57292 90
99 71 6050 69
12 64 6926 913
25 58 5628 209
17 44 24508 92
35 91 54317 98
42 35 102520 391
75 38 9956 56
79 77 40378 100
15 63 15005 257
55 30 40218 66
56 72 96401 198
87 17 21867 1088
94 74 88297 147
77 68 24984 140
57 80 116521 292
80 92 5042 439
14 26 13921 666
6 18 19350 114
59 396
100 154

6220214
