100 299 1 1
18 5 37062 143
18 41 10661 82
18 95 11385 737
18 81 81066 16
18 45 22059 292
18 14 20021 99
18 55 76698 55
18 21 37930 234
18 86 7351 149
18 39 30637 150
18 61 12652 146
18 85 12588 134
18 77 19388 104
18 48 21125 466
18 78 30805 78
18 50 10056 106
18 9 21030 60
18 58 31578 41
18 91 90677 60
18 6 29981 69
18 25 15644 304
18 12 27221 140
18 7 32180 38
18 13 5254 245
18 52 21071 76
18 93 16687 221
18 89 161959 261
18 49 10631 44
18 60 32488 936
18 36 57210 95
18 17 32957 543
18 27 43803 67
18 88 56094 213
18 56 17210 77
18 42 80435 218
18 94 11316 180
18 97 17167 256
18 28 16951 395
18 4 22298 347
18 19 26937 390
18 70 17323 248
18 84 4516 91
18 71 9502 140
18 23 13629 101
18 3 46408 65
18 8 59947 26
18 54 3856 412
18 62 8392 162
18 100 5887 226
18 65 25070 182
18 1 5414 109
18 31 29763 216
18 98 66729 235
18 67 28830 122
18 29 15404 94
18 47 2701 928
18 90 11104 240
18 32 38527 347
18 43 72464 450
18 53 5154 23
18 83 67276 26
18 40 112537 198
18 64 11027 171
18 66 111139 14
18 69 45720 114
18 30 13849 392
18 99 34769 64
18 73 14469 144
18 68 7586 50
18 92 9867 357
18 59 35859 48
18 46 34929 248
18 24 112852 161
18 22 89450 51
18 34 19679 52
18 15 17858 281
18 76 39759 466
18 51 23654 132
18 57 32818 418
18 38 63700 93
18 16 11337 130
18 79 14835 564
18 63 24187 401
18 2 17752 65
18 33 86951 55
18 72 19120 113
18 10 21778 74
18 37 24895 8
18 75 8179 102
18 11 80659 136
18 74 37280 37
18 87 94535 224
18 20 20599 40
18 80 26599 448
18 26 8090 246
18 44 12237 488
18 35 6709 175
18 96 35814 125
18 82 55715 220
48 60 13595 61
41 79 29172 414
27 30 5812 577
37 24 8591 2255
10 48 35880 155
79 39 5454 46
24 99 3780 69
85 11 70109 539
77 35 10947 397
50 98 18375 199
74 85 22100 66
68 23 7996 141
71 73 8126 261
35 51 23302 231
93 54 40543 107
71 96 147378 210
34 71 1915 2987
65 72 26706 933
2 97 25562 282
63 33 24429 49
83 32 11764 103
87 54 37609 80
47 90 15052 156
45 43 61039 20
70 36 38345 190
66 9 3851 110
43 3 163049 168
47 75 186905 741
96 22 14779 710
44 87 65044 223
62 72 15640 12
79 97 29176 848
14 83 15118 78
47 69 28135 81
78 24 12209 59
53 39 2657 252
96 65 17397 166
28 74 30214 231
89 27 9159 140
68 20 52346 60
31 41 41506 982
46 11 15072 56
63 73 20363 163
14 70 15314 53
67 73 11203 617
35 31 17573 107
68 39 11334 866
25 76 13652 134
23 58 27822 174
42 29 5745 130
29 38 24261 18
32 5 31134 151
78 8 14850 101
35 37 360385 326
19 54 32004 34
36 15 18358 62
4 49 100498 475
87 10 66280 401
87 33 18866 74
99 25 55265 44
88 72 30765 82
4 60 23461 517
51 29 4709 120
85 2 25651 66
20 86 32488 35
99 16 27522 199
41 15 3242 332
24 32 56166 25
44 60 14006 295
86 72 53137 191
96 75 37112 324
95 16 13601 56
52 86 30557 148
5 41 2179 84
57 89 17904 130
32 42 6120 102
20 5 23604 290
95 11 16362 439
73 23 38829 754
34 79 5574 109
19 36 7456 230
49 93 62944 572
29 12 11639 106
69 20 4969 110
73 92 36258 183
92 22 21755 49
91 41 6480 250
21 47 25836 574
64 12 9409 69
5 58 37663 56
62 30 25099 409
93 77 9844 89
23 68 11008 308
55 22 6322 21
56 1 11172 196
75 43 9275 346
53 48 14805 90
45 51 3069 487
39 95 21521 571
85 30 17736 226
99 71 6382 129
76 93 53080 473
93 31 11463 88
47 73 87290 1204
83 35 29507 326
40 69 57582 155
72 55 32589 21
60 50 102510 74
78 90 16660 200
69 99 71454 75
42 35 18210 341
87 98 93938 161
3 75 20549 77
97 67 150970 31
26 80 20139 600
72 11 31720 193
49 52 14114 336
24 63 48979 183
53 81 23335 149
27 8 73179 282
38 55 8614 252
80 15 13321 139
36 3 27549 96
76 24 19541 63
60 43 7433 150
75 20 9328 83
82 86 25927 347
57 76 57651 72
46 99 5215 537
96 95 39367 74
32 25 39640 137
73 5 8130 81
30 12 11606 135
41 85 5767 603
27 73 134645 1297
7 16 3667 276
14 38 15130 688
95 80 11397 66
49 54 29522 1099
34 50 189749 72
53 35 16356 136
52 54 24027 15
54 50 4269 25
5 34 31830 77
67 10 7244 668
44 30 7991 274
51 54 30245 1447
80 56 58527 81
92 10 22156 38
53 32 19288 1065
59 26 16061 487
57 15 2768 31
97 83 34418 303
87 74 30403 35
3 38 19012 426
47 6 25704 225
45 76 77224 43
96 86 7767 103
2 32 6749 209
89 28 56923 191
76 42 33818 22
91 29 8146 221
25 24 79426 232
57 100 79921 442
20 6 59706 1277
85 29 191672 826
85 38 27197 125
41 86 5854 751
11 33 9221 89
17 71 6253 166
24 94 33068 462
57 71 13674 136
11 67 29809 3453
52 55 117560 20
75 58 24285 76
58 22 22066 348
83 42 33023 136
60 2 56088 107
73 78 23609 417
95 34 45080 157
12 13 11417 253
96 11 1506 128
15 44 42652 436
72 86 41954 42
7 20 18313 433
89 23 40811 100
73 13 34992 251
11 12 5047 160
31 42 12116 676
66 79 17156 159
43 47 9064 463
74 19 9609 225
21 96 17627 77
99 52 7790 268
50 38 7392 210
74 4 25327 99
14 59 58060 522
79 49 10152 177
83 47 141509 24
53 71 39733 6
18 297
86 240

2725217
