100 299 1 1
27 63 16399 87
27 54 72953 36
27 98 39281 36
27 94 28359 66
27 100 9024 273
27 73 31896 114
27 39 5446 200
27 68 16727 113
27 18 51534 387
27 96 18103 470
27 89 20822 86
27 17 27022 629
27 74 7354 680
27 51 20793 106
27 57 64982 46
27 81 52427 39
27 60 9115 291
27 42 10680 78
27 13 20475 44
27 87 12436 30
27 12 34111 38
27 95 22055 389
27 20 6928 126
27 2 15026 155
27 79 23612 365
27 33 34625 95
27 1 19562 783
27 85 6342 229
27 38 15276 127
27 21 7378 171
27 4 91752 33
27 31 4248 22
27 90 11329 196
27 86 57493 502
27 61 23754 127
27 83 326530 142
27 97 165736 422
27 9 52143 173
27 47 10828 62
27 78 8402 173
27 29 104997 721
27 24 3120 133
27 41 12425 547
27 59 14185 396
27 76 15487 216
27 16 50646 422
27 43 16564 78
27 35 39110 602
27 72 7497 139
27 69 24515 414
27 8 20997 117
27 5 25333 273
27 28 7320 37
27 32 7286 100
27 93 14351 52
27 11 18131 249
27 99 11410 39
27 19 5291 96
27 15 58753 122
27 52 21158 394
27 88 11396 48
27 49 10765 20
27 62 20112 62
27 26 23528 88
27 67 31165 208
27 56 11524 89
27 10 9015 11
27 6 27749 353
27 71 56143 138
27 23 30963 1154
27 64 8742 316
27 44 18987 195
27 92 36394 525
27 7 6032 303
27 70 66437 473
27 25 7360 124
27 75 42038 389
27 80 32710 92
27 66 10899 288
27 37 31222 14
27 58 7709 30
27 22 38973 336
27 3 33558 367
27 65 52101 95
27 45 15833 135
27 48 7308 54
27 36 10164 1614
27 14 36941 47
27 46 102051 352
27 82 21074 16
27 77 7854 72
27 40 9923 307
27 91 48609 71
27 50 44127 169
27 34 7612 50
27 30 33383 107
27 53 36689 249
27 55 28332 237
27 84 46567 100
62 6 28256 244
19 94 14826 30
35 75 22447 159
36 94 12944 11
61 78 75102 526
37 83 29718 123
79 72 15909 1065
11 89 3845 290
34 85 42009 42
76 79 15709 148
98 26 24790 228
22 76 9654 166
54 17 33160 164
76 37 49997 68
39 76 156999 583
21 42 5440 228
98 97 20924 59
78 85 26064 368
57 58 98957 205
46 85 85096 63
47 35 27674 691
58 42 12384 151
46 72 25395 61
67 41 128549 173
88 36 15782 78
100 75 10237 236
7 76 25814 89
71 7 24467 41
48 95 34670 183
41 94 10430 409
24 21 11574 47
97 68 26935 73
65 25 117096 195
100 68 67806 188
55 27 62120 148
25 6 18192 52
56 30 26799 714
23 87 37819 30
84 37 4777 168
52 73 43993 36
81 10 4562 117
41 43 6520 55
18 96 67315 205
67 52 927 132
85 73 27441 131
44 46 6748 40
94 24 9746 817
92 16 20507 202
39 23 30874 261
1 49 36101 71
5 56 309517 53
4 80 17700 29
15 27 31908 72
17 76 32456 100
69 40 29429 123
57 30 19372 143
92 52 13851 425
41 15 83337 116
81 56 27657 109
87 19 70259 225
96 9 44602 236
13 57 25504 96
68 34 25053 35
99 70 142742 432
55 95 48494 122
83 90 53302 221
14 74 5543 66
92 10 20060 529
59 15 53576 317
100 16 28068 183
11 54 21338 137
2 44 25199 228
51 72 56074 199
95 11 32574 191
64 13 6903 47
70 98 296805 212
72 26 12801 102
19 73 9995 282
92 37 34576 501
52 49 4663 48
20 34 2636 90
71 74 19414 99
68 93 10671 65
96 20 5217 531
7 83 121902 28
29 65 7139 325
81 41 30726 325
47 9 45284 677
31 100 86162 567
96 81 24066 34
55 75 13194 56
12 91 48938 162
49 66 9370 71
21 91 9604 57
31 64 11076 261
80 97 130231 282
32 64 59200 426
16 89 4312 265
24 17 92942 420
66 4 91581 45
57 50 24220 18
21 43 54752 166
18 25 12315 339
77 57 4965 92
6 26 61290 162
63 71 6186 347
99 3 5286 188
99 62 3373 200
86 16 51742 27
35 78 21652 449
33 19 4148 39
37 41 28703 94
74 20 14427 37
35 59 4355 45
19 3 14298 49
53 24 8394 74
7 90 9517 151
40 28 66036 198
25 70 7095 226
5 3 33105 42
94 83 136971 195
29 55 21156 35
81 4 240210 477
54 99 37713 422
8 23 38417 424
80 54 12479 32
72 63 85134 189
8 40 12811 188
70 5 18661 214
98 57 12251 73
3 90 27003 57
68 50 70771 222
97 80 14786 11
81 52 19270 126
50 54 58575 247
97 73 32428 47
91 71 10319 37
7 70 25368 262
20 68 36932 431
82 96 20477 87
62 56 91951 130
89 9 157661 788
78 38 18467 66
37 43 13603 35
69 49 18774 211
32 42 4284 480
32 34 11043 532
36 48 138657 190
38 59 4367 174
14 4 21288 72
90 65 4524 145
12 22 86025 57
45 96 14535 95
94 52 58686 104
94 21 17105 268
12 25 3379 294
1 14 3783 342
38 78 40609 616
47 93 37237 136
30 36 28455 38
80 8 12432 217
77 51 19238 71
49 5 14165 65
26 82 5405 125
1 51 42858 209
35 24 188276 97
16 69 95230 638
95 61 25910 138
72 38 24234 88
59 33 85093 157
41 73 35277 71
1 66 32428 390
83 54 12366 42
67 77 11764 32
42 3 109206 750
94 95 21621 233
51 34 89706 162
5 64 16610 677
87 4 48143 54
70 23 12110 50
5 7 48802 228
48 45 7110 285
12 76 42900 72
49 57 100385 67
62 76 9342 188
40 51 17292 180
95 74 25213 55
23 84 197458 63
2 6 5726 698
36 55 17038 11
85 63 16493 122
6 78 4845 14
8 43 7786 234
19 88 45051 638
20 19 13314 82
58 3 49566 70
79 94 12610 20
70 22 17777 40
95 42 31512 82
89 42 33613 181
27 792
76 221

3465817
