100 299 1 1
2 95 4898 73
2 7 182680 28
2 85 112809 320
2 56 53469 113
2 70 6504 1052
2 22 20059 599
2 11 32917 325
2 55 15327 27
2 8 20618 58
2 44 11651 113
2 41 70986 96
2 15 13824 38
2 82 1871 44
2 14 122278 67
2 12 23720 250
2 98 9406 54
2 35 12304 1182
2 60 13785 2989
2 45 25999 149
2 67 38378 110
2 91 24644 1480
2 6 47001 195
2 57 29119 112
2 34 16920 527
2 61 16668 131
2 40 40294 69
2 94 12933 115
2 97 26379 183
2 4 8234 33
2 29 47834 1257
2 48 58407 33
2 93 9278 56
2 75 24898 831
2 90 25344 69
2 32 27438 37
2 79 63251 163
2 26 4524 60
2 65 29509 42
2 72 75178 164
2 86 93830 301
2 25 3729 572
2 69 9281 77
2 81 7290 207
2 77 32948 202
2 50 18543 354
2 3 43774 165
2 18 150234 318
2 30 164908 89
2 1 10368 127
2 33 42922 313
2 83 9052 66
2 17 15730 62
2 84 12221 203
2 76 13133 144
2 21 23292 476
2 73 4866 498
2 54 7121 263
2 36 7830 268
2 88 6207 30
2 9 7218 31
2 59 28309 152
2 53 5123 15
2 47 6233 15
2 39 29606 55
2 46 6754 167
2 16 31078 226
2 49 64747 335
2 23 130702 358
2 28 17643 199
2 24 21879 230
2 71 14786 262
2 74 2844 31
2 10 50798 47
2 13 50199 326
2 87 215546 145
2 37 18828 221
2 58 6342 86
2 78 27181 500
2 51 40962 535
2 20 16694 38
2 43 31045 225
2 80 12705 141
2 42 3618 22
2 66 35686 79
2 96 24941 220
2 63 7233 279
2 89 31489 247
2 31 159759 52
2 52 39502 87
2 38 35263 109
2 99 163253 249
2 92 94267 33
2 5 34020 318
2 100 103468 30
2 64 33265 216
2 19 8213 496
2 68 1773 63
2 27 35900 570
2 62 11320 322
59 58 79873 799
14 73 26146 74
65 71 33988 83
82 53 5748 281
92 71 40433 251
70 85 4207 325
70 94 23799 49
96 83 15591 43
71 23 35344 100
25 2 51181 268
39 84 18161 178
68 62 23293 36
67 29 20803 123
77 66 13608 163
30 40 24299 220
66 45 22426 214
58 14 21527 247
7 45 24105 131
29 92 42990 14
15 35 10909 77
43 32 65210 599
28 49 33138 723
11 57 23491 101
19 43 73004 234
38 78 4356 509
82 29 269419 57
53 20 47507 84
22 8 17521 316
60 36 45167 229
74 32 7050 106
46 1 19805 395
85 55 7204 124
78 39 18726 62
27 82 23790 236
65 14 88702 34
68 88 21510 171
9 15 84168 235
76 61 29299 593
67 19 1635 92
54 89 22374 936
66 59 29939 221
35 73 33446 351
7 9 62508 628
54 74 11658 59
65 48 114507 54
83 60 23402 61
69 71 15546 643
42 68 16834 355
56 55 9737 221
39 12 35102 74
78 20 5564 174
54 90 25417 367
95 92 56224 89
46 94 10654 889
36 89 9034 67
44 82 8245 382
7 80 16770 72
60 14 5113 25
6 28 2298 1495
44 36 11074 159
66 64 14283 299
49 56 15618 132
38 98 44990 157
70 3 26159 89
39 48 32779 139
49 40 5403 199
25 55 18248 154
78 42 10006 29
6 4 29586 275
99 35 45143 57
51 13 114785 544
11 6 18160 217
27 16 19288 34
54 68 4898 367
78 43 41560 31
38 47 16175 144
24 99 40478 42
53 11 11420 127
46 38 27324 24
36 18 43191 47
66 44 43178 49
64 20 27895 559
48 93 4897 91
38 79 11141 449
9 91 9122 236
80 61 10510 43
95 99 7582 37
26 47 8254 538
50 16 43748 91
53 26 27189 45
81 33 25264 46
65 44 4838 183
89 85 10090 62
87 59 136742 63
24 67 36887 792
27 98 45029 87
100 59 6471 15
49 8 5250 46
63 41 5877 105
36 82 107126 48
72 62 15811 188
57 96 26169 134
94 1 10554 463
74 46 12624 32
80 7 47094 92
34 84 18173 213
32 91 18891 101
45 82 101369 268
59 88 50391 709
58 70 15280 1018
91 98 28362 82
57 67 19655 158
87 32 17916 213
75 64 38049 256
8 28 33882 143
45 91 11597 104
96 13 11752 129
57 48 10412 129
10 75 7509 178
18 23 49722 49
32 40 32132 624
50 69 38501 55
49 57 10420 75
65 10 28516 615
26 14 11119 41
14 77 46744 474
69 82 11699 406
44 13 22962 283
32 50 30780 159
21 91 18305 1402
50 3 5330 181
4 79 35164 358
97 22 32343 360
48 31 11738 171
6 65 27800 51
3 51 17454 51
45 14 14065 27
36 98 15495 52
31 73 45773 221
71 76 18803 45
1 84 12685 54
94 36 146029 78
58 50 75275 70
15 73 4418 788
87 49 7030 192
57 100 54367 193
67 46 21764 66
62 70 8566 1312
63 15 23224 107
96 88 117374 116
85 45 8609 74
60 42 7731 51
10 49 29695 93
92 55 36608 92
58 83 35659 19
32 78 6935 250
25 95 7028 394
82 68 5576 126
40 77 11227 49
23 66 17967 97
62 27 26767 138
38 87 13601 213
67 47 110697 192
50 82 5689 26
43 50 15022 71
52 44 37612 316
53 71 76495 1135
4 30 8559 248
54 97 35039 167
38 52 17046 29
55 39 38982 343
80 11 7999 906
67 41 203980 248
71 90 31568 79
17 61 127434 15
98 5 38051 201
16 57 10850 82
45 55 21780 286
47 18 43041 475
55 71 9734 521
65 4 75954 155
97 58 4375 130
22 80 8538 145
23 94 30442 34
4 66 37134 187
70 54 42662 347
44 62 10914 287
22 47 10107 97
35 1 41216 30
60 71 23531 241
28 23 17717 114
84 94 56084 88
84 6 14478 98
94 9 20181 93
44 74 10659 45
6 68 8137 269
80 57 11670 59
72 4 5605 104
98 21 19370 523
96 69 26756 77
2 495
82 254

4430672
