100 299 1 1
39 28 45723 56
39 60 36312 81
39 14 12679 115
39 62 57822 156
39 9 84744 88
39 36 3846 203
39 52 11009 446
39 74 2909 269
39 47 396365 35
39 41 92997 60
39 69 6555 71
39 90 20073 67
39 27 50994 233
39 2 13764 44
39 98 18921 179
39 37 8402 251
39 3 11159 218
39 89 32021 43
39 20 102043 63
39 24 144991 90
39 33 14954 127
39 36 9821 53
39 99 8787 27
39 25 17346 52
39 97 19124 1153
39 24 20461 207
39 3 410366 75
39 81 14894 22
39 67 12442 92
39 38 31870 357
39 2 25108 311
39 49 10199 1088
39 8 13037 180
39 46 56936 37
39 30 73652 209
39 17 41113 241
39 29 13568 360
39 17 7310 286
39 97 35053 126
39 59 30993 494
39 71 61476 16
39 55 4910 441
39 20 13811 164
39 67 60317 302
39 48 12265 181
39 55 4242 74
39 48 19599 228
39 3 14067 950
39 13 36719 87
39 84 46802 669
39 80 45486 97
39 25 9430 28
39 79 2690 52
39 24 3959 159
39 8 37166 833
39 11 55843 65
39 99 10178 144
39 59 28602 52
39 44 12364 59
39 43 58538 45
39 25 12881 32
39 42 45914 189
39 79 30398 872
39 6 25113 176
39 92 21023 112
39 44 26773 200
39 59 50908 147
39 37 20198 152
39 45 6696 99
39 47 28269 721
39 90 20888 39
39 74 14902 167
39 58 54514 317
39 23 5689 192
39 87 14409 51
39 88 10705 94
39 30 18884 277
39 49 67642 91
39 65 6754 97
39 29 41578 186
39 69 37567 84
39 91 14158 133
39 17 7576 402
39 32 6607 24
39 38 108445 310
39 28 20282 193
39 86 79594 92
39 63 6914 250
39 84 12891 76
39 9 13332 210
39 63 118104 196
39 44 40606 83
39 9 26892 163
39 31 126991 183
39 12 9026 62
39 96 51744 863
39 10 11849 46
39 78 6037 153
39 35 24204 165
99 37 17579 38
2 16 34575 20
22 89 64660 69
43 95 22264 167
45 42 205704 435
31 73 99277 357
36 61 20395 32
19 41 22660 109
54 52 35224 127
4 13 1147 173
38 1 37287 2520
37 4 63866 188
33 9 74360 308
60 90 117460 541
50 75 740564 111
85 58 34384 32
14 74 56720 419
28 48 64633 123
84 34 30326 393
87 50 120804 715
24 48 87131 1305
69 58 15100 133
40 24 15989 29
46 97 24093 1352
4 48 3356 382
6 21 27332 288
19 81 2167 403
85 57 19081 55
4 91 34984 128
46 26 6718 113
36 72 61058 404
74 85 14879 151
72 1 15352 113
30 93 68973 157
89 44 11235 225
12 57 31978 88
47 82 230649 303
53 7 15914 86
14 33 36263 147
54 15 94596 809
79 89 20921 144
69 5 40124 73
33 70 4540 24
94 50 24629 138
7 79 12425 162
22 23 5684 130
3 25 11823 398
86 92 46146 514
7 30 19941 976
87 18 12691 153
32 27 14331 199
42 85 20582 255
24 44 9635 408
28 46 84011 223
31 58 115755 197
52 81 8513 298
14 60 46570 121
47 90 11052 47
48 92 14608 151
17 49 12537 114
56 14 8418 49
80 31 51890 731
76 57 62879 40
30 64 26252 134
32 86 159088 276
50 96 5167 155
82 25 11888 302
88 12 10381 1278
56 24 23733 106
24 14 40320 173
23 16 28558 76
6 16 12934 414
18 67 233595 474
69 76 17987 423
80 72 96766 402
29 15 33271 66
30 75 4977 70
60 100 16296 314
56 55 8479 34
82 20 20949 74
82 74 134460 117
89 95 10634 47
70 85 147806 81
68 43 56326 423
87 16 86786 119
19 30 6283 526
66 41 9104 59
88 69 25064 162
75 6 18250 36
19 49 3542 168
36 79 1437 383
95 3 57397 57
14 32 15251 93
64 95 11113 114
79 17 9800 87
17 86 12608 304
75 4 13070 191
12 10 4024 273
41 10 11523 81
37 82 14141 1028
90 73 50141 351
68 17 8471 86
87 10 16975 339
38 72 25160 179
54 18 12792 406
64 36 69979 206
54 57 6322 101
7 70 23058 565
35 5 14204 25
11 26 28973 526
90 61 9364 43
1 71 4872 113
76 49 19591 225
28 69 135522 98
86 87 253376 488
5 56 11778 141
90 100 18700 224
95 28 33426 465
32 25 13143 240
75 91 165193 450
47 80 15307 365
95 59 44903 547
44 95 56370 202
29 38 6958 68
21 98 72997 189
10 1 30999 76
34 99 48728 38
13 50 24190 642
54 93 3589 367
66 53 12281 318
41 91 35269 37
90 38 13123 150
31 25 14356 305
59 54 34393 25
45 20 11225 98
4 80 5813 305
45 5 18126 519
3 9 26492 249
35 29 56249 89
83 10 2050 299
68 23 63660 725
35 1 24456 100
52 83 33993 117
32 69 22637 38
92 5 16916 67
74 11 1414 253
84 17 15485 103
29 55 21529 154
36 58 13657 471
42 65 100112 157
95 49 28962 19
65 73 13214 163
27 11 52279 193
93 13 26037 105
58 4 18858 61
16 63 56300 82
99 16 20159 23
80 70 33323 187
66 62 19826 76
68 70 20895 230
85 51 8602 165
63 17 55932 85
95 48 25080 17
32 68 3892 338
16 53 14702 441
84 98 29429 512
48 61 25655 31
17 14 22377 75
7 71 15858 244
87 52 92398 273
30 71 38547 44
35 57 98638 26
4 33 12779 106
90 7 38352 147
75 53 50524 125
53 61 6750 94
57 4 234920 159
95 29 26442 124
68 67 14718 250
53 79 37838 192
24 29 7456 18
72 37 12975 130
34 51 37862 129
32 94 106736 500
47 70 39128 92
22 72 35794 36
71 63 21134 86
55 73 39095 1405
99 27 3042 382
60 62 17617 491
8 99 24136 323
35 52 19524 47
67 34 26277 604
30 90 6836 89
70 82 110403 117
25 40 51185 1709
26 86 32145 28
12 41 30581 53
99 33 26028 107
41 43 2939 295
39 396
25 624

8149680
