100 299 1 1
71 43 17657 386
71 65 11186 244
71 63 12398 143
71 99 30204 681
71 88 14365 76
71 13 24509 35
71 19 9841 186
71 28 62640 189
71 95 38280 135
71 16 47254 420
71 18 67244 304
71 50 37292 169
71 91 14843 178
71 39 40435 93
71 29 9378 189
71 54 12247 46
71 73 2451 243
71 13 34688 100
71 22 24507 721
71 52 18844 458
71 45 8329 17
71 33 32930 127
71 63 17765 380
71 38 7406 311
71 97 13892 957
71 68 12077 382
71 39 117043 21
71 87 23139 358
71 54 13502 411
71 90 7265 63
71 39 34639 98
71 23 11158 110
71 42 4198 275
71 60 57784 111
71 19 5900 244
71 94 7134 723
71 3 47993 28
71 2 15450 23
71 55 35190 62
71 18 59409 89
71 23 8313 46
71 2 37832 336
71 46 3780 50
71 16 19988 678
71 80 68690 403
71 49 18932 85
71 14 18169 149
71 73 37736 493
71 30 96218 538
71 21 30536 70
71 55 12174 127
71 54 7298 40
71 45 102756 720
71 44 6942 95
71 52 6990 198
71 60 35577 563
71 37 13736 29
71 54 10317 915
71 61 18502 402
71 68 16626 510
71 40 9290 428
71 91 14373 150
71 98 64951 122
71 43 63410 241
71 9 78127 104
71 63 6496 253
71 41 12704 449
71 7 34271 252
71 11 32433 94
71 26 11691 32
71 74 35157 31
71 84 8461 196
71 34 32111 104
71 92 83504 566
71 61 50654 272
71 59 33576 346
71 2 14125 239
71 50 5396 98
71 60 7023 236
71 26 104992 345
71 26 28050 529
71 59 15755 321
71 79 13909 968
71 15 20172 47
71 61 16366 238
71 32 51129 204
71 74 39615 108
71 92 12253 51
71 100 49427 70
71 13 21740 58
71 49 19460 330
71 35 14243 108
71 70 17942 61
71 42 14064 149
71 48 46083 56
71 19 49223 1308
71 7 31187 65
71 44 53593 41
71 7 84901 249
79 59 37310 65
14 7 4722 182
6 74 30800 350
11 94 23132 114
98 60 28230 63
68 9 68446 59
6 79 57052 1746
84 61 40425 261
53 22 30548 207
39 76 8942 707
79 78 41138 389
59 8 33311 26
64 34 11163 196
70 98 18593 228
49 93 18035 726
41 39 6259 208
23 17 3108 120
63 65 46260 28
77 92 14210 884
68 50 44565 245
25 41 73050 80
34 14 15279 176
7 74 32305 160
1 94 64455 127
60 93 18200 38
13 75 16960 227
25 82 32028 461
21 64 42587 108
43 84 26276 270
76 93 14136 316
21 41 10040 43
85 17 17822 62
49 61 1967 658
60 38 11637 24
43 19 41366 42
58 6 29838 178
100 34 47292 250
33 29 22762 384
40 71 12067 343
10 21 15402 92
65 2 28165 305
91 77 4434 113
94 39 9401 54
83 93 10217 44
53 88 17427 53
55 22 17693 647
12 85 19113 143
92 89 39726 338
72 52 29162 130
29 14 4075 274
92 50 17610 514
14 2 61228 512
31 39 6558 25
86 9 48374 888
5 71 23522 220
77 70 17331 395
95 11 155142 180
95 50 80557 205
45 42 35489 563
86 33 10096 158
43 18 21190 28
85 12 19923 92
93 16 6958 117
7 90 64060 266
56 61 14432 508
58 84 59272 205
2 3 111648 785
83 9 86669 59
63 78 51529 25
81 54 8096 123
95 24 17745 943
46 34 14692 142
42 76 71215 69
78 53 40161 499
68 80 32149 82
87 53 44705 205
71 24 17723 15
12 52 19439 139
57 29 5113 70
63 3 11985 83
90 2 19649 59
22 46 31102 290
82 92 10942 42
38 85 8039 67
54 9 48805 403
70 11 114440 215
74 12 19599 146
70 84 54416 15
16 85 76419 976
93 91 16280 63
8 79 12183 33
4 55 15915 102
78 28 9753 17
69 67 32964 100
84 33 10080 363
38 60 17163 450
74 81 106393 321
66 37 39054 578
17 10 110671 56
40 69 10410 146
91 89 4120 112
91 96 28355 120
33 96 166545 20
84 9 10527 234
38 27 16414 100
65 61 18953 348
15 18 247790 99
29 6 142801 257
88 24 5836 91
84 59 2656 297
88 7 19110 155
29 55 49014 261
7 50 50885 316
62 91 6955 177
3 45 16156 29
91 67 259245 129
61 20 7572 119
27 3 9750 187
99 54 17337 139
17 70 17715 142
21 84 17867 223
86 17 13221 354
19 4 100982 28
25 1 53467 50
90 87 24379 171
4 51 14583 213
82 89 550 26
21 2 27145 119
38 31 310321 23
24 37 58221 367
77 27 11781 130
10 77 26496 270
56 46 32832 174
36 27 7068 79
30 72 29299 456
32 49 37198 411
29 66 12104 107
50 53 14677 471
85 11 32448 106
66 50 9906 146
46 86 4496 90
40 50 21869 173
9 7 13519 32
78 29 2217 423
41 14 41660 43
72 89 22165 544
73 15 32225 36
86 71 46060 155
5 57 29108 157
13 64 28103 110
12 18 25960 21
64 62 83738 24
23 89 12101 114
69 1 4943 93
86 72 76437 116
91 41 12323 75
28 84 1276 100
35 45 47571 56
68 94 34251 146
87 7 14130 258
85 55 31891 141
70 100 8478 138
4 9 7684 945
100 56 22525 99
44 89 115268 451
40 45 32203 495
48 40 29666 349
94 80 66402 384
84 45 1606 299
39 43 24651 20
37 1 14623 196
87 73 90559 127
44 34 46575 80
25 19 4620 713
76 43 34228 115
83 8 8548 245
75 85 4439 189
75 84 91899 258
58 94 88273 556
95 29 20973 74
71 96 14339 280
28 40 44822 15
57 43 12529 153
27 39 8651 134
1 84 68346 105
63 8 20727 303
46 36 3552 316
19 53 73455 139
4 66 82317 511
33 19 387833 274
75 60 47410 137
54 35 35136 31
16 33 89036 208
70 61 17626 35
62 99 73364 312
66 81 5949 170
93 52 73771 117
37 59 21605 177
63 68 38086 261
52 62 6256 251
71 303
84 892

6359187
