100 299 1 1
29 13 56998 219
29 12 6569 107
29 92 36090 297
29 85 1622 95
29 51 55160 126
29 77 92829 911
29 39 43292 94
29 83 2843 60
29 30 8303 327
29 83 16485 215
29 74 115336 286
29 48 36926 298
29 13 8897 25
29 14 135133 106
29 71 123943 144
29 7 26796 216
29 68 5273 121
29 75 122943 262
29 52 8497 242
29 38 2915 105
29 46 29350 266
29 78 56071 518
29 49 108142 104
29 79 47394 320
29 28 199790 201
29 30 70186 129
29 81 35526 218
29 40 23508 243
29 92 3288 47
29 80 17411 318
29 25 57769 137
29 14 76023 111
29 53 44789 37
29 37 42057 381
29 8 10268 87
29 76 6390 912
29 67 101267 324
29 96 119896 78
29 45 11086 119
29 100 2074 71
29 69 14354 116
29 39 49053 790
29 58 117829 23
29 78 17026 118
29 25 6027 102
29 56 14723 57
29 6 21404 40
29 81 5328 296
29 30 3490 262
29 37 38825 37
29 80 3444 413
29 4 27381 138
29 37 66530 163
29 79 76097 112
29 91 6271 611
29 42 23663 106
29 2 35429 73
29 7 62209 283
29 96 34635 181
29 77 37569 53
29 65 15231 237
29 55 20927 213
29 75 20967 16
29 62 14723 645
29 37 34382 304
29 69 69521 142
29 69 8926 109
29 97 14893 25
29 17 64012 34
29 4 4406 146
29 92 25565 96
29 94 23269 384
29 60 28460 268
29 30 97574 110
29 30 4777 218
29 34 15908 169
29 14 148181 176
29 92 13100 94
29 86 13244 65
29 95 9937 54
29 99 41907 83
29 9 13101 222
29 96 16559 246
29 22 3745 27
29 82 34053 320
29 38 17233 199
29 75 8245 141
29 74 49640 351
29 64 203930 16
29 73 9683 153
29 61 677 130
29 6 87814 235
29 11 93768 173
29 36 115923 33
29 92 11597 124
29 51 62602 214
29 31 104243 85
29 18 48902 41
29 25 53664 16
38 90 32448 78
22 49 52536 317
20 66 32726 339
94 87 9250 91
70 83 17519 49
56 74 83554 32
14 63 23230 50
90 17 55945 119
95 23 24029 616
17 63 16219 380
95 84 46022 582
87 66 6107 736
77 24 19396 75
86 80 120207 55
44 54 11196 163
62 74 4379 67
55 58 10097 286
94 27 9740 924
11 69 32432 120
53 56 44992 138
89 75 8519 907
97 30 16444 112
72 51 22267 643
6 53 5501 81
67 37 6386 633
68 30 19520 202
60 26 7599 249
73 12 117774 647
90 61 27566 122
61 60 25307 52
89 55 10893 75
2 62 17343 93
30 68 35602 420
92 22 49922 317
50 51 13073 451
74 24 24237 71
78 42 26490 1142
9 8 6664 199
27 76 15297 203
47 97 6799 690
8 53 22809 180
63 41 96723 38
69 76 107486 306
14 3 51354 89
71 53 23613 14
30 57 24206 111
64 45 65962 168
3 19 119573 48
7 9 43577 235
44 9 39685 46
98 30 52165 498
91 7 65232 29
55 71 10011 303
81 19 6527 202
2 27 36963 74
38 98 22398 227
51 31 65539 213
45 29 44828 39
36 83 12600 162
11 75 14661 512
84 63 23337 209
17 80 6017 362
82 84 62983 377
96 8 11327 115
93 19 64140 230
8 30 43207 1093
55 45 22353 36
56 49 33407 913
59 68 43096 19
73 59 10185 40
44 3 9038 63
16 98 77355 117
60 93 6790 331
66 94 5034 288
63 54 22381 574
38 46 8458 100
11 50 5865 1162
68 75 11477 253
67 42 64703 124
13 2 19008 77
72 91 18138 335
92 67 4339 250
63 52 13018 68
2 13 24779 613
3 86 7499 184
71 43 232932 120
94 47 7906 505
57 43 2631 113
78 81 80187 58
50 80 11862 189
39 46 66280 1829
15 78 5995 123
18 77 18473 88
93 79 8421 266
82 78 22905 56
22 88 229682 106
24 70 12840 148
43 74 207946 220
6 35 8982 91
34 73 153082 1168
1 57 25205 23
91 100 6580 204
76 65 25768 375
86 2 153138 582
3 56 19300 44
80 46 9125 381
16 86 21856 110
39 28 65854 32
74 87 29896 734
37 27 3271 110
59 96 183864 301
19 15 19447 520
43 52 7916 63
40 7 51032 115
78 61 20951 617
92 99 84420 105
57 97 33336 244
83 16 69233 53
79 1 12851 28
13 83 30700 56
81 32 3173 220
32 58 8194 146
39 33 33582 188
15 58 145954 90
95 52 8740 40
92 61 14910 93
32 67 18005 830
23 1 7582 18
57 85 5244 61
20 42 17429 62
86 35 8789 48
60 53 21080 594
81 71 168447 366
73 33 116657 91
93 70 4741 188
24 20 81662 960
27 73 37936 90
28 48 40531 127
52 29 30525 94
85 6 28423 138
84 43 7982 474
35 50 8344 183
4 19 16334 362
89 57 19594 355
19 4 19403 149
39 14 54936 153
65 23 24367 290
96 58 11700 585
96 74 13397 77
47 90 88754 183
25 44 1215 201
44 78 7141 250
40 12 2815 250
43 5 46649 41
31 98 2889 66
36 60 7747 139
64 97 60106 256
99 14 5359 249
57 60 48813 31
9 33 75961 99
50 10 43472 117
54 52 54626 534
47 7 14979 76
66 16 6714 187
48 38 28725 76
47 34 4703 657
11 80 53210 363
57 54 35950 371
44 93 7788 91
68 27 45256 169
14 46 3832 16
41 5 18732 421
53 72 141563 114
1 90 14821 38
88 60 70047 66
75 43 135220 141
58 28 94517 68
8 22 6384 162
40 80 120327 195
53 4 22751 383
98 54 103224 281
12 20 15894 44
7 32 12866 415
20 99 20933 144
72 59 17534 20
36 44 68548 46
90 4 17982 65
84 21 13649 240
12 45 15143 33
80 33 161797 26
43 60 15398 256
37 4 6194 108
55 70 8139 104
36 42 10107 36
1 32 53123 256
7 67 4083 250
96 11 11744 31
16 81 13568 302
15 68 14119 504
85 40 6105 421
29 594
30 278

Impossible
