100 299 1 1
10 63 49430 213
10 48 46142 209
10 87 34879 140
10 66 16006 134
10 85 32138 224
10 89 15790 108
10 67 12870 1664
10 11 9957 196
10 52 22770 41
10 62 14762 115
10 24 7279 303
10 40 7406 163
10 55 17413 206
10 9 13984 80
10 97 16048 75
10 16 9116 42
10 91 6573 132
10 50 17220 158
10 4 1634 71
10 7 56287 696
10 99 14700 1220
10 93 45183 422
10 65 71504 148
10 36 24071 409
10 58 19520 408
10 22 33283 623
10 81 146486 233
10 27 24230 328
10 15 91932 125
10 90 13289 331
10 37 28753 704
10 18 4240 39
10 19 13009 14
10 1 10326 178
10 80 86309 654
10 25 27247 288
10 31 6645 269
10 46 20284 888
10 76 29610 85
10 61 6822 87
10 95 24934 46
10 60 12844 193
10 57 32611 146
10 44 31092 294
10 56 79579 347
10 88 16570 684
10 33 177094 247
10 70 18286 45
10 2 51024 133
10 92 15828 77
10 75 90622 393
10 79 57226 95
10 100 72407 245
10 12 40976 67
10 77 16635 68
10 78 83002 153
10 96 57354 106
10 71 7716 126
10 42 7323 93
10 94 59883 56
10 72 10895 595
10 53 4223 87
10 54 34458 324
10 39 28778 645
10 74 241203 269
10 84 35335 173
10 30 20804 54
10 82 2628 311
10 28 14015 80
10 20 8356 377
10 98 34605 91
10 59 16499 41
10 6 46107 360
10 47 11349 55
10 43 56928 90
10 29 43972 237
10 14 147373 62
10 49 108242 1288
10 23 5196 112
10 34 38626 31
10 35 29182 91
10 32 135616 122
10 86 1553 127
10 73 40578 1340
10 13 65254 140
10 83 1281 28
10 38 16977 542
10 8 106944 10
10 45 22817 567
10 64 17874 113
10 3 20372 791
10 5 45450 209
10 69 23074 246
10 26 59738 184
10 51 5470 98
10 41 8030 37
10 21 12199 156
10 68 32420 17
10 17 67822 67
79 80 11559 48
32 64 4492 609
32 90 37678 132
55 39 11262 82
46 75 212871 57
27 55 37771 137
82 79 54154 291
90 44 19834 568
22 44 20355 274
41 43 50565 94
18 12 12793 79
13 90 33306 64
2 62 44523 39
9 41 34940 21
40 50 11442 96
98 71 21792 169
31 8 46516 202
39 12 41256 74
88 95 8589 445
21 72 2924 1182
81 45 56820 13
38 21 562867 107
79 58 6828 40
15 22 9658 92
88 38 7232 207
43 35 59747 125
100 17 189718 596
22 43 22628 17
77 53 34613 59
67 58 30698 115
53 41 13301 213
25 83 7236 775
5 14 14708 229
84 46 24085 778
95 87 19383 121
98 45 2764 80
54 36 53996 41
19 58 79770 175
82 78 35960 167
24 4 6953 114
58 43 6857 56
26 94 4455 45
16 62 7643 283
59 14 28271 145
94 30 11291 201
73 47 189977 21
4 42 4376 50
29 75 27830 63
37 80 11489 11
16 39 11197 40
4 10 24483 346
2 32 45885 208
3 69 45936 130
26 16 56818 178
81 93 8620 410
57 37 33205 185
36 67 60565 34
90 83 25957 32
24 96 10219 823
24 40 9505 64
42 100 81409 206
3 73 11662 40
9 54 24937 242
38 55 22950 257
93 48 30417 89
38 59 31475 190
4 36 26317 68
66 40 24035 17
51 70 14112 1571
78 23 180352 288
8 81 99501 638
98 58 23842 152
64 44 2629 82
43 31 13116 1292
8 3 61974 47
13 43 34249 165
58 91 32278 1520
18 61 197900 450
99 57 35838 107
9 58 44103 628
84 48 8763 26
1 75 15752 133
8 86 90452 6
48 87 33742 129
28 53 8088 307
31 75 22176 59
49 15 43238 32
69 16 21206 134
2 6 8071 310
86 93 24656 109
18 80 33675 182
35 50 35613 83
75 9 26120 370
51 69 22647 332
88 2 31026 104
14 66 65245 75
18 46 91271 1232
11 77 12415 631
8 51 69124 141
36 58 15309 149
37 24 89768 75
93 47 76544 324
85 58 50641 74
61 85 33733 66
74 80 8260 26
90 80 13489 194
100 27 11356 42
46 69 91254 310
40 76 11984 55
61 66 40901 53
25 92 14337 75
37 51 36640 171
8 41 56736 208
100 96 17531 108
42 1 13551 162
6 79 109528 258
95 12 91242 77
69 61 90600 195
14 32 62729 505
68 48 39720 780
54 96 19930 26
60 58 36159 453
44 38 13247 179
58 49 74464 819
64 73 32952 114
43 41 70312 50
61 24 10098 33
2 96 36419 72
65 94 24785 185
67 27 50270 626
95 77 111563 34
26 77 100500 132
53 80 15699 917
65 59 15318 60
55 72 106455 73
73 92 33830 26
52 99 7109 105
43 84 58501 72
14 10 21946 59
57 26 107817 138
57 32 10797 536
75 22 43907 37
24 82 14466 45
69 71 29060 143
86 45 5924 52
57 20 41449 96
63 35 23401 76
41 54 13544 178
34 22 195926 313
89 26 20602 42
43 68 7407 182
73 32 8725 191
28 44 19577 67
40 98 17726 118
3 43 39859 48
32 44 38165 217
76 21 41174 150
19 16 9796 210
98 81 36754 201
95 91 153804 737
70 61 92345 143
69 70 70820 4435
27 78 18593 157
9 38 23058 43
51 25 35447 248
8 38 28002 159
39 37 27238 99
61 18 22117 326
70 38 46431 134
98 85 76208 890
60 98 20226 185
18 35 104308 258
7 51 14968 624
57 52 68085 102
35 38 53692 177
99 19 6342 133
3 79 10349 45
28 91 5237 238
90 84 49194 134
30 20 10729 232
97 17 51891 38
46 7 40314 141
80 63 29470 111
68 1 101872 74
38 95 141761 730
18 23 28987 138
36 48 19954 1064
28 12 19910 328
50 47 3894 628
60 64 104386 411
58 95 5804 280
60 59 26025 798
21 11 11860 107
58 10 62686 140
57 27 53845 219
82 67 4442 111
93 82 46008 93
55 73 17685 229
81 42 54251 50
31 61 35009 83
10 693
58 201

3923520
