100 299 1 1
95 12 30910 255
95 37 11089 182
95 66 7506 21
95 70 27227 209
95 100 34430 91
95 61 8237 37
95 16 33571 314
95 10 1650 64
95 6 20919 179
95 46 17493 255
95 30 36828 28
95 8 6029 293
95 88 72168 395
95 3 40828 67
95 89 11169 868
95 53 14830 80
95 99 36219 109
95 63 44356 28
95 51 56951 319
95 25 98925 82
95 9 22371 426
95 21 11934 37
95 36 69191 31
95 44 10837 72
95 1 75371 211
95 55 3445 112
95 68 54506 431
95 32 33435 847
95 58 41046 78
95 83 24860 438
95 67 16801 186
95 79 10601 41
95 42 54653 88
95 14 59160 136
95 72 38441 418
95 82 27056 81
95 98 34295 205
95 20 15217 144
95 92 8625 145
95 59 10288 1150
95 49 23970 315
95 54 30810 18
95 13 4090 330
95 76 10871 1236
95 5 4777 108
95 57 26606 103
95 69 6382 453
95 29 20010 57
95 86 14987 34
95 90 31669 1116
95 71 31516 192
95 34 18433 175
95 94 24642 297
95 97 47241 80
95 7 23663 27
95 81 13527 373
95 73 2492 1518
95 93 16226 105
95 80 49277 878
95 50 45375 664
95 96 26228 97
95 2 17475 608
95 45 73688 641
95 40 5668 194
95 75 53905 385
95 77 6935 302
95 39 19060 218
95 48 8593 80
95 18 7634 283
95 91 129586 77
95 60 11177 145
95 31 188482 278
95 65 54695 232
95 23 29429 348
95 62 15713 63
95 56 35622 517
95 28 48289 148
95 11 39802 95
95 15 22180 85
95 19 6713 150
95 26 15669 522
95 22 12871 98
95 78 81126 330
95 38 13618 116
95 85 30234 24
95 41 14002 45
95 74 14693 232
95 87 87265 47
95 43 4910 192
95 4 36297 739
95 17 15279 86
95 35 19785 61
95 24 13264 48
95 33 45734 34
95 47 51136 77
95 52 8838 493
95 84 6734 101
95 64 87407 11
95 27 8847 211
83 55 136895 163
61 68 18910 87
62 36 17490 355
58 94 9128 1184
87 45 18374 376
36 74 5246 334
97 85 58830 39
14 6 21956 234
56 42 30332 82
79 9 6255 60
54 79 3054 586
53 76 37110 139
26 58 7286 37
17 80 13612 16
63 93 6923 47
83 42 7262 232
89 2 200584 41
24 91 6002 192
35 24 6116 313
71 45 11334 26
85 21 123023 25
22 87 178681 263
15 30 115720 211
42 60 15794 346
22 54 10849 97
11 32 64330 102
18 39 16953 73
89 13 16628 75
99 24 3442 59
24 88 48201 141
59 86 24344 164
33 19 5361 420
26 83 41567 178
22 78 14132 206
70 21 14212 245
88 99 25066 856
41 45 21224 198
33 24 35619 182
11 15 54282 73
4 62 17487 28
5 75 16320 59
58 28 18132 104
16 35 1817 121
55 98 19654 68
32 33 84270 1091
22 85 202480 1756
79 34 31061 162
8 47 22709 95
64 5 102048 878
97 17 29568 335
35 68 49467 127
76 11 19151 595
21 90 9609 904
38 71 8699 196
39 2 7014 187
32 68 63757 182
57 88 18143 16
58 49 68030 215
32 88 5303 187
74 95 13427 204
11 78 32835 163
64 67 50149 398
75 89 5470 91
91 56 7463 608
17 57 37124 72
69 90 7349 285
91 15 5448 571
34 78 41826 300
86 40 67096 158
46 100 10174 220
88 63 7112 57
21 29 39631 58
3 17 5399 94
24 71 17410 84
9 15 7618 275
8 85 81798 40
1 36 4319 44
69 61 47386 120
20 53 16657 51
73 42 4401 110
59 58 39288 204
58 62 9395 72
30 38 41429 275
30 29 16155 261
89 8 107172 54
99 46 74057 179
18 65 32186 91
63 38 9940 321
45 29 18306 1109
6 94 114732 103
100 78 25539 103
42 79 38243 172
84 9 30403 577
57 26 595713 21
77 17 9301 216
58 91 8629 91
47 20 26328 54
15 34 6675 122
56 5 24544 162
39 28 113999 240
46 39 27194 158
82 49 24323 532
65 43 93059 138
15 53 6802 129
40 7 4011 716
83 62 13646 96
18 34 14413 137
94 88 25712 336
73 2 57570 257
30 69 36668 67
31 83 8321 52
70 11 16222 479
55 18 10305 280
78 52 10202 68
69 46 7323 340
27 68 19338 701
2 88 148188 125
37 27 58005 59
59 84 75002 136
99 58 22091 879
98 19 10431 385
75 14 28750 118
89 29 11255 152
84 60 17565 79
43 14 16583 26
94 40 19467 64
6 59 15414 255
50 67 91159 134
78 1 10429 885
71 52 25799 134
90 73 5329 379
58 98 104878 31
6 11 20163 286
62 71 3676 77
70 25 9736 237
66 26 33166 24
22 11 43061 138
54 98 109895 121
57 69 10291 180
93 13 17970 69
93 85 10162 327
2 97 15190 335
24 61 58459 160
3 20 73235 118
66 72 21218 111
78 41 6111 92
84 55 13965 374
88 92 19385 138
86 48 6485 539
97 27 3419 70
37 80 19199 267
79 49 55523 32
45 59 55758 975
46 80 158154 147
90 51 29052 50
69 51 11647 151
80 97 41180 150
88 95 104012 138
47 11 50045 114
27 11 38745 23
67 76 33304 59
91 89 7260 263
12 22 13364 781
100 28 10429 53
44 30 9340 38
53 56 7840 107
10 98 19747 253
81 41 9601 79
29 56 27990 290
72 94 195317 53
15 7 58646 296
47 88 59708 77
54 92 18237 81
67 97 38239 799
12 97 8495 160
31 37 8193 33
24 93 103316 172
18 23 4580 296
49 14 83898 140
14 41 7458 550
92 9 42798 309
45 90 15425 263
38 37 9858 201
92 10 5235 280
93 11 11051 281
47 53 94753 123
63 66 9528 66
41 50 40410 30
81 70 25329 165
76 74 5458 56
44 3 28357 89
94 10 66066 87
54 64 5676 18
28 55 16993 288
79 90 23530 221
52 82 47741 110
86 65 13296 310
56 75 86989 133
84 2 39233 164
11 41 9995 50
95 396
11 218

6256571
