100 299 1 1
81 96 11518 798
81 21 28966 19
81 91 43124 65
81 57 45986 89
81 34 39244 221
81 89 22301 53
81 92 4169 206
81 16 51002 311
81 69 44738 25
81 76 41398 52
81 47 12428 228
81 17 152495 35
81 25 3031 100
81 68 103936 128
81 20 44072 53
81 43 32234 722
81 3 83818 270
81 99 11981 201
81 65 42823 272
81 2 17519 170
81 62 110041 121
81 22 35013 78
81 64 8177 83
81 9 15700 658
81 30 70426 69
81 29 26711 200
81 36 49726 68
81 7 39497 140
81 100 38406 125
81 37 14042 681
81 53 76434 13
81 49 21294 177
81 14 42995 60
81 52 46097 487
81 55 3429 1157
81 12 2167 121
81 15 5110 112
81 84 45070 205
81 24 16994 675
81 87 27223 92
81 27 38512 159
81 67 17932 394
81 5 5595 61
81 8 52902 58
81 71 13071 2551
81 86 15963 30
81 11 9974 721
81 94 11505 219
81 38 35969 48
81 10 5172 57
81 45 103885 168
81 51 89473 830
81 85 12157 826
81 74 7059 169
81 72 10564 72
81 66 38372 117
81 61 17272 114
81 23 30876 45
81 59 25222 54
81 93 20827 257
81 18 4615 274
81 54 15835 63
81 79 14416 397
81 98 70119 368
81 73 14416 160
81 35 41487 167
81 44 75191 139
81 28 112395 721
81 41 112081 93
81 13 7251 61
81 56 51465 551
81 4 272088 35
81 77 13568 40
81 31 7620 104
81 50 4137 913
81 26 39425 192
81 19 47239 355
81 32 3322 273
81 83 5290 98
81 1 5452 157
81 75 6464 173
81 82 109802 217
81 78 13612 248
81 97 10517 288
81 42 169657 250
81 58 5760 292
81 88 28053 42
81 39 23790 62
81 48 65344 104
81 90 3682 42
81 33 36403 124
81 46 26273 41
81 63 14362 274
81 40 5540 143
81 95 3918 1499
81 80 7380 159
81 70 62643 155
81 60 100563 113
81 6 34420 90
45 73 30404 32
82 28 50035 117
4 51 9313 54
75 82 48606 39
96 62 80737 170
8 43 11518 40
72 7 18393 152
2 12 46287 254
27 79 26804 188
43 98 2354 156
67 56 40307 99
2 78 20762 73
54 66 45028 373
56 55 60048 165
88 70 61427 164
65 22 13892 206
87 8 6090 370
92 64 19552 376
50 20 14048 306
91 24 20248 46
76 78 6520 138
54 82 137815 124
1 27 6872 1106
89 95 15325 356
94 20 10934 324
36 32 16629 85
92 44 100012 580
43 2 35248 708
43 13 24044 61
95 98 1705 9
59 42 11900 140
12 55 51515 217
83 17 58603 96
80 86 15985 77
31 91 8441 158
24 29 185888 39
7 44 16272 381
42 5 29759 92
34 4 8612 306
25 29 132955 528
2 95 15737 578
43 76 91325 281
55 38 37469 40
84 85 19756 142
92 25 46796 92
9 51 23443 91
64 10 95732 377
46 37 10051 593
91 42 28828 120
65 25 87376 49
36 68 54430 99
57 3 7024 195
52 59 23726 1202
89 11 46507 75
98 49 29152 191
33 36 11103 298
57 14 10380 202
95 54 16836 278
99 80 53114 114
8 40 20386 688
36 94 27292 1071
2 89 12570 673
55 4 3701 160
35 96 7078 505
31 3 17640 53
15 46 33124 117
92 6 17338 158
79 55 24949 186
47 32 36436 294
50 57 22290 149
9 71 88093 52
4 77 22684 44
100 11 15275 185
66 25 41471 171
5 52 56234 155
36 16 9618 14
26 67 4544 35
91 9 12641 403
75 61 26034 152
99 29 13733 262
39 26 9176 262
37 89 13865 157
49 81 42881 168
68 25 42679 146
18 91 22870 36
41 8 4551 128
66 65 12591 57
40 22 42032 394
27 23 16195 111
60 80 35400 32
18 54 18142 13
61 88 9719 137
41 11 73946 84
16 3 18781 61
97 49 39001 223
1 52 18598 64
93 82 23540 58
3 54 18825 646
13 29 107214 106
61 38 31720 302
93 20 20721 122
78 53 5387 152
21 9 17704 24
36 22 33316 783
47 1 44939 69
60 91 24831 84
78 61 3410 276
39 71 14287 72
53 46 18005 78
6 90 65633 134
39 49 6432 168
29 60 7895 97
49 51 64316 80
36 1 52489 176
57 11 11017 364
51 15 11280 135
6 17 6691 61
19 90 28602 75
4 16 50502 1590
53 67 132309 919
78 37 10215 1713
38 46 24575 261
40 84 114337 261
40 44 15784 277
62 73 21748 144
40 100 30314 39
56 23 13431 562
5 69 27746 64
66 19 46256 1220
95 28 32128 199
57 2 64007 83
30 96 12263 339
23 24 52247 92
86 79 10671 223
36 30 10516 616
86 54 26326 171
64 72 47129 415
35 52 26740 174
19 1 1998 21
4 80 12615 105
69 76 7901 312
85 20 7165 1637
100 55 3074 155
83 5 9113 227
19 8 363183 171
45 16 3599 101
60 59 13232 219
62 32 3958 148
27 15 6244 217
89 50 54121 321
48 15 6623 75
66 18 29814 20
29 57 42442 248
60 70 8877 288
88 56 75306 18
18 82 15724 297
39 72 98719 977
42 57 8115 95
34 35 26383 102
84 23 3586 69
49 5 188172 375
18 62 26692 559
15 2 40112 336
95 20 38206 47
42 61 38189 226
11 36 31142 129
34 37 8631 83
26 88 24269 328
99 53 43229 48
77 47 7889 224
98 50 26886 127
61 29 30025 714
67 12 7561 200
87 59 4301 40
44 89 28162 298
37 18 9819 74
97 53 44956 24
77 79 6858 61
79 30 18174 142
70 9 38629 43
46 25 43319 734
57 96 11130 169
13 50 45506 108
76 21 171169 91
24 85 28477 50
46 18 265651 41
19 7 25656 15
48 96 50634 386
6 57 27487 1143
83 86 58638 1268
73 70 19851 130
48 93 5854 55
74 61 14003 1524
38 75 24393 173
10 88 10427 51
74 23 32237 80
100 83 5119 39
3 96 12745 277
61 33 14193 32
37 14 97084 46
81 2772
96 671

7728578
