100 299 1 1
20 41 33638 508
20 72 34526 143
20 98 116145 75
20 69 77852 26
20 70 36374 193
20 42 49485 60
20 70 10630 60
20 93 7099 221
20 37 4586 236
20 89 5468 479
20 8 15794 133
20 72 9850 583
20 99 21080 301
20 18 14773 146
20 65 59293 330
20 38 3934 758
20 1 23470 199
20 100 2387 934
20 27 4537 111
20 40 31347 166
20 71 13714 190
20 30 4152 142
20 61 17431 28
20 80 90635 173
20 8 39200 90
20 23 3791 51
20 38 16201 54
20 45 80675 78
20 68 15359 819
20 100 19018 11
20 38 98023 93
20 32 9453 119
20 62 624 109
20 33 199850 292
20 47 5157 29
20 23 31381 39
20 51 205296 209
20 78 9110 396
20 90 4610 96
20 18 38508 94
20 52 10181 158
20 70 25075 747
20 13 7639 139
20 55 17180 244
20 49 9771 92
20 58 84094 161
20 64 35754 698
20 40 7639 252
20 51 58959 457
20 53 4091 213
20 81 30620 111
20 37 5368 674
20 34 11875 107
20 92 10494 28
20 70 20372 307
20 33 24369 75
20 29 65597 465
20 35 4669 97
20 85 13611 120
20 65 66974 62
20 19 4040 78
20 62 42932 638
20 53 36794 59
20 73 15948 103
20 7 5645 159
20 85 18333 31
20 88 46955 39
20 1 23017 48
20 51 19197 325
20 52 59254 126
20 72 77750 41
20 26 28641 430
20 21 17825 138
20 80 48887 253
20 14 13734 242
20 29 21747 341
20 75 18347 165
20 82 204233 627
20 30 21592 986
20 23 11663 205
20 13 33702 118
20 57 21725 138
20 47 60224 143
20 86 25081 106
20 62 102104 130
20 37 100890 30
20 100 48524 555
20 31 73954 92
20 30 47173 202
20 59 75731 547
20 17 31275 157
20 35 13809 282
20 19 11307 56
20 25 12051 539
20 5 44534 47
20 46 38163 150
20 4 7101 74
20 11 28326 652
20 48 9829 388
38 79 3756 99
100 22 66917 23
40 88 20655 1317
5 48 162289 276
21 89 27252 266
8 76 37834 147
31 46 13984 70
91 75 7291 347
32 84 26742 75
42 94 46374 1479
16 5 8934 172
16 65 19632 516
18 76 43669 42
29 38 36583 151
2 74 73546 183
66 32 41208 287
76 18 13928 46
90 73 30219 40
39 55 49081 251
24 19 58960 128
73 22 22007 55
67 18 106281 170
21 16 13362 97
82 98 18709 121
34 88 90769 313
1 89 12527 194
40 82 41601 83
34 6 37160 54
16 58 39229 119
15 92 38338 538
35 71 7023 170
38 11 16582 146
27 11 2731 361
55 3 29734 106
39 38 143692 367
36 10 38012 193
57 92 26923 103
78 85 17052 193
33 43 54223 434
100 74 66823 350
2 40 53806 175
12 89 146871 202
34 54 49363 343
28 68 28419 371
18 89 12792 24
16 3 5822 25
1 82 78645 124
57 54 21237 216
70 67 25546 139
5 6 60897 786
6 78 9544 294
90 28 33707 216
21 52 3766 407
45 61 9377 186
4 93 121369 1065
99 81 10853 232
41 16 18571 33
93 49 23141 372
95 34 9225 110
44 9 14634 59
57 66 30769 208
73 58 132461 737
48 34 19813 50
90 88 62140 173
95 93 17498 357
26 65 17583 164
47 94 30248 119
62 42 26404 711
39 15 29219 393
86 20 17362 313
57 27 30381 149
26 17 30411 101
86 23 27965 89
44 31 8771 104
50 67 3029 290
71 57 14959 178
33 82 21842 47
10 93 27356 347
23 86 8042 47
2 9 12173 26
6 22 59619 71
76 7 65965 70
74 6 16138 36
78 2 11528 120
86 62 58166 232
91 50 33103 281
69 21 8959 123
41 4 4598 283
23 92 8358 150
28 83 40294 576
46 77 23615 623
23 3 23780 97
91 8 14888 152
31 48 25201 1366
50 76 3524 317
48 1 38395 250
50 13 40054 307
77 7 14297 847
66 10 18373 58
79 34 24984 113
26 80 37624 85
94 63 10587 362
30 64 3816 2266
64 78 15313 107
22 87 11145 437
71 82 152807 135
69 81 15082 249
92 58 4539 94
34 97 72356 147
96 16 20999 895
17 45 20647 60
55 59 14015 42
3 99 35198 84
75 89 24239 64
89 81 25195 293
69 50 27490 159
48 86 114012 85
51 22 27965 109
5 40 3946 10
19 42 1742 442
45 32 10908 40
66 95 91490 37
23 88 81465 256
50 97 4894 25
47 13 16674 925
67 45 20330 192
70 63 14935 311
14 11 47621 42
52 27 46235 152
76 22 13895 87
43 53 33335 159
30 25 12070 94
77 96 36813 228
1 38 29314 76
75 16 69456 74
74 42 14923 592
13 71 27132 123
99 41 6757 388
15 85 8338 295
78 13 123917 58
66 49 197439 101
27 49 31551 2522
17 19 47915 51
90 86 23614 198
39 56 17096 127
34 7 142857 41
53 58 36627 30
72 84 4982 47
72 25 54553 118
51 85 42229 138
40 64 5166 298
28 13 15093 95
35 7 5127 180
52 61 5384 144
61 11 11586 138
27 22 60974 77
74 95 8868 113
54 31 97023 98
58 24 2474 190
15 47 7073 17
18 51 8927 96
78 66 52110 36
49 23 14410 1346
84 32 7899 110
57 24 17684 95
70 100 38814 459
96 82 61054 111
43 73 8974 67
1 17 8793 250
70 30 24814 166
11 99 4748 26
10 54 38278 48
49 41 20019 138
90 25 21452 442
22 19 5796 99
19 47 9084 512
6 54 15233 440
60 16 13003 30
92 5 20008 77
86 100 42889 107
9 54 16007 134
28 11 33095 229
89 25 30742 17
27 45 15863 102
10 65 11621 486
86 83 58188 213
90 34 13676 26
50 12 33257 886
54 36 95926 135
100 93 22170 275
92 80 9182 120
44 72 39866 129
5 98 22296 37
29 32 19000 396
10 63 19329 125
51 52 15558 36
96 38 8000 651
86 43 142795 58
45 39 38081 44
35 1 12896 68
20 1188
38 1748

31356311
