100 299 1 1
71 75 18440 55
71 27 38996 19
71 56 6580 142
71 34 34465 317
71 6 12576 56
71 83 44753 210
71 26 40441 335
71 67 46382 240
71 55 11184 181
71 19 16740 159
71 84 11324 670
71 20 49949 365
71 30 37812 135
71 79 11418 353
71 87 50872 262
71 67 8730 219
71 5 14173 137
71 56 6029 21
71 88 80512 250
71 40 8510 1012
71 53 22451 177
71 77 47375 63
71 8 9435 201
71 31 54138 109
71 29 97026 563
71 80 48960 140
71 47 56938 212
71 17 6819 159
71 52 30098 295
71 42 9121 56
71 40 11720 188
71 17 7966 144
71 86 60424 599
71 5 6438 914
71 5 2892 103
71 64 10784 55
71 44 96664 575
71 21 7335 172
71 30 9095 212
71 32 12399 191
71 79 48480 2848
71 99 20825 93
71 91 17514 512
71 66 24365 340
71 64 22616 146
71 60 31318 148
71 41 16749 13
71 89 10852 53
71 42 76375 49
71 69 36403 157
71 86 15618 82
71 9 9618 355
71 85 7847 235
71 87 214823 178
71 91 28873 621
71 39 14390 211
71 77 11293 462
71 44 27277 210
71 38 30218 40
71 9 30605 86
71 92 42825 294
71 80 7410 59
71 64 4841 116
71 43 19974 140
71 14 26146 296
71 15 8882 344
71 80 4748 328
71 31 2750 51
71 76 16733 246
71 75 5923 58
71 18 5708 520
71 26 78658 141
71 48 14764 264
71 24 46057 108
71 26 12447 50
71 91 66337 430
71 57 3594 240
71 56 36394 147
71 93 37945 984
71 24 111568 89
71 45 46888 33
71 57 10394 145
71 2 48275 104
71 75 11706 340
71 59 172501 12
71 90 26246 379
71 89 36441 264
71 25 10003 145
71 62 23347 111
71 65 4460 398
71 83 23873 55
71 18 7180 285
71 30 17307 30
71 57 26669 114
71 48 25089 36
71 59 22331 151
71 88 51249 53
71 53 164696 36
71 86 33109 888
96 80 11065 83
10 89 4525 200
84 95 19831 168
61 70 11946 410
28 6 11831 95
99 5 3620 269
35 18 42951 187
61 9 9778 39
65 98 24725 162
25 71 149558 65
85 75 5684 300
24 84 43879 569
34 87 10111 309
24 1 44466 493
75 55 6314 234
47 57 82526 127
25 98 28807 72
22 50 22428 72
31 92 26692 44
33 94 38096 190
82 12 9986 80
64 79 19322 260
87 56 98085 1255
10 70 7021 285
64 73 49341 51
79 3 27929 45
75 5 26474 307
14 3 44966 264
76 10 45472 28
2 81 56333 216
32 53 2502 896
38 73 11952 821
25 6 34898 67
89 66 6780 77
26 99 37456 62
44 28 13364 116
73 94 21160 210
71 70 26390 364
7 50 10984 325
66 3 60224 155
39 57 15688 229
34 47 56401 194
44 36 14545 609
1 99 44427 97
48 64 18046 362
5 3 10383 657
20 22 45528 269
33 39 10260 271
7 41 26982 107
36 6 39563 478
99 40 10673 232
74 53 32265 440
58 2 2016 861
42 89 37052 84
95 21 15538 243
37 79 19449 646
63 96 7958 59
25 30 63478 315
24 31 102416 1385
9 86 739 458
19 65 2758 183
45 25 10729 99
68 54 19677 193
70 5 25784 90
97 54 49938 75
78 37 14877 355
79 94 20720 116
42 56 83186 540
87 31 19035 175
29 38 1484 81
46 59 11751 373
35 67 143622 132
61 41 4556 244
37 8 8229 85
26 91 14309 145
73 68 8555 16
76 7 24796 133
20 71 56076 85
92 85 8702 625
94 15 9016 53
20 29 86440 73
26 3 3433 540
32 88 32843 91
95 46 452135 358
37 75 1025 106
47 71 27250 121
77 98 49234 43
26 73 27005 137
97 39 17536 557
11 70 32184 270
51 81 3418 87
24 81 63709 107
25 11 12119 20
50 25 10140 172
1 40 17796 286
9 40 23580 119
29 6 131543 104
31 100 46064 184
52 65 4061 80
53 6 10942 174
17 60 75750 155
93 26 15387 58
81 74 12907 57
19 47 44811 120
99 71 67891 30
25 72 7215 110
2 83 99642 54
84 89 5337 161
20 31 7300 90
94 9 47733 150
29 90 51984 276
38 70 17081 507
96 26 78100 165
97 68 11332 321
20 36 7273 526
39 85 7393 81
89 88 19583 798
91 29 68696 171
17 18 23946 411
75 49 11458 19
24 90 7999 352
76 28 30748 327
98 10 27826 81
73 67 26279 96
47 69 21578 102
73 14 12558 70
17 39 19368 731
59 77 11093 100
66 93 37641 778
79 64 19626 72
87 9 25953 431
47 19 9345 100
29 32 10169 156
14 83 35263 82
46 74 18357 66
9 100 38900 115
81 23 53620 1901
59 23 11458 209
87 13 24743 50
16 36 7260 321
27 26 40967 262
87 14 12160 278
51 16 18982 110
17 86 10093 311
13 5 15504 97
11 91 13100 181
33 99 120123 106
83 52 99104 126
42 49 10940 41
30 55 17335 407
36 95 22523 32
18 84 30926 347
19 72 17450 60
43 81 7575 97
35 8 1493 1447
82 70 4887 145
31 34 25418 43
60 10 43418 379
98 70 211633 400
54 60 100132 306
40 88 68145 188
89 77 13149 646
8 64 18994 385
27 55 82082 397
15 99 7553 15
80 8 8870 27
55 44 30712 1356
12 51 7816 42
33 46 19563 118
49 45 74282 1170
74 49 102155 156
54 44 25239 55
49 48 80984 112
24 51 3685 36
41 27 48800 260
96 4 94494 716
84 31 12246 61
55 67 12032 63
69 62 6798 63
6 26 10687 426
14 69 47504 186
56 52 43222 280
54 17 33188 217
76 94 19968 335
31 96 145672 307
47 96 3744 216
61 29 12684 178
98 40 29221 290
89 100 243921 408
7 59 22810 18
2 48 10737 70
22 32 8190 182
28 75 9075 21
76 57 4503 40
79 4 13225 199
26 94 8619 220
27 34 32730 492
56 16 49838 49
3 87 8379 102
44 45 34500 1942
71 200
70 221

5278000
