100 299 1 1
91 78 91383 81
91 75 10821 86
91 53 11802 112
91 60 21129 48
91 95 12168 133
91 2 19276 177
91 96 87981 29
91 30 3135 195
91 44 4833 61
91 84 66742 49
91 31 63865 248
91 68 22749 63
91 20 13711 375
91 9 44918 255
91 70 10807 577
91 46 15128 97
91 79 10640 84
91 61 38109 117
91 21 3768 309
91 12 28756 81
91 97 6757 432
91 4 15666 106
91 39 18949 77
91 51 14401 253
91 90 8861 1381
91 66 28900 533
91 62 2263 224
91 19 8168 79
91 56 20326 232
91 82 9319 214
91 38 11051 155
91 65 7852 425
91 94 5998 406
91 77 5455 155
91 37 11081 57
91 6 81536 75
91 93 17579 46
91 54 76152 86
91 57 59458 874
91 72 63176 8
91 74 15725 27
91 15 47941 235
91 89 7793 114
91 16 71876 85
91 18 12607 134
91 50 2622 153
91 29 29014 507
91 63 77633 285
91 80 14393 98
91 98 15924 252
91 59 88965 213
91 92 41274 236
91 88 8341 336
91 23 11438 53
91 34 64958 250
91 22 73831 17
91 47 8822 349
91 11 16592 944
91 7 5047 37
91 8 3481 105
91 17 5706 198
91 55 7783 62
91 87 63541 746
91 14 28780 69
91 71 40060 193
91 42 27125 940
91 41 9275 481
91 69 22063 90
91 99 16752 188
91 83 6066 53
91 13 41080 37
91 33 16884 104
91 1 9075 39
91 35 6572 699
91 52 20753 11
91 10 48053 105
91 36 44031 266
91 5 19187 113
91 45 76014 95
91 73 36185 127
91 32 37001 35
91 86 46396 82
91 27 8435 64
91 43 19980 122
91 67 4880 292
91 81 17194 198
91 24 14178 86
91 25 34229 181
91 48 22156 52
91 40 7492 213
91 85 11608 151
91 100 309771 1096
91 76 17407 342
91 64 166853 912
91 28 5294 155
91 26 19528 22
91 58 3684 85
91 49 10994 111
91 3 19026 47
16 46 59582 270
48 66 10367 67
4 24 8991 18
47 30 100843 121
96 84 16548 480
89 81 27368 1137
47 58 128345 49
78 99 4704 210
30 37 3892 191
63 60 27321 531
88 36 13728 305
98 1 8598 48
43 51 8982 31
85 47 45893 578
76 7 56925 115
79 45 14161 69
26 84 13309 394
66 60 9215 56
60 22 25218 97
2 20 36737 468
76 63 23333 396
19 4 26334 100
3 75 11150 108
10 98 47064 137
18 29 17623 64
5 12 74154 126
64 68 16803 77
51 12 21846 109
33 94 36637 424
64 13 12873 307
14 16 18732 160
4 30 15975 72
70 90 3072 81
88 28 116774 185
51 91 7252 133
23 22 50996 923
79 41 6949 179
61 58 5602 57
41 67 74968 36
75 48 18747 152
87 24 9929 320
58 22 29464 63
75 25 97109 65
92 82 18097 46
60 62 7811 92
61 80 112786 21
49 29 21074 499
45 57 23966 162
45 90 81536 85
78 49 16770 274
23 43 23035 18
11 8 29309 341
54 55 100371 666
30 88 54657 132
36 51 11442 79
74 70 7348 366
34 66 56426 215
43 93 20704 120
34 12 14552 163
40 81 10101 240
87 22 2413 171
20 28 4075 64
53 64 13413 250
59 13 26610 361
74 86 63355 1122
11 71 36313 918
75 82 48237 218
44 73 66121 245
6 33 63272 272
78 54 13428 306
99 31 27162 121
74 68 1925 264
72 42 17361 90
17 10 36053 280
44 45 14913 137
10 45 249005 103
37 23 95189 529
90 76 8264 69
11 31 10830 94
17 33 24362 275
78 8 7448 5362
80 31 23248 38
62 47 15599 57
66 64 89997 277
29 4 176732 30
9 99 5675 28
50 70 18054 455
97 40 11801 158
14 84 39462 124
71 16 10252 76
34 57 128891 190
14 82 24833 36
93 56 35167 45
23 97 41938 181
76 23 85670 384
27 80 21884 42
65 31 10989 208
50 40 30992 49
7 61 14453 174
51 77 84069 44
80 10 43193 99
86 27 7892 33
30 29 9502 268
12 52 64753 33
33 51 4622 98
86 24 19054 64
89 55 12642 58
22 60 101845 141
25 41 4742 218
35 10 21920 143
47 60 153406 39
14 20 69140 68
82 39 18407 696
84 39 72752 771
84 19 19026 100
93 95 64323 387
66 77 30744 59
15 27 11363 89
45 71 14610 270
67 80 28434 33
44 1 28158 73
49 65 19374 993
62 4 15847 32
10 72 16299 829
94 33 88631 18
66 25 22290 839
33 79 52852 76
71 2 9310 72
15 48 16465 105
20 65 28318 124
40 46 59997 103
94 7 109775 125
63 51 31095 153
14 42 8928 15
25 95 6889 67
26 97 12661 16
12 56 8596 139
20 96 18143 299
55 50 132646 62
96 15 41471 123
12 51 28482 263
77 86 26875 289
14 64 42719 194
85 31 62632 360
55 7 18852 29
8 46 6521 54
2 100 6935 854
82 19 8134 213
54 84 24705 489
99 85 20980 458
9 88 58091 128
49 100 7099 948
43 41 34906 220
10 53 9540 149
71 70 11312 540
53 83 9286 55
85 20 16475 18
53 76 15462 439
63 66 15475 417
39 78 10523 228
95 31 33248 282
28 82 11864 131
94 83 4168 44
74 56 17417 27
7 89 25788 75
10 92 3621 298
24 75 95705 139
75 97 68810 647
35 74 22670 9
55 81 13892 93
71 48 63727 28
5 9 18254 58
25 92 35331 89
94 55 31571 24
92 68 53586 63
29 36 26321 137
49 77 64311 342
66 86 13051 97
85 35 48042 469
93 40 83599 263
5 81 11989 164
67 58 8821 1328
69 13 17697 464
58 72 2751 205
87 68 10148 158
65 1 16539 61
21 46 24790 99
60 63 18124 141
42 19 56652 144
12 43 13132 255
73 98 13466 501
77 73 14104 343
12 50 25768 412
27 60 142192 149
39 59 35776 256
69 45 38400 144
97 23 141027 50
5 62 4140 17
62 57 77709 177
18 86 26834 106
91 495
31 211

4001194
