100 299 1 1
45 18 20912 51
45 55 4015 445
45 81 25002 46
45 29 16592 63
45 71 84225 62
45 12 17696 260
45 43 61021 78
45 29 21571 82
45 27 54441 91
45 28 7346 1163
45 50 29100 63
45 82 7722 192
45 83 8978 514
45 95 77252 630
45 82 12998 339
45 15 169766 97
45 73 4057 79
45 65 54665 186
45 91 18355 47
45 50 43350 80
45 20 7737 115
45 22 30189 117
45 86 62967 305
45 57 10634 105
45 88 50431 69
45 53 16905 142
45 7 6730 432
45 42 12348 91
45 95 23955 491
45 36 5224 113
45 71 57176 115
45 14 6611 329
45 23 6822 92
45 42 5158 47
45 39 15852 218
45 1 15736 143
45 93 21908 688
45 36 27745 124
45 20 11322 329
45 5 11339 1073
45 78 3565 398
45 94 33682 1673
45 1 27272 282
45 37 8442 88
45 17 13415 69
45 30 6811 28
45 57 41273 71
45 32 46903 760
45 90 21234 22
45 63 6915 309
45 44 84739 14
45 76 24305 226
45 56 13810 50
45 7 18184 180
45 69 24447 79
45 13 33104 201
45 96 11103 108
45 13 15590 209
45 98 43399 56
45 97 23108 51
45 3 35467 288
45 80 28285 120
45 14 20275 747
45 49 23266 687
45 22 128705 150
45 18 43939 346
45 96 6531 140
45 52 37049 71
45 20 3705 83
45 98 8358 186
45 71 16059 367
45 28 6727 119
45 90 8839 588
45 7 91340 209
45 61 98675 333
45 65 37513 102
45 2 13068 26
45 13 22666 235
45 51 26131 110
45 53 18425 82
45 64 122234 89
45 53 7708 66
45 54 23979 133
45 89 52432 273
45 77 7928 152
45 61 29367 78
45 24 7199 215
45 100 72621 186
45 9 14281 231
45 63 1783 283
45 85 33307 181
45 58 28599 37
45 16 7117 52
45 41 130109 320
45 57 4556 48
45 41 58826 25
45 82 13335 52
45 64 10570 223
45 26 22835 106
43 22 61230 175
10 60 53789 126
51 20 15592 574
81 50 10363 83
16 46 15887 41
48 3 42711 84
3 76 60993 110
93 18 48777 145
19 22 20494 469
47 91 5495 100
6 84 18944 250
92 66 13000 2401
99 19 18369 348
100 10 11172 1223
43 82 26521 878
48 4 21523 27
66 85 6481 131
84 36 50414 208
12 83 5297 517
58 41 11067 149
17 26 21523 64
94 85 25718 72
62 24 18172 290
80 39 14229 162
17 64 80376 201
39 26 12590 125
70 99 41184 67
15 81 16834 388
4 47 17055 61
46 70 7638 225
50 89 2493 19
10 26 18955 25
19 76 32763 22
91 93 85896 62
83 70 13376 144
28 5 75123 225
16 28 60476 413
48 88 66364 45
79 45 43260 388
5 89 19875 92
59 100 6983 595
63 62 13483 115
55 46 8667 1720
3 72 56731 125
59 74 25234 298
25 90 29239 54
61 30 75933 205
32 74 8117 39
77 66 10458 174
26 20 14898 85
85 70 32504 166
97 50 48219 417
44 5 10226 501
55 56 26567 652
65 2 9728 66
62 41 132125 61
84 41 4564 41
23 97 12157 61
25 66 95769 771
58 57 40265 70
52 56 2574 354
20 83 47093 226
32 50 6142 190
1 39 8248 135
5 32 22503 139
32 3 7859 73
80 14 9569 417
68 90 25786 64
71 66 9484 139
56 68 52937 101
48 14 16579 571
79 4 8443 315
34 5 23395 234
63 76 9078 660
73 3 9174 175
5 100 134355 95
23 19 15040 236
88 41 10297 560
59 5 44712 319
91 96 36980 114
1 55 53699 364
66 80 35331 102
39 20 118406 170
68 58 27324 240
99 70 2382 216
70 47 10139 85
88 45 390134 374
21 13 6980 58
19 24 36195 101
99 98 87685 69
39 32 138225 312
87 96 38663 147
54 28 8527 114
57 64 4621 109
55 98 9097 394
98 40 305603 22
13 62 7145 474
29 37 17445 153
54 49 97485 47
32 56 6643 198
49 99 28266 13
21 86 164182 102
100 63 20224 85
3 17 58192 73
96 97 117319 104
57 7 2411 313
28 40 6281 197
3 100 21773 75
55 63 58549 109
34 100 4314 200
61 8 25167 267
89 84 108215 57
70 84 94841 76
23 52 58623 340
29 71 101545 307
95 7 60432 25
24 4 19851 51
64 19 46820 665
28 6 27029 200
42 3 13425 70
61 34 54945 209
22 83 19746 967
77 80 10094 54
27 57 18521 1045
35 33 24362 277
38 99 26055 128
34 55 13499 597
95 31 12202 30
94 73 11375 240
59 41 15439 1041
30 71 16457 128
41 32 22380 191
28 54 45191 109
27 73 68048 86
33 81 13378 198
93 68 41446 148
57 71 57383 105
5 2 1522 69
26 80 91431 152
12 67 92796 97
94 45 17428 52
28 97 4325 852
52 30 19311 72
66 95 252473 47
30 27 92128 209
6 8 9677 562
92 64 19070 68
22 46 50410 416
5 9 12317 227
23 89 8908 20
65 54 28749 117
2 68 89524 1234
8 48 85868 109
19 80 9370 51
62 51 6043 84
81 96 23342 84
86 76 9370 43
32 60 28875 199
88 27 25233 124
58 8 36099 285
70 25 11918 89
2 74 54531 474
4 38 47320 38
86 51 20446 205
81 61 13755 28
7 16 208445 33
20 4 9988 556
70 31 41677 145
11 50 83654 397
88 46 18180 98
91 69 14858 268
52 97 138500 327
75 61 33182 226
27 78 55512 152
46 31 3155 898
81 31 23408 109
83 13 23280 99
92 34 19569 135
54 95 5116 73
99 71 27263 86
17 25 21439 292
44 59 5666 187
10 96 4012 376
25 21 36194 135
12 16 8666 85
94 91 23912 204
8 41 40134 141
47 67 19550 96
96 39 29050 228
68 13 31661 291
76 95 50686 239
12 80 6674 253
68 78 11205 95
10 7 32925 207
18 22 33660 275
99 44 20023 260
37 88 6391 114
46 37 3649 130
7 23 5776 364
55 71 49660 200
45 99
71 689

1589841
