100 299 1 1
48 43 6115 189
48 36 25664 302
48 34 16479 99
48 42 81097 221
48 12 44355 58
48 3 13355 75
48 73 10762 279
48 62 21324 49
48 54 41405 492
48 55 25929 83
48 99 31860 308
48 95 18122 50
48 56 25419 369
48 61 68986 292
48 92 36983 72
48 30 17687 279
48 28 23886 225
48 79 101622 24
48 64 9578 244
48 93 23063 498
48 71 14326 58
48 20 11915 194
48 39 40606 33
48 76 8204 344
48 37 6309 46
48 65 101736 71
48 90 36934 122
48 17 8526 86
48 78 10413 31
48 44 13390 123
48 29 6726 168
48 87 28782 353
48 10 21857 493
48 85 12344 101
48 68 25932 46
48 22 12190 415
48 66 26340 81
48 97 13712 536
48 1 20433 100
48 27 35809 68
48 16 11292 66
48 4 18707 168
48 41 85781 40
48 9 2775 93
48 6 58531 125
48 8 11655 225
48 72 45523 135
48 96 11965 385
48 21 19151 184
48 49 1495 77
48 63 25784 272
48 18 29575 245
48 38 3144 220
48 31 9492 66
48 91 34392 107
48 75 18783 171
48 19 70464 159
48 25 41611 62
48 47 59045 52
48 82 22426 74
48 45 93233 125
48 100 32912 68
48 26 33648 126
48 86 80629 83
48 77 32050 382
48 80 61211 204
48 32 14821 314
48 84 21147 205
48 52 13022 69
48 14 38239 230
48 74 10282 128
48 2 12440 123
48 53 24648 96
48 40 15777 332
48 11 29578 93
48 59 51971 601
48 33 14838 72
48 5 26543 369
48 94 15907 30
48 13 3315 980
48 46 62151 102
48 88 18722 431
48 51 21208 80
48 98 6491 60
48 24 19200 106
48 89 32934 386
48 23 20745 519
48 67 5461 220
48 57 9064 47
48 15 26168 201
48 7 21955 82
48 35 23513 138
48 60 197024 58
48 58 38662 366
48 70 84657 423
48 83 21149 529
48 50 48881 648
48 69 29210 222
48 81 16102 83
56 89 10347 183
76 63 40577 48
100 33 22627 286
21 16 23974 545
65 79 80812 139
84 63 6653 81
69 77 83708 472
84 77 10833 111
8 45 8471 42
70 95 18169 47
98 53 10139 474
53 34 27369 55
92 2 137102 206
30 64 4343 113
60 38 35101 157
13 80 46655 104
22 45 51672 62
76 21 21846 17
64 28 21032 78
20 18 58729 305
20 55 61250 41
89 21 58595 36
31 40 19578 94
95 72 43779 385
81 66 29671 62
77 38 16720 211
66 14 18470 93
24 47 69518 100
77 58 11128 27
90 13 40461 273
40 29 30309 3265
53 17 49948 27
52 7 16469 51
23 15 64829 66
7 92 31440 28
63 98 20836 56
97 2 13916 113
15 41 9849 217
44 45 6293 45
83 98 2185 324
25 71 12117 172
38 35 3512 61
36 8 105378 75
86 57 11153 183
40 23 18786 296
15 2 25267 394
90 2 17722 203
8 43 3165 323
98 17 53510 376
57 46 39768 360
11 53 7057 197
18 89 14634 248
70 78 92220 28
57 28 10691 88
37 92 7245 254
31 73 31283 1454
36 69 5375 76
49 11 4562 71
40 14 16489 98
95 52 55231 81
60 53 32152 473
34 24 67864 611
47 71 17184 154
16 92 34799 483
46 76 35914 170
23 74 19210 103
39 78 30805 110
93 52 26942 263
27 76 20020 107
31 10 34399 53
89 8 23895 433
53 27 69729 48
23 99 16436 47
23 29 70067 453
95 96 29984 192
17 6 7868 100
51 88 35851 146
37 7 28219 1036
27 15 19135 253
5 48 103783 107
19 40 45094 211
90 40 94685 418
64 38 20178 840
83 19 16682 68
84 70 10169 866
18 79 68683 863
66 79 110952 298
80 94 25393 535
36 50 3384 64
26 36 38964 76
46 78 75357 377
11 3 47719 56
36 12 10885 174
1 36 90158 136
94 23 5816 234
9 58 75202 397
67 55 4903 474
70 81 6746 18
78 28 6540 22
68 41 19843 53
22 1 71372 360
38 40 25510 135
72 54 17384 65
41 89 11607 175
5 69 10857 165
14 34 102122 1050
91 58 45959 37
35 40 7275 92
43 97 36625 748
91 59 21064 200
88 55 9075 157
11 62 31248 139
51 32 67567 42
2 57 12592 275
9 79 14467 121
27 75 4076 152
39 27 10625 111
80 86 39954 24
100 20 12247 229
29 78 7994 87
32 27 19346 64
69 89 23723 189
15 33 51148 403
70 7 90177 138
80 4 44368 113
34 8 34148 1588
51 78 58529 423
78 36 4630 887
16 30 12273 61
55 46 65222 129
86 62 22739 130
81 75 10237 135
70 56 14353 117
73 53 38518 23
97 18 7800 86
12 79 71304 1271
12 5 8788 240
82 16 22502 17
17 9 55289 27
53 42 5221 65
39 72 49818 412
67 38 6364 26
16 13 33016 125
71 38 23041 772
94 60 7107 296
85 65 41485 75
59 51 16161 84
14 93 15087 25
42 52 40912 33
76 85 7650 46
30 41 12674 312
73 89 15311 211
74 14 10951 46
18 55 42868 72
87 21 9558 270
46 39 27132 70
86 79 62560 83
5 66 9798 149
27 49 61949 149
69 90 7872 71
53 72 9320 300
79 66 48988 347
78 47 29638 96
11 22 45319 104
50 82 7585 651
88 80 68922 131
54 58 33893 45
10 16 13852 46
47 57 9459 154
47 61 8959 118
4 51 53323 63
33 5 67538 114
71 7 14327 47
70 20 25583 410
53 22 29189 568
13 18 15334 1071
81 92 16696 287
88 14 6312 37
41 22 12164 263
82 81 34000 320
32 22 62641 107
1 14 13462 119
87 50 11623 79
98 70 16946 41
55 5 59350 121
39 18 242434 95
16 71 37684 55
36 56 27923 127
100 71 11532 71
56 27 32257 226
59 15 9975 312
97 82 10602 228
32 52 33642 217
78 21 5518 279
43 67 24916 124
9 47 11846 373
50 84 5155 82
54 33 6843 114
18 60 37200 56
70 35 8041 62
48 495
79 456

33060672
