100 299 1 1
92 80 25982 256
92 29 40193 442
92 51 21466 285
92 6 5581 96
92 3 47129 124
92 57 10024 195
92 50 27164 231
92 99 83426 422
92 53 47483 846
92 13 119249 39
92 45 72056 71
92 83 6996 65
92 100 7934 1400
92 23 21118 2731
92 1 25448 29
92 96 17305 151
92 27 16751 39
92 16 14916 244
92 66 23458 119
92 72 1984 70
92 47 65470 1135
92 36 9739 601
92 99 16722 113
92 61 19308 196
92 27 22958 752
92 2 8345 191
92 49 37515 75
92 85 55898 399
92 64 22468 224
92 43 38028 130
92 29 12288 124
92 70 47622 30
92 72 128603 302
92 75 26237 36
92 74 7568 938
92 12 192002 523
92 9 7367 290
92 6 32259 78
92 70 10279 320
92 24 16456 96
92 59 14118 61
92 57 20779 337
92 75 48949 66
92 95 33866 60
92 83 5600 22
92 60 43393 83
92 93 21170 196
92 74 8933 805
92 93 12267 122
92 85 60463 121
92 39 22421 35
92 27 14086 647
92 76 52090 86
92 26 33834 201
92 90 33255 156
92 5 11300 315
92 96 15804 461
92 22 18904 31
92 4 3222 14
92 13 5333 66
92 38 9980 47
92 57 4198 85
92 91 9847 319
92 28 2108 106
92 90 60458 159
92 70 34057 114
92 54 17338 15
92 27 9749 121
92 61 12626 119
92 19 44678 517
92 81 15382 2925
92 17 18572 726
92 21 60078 60
92 45 9344 44
92 89 11156 219
92 44 11914 284
92 73 11397 175
92 99 52783 31
92 3 21490 67
92 25 42212 70
92 88 18769 1192
92 18 19031 226
92 74 15702 305
92 6 15492 89
92 26 129131 426
92 91 4637 57
92 6 49064 50
92 33 85310 135
92 20 10720 83
92 5 127087 214
92 31 18972 598
92 82 22158 149
92 65 29222 79
92 17 25697 77
92 37 47751 508
92 44 35753 168
92 88 16397 186
92 42 197851 32
92 87 13679 142
43 8 36516 478
23 98 41127 399
12 48 5722 343
47 66 19190 196
89 18 4854 500
2 66 19290 175
95 50 61982 474
11 83 13840 77
26 32 29955 305
20 71 27495 59
3 26 73083 1361
54 30 6057 802
86 42 16596 276
78 29 3005 118
41 56 44864 76
22 58 73193 23
67 74 109571 405
98 59 41263 121
56 5 10401 690
24 29 14004 53
42 60 62732 247
64 87 30746 463
10 87 22811 69
83 59 20229 198
35 19 9202 140
79 68 21877 221
40 65 8152 84
74 47 13563 205
37 69 26062 51
15 30 20651 253
1 74 11541 18
9 55 52377 128
44 95 164855 61
19 51 51899 116
66 8 2956 3670
40 82 49108 74
46 50 23443 137
29 77 17936 90
65 99 29111 220
10 36 85862 356
84 3 17844 141
56 66 19770 1176
97 83 11023 222
6 39 4241 322
62 95 76472 262
9 31 50018 399
78 94 10211 30
27 29 6460 647
8 90 61915 126
47 23 19647 1321
49 84 6661 209
50 82 15605 72
15 65 10556 124
34 61 30697 107
34 27 8805 121
83 62 52614 1473
16 98 39138 584
70 18 73076 120
57 83 40607 240
6 85 9923 85
87 62 1816 347
34 77 5492 185
6 50 19939 1160
34 29 28122 210
96 77 4801 88
54 57 5321 46
7 64 19243 152
2 24 10351 74
88 54 61330 100
88 22 45612 550
15 2 11275 173
11 35 15611 76
19 32 2490 192
12 27 8141 325
5 67 30301 42
87 32 6334 40
10 90 4443 121
77 54 57321 133
85 28 13973 206
14 52 27365 23
35 63 25345 64
80 9 92907 9
97 14 59703 93
56 67 136337 82
89 33 4739 120
43 65 22378 247
62 8 39640 218
37 4 37231 42
87 13 111719 292
90 10 16529 202
75 13 4771 60
45 46 110849 164
50 85 3046 81
76 69 22947 111
64 92 15588 331
88 44 256622 240
66 32 48728 87
5 82 32616 22
26 89 48897 31
13 67 15517 80
71 67 15621 416
7 23 73112 139
89 73 11922 216
42 88 91458 101
92 58 7104 283
55 66 45912 363
68 93 5300 1159
7 2 37617 152
18 28 91778 72
37 3 1976 482
11 47 27358 43
18 42 22454 85
77 6 4122 73
62 30 9030 65
57 89 53473 103
88 77 1546 1986
55 74 18452 428
90 31 8597 1007
47 29 19329 135
37 70 57815 249
26 3 22627 81
76 21 90239 46
54 23 65520 76
2 26 61445 329
23 43 5795 48
79 78 1089 117
23 87 27357 7
30 14 23775 160
91 76 16307 1051
32 41 15658 278
51 79 7914 137
13 31 12263 37
95 31 24075 333
32 87 47362 419
23 13 5497 57
60 3 38444 2084
81 72 42016 142
50 27 70924 89
21 46 87354 61
46 16 26591 382
9 11 18700 21
38 42 36132 64
27 49 38135 147
12 23 13665 91
76 70 64496 165
59 56 50165 75
91 63 45514 394
77 19 41214 85
54 1 81940 62
37 23 10011 367
75 22 102931 142
99 12 60792 394
37 17 32300 287
36 23 53882 78
80 78 10460 17
44 23 10492 617
52 92 76536 233
21 69 127081 33
59 89 4109 16
75 20 17486 531
8 38 23625 45
16 49 194266 84
32 19 18266 294
94 57 41355 206
50 32 9272 137
37 20 122710 27
40 41 146053 93
57 60 25396 39
21 42 148517 27
49 99 13638 86
31 89 103166 345
64 38 8487 123
16 53 21939 230
83 51 27275 54
54 36 12413 104
82 1 3501 388
54 99 16429 176
13 61 5454 44
48 27 48487 20
46 25 11902 149
69 37 14368 203
57 19 26471 92
64 33 6989 214
99 83 37299 82
93 17 7187 52
50 74 10890 187
17 42 58676 701
86 36 16334 57
7 40 9198 140
100 14 70891 176
16 68 51214 56
11 6 16499 55
97 24 6896 138
71 31 15688 362
89 63 30635 473
52 30 10736 119
100 88 5367 223
49 13 5140 34
72 90 10989 87
95 27 12603 106
92 700
27 1705

9335423
