100 299 1 1
61 94 33753 556
61 96 12687 197
61 82 6792 201
61 84 37003 164
61 71 90388 342
61 24 25371 311
61 60 51957 33
61 40 50737 132
61 64 14783 262
61 12 6386 181
61 35 36215 215
61 45 54294 371
61 36 216910 127
61 1 54350 547
61 13 45993 50
61 91 43582 283
61 78 5280 407
61 27 11654 148
61 59 45628 99
61 86 58664 378
61 68 158111 297
61 31 20307 299
61 43 7664 27
61 51 10154 312
61 42 38804 1656
61 44 15589 218
61 49 31391 309
61 5 18610 20
61 52 39583 83
61 41 121816 54
61 22 2790 820
61 11 22009 280
61 90 25081 33
61 21 20126 107
61 9 69564 301
61 58 13418 198
61 15 33131 49
61 19 28753 181
61 75 67428 242
61 10 22955 61
61 79 55857 4089
61 88 64176 144
61 99 155129 364
61 6 25946 379
61 95 47284 112
61 72 12221 82
61 7 2822 52
61 77 10761 81
61 92 18550 116
61 74 8908 743
61 76 18470 661
61 25 19719 25
61 47 25282 83
61 56 145626 33
61 73 38094 429
61 81 11943 302
61 83 123268 245
61 26 25823 53
61 39 42178 739
61 16 41423 215
61 97 51354 545
61 3 13299 338
61 4 18742 125
61 38 11692 24
61 80 54486 109
61 34 22236 95
61 30 40737 276
61 53 134889 61
61 57 188550 174
61 65 12443 203
61 20 10252 32
61 8 29552 129
61 100 8138 150
61 55 152485 171
61 69 19570 109
61 23 3663 195
61 89 6755 140
61 85 29951 87
61 48 14778 105
61 2 44354 21
61 70 27413 214
61 50 15598 386
61 14 25583 74
61 87 30812 154
61 37 4346 863
61 93 9496 195
61 17 15515 169
61 28 2858 50
61 29 79675 45
61 62 14740 50
61 32 2991 27
61 63 28075 50
61 33 12743 57
61 67 35391 72
61 98 6168 166
61 54 11336 92
61 66 52567 593
61 46 6912 38
61 18 18368 833
35 50 22541 363
55 70 95510 225
74 11 13858 513
76 2 22158 186
57 9 10300 180
50 93 17536 5
27 29 18213 50
78 83 23333 67
48 33 17612 212
11 75 109300 160
67 7 74212 170
94 19 23398 289
22 90 18564 186
43 78 45269 97
3 76 18346 402
92 4 1448 345
8 82 71744 106
20 69 53944 106
74 69 28200 161
63 80 63719 263
32 99 54433 517
26 38 61865 861
21 47 5294 82
63 6 15191 671
32 12 67489 61
49 23 9495 108
72 78 17847 129
4 30 16588 456
57 56 39569 33
24 13 32445 80
38 50 6327 102
76 3 42711 49
65 73 1868 121
57 15 34410 93
8 39 29336 401
41 75 32985 21
100 67 3617 103
48 72 43186 251
33 69 18119 282
14 69 22308 78
15 77 37171 43
65 7 36538 105
97 59 13895 192
44 65 30921 50
42 23 2431 173
69 64 14833 153
9 41 53052 521
54 11 42916 86
81 64 109703 357
51 14 17047 1448
38 87 15705 412
37 94 15950 452
48 82 9294 222
5 65 26973 356
85 70 6210 117
59 27 8098 43
1 68 28020 249
32 50 2585 21
64 80 30208 125
88 2 2256 191
66 53 29088 44
1 6 29568 342
41 57 27807 427
92 73 4802 82
72 26 117034 117
87 47 8469 57
38 11 7266 104
90 98 56059 774
81 89 28668 8
1 84 42784 480
64 82 66629 474
19 94 64947 47
98 60 20695 12
74 98 62925 81
44 47 13654 320
22 67 56554 9
99 37 7842 160
6 86 30355 504
16 75 43549 366
19 27 11584 193
40 84 40490 183
83 100 50773 80
40 13 26951 68
42 15 6351 100
36 94 105783 286
35 33 43195 71
69 6 14253 197
55 1 25325 144
44 30 7329 501
80 79 13960 439
24 88 20361 213
49 59 1628 65
40 1 15850 566
54 79 83079 308
6 36 76154 542
13 74 7820 194
64 30 81486 774
89 61 15333 174
71 81 6629 121
67 31 11799 188
73 34 6209 241
12 14 77852 4150
67 32 13841 312
76 1 4204 17
76 21 16151 170
62 52 34447 101
78 71 7034 133
88 58 3118 816
20 15 35466 32
99 96 37369 173
27 50 26398 520
4 37 65745 188
75 45 15659 126
93 89 33600 127
70 67 8752 73
48 85 9258 1029
34 60 7782 422
56 43 33715 230
6 38 14986 201
9 61 5359 271
63 46 73571 173
57 83 6302 83
68 57 4335 61
9 99 6765 333
1 66 18193 248
9 70 4554 215
81 24 184458 160
63 26 43422 130
97 39 12431 112
49 42 41559 346
69 94 141930 70
27 8 13165 187
11 13 12089 48
83 62 4765 56
52 87 143945 225
75 79 15157 194
30 91 63320 256
12 83 2423 11
26 73 13918 107
87 64 11407 196
9 97 14896 160
31 84 88292 137
23 100 14531 103
71 64 47097 181
40 45 213637 149
78 44 5046 181
92 29 15967 32
78 17 18453 233
13 65 4159 122
23 37 22268 204
73 6 6678 399
95 1 8420 52
26 45 10196 100
44 5 11389 44
73 24 37183 23
1 74 9677 146
85 44 13574 180
17 9 222648 739
73 26 33608 685
27 4 2954 112
75 34 78989 189
98 63 24776 305
87 61 40109 572
34 8 133551 582
25 33 50817 106
58 9 25463 332
56 69 14482 365
40 2 42413 193
96 51 8202 66
26 63 13318 97
56 32 18067 2990
89 68 9146 1322
36 11 54381 379
23 90 28929 25
32 62 326077 170
83 10 19938 147
93 51 9038 99
89 23 14983 41
77 51 47195 48
36 6 46397 167
53 25 9892 68
38 7 10273 76
76 96 8916 784
78 54 9312 106
68 67 26447 32
75 53 39175 135
48 97 9992 177
94 2 25297 101
6 63 31763 41
16 84 31282 20
24 38 50347 137
71 100 10576 53
66 43 84507 91
20 97 47413 91
36 52 34786 105
14 80 11318 39
79 63 10841 11
3 57 8969 46
94 64 51547 44
53 23 40911 23
61 99
69 56

1095920
