100 299 1 1
33 60 99766 347
33 14 60730 42
33 1 21476 85
33 78 20922 328
33 54 20889 811
33 24 40151 330
33 6 36398 707
33 5 20023 133
33 66 6334 237
33 3 35769 79
33 72 3111 51
33 23 8994 67
33 7 27590 51
33 70 8034 47
33 93 27514 285
33 21 53270 215
33 2 9287 63
33 11 55498 25
33 63 9426 54
33 52 140516 147
33 67 6106 212
33 61 31102 746
33 19 19567 414
33 74 7951 23
33 79 17937 192
33 57 85787 73
33 69 24237 218
33 15 59936 40
33 97 1506 205
33 30 46674 64
33 13 22754 83
33 82 8488 34
33 18 27510 571
33 68 17212 82
33 42 115511 114
33 73 105250 46
33 48 70612 59
33 32 34221 116
33 12 60780 72
33 76 49429 115
33 81 15620 89
33 16 9614 106
33 75 116916 46
33 17 90804 232
33 87 18731 376
33 71 27975 247
33 92 18680 42
33 38 18599 132
33 85 128037 135
33 45 6237 54
33 41 15725 165
33 9 68765 1000
33 95 35545 26
33 59 22488 286
33 25 20173 60
33 36 14053 335
33 89 7226 382
33 22 8702 171
33 56 25978 253
33 8 6795 179
33 64 362797 186
33 26 16582 419
33 31 60114 39
33 94 24825 88
33 55 4282 154
33 4 20129 87
33 62 55150 57
33 86 20808 873
33 20 33424 165
33 83 11069 22
33 46 26255 451
33 84 25426 175
33 44 77761 17
33 90 32619 300
33 88 4808 71
33 34 163979 63
33 91 166100 726
33 96 4963 236
33 10 7154 448
33 77 32568 67
33 39 7976 206
33 27 10708 258
33 53 29537 120
33 28 35831 119
33 99 20545 207
33 80 13340 249
33 51 7704 285
33 47 12221 1038
33 98 32440 66
33 43 8044 436
33 37 37096 1970
33 29 20983 498
33 65 7875 83
33 58 25955 228
33 49 19131 256
33 50 16192 387
33 35 64253 132
33 40 23264 922
33 100 47162 351
26 84 10401 19
14 32 7532 28
67 95 18898 554
21 56 19292 61
9 5 32124 294
91 79 19099 105
39 91 3030 174
95 53 11736 170
63 74 27769 108
36 30 21624 91
71 73 4625 368
72 51 7754 297
97 56 29027 371
63 57 10732 161
49 93 8898 62
69 68 248530 175
61 90 37878 67
87 74 29064 195
12 53 17735 172
13 42 5290 41
51 72 3404 92
83 85 119896 116
14 7 192899 58
72 61 42361 24
29 100 10116 134
89 34 50243 79
86 4 15754 136
89 30 12044 532
55 48 3963 66
92 52 15582 150
69 15 187075 125
77 41 13646 172
16 83 36851 222
56 47 1400 89
54 85 8057 2067
67 46 16794 139
14 10 3985 131
100 65 20241 76
94 26 14840 332
85 46 6180 861
21 20 31804 27
75 100 3851 236
61 38 44697 48
36 8 103704 120
100 5 24549 442
56 77 14526 745
90 56 19566 156
17 41 8821 76
96 19 83532 334
26 21 12366 359
85 18 2859 32
6 76 35818 816
36 35 6830 66
64 62 153013 70
55 71 24852 97
85 74 14539 3901
2 91 59094 195
8 21 6895 272
73 70 1374 127
43 15 36204 455
20 81 21684 135
23 19 23350 265
37 30 5600 148
10 80 60863 318
87 61 51572 143
19 28 7660 26
72 93 41828 34
36 51 9581 247
49 66 107385 428
93 72 4315 214
57 86 17823 114
15 24 25465 473
8 87 34623 194
65 85 85042 364
78 53 27971 42
62 39 5365 1108
30 59 17822 248
70 55 52733 17
79 80 89074 70
61 53 3053 161
50 26 6765 148
1 89 22968 649
6 19 29530 312
36 33 16245 571
67 53 80393 28
42 78 32604 1094
46 98 44179 35
43 29 18922 181
73 97 28469 340
91 33 6771 412
16 87 37444 40
6 63 117987 20
75 49 8828 685
9 47 83159 162
70 59 22220 124
8 19 22582 760
62 52 47887 186
69 82 39299 102
34 54 18598 220
5 34 14111 106
77 68 18827 111
10 59 17025 411
89 12 102154 110
93 49 48733 399
58 52 39142 117
77 62 23557 172
16 79 42259 645
4 11 100269 652
97 31 26803 378
95 44 25860 154
11 69 70791 59
42 28 47253 164
25 63 8563 41
99 12 28507 28
92 3 103265 279
1 43 78692 52
62 20 10166 145
83 39 16084 556
16 72 48272 133
8 100 40444 884
20 71 16999 212
51 26 14982 89
60 15 67236 93
51 41 116140 64
21 17 23175 100
47 91 31898 61
82 86 47254 173
73 21 5526 130
49 71 25485 182
79 16 5182 371
48 19 13322 791
74 48 23214 139
7 19 11851 270
53 92 98445 122
83 22 25695 104
9 13 7524 165
24 4 31198 507
24 13 55554 252
59 83 21299 69
42 24 27628 134
6 96 41104 112
85 44 3695 703
37 58 21817 162
72 63 158040 24
56 14 7683 123
96 64 51430 138
98 74 5983 55
72 14 6166 45
83 99 22407 199
32 82 48521 43
18 90 2674 105
85 64 29484 121
13 56 4464 58
62 24 72570 326
39 64 46588 41
56 31 12825 142
57 29 37749 85
30 77 15034 37
14 86 35406 215
83 15 3764 44
49 80 45923 53
41 13 6279 242
49 78 18823 313
56 28 17122 148
27 35 37780 34
60 39 16403 247
31 41 30462 197
55 13 22571 262
14 52 12695 101
69 70 18805 122
97 79 8377 174
69 99 13736 49
15 7 4480 612
17 5 12574 9
54 42 9423 418
19 32 6636 402
44 79 122568 1337
61 9 21646 170
75 98 140479 127
98 95 79610 192
95 39 8005 2898
67 22 73710 96
100 58 9130 98
6 1 6222 78
32 98 55212 760
82 32 5526 24
75 14 67699 163
98 77 51149 99
61 77 4389 112
31 55 22574 242
64 15 9005 333
67 49 16295 132
17 23 49402 1332
50 84 10092 110
7 3 21362 666
63 44 17231 80
57 13 13326 299
66 56 9123 535
91 3 56140 71
25 39 10001 180
33 495
19 257

5028719
