100 299 1 1
17 95 129701 66
17 81 8324 127
17 63 4753 576
17 34 15471 472
17 29 21854 50
17 60 11009 110
17 68 35157 58
17 78 5646 52
17 79 29304 376
17 95 19619 38
17 72 81473 16
17 95 15486 116
17 58 17241 48
17 18 38935 113
17 79 27486 43
17 78 32058 127
17 59 2835 155
17 84 12793 62
17 62 42371 99
17 42 64104 74
17 87 70263 165
17 15 28893 275
17 78 33918 32
17 2 1808 222
17 86 4873 750
17 33 17038 459
17 78 9594 325
17 56 99285 318
17 41 13592 69
17 42 5759 136
17 1 9680 114
17 41 7777 1748
17 35 39958 66
17 99 9409 90
17 35 212177 54
17 93 12683 638
17 86 12571 1224
17 5 8669 230
17 67 9894 259
17 53 28462 234
17 70 1829 389
17 9 7361 357
17 89 12989 47
17 82 16079 313
17 58 15231 79
17 49 61838 173
17 58 26305 161
17 84 40612 441
17 27 24126 1070
17 9 19057 366
17 13 20735 515
17 18 13927 1863
17 97 21623 491
17 88 29714 173
17 44 31785 77
17 4 29471 1089
17 45 22950 65
17 86 21090 17
17 27 295258 596
17 73 15625 121
17 7 18426 334
17 86 7780 564
17 43 6111 158
17 20 29462 589
17 50 66886 135
17 83 10347 101
17 87 4532 128
17 56 17879 858
17 90 11967 438
17 28 50066 497
17 58 27420 597
17 35 108490 136
17 15 3405 75
17 92 2700 215
17 74 25874 147
17 62 13486 40
17 13 29412 278
17 71 172393 353
17 26 7700 19
17 55 14038 83
17 85 28738 43
17 93 4244 633
17 46 45027 52
17 58 3860 67
17 71 37325 100
17 39 20381 459
17 65 10192 15
17 53 37526 958
17 82 17796 157
17 84 10127 102
17 2 13124 74
17 16 23611 210
17 42 12538 437
17 27 11312 1818
17 43 40561 180
17 72 88164 230
17 82 11083 96
17 80 12991 40
17 1 65308 58
20 92 4893 188
34 29 34155 104
74 13 124907 112
86 39 21649 93
75 98 89660 109
5 67 10417 174
72 12 41516 268
40 12 15024 148
48 28 11119 181
25 94 54223 21
24 54 4055 86
46 82 12853 216
34 54 60981 117
81 58 91004 474
96 32 6050 48
87 36 2992 43
33 41 27687 335
40 63 43250 55
53 21 68678 517
41 17 62518 199
48 21 8053 193
85 67 24453 61
97 71 3854 392
18 14 13242 159
40 76 89527 221
100 80 29382 72
50 40 53443 266
80 91 3445 115
66 94 59640 523
18 11 19522 39
34 47 92044 32
17 23 4567 613
63 96 27629 60
24 75 30466 143
12 58 27793 317
87 60 78870 51
73 49 14277 370
91 5 8063 6
45 54 27669 192
78 68 168827 153
95 32 23627 316
48 50 13747 263
3 17 7081 58
51 59 68705 37
81 48 24361 262
49 13 14419 152
42 86 36149 148
98 76 12480 101
96 68 64801 849
12 74 37077 250
18 6 74010 103
30 6 27393 371
11 53 33039 403
59 25 11985 322
11 37 43874 354
51 5 23869 358
71 7 36468 450
9 15 9175 119
85 98 112245 142
47 67 16275 116
92 3 23379 269
85 42 25847 326
69 15 5560 54
64 18 33328 345
24 42 13740 132
93 80 47863 161
44 86 8691 214
50 99 60284 238
70 82 31031 147
31 62 58863 189
66 40 25424 151
47 23 34393 82
70 66 11852 26
4 33 2195 87
9 35 22023 226
23 65 15939 329
75 8 73385 106
78 11 49498 360
47 93 6566 547
73 51 35489 150
97 4 19316 15
3 13 7978 142
62 94 8122 159
56 43 47170 104
47 2 13057 144
70 8 19252 41
62 96 8651 234
60 87 20320 11
32 16 12827 55
1 59 63212 158
37 60 78052 315
24 23 27550 108
45 11 18886 1435
67 30 10268 77
60 94 5827 302
63 45 37215 522
11 70 12668 62
97 34 7539 56
85 91 68733 12
40 49 30718 31
51 56 60344 301
35 63 3951 1221
53 58 11690 971
17 94 12253 211
75 43 6514 47
94 74 18395 126
9 84 53088 112
96 45 18295 51
85 23 13372 214
40 87 92660 243
46 67 38187 743
79 87 38599 263
53 96 37719 399
13 38 139063 215
93 83 11832 60
39 49 10110 216
57 13 58521 327
81 21 32393 120
22 35 58722 351
67 58 73287 39
12 45 22226 66
52 69 17572 682
88 23 48842 97
93 70 110380 356
94 28 25529 293
98 48 147746 132
23 53 62268 80
48 75 16787 230
92 61 97780 314
84 21 18881 146
81 24 14227 116
72 57 20848 151
79 80 5318 287
84 67 24520 143
84 51 28029 46
53 88 27098 114
31 61 7855 42
66 53 19974 35
2 3 85014 145
57 5 44641 163
27 75 15820 96
20 75 23537 339
73 56 19225 156
25 46 17493 393
25 20 51415 277
50 10 27526 391
35 19 3396 300
2 13 56058 142
9 29 57646 132
57 49 89034 27
14 41 3386 233
27 16 29340 478
4 26 190457 112
2 95 18885 45
58 21 25409 677
31 72 8654 153
47 15 46469 159
76 52 28881 200
70 59 36863 57
95 79 5342 127
71 11 22301 86
28 45 56194 1464
14 8 35574 548
2 5 18156 538
21 83 5532 91
63 87 56320 66
95 31 11149 1350
76 37 37099 146
25 24 19539 159
9 90 11273 116
8 64 23462 121
44 7 176973 162
43 88 7618 266
41 51 5230 56
14 63 26667 163
14 81 16343 57
58 87 32904 492
47 82 7597 281
82 52 15618 36
71 99 10888 38
56 48 23750 335
53 9 87793 188
95 57 8105 328
35 28 59580 35
80 61 9069 92
7 89 5084 55
52 97 34954 195
88 18 55689 314
57 3 27286 129
78 40 41376 115
95 43 7489 102
71 45 30008 1167
83 18 4461 722
51 8 30443 83
70 24 6780 214
45 94 5499 222
33 55 79394 140
45 83 22187 149
94 26 194871 52
68 23 2558 365
17 707
58 991

16176382
