100 299 1 1
50 97 55257 119
50 4 3334 310
50 38 99559 91
50 76 38624 1907
50 88 48373 60
50 90 143294 133
50 85 105695 67
50 19 48452 87
50 60 41125 125
50 46 31500 777
50 40 16341 160
50 54 31512 33
50 56 6229 1293
50 18 17580 1115
50 9 110596 44
50 82 32893 245
50 82 78473 56
50 17 58209 339
50 37 112536 254
50 47 24818 103
50 63 16100 494
50 35 42943 569
50 31 11273 641
50 31 5620 635
50 81 96460 253
50 40 242464 149
50 9 9748 62
50 88 45092 115
50 82 42890 83
50 71 24396 104
50 96 12174 51
50 65 20443 1114
50 51 12093 224
50 37 188214 160
50 39 32244 121
50 69 37227 94
50 79 27778 55
50 72 27100 164
50 58 34553 478
50 28 12800 91
50 18 27064 63
50 58 25031 208
50 24 13119 161
50 2 17334 50
50 89 11053 118
50 41 29184 78
50 90 33255 23
50 34 38147 272
50 42 28855 92
50 31 20559 52
50 48 11138 168
50 31 41792 25
50 27 38580 45
50 8 1299 78
50 40 31494 102
50 56 10286 90
50 29 15640 188
50 36 23545 129
50 70 7816 35
50 27 53055 124
50 78 130062 191
50 19 13277 105
50 53 61322 933
50 15 13473 177
50 90 12444 155
50 94 22998 115
50 90 40368 41
50 98 18482 171
50 57 31431 112
50 3 32906 135
50 32 16654 88
50 49 3142 81
50 21 10318 345
50 70 36107 314
50 32 6262 94
50 23 5346 386
50 40 5779 132
50 46 132113 207
50 25 26361 534
50 4 35710 130
50 16 8786 879
50 27 170543 119
50 83 93678 166
50 42 4779 701
50 54 98339 348
50 68 6472 954
50 70 39279 57
50 35 10973 37
50 76 24857 370
50 94 27582 51
50 92 8814 106
50 67 28783 74
50 73 97580 287
50 44 224410 255
50 53 10809 408
50 5 13782 185
50 96 5277 342
50 81 46940 370
50 71 39513 185
99 53 6957 84
9 53 12682 143
30 90 18070 281
8 60 5679 385
11 83 46097 23
91 27 91559 327
86 25 105621 1205
28 97 29446 464
46 14 22067 43
23 46 19288 346
24 64 9459 166
48 24 29917 1379
10 15 12688 137
18 63 40219 88
31 48 38488 64
38 15 33199 66
55 45 4791 120
94 5 8949 186
34 74 18742 144
13 83 11791 176
61 26 35498 1772
79 57 88388 268
74 87 107881 73
62 91 11271 1091
21 17 19694 330
36 58 293308 55
86 91 24263 28
59 91 9546 41
32 31 60251 86
93 21 21653 173
17 79 11771 269
72 59 3249 38
90 50 30498 180
4 36 12111 83
39 47 13459 121
1 6 28253 490
41 23 65221 294
35 14 129467 121
88 89 49443 1505
32 87 4301 105
51 95 7539 253
78 66 117487 53
7 91 13068 21
96 94 23929 276
57 30 9178 372
7 49 29443 60
45 47 85156 237
95 38 22561 155
44 85 43249 146
42 24 11109 531
30 88 47999 134
85 4 21564 57
88 57 43563 679
60 89 51862 225
48 100 20015 237
45 70 11689 251
85 99 39383 35
51 53 15329 50
46 48 6572 35
82 38 8295 135
15 1 26377 337
88 78 89364 126
94 71 4196 37
2 84 71155 456
45 32 233001 146
75 24 38374 175
58 17 7898 92
30 80 27019 402
49 80 4085 605
34 98 27226 437
74 31 17789 270
43 24 4354 107
62 53 12752 53
87 83 14572 531
23 83 18320 140
3 26 30016 308
62 77 5321 128
46 55 35410 33
77 7 30178 284
98 13 36706 237
55 99 6892 321
90 45 5133 288
40 2 7503 179
12 11 16768 144
38 93 13068 194
17 96 4163 66
11 69 23828 617
86 18 223287 32
22 45 1202 57
75 89 33440 208
70 45 13938 781
76 25 15712 86
33 77 20470 249
44 31 4634 142
82 64 70991 654
71 60 9808 100
19 92 111583 67
60 97 6565 403
40 81 18648 608
63 26 7242 92
21 18 16245 84
47 97 43732 86
52 75 42210 60
91 41 35758 370
22 80 7534 134
9 79 36119 290
72 32 25804 76
85 97 23336 18
55 49 79490 28
19 64 13461 24
62 76 15558 17
52 21 231013 19
22 50 34707 165
64 57 10855 54
41 59 5426 31
38 44 6964 803
18 75 3751 534
94 75 22082 187
9 24 7156 59
51 37 9970 31
30 16 24569 451
81 95 9985 220
51 47 23746 722
30 89 16173 341
13 20 5658 169
26 55 40383 45
78 85 23272 2005
97 26 36343 133
18 77 63861 172
26 77 25378 157
88 74 80956 42
75 22 135610 173
86 53 64497 45
28 27 26208 79
68 74 27166 402
52 72 35542 73
41 42 11442 46
62 6 3100 185
63 29 54155 197
32 40 81307 1373
52 18 12919 432
29 90 43422 205
24 31 12734 111
40 5 41731 56
46 40 9432 137
73 80 19035 155
47 44 320945 154
89 24 65720 9
3 54 9747 76
74 26 41861 180
97 99 38612 356
54 72 7299 5
38 49 36824 31
39 73 63405 612
56 7 7986 669
82 16 41778 453
23 65 11858 376
46 76 36907 140
46 35 25390 66
39 36 25453 391
91 73 38109 187
23 30 25204 146
94 92 8073 28
50 14 23096 583
35 67 17936 437
61 98 23498 62
25 79 35740 50
69 14 11139 200
98 93 34575 57
14 67 19282 44
39 74 20908 162
48 30 6242 343
79 93 37973 380
51 82 113864 628
35 43 9110 33
88 56 25993 49
16 72 19410 31
67 98 9311 549
49 89 7915 83
97 76 67783 37
32 35 89273 53
3 34 16548 131
59 3 55341 74
77 48 8638 185
68 76 9494 785
32 63 64625 75
52 20 11702 152
26 56 63327 157
73 7 73145 563
47 25 41337 229
16 53 2092 1170
58 45 17765 213
14 28 4335 421
55 65 27051 40
30 91 32576 447
28 11 13000 147
58 91 56633 987
71 57 13122 210
58 93 10732 99
80 38 53753 217
50 1500
53 2402

21181735
