100 299 1 1
21 71 10964 33
21 50 97150 1119
21 94 1282 29
21 26 12264 115
21 14 21339 178
21 33 14254 1057
21 67 38388 105
21 28 13242 160
21 78 13321 350
21 58 28955 125
21 84 49079 133
21 35 1762 779
21 6 11066 127
21 7 3068 33
21 92 177658 72
21 74 21624 58
21 9 9925 1660
21 55 6161 580
21 48 41548 20
21 65 32398 92
21 45 13252 104
21 16 72014 201
21 34 92623 198
21 83 80290 192
21 55 22636 184
21 4 43241 639
21 10 102393 144
21 59 12004 98
21 55 19560 368
21 33 19091 215
21 87 49982 36
21 76 20627 232
21 57 29152 183
21 29 14763 139
21 69 78963 80
21 66 179470 100
21 8 20252 32
21 34 11428 58
21 65 16896 330
21 85 30809 107
21 80 11566 353
21 20 15251 36
21 63 45938 253
21 62 36667 311
21 15 15373 539
21 34 123637 29
21 37 8363 275
21 64 15080 635
21 24 17124 139
21 41 53387 381
21 9 23953 364
21 48 20941 84
21 25 74651 65
21 70 12930 111
21 40 39304 157
21 93 4704 261
21 10 33140 1104
21 58 34862 734
21 66 38388 36
21 98 191012 2288
21 39 14242 26
21 24 60818 508
21 54 38968 671
21 63 30723 51
21 92 133768 59
21 44 12451 53
21 58 12807 141
21 41 12302 316
21 36 132629 33
21 27 65766 103
21 90 16654 619
21 90 45272 524
21 88 19491 681
21 48 6849 244
21 99 32362 41
21 26 23645 185
21 56 32230 226
21 83 6705 234
21 76 34082 201
21 47 16667 273
21 70 26182 71
21 33 7196 70
21 37 62547 46
21 73 19873 197
21 85 47499 30
21 19 32820 273
21 83 2722 692
21 11 53887 111
21 72 10837 21
21 97 8339 28
21 1 1807 89
21 29 20100 65
21 98 2201 629
21 58 7030 72
21 99 55262 218
21 69 31980 97
21 73 25309 73
21 55 2650 437
21 61 10332 181
16 46 15416 9
26 30 15561 260
53 26 34258 30
57 65 12174 292
43 64 6482 80
54 19 120190 177
12 8 29281 64
41 87 3683 394
27 21 13370 32
59 39 85887 477
71 92 30091 226
36 14 8965 669
67 87 5797 126
98 55 21750 211
10 34 14194 35
60 78 34558 118
75 56 33606 217
7 21 15602 418
33 96 7992 457
71 10 55712 15
1 56 21227 331
75 64 23063 329
60 74 26855 42
23 14 130962 142
68 12 15794 47
3 72 3857 346
20 75 7160 75
67 21 30935 32
62 3 12516 73
32 65 12933 270
57 59 36109 175
87 49 11455 213
94 58 5032 44
69 77 8536 24
74 9 32204 67
75 5 7042 208
25 84 35547 578
33 88 11381 100
83 91 23722 892
77 31 140606 366
79 98 21475 500
76 49 5657 176
8 25 69179 186
45 26 3748 83
49 64 44673 393
78 97 84874 60
9 5 30384 122
53 59 16056 96
100 1 3642 79
90 61 58226 808
11 37 43756 55
2 36 82811 210
89 69 27291 160
59 83 6303 135
69 87 55573 314
76 33 6500 251
88 64 27293 440
85 46 13221 129
63 61 63831 12
97 50 36579 24
95 52 35435 43
45 81 15615 21
20 41 14640 196
66 53 49680 119
46 98 5595 58
84 88 45212 332
53 40 17303 133
81 95 3779 187
56 26 3865 1649
92 86 5997 137
27 31 105253 19
42 68 18902 77
60 22 16074 370
18 35 3453 904
38 92 10911 202
42 36 175165 446
44 50 13582 259
61 80 18767 112
19 64 32853 404
26 55 44076 68
44 88 40447 429
62 53 27147 222
65 94 191862 105
54 40 14700 280
34 25 132850 44
68 31 26817 76
73 29 7185 177
96 54 12442 79
60 69 34700 150
77 74 6046 92
91 100 32054 177
29 23 19193 73
56 92 6952 113
83 84 140376 79
97 33 28511 177
43 17 1541 22
7 86 3562 32
89 51 40779 179
56 23 8442 276
88 3 19704 596
19 94 139460 174
78 64 55606 340
49 34 53218 27
68 89 38412 46
18 45 8540 69
35 43 61337 169
55 46 43058 198
82 1 11895 379
11 99 35468 38
9 41 6242 825
50 90 488794 30
8 2 31005 442
76 16 51592 126
42 37 4859 62
78 57 3603 15
33 36 41392 240
91 60 13880 105
60 46 4521 83
36 2 73123 118
43 67 30605 195
57 56 175284 1786
78 56 17345 111
42 10 89112 924
91 14 61931 219
93 99 166004 679
60 8 69099 137
14 40 36762 32
91 40 52662 223
92 17 13929 29
24 79 37938 104
62 40 151888 382
25 100 79572 203
95 89 26538 186
28 54 7208 28
45 13 22681 42
32 11 63145 119
4 55 9558 132
85 73 85466 564
99 82 5349 257
20 56 64657 464
52 62 7357 476
43 5 64932 152
45 2 37514 33
71 82 7520 311
76 27 20815 71
100 77 24645 492
53 39 32402 38
87 19 85666 1043
34 36 22714 325
66 58 50738 48
92 14 11644 258
9 68 12765 89
15 95 21102 173
29 76 16471 99
8 30 25121 530
61 86 39196 98
31 36 9913 33
76 55 14400 137
52 1 82418 25
39 4 25670 103
84 50 65637 412
8 21 33700 77
70 77 10556 52
52 33 11755 78
82 67 18545 223
98 14 24680 568
56 68 6324 433
47 19 18790 91
91 16 26647 40
22 17 1000000 112
38 85 128240 168
77 92 72116 209
30 47 47781 481
62 7 212537 101
98 100 17067 97
50 65 49772 112
19 11 15329 294
90 15 110451 566
43 11 10765 157
72 49 18703 19
73 62 20893 298
31 94 18283 471
4 11 10536 99
52 87 14069 224
58 18 9300 968
2 14 5707 150
3 24 37532 129
52 85 38271 998
69 73 13894 77
98 31 88814 144
24 50 9814 97
74 11 28935 42
51 45 10925 43
100 82 12784 48
19 55 11032 146
7 8 13047 334
52 46 25907 266
16 5 65626 727
71 22 29886 89
17 22 69996 245
21 1386
55 3500

11952146
