100 299 1 1
61 78 193188 55
61 77 75936 36
61 42 51326 432
61 48 33189 135
61 68 9923 46
61 74 4447 91
61 90 143365 104
61 25 41700 379
61 97 150317 331
61 44 43978 95
61 42 13275 296
61 67 14112 48
61 62 14011 542
61 55 105377 247
61 28 37253 104
61 29 41864 99
61 1 58296 55
61 85 28034 164
61 13 82703 1153
61 8 22543 42
61 11 15676 205
61 66 7618 71
61 22 17382 369
61 96 36482 63
61 20 51735 1205
61 72 39462 266
61 12 12724 125
61 64 10954 56
61 52 17124 61
61 71 114483 78
61 51 101597 197
61 60 366216 201
61 86 20048 128
61 74 9227 106
61 15 19881 68
61 71 14025 88
61 19 222697 5112
61 37 32123 48
61 19 26259 165
61 13 44817 435
61 26 112526 52
61 30 37050 1235
61 43 12344 276
61 89 37625 38
61 37 20750 61
61 36 44096 41
61 56 18897 573
61 91 114114 184
61 5 2994 102
61 68 34494 167
61 82 22388 71
61 40 18630 135
61 25 19267 42
61 91 36054 196
61 4 42897 105
61 89 19316 22
61 65 39837 23
61 63 14495 84
61 71 164650 109
61 20 23228 292
61 96 12626 218
61 91 104665 311
61 97 14199 36
61 51 23723 1953
61 99 11707 13
61 75 4093 79
61 55 80176 264
61 82 12827 167
61 11 5461 523
61 7 23882 63
61 13 35646 60
61 23 101768 58
61 95 14873 301
61 70 8180 313
61 52 15786 88
61 46 215714 193
61 31 10657 840
61 20 124359 376
61 62 63940 65
61 14 38144 162
61 72 20584 229
61 29 9978 80
61 45 15206 126
61 57 44535 135
61 49 24790 81
61 27 38195 32
61 50 14203 163
61 4 17255 137
61 42 77904 33
61 44 11883 4382
61 39 19959 19
61 12 73161 84
61 70 11050 773
61 6 48713 321
61 88 12914 172
61 13 17937 56
61 78 88952 257
61 23 17129 299
61 87 28152 84
36 56 57034 165
46 89 1967 324
77 91 47018 816
76 57 10605 188
82 53 3907 39
77 78 11137 109
70 69 4239 972
35 72 63225 970
98 57 31430 106
43 15 10500 253
65 85 13093 159
25 100 10346 349
22 64 26466 283
39 50 8326 54
93 56 33230 237
28 79 8649 30
85 41 37930 51
17 1 9410 393
31 87 22299 100
5 26 6063 157
22 65 20769 101
43 13 37819 340
75 86 10887 54
59 78 5746 64
32 38 25366 76
17 6 8246 146
93 63 27825 491
79 59 4510 93
87 64 22052 46
40 59 14740 143
1 90 27629 130
3 79 32003 63
12 91 4969 726
6 95 34457 158
97 7 8108 69
80 61 25693 54
99 21 10768 35
3 37 18988 1131
43 83 52555 663
40 12 71127 18
28 58 9470 56
63 69 175065 110
25 54 17740 179
37 19 14174 201
85 15 62838 67
2 18 83756 121
22 71 68562 84
30 26 73159 110
34 95 17977 65
66 81 5898 63
22 13 11041 129
13 27 37199 331
57 83 35800 34
70 98 40015 547
59 86 141405 94
4 49 11373 160
44 92 106425 445
60 68 30672 139
5 45 29249 273
89 97 99495 126
73 45 37554 76
82 39 9517 108
70 56 1300 168
54 36 23072 79
98 48 8108 379
56 83 61398 64
46 14 3456 169
83 1 16764 197
23 10 19988 28
58 52 15944 345
79 38 5964 104
45 13 21763 150
62 93 27104 36
17 70 26912 294
38 47 12174 109
32 65 68616 675
46 85 23415 101
100 59 30103 85
70 18 53547 65
55 36 5016 293
78 31 27374 67
21 86 8388 77
51 48 14668 192
32 35 8460 52
63 27 6820 7
20 26 81027 155
62 79 3958 149
64 91 21801 118
43 29 11814 242
60 92 4313 205
52 87 19467 46
24 46 40631 379
88 52 151026 1095
73 10 3381 243
32 46 43647 121
81 55 41465 657
54 76 26828 28
4 16 4749 157
85 40 42922 186
62 80 7827 316
8 57 38322 92
83 56 25051 19
3 99 114002 101
82 27 61601 49
99 8 38120 109
75 70 35382 111
87 72 7041 72
45 23 13536 531
40 36 38247 330
48 87 16343 357
56 54 14710 35
65 2 30219 184
98 19 4052 157
94 9 13764 59
90 23 42553 486
8 16 40369 165
1 16 157811 63
41 43 16835 33
13 7 17788 184
12 59 16225 204
34 35 24910 73
81 78 12636 304
18 21 13526 572
51 83 53927 81
9 81 28733 53
94 18 114261 151
53 39 10784 545
89 18 37308 250
23 38 24559 180
13 84 5916 208
82 94 4803 289
79 31 18769 830
23 12 9706 196
98 20 13622 37
88 66 6303 166
68 25 16840 524
64 50 4651 77
100 67 158492 112
44 24 30174 105
97 100 113475 404
4 58 18294 50
29 88 51960 765
99 14 57802 197
33 36 38626 550
83 61 4715 972
58 26 3878 86
67 91 24830 367
72 95 17051 989
35 27 8583 157
5 46 7078 24
52 34 17146 223
54 78 1504 145
44 17 8426 59
68 28 4212 190
3 83 17453 86
92 42 5724 282
4 56 28333 439
80 24 4208 172
64 11 30067 690
89 20 18114 96
8 85 29102 798
58 86 70418 296
49 12 15044 94
50 52 25514 223
53 7 4738 62
86 52 8930 504
7 93 22946 69
23 48 11634 228
71 46 42582 175
26 81 11124 115
34 73 14719 200
92 4 33279 191
54 42 6564 477
81 90 19877 110
11 65 29123 1657
76 61 44573 25
37 23 18849 118
70 6 35240 179
48 64 17488 45
87 6 14366 303
71 51 12370 245
5 19 19483 148
65 12 24539 500
52 96 33697 225
83 58 55049 26
41 21 2321 58
62 33 37788 268
14 18 1643 80
40 8 29620 125
95 99 15383 69
38 42 39904 80
78 87 18253 898
64 97 43749 89
27 74 50910 353
75 61 7770 298
98 46 70058 87
86 22 9407 697
25 26 55356 34
74 57 17354 1327
51 76 3833 591
61 594
91 2159

18163855
