100 299 1 1
58 51 60736 111
58 51 17911 141
58 70 59880 254
58 67 31598 41
58 85 23398 254
58 70 22661 69
58 90 9149 375
58 21 9616 1311
58 35 6242 179
58 8 2643 139
58 65 18504 286
58 33 28929 32
58 45 38364 100
58 71 17808 29
58 81 28948 138
58 91 31964 83
58 20 9829 312
58 88 20805 26
58 100 9570 78
58 31 106504 424
58 6 23841 557
58 20 2939 1370
58 61 24599 67
58 22 44685 153
58 87 5282 502
58 5 11471 256
58 100 32431 168
58 90 40321 60
58 98 5356 75
58 96 33406 138
58 84 48987 66
58 44 4856 387
58 39 27167 58
58 82 24280 19
58 75 197464 197
58 92 32031 69
58 64 21941 98
58 95 6842 286
58 29 26141 384
58 70 23634 269
58 49 7817 102
58 17 237379 108
58 27 32683 383
58 39 17813 83
58 95 16716 336
58 4 35095 942
58 96 18942 136
58 45 9559 71
58 23 23006 426
58 23 11894 101
58 45 10259 327
58 93 60755 141
58 5 23889 134
58 59 6356 34
58 68 14632 68
58 12 8819 53
58 54 31999 290
58 48 44952 56
58 65 84456 24
58 77 36770 129
58 54 12140 31
58 85 24716 9
58 11 29675 209
58 23 10184 87
58 75 20804 282
58 39 17696 46
58 65 113783 152
58 40 41778 316
58 14 22259 232
58 50 66794 274
58 43 12679 171
58 23 31336 241
58 25 145311 35
58 36 45794 253
58 85 23799 249
58 48 83704 93
58 50 30244 77
58 56 43176 128
58 74 13894 118
58 39 12937 36
58 86 58751 1002
58 54 13161 26
58 70 22185 409
58 53 3229 287
58 14 19862 328
58 93 36144 725
58 30 20871 121
58 91 111296 67
58 99 28102 108
58 43 50212 88
58 7 2302 215
58 3 45483 273
58 5 7531 106
58 60 38093 311
58 52 2516 169
58 5 53185 214
58 59 49442 83
58 15 29481 25
58 90 8409 43
46 15 26902 115
70 81 93437 443
87 81 3784 169
32 8 2099 740
84 3 9025 196
73 80 14032 136
64 35 41772 977
77 29 40129 816
15 7 23013 1076
88 61 19228 49
89 31 10084 70
75 50 117464 104
43 63 113927 125
79 54 28156 233
7 67 41229 171
57 80 18152 388
81 37 21151 132
68 97 13689 292
93 60 124128 51
41 14 44336 119
20 53 8698 16
71 80 23285 858
100 86 20454 570
15 12 4418 4880
52 91 15867 12
53 18 10395 195
30 36 39161 154
6 72 19111 490
3 91 11363 75
77 16 32695 32
57 18 6912 132
86 56 2726 404
22 27 4494 368
14 9 50467 170
94 56 17762 154
90 14 10806 47
84 58 86512 69
96 57 77266 33
1 19 18316 24
68 16 23220 207
70 60 81695 163
14 98 30633 325
38 93 31264 121
52 34 15606 129
45 75 43884 216
76 13 27599 157
39 1 3696 185
99 97 11317 96
92 40 7362 233
11 2 50005 1412
64 77 33142 307
5 51 10422 457
52 30 11375 122
64 8 49065 1519
42 41 5642 129
52 86 15341 79
91 48 8940 121
20 82 19473 362
87 73 149524 245
74 11 42579 324
15 52 84157 440
29 73 18371 192
29 25 46300 985
89 20 11036 225
95 92 31186 434
78 64 50478 647
30 49 13445 55
41 98 9617 698
93 97 6004 145
96 83 37022 104
84 85 43604 160
51 80 19290 303
38 41 26789 179
25 15 30478 76
13 81 49983 64
87 55 21511 75
72 42 14346 488
33 8 17375 127
94 62 52172 96
100 40 19765 30
91 23 60283 163
79 82 23304 130
26 91 12219 127
58 37 9802 203
15 45 40942 877
46 34 24030 31
96 68 12204 379
72 75 17397 507
36 79 7055 40
65 69 40566 832
54 86 6572 100
8 4 52989 254
19 76 111382 169
19 23 9150 57
55 73 29038 44
100 78 38922 35
79 69 5913 722
39 51 25420 115
72 94 39254 73
68 47 140381 73
42 74 13950 49
12 50 6972 323
32 65 34383 92
2 24 238408 4118
84 17 25690 18
70 28 59185 121
34 32 64411 95
29 88 44471 334
30 81 275751 85
62 42 24034 59
3 53 31767 269
96 33 18449 597
59 61 21225 650
6 70 7743 85
91 76 14909 163
49 44 12674 44
4 47 16560 144
10 35 4934 47
31 57 28074 69
26 59 49895 110
89 42 22790 196
98 18 21195 210
15 95 28733 65
4 93 21231 88
85 38 17151 217
84 78 56328 118
52 90 15730 88
87 44 6740 71
98 62 28367 132
61 9 7328 49
26 53 36574 109
70 54 69355 127
9 71 47858 72
22 68 47875 95
43 16 10036 97
79 47 37239 249
54 25 3268 52
30 80 56484 194
76 95 6821 286
37 8 28986 163
22 31 37020 492
3 50 40386 77
56 58 7231 373
75 5 9117 151
93 75 57568 59
12 99 34397 32
44 14 27614 754
99 96 13077 134
82 70 34798 21
18 41 33473 79
2 7 20545 117
20 84 13886 127
66 8 312029 90
53 64 39718 79
68 76 6542 302
72 21 75770 41
99 90 16947 15
52 65 151844 40
20 57 238319 132
47 58 24386 852
41 9 13300 94
33 76 13983 13
99 21 4458 1253
48 63 19222 981
43 23 19357 15
65 55 39884 116
67 24 7266 16
74 88 15753 19
39 61 8654 503
100 31 38319 116
77 62 23689 300
52 3 80406 282
37 94 55898 222
57 55 12135 152
74 28 15969 147
35 68 17246 99
97 43 26010 253
68 63 33427 84
80 32 5000 165
87 22 14684 104
15 34 28518 112
84 50 41325 70
62 79 8497 28
67 61 45407 19
53 79 21856 248
45 55 68404 267
90 96 3223 61
8 45 7600 64
27 61 20571 1054
49 83 4051 133
12 67 84218 1457
72 88 16127 123
96 6 35340 285
18 35 23171 595
57 75 18410 74
41 36 11688 207
67 59 6919 630
36 69 4972 132
60 57 65332 270
15 28 20795 82
58 1000
23 2781

30651699
