100 299 1 1
55 90 4853 299
55 14 10963 56
55 16 23596 27
55 57 31544 27
55 35 6332 595
55 50 6422 93
55 23 11840 576
55 54 7102 186
55 31 39701 81
55 95 69015 1937
55 28 27696 58
55 21 2430 105
55 56 7771 44
55 73 21974 113
55 33 18303 284
55 29 24130 56
55 66 21600 271
55 9 35132 505
55 40 37039 127
55 60 15310 546
55 71 21680 118
55 30 17205 59
55 51 56052 106
55 84 10129 108
55 52 16045 348
55 6 7817 166
55 85 30679 377
55 39 5483 126
55 70 16381 470
55 17 30931 544
55 98 13802 64
55 15 38471 133
55 19 24872 123
55 32 27944 453
55 92 5648 1020
55 75 20896 39
55 18 26529 872
55 37 18781 68
55 13 12427 19
55 88 53428 76
55 79 53238 724
55 72 80808 515
55 80 34468 43
55 34 14582 288
55 53 15003 383
55 82 36116 275
55 67 9008 36
55 46 16235 24
55 89 19239 548
55 86 168216 161
55 27 57243 285
55 68 150088 108
55 87 17981 273
55 22 17827 540
55 77 29362 160
55 94 3372 1192
55 7 26215 125
55 47 51425 400
55 24 12893 354
55 76 6765 81
55 42 18711 75
55 65 13366 435
55 81 10223 102
55 58 84786 85
55 64 95684 104
55 4 26513 438
55 45 43167 65
55 49 27723 106
55 96 18078 55
55 36 20742 488
55 41 17504 386
55 74 48122 220
55 99 19717 37
55 10 6194 774
55 62 12352 71
55 12 44570 66
55 44 19863 102
55 20 10723 51
55 48 13700 64
55 25 27247 166
55 63 23893 25
55 78 62284 38
55 59 155043 213
55 2 45985 94
55 61 15505 68
55 5 15711 223
55 91 85749 33
55 38 29074 96
55 8 9787 25
55 3 59819 203
55 11 107157 261
55 97 85667 417
55 43 10518 234
55 26 19262 110
55 100 3659 499
55 83 11630 121
55 69 93550 258
55 1 9081 119
55 93 8064 90
28 41 5345 196
26 99 16647 108
67 58 19329 190
7 69 10378 219
27 45 35695 71
26 8 61855 221
94 20 23588 288
37 89 7200 939
50 53 18243 313
18 56 23137 396
7 2 5828 198
65 22 75169 60
36 30 21273 224
91 1 138209 31
37 21 18051 172
83 49 22114 119
82 22 15730 122
74 71 21850 56
70 2 10745 51
59 11 24178 470
42 48 1866 125
90 26 31381 48
67 13 62007 282
96 36 6888 129
9 30 26392 541
34 85 5682 179
24 30 28882 429
61 52 21643 719
95 75 102330 99
48 76 69052 217
36 20 26863 107
27 72 29336 121
93 16 11366 125
75 91 26629 53
67 1 19230 600
42 58 129196 71
84 12 11142 134
48 5 16072 56
77 16 34216 220
38 16 35568 164
35 44 14851 1034
94 2 93777 117
6 72 17302 472
42 41 26516 155
54 57 79919 55
31 5 14726 169
8 10 5161 105
38 33 17717 844
8 81 39404 124
59 31 6119 66
85 34 17560 230
53 90 6240 124
3 90 33385 280
42 17 53222 233
9 69 113431 24
29 83 14528 283
77 97 19563 35
3 60 39110 91
22 45 51652 122
12 31 64038 55
37 15 16039 118
96 83 15535 148
18 73 79618 387
79 71 22070 197
28 5 15340 109
93 69 29461 22
16 86 31061 100
3 17 33906 321
91 76 63429 110
19 61 6351 804
23 72 20729 510
3 71 180815 462
67 27 31428 151
35 94 7088 34
18 80 31619 53
74 98 86023 439
46 80 26740 68
59 35 84602 401
10 82 108530 235
22 77 13298 218
53 20 2510 215
51 50 36000 44
10 50 21954 129
86 92 57153 107
91 81 22060 144
84 41 14108 41
85 89 3002 452
7 65 107242 908
36 87 39519 572
31 68 29219 285
15 96 13805 151
37 76 3063 505
32 37 50219 248
57 48 29142 47
95 15 33156 61
88 32 3335 40
13 49 18279 80
83 34 17421 282
50 82 7363 246
47 27 11074 194
23 87 36085 32
97 70 5001 18
42 54 16035 498
19 14 17259 839
59 77 40298 59
82 16 92786 70
38 76 22996 230
86 83 19587 28
32 24 39621 142
84 100 22154 135
30 31 80103 126
32 53 13284 753
93 65 30532 214
34 13 7010 28
31 23 131883 291
36 29 5446 45
31 3 7418 98
91 8 6038 46
30 47 4705 310
75 42 49333 26
74 77 19744 51
8 93 33475 151
97 14 55356 582
75 84 3737 288
27 73 58668 60
88 21 26342 53
7 53 10972 146
39 3 38543 39
67 75 30476 1382
16 6 6565 146
35 79 2454 426
76 56 11335 424
46 75 79908 33
59 34 14473 105
2 21 134068 278
33 7 17681 13
41 66 35582 314
59 84 14072 330
92 78 212333 56
98 70 16797 248
78 21 50439 219
21 63 28147 47
56 72 168550 50
100 47 108410 282
30 91 27224 515
45 50 21504 569
98 96 27646 351
88 27 49852 89
16 53 12417 149
52 12 4059 467
75 65 27015 200
80 35 18132 203
38 75 28413 114
89 54 8211 34
35 61 22698 68
16 7 12461 165
83 100 14546 80
24 78 26799 179
54 86 5228 89
94 60 4679 84
29 17 22477 103
83 12 20838 135
76 70 5478 210
27 9 28375 58
81 1 3628 759
71 52 28919 134
100 27 19872 366
11 2 28352 112
57 77 36568 270
16 68 99852 59
12 8 8777 55
7 51 21567 409
27 28 3735 53
4 80 11103 317
68 2 13029 19
26 33 39571 18
36 60 34487 20
14 87 18602 209
86 96 13770 264
60 69 5145 339
86 1 42163 235
80 31 16815 505
58 50 51288 132
1 17 13610 101
42 85 3594 66
18 15 3342 224
8 14 9678 163
10 86 23407 223
50 13 14958 143
49 64 47545 58
45 37 3186 184
99 85 90419 255
3 53 25595 120
21 12 29844 154
74 18 18618 255
95 1 3885 199
76 58 21470 79
31 45 80835 221
79 88 10396 327
13 67 16282 258
55 792
53 701

15839331
