100 299 1 1
95 85 48107 55
95 3 36670 4
95 32 26997 55
95 25 3349 18
95 35 90045 104
95 10 12151 530
95 7 52354 594
95 4 28509 32
95 80 24426 366
95 34 2714 380
95 19 57881 21
95 75 69019 571
95 6 22160 363
95 12 17274 127
95 58 12845 561
95 57 3741 117
95 11 30327 239
95 59 19923 54
95 71 27393 268
95 89 8096 463
95 35 14286 328
95 3 67856 240
95 8 58690 483
95 19 6222 244
95 55 18086 74
95 62 206124 48
95 14 7289 135
95 53 29386 395
95 78 5729 238
95 32 28978 46
95 62 34836 196
95 10 9961 55
95 68 12129 502
95 15 65141 144
95 35 34997 204
95 96 18795 91
95 89 10510 205
95 9 25069 128
95 31 48311 89
95 18 34482 409
95 5 23436 321
95 18 13936 80
95 35 2183 60
95 34 25492 122
95 70 117147 207
95 28 27423 158
95 5 30896 547
95 26 147897 108
95 18 3741 703
95 11 5632 175
95 26 13409 134
95 67 11136 1247
95 25 43714 195
95 59 8895 631
95 76 37939 267
95 28 10159 93
95 34 22345 243
95 72 16033 65
95 66 83894 217
95 74 23916 198
95 12 32115 1246
95 4 86439 54
95 74 18994 184
95 70 8750 299
95 36 33750 55
95 6 8666 206
95 54 8389 81
95 67 41972 508
95 71 25205 506
95 42 11748 35
95 58 47070 61
95 39 12264 91
95 45 10853 148
95 91 11771 69
95 41 73538 217
95 90 53686 728
95 35 128323 57
95 44 19562 217
95 69 28546 169
95 94 41440 106
95 11 28812 198
95 94 87033 277
95 14 7567 90
95 87 42597 162
95 83 45910 147
95 41 19612 273
95 23 88139 267
95 13 5773 161
95 99 8260 194
95 43 41703 1140
95 38 54362 198
95 19 6497 1405
95 89 35768 89
95 66 70056 39
95 82 45152 88
95 31 47418 68
95 92 116110 177
95 80 22751 13
95 19 22910 509
84 83 37548 69
74 44 36432 83
40 8 73770 233
84 88 23264 63
18 99 5547 201
45 74 123604 167
73 5 27361 318
23 55 60330 132
6 53 7462 449
72 80 105098 475
87 18 70241 141
37 77 55495 304
80 71 6611 70
48 3 19961 134
37 25 26903 126
78 67 10294 78
93 55 19675 82
81 59 41853 110
39 96 4003 435
60 7 7699 32
35 23 22480 200
25 70 20139 213
2 40 37027 239
10 61 8961 194
31 1 66916 337
8 5 169604 115
91 7 2411 93
73 60 132634 866
16 13 16019 95
54 65 7913 490
89 3 21237 197
45 65 83417 248
50 89 16403 567
85 25 46628 124
59 66 7121 27
43 77 30134 760
45 18 5189 42
24 14 20114 89
16 31 11381 27
41 19 13507 77
5 49 41296 588
34 57 12116 205
16 21 7462 6
80 3 21982 41
2 32 119109 118
47 44 13745 468
49 18 15735 558
11 25 29326 21
79 61 61092 169
30 84 17524 65
8 98 31522 47
5 43 10785 188
91 43 7285 303
39 89 5594 435
78 62 3915 55
62 20 20503 546
90 73 37824 166
74 73 17695 125
21 28 11913 53
63 85 13245 128
78 2 63403 278
93 82 19750 83
90 57 69242 29
16 44 4192 1691
74 72 9330 164
29 21 214096 57
89 98 15038 88
67 54 7836 114
96 67 63722 80
88 82 30788 30
6 93 4255 90
98 15 22008 102
73 4 144647 106
86 49 83657 38
19 69 15049 342
59 36 14156 64
16 17 11214 254
52 59 24082 40
57 53 14571 139
31 5 38880 42
11 50 9681 564
80 5 15992 26
84 67 54016 332
39 25 42239 73
13 74 32644 116
91 89 11191 138
57 75 15682 337
33 10 38245 236
9 41 247397 745
69 84 48285 70
51 44 104938 193
92 13 44774 205
14 52 50366 120
71 70 14067 654
53 4 61594 249
74 25 34111 1210
27 6 80590 38
98 87 5453 217
68 55 7805 108
56 7 33398 37
72 90 45145 530
46 51 46337 26
82 53 30373 38
25 32 8356 31
99 86 142677 62
63 87 40728 39
8 97 77248 739
2 72 108221 75
74 51 39493 188
100 48 49588 49
78 97 110757 853
21 31 20039 64
30 1 1402 92
73 62 30438 412
15 23 16382 113
69 7 4209 97
12 85 3626 304
67 6 50858 279
80 91 20584 352
8 71 5963 108
37 76 30771 280
78 47 4614 376
51 3 5941 755
55 39 49833 41
13 30 57236 402
28 84 69593 206
96 39 18317 375
72 13 5857 36
19 25 27758 72
75 14 60735 533
77 96 23427 168
79 81 106641 141
34 84 2322 264
48 31 9715 113
71 96 76554 175
44 81 20180 186
15 100 32514 29
25 56 15954 59
79 65 13065 218
22 77 72324 134
7 100 15532 996
17 95 19846 122
58 86 18021 146
68 44 18093 126
81 52 16130 128
86 91 6095 104
2 26 9599 366
44 73 38614 40
98 42 10732 43
47 87 8069 101
44 28 15372 84
53 41 6416 88
84 16 94920 1973
3 95 92053 35
60 33 2832 130
43 73 57686 504
53 23 29887 85
12 93 14518 168
68 64 20860 486
21 18 5560 310
51 41 30939 59
92 95 42609 236
12 55 27590 84
79 14 87243 91
44 70 6847 223
10 37 13804 18
22 73 126134 117
58 29 36935 436
7 17 6602 60
69 87 9383 255
74 42 13061 669
84 30 31964 188
24 4 14376 108
84 57 11153 63
76 43 43373 120
70 62 51736 214
74 96 28884 196
21 85 26370 46
89 28 21239 202
36 42 626 150
82 48 67171 276
67 79 9281 149
96 62 48786 555
50 43 14203 385
30 64 65025 468
22 55 19781 60
32 14 9805 147
29 36 55478 187
29 26 3586 158
35 20 34818 311
10 63 24452 92
26 12 68007 239
8 44 16630 163
20 45 19336 79
22 14 83670 110
1 35 9859 65
44 91 29014 272
91 72 87512 815
58 80 17048 62
36 32 17806 790
95 495
25 892

21758169
