100 299 1 1
72 100 38263 394
72 25 65268 151
72 13 39626 287
72 61 27870 17
72 93 27421 137
72 69 39940 49
72 24 18981 814
72 74 24017 113
72 87 8629 115
72 73 114751 720
72 51 7853 157
72 89 32340 34
72 97 24027 58
72 13 24320 133
72 46 25321 446
72 43 10593 64
72 79 36579 97
72 24 58010 80
72 32 112313 357
72 87 18498 220
72 66 68542 449
72 69 18974 167
72 73 36846 70
72 31 41404 355
72 65 8873 573
72 65 23623 415
72 26 12791 331
72 56 35503 142
72 29 19573 918
72 27 76339 39
72 69 15542 108
72 89 8917 96
72 82 39090 476
72 63 67969 43
72 32 20241 293
72 43 56499 229
72 27 24308 270
72 16 36711 691
72 48 37210 52
72 25 45841 88
72 15 9579 287
72 28 36425 65
72 43 13583 14
72 16 31346 21
72 67 24364 38
72 49 36912 177
72 68 75708 127
72 90 39647 58
72 55 50488 25
72 73 10643 148
72 27 48547 64
72 98 16943 290
72 17 24298 854
72 31 78767 142
72 36 357720 39
72 92 19988 410
72 90 101302 518
72 41 183920 1183
72 79 17843 298
72 70 56284 588
72 62 9142 50
72 49 38549 77
72 30 22189 185
72 28 23904 248
72 12 24689 277
72 93 32013 186
72 60 17295 1736
72 16 8210 434
72 12 8015 105
72 81 55216 50
72 75 15008 35
72 37 71914 59
72 22 16182 109
72 70 10641 95
72 25 20613 627
72 42 29031 318
72 92 14392 73
72 50 51545 25
72 49 24220 37
72 87 4446 16
72 73 4302 64
72 40 72034 90
72 19 15978 260
72 89 48612 66
72 67 29782 223
72 39 32215 455
72 58 6808 32
72 99 79675 40
72 65 15334 63
72 2 12835 57
72 12 31119 21
72 50 12076 95
72 8 23785 62
72 28 30488 1588
72 4 44610 65
72 33 22110 222
72 45 111540 221
72 98 10890 182
72 86 164087 39
80 8 34616 56
49 96 19869 978
42 54 12860 47
59 38 13852 31
31 87 7118 581
12 96 17725 225
82 88 17283 238
2 92 8976 50
52 54 54337 456
66 16 4960 285
97 64 25901 126
17 57 20409 128
64 9 9433 245
87 13 46589 132
75 86 38413 132
92 18 7040 715
44 53 84907 55
34 12 14391 184
79 62 28194 68
100 5 18526 14
39 67 28615 73
74 61 25148 167
58 24 58452 106
4 74 16128 699
82 72 12994 256
52 17 29456 700
71 19 12436 71
95 59 13243 219
34 5 2346 151
8 21 7950 148
59 74 17905 354
36 41 14332 677
22 91 5979 561
48 30 24806 36
96 47 54410 345
33 7 49879 350
52 27 29842 100
36 51 71437 221
71 43 48144 168
30 11 19516 142
94 62 7493 22
47 93 22110 95
25 28 23727 244
96 97 108582 279
44 13 8039 24
8 42 14214 232
29 97 19654 75
49 19 14443 77
92 31 100284 594
35 46 29449 70
54 90 28177 143
4 70 5097 44
9 53 13727 474
10 69 11850 196
29 33 8466 27
87 58 23686 22
13 37 8648 119
90 1 27135 424
100 25 48741 421
75 59 17041 88
29 59 21570 33
29 31 28207 113
37 3 1222 26
26 46 78404 143
25 38 133991 8
92 88 30605 199
8 22 47815 43
53 3 53060 941
92 80 7794 268
25 33 102192 1094
27 58 27800 408
32 61 40024 61
99 85 3512 87
93 56 96960 37
30 7 146372 1563
12 39 22422 159
78 54 169238 208
55 64 12516 46
49 32 6812 27
85 4 19256 135
56 43 30033 26
44 51 12365 601
43 57 65516 41
100 82 13852 38
55 100 23749 35
10 65 29884 273
78 33 17427 278
98 87 10017 66
38 92 79931 213
22 33 228959 121
14 79 177767 1114
100 28 93908 2043
99 95 34448 77
54 38 74819 727
84 96 41192 92
45 21 15539 82
99 41 39831 239
52 20 26261 142
90 2 8262 54
47 70 23676 180
77 56 16690 256
10 28 12071 413
34 99 5612 216
39 23 14715 134
98 68 13270 65
95 82 7419 38
89 82 89828 49
43 15 10120 6
49 52 8744 52
41 70 227874 124
31 6 32696 113
55 67 82095 211
34 23 9710 116
7 4 13843 1107
89 87 5934 165
81 55 9696 616
15 57 31120 22
21 37 19018 150
93 87 5494 214
38 5 5488 402
71 51 10476 227
49 73 60980 147
55 29 19005 1077
41 74 10949 224
33 55 34863 76
94 26 33166 79
13 23 9176 171
57 32 5754 223
43 29 10645 10
18 54 6501 165
13 32 4939 123
19 87 7719 1087
47 60 32410 38
87 80 8302 23
54 6 23016 61
27 71 22662 161
67 7 129419 516
22 52 80935 1964
90 77 43370 225
10 73 10521 492
31 34 61559 245
96 48 56371 99
4 10 15782 122
78 52 60906 95
1 59 8378 40
49 21 24278 852
90 79 51244 276
25 6 6479 27
20 99 12921 122
75 20 36085 226
40 29 22499 54
64 34 116645 94
61 63 4639 278
69 15 9695 926
26 94 18661 249
89 14 23209 74
52 75 17489 185
84 26 19323 34
88 45 64445 113
53 85 91586 107
92 41 22083 138
68 8 7258 82
85 7 64827 161
68 51 16320 65
11 48 15874 398
91 70 19126 62
92 32 4160 367
44 88 3037 487
12 33 8066 752
81 19 7096 204
33 59 10007 96
8 43 92305 293
65 54 11623 67
92 82 43546 252
78 72 241797 392
16 44 10943 43
5 68 15391 178
64 82 12208 222
33 47 8650 991
82 31 69484 146
95 97 26399 77
40 86 3264 366
67 84 37090 65
6 71 898 144
32 52 65257 20
86 17 18073 499
19 66 19749 209
82 56 29666 199
35 9 5527 378
23 96 22942 61
3 6 7844 514
4 19 22497 250
65 36 48744 21
75 81 9667 38
35 73 34379 139
80 36 9645 446
50 73 52836 85
92 22 45360 510
23 25 24793 264
81 77 10207 237
72 1386
87 2556

40103570
