100 299 1 1
97 96 24479 192
97 21 26937 154
97 21 4381 168
97 3 36130 98
97 96 7949 493
97 60 15925 170
97 55 81737 153
97 85 16235 42
97 51 56516 380
97 100 148768 23
97 96 7066 264
97 48 37385 41
97 6 23463 242
97 45 120561 251
97 26 49251 42
97 8 12069 99
97 84 16649 212
97 96 8975 118
97 4 14786 464
97 41 12804 302
97 4 20822 66
97 63 29421 198
97 15 10097 474
97 82 37791 719
97 24 20433 160
97 32 8887 135
97 79 17026 141
97 3 2944 194
97 54 79259 187
97 5 17017 353
97 35 59658 1694
97 88 9381 200
97 72 5428 878
97 1 13044 154
97 14 103039 170
97 16 9703 795
97 30 24223 245
97 35 36173 132
97 64 8744 228
97 62 17452 203
97 96 11443 111
97 18 13903 466
97 12 40523 144
97 59 35232 184
97 12 41662 254
97 4 16851 71
97 17 7920 48
97 50 43595 252
97 28 5567 121
97 76 7517 454
97 68 23572 666
97 83 63137 425
97 45 23393 86
97 92 208507 96
97 23 35442 161
97 10 65161 682
97 40 63162 48
97 10 18345 244
97 9 20478 248
97 51 58018 339
97 23 178339 60
97 52 2480 246
97 27 32728 192
97 33 1402 71
97 2 6588 382
97 69 99919 187
97 8 25926 387
97 48 8382 187
97 50 13705 174
97 45 53855 53
97 37 22064 954
97 41 73068 59
97 19 21724 40
97 4 7254 196
97 80 66648 170
97 43 9780 352
97 62 18998 346
97 94 23940 92
97 78 28485 682
97 62 15693 102
97 40 17608 308
97 14 29144 61
97 86 16256 74
97 40 67638 90
97 17 9297 92
97 13 53365 319
97 91 42690 169
97 13 12202 75
97 89 40547 177
97 62 5203 279
97 37 14325 38
97 24 2443 66
97 16 14041 438
97 63 8724 616
97 23 5822 279
97 35 3415 91
97 34 174061 193
97 95 46667 958
97 8 16329 475
49 100 26038 187
33 91 22296 42
16 87 21244 641
25 9 8385 66
31 33 28939 94
86 97 15896 619
99 6 4817 1302
100 23 69858 392
43 48 21466 69
38 4 65088 140
87 54 55605 596
21 67 43853 622
48 72 89829 50
51 27 36408 497
3 31 41272 257
98 83 10711 232
100 5 16577 146
33 1 124819 129
15 52 3505 332
24 87 83980 158
29 87 5226 46
49 7 25748 73
37 16 19270 13
43 63 13042 44
64 50 13026 205
10 99 18928 1396
75 97 48161 81
73 19 22776 72
84 53 12227 46
59 35 7355 99
74 60 13256 60
1 37 7840 179
59 34 74472 190
65 84 11231 62
41 48 25613 23
11 43 25531 615
94 63 46070 126
53 49 12611 240
44 3 3375 82
94 65 20574 175
9 36 16690 17
54 100 16550 34
18 69 24844 129
26 33 33687 74
74 23 7230 245
100 28 44037 341
2 77 21205 98
93 67 25876 523
82 18 6852 148
61 96 114065 192
1 98 15082 36
32 67 8873 273
68 64 21696 32
4 48 115180 310
28 18 135071 207
32 78 22361 47
3 52 6634 1613
35 32 22097 71
19 75 84229 94
54 29 30327 199
55 79 155571 661
80 68 45978 220
22 25 30360 166
62 64 186502 119
81 79 19802 168
96 89 35488 32
84 100 21743 90
42 53 31079 524
47 14 10282 218
22 68 27962 774
33 94 72933 34
52 73 26464 52
75 96 38868 121
61 6 11616 816
45 35 26502 20
58 49 92985 368
55 73 45257 196
54 24 42178 129
99 76 32084 299
6 50 35662 28
17 72 8736 91
71 73 5417 144
19 36 33856 209
59 13 13741 1035
89 28 81255 137
38 66 13863 229
29 16 77370 69
1 75 44347 101
39 68 4228 281
9 49 37330 1879
94 5 52273 469
66 51 31418 114
43 75 12982 159
65 88 44803 49
87 63 15047 555
57 17 61858 254
62 68 75974 234
69 67 16046 338
52 22 33057 253
17 45 67430 286
81 85 8625 1305
55 97 36158 230
95 68 10333 16
28 3 72622 38
34 7 5061 156
41 39 20750 426
64 43 58670 157
81 15 12852 24
23 14 28269 939
35 95 11644 188
85 53 13648 121
51 76 10513 142
10 43 20673 34
79 94 27622 259
27 21 58142 246
22 2 36970 307
75 38 23560 207
4 65 18565 103
34 96 44050 241
56 8 10641 158
2 54 123889 162
65 24 154555 241
16 73 15273 335
24 35 28817 79
3 63 58234 875
99 78 7904 773
8 77 5269 47
2 83 40584 291
68 29 14985 460
94 27 28064 167
20 68 34302 43
83 75 152425 190
78 52 54836 243
15 22 22090 671
31 36 13820 159
62 71 9941 206
75 88 27124 278
27 74 156092 223
82 99 10909 283
29 19 108369 280
62 47 68096 182
54 53 13487 225
57 72 58039 32
6 21 9320 199
56 7 71165 51
80 87 5121 49
90 57 41987 294
73 21 67543 549
50 8 76099 189
30 44 23059 974
92 99 33245 508
15 88 53724 229
87 21 170672 1067
84 96 45430 674
100 37 24201 175
20 51 42767 333
57 95 33389 463
61 54 41272 133
66 77 71062 536
40 33 49492 586
75 82 15465 1081
47 95 163068 64
39 81 36413 155
59 62 40965 115
27 70 22887 28
38 84 19463 465
81 2 17568 304
15 70 15142 57
65 39 8489 159
43 71 14735 293
34 46 25912 501
56 88 18949 191
33 44 93616 23
19 45 5282 49
43 66 75648 53
12 58 10757 214
57 97 8587 21
82 50 15544 626
51 93 61004 154
39 33 127780 66
63 80 25109 190
77 81 37851 195
70 84 12679 43
75 80 30871 262
54 79 27861 301
35 33 23552 255
6 14 30946 17
83 94 2926 42
58 39 1915 186
26 69 74403 238
73 43 28803 98
32 22 5532 665
98 19 409755 116
74 75 18413 394
98 80 23384 55
55 65 10153 427
98 62 58519 123
84 62 4738 88
9 54 10279 291
53 2 16771 120
97 1980
96 5419

97368583
