100 299 1 1
9 12 2730 657
9 81 13360 661
9 49 11223 59
9 3 12138 33
9 49 21989 159
9 67 8183 264
9 17 14608 104
9 37 26809 216
9 22 35709 137
9 66 8070 312
9 66 74201 338
9 49 7477 158
9 11 7127 121
9 42 26195 81
9 6 10337 176
9 28 56706 538
9 8 44455 395
9 12 20638 747
9 24 31547 435
9 94 17556 69
9 48 7910 110
9 57 41276 43
9 75 21957 433
9 78 8144 58
9 71 24000 510
9 80 23460 65
9 83 54432 150
9 73 156511 54
9 62 42072 221
9 73 24679 148
9 30 13843 202
9 30 107887 216
9 73 8932 136
9 60 6705 1023
9 61 18218 208
9 39 6461 53
9 84 63118 269
9 46 12241 490
9 79 22104 61
9 28 18722 121
9 81 19901 601
9 99 68418 55
9 68 17789 57
9 36 145860 62
9 5 12570 489
9 66 73688 345
9 33 4040 434
9 32 5082 237
9 73 8492 596
9 60 32868 66
9 56 6480 77
9 87 9509 833
9 1 12039 167
9 55 2558 568
9 73 8860 56
9 44 59884 274
9 20 72107 136
9 81 30781 126
9 73 31224 68
9 25 39717 190
9 28 18319 311
9 39 14997 92
9 25 10079 38
9 90 8154 353
9 30 21750 211
9 32 4123 111
9 48 39459 1304
9 33 16116 271
9 18 16367 99
9 59 70947 66
9 20 16752 209
9 16 21722 62
9 69 14942 29
9 33 7480 1052
9 31 6134 177
9 78 35164 135
9 99 13297 53
9 61 2999 57
9 25 5973 102
9 71 28763 222
9 85 68633 121
9 53 45378 85
9 30 19917 1091
9 83 46666 132
9 53 10139 641
9 22 17838 121
9 77 12464 862
9 20 36644 71
9 63 4253 151
9 75 5929 64
9 4 5715 75
9 90 36272 136
9 20 9373 241
9 54 49584 35
9 11 138058 180
9 98 324552 389
9 46 19072 215
9 57 9050 263
9 38 10481 169
36 31 4702 247
76 18 3357 91
65 77 71596 216
94 99 7099 75
67 36 11544 72
84 70 1419 59
73 48 119096 412
11 92 21585 265
38 89 7548 562
21 22 135002 84
62 77 15642 172
15 43 5311 614
11 51 53424 65
26 16 7436 167
3 89 76158 86
37 86 24194 474
66 52 12251 138
39 77 62586 488
65 98 25195 89
3 35 39175 128
64 82 35161 361
31 25 9484 154
55 78 16626 648
10 67 26373 105
70 2 37275 101
40 18 7842 43
50 13 15614 109
17 39 154972 124
71 29 21535 97
81 45 57873 198
76 88 45065 131
83 43 11367 147
93 11 46517 1582
53 64 23017 575
73 11 25959 172
36 81 28594 304
5 8 87404 853
48 25 31621 125
71 73 16959 247
64 86 11227 272
2 67 2025 217
4 48 251161 138
64 52 56157 1106
74 68 25227 119
65 86 3787 224
70 22 54712 116
26 20 11381 250
97 12 25142 89
98 51 43910 89
53 47 37873 263
7 97 18672 357
91 74 13782 933
84 12 25059 78
34 53 6500 26
65 1 175468 30
15 49 42589 739
56 68 7344 102
21 93 2945 128
57 72 99879 69
44 83 67437 111
39 94 48804 106
54 95 18636 167
18 9 3535 344
27 86 10608 115
20 74 17162 113
7 58 42806 317
54 76 8785 43
71 47 42441 211
58 9 7592 271
52 49 22022 53
3 2 44417 95
22 13 53767 241
100 92 2911 884
10 20 19056 80
37 84 46132 44
76 64 21583 703
17 30 4795 111
64 81 48205 138
25 40 4721 156
90 23 9554 134
12 4 4759 212
74 25 11051 38
78 40 11624 484
75 8 43125 71
84 44 47355 144
85 70 15895 216
77 40 2700 229
39 5 22118 152
8 41 22843 228
65 57 194111 601
80 95 11147 68
46 11 10493 682
93 90 39725 615
33 53 3804 100
64 21 126225 95
89 5 10848 711
69 88 96501 286
28 8 20202 178
60 58 177862 69
94 57 8106 387
95 81 26449 1090
51 33 5338 100
71 39 6928 221
87 36 6525 315
83 63 279570 966
88 56 9496 60
10 84 15753 280
90 10 5934 1463
2 62 37486 125
54 56 26430 115
35 59 57021 48
68 80 14804 224
27 78 7630 100
46 1 8347 96
45 88 23929 861
80 47 5936 112
25 68 32375 221
5 61 10290 61
85 75 12635 56
54 4 41474 51
25 71 17120 146
90 78 2229 489
25 14 9925 862
96 64 69881 270
47 34 144010 328
46 55 99818 235
1 54 8288 128
43 42 14604 208
6 61 5465 157
84 41 7146 218
49 79 2294 79
11 68 34316 1460
82 12 41790 224
4 88 39696 49
67 65 31106 222
43 62 18653 159
31 40 35041 78
75 22 49644 92
68 67 9938 75
63 21 39679 34
21 97 32236 183
100 80 39936 400
43 20 2197 59
91 48 19396 28
97 82 57617 138
80 81 5325 338
5 10 31886 551
66 41 26234 732
62 48 6282 278
3 70 22022 32
18 81 25078 524
55 16 44361 45
16 62 7035 318
89 3 40905 172
3 87 5963 82
32 6 76326 98
68 21 28146 107
68 48 12982 42
37 27 32151 63
38 48 11603 148
43 70 66868 71
27 62 23065 103
96 36 47873 149
63 38 88639 1616
29 43 24195 47
24 79 22853 154
26 28 17223 37
6 12 8980 507
59 58 13327 41
24 51 13103 94
74 12 23022 193
3 96 11638 146
25 15 12518 223
82 67 31620 95
50 40 109819 227
32 31 61771 162
27 81 11805 211
34 22 15763 427
43 60 16242 103
50 66 14720 53
23 45 22524 241
88 12 347380 21
97 45 26060 93
55 86 2219 51
69 13 6418 159
2 30 37914 80
24 94 60768 315
95 62 68632 110
85 82 116919 22
74 10 27378 166
91 1 11660 64
99 17 38338 21
84 88 11137 98
36 17 9834 170
86 69 27888 37
21 69 2728 61
49 38 161332 43
55 71 17656 328
33 41 10233 88
59 21 4180 78
9 2376
81 7287

73615671
