100 299 1 1
83 84 35290 257
83 78 22169 382
83 22 11091 43
83 70 23998 413
83 14 10463 48
83 61 30659 102
83 90 84467 153
83 71 9550 2503
83 66 19887 78
83 31 4709 7
83 57 13762 120
83 88 23084 14
83 41 36580 448
83 11 4374 51
83 77 4891 119
83 21 20694 289
83 25 13652 71
83 97 51839 66
83 32 23969 209
83 17 59017 298
83 19 18985 122
83 20 9810 75
83 56 46815 132
83 40 12778 16
83 18 17820 221
83 3 17042 167
83 55 38132 100
83 72 24620 58
83 36 2123 90
83 81 59738 69
83 51 37945 393
83 65 12399 708
83 89 32221 210
83 27 8322 223
83 1 32212 74
83 93 14052 173
83 100 109405 247
83 69 15061 44
83 62 7917 392
83 34 32952 22
83 6 30035 324
83 8 20821 19
83 44 52503 308
83 38 12964 207
83 63 11982 214
83 9 273505 338
83 87 6151 101
83 59 25789 71
83 13 27607 28
83 26 23454 50
83 46 14772 279
83 47 11501 35
83 48 41535 49
83 86 127703 113
83 68 62878 27
83 73 18817 55
83 99 25736 145
83 28 7567 267
83 49 152435 125
83 96 64851 130
83 39 65968 221
83 35 57371 89
83 37 54412 105
83 24 9431 34
83 53 12158 143
83 80 1278 353
83 54 13055 140
83 15 11431 135
83 75 19229 1033
83 74 19255 94
83 5 2388 1022
83 2 8914 17
83 52 15554 54
83 85 3221 72
83 10 39068 207
83 7 26026 803
83 58 204458 63
83 91 104884 176
83 33 25364 166
83 30 133115 143
83 79 52979 131
83 4 28631 175
83 82 71363 293
83 43 5065 332
83 60 3560 131
83 16 18039 702
83 23 11337 274
83 67 30696 129
83 98 19356 65
83 50 32251 483
83 92 8564 99
83 45 28860 94
83 64 314528 96
83 12 46606 315
83 94 8076 105
83 76 9276 111
83 42 20169 81
83 95 31399 85
83 29 19347 43
98 22 40270 180
13 98 89072 93
34 32 39238 29
9 20 7544 12
59 97 29367 95
27 66 10799 619
42 19 15523 923
8 44 73087 182
11 44 13394 62
36 45 90041 301
14 28 14676 162
76 61 52559 127
62 54 22162 118
41 24 21022 218
92 44 93058 325
99 94 40558 399
36 77 38922 101
18 72 55469 224
11 68 3117 522
75 12 3906 86
73 78 27731 559
53 18 23323 212
20 37 17148 24
92 85 29652 188
37 19 8901 162
64 56 146351 402
10 80 136958 324
98 50 9623 54
49 66 21685 129
70 77 47529 285
1 16 55983 212
32 26 18195 192
31 46 21649 41
55 53 3770 452
50 21 5882 147
74 37 58004 147
19 28 53760 71
43 28 21138 552
80 58 28308 321
57 48 4783 282
43 55 131242 243
84 93 37987 96
90 92 19966 137
44 97 4464 53
99 12 9367 242
36 97 105517 174
21 89 21724 98
84 14 14625 41
16 42 31112 166
28 59 103947 195
5 44 47915 139
62 81 95360 551
32 84 23295 94
70 92 8752 44
34 40 11942 46
44 11 43953 25
54 85 21591 34
11 100 5118 238
94 11 4391 66
26 14 102281 123
27 43 160560 530
33 40 125218 260
98 30 36198 295
81 86 20493 89
72 94 21483 113
82 54 11447 84
86 14 89531 8
84 44 13048 23
67 37 9815 339
51 29 9090 69
7 73 69618 1829
79 56 77662 117
67 29 17909 597
87 17 33845 34
79 35 96368 233
47 82 5751 90
46 95 8001 292
71 47 35748 85
73 47 28427 175
45 82 61582 279
10 96 6576 215
95 50 10791 138
73 11 24622 323
59 55 18416 135
76 87 17590 134
85 94 25026 17
7 29 60009 463
49 94 9535 56
33 67 60024 40
61 10 37512 149
69 44 57552 40
44 8 62292 20
88 65 44876 133
94 23 106695 185
7 75 19110 44
41 26 69630 19
93 94 26227 102
34 67 29493 16
63 80 19385 300
93 25 32086 96
42 72 56864 28
60 32 68682 103
68 56 21656 108
24 12 19749 57
93 40 124923 119
22 10 47262 245
80 47 10014 79
12 91 80158 102
63 84 55775 323
74 7 6365 95
89 31 30030 24
93 12 83370 34
23 55 7104 115
13 33 32758 57
99 27 9154 673
12 57 36915 134
98 84 21682 259
23 92 1162 127
49 8 141108 80
98 24 33444 36
70 14 8385 96
86 11 15844 20
15 48 18765 155
24 6 9213 142
75 39 24756 121
65 18 11860 29
31 48 28448 95
13 77 8348 17
5 17 8994 1236
20 77 8116 730
26 36 69772 42
55 37 63750 7
17 68 39449 78
6 33 15577 639
92 31 9321 74
66 72 2896 166
8 60 2471 156
68 27 50426 151
55 59 20504 166
16 34 50750 309
32 17 2698 18
62 13 57085 80
23 37 17047 227
61 28 56040 34
71 81 25709 169
32 77 70177 395
35 75 16040 440
35 97 15741 32
61 47 39933 212
42 82 24967 66
46 44 40172 27
60 8 125625 187
95 34 53720 114
79 8 105569 73
10 53 17546 78
9 10 56192 207
84 10 20375 194
20 18 11354 61
18 33 8919 171
29 7 7578 245
59 36 114245 97
88 23 18047 170
33 99 14217 238
11 58 7809 162
91 7 29983 206
35 21 353378 167
45 5 25198 359
64 55 36356 144
14 22 7550 155
56 86 31563 125
4 55 25782 60
58 40 65817 57
64 89 10011 324
7 65 12557 121
40 83 46973 93
27 31 56943 166
7 68 68849 348
44 51 18436 39
64 66 21466 90
69 74 60436 141
38 97 5373 135
1 71 63339 160
26 72 18333 45
21 53 7431 421
89 46 29369 45
68 98 16096 471
65 31 43305 296
86 75 77349 144
4 87 20457 160
37 11 7827 1849
75 54 10328 219
95 57 22482 53
80 89 11917 108
24 96 65748 151
89 18 9204 79
28 26 26186 66
53 47 5964 47
48 88 46664 22
12 78 61749 265
27 50 8649 25
83 891
44 261

11237141
