100 299 1 1
68 73 22069 17
68 14 3751 66
68 15 35754 36
68 58 7622 1709
68 79 53606 96
68 46 71569 36
68 100 10431 173
68 33 52390 290
68 4 10220 230
68 67 11885 553
68 63 7275 19
68 40 30050 77
68 45 20589 37
68 65 21138 378
68 75 5916 18
68 51 43024 512
68 72 62433 61
68 94 12570 136
68 53 47721 448
68 80 10013 91
68 25 41303 124
68 71 19221 61
68 22 8536 127
68 36 10575 314
68 12 286288 313
68 19 12881 207
68 99 28135 413
68 24 7747 86
68 29 22765 756
68 27 24545 50
68 31 12597 547
68 1 10137 309
68 21 9265 83
68 23 27467 136
68 62 80499 168
68 2 9821 210
68 83 35955 284
68 17 5514 123
68 78 11996 152
68 37 13369 53
68 7 101542 475
68 43 19049 89
68 34 7272 744
68 90 16325 814
68 39 6481 131
68 49 34233 185
68 59 29104 241
68 74 503195 121
68 97 11410 296
68 8 37491 148
68 52 6469 335
68 95 13410 496
68 9 6881 110
68 55 65244 223
68 76 75286 43
68 98 8797 1140
68 89 10070 400
68 92 79283 184
68 77 56328 96
68 26 22620 183
68 70 5598 456
68 66 30061 44
68 81 25970 95
68 93 14829 265
68 64 21632 109
68 47 6653 118
68 60 141350 169
68 41 58382 425
68 35 42075 65
68 38 4590 297
68 88 53268 50
68 85 3387 81
68 3 297967 331
68 13 32282 49
68 32 15234 139
68 56 8883 74
68 18 18424 337
68 16 39386 514
68 82 16783 20
68 20 110154 271
68 86 6939 224
68 5 23609 265
68 69 7707 76
68 48 9629 1473
68 57 121784 44
68 54 63426 134
68 42 6076 210
68 10 20091 161
68 50 7637 407
68 11 28393 356
68 91 58006 99
68 84 79200 663
68 6 17763 264
68 61 24849 49
68 30 21107 46
68 28 17012 545
68 44 27300 72
68 96 34946 295
68 87 14086 44
95 10 30343 143
30 73 43497 408
8 65 17827 324
47 25 23141 63
80 46 69843 388
41 66 27139 653
88 55 8304 357
34 15 13911 117
98 66 46462 107
1 19 6066 117
30 35 27127 85
34 22 19309 326
34 4 7099 783
46 89 29460 61
56 19 6807 121
78 10 8690 112
2 38 45947 118
3 51 13006 16
85 3 4464 640
41 79 74451 287
19 67 8091 262
61 24 9251 108
75 35 28243 264
81 65 30290 244
78 88 73199 356
56 25 37010 86
24 76 49336 505
47 59 25463 492
30 87 14535 1258
84 79 112181 201
70 20 26574 707
1 45 40124 182
8 1 27350 434
32 84 67456 588
5 47 14484 145
83 16 30305 545
32 76 32926 80
55 31 24601 588
49 66 10253 372
10 5 10088 531
59 21 9660 429
76 100 44579 26
5 29 13161 145
9 21 157037 220
31 7 24540 325
24 47 28246 214
62 40 41606 295
98 42 73295 82
49 61 84722 1249
19 86 185185 131
57 5 37490 223
27 39 3203 35
51 42 23295 61
29 33 30484 330
74 56 4396 40
21 8 67423 122
1 89 54753 39
37 32 20800 102
9 80 12482 17
40 35 20894 379
7 22 7397 833
30 24 8222 26
55 33 28609 333
59 32 1951 27
25 30 21723 30
48 90 8609 333
12 67 5368 30
55 3 2799 250
76 70 26260 549
31 3 12226 49
67 40 25742 91
94 50 5003 25
41 70 19557 143
16 84 39910 196
34 37 4907 18
40 68 12147 79
2 98 41786 82
1 48 39770 468
32 13 39248 38
84 3 5090 152
96 93 73568 148
71 93 51243 114
98 5 20390 506
85 65 10929 284
37 39 16749 233
35 65 47115 960
16 61 3860 463
19 73 4729 48
63 98 225141 505
32 36 5305 218
70 96 38948 156
53 93 45481 99
21 86 22638 19
45 33 32212 163
4 16 10774 160
74 84 27705 51
31 96 33535 666
84 31 41294 22
35 13 16623 49
26 38 329112 182
57 96 90642 128
81 100 25084 744
12 17 63793 66
15 51 15632 167
96 9 16381 173
83 93 20680 171
48 25 12963 110
69 96 77206 48
87 18 18350 252
38 67 70622 106
6 87 13464 115
17 50 9201 149
36 53 13493 358
3 59 77945 169
62 20 10269 53
62 89 19527 112
47 71 23584 204
22 2 35885 364
18 100 14523 24
93 44 84687 111
54 48 32816 181
98 10 47854 96
33 43 46433 525
73 78 12719 519
20 62 8215 238
9 67 84397 167
13 89 20056 98
82 22 40701 71
15 17 26120 48
27 40 25319 195
53 84 15096 172
9 34 31701 407
20 14 12010 121
99 73 57015 500
58 98 52972 64
20 45 26027 94
64 40 10955 1589
40 8 507355 60
45 6 50392 78
44 15 76866 729
66 18 39575 66
66 65 24496 43
50 25 14586 303
55 80 16852 86
29 87 52979 77
84 88 129652 32
44 21 18657 1810
80 41 34393 134
81 17 19172 45
97 18 15378 197
89 48 11154 70
92 89 17825 131
56 10 41619 268
35 42 36894 617
8 71 73985 17
24 21 10006 207
36 46 3361 60
6 16 19312 358
73 5 7412 13
99 11 7801 224
58 73 15457 230
3 46 31038 39
59 58 43406 33
90 74 33712 223
28 63 89649 204
13 71 55149 104
15 20 11476 48
93 65 37931 176
90 76 23437 145
52 84 60617 18
91 64 29075 460
38 25 30724 71
51 97 43167 399
66 33 41307 50
19 25 11160 25
81 24 10772 365
28 43 39600 542
85 11 40965 69
15 53 9572 180
35 77 27438 471
60 28 301281 34
80 12 66683 133
75 23 42786 343
6 35 74634 109
65 25 101476 1139
59 47 10816 33
79 15 10740 68
94 14 12734 363
70 83 28232 275
85 31 46344 28
83 65 4783 175
26 54 27363 107
57 34 22777 700
90 18 92219 62
95 24 18613 407
10 56 8176 83
88 93 70135 122
92 24 6019 603
13 81 298144 293
8 13 7004 311
68 990
65 352

6887994
