100 299 1 1
59 84 15471 56
59 39 12879 67
59 12 48837 77
59 93 12559 311
59 48 290889 69
59 65 11944 101
59 17 8035 2850
59 84 7190 441
59 97 21596 244
59 87 22557 33
59 18 26780 145
59 28 13231 511
59 51 26135 119
59 52 29542 117
59 34 36264 291
59 85 254863 232
59 24 2215 37
59 40 6022 87
59 33 79239 119
59 36 20442 190
59 35 7463 283
59 96 6352 328
59 15 5023 112
59 72 23920 359
59 38 56325 348
59 100 113608 264
59 49 158540 216
59 67 24012 128
59 43 13360 122
59 64 47430 134
59 5 52198 33
59 94 54999 458
59 70 26164 48
59 52 32743 259
59 47 9800 178
59 47 79291 204
59 83 19446 207
59 71 55681 27
59 8 22376 1201
59 17 83424 527
59 97 33798 178
59 34 7735 415
59 39 78973 810
59 11 10118 72
59 43 59250 140
59 94 63483 407
59 71 53328 23
59 86 41342 1581
59 4 37175 541
59 69 10546 243
59 71 16024 297
59 82 8031 203
59 27 90021 83
59 89 19010 158
59 33 10848 125
59 55 45672 39
59 91 27769 60
59 34 14086 95
59 47 51101 1510
59 54 11320 305
59 78 19015 605
59 81 6502 309
59 27 17650 47
59 27 5246 181
59 94 33077 404
59 67 4413 148
59 9 54708 92
59 66 7899 193
59 64 4642 23
59 58 13972 184
59 40 69353 72
59 1 2245 34
59 38 12809 51
59 22 101076 514
59 65 11663 291
59 29 18911 149
59 12 64239 258
59 67 93256 52
59 11 6821 60
59 80 21554 343
59 24 9650 84
59 53 30015 89
59 65 22341 112
59 15 42280 109
59 16 37978 247
59 80 13915 170
59 60 134028 592
59 74 72691 655
59 67 4670 340
59 48 23826 481
59 96 56387 234
59 88 34105 293
59 38 13350 61
59 87 20345 59
59 80 108486 128
59 25 36029 331
59 23 27235 108
59 62 63643 14
59 84 9770 887
78 62 80204 186
82 88 97350 105
13 2 7714 106
65 24 22492 567
84 25 20970 79
6 31 77247 74
88 54 38441 209
60 1 104795 300
65 46 9164 246
46 18 34569 174
30 86 12822 212
26 8 5990 169
45 47 39534 79
53 30 26592 59
32 76 26242 105
39 56 87646 33
42 10 19894 1758
75 89 48078 37
97 78 24971 1301
3 97 19859 15
39 6 6584 494
60 82 17383 280
33 18 13570 92
63 34 49098 375
46 19 3876 35
2 76 16447 111
51 69 3056 684
81 7 336021 49
16 76 37485 56
36 75 59062 271
58 66 14853 169
55 13 70707 37
25 86 11363 56
70 44 117993 665
81 1 51315 163
54 12 32635 435
94 75 14555 258
72 84 4595 158
66 31 28938 150
81 51 15096 26
81 50 5763 315
90 38 19773 239
43 33 110877 276
74 10 27055 157
9 28 96360 558
58 87 5074 84
56 49 45805 28
28 64 68405 77
25 39 31715 89
61 49 57649 778
79 54 15967 101
95 11 52977 98
86 32 11413 128
12 99 33435 38
100 35 10415 99
95 64 5889 514
6 1 23922 308
91 95 55219 72
52 50 53049 527
3 72 30073 85
86 31 10521 131
87 67 49505 155
34 36 5509 319
48 73 12586 145
71 13 41432 229
75 100 4447 758
47 34 45495 176
33 39 39937 51
82 84 12946 78
87 82 14766 21
22 10 4708 16
50 40 91398 64
39 5 3632 162
24 66 17814 220
41 31 40862 125
19 45 27108 65
80 13 2311 232
2 94 12483 355
87 75 13907 73
20 60 33988 397
16 85 25356 182
48 39 52502 73
76 36 20208 362
72 58 3425 39
25 52 7472 39
5 96 37142 106
92 36 16654 643
19 25 10763 612
10 77 1290 248
81 82 16256 142
48 98 10537 248
55 30 30973 649
98 58 15490 284
93 58 24920 50
37 60 18152 101
62 14 3840 172
20 100 5394 289
36 52 53032 38
93 33 6913 53
45 66 13537 47
18 36 5073 48
57 100 30386 210
83 18 123088 108
65 19 30460 161
7 89 22758 51
50 2 71485 253
46 20 20771 316
29 85 84108 246
52 68 1650 96
88 73 11395 221
7 62 41235 72
83 5 9282 1672
69 100 23851 64
61 12 17450 20
45 76 28477 93
8 81 54488 61
47 35 3848 242
9 13 4589 28
62 88 41593 500
49 61 13838 61
45 70 11950 237
97 68 19962 166
35 2 22276 66
87 28 2678 353
49 48 23966 141
13 70 6165 94
12 41 58181 52
91 70 127389 206
99 40 18474 2069
31 15 48849 62
43 44 24263 91
79 17 9251 19
34 56 19592 44
81 48 26585 98
56 27 32612 209
71 15 20567 583
25 43 17351 167
61 87 69544 30
25 90 23057 174
64 1 21621 63
100 70 12220 198
26 6 35174 149
51 7 62321 71
2 81 3004 43
92 81 51467 37
56 35 18903 16
62 100 17910 271
51 77 6204 118
92 35 48605 314
71 27 52859 123
51 76 5572 69
6 25 46535 47
69 47 36508 177
96 32 24009 244
86 81 13398 690
35 67 75680 353
100 93 36558 76
16 72 57590 442
70 16 40107 40
85 70 11810 309
12 96 175165 50
53 31 26540 140
79 67 29996 414
91 35 31606 98
97 16 80146 150
19 88 91448 144
17 76 18885 56
58 56 40792 31
49 87 14321 119
27 21 2138 342
94 82 65907 160
79 66 18302 45
62 40 7638 333
57 17 67158 272
70 46 39588 208
5 21 5744 47
31 53 18320 50
43 63 21849 214
2 6 12336 65
20 5 33689 122
98 53 14950 638
40 83 4271 472
11 91 9226 181
4 23 14577 166
93 21 9344 53
45 2 3273 89
10 40 228265 55
36 23 31251 270
6 51 25152 407
51 9 13562 16
22 16 17906 69
82 38 32086 68
35 3 48168 389
94 74 29750 461
71 80 26457 523
99 73 6561 344
20 58 20807 463
85 31 5972 102
42 48 32829 520
20 82 14641 54
59 792
67 1240

17804641
