100 299 1 1
26 85 33332 107
26 90 78111 41
26 45 43320 127
26 65 21438 203
26 75 49240 164
26 18 11171 128
26 17 112360 125
26 69 22426 29
26 64 33617 50
26 54 55372 290
26 96 28968 264
26 47 27656 73
26 29 7472 215
26 51 3051 204
26 32 49027 82
26 11 20780 245
26 67 116417 1137
26 66 24199 276
26 28 5653 182
26 20 21668 155
26 48 34029 47
26 16 12786 92
26 80 10938 2246
26 79 220749 125
26 3 17560 217
26 2 23747 456
26 77 7573 93
26 89 13397 60
26 83 5274 947
26 72 30856 316
26 41 13007 381
26 44 6586 74
26 82 12011 142
26 57 21712 1127
26 24 12613 161
26 53 57847 88
26 23 176046 121
26 74 43499 62
26 71 58672 1362
26 21 7480 112
26 73 63201 90
26 59 49780 298
26 37 26112 63
26 97 30320 188
26 86 6933 72
26 93 815 65
26 8 20747 80
26 84 28679 123
26 55 101700 265
26 40 13890 501
26 58 12273 538
26 92 234565 463
26 39 12614 144
26 98 24016 118
26 78 5316 432
26 14 19595 445
26 38 11653 220
26 6 72944 286
26 22 33566 79
26 27 10718 53
26 12 5846 93
26 94 27549 70
26 50 18174 107
26 76 17845 122
26 46 224905 862
26 33 18365 270
26 43 27032 70
26 15 10682 25
26 61 39214 106
26 56 15156 117
26 30 5776 1086
26 42 11279 291
26 70 4025 373
26 10 6998 2610
26 25 30841 151
26 52 44697 43
26 5 196920 93
26 9 10814 242
26 91 6991 2707
26 68 80225 102
26 31 23736 88
26 63 10639 36
26 87 23387 16
26 100 13651 127
26 49 37138 520
26 1 17046 35
26 7 20028 217
26 34 2776 70
26 13 7012 79
26 4 25309 150
26 19 27729 1234
26 95 31465 85
26 99 95187 289
26 35 14831 176
26 88 6342 90
26 81 15073 261
26 60 15787 48
26 62 32073 75
26 36 22070 51
11 8 83370 63
87 37 13765 147
15 3 36385 183
47 96 97316 121
19 58 18233 35
1 63 6575 126
29 71 5554 74
56 33 26291 78
44 36 11942 186
4 13 22737 144
73 74 10466 97
50 65 14116 85
13 56 2955 54
78 84 55639 511
40 68 15442 336
22 40 11829 709
83 42 50083 221
97 38 69983 45
84 30 34549 40
7 39 29700 74
85 27 31964 318
89 18 34692 63
19 72 76065 150
68 57 44962 216
42 21 6264 128
47 30 30513 120
70 54 15388 100
62 21 4387 252
28 97 4122 663
76 7 10903 472
8 32 63082 60
53 98 87866 299
32 93 9235 854
32 46 3555 777
23 91 11686 138
1 57 27297 142
49 48 42604 53
39 81 5116 362
42 78 79656 158
42 26 8040 87
5 61 13137 71
30 44 24711 61
96 51 2460 253
86 81 7442 168
71 85 25359 1042
80 27 3993 242
25 41 11227 139
74 34 10172 180
1 65 11453 1542
88 49 95706 19
44 51 27965 570
29 30 11386 152
60 10 21932 843
42 38 23427 122
66 45 12080 170
93 50 8489 79
3 61 20973 706
4 52 8968 234
68 59 8683 130
97 45 9011 816
78 40 108076 895
35 24 41895 72
2 29 25902 421
81 10 43596 34
14 77 9033 127
93 15 1098 66
53 49 136764 161
21 75 25850 174
33 89 29783 26
84 76 23572 564
56 29 23743 143
99 80 13258 278
65 34 20963 466
46 35 3637 174
92 6 9461 113
29 11 29661 471
90 73 22737 200
18 71 11275 61
16 82 74927 384
42 55 9516 61
28 69 12054 78
32 67 39353 137
22 19 53427 200
75 2 18090 125
94 40 8087 236
97 23 34847 1047
38 46 2751 749
9 29 28172 134
10 11 16121 74
33 62 16309 148
55 60 14311 389
61 63 49224 78
40 69 34420 206
28 93 601884 209
68 8 2734 97
57 97 37311 26
41 34 162860 201
73 22 3889 946
82 41 78795 89
50 53 36025 327
1 98 39688 128
5 62 42890 186
51 47 14293 83
88 83 4584 14
42 99 33012 73
43 73 97746 279
10 72 146380 145
42 61 30871 202
48 63 9640 41
74 95 11702 402
2 55 55814 46
80 87 86655 68
95 31 6086 58
57 25 14444 997
92 90 5997 227
58 55 14033 308
27 43 16627 87
99 52 23756 224
55 27 24584 72
95 75 132981 53
41 9 61226 392
34 100 56474 29
51 10 50187 49
15 43 11158 315
81 80 37469 184
33 3 2916 222
74 90 30169 204
75 58 56505 153
92 66 20911 1753
99 48 13546 142
29 90 13039 99
53 38 9678 385
29 24 29010 49
55 96 37201 26
67 90 51188 121
31 76 10697 809
12 63 18953 102
99 41 26140 163
15 74 25479 100
52 96 8596 299
45 68 13305 643
67 63 19167 327
56 76 15653 488
19 50 32598 113
17 58 62089 43
18 65 32653 660
71 64 12830 39
72 94 25344 351
61 4 26177 37
58 2 10687 40
50 49 2624 180
62 72 78555 171
64 18 30786 296
53 74 17323 88
34 80 11342 515
30 74 58555 535
53 43 35460 468
76 15 239694 45
2 51 46504 28
79 1 22178 184
68 71 38773 191
46 91 6140 148
41 7 36069 278
91 45 14804 379
1 42 45793 118
81 37 7128 335
90 12 12380 92
39 69 9002 130
41 62 26404 122
12 39 22411 262
65 51 11432 88
92 56 71532 78
85 94 54893 107
48 32 2379 37
65 76 224983 191
90 5 28421 325
66 61 67654 81
99 11 9006 98
77 50 10770 78
18 67 17043 755
27 92 22888 104
71 33 5132 185
69 29 32031 382
18 59 25091 335
20 85 19364 227
78 23 8964 231
2 11 84062 164
8 56 193737 117
19 28 27075 48
38 10 10372 384
19 3 10078 80
50 60 10500 38
23 77 13257 72
49 70 3755 364
19 2 26291 41
68 12 52126 91
28 31 15552 34
93 83 14346 537
75 29 26863 33
70 32 10030 1444
26 198
63 34

361726
