100 299 1 1
1 20 19623 84
1 13 10745 89
1 35 154236 106
1 18 159678 775
1 99 168929 154
1 83 47491 289
1 94 153215 334
1 95 5757 109
1 2 4573 103
1 27 58606 1666
1 11 3929 383
1 17 7842 161
1 88 58923 23
1 35 13035 292
1 37 58172 100
1 28 20103 213
1 22 9853 35
1 83 19673 94
1 70 64210 301
1 18 28744 238
1 87 4665 123
1 33 54316 556
1 19 16383 48
1 5 3641 113
1 87 5918 162
1 25 57920 95
1 50 137135 159
1 62 158033 217
1 25 5945 200
1 100 294384 124
1 45 28164 24
1 28 80447 248
1 18 52500 42
1 14 5602 58
1 22 24344 165
1 76 18429 89
1 81 7975 136
1 73 1460 259
1 25 23054 297
1 81 17426 50
1 94 48917 1006
1 70 153691 53
1 61 6020 171
1 39 7975 352
1 6 76008 393
1 42 12347 59
1 71 39817 391
1 76 46329 16
1 82 9104 60
1 70 15948 117
1 83 26853 64
1 29 14542 344
1 63 38625 104
1 33 11489 16
1 47 6884 155
1 67 26537 96
1 82 11246 176
1 40 70824 140
1 46 14137 101
1 30 106063 81
1 36 83022 459
1 7 4378 65
1 24 13734 779
1 10 14990 111
1 82 182403 207
1 97 4645 371
1 58 51914 35
1 59 53017 154
1 66 8162 62
1 24 11737 88
1 21 14922 451
1 69 11964 123
1 96 34517 546
1 62 11311 116
1 35 22183 34
1 44 10833 9
1 99 4962 77
1 55 14062 99
1 86 91409 45
1 75 60706 113
1 81 13491 253
1 67 20756 219
1 80 67610 301
1 80 6395 505
1 7 14163 209
1 33 18586 36
1 67 23827 265
1 17 25678 316
1 35 16959 27
1 58 79833 32
1 85 32476 103
1 99 9637 44
1 76 8519 310
1 89 12657 58
1 2 11310 710
1 36 6217 256
1 46 61164 592
1 52 9636 405
1 69 10382 127
15 24 3586 203
88 7 9830 442
4 99 14025 69
66 63 19608 298
49 74 6433 34
76 40 8454 414
49 87 57153 21
54 65 87982 546
89 73 45233 174
8 75 7983 273
7 91 12207 426
99 57 21367 146
87 33 13402 54
41 33 55155 72
97 77 10318 143
22 64 13796 279
26 63 7051 222
95 81 38441 36
53 49 2906 316
22 67 20387 746
8 83 105441 592
29 50 66844 235
91 84 34793 846
46 85 166595 170
79 51 49423 183
61 15 13857 155
68 56 11534 780
26 22 81144 286
43 71 21354 1180
97 49 9758 93
17 71 11459 91
42 96 29544 63
93 100 9230 90
74 39 88943 46
58 9 57716 49
33 49 30487 161
45 43 76405 44
76 19 3156 127
29 18 23283 69
75 62 24315 246
40 68 46225 51
78 27 4736 50
35 42 27225 219
69 6 20387 275
9 63 8790 177
35 67 3262 587
62 65 6099 232
53 38 18709 219
14 13 10305 64
32 8 2664 196
34 8 24687 85
48 85 2657 190
39 2 13142 136
27 47 33993 503
84 92 16187 17
46 30 5834 187
25 21 14889 14
66 92 11806 27
22 41 50377 221
55 76 5896 606
98 54 22470 104
44 95 38370 146
98 14 20623 345
81 1 61497 47
24 19 9551 203
92 4 52769 13
95 6 13175 33
37 100 26504 375
28 41 101006 151
46 42 7387 375
48 83 177892 371
6 49 23270 10
16 43 23640 103
69 79 3586 121
37 28 6907 49
39 100 21044 57
5 28 16677 73
59 96 18404 218
70 40 19607 101
79 63 42932 117
28 74 22161 84
47 82 13248 52
47 21 14767 239
69 36 20007 201
18 93 52148 75
45 60 6430 50
40 92 44767 23
21 54 16392 60
88 33 15020 248
21 9 8233 140
78 9 113534 46
6 76 73511 108
58 23 55033 2507
15 23 66621 76
33 92 5076 32
59 53 26891 184
52 63 77284 435
16 23 19936 13
93 55 20504 99
39 91 19453 359
4 14 37438 218
1 26 17032 273
74 18 6980 218
42 9 12641 48
83 24 18655 165
46 32 39394 302
69 90 6049 126
30 21 33774 329
70 98 3750 72
17 12 5340 84
9 48 6177 28
61 3 12465 177
16 21 23236 174
11 25 22991 352
61 6 3167 80
20 52 31732 304
57 11 19590 370
10 75 17261 92
66 17 11600 95
43 81 19021 57
50 55 11759 32
62 39 41541 75
81 96 88253 80
84 93 6754 163
17 80 16911 364
63 27 26546 184
67 56 15406 388
98 78 143990 128
100 65 25815 355
70 45 2531 36
35 17 39225 192
69 44 78124 129
24 2 5658 200
95 79 12802 378
69 7 9433 192
56 62 12015 108
58 84 8399 21
32 87 79771 182
19 77 82460 86
17 31 1828 593
45 51 12425 114
71 72 92990 687
91 16 15542 274
57 44 14063 145
22 97 64206 143
20 50 24529 541
87 34 5382 177
16 19 5633 97
11 15 7477 83
57 67 26339 85
18 97 21455 135
98 40 20452 52
6 60 6242 452
46 36 87723 284
69 82 32776 124
64 85 89737 354
26 29 9825 329
70 88 17898 60
2 48 37612 41
2 7 55545 116
26 97 14093 73
50 66 14371 238
96 12 122607 91
23 32 53744 329
89 16 42467 784
39 15 31131 265
16 74 4766 497
31 48 7642 64
86 50 6641 148
64 95 22644 187
7 54 21874 218
52 69 30528 154
92 96 31871 37
27 83 4743 54
84 39 57191 74
65 29 67678 183
58 19 9307 366
10 21 15535 101
58 38 40468 323
10 12 7670 77
82 18 12698 2630
91 58 59613 376
27 95 50321 480
85 30 5824 947
37 45 20984 115
38 94 20517 465
84 16 17296 41
47 42 22174 450
83 4 5166 99
44 61 70359 89
44 87 4936 390
28 8 21113 636
8 70 140633 180
93 2 14461 374
21 65 4027 533
2 26 61544 62
74 40 14836 210
38 18 44126 143
75 45 5051 198
84 76 56496 265
1 1700
18 3305

148111488
