100 299 1 1
39 5 32969 129
39 98 8369 819
39 20 61349 356
39 87 8880 58
39 91 18268 736
39 58 19307 129
39 43 348795 30
39 21 16622 110
39 31 30607 44
39 17 40552 625
39 85 60244 75
39 41 12847 66
39 30 14786 94
39 3 17836 171
39 27 27314 344
39 47 11669 90
39 36 10206 185
39 11 44897 286
39 10 42617 101
39 16 12550 63
39 90 33920 56
39 12 12257 157
39 61 30627 218
39 56 20966 43
39 65 10473 916
39 50 128794 42
39 71 72627 291
39 97 25478 64
39 45 10044 79
39 33 18216 161
39 57 18565 314
39 96 3297 306
39 18 13161 91
39 25 5351 337
39 79 12453 319
39 34 31562 208
39 62 13671 425
39 78 21949 797
39 84 26967 186
39 81 7335 179
39 64 3760 84
39 37 26349 307
39 74 6049 120
39 40 254504 192
39 68 27418 178
39 14 93519 866
39 24 3447 56
39 2 12666 268
39 66 49085 374
39 13 18021 239
39 59 25997 21
39 67 4729 309
39 75 42294 402
39 80 22016 53
39 15 21693 164
39 83 78178 362
39 28 16233 223
39 23 8552 46
39 53 14276 58
39 35 45289 229
39 22 26423 302
39 42 40307 222
39 55 13772 8
39 77 28780 574
39 95 2454 866
39 51 7383 346
39 46 42850 466
39 100 26361 35
39 94 23521 162
39 54 13710 91
39 26 8108 121
39 52 7865 148
39 9 50543 212
39 4 11365 88
39 44 19549 201
39 38 34069 46
39 63 62149 111
39 70 51518 132
39 73 12085 122
39 72 17077 77
39 89 5871 13
39 92 18907 35
39 32 14668 257
39 93 32401 170
39 82 29996 183
39 60 31677 1076
39 8 57826 76
39 76 3334 792
39 86 22074 115
39 7 37962 95
39 29 23009 320
39 88 36778 93
39 19 8843 36
39 69 5204 120
39 49 117536 45
39 48 8967 574
39 1 9099 573
39 6 11794 93
39 99 13514 460
96 48 14217 66
72 90 30227 294
4 65 17795 80
59 94 6913 165
11 56 12301 523
11 100 15262 23
44 58 3611 388
29 82 21643 146
7 93 22419 276
95 80 23747 167
46 24 53209 315
56 62 98729 311
60 89 8405 50
12 47 9444 381
10 91 31364 146
11 24 14624 403
95 38 43636 207
7 84 74784 210
80 42 40194 320
86 99 21377 574
19 61 5287 958
83 21 55328 82
48 58 12718 271
71 97 22026 130
38 79 25346 245
56 76 79170 244
64 2 5693 41
5 35 9596 269
23 70 13293 414
24 10 123680 56
70 53 79671 170
31 60 52032 89
65 49 29152 302
31 91 37108 201
30 25 23202 126
91 51 9665 47
1 76 178615 164
16 4 10210 695
32 91 70073 397
100 48 105292 140
44 80 53108 27
85 20 24135 209
15 83 6289 128
20 12 10120 185
59 96 24557 246
36 94 2831 210
55 98 6505 402
38 42 110971 81
62 74 11111 327
71 21 18250 79
93 94 8477 183
32 54 4563 469
33 78 10576 275
90 7 245158 104
20 1 39796 264
5 88 12555 98
27 55 57766 54
64 30 61897 244
5 84 56897 1885
96 60 21619 27
68 50 34743 18
47 10 30791 171
24 18 34304 106
27 2 32447 237
1 59 11978 43
51 78 42585 176
57 77 31601 2621
52 45 11348 82
37 19 43889 29
48 1 9656 38
21 20 11153 513
7 46 174248 61
22 89 14554 152
23 74 35371 610
21 58 53881 1053
84 21 16101 56
11 90 2668 320
56 5 59339 131
48 49 3396 374
57 80 43111 16
81 51 18603 200
60 86 33369 298
93 13 3273 548
17 27 9029 110
15 82 50794 37
98 65 54528 329
9 60 18171 85
28 47 20823 238
84 65 4549 274
57 69 19838 184
73 10 7164 168
99 48 43697 89
76 62 18344 496
77 70 12675 24
2 56 7801 400
59 49 20499 189
50 83 14314 251
76 68 39275 16
49 93 8834 988
50 82 53780 122
59 86 12299 13
54 43 9709 249
67 95 15524 129
90 53 27012 103
43 49 20051 66
61 63 47799 133
22 38 47174 154
28 24 24253 292
38 57 241647 41
44 89 35803 281
89 61 15621 78
44 53 36112 239
87 96 19880 120
10 95 7762 20
81 45 23720 32
19 34 1991 179
97 70 12428 100
24 28 8249 115
65 61 22592 592
42 13 7595 71
88 78 57944 100
48 82 38457 185
25 11 58201 108
87 34 11292 218
69 68 6435 21
36 84 2246 125
52 85 11991 66
80 44 8979 422
16 45 5267 138
96 37 70378 97
56 61 148370 101
45 22 24452 67
98 6 24524 1568
72 34 90821 390
21 18 35624 108
84 25 6466 553
44 93 18808 45
79 91 8849 9
3 62 41585 425
99 73 35648 39
58 65 13277 182
75 96 9912 1782
9 75 3587 132
12 63 9983 223
46 54 4516 47
17 9 33053 66
94 28 44246 171
82 21 59507 116
26 62 12023 531
35 95 35513 183
30 53 10978 114
79 26 19981 109
97 18 60787 627
80 72 44423 209
81 20 8326 269
72 85 29718 173
3 49 56158 311
96 53 36054 167
57 17 101222 124
82 39 37252 77
50 100 31109 398
3 31 6358 1022
85 44 43488 506
98 94 6392 217
1 64 11400 82
9 83 27310 195
53 11 1787 42
94 3 9778 30
78 27 21084 262
68 36 1510 280
16 59 16088 45
57 71 254429 244
29 39 46008 32
16 92 11501 100
62 31 13421 93
33 81 18466 387
15 61 10142 855
36 61 14483 67
88 93 35846 43
60 36 31593 586
63 69 66528 288
22 65 19051 265
65 57 19494 131
49 28 20676 41
75 98 94816 302
91 83 137802 250
16 50 31447 606
82 100 6047 51
13 6 8842 34
62 51 56780 167
20 97 15069 318
20 11 16582 993
24 73 54716 145
87 97 6122 883
68 15 38508 74
7 54 8011 92
71 95 6411 832
54 67 14243 67
40 52 24313 177
61 65 4318 110
39 891
65 652

6828396
