100 499 3 3
85 65 55734 58
85 29 17414 213
85 81 15742 662
85 49 23316 369
85 5 4780 701
85 37 6534 101
85 39 17456 49
85 92 14546 50
85 40 44869 77
85 65 105717 177
85 96 9046 890
85 9 18996 96
85 79 8823 908
85 65 7782 46
85 4 83785 144
85 38 7980 341
85 24 50697 207
85 9 42936 58
85 48 9139 251
85 76 17159 215
85 5 10493 28
85 81 38413 71
85 78 85241 122
85 95 11575 291
85 20 37351 200
85 72 15291 18
85 45 27461 90
85 95 19595 159
85 42 23773 37
85 7 9263 147
85 39 12994 192
85 49 21167 62
85 74 83529 241
85 56 34186 25
85 62 32544 133
85 54 9526 64
85 54 39155 163
85 88 19416 264
85 86 2496 97
85 44 40395 1764
85 87 11713 142
85 75 249849 669
85 18 21997 319
85 97 183839 33
85 10 36586 258
85 42 19454 89
85 42 9394 187
85 1 43302 79
85 100 69143 78
85 66 19853 465
85 70 16864 55
85 78 10428 69
85 98 8935 78
85 18 46913 274
85 95 6141 27
85 27 10559 54
85 64 8227 58
85 99 30980 75
85 29 71577 368
85 80 57064 109
85 9 32865 22
85 37 107253 1000
85 7 73604 57
85 6 2054 39
85 90 7354 205
85 78 19034 62
85 34 10027 557
85 56 455688 240
85 46 25095 376
85 2 17397 179
85 4 13872 142
85 12 53798 252
85 65 27845 310
85 73 59916 114
85 100 24492 52
85 78 7948 171
85 49 16092 1759
85 94 11164 344
85 9 66730 383
85 12 37893 272
85 93 33859 52
85 36 56401 276
85 69 31426 187
85 55 43500 87
85 64 40682 446
85 95 62829 509
85 92 11351 178
85 11 16487 50
85 100 17138 24
85 80 75455 120
85 59 45286 725
85 63 33395 900
85 51 28464 104
85 5 22869 126
85 24 41436 599
85 45 70062 104
85 80 13927 100
85 79 17814 127
85 48 6395 111
34 25 49360 736
6 38 5463 1613
7 96 36176 279
28 66 296263 268
71 20 19958 268
55 17 25552 186
38 52 13046 15
98 59 10327 248
91 61 48421 171
33 46 3421 97
54 69 22677 55
51 56 4079 100
45 84 32224 229
76 15 40763 40
18 84 6364 56
58 4 47193 226
23 63 6419 283
12 82 3530 352
83 32 50830 45
30 7 24781 203
46 97 76860 181
97 56 15454 195
37 86 19117 28
86 64 50994 50
14 91 29323 243
28 15 12844 20
75 42 16161 182
51 19 8537 68
76 60 26712 173
21 24 49892 97
62 8 11226 62
16 83 55210 352
91 65 8422 150
48 87 207633 58
39 93 12245 827
57 77 5391 121
57 96 18785 72
21 96 61358 763
92 48 18697 267
70 10 26299 80
18 99 9279 321
72 86 39779 530
4 20 7514 187
57 49 7149 30
15 98 1424 273
90 57 32233 475
45 16 23458 235
91 58 9520 34
61 45 16454 77
28 73 21047 90
32 91 87280 43
96 97 23146 302
98 87 23069 104
40 54 1428 182
47 94 3342 60
1 30 4501 590
84 34 4594 52
12 52 49930 118
89 39 32613 126
81 76 3635 534
74 75 28330 15
72 77 36791 195
81 98 54688 32
42 7 16052 125
96 7 28052 23
49 56 18776 185
30 25 25322 1292
1 42 36376 626
92 93 45007 2028
44 98 16051 167
95 99 26355 643
16 68 36466 384
20 90 18980 157
94 38 42726 184
9 38 23658 314
91 33 257754 36
19 41 256476 23
57 66 9197 85
8 70 80639 109
96 59 10720 294
11 42 12044 96
93 40 21892 49
22 37 41149 338
97 7 8046 27
87 73 16293 10
27 77 18506 63
31 16 19802 198
79 70 8580 96
31 47 12052 249
61 70 9825 105
55 95 22240 487
41 19 7825 138
68 37 34385 46
3 73 116230 246
77 82 49220 86
79 36 35795 731
100 60 47778 133
41 73 43910 110
12 43 103668 87
66 27 11997 80
38 16 52169 103
89 52 53540 152
24 26 51765 241
53 6 25447 78
54 24 13456 114
30 78 5803 430
64 50 45380 599
9 82 60415 51
59 93 15623 63
48 29 10073 121
46 12 46384 86
41 69 13996 207
15 96 16234 469
68 41 2790 362
45 61 9940 70
68 78 5795 135
80 34 26967 220
68 47 445303 265
92 32 122536 150
54 32 11509 92
45 1 5876 103
45 78 72028 78
68 31 140988 22
16 53 17648 316
41 14 77915 162
17 15 17134 43
34 78 15615 425
66 25 17895 111
4 45 7820 87
99 49 21151 43
42 44 18049 65
80 7 12426 88
70 68 17155 68
23 75 7558 144
30 60 44195 198
53 57 12360 39
6 87 5257 160
59 90 2718 126
100 74 18960 442
6 40 14988 342
14 18 157179 347
5 97 15914 268
70 25 19792 129
75 68 12893 602
61 15 7137 93
94 25 5482 290
81 50 20630 84
41 64 37898 349
96 83 52697 37
49 85 11057 29
60 6 30716 358
100 36 31146 181
18 12 15226 82
94 87 32949 74
55 6 66934 215
49 92 14617 182
3 89 40949 26
22 96 3184 127
27 73 36286 245
28 20 14541 101
87 17 16652 185
44 21 13521 257
35 1 19295 296
24 2 9397 36
16 18 10628 458
49 94 21417 108
44 51 29600 144
25 11 26265 426
37 9 88115 276
79 19 4892 110
86 88 8842 65
56 15 146345 45
52 84 48237 148
90 87 49396 62
94 20 17828 260
28 79 13246 273
40 63 6171 108
14 86 50453 105
83 91 31252 359
14 10 7755 150
63 65 14961 346
45 72 44216 71
80 43 17877 375
84 37 2997 399
35 4 19574 433
87 40 26068 338
22 16 21847 24
79 86 15641 247
89 3 19184 60
62 92 118641 29
37 70 13903 49
81 73 55622 37
85 58 7202 66
15 99 11748 197
3 76 48682 885
56 12 22118 329
51 79 67060 27
96 6 26154 281
51 68 20654 233
1 46 13528 92
14 54 6791 118
96 86 58936 166
10 33 5738 84
90 18 8474 121
81 91 4707 315
3 38 3348 775
15 87 24574 45
99 21 16634 26
55 5 62086 1405
28 99 28455 123
69 63 4096 279
5 81 21752 425
74 39 10037 387
37 77 36044 179
13 89 32250 373
39 38 18895 463
63 8 21401 123
91 26 13075 196
88 61 8814 645
100 30 93037 9
71 7 113957 50
57 14 19454 140
19 58 21129 106
70 45 136421 36
95 20 17982 38
42 11 167468 30
57 69 68231 267
61 95 18269 75
46 7 50340 172
88 3 23791 62
38 5 5539 861
29 70 26510 72
1 35 5252 215
11 40 28994 153
96 24 41837 342
74 78 23119 132
8 92 19296 98
75 84 91412 75
82 28 22021 40
49 91 3922 1173
59 11 35320 194
33 91 28459 106
23 90 41284 82
98 69 14883 47
56 94 31663 15
22 76 4516 204
72 89 16485 115
72 9 63587 66
26 92 5145 867
32 42 73661 102
17 34 13358 313
68 46 78621 174
92 54 17978 109
80 12 32540 81
17 10 22930 379
57 68 6453 142
76 20 46057 23
19 8 66941 141
22 11 64194 76
17 39 78034 249
57 52 14452 164
45 36 58677 56
42 99 32854 250
89 5 15898 148
30 57 29231 248
34 9 54439 185
39 96 18329 161
4 79 26410 76
87 89 19533 21
22 25 93039 104
69 41 14814 164
97 14 7866 207
28 52 6237 165
83 49 20683 31
55 97 28792 2225
51 99 33042 55
66 53 21428 77
9 15 4385 149
42 51 33988 1821
58 62 17988 343
34 7 10762 73
25 82 5108 68
60 26 3110 591
56 4 49564 121
71 48 13100 341
98 22 20426 40
40 22 18009 98
10 3 36990 63
49 27 51897 216
9 61 6578 201
21 67 20271 202
60 61 4118 473
82 21 10513 139
43 34 17515 168
60 68 11693 28
38 69 48388 134
41 70 23577 85
65 46 60725 212
51 45 21567 65
57 23 10667 141
42 59 33472 144
1 15 19476 450
48 27 27739 288
4 59 14353 489
40 38 98946 469
13 43 40799 191
71 29 5988 422
92 64 9498 134
100 15 10138 36
35 46 39283 136
13 19 15258 401
34 15 30321 59
27 69 101926 165
70 21 8443 127
95 1 39210 87
7 26 35357 1313
14 3 83078 152
1 67 8032 167
59 42 8444 279
87 39 14438 484
48 73 48914 218
38 10 20446 86
7 49 10070 145
88 10 38099 14
39 50 19456 16
90 24 120618 315
93 73 28013 77
37 87 41221 261
91 49 4878 659
47 45 122128 148
34 20 87175 102
66 58 2661 938
83 71 1051 885
27 26 17906 84
17 35 84698 81
65 68 4079 203
16 66 210217 60
33 64 6729 156
4 96 77855 389
10 40 36889 467
16 74 2695 69
50 26 15030 271
80 84 10810 119
88 46 5474 595
23 3 17177 58
34 2 14464 124
100 65 17431 67
100 33 29575 169
25 81 6688 85
43 22 47287 51
43 99 31550 57
57 92 12104 680
88 91 17313 133
12 96 151064 940
22 59 19941 98
92 8 35344 42
54 3 9531 418
24 61 81991 123
49 36 6448 190
38 75 1649 120
91 71 79068 37
53 51 48132 86
20 21 102955 190
47 68 38210 25
75 2 82689 101
46 92 117079 83
41 51 67618 37
22 78 32342 51
89 70 43412 830
44 79 3377 489
57 83 23942 303
61 63 123309 134
19 22 52069 224
11 6 21966 221
16 24 30902 40
80 57 35747 448
67 31 10448 209
17 76 11693 42
29 39 14997 126
41 1 6912 647
26 39 13781 209
8 87 9830 248
69 99 10885 96
44 33 77849 106
17 47 22786 263
74 14 16268 245
19 33 7425 603
94 99 14145 139
36 21 41746 294
70 57 3936 62
27 43 8258 62
86 4 62525 130
46 16 10931 62
44 35 18705 113
12 68 67906 377
46 11 18358 21
10 21 18139 29
96 89 10476 125
24 47 5191 123
41 88 104374 46
85 1000
57 198
41 27
99 1454
78 385
7 163

26480863
