100 499 3 3
43 40 70947 45
43 4 21576 34
43 73 19896 100
43 62 14850 206
43 100 1235 129
43 88 51500 140
43 41 14772 136
43 27 16356 367
43 45 29937 219
43 75 14742 69
43 46 26654 260
43 93 9161 94
43 67 29893 55
43 72 30535 15
43 57 68541 181
43 13 57461 85
43 64 37042 414
43 40 9854 101
43 2 16389 30
43 86 62315 152
43 14 31694 86
43 82 9309 257
43 32 15183 90
43 45 18340 672
43 15 19119 284
43 30 13131 43
43 93 34382 94
43 75 3189 129
43 69 32999 37
43 29 49048 27
43 78 69699 163
43 81 34331 237
43 15 21759 1782
43 68 38576 81
43 42 15365 462
43 70 23827 146
43 88 3858 118
43 69 18457 71
43 47 22975 70
43 73 32236 223
43 42 6309 283
43 12 61243 141
43 82 23163 50
43 40 10617 2679
43 77 162665 510
43 93 49746 282
43 33 18831 78
43 20 19420 172
43 60 47125 77
43 52 20146 92
43 48 26854 1030
43 44 28467 85
43 82 26887 56
43 87 18709 112
43 44 24689 501
43 19 3422 111
43 73 22561 165
43 45 13354 198
43 34 64549 33
43 65 74426 123
43 27 139046 78
43 15 6958 38
43 80 7873 337
43 99 6325 260
43 29 75000 422
43 97 11134 625
43 2 7161 189
43 83 10268 863
43 38 38403 263
43 62 23644 46
43 77 18078 183
43 3 181925 17
43 36 5272 221
43 38 74989 471
43 54 26998 552
43 89 86242 253
43 12 23194 85
43 83 20360 146
43 60 5196 103
43 23 35568 77
43 17 15726 129
43 46 45054 125
43 55 59062 109
43 60 12653 242
43 3 2844 71
43 71 8213 199
43 99 21543 137
43 35 20783 176
43 34 35142 45
43 35 64287 354
43 91 52763 243
43 18 18208 58
43 58 19885 85
43 48 16323 227
43 6 6509 483
43 36 13551 203
43 78 16013 84
43 65 22795 180
43 86 2900 149
19 69 38092 96
44 21 103587 1539
77 64 22077 288
17 16 47068 133
16 37 28688 190
60 83 12170 51
53 15 11452 223
53 46 9232 154
34 13 8384 393
63 14 32331 102
18 13 47131 113
81 35 7178 44
56 29 16663 68
90 28 33207 97
62 69 38894 273
90 75 39671 71
23 17 19172 145
64 74 31828 35
12 77 45309 302
67 33 12690 90
69 26 10764 303
32 14 9029 151
58 59 99710 248
61 93 8999 10
51 50 98802 104
85 51 3924 354
31 17 45753 84
80 86 4928 131
39 23 6220 35
1 16 7187 41
70 75 33163 18
15 21 20425 143
74 63 32417 132
85 55 79566 320
44 98 58308 228
65 16 31830 325
17 53 10141 61
93 60 58282 305
21 75 4793 256
97 38 23898 478
55 92 6867 60
22 50 30249 297
69 5 4896 446
8 25 53133 307
6 51 7172 69
41 83 7357 99
71 25 22430 116
36 14 13486 45
34 74 7267 172
47 28 25843 62
2 11 20381 1675
30 12 4548 59
65 45 7640 162
86 62 11993 584
22 8 702 83
60 73 30638 119
69 100 8610 153
18 16 22544 334
35 99 154016 93
53 47 27631 78
51 86 7798 35
87 80 22523 132
26 77 72823 82
51 75 60255 9
97 78 106846 158
37 54 24612 98
85 66 53869 95
58 7 56053 232
38 77 50406 633
72 14 9360 75
20 84 70594 361
72 30 6014 140
88 3 14944 523
5 8 29935 107
41 29 7443 56
47 33 31200 200
50 51 8544 88
23 16 33119 104
78 98 15906 246
78 2 8308 22
46 100 32970 31
76 80 7703 40
24 12 29438 762
54 20 14436 64
65 71 90458 51
86 41 3094 344
86 79 15387 163
18 11 31240 617
81 49 41044 362
6 81 22086 204
27 81 29563 154
23 48 58554 87
34 53 68911 185
27 28 89342 191
10 98 29762 118
18 32 26160 770
22 35 67258 3170
40 35 9346 511
79 90 14031 187
89 19 5499 83
5 36 17819 680
77 37 12112 93
81 98 95886 303
37 36 36289 53
10 8 11370 196
44 39 5619 487
91 81 11332 102
6 10 9255 106
12 95 9792 67
36 96 25624 871
28 86 8111 192
86 82 26796 152
82 10 11661 392
64 6 98504 43
26 39 60738 33
4 20 17324 123
40 62 18784 938
19 89 106904 89
42 40 22805 230
1 8 13053 950
87 43 53623 232
58 32 29881 44
49 27 16016 247
76 28 36340 180
88 4 28151 74
49 51 4443 462
23 90 7021 194
64 27 34561 211
2 42 24011 380
30 13 45688 134
36 47 11105 133
17 20 13178 114
54 79 4458 153
13 62 64964 180
98 87 9524 50
49 46 120228 470
5 71 21492 42
42 67 7760 64
11 75 4784 69
75 70 75689 146
75 57 32877 320
100 26 6310 101
89 72 29528 98
50 67 15859 94
54 99 1396 712
35 98 27200 76
17 97 4850 42
91 30 15797 645
25 77 22254 243
89 1 27946 334
22 80 22372 90
39 40 3799 159
5 60 7262 85
35 41 23305 491
46 85 8884 1026
24 78 15456 2130
35 54 5400 287
41 93 59120 122
58 15 21225 39
84 77 60428 495
68 79 28246 52
11 87 6513 132
27 41 8422 34
96 68 58676 371
91 17 18260 150
42 5 120118 238
28 59 17578 157
91 47 88993 1371
33 51 90228 109
90 44 22979 106
30 96 21758 205
95 50 88833 32
69 40 56490 221
86 92 11122 225
18 35 134192 41
19 65 18216 129
19 3 57751 226
53 12 23070 102
25 53 9425 137
12 73 7645 79
93 34 33043 215
29 39 115910 272
20 91 48943 284
16 97 48807 50
42 36 98309 111
17 3 9437 106
37 85 20494 258
20 6 63492 25
69 2 50979 558
14 10 33097 166
76 77 74504 70
94 63 17879 147
49 87 6682 207
90 6 91249 644
39 14 35097 113
5 85 19100 148
87 26 195652 106
4 5 50913 47
58 23 9805 264
78 99 2792 34
68 2 113582 113
87 15 8175 61
13 80 21925 148
95 51 10468 106
4 55 35357 133
32 31 35889 49
20 27 11764 257
14 59 66176 67
89 99 6340 113
74 17 12072 100
83 98 33126 260
88 73 10639 435
27 62 109671 298
38 85 48292 697
40 10 5144 171
20 100 9366 527
57 76 66123 72
26 89 54008 73
34 59 92185 47
75 76 12978 85
29 58 14617 401
100 44 30098 70
52 72 8098 272
87 98 14977 304
52 70 124730 334
40 41 3702 87
58 46 6482 84
35 16 22271 277
40 74 59170 172
22 26 15394 122
95 13 19993 462
78 61 41893 49
32 45 73729 255
34 40 6271 304
38 93 10958 196
90 32 30936 272
93 90 7316 81
67 59 21970 141
8 47 20198 697
23 15 24721 129
14 41 15900 407
50 94 111160 187
77 76 51262 577
60 20 21026 76
80 94 1431 220
7 4 125144 262
12 4 32008 224
89 3 101288 78
77 18 45793 120
40 34 18502 187
18 47 31696 113
9 84 60829 172
15 62 50149 105
56 47 33947 25
11 42 46904 36
69 14 11347 549
12 62 21828 118
22 91 31641 73
60 30 17568 96
49 98 76209 87
65 9 50421 455
2 9 103818 123
85 23 1918 30
27 72 11636 361
70 33 42637 90
6 50 11863 607
30 79 3765 171
7 94 4612 250
60 6 13305 58
18 95 16652 35
60 37 83505 37
37 12 26721 28
99 29 20177 148
7 63 3391 319
93 68 148216 502
100 85 11060 146
63 83 36080 142
52 93 78623 1503
80 69 14922 285
93 100 30388 50
100 17 42023 216
47 27 13599 378
1 59 11597 211
68 52 16770 82
43 49 33303 441
29 2 17506 161
86 51 17754 29
30 4 379951 110
30 19 24929 16
95 15 6819 130
69 92 5281 673
2 86 20732 22
76 4 21301 23
86 81 66356 216
32 43 174529 283
22 42 16960 242
63 30 30470 98
67 78 29721 59
94 26 26351 66
42 22 29921 280
86 27 14434 94
18 84 17057 482
74 39 8504 250
15 90 69346 35
22 7 5286 375
3 73 25837 129
44 50 68578 56
66 65 20870 55
45 19 6903 29
10 39 60489 140
88 93 59539 35
40 21 7974 94
45 52 15587 120
15 73 47283 58
76 33 10749 225
95 31 21106 263
34 1 17339 84
52 28 15585 375
92 10 93428 170
73 97 4783 198
77 57 7812 46
31 83 40603 76
77 25 23378 138
41 82 204587 172
54 1 45946 276
10 9 4989 196
13 68 55650 124
76 55 8773 612
41 35 2168 195
50 36 105767 156
17 55 10454 229
71 50 6095 160
10 42 2612 367
24 36 7700 408
91 100 12233 572
34 9 35532 160
85 61 14130 421
34 65 23203 68
27 11 10591 697
93 73 32884 114
86 54 9126 106
41 48 46656 186
66 18 84966 189
96 69 252445 42
74 66 14213 76
32 62 226877 363
37 4 8263 149
11 68 85253 98
46 19 12468 20
13 47 49988 151
22 54 22077 57
59 53 72837 29
87 89 16509 259
85 74 17923 70
54 100 8421 253
47 20 3635 714
29 86 68458 195
59 20 77476 99
16 51 45589 181
26 64 43673 91
44 70 11929 791
24 2 23895 327
53 56 9375 160
45 86 55419 190
88 68 31528 45
57 35 4415 97
33 81 10793 91
82 45 36734 19
55 63 19077 324
29 90 9998 30
7 49 50288 792
74 73 27247 73
81 30 102796 129
50 6 12419 1390
10 44 54191 81
19 5 14601 100
58 77 218795 229
63 23 16230 39
18 27 24332 690
38 83 17264 226
32 36 7799 348
59 14 20132 127
10 20 5695 87
26 43 26300 232
15 47 27612 45
84 22 142999 146
21 7 17033 291
49 30 2863 94
99 21 7746 258
44 99 21341 310
30 46 37396 51
31 50 14876 303
74 61 51566 112
55 52 20391 1324
93 83 35263 7
9 25 40670 243
8 32 134055 40
20 25 35846 92
37 52 28873 109
35 25 23530 202
43 2100
86 27
22 198
73 668
77 643
62 1237

65797030
