100 499 3 3
98 14 35615 12
98 52 46363 200
98 63 13935 161
98 60 36426 56
98 15 42218 464
98 13 15971 78
98 26 5737 28
98 91 15796 125
98 54 45962 93
98 77 104464 752
98 55 26691 745
98 74 86189 108
98 83 6000 209
98 47 32697 269
98 58 14979 156
98 53 17070 771
98 3 39197 271
98 21 79302 17
98 17 4035 202
98 92 164818 43
98 82 3021 58
98 69 44237 76
98 68 33518 131
98 72 27295 501
98 66 21344 54
98 50 2031 572
98 20 9490 66
98 29 3463 261
98 31 115185 373
98 10 17268 398
98 40 110894 102
98 62 28782 169
98 24 65084 32
98 25 67486 73
98 100 1808 138
98 22 19707 272
98 2 216642 278
98 11 77333 10
98 78 3133 44
98 79 49861 120
98 61 84478 190
98 70 162904 400
98 48 23302 501
98 34 13666 218
98 16 2175 64
98 27 14610 207
98 9 15619 34
98 99 15341 153
98 49 11641 264
98 19 30645 238
98 39 16406 113
98 75 27743 321
98 36 28114 214
98 95 41099 118
98 56 40907 104
98 8 12969 129
98 57 27434 36
98 89 37040 185
98 35 140787 1413
98 73 4238 255
98 86 18641 1101
98 18 22110 20
98 97 11489 300
98 46 36492 40
98 67 45223 63
98 94 6132 181
98 12 41442 120
98 6 34818 64
98 80 66807 222
98 23 13873 278
98 93 32099 162
98 81 9132 620
98 45 17426 31
98 71 9217 545
98 42 101376 127
98 59 51128 459
98 64 52171 41
98 90 24428 420
98 85 66807 111
98 41 6796 19
98 37 154367 125
98 7 11537 82
98 4 25533 27
98 1 47486 186
98 28 9948 132
98 84 50154 62
98 30 51083 74
98 87 40419 120
98 65 424933 564
98 5 3388 55
98 88 14532 325
98 76 10240 94
98 44 17287 1019
98 43 49160 222
98 38 9797 680
98 51 93674 145
98 33 56184 338
98 32 15821 39
98 96 74304 19
91 79 15059 570
31 27 13095 61
14 3 38651 46
46 12 11445 149
12 97 11837 24
45 43 35130 160
76 95 6082 104
76 92 6411 454
62 93 17907 704
21 57 77200 723
41 24 15025 44
27 74 11220 15
3 93 4086 80
20 36 53085 112
93 1 96221 57
36 48 27018 72
78 65 13256 75
23 62 28218 1124
76 14 25262 472
92 21 17445 32
20 24 12244 211
58 57 6388 54
11 98 22859 381
30 87 21913 81
90 23 11272 926
5 34 169532 191
67 93 1740 31
64 57 40710 34
44 59 47417 196
81 45 13634 575
3 17 59564 88
4 37 35921 95
4 49 17483 107
93 55 37755 30
69 26 6866 28
49 52 12163 172
17 28 5676 19
27 38 23602 135
44 24 91134 229
27 67 18832 76
11 15 15691 34
68 53 2720 176
70 97 27854 234
24 9 3456 278
8 15 77577 289
67 20 73754 96
13 98 16257 178
40 47 10245 32
92 45 59559 223
88 50 20847 142
66 43 9297 165
55 61 6508 115
16 26 16181 18
3 64 90231 49
13 80 32724 248
81 91 19107 102
48 56 4591 743
26 91 46496 191
59 60 36912 119
77 34 10199 43
56 98 11229 459
15 77 154371 271
69 23 33335 345
80 77 37029 83
88 58 26676 64
84 52 17219 314
45 11 106366 60
89 13 22633 483
20 28 9516 61
66 2 16097 109
66 46 223202 312
77 7 37612 304
59 25 8495 158
55 65 15532 449
8 62 11299 371
8 1 56249 58
8 38 13787 221
19 87 37635 346
57 7 165866 55
34 33 11793 78
42 71 85788 1313
90 60 75571 94
49 16 17784 101
29 52 78216 108
10 82 80211 949
41 33 6021 88
49 25 38065 285
9 97 35660 582
100 76 34550 181
20 26 307058 174
11 31 12735 80
60 44 32570 156
100 91 87779 40
86 67 81816 237
28 50 14264 66
31 6 47637 354
28 72 7663 385
47 68 9746 1136
57 19 4053 24
29 81 5106 24
18 16 6237 222
56 60 6038 163
21 25 40394 30
77 11 17941 130
67 22 54275 1257
11 85 5693 103
56 19 13229 55
37 50 53812 178
36 26 27734 140
12 37 15093 119
46 35 73310 919
40 8 3612 232
27 17 28070 254
7 48 102145 304
76 28 10464 279
99 51 31169 232
23 91 64902 130
91 92 52565 696
89 84 19345 211
27 11 5862 157
39 85 20077 292
28 12 111251 193
17 20 37077 111
2 38 92403 106
45 72 31589 113
85 73 91596 243
20 75 150822 129
97 66 20545 416
51 41 55438 221
33 35 42468 315
92 32 6746 97
52 34 3887 263
20 96 91927 258
86 60 9175 141
17 45 2819 234
55 86 32532 197
66 37 13745 230
64 73 3959 130
76 88 8726 554
68 44 15372 163
64 15 12064 113
21 84 24048 63
9 15 21905 279
15 11 34374 190
28 45 11763 120
40 13 32987 202
96 83 40709 1095
99 4 15797 85
9 40 14263 87
3 89 21460 662
21 46 5169 155
5 83 8170 257
9 95 4290 956
33 62 71940 27
68 8 60281 111
12 18 32464 89
83 35 9466 630
79 14 186847 216
49 92 50562 95
31 16 2747 54
31 4 25429 36
17 57 16819 172
95 41 52407 126
32 87 9848 164
3 76 59769 183
88 83 77229 141
66 87 12282 225
11 79 28691 165
15 69 3211 1671
80 22 4215 132
86 34 108710 97
59 84 18996 53
73 74 20866 121
72 44 5234 81
67 31 15113 96
87 98 13034 224
85 21 6129 279
3 70 20576 548
1 11 4216 485
55 81 13087 206
1 28 98487 292
37 29 83436 265
29 87 418098 152
96 81 15133 370
89 12 6227 146
51 73 29340 59
97 52 117263 18
18 61 25619 94
68 82 152887 269
57 78 24890 39
69 72 20322 31
80 5 9838 95
39 23 17975 325
38 77 5641 42
40 60 14457 372
14 27 25804 301
51 63 1602 50
84 89 3917 355
76 51 27351 308
71 40 20188 445
57 98 26957 393
64 3 5550 102
82 55 14704 1441
10 45 5119 434
1 67 10180 448
82 39 11392 821
88 47 21540 858
71 36 7965 27
71 84 31647 323
20 67 130616 1100
16 83 23432 104
59 93 9910 370
14 59 33945 19
62 83 32381 340
32 60 13982 209
93 96 21890 226
52 21 14553 62
24 85 8179 110
27 12 12079 158
57 80 16982 181
27 23 13771 1846
9 28 6438 94
16 56 42334 77
89 54 177553 68
84 5 35096 250
25 61 25921 160
58 94 103775 51
48 67 18458 142
96 29 2773 507
83 63 8333 160
20 77 16576 42
50 56 57309 20
20 94 26807 21
40 81 107123 648
26 71 8831 69
17 97 22734 115
80 79 9105 165
9 54 13014 232
69 80 62415 55
93 22 25326 350
26 37 61518 81
90 79 34072 1469
9 31 35458 304
72 77 2959 138
10 97 10504 36
46 50 62942 248
55 5 112676 263
7 92 10099 161
64 80 48596 267
76 40 26173 210
97 57 28502 2513
42 93 6718 332
35 34 27853 40
50 15 25982 245
81 51 9531 89
47 2 7072 400
71 65 26006 445
71 64 14674 604
36 88 12948 330
38 96 16120 44
76 84 75116 108
79 82 15103 824
43 68 17677 150
11 89 6087 1084
94 10 39673 45
8 97 39789 157
4 78 12979 144
15 1 23229 137
90 2 5534 61
29 8 24892 197
22 63 26789 769
23 92 32414 66
22 91 34675 597
14 97 29319 122
54 66 65732 437
17 25 51634 366
39 24 36497 53
62 50 31389 431
86 70 5599 189
65 35 34920 238
7 36 5519 265
95 76 20399 109
38 32 33905 421
34 8 8268 138
82 20 35827 117
9 100 18999 291
74 5 9562 241
28 94 13204 73
81 76 44648 130
72 65 8845 196
24 49 15773 261
71 70 22817 132
92 4 37362 109
66 50 26532 341
69 77 7308 112
36 34 64087 232
90 36 13122 295
48 38 14736 23
79 27 16469 41
16 81 9395 488
35 50 7001 205
16 34 8751 97
62 91 6027 13
79 8 26563 128
66 77 14531 164
26 78 5592 111
7 98 25736 532
29 51 25542 32
62 40 9677 136
71 33 26203 273
11 1 20673 200
5 80 9548 121
33 60 46376 290
11 84 10973 58
10 9 7997 220
17 74 25585 150
80 45 26952 119
42 15 87660 88
5 68 6683 87
47 96 81228 98
80 9 25478 366
29 20 42714 101
6 22 3723 210
77 35 3089 122
18 72 51707 255
82 62 24844 104
29 98 63703 30
44 55 33217 271
87 21 17914 362
19 37 12722 254
46 83 26187 824
3 30 238293 105
66 16 56000 303
10 52 28208 95
88 85 52613 46
25 42 263670 508
22 77 158812 260
70 95 16392 44
41 98 39855 15
86 79 16118 909
67 49 33970 94
56 34 12639 576
43 73 21487 287
12 16 24576 374
12 4 35604 91
19 86 24106 1200
9 51 16434 371
18 49 76178 301
16 43 22582 193
27 68 6689 147
95 46 40750 209
96 23 8263 22
29 31 11424 295
49 58 14129 30
12 79 22749 401
59 68 21603 314
87 91 22614 146
18 84 41842 352
60 57 15830 52
79 97 16662 103
36 72 19075 103
61 91 79078 150
59 88 3814 46
2 28 12923 66
13 69 112906 80
60 2 80288 26
41 82 46432 71
6 62 5457 146
9 46 17126 140
78 80 22230 137
63 56 30248 392
17 46 9932 112
54 75 7241 51
5 90 4308 446
14 37 12357 1183
42 26 24454 103
18 86 12121 465
71 21 34967 276
51 4 24566 81
48 14 2540 341
57 81 6699 51
59 63 27591 236
91 72 11811 301
63 41 83644 260
20 79 14802 293
14 25 13484 576
58 43 49679 35
96 7 10933 98
71 88 11127 365
7 27 29092 80
34 66 3582 122
34 27 25914 55
1 41 86579 150
3 68 53953 29
1 20 28480 133
28 86 103145 1668
96 53 20475 169
72 46 63390 357
10 54 13765 147
20 5 47081 47
98 3465
20 55
9 80
97 1240
91 1279
77 876

174342439
