100 499 3 3
71 30 18856 73
71 73 34886 248
71 10 11945 130
71 94 4794 180
71 24 24816 148
71 11 110168 49
71 82 16710 197
71 96 82599 257
71 20 2604 1281
71 97 126402 186
71 23 6412 151
71 56 24488 193
71 88 9496 110
71 45 11241 388
71 38 10059 89
71 69 22306 18
71 86 55822 55
71 67 5228 101
71 89 1506 488
71 37 7395 246
71 51 22092 449
71 89 37750 61
71 80 61369 186
71 81 72438 77
71 60 35177 93
71 80 27437 242
71 39 30673 64
71 86 4320 81
71 7 16177 149
71 15 31100 145
71 94 90156 58
71 91 42208 251
71 100 24037 214
71 31 64345 143
71 49 7644 109
71 37 14220 101
71 91 20832 18
71 63 22919 32
71 1 23827 18
71 24 156166 210
71 59 20893 962
71 5 22659 348
71 91 8446 207
71 13 12174 41
71 14 9487 126
71 36 7413 54
71 91 55157 103
71 59 2872 155
71 47 16435 19
71 19 46099 340
71 11 24866 79
71 75 6075 284
71 83 49908 217
71 19 33174 43
71 31 5234 57
71 55 19386 163
71 10 21916 87
71 81 17907 163
71 30 56894 924
71 93 19865 495
71 86 7115 22
71 66 53692 27
71 16 8182 49
71 68 13046 335
71 80 21511 52
71 33 7509 1095
71 20 13464 847
71 16 12395 56
71 17 56799 30
71 32 16635 340
71 41 12428 142
71 36 50930 67
71 17 10032 315
71 41 41999 147
71 57 92204 87
71 31 10976 163
71 42 10833 31
71 34 11261 199
71 45 8066 290
71 22 17529 302
71 70 30091 165
71 25 24587 244
71 53 18330 282
71 34 3133 802
71 63 17685 433
71 83 26706 398
71 12 4729 37
71 91 3698 418
71 78 16979 2056
71 90 46600 143
71 100 23152 10
71 27 68394 81
71 20 27813 155
71 15 12902 321
71 56 32536 1016
71 40 75644 1140
71 76 68995 194
71 72 13157 222
71 48 94105 99
74 44 21153 334
5 16 6588 232
98 56 21707 317
38 14 6357 137
82 19 46085 361
81 30 51160 308
45 48 68232 64
48 52 14258 24
60 93 18647 218
11 76 5922 1358
34 79 37790 155
52 36 5455 52
43 35 18327 394
95 48 4279 8
71 62 19692 49
54 88 39679 79
6 41 34211 99
1 98 43167 42
44 75 14833 63
27 35 40513 109
77 9 23843 35
4 37 15289 197
33 68 85403 601
29 82 16845 128
81 44 172140 232
99 53 68486 98
83 86 23540 4
27 88 69314 76
36 22 26173 111
83 71 13915 242
29 44 11788 175
84 50 40527 31
54 32 55908 129
34 14 12448 601
62 22 34756 452
83 81 9241 202
63 83 13594 207
38 81 8509 93
73 50 5089 102
25 14 6282 451
63 71 3948 152
50 100 14848 1737
64 4 16282 79
56 4 25521 19
1 90 32729 341
94 89 15062 170
12 24 10018 56
10 64 44489 503
25 36 62832 110
69 3 23127 64
26 49 12422 133
31 38 68767 807
14 17 27624 132
65 86 8630 107
55 38 39030 446
31 32 27232 127
75 42 3787 1261
16 33 9244 37
46 63 13443 230
81 36 29094 137
30 86 20468 539
54 36 117183 102
6 92 34239 658
50 20 24556 262
93 13 40391 87
84 85 10580 95
78 68 4673 279
21 73 12010 205
6 22 73627 43
91 81 7070 742
55 58 59420 97
40 55 21703 510
62 79 13254 495
41 34 50695 20
46 79 4385 280
9 64 131633 262
29 43 69253 119
61 98 34137 73
3 64 8897 55
63 22 9239 24
56 2 33814 120
22 95 18175 245
10 3 38149 56
83 84 9367 431
82 83 5658 26
61 3 38597 95
1 58 13840 922
5 48 6081 255
100 70 48187 479
9 67 59099 29
24 33 29061 37
100 18 50588 172
62 15 71648 401
33 79 59232 33
44 37 82984 482
73 78 210654 44
68 69 12663 329
46 95 22668 53
60 65 3727 225
97 31 6374 710
91 93 5403 120
76 41 11586 116
47 20 22080 964
58 47 17398 206
94 85 69710 72
56 93 24740 248
92 46 21561 201
76 40 118148 88
57 41 4254 526
54 51 116299 989
20 13 9573 321
21 45 54496 371
61 44 2938 574
86 60 11272 472
87 27 53538 116
89 90 34747 378
46 5 47153 535
74 6 14035 119
70 90 94341 107
57 16 14884 41
73 7 76956 689
17 19 64561 436
47 5 70618 26
82 38 5712 510
7 55 170017 115
86 56 7344 153
53 74 4374 209
62 10 22165 278
87 48 23727 49
53 46 10747 93
35 33 74134 332
51 17 11899 95
20 71 53254 29
87 60 19981 84
72 77 39314 259
93 77 9054 261
25 37 9015 165
47 88 6621 44
42 38 33592 283
90 54 29689 365
25 93 16903 63
27 13 178527 42
72 81 18404 180
46 21 8216 116
22 1 7495 103
30 26 12842 73
68 97 10388 46
90 74 90432 75
51 66 20252 164
35 55 15227 84
50 2 36182 56
62 75 21857 148
27 82 129902 753
25 90 8861 359
53 30 18567 509
66 41 55859 806
91 86 6523 8
87 47 37599 249
42 10 168522 110
37 77 4144 74
96 49 49480 42
41 17 25895 75
81 18 14706 31
50 63 41371 809
16 34 72347 38
91 59 38714 904
36 4 17070 41
43 10 15914 21
30 27 32632 809
100 42 12853 24
62 46 10052 214
36 84 73757 35
44 100 36594 408
5 58 15505 110
41 69 7801 621
76 3 4963 302
78 50 17800 133
17 93 8620 196
8 64 24620 57
38 78 17829 367
15 94 16625 89
99 23 158219 177
98 32 72981 107
66 20 69751 43
12 61 19753 33
25 63 31513 45
28 52 68405 17
63 72 23571 400
87 55 53634 31
59 37 112652 46
3 70 90709 252
58 35 30920 133
26 91 12480 96
89 24 23373 242
61 15 35729 505
96 4 44007 115
48 43 6388 260
6 3 13492 62
55 74 17714 638
80 51 32805 200
79 40 5892 75
95 99 86786 27
98 15 13927 655
11 62 34296 243
80 73 18319 45
67 20 89996 99
5 39 5431 420
99 83 22689 160
2 78 40979 776
77 37 21551 340
53 4 15080 112
4 75 32109 286
48 36 35415 349
55 1 4625 59
39 90 36846 202
92 80 15574 39
62 72 8383 868
18 80 7107 49
12 53 6118 324
26 76 24341 504
85 15 43725 76
79 3 25979 51
7 41 36675 275
10 78 15637 90
20 43 8583 415
50 73 9314 725
3 85 20594 206
46 29 13408 177
7 16 54739 45
30 6 19684 291
22 85 72614 30
42 1 35386 700
65 76 19204 238
33 69 6793 279
76 98 2313 291
60 40 18429 97
36 80 3232 96
8 40 8266 140
100 85 9779 130
85 7 47754 237
10 17 11075 456
56 19 12717 58
12 72 49246 88
63 93 40723 117
55 31 46527 62
2 29 18473 115
95 91 23937 89
41 48 6703 54
99 32 22033 91
35 47 8331 113
53 55 51734 121
57 9 2421 131
34 48 7878 250
41 32 31731 118
7 36 18280 935
25 15 7406 24
100 76 6841 109
81 95 17295 381
61 65 19000 648
22 50 43489 460
9 50 55165 78
24 83 8141 184
48 5 44738 317
92 31 62673 165
55 71 9721 103
30 65 40710 642
70 32 17654 360
98 20 14602 179
94 41 30597 1122
89 10 41105 311
84 91 82883 116
56 51 14103 375
26 5 11628 27
48 57 14436 55
75 56 6114 484
47 21 11565 325
26 35 271502 17
36 92 18383 742
63 86 11168 371
24 1 10433 349
90 76 32635 195
81 75 5281 583
88 7 40531 238
77 83 25659 36
88 93 5627 51
79 39 15606 69
59 80 30214 171
88 75 9531 284
53 86 9147 194
13 1 18969 222
72 45 50529 59
88 5 105125 58
33 88 9483 86
38 96 124550 339
47 30 23984 1098
46 16 35819 63
34 60 19499 112
90 50 32463 99
73 22 13774 84
53 29 38699 388
48 49 98133 162
21 2 7318 59
40 18 29674 119
53 39 19171 194
56 38 64612 209
36 94 11844 120
10 99 1319 114
51 67 54745 167
32 94 12411 399
11 21 5917 281
42 64 14824 185
44 54 30440 215
7 61 12653 62
83 93 27921 105
41 58 56416 89
16 54 174543 242
92 86 6576 578
60 61 7121 173
18 15 41770 1104
97 77 84130 272
93 74 26729 131
59 87 11414 770
1 28 4573 59
5 8 12280 74
61 20 81871 37
79 68 20837 109
5 25 36912 330
78 79 12835 576
25 57 11307 297
97 59 63910 444
67 53 31415 463
100 53 17648 208
77 51 18725 483
28 43 9986 47
19 65 11950 283
75 68 12912 101
11 98 83843 30
70 14 35241 85
25 95 126628 1990
3 51 68892 38
76 19 296873 2360
74 92 109721 501
39 2 53406 198
79 49 12121 509
78 31 15691 93
6 12 7920 296
90 57 23772 175
76 30 17813 212
26 99 60218 216
45 6 18399 123
18 40 70087 70
2 96 9519 35
94 78 37330 79
32 82 7710 69
86 100 37068 124
47 19 8218 107
22 19 60052 343
54 66 54444 68
59 41 9917 27
22 16 8901 187
78 77 4226 33
10 8 23284 247
39 41 11547 619
94 28 28618 460
20 93 19213 351
43 26 5750 181
67 31 2966 44
66 82 37359 115
93 22 31186 101
1 72 55381 271
64 74 13484 212
37 31 37086 110
64 92 41192 374
13 63 39274 40
67 80 13675 117
95 79 36293 145
2 48 6689 427
78 74 67636 110
29 60 16366 107
64 72 9291 190
53 97 10945 225
7 22 10461 10
43 14 189739 324
63 30 30222 100
63 19 4980 136
58 54 55401 89
39 83 24247 385
95 84 19643 100
94 71 27465 43
44 33 29642 121
91 39 62017 178
15 85 80178 109
58 23 18475 39
98 97 20034 63
9 21 45476 90
81 31 47724 88
41 26 17699 354
10 73 12134 48
26 71 37777 109
9 3 10269 46
71 1100
53 99
25 126
93 102
86 645
41 1815

28542813
