100 499 3 3
70 71 25934 141
70 97 19003 2529
70 26 14130 58
70 16 71090 54
70 8 49110 462
70 57 20288 375
70 10 74493 52
70 63 55315 82
70 26 66061 163
70 83 33179 41
70 10 31638 26
70 93 28020 88
70 33 9925 267
70 97 22836 82
70 85 5157 116
70 95 46767 33
70 79 15009 216
70 80 18123 2113
70 40 27019 66
70 77 130748 57
70 33 61367 503
70 11 15744 759
70 37 24371 156
70 21 13988 61
70 3 14693 95
70 67 152770 229
70 32 481012 239
70 76 12324 108
70 8 6814 60
70 72 62575 165
70 41 23704 340
70 22 50424 107
70 72 4095 153
70 24 73192 619
70 64 6748 294
70 53 12173 113
70 44 70597 228
70 73 32011 87
70 53 5500 78
70 50 4310 31
70 28 37037 109
70 52 11453 78
70 26 24044 62
70 46 1793 89
70 54 33042 154
70 24 40925 57
70 61 11108 365
70 16 28695 213
70 42 9404 106
70 52 31798 64
70 79 2076 888
70 76 20465 21
70 86 27410 64
70 78 13081 22
70 31 6723 121
70 60 141556 324
70 57 14019 91
70 74 23449 96
70 52 45090 102
70 85 9873 115
70 56 22132 282
70 13 54755 493
70 60 19732 76
70 96 16501 20
70 20 12063 223
70 61 3433 58
70 13 34709 151
70 100 15162 541
70 79 15235 308
70 19 10971 53
70 10 51901 224
70 47 35728 212
70 24 15547 56
70 64 73979 652
70 19 16477 53
70 76 27141 54
70 42 91152 146
70 17 11320 114
70 52 6076 153
70 93 151056 190
70 80 300797 322
70 72 33962 315
70 54 21716 95
70 2 70842 133
70 85 134820 43
70 78 1408 101
70 71 41846 412
70 50 38709 212
70 85 29334 71
70 76 17987 70
70 91 204593 70
70 16 14214 75
70 16 2852 122
70 3 19674 172
70 27 67857 88
70 55 8595 46
70 33 34049 2762
70 12 10790 33
70 1 48163 1063
73 13 488997 197
58 49 85041 363
71 51 126285 258
51 95 14086 201
95 15 19214 39
85 6 6284 46
75 31 35360 17
34 35 13625 74
98 27 200788 73
33 32 45463 1536
58 60 40424 56
2 15 95082 94
99 44 23524 231
95 75 43395 25
28 78 6942 225
74 97 17786 35
84 54 25581 310
18 22 72210 317
13 67 18366 423
21 32 38369 266
69 14 76124 78
88 84 34091 217
11 94 15508 626
42 83 15234 144
33 1 25550 715
21 36 11063 521
7 87 10377 38
76 35 53038 88
5 6 14174 99
13 40 7826 153
98 99 21536 79
4 91 1457 118
59 24 14679 395
26 13 7815 518
87 48 6719 44
41 62 6454 308
51 69 45207 176
20 32 5543 315
71 95 94113 260
49 11 50933 66
81 45 19115 424
44 83 53324 576
46 55 47849 438
75 25 16926 356
3 88 2136 78
13 93 35164 127
36 13 7040 40
3 55 37770 137
11 69 9483 400
100 29 107159 652
28 100 87087 225
53 51 4869 1123
71 37 14443 19
68 90 14974 179
21 62 18341 35
12 99 8370 124
4 88 15504 118
19 68 36849 1563
6 100 17134 33
47 39 27367 160
64 94 22019 185
93 90 21503 352
97 91 50623 186
92 93 47362 40
35 83 17226 218
94 95 15593 823
34 17 31211 199
11 30 7821 391
49 82 4762 43
18 41 272353 31
95 12 31027 375
58 28 20548 177
12 69 10017 197
29 2 14148 39
68 58 109161 47
19 96 28296 27
78 97 21481 287
94 31 7561 79
20 63 6837 210
89 90 42622 383
75 78 186361 152
55 68 51487 835
61 21 26257 151
48 14 27515 60
13 89 9081 217
47 20 26653 180
50 73 24675 39
23 13 116185 86
58 29 17116 84
32 5 37843 75
21 15 14123 723
32 71 62269 99
20 24 14111 541
63 56 114526 61
41 28 92993 91
63 92 26026 96
28 85 4688 231
88 70 23024 269
52 44 30481 241
79 59 17697 183
55 49 442161 367
5 24 1067 279
42 44 1916 66
66 89 31386 39
10 82 6022 34
24 33 8066 58
96 46 19095 195
88 16 13740 752
33 71 37249 132
30 66 47440 48
41 3 29059 1308
53 15 7800 220
72 13 28562 295
67 44 11917 58
83 26 12110 8
84 34 11713 181
70 59 18296 94
45 35 26352 52
10 76 46448 66
63 72 68425 53
56 89 10047 314
22 11 5331 45
25 24 29241 774
80 37 1937 121
42 72 12310 596
95 53 31171 111
83 50 43545 463
10 47 41877 95
96 84 13728 34
53 89 48648 57
15 81 2721 154
6 2 53475 58
58 25 12556 89
77 31 14188 32
94 11 32720 176
98 8 18804 45
36 20 98741 234
16 71 7091 154
34 86 17724 42
52 29 57146 33
25 54 19034 553
57 18 31200 25
48 25 78051 627
13 33 127901 66
3 59 91110 103
53 97 21196 19
7 67 67645 905
34 4 11296 130
73 80 9695 182
93 54 34200 110
47 58 11189 497
36 92 15739 431
96 2 33669 287
16 26 141596 102
3 6 78480 311
8 59 6647 102
81 64 48301 106
7 51 26196 246
23 58 59398 436
14 55 63089 142
51 22 9404 206
71 10 14539 300
97 73 70308 704
89 37 30262 105
2 6 19775 176
20 13 19226 92
8 99 32040 90
13 45 52206 109
92 55 25466 114
16 54 21120 36
28 39 4969 231
8 23 30003 214
49 43 22558 54
40 62 8896 110
54 64 127435 260
7 43 7454 116
62 17 28336 103
67 51 44444 43
55 3 47346 1516
99 67 162221 221
32 37 21060 128
30 47 57390 17
28 36 12460 58
1 24 23351 53
29 83 65371 856
41 90 6585 84
89 93 150737 45
76 34 12181 31
14 91 9295 326
74 86 12531 101
9 55 5262 166
6 57 14924 164
41 88 190858 42
53 14 21759 177
71 92 12120 66
76 89 6127 104
98 96 115309 120
99 32 27157 616
83 59 47223 45
14 18 6352 20
69 75 30994 241
18 13 28326 294
59 18 52966 238
9 37 50787 71
11 66 30039 81
77 7 59753 59
86 23 30766 56
43 72 53285 918
72 52 4443 158
49 10 9420 573
57 91 53273 457
16 14 31015 204
58 87 27154 829
72 11 129344 37
6 41 3469 139
25 69 65542 64
48 67 37892 325
13 53 60468 408
25 67 54779 81
98 3 14548 466
23 78 11116 77
51 38 33745 56
67 70 63735 89
78 2 24413 232
70 30 21352 812
16 43 30169 191
37 26 15077 81
36 66 16909 57
63 65 28828 119
29 33 83506 429
37 63 21106 23
68 6 77656 244
47 72 36687 78
65 69 8748 143
88 55 91129 181
40 42 32672 81
97 45 10038 134
85 16 8102 77
25 77 23795 108
31 16 23567 239
17 75 4418 37
9 85 33503 47
29 10 11914 120
40 55 13242 83
65 52 23416 69
51 47 138896 216
51 45 71607 301
51 62 55685 38
80 13 26207 125
76 66 58175 49
28 40 11351 90
4 50 11927 60
87 39 50100 608
79 54 17988 30
13 72 6679 139
61 20 4857 655
67 27 65640 185
97 94 40357 199
38 93 12198 439
19 92 14094 17
33 27 143648 50
32 82 229648 154
91 22 39601 376
22 80 9530 869
99 63 15097 727
93 83 42112 156
11 53 33866 53
63 6 24272 114
94 66 12043 169
58 54 28389 214
88 63 15451 328
15 55 25582 30
65 16 14548 536
29 90 37073 205
51 24 1085 528
18 100 45052 294
74 31 6171 525
15 9 41298 98
46 17 15490 50
73 78 34777 25
97 13 31853 692
10 69 5193 575
11 90 8479 331
52 15 23991 181
65 48 15972 72
3 50 18999 126
43 59 43741 139
18 45 66608 551
86 41 82658 217
57 43 5587 384
8 20 14741 44
72 39 9896 160
14 95 32899 8
67 94 34583 81
42 32 11571 27
79 35 38745 141
53 84 27760 206
4 25 121568 48
69 41 4393 25
98 2 21424 88
94 4 18626 42
15 18 75894 297
81 4 3707 295
9 35 65653 186
82 95 14678 1292
25 86 6700 352
42 93 108906 177
19 61 15920 67
97 58 46949 407
93 85 7035 179
91 14 25485 366
25 96 158171 37
44 94 28038 232
91 48 18413 638
33 66 9917 418
71 49 18063 644
56 59 31032 111
1 91 4175 73
37 99 16941 80
90 71 30746 203
4 38 17586 41
59 13 40679 260
82 37 85428 104
80 12 30065 58
20 36 19002 37
20 25 8348 2275
80 3 21952 54
10 3 70833 50
47 12 265845 319
29 40 26752 84
84 66 26601 203
84 31 17699 41
83 47 3574 397
94 18 6099 85
5 66 5484 122
74 73 158334 159
38 16 19957 236
57 31 19429 96
8 93 9459 168
80 41 12679 206
65 58 37408 147
7 56 61784 84
99 9 15942 38
24 10 20037 269
1 42 6374 105
25 63 8189 55
49 2 18168 228
97 96 16242 104
74 59 5872 32
25 70 17475 92
11 58 8402 111
61 62 49024 108
66 94 12008 132
88 71 12332 421
82 52 20180 164
33 98 4416 94
9 28 31133 177
24 43 13592 30
87 89 12026 285
20 59 17754 90
91 28 1530 9
34 63 7242 181
5 81 17378 180
13 29 53606 154
1 56 25234 239
19 71 19978 120
37 46 13138 24
86 21 19340 90
47 14 25384 326
2 38 47096 199
3 31 4463 23
71 78 30390 360
26 60 33852 149
4 65 22374 157
58 5 83115 47
51 34 42101 121
58 84 6199 433
2 60 9627 223
61 69 34050 422
51 41 7943 72
92 21 6343 28
5 80 13412 39
92 2 17363 43
73 16 11645 339
32 39 23343 311
68 94 20661 138
40 63 45712 656
8 18 34404 147
44 68 64575 140
16 51 37152 191
3 38 7683 300
19 22 36775 49
79 58 62142 224
69 93 6731 248
81 12 7969 508
20 75 9821 431
46 30 12148 208
33 37 105812 290
48 21 46489 54
67 41 6675 136
70 404
51 30
58 162
13 230
16 117
93 438

15475928
