100 499 3 3
12 5 178160 44
12 29 26429 459
12 49 3264 52
12 41 85218 169
12 4 23569 30
12 43 22232 60
12 76 48365 8
12 84 102352 72
12 51 22024 207
12 24 12889 22
12 13 28532 228
12 29 836 17
12 92 14981 117
12 74 10256 42
12 81 19835 148
12 85 20509 554
12 79 51194 625
12 83 30083 257
12 22 8703 206
12 29 15239 65
12 82 19540 93
12 86 42695 451
12 98 7256 67
12 56 13211 94
12 88 3328 146
12 91 13061 118
12 11 7910 117
12 30 33813 189
12 23 6061 1218
12 94 21142 66
12 25 20216 54
12 38 4435 1074
12 43 11766 680
12 70 13351 115
12 81 10262 282
12 18 39634 173
12 61 35370 846
12 34 6135 69
12 61 7214 52
12 48 4717 45
12 22 28725 151
12 76 29708 28
12 64 40956 154
12 6 8250 281
12 50 2861 633
12 68 18617 63
12 49 111721 75
12 51 16585 561
12 89 33705 39
12 40 113354 793
12 62 21888 185
12 32 91639 183
12 41 4180 613
12 11 26479 114
12 53 17101 137
12 71 9219 284
12 94 33344 221
12 83 79914 83
12 61 17072 54
12 74 130985 1205
12 19 10280 517
12 36 33561 158
12 33 22023 212
12 64 10944 139
12 59 38187 129
12 11 88361 166
12 100 14395 39
12 18 19200 56
12 29 23951 86
12 77 3025 78
12 15 63828 153
12 33 12661 13
12 67 9487 160
12 21 35400 138
12 33 5604 1509
12 11 7961 70
12 59 28127 340
12 22 34534 76
12 22 65079 198
12 52 31622 419
12 59 22991 28
12 78 10568 162
12 26 34493 160
12 5 35858 47
12 71 40909 43
12 27 40757 205
12 90 57034 105
12 64 62118 64
12 61 6375 325
12 57 23084 370
12 17 19712 33
12 19 50273 13
12 36 2525 110
12 44 9077 516
12 10 16223 350
12 47 57833 303
12 81 10933 178
12 74 19794 30
12 35 26288 179
67 80 41563 50
10 57 4746 676
14 65 32292 84
38 66 6452 87
2 11 24336 93
38 74 8550 211
30 5 5415 74
71 51 21224 611
86 96 45800 227
10 19 20219 237
98 27 9856 241
93 29 14805 139
85 50 16738 35
42 78 13066 239
75 94 52547 211
66 96 9397 132
65 20 30022 467
56 28 149832 62
52 87 42876 99
26 82 5071 500
1 62 23708 77
15 37 64659 56
44 60 10394 242
30 86 24997 122
28 78 203008 109
88 87 9035 736
64 26 141335 177
11 48 153291 101
50 16 95543 274
71 70 2914 90
32 35 21306 205
18 8 41739 1138
65 34 28502 374
71 82 23885 215
69 6 8270 80
44 24 177882 439
57 16 18553 280
94 25 21609 52
46 44 104791 162
36 50 53006 30
20 82 30399 268
31 63 26781 387
21 66 54365 361
75 58 83676 18
54 70 15827 181
89 71 10791 604
6 86 44246 253
49 62 29124 45
35 64 24576 82
84 60 6084 80
95 9 17764 77
23 46 60220 379
100 13 2988 326
32 95 15093 702
64 68 33484 113
11 17 2480 98
27 46 31545 100
17 15 4958 224
82 87 4033 55
16 17 21016 257
58 26 13654 146
48 95 3109 58
76 67 34115 438
30 75 61004 126
54 100 44177 120
64 77 7390 152
18 11 27414 152
13 16 7991 19
24 2 4576 35
78 72 5198 148
51 60 1927 139
62 25 9725 458
80 45 130390 340
10 95 39367 59
26 34 90329 110
7 26 82296 78
98 99 11749 93
97 50 4974 350
94 73 12670 199
95 26 32468 126
2 79 105864 235
61 88 90336 68
2 77 15669 69
40 67 42171 34
79 74 4792 26
4 89 26654 347
25 11 17052 248
33 12 30699 41
25 55 79269 66
52 43 35329 77
45 14 5030 56
93 83 20184 99
8 25 68297 914
44 39 27878 106
79 91 6260 54
57 12 484696 52
3 9 8618 797
36 3 27294 9
72 16 70368 973
50 74 4211 691
51 25 5579 2113
23 41 9214 278
80 33 25857 59
72 91 78142 159
71 58 22175 85
17 94 54435 115
18 55 75641 367
54 9 18006 236
24 35 73595 61
60 66 13636 365
50 28 51067 67
42 25 26139 167
11 87 53714 190
32 27 25409 120
85 67 6211 187
80 70 26041 249
77 49 8143 189
44 58 23192 735
21 18 33323 860
57 13 19749 599
43 55 86955 384
79 96 95111 210
68 52 45867 160
65 75 24496 394
19 70 17468 119
20 34 14846 15
84 78 75714 250
21 59 11779 68
20 15 24732 246
5 83 14034 869
69 78 20184 47
97 95 13491 141
21 100 26850 94
77 32 8137 25
64 29 29132 63
9 40 68492 119
57 9 12977 145
73 54 8847 411
18 17 7648 330
11 34 58358 102
48 40 15519 286
83 26 14682 60
33 65 26518 1193
64 83 3742 67
52 35 47721 160
95 93 40251 646
42 8 74566 1052
24 77 5305 421
18 94 33522 255
18 68 17738 122
32 60 8994 31
98 55 36485 360
53 75 21991 148
99 4 13868 289
44 98 25720 189
48 41 25623 860
63 9 8727 430
28 11 57409 407
21 97 1159 1731
15 55 10651 634
22 82 84524 111
41 45 52176 143
86 90 48486 250
59 40 57491 65
14 7 17645 80
43 47 10902 200
26 37 18978 484
28 48 4491 93
84 57 40109 114
67 8 82562 125
90 94 55645 214
54 26 7199 27
5 79 30910 323
70 9 16436 82
80 58 47188 308
22 93 28760 165
32 40 12397 48
25 34 51455 43
9 71 3376 67
80 86 7051 107
55 85 149752 106
80 16 35246 181
38 83 20583 134
16 96 26503 202
36 79 28613 188
95 79 10086 288
68 51 19881 329
81 97 10489 332
26 3 20553 326
86 45 22179 414
11 99 31636 1054
20 57 18294 311
93 91 26602 1613
94 99 12918 335
86 53 28100 185
29 94 10002 24
60 80 24070 88
22 74 3067 149
84 72 15287 253
34 68 103379 211
37 91 12423 48
10 91 34682 169
91 9 61765 532
17 80 8001 300
71 45 67008 197
82 2 17388 407
91 44 32534 51
44 15 22665 102
99 18 13860 525
80 48 4882 86
26 24 1465 411
90 25 12272 535
10 15 38286 71
27 17 47089 254
19 60 23378 74
76 27 5474 548
64 82 17574 151
38 85 27809 446
2 21 4272 70
4 80 29794 267
76 35 112354 85
68 93 38261 68
24 72 13141 215
41 20 648 61
65 28 27740 317
75 39 49945 27
34 87 14159 100
84 37 31957 745
91 66 84183 17
31 37 39952 373
38 49 12351 317
92 34 11121 174
64 9 60622 67
66 28 4818 121
85 74 72496 137
47 56 18666 38
72 100 56444 78
75 9 59551 346
1 45 7376 79
74 83 4426 171
84 30 75886 251
20 25 23342 322
35 44 5719 233
98 41 14129 104
66 5 17285 27
41 49 24869 215
26 1 5149 89
52 68 2017 94
97 67 13608 77
59 77 78988 14
81 44 41714 211
13 49 13338 140
54 93 2311 194
92 74 26884 409
53 28 28053 233
30 85 103613 44
43 97 22203 142
93 32 40842 572
26 27 15994 369
10 86 552785 25
27 19 44124 238
29 63 3667 239
21 38 52753 44
100 36 3732 191
46 5 10554 82
1 76 28641 39
15 31 46770 650
91 80 31001 77
52 78 96780 216
83 14 16394 73
64 57 28409 50
82 93 42059 556
2 55 31702 205
67 97 32116 67
97 31 22453 67
47 5 5451 180
38 97 90612 144
92 3 19662 132
89 82 23024 65
100 58 18981 157
83 72 186402 125
20 91 16672 678
70 42 17719 15
49 41 53485 66
76 45 25854 136
19 98 34977 170
61 20 1039 69
42 83 16459 45
27 99 18706 39
14 25 8976 529
1 96 6162 37
98 31 1279 677
20 44 9345 470
40 12 52786 452
81 49 15976 68
20 58 14589 57
10 48 22329 84
24 44 25334 77
74 12 110423 50
36 62 57491 60
65 30 68638 90
88 53 9175 43
40 83 2831 306
78 36 12688 214
13 21 129523 116
40 36 23056 293
57 27 13583 77
31 82 32449 55
13 23 4703 98
76 38 94703 192
21 57 11085 21
77 29 4889 76
83 99 37555 421
45 96 12423 274
5 98 90959 42
34 4 9333 142
42 46 72709 381
62 60 37424 177
39 4 51795 52
9 81 14151 140
28 83 14963 122
58 28 5628 232
65 49 35345 90
86 60 28807 28
32 75 29744 228
74 18 21858 41
21 98 29313 311
64 2 115141 54
23 28 8715 235
15 58 75158 265
54 5 16361 82
94 13 57967 110
54 25 3412 103
14 23 45131 469
37 21 39793 71
2 67 12904 38
51 28 22459 75
86 59 41852 177
34 26 12900 106
80 51 44824 33
55 5 15394 155
93 63 60516 161
14 71 45147 173
88 49 8942 393
6 31 19185 55
14 60 14691 186
65 25 5335 23
13 45 6660 46
36 89 5712 339
43 51 19105 271
26 13 128834 230
38 78 32525 70
22 26 69776 104
48 100 12067 140
33 28 19437 683
54 51 74878 107
17 73 6019 101
49 45 54241 248
7 53 54913 12
6 78 9217 435
56 20 72572 140
39 18 61948 58
60 33 9479 65
90 72 34110 146
27 53 34935 162
71 91 4755 64
11 66 30649 101
14 74 14771 83
12 97 29605 68
41 69 10466 84
10 44 23705 394
2 7 145728 106
68 75 3982 19
100 90 74859 64
31 96 18254 38
93 3 11812 114
21 20 42188 84
81 68 10894 265
20 73 54872 93
43 42 13720 223
98 10 172222 418
79 31 26220 103
60 29 61119 25
56 61 19388 39
88 27 30679 7
13 5 7300 303
61 17 5276 295
42 62 64947 322
74 13 21488 552
10 65 3834 222
32 58 103442 58
2 18 9669 69
93 24 9783 39
67 42 61280 159
35 7 33265 120
41 44 11785 137
39 99 34463 650
21 26 44255 137
96 7 24551 67
62 35 20356 215
12 300
21 150
64 261
25 97
83 28
74 995

14822020
