100 499 3 3
18 87 54889 874
18 58 33937 53
18 69 42580 163
18 63 25005 801
18 61 58383 274
18 46 61319 80
18 64 6695 47
18 25 12365 59
18 71 13740 59
18 53 79922 230
18 50 16315 694
18 60 21552 184
18 73 40928 731
18 27 34069 802
18 24 21946 80
18 30 27864 29
18 32 81636 48
18 83 3459 291
18 65 18254 143
18 54 25334 83
18 92 21104 54
18 81 3817 550
18 68 84669 320
18 12 16714 62
18 48 60399 65
18 19 17913 290
18 23 10862 362
18 85 10590 150
18 88 40286 87
18 47 4419 182
18 21 29357 51
18 72 20267 700
18 41 26804 36
18 90 5324 279
18 86 33969 108
18 43 21154 31
18 82 58533 240
18 33 18955 411
18 79 8915 239
18 67 94074 114
18 14 14636 251
18 34 156994 450
18 94 3075 122
18 55 111141 114
18 26 10186 289
18 36 13237 87
18 80 17743 42
18 84 26640 236
18 99 9379 362
18 95 34234 88
18 51 55009 92
18 29 7625 66
18 1 16805 393
18 28 10178 121
18 22 33948 523
18 57 228368 272
18 15 14573 1340
18 7 13023 287
18 16 13185 76
18 56 4388 261
18 96 8087 1380
18 17 59419 290
18 89 23024 116
18 37 28178 69
18 11 2477 37
18 66 11686 291
18 97 27167 814
18 6 23234 183
18 44 36337 184
18 2 15491 28
18 38 34626 173
18 10 29917 453
18 49 4974 67
18 20 2300 325
18 13 1022 41
18 35 33245 513
18 52 31698 247
18 77 317959 1396
18 74 11941 303
18 93 77814 19
18 78 11443 1130
18 75 168488 179
18 100 57723 87
18 3 3132 175
18 59 182589 208
18 42 25448 858
18 5 37358 218
18 70 38404 21
18 45 8928 99
18 76 17170 508
18 9 35469 140
18 39 14062 181
18 98 6188 125
18 62 11527 527
18 31 24529 53
18 8 7419 35
18 91 70077 40
18 4 32490 108
18 40 4176 98
48 10 235571 10
19 83 10473 198
79 67 6570 149
65 16 16942 91
7 95 32378 173
38 94 24099 106
4 94 30364 30
4 99 10077 55
28 17 1854 45
21 94 2587 90
69 44 76826 69
17 13 32056 142
22 87 29049 142
57 73 62671 274
17 70 229330 126
22 60 65255 55
62 99 76778 159
46 60 8700 355
59 12 72922 113
94 54 15849 248
12 55 44963 10
25 17 216673 98
28 37 53716 420
88 27 23041 18
79 38 18343 87
40 66 16903 114
1 2 75272 12
41 55 43152 145
74 45 17870 119
57 42 17794 555
83 53 14641 147
73 79 120521 155
23 22 14231 43
91 36 31679 63
21 44 44120 236
93 92 7082 241
77 19 63854 98
24 60 26666 215
28 15 12457 163
78 91 6087 84
41 72 35177 88
58 23 28083 163
53 74 8739 349
15 10 54464 79
44 64 3672 62
70 47 19271 17
27 92 49436 112
76 38 2320 928
100 20 52204 131
73 39 9468 48
73 50 59992 158
90 45 71078 79
59 36 297049 27
27 43 50672 102
63 54 14051 234
87 97 35952 77
26 82 4200 289
1 83 82118 22
87 74 48147 235
14 4 2838 725
49 12 11140 114
68 98 16925 371
70 67 27237 62
45 33 18258 93
49 93 41310 201
26 84 20127 406
36 69 4523 190
84 80 45713 194
82 68 49413 91
86 55 125369 225
1 47 9767 97
42 76 2537 434
32 22 33190 44
97 12 22212 284
11 88 55069 107
20 32 44439 304
23 14 14740 128
68 71 108132 405
75 44 38250 77
82 25 4965 399
4 37 67053 1827
60 71 84906 745
36 22 37132 184
96 75 5389 63
17 57 89194 237
89 52 19274 1154
63 30 22158 270
19 31 42206 259
37 30 17730 29
49 48 33282 79
50 32 45776 166
10 40 15176 239
68 42 11962 81
97 75 42198 83
98 84 11856 106
27 25 32563 121
66 19 83127 221
88 66 102309 587
49 90 108011 1403
17 18 101178 69
88 28 15097 108
34 3 9041 100
48 69 47585 724
92 41 3300 36
45 53 50318 443
43 37 16062 38
38 36 93245 142
20 76 37861 683
58 73 22965 262
35 9 88291 161
45 75 16088 123
11 87 1409 219
82 87 33352 333
79 1 7698 186
81 83 8233 72
95 74 37843 269
54 49 2659 515
87 63 29301 2205
24 26 9724 144
89 87 4007 49
100 98 2027 50
49 63 13472 272
6 96 14169 121
5 4 40700 782
49 58 16546 886
25 15 6900 366
15 59 39409 82
73 96 48532 161
65 55 6173 423
52 36 58008 141
93 27 96500 691
96 1 1663 218
100 71 15809 85
4 100 19407 243
4 95 59544 398
69 57 10794 87
28 84 24856 87
29 61 3018 35
3 78 52284 108
58 18 107438 115
27 94 8235 656
55 97 39691 57
29 97 5758 64
22 5 20413 149
6 91 95539 15
39 43 37860 536
73 65 3201 107
51 96 17866 155
39 98 8760 46
34 69 5036 105
94 67 17374 42
77 45 75983 322
56 69 113286 111
94 57 66513 137
60 74 10676 198
44 1 12119 57
88 81 35144 601
39 50 8199 437
54 86 3697 75
64 95 14304 641
35 74 17171 86
63 76 12389 197
20 22 53941 165
90 12 23495 307
79 61 140685 188
11 77 23968 193
64 15 8443 58
42 62 11023 138
83 54 57385 70
26 99 6610 64
11 3 15618 156
40 91 10744 57
75 78 14909 44
87 53 33312 132
31 77 118547 543
51 45 6872 75
35 80 20750 817
6 14 17723 171
31 94 10403 74
58 94 9146 705
12 98 127918 522
21 93 5466 124
89 22 35791 335
47 18 14889 141
98 70 60834 370
91 56 6442 409
14 90 2965 72
47 76 11655 444
29 45 20910 600
22 49 57743 38
89 56 37100 45
30 49 19112 82
98 79 68232 252
88 56 73448 164
3 10 16535 163
6 40 5609 499
84 46 63777 41
98 48 33301 117
80 23 14683 292
30 23 10810 335
72 9 20753 43
45 26 103667 177
35 93 69502 414
7 39 9517 112
78 33 34467 158
59 46 23239 18
70 32 7718 76
13 33 123583 187
88 86 15363 132
8 15 14642 82
47 79 96481 962
70 11 28491 151
80 76 11875 8
24 94 15163 474
12 100 47901 78
78 6 20088 157
31 89 4381 179
33 60 29642 1250
41 60 7057 187
30 17 8914 129
37 98 6651 32
84 24 3243 337
11 15 25598 99
70 99 25127 95
72 91 42505 54
56 58 38711 62
58 9 50966 54
20 63 54327 28
10 74 28222 244
46 78 26170 778
76 2 20795 63
53 49 26281 70
7 90 38689 112
10 16 75907 82
10 97 15945 1208
74 21 98478 76
97 27 20506 128
8 63 12005 165
69 52 19779 113
34 14 9545 52
43 47 22111 476
81 22 48496 178
62 61 6176 142
71 68 35836 70
43 93 7254 44
43 85 22871 289
98 38 8004 71
89 36 55676 379
79 94 5414 235
99 31 2351 429
94 16 36196 116
8 28 4153 75
48 91 27885 101
13 1 3733 71
96 61 37581 362
39 49 7781 118
40 85 2457 796
24 5 15092 2307
78 24 11716 90
53 43 4508 502
1 90 4752 409
82 65 27653 842
29 89 19347 249
54 30 8285 763
67 100 10670 202
93 55 229784 182
16 69 5709 74
34 72 31458 119
81 45 26864 283
64 28 8492 477
6 78 57206 58
51 9 85683 348
43 48 18685 137
82 27 6362 478
35 3 14107 30
47 28 4972 142
89 1 17009 169
32 5 6509 128
66 25 39433 65
9 51 24523 110
54 80 9734 227
43 57 5379 174
29 44 24617 432
53 39 5084 285
35 31 34530 182
16 38 10024 109
90 16 11005 77
79 43 8538 271
32 16 32087 140
62 76 3346 691
76 83 25463 136
51 74 11379 378
90 77 37694 272
98 32 15231 30
17 73 3155 129
90 69 31641 147
19 62 61665 179
53 78 21127 372
73 67 8458 116
26 71 94054 98
31 56 71828 247
37 1 28879 101
98 41 11434 120
51 80 46918 559
27 95 36274 358
25 88 25004 113
59 64 38803 364
9 54 11355 64
86 83 37033 223
73 22 5372 109
100 26 50302 241
82 95 20503 171
60 23 11225 709
11 70 9029 287
52 19 23995 220
98 90 34033 460
94 43 15054 125
42 51 5651 217
97 31 8718 109
19 55 12901 180
31 78 39555 662
55 88 42162 39
60 7 9167 131
16 87 102213 139
83 94 1973 590
31 66 32921 356
16 27 14140 152
73 56 168404 170
52 6 9294 1883
28 23 8063 126
40 6 47940 116
90 70 20103 868
13 54 3218 167
76 14 16588 257
4 93 16487 178
32 49 10344 578
45 35 81442 37
73 89 18345 25
11 74 21442 25
89 49 118074 124
68 47 10585 337
28 68 36935 126
22 59 10949 53
9 46 4441 101
2 31 30354 60
100 69 94089 194
75 98 75765 172
15 35 35783 61
26 13 18125 386
77 37 17071 100
90 15 10721 101
78 9 36577 320
11 99 183445 330
86 50 48001 310
54 78 26850 19
98 12 2408 1102
50 62 29251 394
56 77 46996 152
95 28 69637 16
75 88 115012 216
33 95 131874 233
63 56 10298 54
82 20 28261 102
34 15 8225 92
55 93 5845 627
60 22 14867 182
50 36 8857 58
50 15 12338 144
28 60 118820 85
36 39 42026 82
28 83 26784 583
2 18 6616 223
99 81 192279 50
100 95 29637 218
85 67 47616 60
74 19 13624 25
6 52 34500 47
88 44 61108 107
15 9 11847 55
94 39 23714 178
35 88 56291 144
63 62 28004 53
87 98 23686 87
25 96 7443 17
39 38 24161 591
99 1 47192 410
26 44 47714 225
63 13 56191 95
21 100 85524 150
23 36 58284 111
35 27 8980 588
84 67 31551 10
55 48 126218 1076
83 33 44661 23
14 66 5467 100
75 32 45459 864
3 34 12117 160
81 63 58928 45
67 55 33806 98
39 17 58224 167
18 297
98 54
73 72
94 12
74 98
22 107

2285922
