100 499 3 3
54 29 14242 455
54 45 9992 353
54 86 2454 137
54 68 54357 381
54 98 17946 60
54 70 9562 57
54 31 89217 198
54 77 20089 96
54 65 16930 153
54 42 7026 50
54 69 3037 612
54 64 122966 275
54 88 8824 71
54 3 9508 55
54 37 203843 358
54 8 18708 997
54 4 112048 184
54 53 27291 67
54 96 28643 156
54 21 7820 68
54 56 25523 162
54 32 41039 441
54 61 78006 17
54 38 48995 1146
54 82 40103 219
54 78 20277 290
54 47 9331 120
54 66 67644 74
54 41 70832 265
54 2 7089 26
54 20 14190 375
54 44 9777 90
54 80 39219 155
54 25 52472 180
54 87 5361 14
54 93 31779 129
54 95 13818 177
54 34 15271 62
54 84 67220 491
54 12 19058 139
54 26 80393 212
54 94 9130 189
54 83 18093 102
54 85 20621 385
54 81 13143 195
54 33 11243 138
54 28 64437 207
54 10 10239 40
54 97 37427 95
54 13 27470 178
54 72 17856 210
54 67 20892 973
54 59 17626 84
54 1 16151 1499
54 9 4938 37
54 58 6186 17
54 11 16272 153
54 17 6195 162
54 22 32528 239
54 50 21047 27
54 89 42304 476
54 19 10420 140
54 92 42106 268
54 51 13605 63
54 27 16191 77
54 5 7548 91
54 36 39737 530
54 73 36985 195
54 71 107856 391
54 90 182401 332
54 60 160231 179
54 40 5732 43
54 23 12627 26
54 7 39057 167
54 52 20924 12
54 46 16243 48
54 6 12759 106
54 79 5636 49
54 15 98292 51
54 62 9012 780
54 63 13405 235
54 74 86224 62
54 35 17456 208
54 49 23161 34
54 18 21514 405
54 57 22960 54
54 76 12262 150
54 48 3624 389
54 100 41423 342
54 16 40229 764
54 43 67195 204
54 24 37595 382
54 30 27879 73
54 55 10341 122
54 99 3903 88
54 75 5827 43
54 14 8716 82
54 91 6807 202
54 39 45226 195
2 75 40035 157
34 39 54140 175
33 57 8915 2053
70 1 13358 904
72 40 29909 186
44 97 21565 261
62 45 12350 105
80 44 8903 65
71 33 14234 87
90 77 31024 189
33 7 9537 50
12 43 46562 128
37 10 28671 25
87 14 14619 19
90 59 156407 87
16 73 99435 69
6 81 53962 176
27 48 5029 166
40 79 35256 1037
66 85 14074 171
93 64 17336 361
66 20 53184 312
97 28 66331 502
36 28 12365 128
56 1 31118 226
3 31 5593 72
100 82 102416 407
95 10 89421 62
45 53 12040 141
21 63 41853 882
96 85 8403 298
15 50 4269 157
11 94 22476 977
27 78 536647 143
82 39 43883 220
88 35 31670 350
100 8 21826 237
61 64 61280 145
4 6 28243 1247
59 78 37085 69
84 22 30192 58
8 90 106659 38
77 58 108136 238
16 85 15235 39
90 31 10580 11
53 31 5104 178
98 61 32891 161
95 92 11503 1130
66 65 25559 85
95 43 31504 85
36 7 49959 313
78 46 19235 149
45 40 29964 537
42 54 12879 74
80 53 57164 340
59 82 17039 656
87 4 17935 32
65 76 32408 55
21 73 16340 351
77 24 14464 56
59 57 99709 168
45 57 52838 77
80 94 33446 84
26 99 14063 129
84 51 19747 18
69 32 13283 988
28 89 7261 298
81 55 18521 36
51 96 65196 95
50 27 141613 150
20 36 29840 328
57 95 9236 67
21 48 69981 32
57 17 21901 313
47 89 6428 837
24 94 88188 245
44 30 48430 152
88 14 46922 131
94 27 12553 368
10 79 4476 149
68 66 21624 286
68 7 34997 507
42 29 87238 134
42 68 16061 25
43 24 30675 274
65 6 58977 368
95 53 12030 263
65 13 3819 877
33 71 78837 1168
28 52 4934 204
82 60 42904 198
3 97 45273 340
91 85 19724 198
17 55 49738 141
46 83 37567 998
98 66 10312 43
93 85 11311 41
59 38 29861 84
69 26 17475 1040
52 15 17756 109
63 28 86001 14
29 91 3332 194
29 78 36063 40
89 59 23129 143
95 76 10945 67
58 15 52334 106
96 28 141057 63
89 5 17414 200
53 98 30674 74
4 75 14782 256
28 94 34591 148
50 36 73205 102
52 91 2989 107
71 3 522256 60
5 69 11169 286
88 71 6627 77
88 39 7036 35
80 82 21728 272
7 27 24478 49
92 78 12239 47
42 9 40038 314
93 41 55411 82
4 37 7784 73
48 70 37370 274
48 1 5100 28
32 50 36016 154
80 63 25699 68
37 48 9427 100
100 40 53214 130
30 34 63863 465
99 62 7314 31
37 97 10805 31
44 33 10401 137
90 58 40469 110
20 75 10941 43
96 82 9635 66
48 93 23754 90
6 53 65584 40
60 4 34880 576
51 26 93203 99
13 43 33619 163
13 56 9768 335
70 25 2721 95
99 92 10583 209
47 87 28955 206
31 43 6137 122
32 31 168802 33
5 32 10014 5608
33 20 22365 271
25 59 14341 128
83 25 60003 270
43 34 16870 38
17 65 8655 104
9 58 33249 397
88 26 17671 80
77 41 25051 146
71 99 39048 217
55 35 13375 49
17 49 135980 136
63 27 28539 174
11 51 41986 132
99 42 29355 89
25 58 6981 97
37 58 14588 245
62 43 36574 160
76 61 39075 476
57 12 31620 12
93 48 13853 99
3 15 15086 75
17 93 24295 174
89 35 17607 215
86 93 6315 237
67 45 70517 154
65 97 7539 250
41 31 46111 97
53 80 12125 97
2 46 17258 108
17 98 133009 211
98 10 4307 651
73 29 13834 298
12 6 227369 37
91 60 3185 167
34 96 39079 78
2 98 12436 149
96 39 31502 204
92 29 3663 157
16 15 41965 1853
69 66 16140 174
44 16 15362 65
67 18 63859 69
36 3 219124 21
17 39 20483 267
71 68 44484 398
78 28 8740 147
75 56 12042 117
97 26 6352 148
64 42 12652 862
14 34 42121 351
53 18 16810 89
62 47 47269 69
79 84 3744 46
27 43 52486 125
98 39 14023 105
63 54 158374 54
85 60 19991 144
75 62 39722 224
6 93 1428 329
10 19 19095 46
10 44 9255 177
58 14 13999 145
18 80 21513 115
55 68 27541 28
77 31 8641 210
66 24 5922 199
12 85 105618 21
89 93 10774 114
39 75 39173 97
78 36 8864 741
42 27 274729 200
71 46 67932 151
53 46 18335 245
88 44 15480 16
73 10 8369 160
82 72 24997 1299
33 78 33518 38
17 51 36715 64
49 57 30389 19
3 10 16811 38
53 41 13233 162
73 34 12365 252
12 54 28279 434
68 88 16426 190
47 50 21312 246
24 27 56015 213
69 27 15613 165
38 53 32598 56
20 37 22913 30
25 32 34967 239
33 98 7014 35
84 17 16294 354
85 83 78642 220
10 74 4412 488
47 42 25277 258
9 22 26181 42
29 83 7524 195
96 23 5403 161
33 82 16932 203
9 36 2859 50
32 67 8107 264
1 66 8959 173
65 100 16544 115
99 31 23648 44
99 77 41537 271
60 20 24279 604
2 20 4860 170
59 45 17175 107
20 15 20065 829
63 35 81965 404
5 50 44877 96
66 37 8750 123
85 27 27714 186
85 18 9083 71
61 50 147719 35
37 24 12029 97
60 1 10757 101
30 13 33747 11
96 91 14909 436
19 68 42895 106
27 61 34512 356
13 5 76492 149
31 79 26662 63
29 76 57144 27
49 68 24746 98
19 36 29384 261
31 33 23616 228
53 86 81511 32
7 5 26149 119
97 39 21381 127
40 3 16794 57
17 92 18315 1065
41 26 29758 425
63 3 90010 580
2 67 82628 41
79 88 39829 31
17 77 188319 571
35 94 12936 39
61 27 27453 31
25 43 8529 70
26 25 39703 325
83 75 6218 18
76 70 3582 62
64 21 13249 196
57 100 12536 49
61 11 27121 425
5 71 3905 44
5 62 7742 280
13 75 6106 26
3 34 21257 345
83 82 23661 301
46 15 103047 64
4 44 64289 316
95 42 25422 58
72 27 19972 180
13 29 50022 574
69 9 60818 150
94 86 9003 139
35 70 9135 122
28 71 19081 64
93 100 9785 386
93 86 238967 42
67 42 3351 1757
89 80 15577 963
97 34 168529 118
78 83 8828 42
74 33 8044 207
95 45 22446 38
74 47 34599 170
15 81 15023 246
14 78 15275 523
39 6 89654 134
77 54 30228 144
59 71 12919 33
56 25 4078 278
82 57 15267 183
43 46 470785 177
81 98 29784 153
91 43 23783 549
84 49 21365 58
26 61 56326 298
25 86 37442 807
20 81 50392 376
84 42 7499 169
60 8 5403 274
45 78 17330 103
100 81 72119 204
50 16 93995 90
30 24 12815 113
83 28 9953 145
14 80 19086 217
77 1 34020 230
50 9 32035 703
30 55 165592 214
20 71 36875 194
100 36 25087 105
33 81 128170 491
9 16 31776 174
76 94 67529 514
94 80 29377 38
77 70 10430 57
7 66 104550 168
96 1 23323 226
90 76 13278 109
60 10 44730 155
7 39 9789 43
85 56 50430 147
18 39 47409 112
34 88 5455 114
84 92 11911 501
59 88 7484 36
31 75 9028 59
78 9 24295 61
62 20 26562 454
32 49 25909 51
53 81 12793 369
58 45 84913 50
39 52 34821 214
68 10 53075 35
11 39 94024 499
24 46 28546 89
85 34 9560 1934
4 88 107700 160
98 57 46817 365
23 71 3160 59
32 99 10146 171
85 75 10141 306
95 38 45853 118
43 4 90149 46
42 50 30138 34
67 43 44826 59
82 50 18140 417
88 27 16282 230
95 19 154330 82
37 59 12452 412
41 19 6398 40
76 97 27385 1323
81 11 7383 228
92 83 7715 116
38 56 8325 123
21 42 6995 96
40 15 4764 124
61 9 55137 73
62 6 16424 896
90 49 44065 1102
63 72 53461 615
68 62 12775 129
12 11 13244 225
59 43 38170 513
10 30 11471 30
91 88 46288 185
67 37 22385 136
54 1188
95 81
17 36
27 237
43 120
39 231

12332217
