100 499 3 3
76 68 120482 130
76 50 178084 543
76 18 6742 100
76 72 81430 190
76 53 7814 263
76 46 16556 47
76 49 62783 88
76 23 29958 60
76 55 108979 1292
76 75 4161 375
76 41 77613 195
76 73 3592 669
76 88 18607 318
76 90 7554 55
76 66 42745 704
76 85 82767 344
76 78 51307 130
76 82 9874 110
76 5 13230 115
76 43 10922 352
76 84 7781 58
76 42 14407 3040
76 63 54325 82
76 21 103470 585
76 71 18929 70
76 25 5589 63
76 52 4183 142
76 36 18142 202
76 61 17683 132
76 15 30046 24
76 32 45558 43
76 10 28786 328
76 67 197791 98
76 56 10170 212
76 97 24040 26
76 95 6679 117
76 11 5295 99
76 64 33213 672
76 99 4037 41
76 51 4149 227
76 2 47871 429
76 80 74710 117
76 94 30648 163
76 89 34047 1282
76 65 138320 113
76 39 33910 114
76 98 53139 23
76 62 15007 840
76 28 27726 144
76 83 9826 33
76 70 14850 78
76 8 4797 47
76 19 16139 253
76 14 4878 1250
76 54 22121 83
76 35 54353 487
76 34 16723 40
76 96 32789 862
76 12 2476 806
76 27 8700 93
76 37 29562 201
76 30 196100 26
76 38 27050 427
76 26 36094 73
76 24 27062 121
76 31 92917 187
76 93 65421 157
76 7 49281 552
76 87 53286 782
76 77 48212 396
76 45 15102 126
76 13 75523 42
76 91 4803 398
76 92 3711 51
76 40 36107 79
76 47 83585 181
76 57 3744 709
76 33 18412 177
76 79 3994 91
76 100 10846 32
76 1 5304 208
76 60 11311 52
76 16 9719 20
76 22 40792 166
76 59 126660 340
76 58 9003 187
76 69 37211 131
76 17 56709 502
76 81 57297 210
76 74 16125 34
76 9 18678 213
76 4 20441 80
76 29 73551 98
76 86 21796 1512
76 3 22022 273
76 6 32220 22
76 44 19343 97
76 20 7359 75
76 48 15996 155
24 1 34570 116
37 5 59330 277
37 29 12925 1964
46 14 11551 404
87 70 19169 171
29 10 20742 135
60 70 17556 1045
15 84 11728 233
55 20 19524 39
90 45 5980 175
81 52 20101 39
72 86 27879 383
7 3 30743 160
93 89 23124 1293
32 10 18132 227
17 23 27050 1029
94 98 11306 328
57 31 2973 55
50 49 54421 351
48 87 53053 63
65 82 4287 42
42 11 31977 139
94 20 115603 575
91 44 73184 60
86 85 188812 135
83 47 1784 44
81 5 35342 79
3 34 22087 93
29 32 26689 10
66 100 18343 148
16 44 12543 478
59 8 27865 284
23 86 55599 47
81 27 27980 584
19 82 33649 248
38 60 20016 49
98 64 31171 45
86 40 41994 61
40 39 14061 255
16 79 20929 54
12 78 34648 456
74 76 50476 288
25 70 20687 127
69 63 10622 330
64 28 8575 243
43 23 449009 142
81 88 7669 293
40 73 23972 259
84 12 3756 26
72 83 12256 141
44 7 37779 186
87 60 147200 117
63 90 71953 183
92 6 144611 45
17 37 60084 936
61 88 4751 213
99 88 12249 310
8 98 2693 172
75 19 6075 44
50 45 16912 633
18 48 23646 68
69 92 28195 221
34 42 85748 62
63 46 68519 534
31 58 19688 1107
95 5 8669 39
18 55 50837 209
62 2 46102 69
72 48 13866 79
50 20 4955 32
35 54 5686 261
53 84 5553 119
25 98 33935 57
70 35 17812 228
56 100 22440 120
16 81 12154 303
43 29 45886 125
31 71 55617 107
88 39 60362 77
43 86 35075 146
62 12 114796 163
6 89 4762 511
65 23 30845 65
7 17 10881 136
54 15 2123 217
64 2 99094 420
95 89 6403 135
22 11 7129 123
29 57 60845 159
45 30 56142 698
88 78 11848 389
18 86 19034 137
93 55 32048 258
38 15 19936 137
29 72 122286 722
97 11 5442 385
79 25 22029 225
56 16 12009 69
93 77 26021 150
26 15 22593 250
1 66 10783 1757
72 92 4317 167
99 67 16274 102
96 71 19916 81
39 54 15677 55
48 65 29621 152
61 3 16757 124
53 9 35698 297
82 95 19666 758
83 36 32426 1028
18 47 55450 115
27 66 10986 149
9 21 18439 66
44 76 15607 64
70 28 34765 180
21 1 13717 220
47 89 28762 270
90 68 8724 133
43 45 34844 40
86 44 83104 16
74 98 22357 376
100 56 178975 96
49 75 8223 164
13 32 65019 238
88 95 11948 164
77 70 28905 33
100 28 12520 18
57 7 63657 220
40 83 32616 294
77 86 19242 68
69 62 7670 94
14 56 25144 42
26 83 7221 521
77 31 16550 92
5 71 32151 32
13 88 66716 99
47 100 31571 399
74 45 18380 39
12 30 14542 137
98 57 116655 168
14 81 13591 259
84 57 3214 89
92 61 5204 250
50 22 122924 479
53 3 4941 256
48 95 7817 227
13 34 26998 138
14 11 13614 51
71 46 6542 161
40 4 54651 209
63 94 38817 154
84 64 29978 106
6 24 14387 471
86 13 46204 255
50 42 9448 284
9 16 47107 1248
9 87 24442 292
7 81 5317 29
73 70 19887 44
22 25 106763 244
71 24 90918 37
59 42 14123 130
24 39 1720 76
31 9 107645 309
94 27 3684 130
74 58 7335 266
29 68 87183 58
47 7 13130 18
11 1 11799 46
35 29 8269 649
52 18 37862 24
48 99 81162 150
25 62 11875 107
67 48 40434 342
49 95 28924 117
42 1 224140 116
1 96 15104 174
11 6 37024 43
30 37 10959 9
10 45 26564 175
47 69 37451 235
28 51 40193 214
84 32 402118 211
49 98 64331 55
1 7 7484 67
100 14 3063 204
46 77 31046 379
52 100 91237 80
38 50 92256 54
99 34 52494 57
57 29 11057 174
37 65 24773 169
2 62 19999 231
9 98 57256 47
26 86 26558 173
62 1 17554 171
2 47 44326 69
53 62 21772 122
9 97 32367 178
35 23 8399 214
25 39 4777 723
28 11 17130 83
19 37 8394 20
81 40 18558 142
97 69 32888 96
11 61 64484 199
54 90 31401 159
39 91 14712 53
11 65 5758 43
37 33 29290 390
54 11 29346 203
14 67 20983 39
69 41 14822 195
48 64 26256 100
89 63 8899 193
47 32 29504 267
9 92 11915 283
41 24 75853 81
58 20 53822 616
71 14 18583 27
61 52 97212 231
16 65 33711 91
70 22 6446 49
38 1 26668 299
52 53 17671 174
81 56 62910 92
36 97 6797 287
27 46 8109 83
88 41 20155 143
85 89 33508 314
19 66 10167 328
26 11 2294 822
77 34 20174 946
75 38 18433 250
59 55 171924 122
77 8 21049 73
33 72 24018 11
4 81 38781 80
68 47 10972 375
80 18 18638 19
10 4 3614 205
26 18 7961 86
47 23 69919 102
36 90 118777 139
63 65 29619 527
41 45 25016 353
96 9 23217 327
45 38 12627 104
47 48 8440 50
58 59 19130 332
7 70 22709 50
60 20 31208 361
90 17 52402 36
26 46 6169 836
80 55 140683 511
77 90 14986 76
48 5 7186 382
86 49 39986 204
26 52 46315 235
4 49 32027 86
4 71 63336 77
52 72 28466 278
81 48 76678 987
56 19 52970 1225
42 81 4934 271
67 64 4810 77
69 82 24605 944
61 45 19328 236
48 23 29289 198
17 10 57807 124
88 68 57479 82
73 1 100955 268
67 97 13317 106
88 21 41449 87
63 86 4290 62
88 65 26578 37
46 52 3929 94
20 100 12087 338
78 97 153444 443
3 84 14142 585
72 51 11038 593
98 9 42362 236
26 57 104304 226
58 67 26890 48
13 41 122891 77
7 96 16231 35
38 28 22281 276
49 88 3129 81
26 31 133040 140
4 53 3888 49
72 77 30796 235
73 30 7160 197
17 41 23673 79
37 73 22666 40
95 41 42490 79
78 90 25726 62
98 30 15582 891
49 52 33333 816
46 24 21856 147
94 40 44282 166
78 86 178996 157
64 93 13592 442
38 95 1592 38
85 81 8808 125
11 12 938 527
63 13 117264 642
27 77 52699 129
71 77 15298 23
65 5 54671 467
67 27 140144 124
40 22 87858 24
52 35 56480 270
46 94 105277 36
25 59 39882 273
24 89 15636 32
2 24 36345 144
97 44 16737 68
96 17 13992 109
51 94 44784 41
34 19 78342 197
68 90 18937 10
83 25 6869 165
23 95 38622 112
9 11 21322 107
29 49 23499 162
43 27 21434 201
99 5 54126 146
96 8 58357 26
9 76 21717 94
99 61 17510 669
38 36 17790 216
59 53 19309 31
88 3 10364 67
84 8 24205 942
8 76 14109 190
60 97 30119 340
27 39 20713 282
48 63 25342 145
59 60 18735 65
45 24 11028 420
2 90 7633 134
20 10 21565 84
82 50 38064 653
52 60 80232 141
43 4 18128 62
75 1 36696 29
48 77 124244 166
22 17 2313 129
65 54 10126 166
85 35 6149 59
66 7 16323 492
87 8 7271 68
35 69 6930 249
26 6 9637 28
30 91 50199 61
94 96 33079 251
6 87 10598 256
1 86 52588 237
34 32 62904 357
84 100 13711 626
61 86 18760 894
58 83 7826 584
36 35 11163 186
87 99 19763 291
16 28 49073 269
67 34 5766 285
87 73 63305 299
63 40 33820 439
79 86 155861 146
61 1 12472 47
43 16 32702 168
80 28 19288 45
86 84 2521 52
91 45 33075 237
61 84 44104 71
57 81 8307 720
45 41 36516 69
38 84 39619 83
72 11 116877 62
73 35 16940 91
57 61 45676 1072
72 30 16493 32
18 21 63912 293
26 81 69367 33
69 30 2732 129
28 85 36121 814
24 99 6821 744
60 23 9955 955
13 66 23972 253
96 58 22215 11
91 82 57041 26
10 52 18200 68
97 24 20711 22
71 12 2679 33
17 87 24955 442
26 100 25737 26
41 5 13849 55
89 86 67861 86
58 77 84603 43
53 54 4216 105
76 1287
26 84
48 2052
86 867
11 424
1 558

58817009
