100 499 3 3
87 37 29155 48
87 70 27947 35
87 49 82635 120
87 20 10664 160
87 96 57994 70
87 77 18594 106
87 8 40726 109
87 64 54682 585
87 52 18493 244
87 23 6573 107
87 35 69018 221
87 25 102431 172
87 59 34133 185
87 80 26302 200
87 72 33683 131
87 62 29147 22
87 32 38602 24
87 9 27879 49
87 19 21193 160
87 10 3118 780
87 38 8610 46
87 16 90673 169
87 88 54489 52
87 89 2818 80
87 60 12861 225
87 94 38270 172
87 22 18228 897
87 24 36031 199
87 43 55868 98
87 5 13585 25
87 27 70033 310
87 29 27587 147
87 34 39738 192
87 28 69463 821
87 40 28297 78
87 69 51294 87
87 91 12700 74
87 44 16095 148
87 50 18337 554
87 3 25136 522
87 74 11479 72
87 76 12440 119
87 15 36100 87
87 46 34521 85
87 66 5522 262
87 56 5499 390
87 45 4608 262
87 82 29536 40
87 12 6905 112
87 67 35210 950
87 11 5712 85
87 53 41272 96
87 2 32540 268
87 63 15449 64
87 84 17662 78
87 18 6112 74
87 71 11348 92
87 36 9017 84
87 6 20242 151
87 14 19237 196
87 78 10007 39
87 21 20238 423
87 86 27569 46
87 54 24195 37
87 31 16126 165
87 97 4886 66
87 1 46761 158
87 85 32130 81
87 55 160235 273
87 57 12104 416
87 73 9264 103
87 79 77456 264
87 93 19477 411
87 13 15170 1420
87 39 11443 135
87 48 67528 14
87 51 43846 77
87 47 20232 26
87 7 64793 110
87 41 56382 52
87 33 43528 317
87 75 13295 114
87 65 71467 37
87 98 20664 864
87 26 9942 110
87 92 925 70
87 61 27426 38
87 100 18745 2199
87 4 18172 34
87 95 22293 94
87 42 7540 60
87 17 14858 72
87 81 23028 286
87 99 31972 399
87 90 11650 101
87 30 7079 652
87 58 42224 59
87 83 2463 221
87 68 53472 172
25 58 29561 61
32 24 16329 71
77 59 24337 324
27 55 147833 84
20 97 18464 176
36 71 8013 151
84 74 31354 127
97 53 16722 52
70 51 10806 57
73 44 6024 22
11 66 23745 68
35 79 33041 347
53 87 40371 246
52 91 16442 299
78 67 126677 71
97 72 29109 76
27 33 106997 18
92 39 9004 99
47 51 7474 221
23 8 419653 327
71 38 81364 165
99 69 24867 203
98 60 1875 1002
46 47 9456 158
73 80 11361 179
41 9 83688 202
69 65 48889 90
66 82 63258 26
53 43 10804 281
51 35 19698 204
46 99 50761 244
52 42 29359 365
93 97 40240 118
18 35 54874 280
50 9 5881 47
23 66 62295 647
97 56 82343 146
96 39 16474 557
72 28 28056 42
23 72 18603 431
57 39 78335 174
54 80 8919 51
80 32 10826 104
86 57 13774 115
94 90 26369 211
34 36 2465 8
83 98 3185 82
75 100 10052 186
11 3 40352 193
59 50 97478 141
49 7 18940 51
41 90 15609 59
30 99 28722 42
89 46 34117 90
4 29 8163 267
55 6 29949 71
62 76 59530 1219
85 17 63972 462
23 75 17077 960
91 10 22327 249
30 38 4639 44
19 72 8716 601
76 90 16206 32
6 12 78384 147
48 32 2173 302
57 99 27567 304
50 64 189732 109
8 55 8213 123
59 41 30218 336
27 47 106332 1051
1 84 37445 1860
41 12 71348 541
46 34 14478 536
22 42 17254 133
57 82 22633 143
20 41 32195 757
11 19 64040 89
32 29 21045 218
57 50 17657 33
85 21 34963 135
82 58 69966 437
95 21 11302 261
17 26 7352 253
42 18 84579 34
47 100 113022 170
99 75 31381 37
9 27 4109 385
59 4 15824 181
53 29 9386 272
84 45 17038 195
64 65 30447 79
33 31 9485 265
82 15 53939 59
7 86 7271 182
88 68 13696 16
40 6 41970 309
70 38 18470 72
4 76 21642 425
97 87 82324 342
71 67 19503 410
2 99 165075 242
70 64 6475 243
99 94 3671 291
97 6 52733 98
39 6 23763 200
20 39 10966 330
25 83 2923 10
23 52 12464 63
88 19 11848 327
58 83 9598 42
100 5 17753 490
3 28 70022 234
1 34 19264 18
59 40 15708 349
62 41 17758 188
7 16 13424 211
78 88 8871 204
12 100 36489 149
82 23 12003 172
7 59 2960 89
63 33 13604 75
46 32 6464 42
76 27 10206 208
43 72 49966 38
26 28 1770 133
16 87 17322 46
89 4 22683 279
65 50 60586 63
20 71 53822 32
45 15 13450 49
28 2 1580 79
22 32 6744 216
34 84 6857 389
31 29 23364 29
34 98 42349 29
58 38 23611 127
80 73 38883 86
7 92 15191 953
67 91 23131 82
33 84 72798 32
14 51 15446 651
78 74 5731 42
29 80 11475 61
34 4 35055 395
75 49 11541 156
44 63 13394 93
56 16 27207 61
75 39 24089 72
79 52 24522 117
92 72 31144 167
17 10 39835 647
67 21 4774 113
9 31 53586 100
93 75 99016 133
18 41 5894 54
26 17 48631 153
58 34 35911 140
39 81 7136 47
92 41 76098 126
9 40 23397 188
80 3 3152 102
50 62 3678 26
23 35 19902 66
24 18 25502 132
26 81 11176 575
40 51 76077 274
32 51 29517 92
91 52 28930 105
45 61 6984 502
45 8 31531 61
49 93 34762 135
35 24 7733 183
62 97 5926 161
7 71 8137 135
53 10 39225 71
71 8 18227 49
31 66 18867 131
42 31 13887 517
71 29 41706 27
45 76 7698 158
52 64 173451 200
100 28 11488 167
72 93 9656 102
46 14 5165 1936
80 44 23654 28
56 35 16168 106
93 3 22000 84
15 82 16729 125
53 82 201335 301
50 39 6140 385
30 13 12159 389
63 28 26017 301
79 47 10957 76
68 71 24199 929
12 10 15698 82
52 86 11416 171
73 86 26361 267
58 28 11508 448
37 64 2841 15
71 59 15316 75
60 51 39106 466
43 29 100383 126
84 33 11585 34
78 45 5942 544
100 59 4015 228
44 29 16511 64
88 4 12478 238
78 60 63429 95
61 68 19637 173
22 43 10844 51
45 24 14700 169
38 28 15572 58
67 36 19879 141
92 94 83405 377
45 75 24677 787
9 23 18244 503
65 41 9679 108
29 66 65893 247
77 17 17351 35
60 59 12032 60
97 74 260771 78
10 94 33556 120
25 41 9021 322
6 17 26224 64
12 56 37264 75
4 33 10924 235
38 47 86864 154
32 81 40639 60
84 54 44128 45
79 95 30051 515
81 36 2324 147
37 90 206593 314
89 14 15569 119
80 14 6757 53
18 73 58809 53
74 54 9186 67
74 13 133721 57
36 90 37394 48
67 27 5232 170
5 79 5946 124
22 6 25986 178
70 26 74830 70
39 99 4814 490
55 66 23288 239
96 89 33256 61
89 36 5007 863
95 55 17948 304
29 75 4218 73
68 95 48182 192
90 9 169148 129
41 80 12661 168
35 13 54356 382
55 89 21924 200
63 65 7618 238
40 52 57514 1086
86 81 18101 241
8 60 37273 47
74 8 25079 186
49 85 89714 28
98 81 21194 538
99 44 73934 161
72 89 8171 200
75 64 11314 59
25 42 3145 324
97 75 76433 182
80 100 10173 48
83 4 25824 594
97 20 10594 19
42 33 9983 202
98 41 13603 122
30 36 69170 134
38 75 48362 860
62 29 17714 47
50 13 28136 552
72 41 49710 99
71 79 59594 132
26 6 4668 606
12 20 44338 502
91 78 2473 441
22 90 15024 11
39 95 13317 28
90 23 13356 77
90 19 26203 580
47 17 26277 217
68 76 78062 57
89 11 1481 111
39 89 89687 63
23 49 27925 135
13 9 19684 162
4 63 21360 81
3 85 34291 2224
85 79 4729 42
100 33 4844 291
35 5 38526 326
21 8 25727 80
52 44 2342 298
92 93 26844 182
14 58 246905 242
23 29 59174 100
99 72 12095 279
83 84 87573 328
72 8 14703 385
55 30 15678 273
81 41 7400 342
46 97 9246 76
58 15 13237 177
28 75 28278 910
71 5 7475 220
7 79 23050 171
33 13 57280 53
53 41 31998 437
48 27 76517 98
91 65 36728 351
10 91 31200 138
46 16 18121 71
81 13 37843 175
11 49 6517 234
17 4 19931 166
16 54 12923 34
75 76 9680 188
69 90 7314 493
30 83 13518 213
50 94 48370 108
27 29 1790 49
77 98 5644 67
97 25 9693 305
10 64 15694 39
2 62 10905 15
14 54 11804 461
26 69 62351 50
91 17 263248 1363
95 48 49707 221
69 51 15358 49
95 76 48723 675
42 16 200914 555
62 19 12082 90
9 28 16917 316
11 69 6351 1014
91 16 70770 240
82 11 14979 227
51 27 18288 41
24 21 13093 361
4 56 30689 123
35 30 48685 573
61 93 42215 115
65 17 51495 417
35 80 4528 40
31 21 13155 293
74 41 165340 501
32 49 15654 6
94 50 13473 52
57 97 18726 76
59 68 9732 424
6 59 17383 19
97 84 25896 124
14 59 69808 408
42 90 5804 397
15 30 240653 171
8 33 17174 90
80 98 37430 512
22 54 19973 57
46 88 14289 125
5 75 30732 75
35 17 3089 143
80 76 16823 107
41 39 36156 15
20 47 4306 227
25 85 23441 178
3 2 6408 129
71 87 11704 218
4 23 34738 192
36 80 11910 472
18 26 126581 190
28 99 25024 388
47 74 15097 52
52 29 33819 279
58 54 40429 162
27 15 24405 360
86 31 224356 471
63 22 14206 67
69 97 41993 611
5 32 28676 15
66 56 18504 1106
84 2 32819 403
25 5 20286 71
6 50 35080 269
23 100 3110 149
63 53 21877 110
90 7 33277 189
38 50 41186 55
38 36 23012 188
64 58 28546 164
74 96 10526 49
77 43 4773 67
34 83 116788 83
59 58 33430 2552
83 79 112531 636
89 42 18824 62
23 9 18445 58
73 29 115932 233
87 891
97 110
23 120
41 207
29 273
75 44

11424245
