100 499 3 3
9 49 23042 88
9 55 2963 511
9 30 27500 56
9 76 7244 1539
9 44 74896 282
9 12 85855 33
9 96 4315 112
9 90 76110 235
9 30 4215 95
9 20 168264 51
9 85 274031 71
9 53 16676 306
9 76 5010 230
9 10 8651 52
9 30 3536 159
9 42 11757 51
9 55 47679 371
9 43 121204 112
9 51 48032 29
9 47 16887 102
9 17 27545 204
9 87 98157 412
9 15 4830 84
9 21 20828 27
9 65 18687 24
9 65 72059 247
9 2 39451 636
9 35 41257 417
9 83 19835 160
9 91 34083 7
9 10 36876 14
9 49 23400 114
9 35 45857 30
9 64 19128 274
9 64 28716 344
9 63 13611 230
9 61 3554 561
9 17 17836 401
9 11 29662 177
9 10 8562 54
9 92 26432 209
9 86 9539 388
9 32 1726 239
9 10 12341 23
9 69 2654 207
9 6 73478 501
9 83 21374 41
9 56 16862 587
9 58 92554 80
9 76 50415 78
9 84 196952 264
9 76 16838 35
9 22 38694 46
9 1 64540 30
9 18 8174 34
9 90 12848 194
9 19 55499 67
9 4 32305 241
9 77 36839 132
9 23 40592 67
9 1 14150 244
9 55 131694 55
9 2 3728 104
9 93 41934 30
9 52 1944 592
9 62 28356 38
9 33 8387 61
9 62 60212 2724
9 46 11123 157
9 57 24616 138
9 87 14510 282
9 60 19016 99
9 38 43889 1040
9 62 8757 219
9 31 251304 476
9 80 21474 42
9 64 4438 16
9 26 8770 88
9 88 700 113
9 94 29028 17
9 47 51300 306
9 69 21761 118
9 88 54842 786
9 77 27522 737
9 33 5494 224
9 27 3937 276
9 75 25875 38
9 12 8238 1439
9 24 53298 208
9 60 17158 293
9 58 28408 215
9 79 10713 336
9 34 25722 413
9 4 175838 423
9 54 37756 102
9 63 107520 149
9 8 25702 69
9 18 78607 377
9 10 3528 15
71 57 80805 113
49 37 5718 611
25 18 54410 816
99 56 77863 624
96 33 10915 118
24 13 21311 344
67 21 44197 117
80 30 35446 898
78 5 36900 52
83 75 15265 1063
49 53 32186 159
1 87 2990 222
16 20 19873 38
24 2 37237 72
82 42 64599 78
88 61 34361 136
6 66 10657 116
33 94 17473 106
88 7 30276 251
18 99 5233 909
90 57 39064 72
75 6 7315 105
37 31 44003 44
56 66 71835 247
55 62 5733 88
29 57 54963 363
63 100 12136 78
40 63 14987 63
22 6 19989 169
79 52 7134 732
40 47 320138 277
57 86 18468 643
100 72 7462 245
47 7 6168 970
79 95 8866 350
92 83 35380 218
70 73 9347 65
81 14 17317 156
43 24 2191 228
3 42 17969 147
23 33 62409 69
87 86 3954 77
26 70 4573 37
65 99 29237 45
30 89 63711 42
54 59 18752 69
97 22 28122 157
9 41 68516 265
29 30 114012 1461
2 15 27689 44
99 17 34479 111
95 45 10339 99
45 49 9486 98
72 30 27014 157
3 71 91457 189
71 6 10298 309
80 9 15875 82
13 87 117157 65
35 37 114497 37
20 9 23348 54
34 64 16768 1736
23 57 8104 50
44 72 27301 191
45 87 60961 661
43 85 113572 310
56 78 8686 319
33 99 4499 42
41 85 13467 259
89 14 8732 121
29 63 26429 232
56 50 23607 119
76 41 36428 55
2 47 31760 367
58 17 10946 19
76 32 5867 469
54 39 41531 74
41 67 8033 53
82 38 6446 904
1 73 29370 540
28 78 61462 56
86 60 7450 176
13 72 21813 83
12 65 46244 186
44 84 17348 526
77 70 36883 270
92 38 25406 88
71 44 4073 33
90 27 39503 88
91 61 8399 850
76 4 9778 344
40 45 15810 245
97 39 3738 262
1 40 9574 462
60 62 1687 106
92 26 75347 212
62 75 18940 90
68 93 32558 175
3 14 5203 913
12 40 7415 235
28 65 13229 28
22 83 24230 107
2 19 3223 216
6 14 90491 331
6 16 22488 398
93 79 10106 6
21 14 36494 530
67 53 9027 20
2 34 5713 25
92 50 28509 113
68 49 24245 906
22 82 5126 414
70 74 7688 71
21 22 40984 9
55 69 17018 94
33 2 23511 270
23 35 28221 42
8 80 61958 204
47 80 22749 85
61 3 20515 365
86 23 7635 198
32 53 71390 405
60 26 7193 127
66 34 3846 130
65 60 8758 509
100 40 17887 37
70 81 11103 22
99 33 10727 41
45 81 16387 802
85 36 64930 114
13 39 22939 210
2 90 20071 255
74 37 69433 320
97 64 7296 265
80 27 27796 444
8 19 11479 156
20 42 32830 298
7 87 25169 311
81 35 9390 38
82 48 18875 214
33 83 8490 56
85 72 21896 99
63 30 7549 72
32 21 97298 529
98 2 6014 275
76 95 37179 451
42 94 20010 285
36 30 71054 61
18 84 29041 11473
48 4 34493 371
75 58 16693 371
41 6 10498 15
27 28 12449 48
25 66 17950 164
45 56 11046 418
22 51 1586 199
61 39 27164 146
3 20 3260 153
29 65 31271 184
36 27 8766 709
85 28 7327 121
41 81 51726 32
78 28 6094 129
65 78 10059 43
50 100 5949 196
61 81 16180 180
76 34 10178 153
16 72 27491 398
11 29 30120 142
37 69 15305 1144
59 75 29493 216
73 74 22292 61
57 84 10370 40
62 76 38841 100
51 9 8573 62
24 86 21663 284
90 94 4597 69
39 83 98391 105
23 2 108058 166
100 56 63809 109
56 4 9275 50
20 35 55509 506
79 80 35053 15
46 20 49169 173
36 100 28954 137
5 15 58246 258
85 47 29401 531
87 84 25407 481
55 97 8133 77
80 4 29007 485
70 58 3641 46
58 45 62508 41
33 53 25993 121
67 38 12985 164
40 57 22089 32
67 4 38225 413
50 29 42892 123
84 81 64259 144
71 13 1834 517
88 81 72162 206
56 48 10915 57
27 5 10117 35
36 55 7344 15
50 75 9673 171
94 92 27879 56
34 91 13053 1241
79 65 28902 188
65 30 3883 82
60 52 3125 36
28 95 23994 57
49 95 50410 40
29 12 6988 354
19 36 42573 385
32 58 36861 466
97 69 37077 523
65 48 6983 225
42 76 24662 144
61 94 5269 238
24 80 5051 64
29 31 51720 110
82 75 52772 63
57 21 12858 153
24 47 19373 47
23 43 59751 309
18 92 44458 538
88 86 27105 180
86 90 61963 154
17 50 13926 111
47 42 24799 94
23 92 10288 29
61 87 161466 25
44 95 19087 181
12 34 87276 49
96 64 8810 267
84 97 49805 552
75 59 6874 89
74 64 7717 415
33 97 102123 511
42 82 103448 129
13 6 4688 93
25 90 10657 27
97 34 36302 344
22 7 18101 39
8 39 44052 569
84 18 8387 473
65 83 102011 167
91 75 4026 75
77 61 12996 36
6 44 15870 69
84 27 17363 198
67 70 1379 248
74 56 8625 151
1 65 16480 133
27 82 25562 94
22 58 20980 37
79 49 56476 78
6 25 2176 220
94 52 18240 437
44 59 13473 211
26 81 30132 35
41 31 77761 84
48 7 8622 69
36 44 23085 53
82 37 50908 299
54 98 15342 26
4 94 54668 64
50 30 6136 286
52 2 7965 139
84 14 50972 344
98 61 39015 84
17 100 2375 117
98 49 11958 40
67 13 255550 163
73 76 31091 361
76 73 43751 673
5 77 58364 45
10 75 5558 101
77 100 22358 1483
1 15 23746 298
63 5 44592 410
24 19 1799 134
44 83 51008 8
85 61 19812 458
24 50 100551 63
43 84 20837 55
20 85 80471 80
16 80 15511 72
94 90 10614 116
59 45 3978 277
82 78 68327 124
4 93 67734 56
82 46 11144 206
10 4 5045 175
16 26 17636 131
17 47 8475 59
12 70 9945 161
47 19 55128 37
8 54 20071 224
31 90 78492 58
28 31 166972 374
60 74 6460 20
76 35 163954 34
97 48 42977 280
63 87 117641 1712
53 72 9801 193
70 9 39162 169
95 57 17751 128
65 77 9015 513
32 80 1846 48
45 82 112447 172
56 25 26234 263
53 74 152195 45
52 51 3194 180
86 35 7712 57
43 74 70996 271
46 67 15561 79
73 30 5535 51
90 75 55310 99
42 26 54310 313
81 32 47940 295
97 41 43149 53
58 50 3049 63
71 4 10822 106
21 9 67208 1033
64 37 27145 167
83 69 27911 117
84 36 8116 202
67 3 33717 82
60 89 39955 226
19 81 14912 111
91 52 9465 59
45 8 34923 581
76 44 16602 240
91 2 194874 91
41 36 17466 172
90 31 180141 93
63 37 14211 330
60 3 100259 196
70 54 13422 233
17 42 7517 463
45 59 66694 80
87 44 24368 25
84 28 10652 392
57 38 8865 50
58 59 25317 106
20 71 88443 112
77 36 5710 55
57 70 5820 72
73 85 108616 74
91 34 72106 215
88 24 68471 100
45 41 5525 143
85 62 5339 56
83 4 84511 21
48 46 20177 36
11 85 7182 695
66 60 69436 649
79 10 7178 771
58 55 63463 48
79 12 26910 35
98 1 111489 15
53 62 29197 475
7 70 15279 78
72 28 30762 40
18 97 62976 186
27 90 7013 159
7 17 45329 206
1 21 55279 157
73 86 20798 101
15 48 6190 33
75 66 25570 95
71 60 149227 143
90 78 32348 213
32 57 31407 23
15 95 17373 51
60 61 87829 395
59 31 8682 25
41 46 83127 52
18 43 43783 400
59 80 90335 98
81 13 26846 36
55 19 10321 95
76 56 9566 107
76 93 28902 323
6 51 11325 24
98 97 14917 48
48 41 8936 183
53 4 8508 38
64 94 114666 110
8 91 64021 422
59 30 3849 135
38 41 29060 118
91 58 8049 161
1 38 35700 628
26 85 3698 186
43 36 54822 113
19 47 12169 64
60 58 9799 124
41 66 70171 300
91 93 4202 411
25 84 36978 123
9 400
76 870
60 104
30 1925
4 99
75 798

46686548
