100 499 3 3
73 36 18196 62
73 5 43573 229
73 69 20762 12
73 10 150918 337
73 41 33062 138
73 83 15893 19
73 79 7508 409
73 35 10826 48
73 43 15298 243
73 46 19885 32
73 56 27364 54
73 16 21574 46
73 75 8905 210
73 68 33140 56
73 21 31910 18
73 72 9335 184
73 70 47146 91
73 80 7006 39
73 62 41389 216
73 52 42788 28
73 46 25628 26
73 38 78042 69
73 67 37082 205
73 7 81169 210
73 67 30837 76
73 91 11870 182
73 34 32672 1435
73 11 21295 507
73 37 4739 264
73 71 12772 432
73 33 2786 50
73 49 26031 29
73 65 33494 222
73 3 21920 133
73 95 2559 171
73 96 14345 367
73 2 81832 7
73 27 55065 48
73 10 73959 134
73 44 23823 266
73 47 47931 138
73 39 27056 124
73 88 17508 39
73 20 50003 258
73 48 39590 78
73 34 15606 75
73 97 45981 67
73 96 96410 42
73 24 2104 116
73 64 7896 72
73 61 20021 44
73 36 66323 89
73 55 18341 220
73 11 13985 1145
73 20 5684 271
73 93 21712 115
73 3 9872 257
73 79 27629 75
73 67 13049 724
73 90 9001 238
73 48 34277 88
73 15 37657 92
73 76 12010 65
73 80 5910 117
73 28 79677 2241
73 57 17556 593
73 46 8999 91
73 72 61687 147
73 21 13560 686
73 76 5515 186
73 64 2886 567
73 74 12624 305
73 19 19561 91
73 89 174349 119
73 100 43815 105
73 18 26947 299
73 2 40344 133
73 35 14960 86
73 9 192208 151
73 22 40410 117
73 72 11153 169
73 9 93499 604
73 48 34853 102
73 33 242812 206
73 83 22995 64
73 23 26703 66
73 8 38085 173
73 81 7264 116
73 41 42693 658
73 35 29804 157
73 36 107512 131
73 51 15581 111
73 1 31425 63
73 49 20754 67
73 60 33173 221
73 74 14551 264
73 10 7719 38
73 9 27053 46
73 14 25144 48
89 70 30898 258
55 42 32753 123
25 89 15392 78
15 10 68469 138
46 86 37070 109
12 95 43766 366
74 73 21051 71
77 84 462707 35
2 69 42179 117
100 99 36154 176
87 19 55089 269
87 3 30846 470
55 75 30088 228
87 68 15409 530
60 86 14753 243
1 25 17104 391
13 23 15883 182
60 14 39197 46
30 73 85313 257
20 89 7344 317
87 36 15724 197
95 87 11170 322
6 87 13291 101
35 71 2306 473
61 58 52506 134
55 96 9382 62
35 85 21377 54
7 70 5800 144
29 60 3798 78
100 98 46502 570
74 6 9027 416
70 75 37502 667
10 26 10683 49
44 72 7324 37
60 30 20198 282
46 39 14473 47
40 82 46602 104
4 33 69490 60
1 91 2898 31
95 83 32034 255
55 91 3977 199
5 20 25381 92
73 30 15607 345
42 35 6996 37
84 32 49347 32
70 63 4451 187
62 12 31186 427
52 16 110599 105
60 70 63784 47
30 64 3534 57
94 1 5698 67
99 90 57508 193
63 28 181394 194
62 67 7753 201
15 59 65022 68
39 71 83674 276
29 31 16461 66
77 46 25357 257
54 37 69715 59
41 94 17987 174
31 91 32325 637
48 87 31861 234
76 6 11197 205
65 52 122181 510
85 81 60858 330
25 64 40457 172
25 58 81544 431
26 7 2052 466
93 16 149725 145
20 1 45048 202
90 26 13444 205
51 39 38851 61
17 79 181044 326
83 78 11532 446
84 91 15122 107
20 77 92496 179
87 44 11025 330
29 50 19622 193
52 18 192227 50
49 45 15479 11
100 26 15409 449
93 35 390618 44
52 64 17011 303
41 19 69941 59
27 100 21229 296
37 79 37254 74
86 31 42693 80
68 56 19363 135
91 58 2467 286
20 27 42858 18
95 80 7824 95
74 86 7416 285
29 9 10905 188
40 53 63161 93
72 59 60199 65
90 92 35641 162
44 71 19500 112
16 48 33162 650
64 61 254150 310
15 36 20063 74
90 29 4886 126
74 96 32064 66
88 14 51837 213
40 10 51890 214
19 12 15556 233
32 11 10119 869
12 47 3782 129
68 41 35382 287
36 99 13711 709
54 49 40145 152
66 28 14271 161
60 22 46819 104
37 1 36639 220
44 5 64198 66
23 70 3194 59
65 24 51050 23
100 80 2392 273
11 9 21053 53
6 80 23941 187
41 86 43954 1673
49 3 5195 877
36 28 7260 13
51 35 13213 51
36 75 35703 82
24 27 27577 721
15 72 66238 301
82 53 29908 54
6 85 2274 171
78 28 20171 234
92 2 36592 117
70 83 74900 629
56 83 17982 19
82 12 14626 606
84 52 33687 79
21 89 17211 939
35 48 1684 992
97 56 26826 348
53 33 156753 101
66 23 118689 53
62 26 9064 3199
61 99 15325 27
61 14 26844 38
97 53 12606 130
90 85 17911 45
12 58 18908 407
79 15 54556 66
13 64 5322 2104
29 78 63568 236
78 3 40222 57
20 37 7711 267
4 100 9655 126
16 68 27993 179
10 56 98236 33
90 74 34909 33
39 24 15552 432
31 52 21076 59
99 78 74859 63
20 83 31879 275
18 4 15691 227
27 37 119560 426
76 60 30326 97
35 24 32940 102
48 90 58241 265
58 87 3325 156
42 33 13757 120
58 83 16570 615
58 31 7016 309
44 19 8390 94
94 89 17552 42
55 95 49492 718
56 76 57441 238
28 29 26862 61
83 34 29482 81
1 27 5790 254
23 35 24404 54
83 35 53633 611
57 71 19314 184
58 35 114534 280
75 56 54473 158
53 46 12660 363
36 98 17989 308
81 16 14062 152
68 49 32300 524
5 18 16180 80
17 97 2908 900
92 99 23104 139
85 62 42513 196
75 33 3067 121
7 81 6426 637
98 25 30745 182
31 3 18734 476
63 52 20310 92
18 34 26596 107
49 84 31023 62
58 98 7206 30
72 34 9950 87
52 84 5216 246
64 95 11274 221
4 68 12914 108
86 6 9397 772
99 73 11062 139
42 6 33505 191
94 20 3995 1321
89 24 15192 233
6 8 26515 270
78 87 13650 735
25 60 49488 426
79 97 3992 142
46 60 35190 136
10 39 15913 105
96 74 19474 181
5 32 9605 129
5 67 222039 357
43 40 109595 53
87 57 27344 15
48 73 19301 158
7 39 16962 138
23 78 4107 88
100 87 28222 208
41 93 28873 326
40 89 6847 246
93 92 532957 133
98 40 34470 337
37 61 18946 42
68 30 15028 917
19 14 17412 82
92 1 44069 103
30 19 18197 542
79 38 13731 1329
84 25 5750 118
37 12 54214 110
42 64 6040 565
96 43 5742 631
50 25 33416 38
21 38 8500 214
52 32 368256 178
29 100 5794 131
93 32 58088 505
49 60 20350 49
49 82 72564 71
43 90 12782 42
50 55 23417 248
9 27 10184 336
42 46 308429 984
94 84 130414 146
61 43 37533 850
61 92 5896 185
83 49 28751 699
83 44 6608 264
60 84 4674 149
61 63 29190 43
68 91 12933 131
99 26 29976 334
90 21 267935 161
84 23 34810 236
95 78 31568 140
18 82 15936 37
76 66 55571 259
75 82 60889 101
48 12 4383 394
54 72 16964 33
49 74 10575 255
11 70 14916 142
67 17 9832 162
91 37 190874 59
7 73 70596 108
100 45 37427 51
17 67 14742 190
51 54 4612 404
40 43 11800 250
80 71 130214 114
51 22 68329 45
64 23 1533 77
38 25 27793 398
16 1 62251 573
84 19 92542 1870
27 4 19808 499
1 97 36249 164
9 68 111776 79
71 58 3135 64
8 23 21506 66
43 83 17873 83
28 82 5179 207
32 37 17745 163
30 75 38886 91
74 3 12579 853
80 51 69108 71
93 87 135463 153
52 93 10567 89
86 8 24366 128
81 41 24242 41
97 29 48737 92
72 13 63040 441
93 63 132021 86
51 52 3423 26
12 63 40536 155
14 43 20818 68
11 61 32234 113
69 80 26139 17
76 95 56767 180
52 6 6911 37
78 13 68971 421
24 28 3450 239
1 12 41040 39
53 97 7016 181
17 91 29759 81
95 14 79193 320
45 83 10197 12
92 37 110360 78
20 76 6898 913
55 6 3511 185
43 88 22006 91
40 8 13171 341
19 93 7821 153
85 77 10123 638
20 96 3402 23
39 53 315113 21
21 77 117796 89
83 93 25572 408
62 73 2198 22
92 70 9699 235
23 22 4098 82
100 67 21773 117
15 88 37391 186
39 96 28214 30
66 44 6794 20
76 82 27129 619
89 61 39289 139
87 74 46660 41
75 55 21871 85
42 37 103386 80
24 41 16293 61
56 21 26347 99
100 88 38161 34
17 60 6482 48
56 51 8976 159
47 17 92145 25
60 10 17908 13
85 43 52986 86
35 74 26005 177
92 63 44958 374
39 76 131476 90
53 96 23382 26
32 70 9762 53
84 14 35769 222
58 55 10385 59
15 84 35016 191
62 27 9777 193
3 92 35630 46
81 7 7064 58
16 74 44116 225
49 27 6908 1546
78 67 22486 237
16 6 14345 734
96 16 35454 143
99 92 61019 172
64 43 10743 212
42 11 5983 453
90 50 48509 449
13 24 10974 1148
50 98 47208 277
65 95 76079 319
63 54 78643 130
95 70 21671 179
60 82 39842 95
99 13 54937 314
14 83 7750 373
37 28 43865 613
43 42 15486 208
78 93 25971 157
37 65 10553 269
47 55 50216 644
10 79 3683 46
89 40 19893 105
94 51 29986 227
94 92 3781 70
89 45 41293 273
70 90 79968 369
87 11 8699 40
19 36 112663 340
60 2 12827 161
96 23 16228 68
18 44 21101 103
90 44 8723 66
21 49 132805 133
28 73 32667 77
5 33 66223 140
16 36 41220 47
67 77 28302 97
25 62 31211 73
37 90 164669 767
52 69 22773 153
23 71 8323 21
78 25 4065 44
35 37 25673 1925
86 29 14347 22
79 40 13856 495
52 33 89158 139
35 47 113580 718
83 97 14398 103
73 600
60 36
52 18
83 62
70 888
37 103

13983129
