100 499 3 3
11 93 24323 270
11 37 32494 59
11 39 10172 208
11 19 215695 113
11 29 3096 59
11 8 30000 97
11 60 32636 142
11 91 36734 313
11 96 18099 217
11 57 38864 226
11 74 83510 210
11 9 13239 176
11 90 13097 382
11 16 23954 170
11 14 5416 209
11 77 26035 149
11 21 116723 1545
11 80 35704 33
11 15 148922 332
11 52 30505 38
11 87 46276 71
11 6 19603 112
11 17 86742 170
11 68 17859 24
11 70 16678 466
11 63 38625 427
11 23 9234 77
11 24 11847 53
11 99 41821 72
11 83 15063 405
11 13 31443 258
11 28 19491 203
11 97 50513 131
11 47 22434 152
11 79 82017 336
11 64 25052 106
11 44 17607 171
11 67 19536 192
11 33 2931 195
11 25 19232 295
11 36 10990 315
11 45 29202 103
11 34 79255 45
11 73 10688 666
11 27 21926 34
11 66 28508 60
11 31 63687 129
11 5 21788 279
11 59 12276 495
11 32 23949 118
11 76 26966 138
11 4 21923 644
11 95 15187 65
11 94 58597 805
11 55 7875 127
11 92 21363 412
11 81 10374 94
11 98 4769 152
11 38 10635 240
11 88 10806 122
11 7 26921 39
11 46 37271 55
11 41 44885 32
11 58 47390 558
11 72 13528 244
11 89 45385 549
11 85 2522 30
11 75 33412 314
11 40 33559 310
11 43 9740 702
11 54 10050 166
11 3 53365 104
11 30 26053 137
11 49 7132 31
11 62 4812 144
11 78 30300 31
11 20 21418 115
11 42 70939 113
11 86 26631 36
11 2 19694 14
11 48 4268 1925
11 69 85896 448
11 53 68651 674
11 18 81064 67
11 61 166180 28
11 50 13986 1071
11 71 6162 25
11 56 10455 53
11 35 18638 408
11 84 73099 250
11 65 37794 149
11 51 82774 161
11 100 18362 519
11 1 12306 373
11 12 34551 94
11 10 40065 79
11 26 31165 44
11 22 13669 205
11 82 15947 28
69 23 15218 163
96 72 43865 236
53 100 41969 102
18 42 18005 1667
54 79 13241 65
38 25 148758 45
65 49 45536 69
65 56 6851 214
46 67 15661 416
62 51 4484 1233
44 35 61871 740
87 94 90813 559
48 25 6586 105
38 4 22766 47
30 48 18714 466
73 94 34465 703
94 70 8608 495
85 51 9431 101
48 36 6966 1261
65 58 25197 47
63 14 6937 244
64 34 15319 36
99 77 11020 163
44 51 13907 145
56 57 9236 123
35 3 71776 96
67 19 20329 320
100 38 13718 67
65 17 62914 168
18 45 18810 101
82 22 23526 89
83 21 34519 30
49 46 23712 62
68 30 14311 209
97 71 7506 460
28 30 24000 203
17 22 20829 612
3 36 18574 42
99 63 7554 29
62 75 23458 43
80 57 39107 21
77 79 44534 84
84 36 45150 73
65 71 6962 156
31 48 45977 250
13 94 5721 93
88 26 20273 164
79 50 8089 122
18 12 9577 107
38 10 219370 1089
78 96 14581 472
91 64 26050 16
15 56 47847 99
18 40 4036 2828
93 64 28938 311
81 32 7223 335
45 41 24773 270
18 14 8683 185
59 67 12842 66
64 50 14772 152
63 3 157153 106
83 71 9570 474
12 52 5812 346
93 11 20851 362
75 37 63679 40
44 10 144890 51
25 66 72836 72
36 16 101970 360
98 50 5546 170
44 76 17447 145
17 90 27038 78
27 14 9899 1579
4 74 39462 379
93 95 3758 91
19 76 29444 599
32 67 9683 40
16 41 11974 81
96 57 136534 252
80 87 36050 192
16 86 76162 714
41 65 5404 355
84 93 42145 184
9 56 7338 585
30 17 25005 549
99 27 16948 58
61 10 23639 18
79 33 22969 134
86 31 4047 166
34 44 7065 100
9 28 20749 113
41 21 30443 71
63 60 17270 32
26 3 72398 931
25 91 25589 227
96 19 76724 136
60 2 2852 102
3 26 18317 342
96 70 33056 307
33 65 14607 19
41 53 14947 27
70 68 20120 43
75 42 39056 188
21 14 71209 767
50 30 3298 223
10 56 53830 143
66 73 13962 39
39 51 20267 121
14 69 29031 59
59 88 11291 27
92 94 125621 80
36 32 29421 388
16 40 89480 170
91 77 31150 348
43 40 8947 558
43 84 21053 187
83 75 29858 76
66 69 147160 627
61 79 9933 832
62 45 65219 134
18 79 3124 132
46 3 5717 428
75 83 44043 123
5 98 15894 405
87 28 61051 58
25 83 29918 192
63 21 21035 104
43 57 19923 174
25 99 64671 119
100 47 170965 66
51 41 23017 386
60 15 21179 105
48 72 54806 86
67 11 6222 265
9 22 82957 172
87 46 12864 221
16 2 24311 89
66 100 21776 309
82 41 63202 72
85 46 30930 246
15 82 15902 120
80 36 70687 506
58 32 48231 47
63 11 18568 175
88 32 15041 296
76 11 32341 157
38 52 36024 233
26 14 35717 279
70 74 78053 140
82 99 67421 191
73 87 11580 84
82 24 39940 180
69 21 22880 185
48 30 5471 115
34 67 10517 124
50 78 48868 351
68 79 45580 195
10 29 53533 338
22 92 18764 112
84 42 14454 115
68 87 6304 200
91 4 58510 20
66 91 33777 439
15 2 3555 547
98 64 13681 196
96 75 20667 535
8 32 13186 463
37 3 9551 42
1 58 5559 152
58 29 28356 26
86 35 26104 394
30 62 18501 38
2 1 62987 447
56 22 94847 349
52 50 17055 94
46 16 12893 164
17 87 18553 796
87 96 347838 391
89 8 47051 578
6 47 29740 367
85 37 13991 429
75 43 8809 336
44 92 38457 86
92 77 10072 349
17 70 36593 21
39 72 16125 183
53 4 13760 1008
83 81 68040 1311
28 82 26952 82
54 90 5821 402
45 99 86751 422
51 73 77500 27
62 34 31275 406
60 13 57075 51
33 35 8735 104
45 37 35013 688
3 5 15511 158
36 10 7401 264
44 82 33244 37
46 20 19286 177
48 96 94052 154
62 26 33486 16
33 73 10566 38
6 49 54758 221
90 30 16323 1092
44 16 21861 127
48 49 5411 467
29 80 24169 660
22 39 38734 550
20 88 66193 977
52 90 43479 174
88 36 3867 51
5 2 17149 87
86 82 8512 77
52 6 7455 34
1 6 13573 47
73 45 34631 221
96 52 58436 17
63 88 82355 81
36 47 5016 166
35 15 41003 16
41 35 23030 230
68 8 14933 117
19 3 4655 231
93 42 31084 16
46 71 3600 187
54 1 143645 513
10 11 16611 68
1 25 15832 61
59 28 23169 49
63 69 22391 74
76 18 49378 208
76 58 12858 560
13 19 15162 323
21 76 21266 2032
30 49 19887 167
24 90 7356 70
52 2 30221 278
30 5 7251 339
94 76 6268 338
41 51 15516 171
12 9 26769 47
85 95 621 247
77 81 71693 337
35 98 290922 165
52 82 8476 126
57 75 74821 201
28 51 23483 389
10 7 5367 114
37 94 8991 134
53 8 31674 586
32 3 12011 133
13 49 89384 200
66 1 23778 525
5 58 17791 59
38 95 142199 11
91 58 22404 115
97 79 12217 127
1 91 20696 315
34 13 96935 125
78 90 19241 400
65 1 36740 325
10 18 58446 46
26 74 11319 73
9 98 5859 58
4 25 134591 25
79 44 14157 26
7 85 112346 704
19 83 2069 174
90 20 75761 288
86 5 14289 751
91 65 24942 63
50 48 67533 228
67 38 7069 118
68 24 3150 68
36 46 27048 454
21 61 18004 512
39 12 46515 85
86 84 4824 385
85 82 21014 378
48 26 10866 228
68 4 41807 132
17 62 6419 89
23 93 56011 159
9 4 8842 46
5 17 2661 24
94 72 9946 38
48 28 10302 350
6 55 22149 152
33 79 19216 85
39 47 22147 807
27 43 22128 127
8 28 17936 629
97 95 2927 121
38 1 5842 552
16 31 5281 107
41 8 8237 277
35 56 22598 43
51 35 11610 52
99 41 22597 81
47 6 21560 30
52 11 50633 189
7 63 34951 41
14 15 48962 112
5 27 10023 37
9 61 30632 756
44 33 18237 267
46 23 13224 98
91 82 30644 69
64 15 31712 61
93 23 34455 63
13 65 11697 334
19 85 5482 366
68 62 10477 140
8 5 46094 236
76 17 30669 42
59 99 30624 46
92 54 61627 541
5 11 69008 16
94 27 19197 58
61 19 154617 205
26 29 21870 163
81 23 3199 348
12 19 5559 283
38 83 18674 109
23 48 51839 835
10 23 277349 50
23 20 30201 390
56 10 52510 339
42 35 54069 68
47 50 4997 449
54 62 17942 289
2 15 29136 100
28 58 25834 92
8 34 3177 121
35 8 19047 74
83 29 10401 90
99 100 13014 37
15 25 23296 170
28 18 24478 26
30 91 19805 126
46 38 50522 240
28 41 5736 119
39 77 39517 516
9 29 27025 912
53 36 127306 293
34 21 170322 302
80 61 11708 55
92 55 36105 240
13 46 51884 144
63 45 4343 142
92 26 12869 62
34 28 17472 134
72 65 28438 185
82 16 3400 33
82 46 7034 186
48 70 33046 167
66 16 85328 158
67 71 14259 140
54 49 68741 88
49 62 82254 13
6 79 37659 404
45 28 80992 872
6 84 33938 282
59 43 22753 186
66 59 48667 554
52 62 19757 25
1 97 6325 56
66 23 106461 48
59 41 34851 330
42 70 42187 55
40 77 3068 142
77 69 2721 2071
68 80 8773 34
65 45 13444 52
56 43 49314 45
27 28 212291 266
12 56 5164 108
70 90 29351 547
72 5 88412 599
26 44 20870 221
41 97 26027 162
69 11 33458 83
25 16 244950 37
98 65 9394 95
47 55 8525 545
5 64 28164 321
37 6 18867 88
4 21 3385 892
75 98 9587 317
25 40 33314 212
47 64 26014 127
37 80 36805 148
48 4 40446 110
60 72 7477 149
89 35 27193 244
60 91 10743 266
91 63 39709 9
38 12 10981 279
80 73 45842 207
15 87 22810 148
11 594
48 180
68 40
79 213
28 232
82 84

10003392
