100 499 3 3
52 9 15660 205
52 68 39401 644
52 55 10101 304
52 47 37887 224
52 58 32700 33
52 87 20492 234
52 15 13223 283
52 84 9661 1129
52 83 48686 1462
52 75 5687 259
52 86 144197 82
52 34 27744 56
52 55 77391 159
52 75 18866 328
52 51 34093 132
52 73 44586 321
52 69 32693 260
52 19 14840 353
52 47 88952 114
52 55 17041 27
52 13 49658 59
52 74 28451 36
52 96 5140 934
52 32 9664 107
52 74 7443 369
52 27 34781 110
52 67 17181 183
52 73 20185 20
52 68 35455 84
52 31 142232 207
52 24 15738 112
52 56 37871 292
52 39 11854 195
52 28 25054 41
52 45 62024 175
52 83 67724 117
52 51 6200 190
52 65 3682 420
52 35 13122 216
52 2 15573 188
52 68 14893 124
52 13 10484 24
52 27 49986 115
52 26 51010 200
52 63 48135 164
52 95 27616 75
52 42 26947 21
52 41 26662 523
52 43 42500 80
52 57 71108 198
52 48 14386 44
52 65 13344 202
52 30 23496 509
52 19 81877 442
52 84 54656 830
52 89 4272 128
52 87 11417 135
52 22 37620 362
52 51 42766 84
52 49 23030 520
52 95 59449 488
52 44 23060 773
52 31 42311 295
52 11 42624 34
52 93 10519 397
52 72 23532 70
52 77 34652 248
52 15 11707 108
52 77 46882 100
52 89 48603 41
52 89 15644 300
52 51 46953 181
52 60 37523 84
52 61 10711 152
52 18 93337 94
52 66 24135 130
52 47 1683 387
52 93 24880 132
52 36 6026 232
52 59 26251 240
52 14 13233 58
52 9 61237 37
52 80 3482 65
52 29 10445 144
52 90 29307 321
52 78 75843 108
52 44 21179 252
52 11 14444 180
52 35 16525 504
52 14 104934 87
52 34 15785 181
52 92 6303 81
52 33 5760 599
52 34 68064 149
52 53 50636 349
52 5 57771 166
52 66 6858 52
52 74 10387 80
52 4 10720 915
77 64 5718 220
28 61 24038 12
13 8 99668 593
9 35 12408 272
79 15 45239 388
12 62 14253 24
51 72 20605 40
99 11 3554 40
93 55 22708 165
47 40 115782 906
44 82 15297 1739
90 82 19632 463
93 88 11236 1027
41 89 4496 675
41 28 6651 89
8 4 26377 393
34 23 3571 73
27 9 25121 86
90 37 6044 143
28 67 21093 368
92 85 73500 41
81 49 16565 229
56 2 19808 532
17 40 14130 486
24 66 58496 760
87 78 48053 118
32 26 11742 83
14 72 30972 300
60 40 53260 31
69 19 74398 283
93 67 1912 765
20 62 25094 98
85 13 15072 223
90 83 13209 58
85 62 75909 90
44 86 19588 53
95 17 71621 121
4 79 18710 273
59 14 11836 116
72 86 60813 454
19 99 29061 72
20 93 49278 186
29 64 12270 570
24 7 22154 350
18 57 125470 80
79 96 8911 68
59 73 80636 155
71 25 2228 40
43 42 2581 376
79 12 11067 597
27 67 110445 53
41 64 3544 136
87 74 12306 220
24 37 15260 378
49 67 37712 509
52 70 31337 38
56 28 8586 124
64 39 40680 410
65 100 20690 151
83 52 22425 299
45 32 21105 78
86 53 28447 293
6 67 6917 12
98 96 8448 130
17 65 26089 82
72 99 41549 84
57 45 21995 106
19 41 41621 109
53 16 10991 342
45 41 12707 294
11 23 26975 1235
92 75 58853 56
24 65 18560 99
87 66 18341 87
94 64 98254 51
31 71 30976 1920
39 61 37586 86
80 33 6903 376
1 96 28507 182
25 57 49176 309
59 69 48059 29
87 80 33999 73
57 24 1628 63
14 9 37037 124
7 75 46697 108
13 77 3789 149
97 13 10281 33
74 5 1000000 75
24 55 19142 248
38 88 13399 370
63 97 25406 172
29 12 28217 169
11 34 11394 115
77 69 8863 72
83 37 10112 223
79 58 36537 67
70 98 8318 562
74 11 4782 31
20 21 14852 50
48 92 16540 245
100 92 12165 84
54 9 6325 106
50 60 113334 32
92 29 8221 182
65 61 12974 42
60 70 120677 77
17 75 34502 109
71 9 7818 304
92 46 46674 240
74 98 48241 190
42 88 20202 341
29 70 5209 71
99 38 8359 123
13 83 49107 104
5 1 3439 216
23 32 29716 232
59 41 17367 219
89 72 5743 71
19 91 9450 576
34 92 36284 89
29 44 7175 40
90 92 79160 256
87 96 43750 485
8 31 15743 145
15 89 118948 76
15 24 4711 129
79 29 48649 203
2 76 46242 137
47 20 14306 47
42 21 86540 135
55 18 41892 715
94 20 545812 110
3 85 31521 42
64 73 10423 199
3 75 15309 29
36 29 5728 221
11 37 27746 51
17 60 7810 184
82 26 14857 85
63 68 13466 456
95 30 49225 631
4 26 19591 55
73 100 71061 102
55 16 8468 564
94 45 33557 400
98 17 13577 128
68 40 5989 771
44 36 14309 132
28 19 11511 178
21 95 10712 239
17 22 1322 515
58 100 46101 213
45 30 2723 100
38 52 15745 196
16 17 27498 192
24 94 14424 53
11 41 24326 308
45 63 66982 51
92 76 79181 716
48 31 12638 76
20 39 12639 247
76 79 25114 558
26 76 15125 10
36 84 141216 58
65 56 22058 149
75 8 11716 97
30 60 21821 737
29 55 12863 222
15 8 86579 107
63 56 64341 198
89 56 14345 22
84 73 70551 61
7 67 18480 59
76 82 6741 233
25 18 28035 82
49 2 11617 82
75 40 28708 87
60 44 225736 80
84 96 106673 449
89 50 1714 177
22 86 5660 166
38 69 21743 155
26 55 13010 230
41 75 63395 732
10 15 77604 3853
97 12 33788 770
48 57 9975 633
43 93 21958 407
87 64 34859 172
73 15 36840 1723
76 15 46613 86
70 47 34072 53
55 60 10350 137
67 58 23583 214
21 68 17126 143
70 36 22966 48
58 71 4346 203
59 17 124089 103
41 5 61247 205
77 15 9233 307
14 50 89509 65
89 99 9357 20
64 29 21125 147
21 90 212764 207
69 35 36148 149
15 40 30978 639
18 63 9697 313
92 30 86157 206
89 12 34856 143
33 17 37501 199
5 78 7745 409
28 40 8852 98
77 34 32030 698
73 94 69067 441
16 73 23582 153
63 31 12193 161
91 17 18596 105
19 11 16096 102
11 24 18382 139
61 53 16288 157
15 88 15149 49
76 59 11526 55
29 14 10595 114
49 45 34600 355
14 49 15696 109
69 23 16385 346
42 70 26011 45
12 88 21279 79
100 4 9899 104
24 16 57777 447
10 94 16026 546
16 8 72233 136
10 48 61610 1968
57 67 87608 486
35 13 35526 62
4 78 22946 159
48 80 106769 95
40 34 15103 43
61 66 16936 97
22 97 35558 43
6 64 12050 156
43 46 17063 31
7 61 40887 33
42 45 58373 50
8 72 52060 95
37 69 17912 81
42 35 28908 175
46 76 15861 89
29 26 9035 82
32 31 15998 224
1 97 111317 1012
77 25 16053 322
19 8 1948 49
42 49 36387 77
74 2 42943 89
17 7 80392 914
24 97 7737 63
42 57 61063 126
37 82 9938 300
16 39 25994 387
24 3 34999 36
24 9 29204 124
30 71 17101 90
3 98 4243 90
33 13 28769 68
68 69 19896 124
95 66 10057 69
45 18 9316 134
53 12 19257 111
21 43 5144 84
65 21 12060 106
48 50 26137 68
72 80 47185 24
80 63 73357 518
16 78 113957 60
6 31 5468 113
73 43 7664 138
50 44 53790 167
66 19 8539 310
4 12 31663 323
23 12 18520 1601
83 54 39854 363
88 31 5991 205
42 9 65380 85
42 94 5732 131
65 31 97428 184
50 49 8600 166
16 9 7723 51
57 60 1515 224
13 76 33504 50
87 32 13362 53
86 29 6050 322
45 26 8652 7
67 51 37239 78
37 22 32634 243
59 52 9846 422
43 19 19821 453
26 21 18951 216
93 34 5460 142
73 16 38893 114
41 37 21813 227
49 66 21342 165
61 44 16039 48
60 87 92449 95
77 71 30927 327
26 49 63168 345
20 88 48738 107
73 77 42571 195
7 52 21985 55
62 43 48341 289
80 75 567459 219
51 55 11025 649
34 71 18968 66
7 13 13092 216
35 67 15608 231
96 70 54892 109
7 30 13386 188
66 75 13165 342
57 79 24781 128
68 20 20680 207
22 50 30507 333
28 3 37679 35
48 34 51015 552
20 7 24484 362
99 15 8614 35
99 69 13483 84
45 31 5455 80
12 49 7703 105
35 44 11566 108
95 64 37200 335
85 90 25749 336
52 20 37435 162
19 36 27837 95
75 9 13718 114
66 44 12085 31
47 50 9110 111
59 95 7449 146
11 46 21462 85
5 86 6053 112
28 99 16025 196
25 53 10303 275
64 27 42343 91
35 57 32936 106
30 27 13043 451
44 33 14558 133
68 83 42347 229
10 71 25027 74
68 50 12098 145
27 66 88989 96
68 55 16445 79
86 52 3431 125
97 25 15814 541
56 26 36110 24
53 83 11979 324
67 20 11869 216
95 62 47685 300
28 82 11185 169
11 38 13149 801
18 27 149928 118
16 26 18142 219
75 23 19940 126
13 3 263736 277
76 60 63705 222
37 6 6288 134
43 6 1798 38
17 76 30701 444
26 54 24994 479
49 44 9150 115
37 39 6456 31
7 10 12377 166
23 56 164184 227
39 98 30300 137
46 97 8648 383
35 75 56997 68
38 83 6358 81
10 73 39409 33
60 100 5895 142
9 91 6029 521
54 79 24132 398
100 98 34367 130
88 96 9840 101
49 52 145184 51
28 92 28270 53
57 47 19624 70
70 49 91474 7
53 68 16629 280
88 23 36654 130
67 79 202350 414
16 100 3951 115
98 88 6027 244
79 4 9023 156
18 19 37151 34
9 84 3803 72
74 90 36638 633
56 18 14094 661
6 92 86384 19
82 56 43287 328
16 57 29752 620
91 37 65897 125
60 49 7791 92
52 505
24 50
42 45
75 478
31 396
9 107

8300412
