100 499 3 3
45 55 37744 156
45 86 56332 274
45 77 74869 39
45 42 39273 232
45 67 10117 219
45 89 17576 131
45 23 36695 56
45 93 36619 178
45 54 18620 1358
45 26 26762 45
45 13 12104 16
45 38 6011 529
45 96 34888 77
45 94 8499 254
45 99 52131 130
45 41 7607 356
45 78 65281 133
45 65 68213 353
45 46 11435 429
45 29 20110 378
45 36 21368 538
45 8 13513 340
45 69 10293 62
45 6 3802 212
45 21 3749 32
45 49 66252 36
45 83 10450 356
45 47 14661 92
45 18 44890 446
45 56 18043 189
45 97 8139 43
45 80 18373 152
45 66 18808 119
45 12 30325 612
45 15 24408 300
45 5 6567 27
45 76 10017 261
45 59 10096 45
45 33 18654 62
45 3 11125 84
45 85 5081 60
45 58 19771 223
45 75 12983 591
45 70 6193 100
45 34 16202 306
45 81 10296 126
45 25 1032 420
45 2 18435 33
45 10 5558 133
45 98 10130 134
45 22 28242 130
45 31 77157 53
45 90 10414 23
45 88 57138 43
45 16 32918 71
45 53 18445 158
45 84 11751 212
45 91 21777 2653
45 60 11350 135
45 40 15261 132
45 19 60289 287
45 57 48339 23
45 87 16738 886
45 9 12165 47
45 7 53913 188
45 43 13759 107
45 30 27829 42
45 39 40602 363
45 37 51411 26
45 32 39143 205
45 62 17756 37
45 1 8374 1204
45 4 37629 88
45 68 32347 148
45 100 11795 144
45 82 14331 69
45 79 32411 130
45 71 9069 69
45 63 4795 77
45 17 27877 302
45 73 13815 163
45 51 11243 352
45 61 12430 61
45 35 91883 634
45 74 67980 292
45 64 104329 44
45 11 17000 251
45 50 80187 96
45 24 6499 88
45 27 21772 88
45 95 53762 506
45 28 22764 142
45 92 3625 183
45 72 7180 80
45 44 28914 230
45 52 3463 528
45 48 144356 1138
45 20 21584 203
45 14 8575 97
22 25 16608 96
99 90 6916 77
90 20 45581 222
3 69 4245 53
78 19 9406 411
1 46 14563 551
50 68 57297 86
36 10 19960 166
47 18 9687 123
97 18 96822 199
47 66 11468 389
63 50 26509 266
7 44 6622 282
24 35 36910 246
40 51 19431 174
12 21 34161 265
93 60 37770 24
65 39 24256 392
84 80 24837 256
14 83 23624 236
16 59 16808 150
46 23 62548 112
41 25 27983 317
81 78 13974 330
95 68 11048 21
76 1 35569 214
15 65 16424 158
84 62 3028 1958
71 25 117068 178
93 10 44311 144
23 42 7296 630
46 37 8572 95
48 86 6403 259
31 59 18204 186
49 92 35987 640
93 14 32302 328
65 2 22650 487
20 30 18803 271
39 61 44161 24
29 48 17800 111
28 49 27238 216
46 99 8709 291
82 14 30761 52
19 61 17033 148
69 11 41461 159
7 2 41849 19
89 37 24567 38
24 56 26717 778
27 91 40431 65
19 91 32337 734
21 23 21223 1102
43 47 135755 332
40 13 23550 78
67 11 8511 66
81 90 31373 60
28 83 43540 122
83 23 60195 852
2 48 113516 81
82 40 17400 35
73 54 16770 409
72 12 6335 23
51 79 33079 363
39 55 2824 98
12 29 9621 332
11 51 39526 65
26 39 79604 59
46 31 211570 84
94 61 138962 265
83 9 10417 273
15 31 10681 30
31 2 27351 426
32 81 13549 220
32 22 14266 150
82 21 16163 324
33 47 245758 366
99 41 40707 81
8 32 20733 236
65 4 5310 862
4 72 70556 56
90 65 50021 108
33 34 9475 221
51 7 6190 42
99 76 163858 102
48 76 17748 98
89 17 24987 615
5 65 38444 843
34 8 63211 240
85 75 45855 435
82 51 8825 276
43 16 28002 80
79 42 12471 164
27 19 11836 467
7 11 44453 436
62 43 22483 101
96 39 143143 545
11 97 46502 211
100 85 73539 266
35 47 6557 32
73 40 67829 556
96 93 81507 100
92 37 89431 298
59 33 12235 874
99 46 13852 185
68 12 28608 110
94 5 102668 580
96 27 51444 9
19 84 2909 83
52 30 3257 227
68 67 13017 433
4 85 20610 103
58 10 15856 296
43 57 31389 643
52 58 5264 83
61 1 76460 273
67 14 14068 252
78 92 21336 527
7 13 43830 42
89 20 53043 28
23 78 155702 208
57 61 31334 487
9 1 17402 70
91 97 7985 84
23 6 18199 78
24 94 42751 65
77 51 8489 171
33 29 26912 93
14 55 6731 179
59 26 6681 123
6 82 18599 225
46 76 17071 79
41 51 16463 307
91 67 106982 437
13 54 41430 129
40 6 13489 118
5 70 197885 283
75 1 8903 166
28 29 9549 188
65 57 20970 262
93 6 8300 396
70 95 6074 628
5 2 8521 224
79 3 35769 79
96 92 55674 51
41 35 28599 415
58 77 48643 60
76 70 82505 168
44 90 33793 93
71 7 23625 350
76 69 43514 214
29 14 21029 100
15 28 6862 135
81 85 67281 43
16 48 31660 430
87 54 21190 180
63 13 47799 425
1 64 115126 17
34 93 26976 358
17 80 27216 61
69 75 33508 71
82 93 102726 63
98 72 12702 210
39 60 16710 244
12 79 92999 45
87 32 8703 466
53 93 21351 168
55 29 45532 86
87 86 18381 32
25 39 51998 683
44 88 14485 20
41 30 53917 252
11 67 63872 47
30 89 18999 25
56 87 62310 334
85 95 12469 175
13 52 35119 52
88 52 10118 329
55 27 26425 285
56 51 25486 47
62 63 15813 251
34 87 23451 197
88 97 10534 227
42 44 50299 31
75 12 175264 161
7 90 43886 167
57 66 17717 495
36 63 14800 432
84 71 177110 177
72 58 6086 261
63 83 56722 175
62 29 82504 138
99 56 36005 332
51 56 23652 69
93 74 23803 75
59 100 8271 282
17 29 26959 196
69 39 10770 431
13 18 23831 239
80 47 4437 259
32 48 58153 192
37 98 20514 1101
37 8 26566 250
21 37 18522 485
87 68 10789 770
25 31 30315 478
54 100 9181 405
75 83 10219 44
17 23 18679 130
49 67 10607 55
27 31 23622 259
8 94 81756 469
86 38 44799 195
75 61 22162 355
14 68 16412 386
78 57 12720 431
97 28 14675 95
5 62 24538 123
47 68 41958 65
64 20 10696 318
100 49 33593 72
87 8 39505 401
19 27 9431 263
18 77 11535 70
94 24 29084 472
92 18 5119 159
22 34 7955 273
42 67 11432 3399
53 71 36191 135
8 4 63988 229
5 16 5525 28
17 87 33189 710
61 38 24808 1097
90 36 40257 25
17 34 22267 337
86 73 13209 1191
72 47 21806 103
9 5 47591 10
39 69 4623 178
37 79 74507 60
22 72 12051 479
98 60 58099 1423
86 49 23385 211
21 94 39622 174
27 6 86444 540
90 33 123883 87
72 35 41710 153
93 24 15654 445
85 78 5440 159
94 63 3878 140
76 30 14759 265
48 24 42731 327
82 61 5969 49
11 75 48945 218
47 60 24508 769
46 21 3960 51
49 24 78819 297
40 77 30867 94
91 63 30919 69
75 44 42524 53
25 21 31776 303
40 63 6451 327
4 22 13498 33
95 55 135201 199
97 19 31395 117
7 71 19289 110
60 11 82811 71
49 57 5057 126
47 98 13290 118
74 11 9635 1160
68 28 43929 84
76 19 32093 834
73 74 34086 215
67 64 389159 66
63 74 10928 421
15 56 101081 92
11 33 35121 679
94 15 14528 277
55 59 10291 202
1 24 2932 332
43 6 48560 84
100 93 29104 61
54 6 33511 69
46 19 7157 205
50 69 4590 748
26 16 9271 84
60 95 30346 89
16 38 11182 46
53 99 147959 147
100 20 40592 235
88 82 63174 58
86 96 17884 350
77 95 13849 240
58 53 13174 285
40 2 21377 140
68 1 20908 63
84 2 133955 150
4 25 13003 10
39 8 33079 93
88 26 9169 126
30 6 51647 1304
57 7 5068 306
99 19 107176 121
33 50 32283 98
33 100 2651 122
47 48 34380 142
23 95 67140 304
84 1 48831 152
8 38 8415 2229
35 99 16095 188
90 62 305231 54
49 95 3776 82
46 100 43841 61
30 4 10923 207
22 6 90269 250
82 50 46040 273
74 96 102083 367
81 43 81597 37
54 14 38604 177
55 45 36304 208
47 33 4723 527
27 93 7342 120
4 49 22526 98
58 6 6954 111
97 36 18150 59
47 85 49175 76
65 48 160942 582
69 13 22288 222
23 63 17808 244
86 81 7693 690
24 1 4616 143
29 69 203147 189
93 23 10263 98
53 96 291791 357
13 23 48829 424
73 70 11815 162
53 55 21333 109
70 74 12024 80
90 17 29920 60
72 68 239658 91
59 81 30655 950
79 18 18377 236
53 77 37621 354
7 95 39585 725
15 46 11759 93
99 25 8960 198
76 87 2809 115
92 71 48790 326
84 20 67072 50
52 18 13851 311
43 60 19273 113
7 50 17900 226
86 71 12845 70
38 73 292026 95
17 63 23033 65
15 20 29405 14
76 58 84293 82
50 18 5181 135
22 62 35662 134
47 16 49630 95
73 59 32617 84
2 59 31597 51
67 82 26164 607
76 89 16467 153
9 84 16436 50
65 40 14531 264
41 5 12391 82
40 85 29427 202
70 20 36069 66
34 50 5894 857
9 67 70658 22
79 90 47116 125
68 96 19720 207
15 73 41113 254
87 1 153322 16
20 72 22746 103
68 40 6299 208
7 55 13506 314
29 98 13557 1093
2 56 16902 464
62 77 7762 193
10 73 73267 122
87 6 50512 596
20 98 75970 244
49 77 18337 625
37 74 8078 65
21 49 22633 322
87 94 53498 59
61 82 24260 42
56 78 3392 60
75 54 61102 402
39 20 17228 109
52 74 56393 294
86 75 19780 162
68 44 113099 108
66 63 32385 50
13 76 21868 82
3 77 1427 114
12 53 33634 78
18 3 17022 100
77 57 16960 841
37 43 19800 18
45 2475
47 54
7 63
6 391
63 716
20 161

25654080
