100 499 3 3
59 24 375790 332
59 8 60137 39
59 49 53047 198
59 39 22914 185
59 100 12708 94
59 11 13298 633
59 40 12268 112
59 89 30460 52
59 53 84655 100
59 94 55258 109
59 100 65868 368
59 70 34972 396
59 74 6199 472
59 72 6356 346
59 74 22397 182
59 27 36287 408
59 2 4948 114
59 30 22626 248
59 7 9481 99
59 83 35413 36
59 51 19343 45
59 54 19076 140
59 100 3832 153
59 15 48068 57
59 43 47285 53
59 44 41802 420
59 70 3629 268
59 23 14861 300
59 44 18384 68
59 50 91044 140
59 75 39518 87
59 16 22195 61
59 78 24324 69
59 100 22434 65
59 12 16958 110
59 1 12118 40
59 38 24448 204
59 63 12453 227
59 45 15780 333
59 30 22248 59
59 27 14754 261
59 22 16444 683
59 58 8248 118
59 41 9900 178
59 50 18071 493
59 68 7245 86
59 35 11913 501
59 39 38317 74
59 42 8271 136
59 50 7748 36
59 7 8683 212
59 81 5509 121
59 2 16028 163
59 5 77170 73
59 41 47859 97
59 65 125200 113
59 61 60355 54
59 45 12974 112
59 42 50925 347
59 52 11318 136
59 97 13605 187
59 74 20268 493
59 54 13017 1091
59 30 164254 430
59 86 28209 75
59 46 17972 413
59 81 26588 311
59 78 36667 337
59 62 23887 331
59 28 9789 188
59 10 90569 25
59 95 95956 310
59 49 19243 207
59 80 12168 248
59 75 56860 396
59 13 111046 201
59 2 2808 50
59 71 3694 210
59 93 18010 76
59 10 10403 133
59 25 19181 64
59 38 10381 226
59 24 48696 972
59 34 13812 123
59 7 11698 75
59 92 86812 63
59 22 14301 259
59 74 110240 12
59 71 14024 118
59 56 21626 115
59 21 9061 671
59 85 19414 148
59 14 92442 238
59 14 19795 5
59 24 12114 418
59 40 11082 188
59 44 34424 108
59 22 38184 392
59 93 7821 285
98 8 11448 166
3 31 32498 90
29 4 2723 663
56 22 16796 869
91 41 26248 72
39 46 12188 113
58 59 26167 943
88 60 12943 533
94 62 3133 464
1 48 85331 581
26 61 5813 252
9 97 27773 11
49 9 21195 213
8 61 16011 172
94 44 35711 59
99 82 55844 212
48 33 31781 533
1 68 152185 65
34 80 25977 146
27 82 66159 99
72 99 10429 165
64 7 1352 247
82 50 4393 110
51 38 7691 60
84 34 6297 602
95 49 8328 76
83 2 7269 70
98 96 11158 56
12 42 20841 138
85 26 2655 101
20 39 3681 302
72 73 37163 50
24 64 2761 122
76 5 34108 142
17 70 6127 249
47 10 8875 192
28 29 12227 224
80 61 9046 8
89 11 8969 178
87 72 11520 56
89 10 21872 179
13 73 38243 173
46 85 231996 701
84 66 3133 28
90 87 24921 155
73 34 4572 35
38 23 11203 454
90 50 106753 71
24 16 29333 66
84 17 31045 78
13 71 5422 34
34 14 8430 228
1 10 20229 97
40 76 193084 94
17 94 21327 189
18 97 3442 419
91 71 35775 77
94 83 22034 46
23 49 10226 695
32 3 39142 216
47 88 12655 98
75 19 20023 65
3 94 30865 97
76 12 65245 237
65 27 8439 472
33 52 2427 7
4 31 71224 208
52 57 265138 763
18 36 58747 62
52 26 1836 783
38 79 131860 953
9 17 66281 595
30 16 2521 42
84 30 25569 743
65 91 14659 244
34 17 23220 37
99 79 16328 892
19 3 18732 55
90 15 6621 242
20 58 11418 300
29 92 35996 269
48 49 22890 298
66 51 11868 167
30 56 12693 192
97 51 28402 389
65 86 16136 536
12 43 36521 295
11 89 28886 245
52 19 57730 89
5 66 24725 248
6 56 11846 979
10 79 7612 98
34 81 28809 91
85 21 6997 194
13 91 12690 305
40 25 66890 106
32 12 46916 96
14 13 16072 194
56 61 59109 205
60 73 22512 186
55 56 7846 135
6 79 48963 170
55 47 25760 92
32 69 39725 119
72 96 24403 394
5 58 4914 204
7 55 2911 82
61 74 28334 40
91 29 28328 72
62 25 14633 96
48 52 12152 88
64 6 80207 406
46 83 196101 162
29 50 22328 72
84 39 21525 133
44 38 29179 30
58 94 13566 191
84 14 24028 43
45 26 15832 637
13 9 64913 123
65 81 135700 94
88 14 38022 53
69 53 7299 1567
99 71 3701 798
21 73 11110 634
7 17 6696 119
30 33 14971 97
77 39 48954 37
18 11 17921 451
14 26 166018 89
15 12 9457 80
99 34 11544 352
36 99 17645 804
95 40 48720 315
87 47 25721 695
18 86 22745 461
5 36 69586 278
62 53 12808 236
45 85 31987 31
95 25 49807 232
74 19 13223 411
36 2 21183 197
81 33 23051 334
12 75 792107 467
6 26 79790 506
11 36 14644 42
80 31 20717 255
41 69 10097 237
53 37 7277 864
4 55 7404 84
48 81 27599 432
51 14 1882 121
49 87 8605 66
62 11 33980 18
46 1 17254 51
89 86 72267 331
39 77 26678 443
49 33 30077 117
99 86 90719 361
13 44 14687 114
31 91 16629 192
30 1 29324 346
44 79 128543 16
99 53 10086 42
38 27 106974 139
19 26 17149 144
79 58 25216 187
72 11 14626 241
43 24 69254 301
12 60 63607 123
90 35 44277 125
29 2 9515 60
98 22 40627 221
20 21 123620 116
50 11 8778 691
67 48 77220 732
63 95 3356 545
97 73 39055 1931
80 5 7839 349
53 48 12221 82
48 45 5321 19
67 2 7775 166
92 57 41440 181
41 43 109490 277
70 78 12407 82
95 3 30630 124
70 12 49813 62
11 30 24683 95
32 33 2310 592
96 34 108607 97
86 3 16644 329
80 22 13650 116
84 75 33852 40
42 59 63870 66
30 9 49464 73
86 70 6913 641
38 73 52477 40
79 40 16461 32
92 26 13749 217
62 79 9383 188
94 21 43531 400
98 92 15817 303
47 94 15459 26
28 55 19090 100
78 44 9147 39
59 9 57687 135
26 46 91017 87
76 13 16245 245
26 93 17188 404
24 20 5689 91
12 96 33744 182
52 69 7161 162
22 86 16341 125
42 46 50898 516
10 90 15358 64
80 63 14913 82
29 83 42638 106
19 75 6617 128
79 91 37252 70
67 87 3186 124
85 80 7734 647
33 5 74926 771
86 93 4834 54
52 91 56532 90
90 67 9655 101
56 89 15616 186
41 32 53416 561
34 58 5753 34
12 78 25225 129
82 95 21123 529
39 17 18744 725
44 53 40313 20
66 50 18932 245
72 61 6022 57
59 18 36691 35
19 87 56174 53
96 44 18636 236
43 34 1764 57
52 88 26963 121
49 65 14020 444
50 20 142082 930
79 70 16373 216
64 9 5095 377
75 73 610860 948
85 95 177396 587
29 64 6064 228
95 83 13914 810
24 31 6104 982
6 83 6085 22
90 62 335755 495
20 96 55859 252
61 31 18264 173
33 97 26759 190
80 27 12991 435
73 17 12466 57
24 53 14205 40
63 86 7011 38
85 1 9549 31
22 93 10412 40
86 94 15776 97
33 26 54998 949
96 90 34435 144
1 40 17752 19
43 70 15278 250
2 9 49439 37
15 40 154900 59
49 29 41810 101
87 75 39776 154
91 83 27069 172
47 3 19352 165
50 71 9620 63
39 25 9828 256
18 54 5666 119
91 93 58165 426
16 39 2745 144
82 10 33432 16
92 78 5825 112
6 29 9860 799
13 40 10723 431
56 62 11511 49
69 20 12246 56
14 97 7250 121
29 98 85150 550
13 88 27995 620
3 69 13592 277
64 26 15549 136
18 59 45975 100
83 80 7131 654
71 78 17619 237
52 56 15915 104
46 30 244472 180
52 64 54628 112
90 13 52732 951
74 8 42481 90
33 80 38448 268
5 29 12095 357
94 55 31538 546
19 24 15434 353
42 41 29617 111
36 62 7272 195
46 29 2198 89
37 30 42321 498
84 60 3819 146
18 47 36773 335
67 4 20658 144
51 46 18122 251
23 47 17805 377
9 55 27753 642
56 5 14614 34
90 19 23238 809
42 14 15525 589
32 51 10877 38
27 96 42285 140
17 63 11913 86
95 60 98089 260
52 92 49034 479
57 59 5859 138
11 24 52496 284
74 7 30352 115
47 6 10387 123
76 92 25838 153
6 100 36552 73
43 100 54528 719
53 42 45037 160
97 26 40558 844
90 10 9601 337
57 75 249138 135
16 1 16573 162
38 51 8180 188
95 73 30187 169
73 2 43793 156
31 9 4108 485
34 72 116693 329
30 42 53666 98
53 7 63239 65
49 7 13206 148
100 77 19109 227
26 66 34911 76
50 85 45547 135
24 50 22658 98
83 48 17674 165
88 11 10978 257
60 48 10170 170
27 83 76246 103
20 42 6058 112
76 39 5063 193
58 8 101043 353
52 13 19144 760
77 68 52840 249
99 40 10951 215
95 77 15641 107
4 78 26895 141
44 60 19518 148
80 21 18010 459
47 36 35626 417
93 6 26741 127
93 61 21168 173
90 8 8029 120
20 91 8953 181
8 38 21517 137
28 4 13858 200
7 47 208490 328
9 56 8656 105
91 19 34415 61
4 10 18200 17
48 60 38952 106
23 78 39715 169
67 86 100545 36
25 61 14043 45
27 34 20487 22
72 39 13403 31
70 66 44435 64
37 55 6506 90
69 74 40302 219
73 85 51356 353
17 49 4024 168
74 30 77569 466
91 5 6295 900
7 36 45079 280
8 71 5302 103
57 29 30411 70
81 38 12814 235
6 74 41480 157
69 54 60083 272
100 24 19066 33
34 28 1304 168
56 21 23608 452
66 44 39512 391
60 51 53482 35
93 80 38351 36
73 29 93333 369
54 99 25546 1710
59 20 22182 95
65 18 6828 1019
33 89 47170 131
56 60 4206 189
90 56 7573 955
4 63 33560 482
73 39 57484 550
66 56 14333 43
59 306
90 44
52 80
26 213
39 660
86 79

7293316
