100 499 3 3
29 72 22883 350
29 78 25154 100
29 71 14880 129
29 67 4827 140
29 48 6652 96
29 8 5084 153
29 87 12556 56
29 12 35926 475
29 5 8549 82
29 9 12636 204
29 90 5571 182
29 23 17687 52
29 26 17211 30
29 57 40972 87
29 47 70493 90
29 19 6599 99
29 49 9708 334
29 22 6953 679
29 35 24495 70
29 84 44792 452
29 27 19081 15
29 46 7940 231
29 79 8674 157
29 39 54569 93
29 20 22317 280
29 6 62946 66
29 15 10783 132
29 44 19805 365
29 1 38626 235
29 53 6721 72
29 24 3419 54
29 32 41931 21
29 45 21181 22
29 63 134849 228
29 65 5602 150
29 4 24138 82
29 54 24000 261
29 3 42233 112
29 77 18745 124
29 93 19877 276
29 38 19724 543
29 50 10927 390
29 86 157501 250
29 55 273772 200
29 91 94284 67
29 59 88652 293
29 31 10011 85
29 85 26804 88
29 17 7815 333
29 69 63907 161
29 98 2727 498
29 75 59469 403
29 58 14089 230
29 36 22922 173
29 16 25680 95
29 37 12972 39
29 7 65631 771
29 97 16399 199
29 68 12644 87
29 62 10904 124
29 33 3587 148
29 80 89544 216
29 14 9649 189
29 61 33499 75
29 60 18092 284
29 40 6682 181
29 64 21513 155
29 74 36082 905
29 30 161288 109
29 42 26311 561
29 11 36404 45
29 41 184045 119
29 51 20289 59
29 28 8961 53
29 34 10730 77
29 10 17593 31
29 88 29029 19
29 25 45306 258
29 96 10476 115
29 21 33090 244
29 95 19032 124
29 81 5568 411
29 99 18743 297
29 89 77833 57
29 73 11088 39
29 70 64318 21
29 82 8119 222
29 76 19541 74
29 18 22663 205
29 83 53207 39
29 56 37457 44
29 66 53676 28
29 43 20665 342
29 52 349914 475
29 100 24471 70
29 94 20281 53
29 92 60728 21
29 13 45574 528
29 2 20486 294
19 45 34577 421
32 60 12619 321
11 47 61330 205
82 17 70225 86
58 4 6096 2188
57 96 17677 64
99 6 10836 206
88 59 9515 388
12 85 35616 592
12 21 78399 51
46 47 23546 53
68 66 114757 128
48 18 13360 316
36 74 65110 190
45 83 51114 479
6 46 18405 329
40 87 17013 347
34 97 7188 81
18 42 8248 64
95 35 47313 2312
100 46 22143 179
59 8 23132 97
89 25 62988 516
75 7 11116 578
59 52 9789 40
57 47 5131 361
59 65 38985 47
84 28 68762 178
28 95 19954 1587
93 44 27526 297
72 64 58077 42
26 39 13353 1943
7 20 37238 124
79 88 39310 147
51 14 85202 836
39 20 82193 569
82 2 17471 90
63 98 135533 79
86 2 18616 72
19 61 12881 89
67 10 23648 101
23 22 1381 153
84 59 83613 82
18 16 11884 440
47 11 7553 209
57 3 3962 118
89 22 23165 190
94 62 16375 129
43 10 12466 64
99 53 36212 193
56 29 236049 274
9 3 17136 27
3 16 137898 370
21 41 20355 90
72 13 22752 953
93 99 24468 109
10 79 61678 493
64 72 4778 102
85 21 2770 722
15 84 19995 6
17 91 23559 219
81 3 34205 241
85 68 113811 144
18 91 36126 108
89 63 3102 82
62 36 33754 707
33 49 10920 60
99 65 49721 332
14 39 12472 89
90 30 59356 235
15 52 17294 115
6 75 30326 520
73 51 30496 609
42 63 6195 800
85 41 7661 137
64 8 63757 136
12 48 49875 312
42 16 59329 238
56 83 99488 67
73 94 12826 142
57 31 24781 293
31 97 6849 839
13 91 8177 115
18 15 9189 24
74 86 182205 35
7 16 14163 89
76 52 48865 117
52 39 37435 146
68 71 5843 349
52 59 6950 37
17 44 37494 50
15 62 7468 169
35 26 25093 294
33 12 17318 65
46 20 14942 174
7 68 62793 264
55 85 38006 252
21 88 32488 237
90 49 14543 210
15 73 10796 117
90 60 24388 231
100 22 3067 148
73 52 6592 68
52 70 23273 58
44 86 4451 144
45 22 6501 117
83 69 15745 42
86 33 28058 430
56 73 133640 489
34 2 95065 69
60 18 13412 454
86 21 18176 28
62 46 146959 22
66 41 71955 115
61 100 8499 111
64 11 80813 430
70 55 22467 12
46 63 24851 280
7 39 39152 274
24 94 4232 118
26 29 33222 55
24 60 19351 196
95 14 39786 56
23 41 86920 594
91 72 50832 215
50 37 28774 219
66 83 141606 48
36 51 10757 89
77 66 44461 317
97 34 9597 77
15 43 96591 359
10 46 17182 80
52 10 6220 189
59 51 15422 12
6 95 117498 74
66 68 20350 55
31 42 18243 114
24 48 2114 182
13 82 41638 349
62 25 15227 45
34 86 29780 66
52 51 12790 53
27 92 2692 112
58 39 10405 76
80 54 21701 24
40 93 2494 24
2 24 37142 117
55 69 10739 376
24 67 31563 865
94 100 6689 1273
31 22 66582 454
97 47 49572 181
27 70 9697 39
22 72 5983 63
40 78 60496 162
83 5 8705 240
53 82 140128 703
18 24 10305 79
91 45 5110 503
6 67 17220 743
77 51 66719 119
94 90 27860 261
25 36 2241 211
22 48 14460 389
75 83 69769 730
24 86 17852 81
49 13 25494 165
7 64 22347 65
79 83 23964 302
52 99 30704 148
25 6 4535 67
40 15 9615 450
35 54 13920 265
71 60 9041 130
90 9 6797 2108
45 92 40159 57
44 63 26246 155
37 1 119722 449
13 12 23006 76
33 90 34482 94
81 68 19924 127
76 35 35230 69
90 97 58121 216
100 18 71557 143
99 12 8546 95
73 99 8871 722
65 75 22284 815
89 39 15175 226
74 18 17351 201
75 82 4224 58
5 76 53592 274
14 17 6825 119
95 59 68376 263
18 80 35759 100
90 67 4613 148
6 42 42140 25
94 33 24165 631
93 11 25568 443
11 100 178664 40
72 21 27782 223
66 85 9771 51
52 11 24781 701
52 97 37036 706
82 42 48989 103
81 38 115491 120
92 84 44664 129
54 23 7493 58
77 90 16390 105
98 5 28219 82
66 63 4586 846
3 33 165915 64
78 43 18393 41
80 16 37894 213
24 43 13653 96
97 94 35142 797
73 98 18279 166
23 56 24230 126
27 60 12550 52
24 39 5981 48
51 1 77548 1108
36 88 26114 78
25 2 175555 694
46 71 11742 79
47 43 28317 81
57 6 11591 288
24 11 23268 183
35 59 126242 355
32 94 9179 997
98 23 55093 163
34 16 63708 1241
87 53 20176 766
92 7 5704 241
55 12 22734 256
86 17 26964 612
67 45 30716 137
15 37 10198 102
91 66 94541 232
90 26 117729 180
48 73 18181 254
57 11 40602 175
87 57 181533 59
52 20 31636 863
62 77 60115 242
38 58 26524 41
78 88 20156 72
95 28 11524 63
42 68 6075 458
17 48 24002 520
88 97 32541 188
68 19 10548 37
97 59 127097 717
83 14 7846 1822
81 27 2846 33
46 36 16008 33
89 9 12837 201
19 24 201953 46
74 57 60678 116
1 4 10256 158
81 78 23020 24
7 22 36007 82
96 53 46422 172
36 57 18307 44
54 46 9644 47
91 58 11603 541
44 49 134834 87
3 5 12954 47
41 53 69226 388
62 33 263980 587
40 70 32179 139
94 91 41017 140
20 74 20816 217
86 78 19432 85
71 88 22954 215
3 85 158947 358
72 61 51622 86
68 13 13002 239
57 69 16088 340
52 28 16046 45
28 55 18576 155
96 46 62039 1002
100 17 12645 235
55 8 92740 209
71 44 5023 55
40 73 2066 49
54 18 18937 305
6 58 6949 175
83 12 7185 199
96 71 10729 158
20 35 78205 136
44 61 19188 517
54 68 80690 145
11 83 15918 145
58 96 7774 135
20 97 84797 127
11 49 20599 211
73 2 76906 107
34 76 25565 206
37 76 3504 183
81 84 35153 299
38 73 32286 167
60 22 98209 48
24 74 22816 108
65 99 30851 393
86 34 16289 90
3 30 198326 404
66 100 55887 187
82 55 30674 449
44 17 17591 253
51 78 15194 119
94 45 16882 37
81 16 24760 75
68 50 10088 262
26 27 18013 59
72 83 3898 180
71 18 12276 93
58 97 3195 239
2 81 12287 677
30 31 22576 613
57 9 52475 759
70 25 12032 787
89 79 22567 154
27 46 109006 463
51 37 55117 40
64 61 57445 121
33 60 47245 721
67 33 34457 49
52 93 99470 86
19 67 35514 89
94 72 172877 72
43 26 5015 67
55 60 37399 76
68 89 8635 495
18 76 24875 155
55 23 21317 55
26 36 49339 588
71 43 7064 103
53 85 6031 317
58 76 28347 168
45 33 4603 182
8 28 13997 330
77 71 22120 326
100 94 4730 262
12 9 23541 206
53 44 15781 130
25 98 24700 352
74 55 121485 127
12 15 26467 464
62 87 13786 96
49 66 27826 184
31 30 14249 232
32 34 6237 46
82 87 106467 45
67 6 66740 775
11 31 6971 95
58 18 1617 60
5 28 51427 159
30 18 10300 113
44 1 48912 144
99 15 13541 819
65 63 8311 74
38 96 62140 87
62 24 81842 115
17 85 9155 318
64 31 15930 50
83 15 22055 111
2 5 17019 160
40 8 26151 226
61 95 10513 30
76 36 6227 10
24 65 58647 437
51 36 9566 58
38 85 67240 137
59 55 36267 294
93 100 4425 51
51 29 6332 201
70 43 132141 104
20 34 45423 256
33 70 33515 187
69 87 88846 40
100 24 18792 76
90 51 19675 86
51 41 6471 157
21 39 60291 47
84 21 47929 407
64 27 24144 100
21 49 9779 155
88 11 16585 87
92 15 18314 621
80 5 113012 183
93 87 14918 500
78 19 73215 149
89 49 16088 189
39 80 5397 176
86 73 2510 26
72 78 19928 2323
44 92 14444 396
55 88 15224 179
40 71 32452 76
59 67 14869 389
71 34 8916 125
29 495
52 297
24 60
39 124
18 600
97 76

21271407
