100 499 3 3
4 83 17792 252
4 21 80708 115
4 94 3980 135
4 52 43708 249
4 44 6587 856
4 81 91896 335
4 51 120968 977
4 93 43996 116
4 23 51332 289
4 10 11151 207
4 11 7330 206
4 2 17150 24
4 73 17386 65
4 43 45936 92
4 27 41935 1913
4 59 27730 333
4 53 42372 120
4 38 39777 414
4 9 5114 749
4 79 33036 234
4 30 105057 111
4 18 5038 107
4 68 28330 123
4 57 47965 205
4 91 2980 274
4 7 6326 76
4 33 35266 548
4 62 14465 119
4 34 95925 91
4 61 34145 391
4 76 6204 398
4 67 15073 17
4 40 17490 59
4 95 23955 306
4 42 2756 264
4 82 79146 851
4 50 14741 417
4 46 136371 88
4 58 53627 85
4 28 58384 78
4 1 39442 84
4 13 26276 1941
4 56 12020 216
4 75 59638 99
4 80 18772 83
4 77 58129 329
4 86 58899 379
4 3 31914 120
4 90 10819 160
4 69 15002 198
4 89 19652 468
4 24 14368 84
4 6 13222 789
4 31 30536 192
4 48 35108 92
4 29 18677 79
4 49 28689 175
4 84 65317 204
4 20 11452 77
4 5 25404 34
4 87 7284 42
4 60 18880 55
4 74 46585 36
4 71 72263 101
4 85 33637 158
4 96 62567 220
4 65 9637 107
4 88 13058 1199
4 99 131039 274
4 100 14649 107
4 63 12635 557
4 22 89720 317
4 98 14586 341
4 66 5347 443
4 45 7815 167
4 54 28485 164
4 37 58709 145
4 41 20995 73
4 17 4234 280
4 64 51571 32
4 35 27000 12
4 39 170513 119
4 26 24504 191
4 14 34057 501
4 12 22103 222
4 15 32443 21
4 16 12791 1306
4 25 8731 127
4 55 14172 267
4 36 81146 92
4 19 44646 283
4 32 13086 153
4 70 71542 138
4 92 15932 73
4 78 97897 75
4 8 18098 129
4 47 122916 24
4 97 90679 94
4 72 14542 118
66 13 84434 151
39 64 5353 265
26 2 123451 98
20 9 24723 640
24 19 19681 307
28 74 25715 14
17 74 35354 616
10 33 4822 155
47 42 109797 68
35 59 10551 278
95 89 10011 190
82 57 4849 165
39 60 13403 133
9 42 4337 251
69 32 48402 425
53 1 5858 726
29 94 87694 473
72 11 7709 188
97 17 19349 58
75 32 55049 71
13 18 27589 301
7 90 104947 52
28 56 36427 39
24 79 18263 48
39 19 46698 251
70 1 17058 162
6 81 10489 53
34 63 3179 231
46 81 18781 288
19 57 29066 198
73 38 79950 431
75 17 18465 139
10 40 26157 250
29 3 774346 97
52 75 6217 92
77 99 55228 121
43 52 113855 91
88 53 6605 154
13 65 30608 123
82 2 15804 19
23 30 26170 362
98 76 16190 80
29 51 67177 106
24 13 24550 291
41 85 13272 95
14 62 7773 614
28 25 11679 467
12 31 19436 113
68 35 24019 65
100 64 107720 178
69 14 33744 65
33 99 18318 566
99 93 5144 157
50 76 44329 34
99 76 33834 402
23 15 15857 64
1 4 43359 72
78 66 11857 13
95 99 6617 291
15 99 34593 299
96 27 23588 905
38 3 18837 267
94 63 6915 37
71 3 30756 418
37 81 11103 145
21 83 10252 32
55 85 30499 231
78 98 5245 149
72 1 26298 357
83 68 20964 84
70 94 132936 146
75 67 18405 47
66 67 4987 914
46 54 37451 88
43 22 109580 44
59 68 24855 104
24 43 20182 214
80 10 23512 356
77 36 27564 110
1 90 3741 160
8 50 28817 132
56 84 57688 62
18 61 14316 144
73 87 4728 139
79 42 23400 52
54 100 84091 63
53 94 27349 55
84 13 68588 150
24 56 150798 283
50 44 13412 90
8 78 25655 1404
45 73 13426 296
69 19 10113 793
98 93 30178 284
96 30 20603 359
61 51 27000 64
59 7 22516 174
65 47 21246 40
33 18 6234 682
81 25 35649 85
57 3 24303 1795
55 49 24255 206
60 33 225697 72
2 88 31865 230
60 51 24148 48
54 45 27309 233
12 72 6590 28
9 27 44562 38
29 45 23086 95
75 35 23185 173
90 61 51227 428
76 46 45436 292
74 52 33892 140
65 22 43081 47
61 74 113138 323
97 3 6624 13
82 67 9490 59
5 45 23144 344
91 49 7914 157
80 9 13623 71
30 14 5308 78
7 22 109604 767
76 20 141622 377
11 79 52357 273
53 50 7795 317
54 80 25428 1439
29 62 20449 149
18 81 43045 118
94 70 13566 84
78 75 20032 334
13 97 31190 210
40 3 13748 92
13 26 18298 46
6 28 25671 300
39 67 14282 60
76 34 22197 59
47 88 44024 63
38 97 21743 717
73 60 32576 234
89 60 12857 281
31 62 116694 164
94 74 17989 302
23 32 77106 65
90 13 10371 131
89 13 42505 131
56 54 40905 59
58 98 29837 63
48 45 56473 60
46 86 20736 127
83 82 195406 337
2 53 19134 376
59 33 11221 549
77 37 24940 215
76 88 18739 181
26 70 75185 97
47 73 8890 716
28 23 9456 168
12 59 31717 344
58 90 24164 400
31 84 33019 208
47 69 2770 53
96 41 41833 41
2 100 31502 170
86 33 79352 32
88 51 9099 18
18 53 99873 118
16 81 20896 193
63 91 29784 164
92 34 28982 40
16 49 42199 124
100 68 19418 117
82 63 9987 109
5 21 22794 92
86 67 10727 364
56 27 2891 232
79 44 23597 450
96 70 31120 342
15 46 17445 193
69 13 68168 513
50 28 61574 1569
17 10 26529 43
7 60 17079 228
23 94 14505 24
29 5 61123 73
61 35 34459 81
36 15 55736 13
11 46 23129 132
90 37 16748 70
79 38 10867 14
26 59 20254 101
85 41 28563 65
97 5 44415 211
87 93 92009 105
83 64 528 95
58 52 22672 355
75 78 53876 278
29 81 75728 36
69 33 1325 123
59 31 13359 319
15 7 10362 173
20 29 20972 616
48 23 3349 482
92 24 10533 67
82 25 25149 76
96 68 18224 26
89 98 24278 70
28 88 31140 210
49 26 8813 131
42 84 91369 292
81 4 73489 15
10 91 59439 383
18 45 28105 101
47 40 6327 485
3 40 18558 132
64 17 40228 27
73 99 24189 61
19 5 38807 58
45 61 11747 98
33 69 16226 63
9 25 15560 158
67 94 48071 187
79 89 6863 149
71 86 23595 81
63 17 2241 149
8 7 15011 144
60 73 19435 118
29 10 49836 120
99 63 30202 67
92 39 37730 868
52 71 27513 312
18 37 2791 888
61 33 131521 100
79 22 150938 60
49 32 16631 106
33 71 10205 81
2 4 8755 231
6 65 86219 305
90 10 22048 130
87 100 23189 53
12 3 8397 188
34 1 24409 860
63 66 29581 884
76 77 25568 49
35 77 13834 41
56 12 6687 69
36 65 10075 156
36 57 13067 22
28 52 24914 255
1 57 23212 29
80 50 14081 98
17 93 11101 148
78 100 136146 88
49 34 20361 105
42 9 43689 175
66 63 27095 173
94 71 7696 186
86 89 14805 486
69 61 5752 238
79 6 9611 196
90 74 9961 364
62 11 6805 165
39 31 4094 533
45 76 66384 341
22 89 46965 132
99 10 17382 928
99 27 51873 367
51 38 10279 47
1 45 26345 621
64 65 4027 48
28 29 2959 114
7 45 17014 193
60 42 44260 163
97 84 18045 63
71 14 28857 485
70 66 64537 2187
25 37 20579 391
17 9 7492 174
67 48 23511 255
74 49 130873 94
79 11 16501 211
86 2 13006 148
72 9 60792 306
69 94 29441 217
66 30 31253 468
57 91 26647 379
31 14 33040 118
9 87 19912 91
27 54 26958 107
69 16 9774 277
13 83 14910 40
19 17 160415 30
91 64 30585 15
69 79 10659 115
64 57 32385 86
20 5 5928 143
66 6 6727 301
28 12 19671 137
92 2 93127 257
89 87 22803 77
11 99 12910 81
68 96 18095 137
63 37 3179 452
44 59 17567 396
6 25 34301 89
81 22 7509 187
17 29 3157 27
9 74 21674 254
60 40 22453 30
96 16 10245 148
56 85 14959 131
60 80 22242 77
28 84 60398 601
76 41 37345 139
99 6 9424 556
38 92 139341 110
29 77 1840 106
97 85 21881 96
97 66 34160 113
74 53 6974 164
50 16 9246 46
75 2 7202 395
20 14 26321 211
11 14 42677 106
53 40 15640 135
16 66 27274 180
52 82 122321 98
26 46 40980 149
10 66 16078 79
60 76 10182 55
87 9 47415 70
20 7 2734 155
23 72 29063 79
30 16 56226 16
94 14 75280 97
31 67 73370 72
63 38 27049 138
3 17 5852 505
65 19 111431 184
17 98 19606 474
45 39 49498 243
41 8 14259 207
100 36 12603 238
47 91 10777 73
36 64 22132 633
35 2 11847 26
33 83 103677 117
12 45 51964 135
5 93 45290 608
52 46 113227 368
66 15 5423 301
38 75 11111 160
72 27 30485 93
83 65 6621 57
53 64 70904 338
35 9 14321 94
47 70 57304 25
13 93 19788 296
35 43 40793 102
24 45 72971 88
17 39 3771 39
3 94 14290 103
26 27 123233 91
58 8 16198 43
10 32 37862 110
86 4 15815 167
97 96 71417 93
30 8 28466 106
2 29 13789 195
40 12 15951 35
88 56 16049 136
100 69 5467 19
31 43 100226 147
72 26 27945 64
80 87 192666 164
92 97 25499 917
52 28 47227 190
11 55 8913 171
1 83 18479 66
99 40 108714 92
87 92 12832 187
11 93 53685 32
86 7 19143 260
78 23 16096 165
61 73 34576 524
12 79 40363 37
30 11 109085 135
9 41 17273 106
9 47 2734 140
66 33 11306 218
33 40 6644 69
100 93 36377 274
64 34 5007 508
96 45 86242 78
19 63 26240 364
43 81 38587 2250
25 45 2220 284
12 30 10081 280
33 13 4138 15
18 94 13439 168
74 30 52116 180
4 2376
69 486
29 27
45 81
94 343
93 634

25909822
