100 499 3 3
98 1 70018 42
98 81 25814 181
98 24 8043 85
98 84 93587 110
98 90 73441 1134
98 48 24930 115
98 96 35776 117
98 52 61995 45
98 53 4135 91
98 25 31822 40
98 71 18014 147
98 51 7589 66
98 40 89167 46
98 14 93654 257
98 76 20156 85
98 72 4778 214
98 15 26563 198
98 2 47823 111
98 34 11385 262
98 62 41060 171
98 31 14181 324
98 30 17225 169
98 6 94061 63
98 32 13986 93
98 23 11094 335
98 86 9557 55
98 50 3875 243
98 12 19886 660
98 16 25146 68
98 85 46877 40
98 93 15350 69
98 9 30085 51
98 5 15074 257
98 66 15083 57
98 97 238491 887
98 45 36274 93
98 49 21693 201
98 82 9411 132
98 67 36638 149
98 20 46385 67
98 91 24235 331
98 21 23948 58
98 26 13652 82
98 28 12894 449
98 99 56688 254
98 27 116850 82
98 4 6286 88
98 35 8213 293
98 44 9923 781
98 56 22767 34
98 55 15022 109
98 79 75868 496
98 54 5697 520
98 22 414194 168
98 39 20219 413
98 7 24864 685
98 3 57033 109
98 59 40963 52
98 38 28287 294
98 87 12863 176
98 41 18567 283
98 89 29031 60
98 95 92398 850
98 77 10120 35
98 46 13015 28
98 74 85829 92
98 17 5090 895
98 94 19428 33
98 43 23451 80
98 58 60692 61
98 63 30764 193
98 83 34777 250
98 69 10770 82
98 11 10061 112
98 70 26588 317
98 42 16896 183
98 61 12814 84
98 18 86047 179
98 80 21148 17
98 47 73531 416
98 92 18476 154
98 60 33638 649
98 13 83412 124
98 57 13065 827
98 37 45963 118
98 65 12561 50
98 100 8393 157
98 36 45604 1839
98 64 31176 26
98 10 80923 169
98 68 9107 233
98 33 21857 268
98 19 5853 107
98 8 16195 378
98 29 13665 112
98 78 6895 246
98 88 17249 251
98 73 65611 62
98 75 94295 22
30 57 12001 648
8 32 113617 267
92 70 28387 268
86 12 47820 1171
80 19 6857 72
79 100 46778 261
46 23 34715 312
4 95 19431 392
7 27 21321 22
14 76 23986 429
58 27 44967 74
69 10 16831 259
92 85 1618 36
7 15 19473 324
45 96 32593 180
47 37 50606 65
87 61 17451 97
31 4 33297 120
92 41 90482 381
46 87 16150 183
73 74 8640 92
10 3 2964 255
51 63 29798 147
66 55 42211 238
58 82 3958 64
59 5 2364 186
22 56 8424 229
83 37 31126 469
65 30 44054 398
7 42 4461 64
90 75 30782 196
33 90 25662 167
58 16 62827 341
97 34 12092 208
29 33 19077 25
41 39 134716 481
81 17 19044 41
21 30 6094 63
24 78 4289 373
94 32 10598 11
97 36 13951 133
28 88 5572 642
86 77 7066 68
97 51 23583 170
69 37 27800 39
18 15 47281 205
34 1 17911 366
78 25 132963 216
55 65 2489 222
57 31 15694 118
12 38 28553 654
67 9 30976 85
81 73 24771 280
89 34 40728 725
51 46 19762 78
66 91 13851 566
35 75 49070 93
21 43 46042 113
55 28 2285 213
67 7 28248 3029
35 57 15341 27
9 1 22529 137
10 97 40306 110
96 82 12563 334
65 80 94494 1382
69 66 243911 101
71 9 119052 20
65 34 21131 184
86 95 4549 82
67 16 8964 224
38 26 3169 40
25 95 45071 50
22 83 52405 239
36 60 54312 499
35 73 9858 107
61 57 87929 97
18 5 14746 150
70 64 19152 350
78 38 25747 216
11 99 12602 363
71 19 14817 28
30 82 82646 230
53 83 6156 593
38 66 20806 180
39 90 3276 343
10 21 40420 39
42 53 30026 291
85 75 48165 103
72 89 6370 24
41 75 35246 97
57 91 18961 301
57 98 32869 265
39 78 35138 138
42 11 37909 171
55 57 102676 169
77 33 27667 181
88 29 7723 156
52 59 21489 221
88 48 8020 477
87 76 5464 79
17 5 15290 81
99 100 64190 106
60 24 95920 256
92 80 118458 19
60 29 2377 195
55 26 17903 876
10 39 69374 67
58 20 24707 297
34 51 44011 8516
77 43 19857 107
94 34 21490 79
57 67 12335 195
42 99 25297 160
45 73 18767 102
91 8 40623 177
81 96 16987 182
46 73 17972 88
72 33 19455 143
55 99 44517 92
18 14 11543 2122
63 88 35591 626
87 66 13187 238
70 59 125803 203
73 82 22847 352
7 9 26534 88
41 62 19848 84
34 33 13266 49
91 38 17874 102
14 91 5723 130
53 65 11399 163
32 17 10787 51
11 29 9701 118
26 22 55620 214
63 37 39223 324
3 39 29235 803
32 46 64444 87
35 30 11573 630
53 48 14937 106
76 66 45939 141
6 62 76740 107
91 50 35540 37
20 95 16560 69
68 24 26412 105
24 8 23812 518
28 81 5473 149
34 55 82470 68
69 30 8874 211
99 24 71181 116
95 84 5759 124
43 97 148314 147
8 11 211376 126
63 34 49172 74
96 81 21802 148
56 52 141826 790
69 16 41323 206
58 63 15830 232
37 22 7059 829
6 85 18339 97
29 81 38665 200
37 26 15579 18
47 53 6066 947
9 96 25067 639
37 83 13326 89
37 14 117641 338
14 87 205202 141
81 93 39900 589
6 23 6034 602
45 15 1583 130
100 4 22777 181
68 97 39697 175
1 18 15658 767
50 45 13554 45
31 94 103294 247
88 6 54306 108
33 30 2029 36
25 43 22434 96
8 5 35736 58
57 2 25545 312
50 34 62118 12
23 77 3148 425
85 91 19220 23
32 55 58578 187
60 54 29124 349
73 45 25162 754
12 64 11576 1145
75 77 54480 76
59 75 49528 183
74 7 57830 3542
26 100 67103 597
4 5 12472 42
1 24 28251 215
17 86 38615 775
95 79 16071 90
7 91 13019 146
26 4 2336 186
44 67 14088 150
90 25 50928 56
60 87 40215 124
2 10 86439 214
81 31 12302 199
16 48 8911 1446
56 14 5656 214
63 59 36956 668
10 53 59216 274
81 10 34271 67
30 44 10881 423
12 73 50758 55
59 97 21714 64
21 14 6194 24
42 1 8306 653
20 59 93746 41
61 16 4754 75
66 53 32830 71
47 40 32138 63
83 66 37664 192
21 81 25100 217
36 2 78501 188
60 36 40954 445
67 12 24827 39
93 43 24330 58
8 37 37386 192
35 29 12854 128
30 87 14863 111
99 8 8450 85
40 76 14661 899
49 77 19487 56
15 41 137690 306
50 29 10020 40
99 15 19540 304
29 49 1663 407
36 8 10316 190
55 2 1344 96
84 49 77875 766
40 79 10951 212
96 9 11005 241
95 27 6837 156
97 78 31442 380
50 9 94637 58
85 61 85792 339
59 38 6949 51
29 74 16988 52
5 48 74338 289
70 29 205145 158
26 53 32197 154
67 77 22807 194
17 48 37394 1333
29 5 5063 701
56 5 7349 193
53 49 19041 294
78 62 40979 158
67 80 28627 96
88 43 80335 188
95 19 8149 87
18 43 14429 99
30 8 24053 201
78 18 6638 131
21 60 40611 125
74 63 6116 183
36 70 132212 92
45 10 8477 594
1 33 477824 180
26 37 225049 79
57 41 24907 104
90 34 52410 41
20 82 4159 104
46 3 151281 259
24 58 9189 163
68 99 38200 120
69 85 9867 531
54 28 9925 190
86 10 36802 96
85 53 42786 1226
47 48 11012 199
100 38 10315 25
85 84 22723 145
100 3 49371 100
57 49 11637 428
28 57 25680 180
2 4 22345 419
77 95 3234 92
73 29 4437 34
48 42 4812 112
60 89 73181 56
50 10 62400 90
71 14 82417 415
99 89 21103 427
29 95 50734 726
20 83 29626 183
69 25 12067 22
30 81 57036 215
87 5 7419 431
86 4 12881 43
78 73 29254 288
6 61 26335 44
66 5 15022 124
97 59 30764 457
47 74 21088 175
92 66 6362 234
47 84 80160 124
48 72 56783 307
97 98 11028 40
57 65 24665 77
86 44 12279 160
39 43 40540 87
12 25 8687 60
1 26 74003 284
2 80 93286 40
51 20 5911 46
15 4 59982 207
5 58 15622 392
57 27 32519 96
68 52 23065 140
64 46 11566 46
99 25 78898 370
40 47 28927 309
85 78 14305 131
7 97 109047 109
65 6 12546 459
68 12 8365 206
37 41 118083 64
54 71 12104 156
81 20 137863 101
24 100 34259 34
69 23 33285 162
81 5 64033 426
78 23 54434 383
48 91 21999 72
57 46 59146 47
55 43 16001 217
47 67 12521 138
69 61 14210 270
81 32 57922 101
69 100 14971 71
2 40 12890 174
24 67 15829 133
17 49 20717 83
12 10 10251 419
24 64 59526 177
63 20 7219 117
63 77 72050 117
4 73 51177 37
34 67 39158 57
46 58 23977 78
84 33 27399 127
6 32 10590 30
78 2 104803 296
28 77 40641 276
7 38 9854 88
26 43 59364 302
8 28 7310 7
23 12 12499 357
5 78 48736 233
60 64 7644 561
24 82 24982 601
91 7 10659 171
54 83 9733 78
61 58 5131 159
35 51 17303 258
77 42 40485 152
90 94 32717 496
80 62 13907 782
59 36 26014 254
97 14 5636 104
81 55 2004 364
99 53 36520 347
21 10 1931 209
35 7 39061 198
93 61 6339 146
22 89 143603 26
36 43 33038 29
87 31 14807 52
5 8 32754 141
81 21 4390 448
38 96 5743 610
91 39 40896 980
32 22 39059 428
79 10 8113 109
73 10 38231 54
40 9 18259 357
5 59 40686 113
72 6 20400 362
100 49 12943 187
21 63 74209 116
21 37 29185 80
7 89 44969 590
17 65 25339 25
33 94 22517 378
97 85 18419 578
51 30 22983 217
39 4 24624 62
94 20 68502 62
37 47 13664 58
60 57 6111 77
37 79 24560 168
8 99 12002 536
93 30 62706 451
76 33 11879 150
27 43 4208 79
62 17 19073 149
58 55 32342 72
98 594
81 55
69 180
43 544
10 100
5 80

17994767
