100 499 3 3
87 40 17502 441
87 31 51420 2172
87 76 7820 269
87 23 20960 44
87 72 9102 696
87 71 27507 40
87 84 31425 856
87 21 4169 79
87 39 50267 44
87 46 13153 70
87 99 12159 930
87 49 5362 237
87 59 13099 249
87 20 8927 303
87 10 111582 124
87 45 5621 708
87 79 15885 72
87 36 12193 110
87 68 73303 153
87 57 49768 233
87 8 41143 91
87 19 4060 63
87 75 10571 93
87 9 17532 147
87 14 14936 313
87 42 30747 92
87 2 5980 46
87 27 12804 143
87 38 25664 42
87 3 17019 67
87 53 12985 330
87 62 12759 374
87 6 24499 124
87 69 12800 602
87 28 8145 43
87 35 139104 142
87 73 73474 612
87 97 7378 212
87 94 9588 368
87 34 17064 327
87 60 15050 27
87 37 7103 257
87 85 4081 289
87 47 21922 268
87 41 24014 99
87 48 19564 35
87 56 11366 166
87 29 31207 112
87 89 110637 149
87 90 20702 275
87 88 101544 869
87 77 4137 132
87 22 8587 72
87 80 32571 154
87 92 38402 339
87 13 16298 213
87 15 9329 60
87 64 36905 126
87 67 3836 287
87 1 17718 260
87 78 13706 76
87 83 39083 29
87 33 34313 72
87 74 24177 77
87 65 2607 103
87 51 6167 169
87 93 6874 44
87 50 29423 166
87 58 115228 222
87 24 6528 677
87 25 55170 71
87 32 27508 227
87 43 55015 335
87 52 79049 39
87 11 27736 104
87 61 78118 304
87 81 6082 100
87 63 12344 629
87 54 66600 115
87 100 27662 106
87 70 23172 89
87 86 30783 44
87 7 24597 130
87 82 11982 121
87 17 8895 82
87 16 395316 50
87 30 28439 73
87 95 3605 165
87 66 12489 110
87 5 9680 68
87 91 6834 152
87 4 3454 116
87 18 18502 780
87 44 22945 554
87 12 10585 282
87 98 42614 268
87 96 22376 183
87 26 65799 36
87 55 14538 206
59 30 12013 69
16 65 2666 75
53 44 10370 85
58 5 224324 356
49 20 11262 97
13 33 18543 297
73 6 47293 52
33 54 33412 132
10 100 76498 66
5 18 27979 24
67 90 57591 101
31 73 12301 8
71 80 23204 262
53 18 27719 225
5 92 66139 198
93 83 35836 319
63 4 45136 265
90 48 7292 413
81 82 9935 274
43 66 53330 56
64 79 199836 186
60 39 7829 232
99 59 140402 81
16 43 218640 261
25 67 75497 24
3 9 6937 46
93 44 31594 433
43 69 15110 254
33 71 25578 30
46 24 39465 208
64 7 80690 15
56 3 44903 60
32 44 4227 182
73 86 171868 358
12 89 23250 264
11 91 10541 78
86 28 20962 159
81 10 15923 53
21 93 5830 76
85 72 27489 88
53 77 5734 124
3 86 46167 158
36 78 101723 160
48 46 36286 58
99 5 6064 22
5 11 6656 473
65 19 12463 231
50 51 74836 103
67 73 23788 86
67 42 77218 201
9 5 15709 130
85 96 50260 135
53 11 76327 10
7 63 5923 150
57 28 11830 41
72 60 6128 306
16 18 19408 472
98 28 55376 1893
12 62 30923 174
29 25 15394 284
15 47 19223 255
90 87 22356 124
89 82 5961 151
49 17 21023 97
44 67 7251 172
70 73 6076 527
39 45 11532 340
44 100 9119 44
49 88 12315 49
88 25 425865 110
54 96 115047 266
30 99 6084 98
93 51 19599 400
80 21 9535 30
86 54 28339 31
7 65 19767 163
42 93 199193 169
28 35 7915 162
38 37 13609 86
62 89 7464 99
1 26 41059 166
28 31 8640 326
38 2 4010 159
18 80 8970 684
32 13 128804 95
16 31 22667 119
73 59 23657 312
17 95 45277 67
24 79 12384 414
65 1 5205 60
34 17 8591 53
27 8 11813 22
88 34 183745 40
29 49 54860 141
64 27 211138 387
22 56 25582 327
57 4 116981 165
95 1 19264 538
15 37 7797 157
13 96 147776 769
61 9 34968 734
39 84 3576 100
94 32 10079 70
73 52 35497 114
8 3 11929 183
42 57 80272 73
75 78 47443 99
89 1 6223 92
74 89 7760 187
26 60 4505 654
2 57 107934 823
93 1 36616 471
48 22 141562 294
25 29 17824 152
31 99 3133 242
27 56 78505 62
11 99 69514 151
68 67 37684 988
80 88 17147 230
57 16 23029 49
35 26 23437 162
34 71 5441 31
66 34 9824 26
37 69 19601 28
25 87 14007 261
43 46 27794 261
79 55 35053 122
1 24 104903 52
95 90 2287 79
80 100 29252 165
7 35 28348 156
76 79 23593 140
96 60 21884 186
96 73 30859 101
91 28 18311 318
70 92 34458 85
77 49 40485 42
17 80 84925 246
91 38 46748 66
100 16 29745 265
59 24 18132 84
32 95 9074 127
22 63 9508 94
80 37 57813 169
38 95 26314 30
6 38 5645 236
96 1 22967 102
29 74 10233 126
84 58 25671 173
36 83 32219 262
63 65 9329 102
74 52 58241 542
61 96 124956 394
48 76 12834 41
49 63 6363 149
32 48 10824 202
3 5 52985 102
64 88 6063 146
30 98 78530 39
7 100 19505 246
3 57 62176 229
57 48 20517 314
24 90 30988 35
9 96 53643 266
56 5 59785 378
15 17 4482 45
4 93 56007 634
77 46 110220 196
6 11 26680 224
30 75 9761 2044
16 30 59626 327
9 32 5301 450
74 54 33268 100
67 34 42320 97
24 29 8940 164
43 31 5394 89
34 59 6587 55
21 76 24882 690
35 34 11926 257
58 38 13607 270
70 90 14483 779
35 55 23039 326
49 38 5205 155
8 22 9524 459
17 55 38514 185
62 12 47681 69
60 38 3604 629
81 80 28454 119
100 83 10477 932
20 51 23091 3396
15 71 21002 226
51 79 25816 196
45 20 17514 234
79 2 5641 137
28 1 40960 322
29 42 13137 462
62 59 16961 149
55 22 24988 30
100 95 22934 368
7 73 37227 74
58 75 40101 417
89 41 71542 561
33 52 69477 133
49 67 60895 391
54 27 8615 290
33 51 29125 84
20 18 26341 170
70 49 15519 756
75 64 266369 69
6 56 8522 170
31 86 2448 102
88 92 17766 1192
35 50 16334 2052
43 91 39013 57
8 88 22157 65
24 65 14253 156
15 13 10147 456
52 51 34797 208
59 34 14289 1160
38 91 40035 205
8 2 27621 100
72 39 33550 37
3 46 26804 171
9 66 12982 51
97 57 7877 171
24 71 9696 708
81 84 22326 435
44 37 9472 7
17 58 9176 2196
33 50 30555 429
89 52 46167 420
79 15 47937 93
11 19 10758 122
78 10 55744 85
89 61 31448 76
4 14 33236 37
14 84 54694 215
23 34 48072 252
50 55 20899 129
99 38 13615 339
99 14 1763 17
50 84 6086 120
73 75 173493 178
80 52 6064 136
48 75 20142 504
66 8 4736 52
18 12 40179 22
98 46 3973 52
97 21 421076 69
15 92 46992 117
27 44 16515 319
73 64 51561 141
37 89 4707 14
65 60 33906 162
70 47 53609 197
70 19 84435 77
31 4 27365 347
56 63 12749 93
83 74 11082 365
93 52 134858 202
61 40 78451 176
39 79 42524 375
54 79 74180 64
35 40 58364 726
4 68 2715 60
8 63 42345 26
84 9 40629 89
69 23 22224 54
46 95 19269 147
81 69 10951 371
96 84 8706 245
34 54 44345 887
45 12 29774 191
64 34 305885 340
58 73 168245 58
56 95 8348 60
54 53 10225 330
7 76 59556 46
2 81 8667 131
21 84 23467 140
54 60 36968 99
51 60 107346 71
97 91 33884 186
29 18 15590 78
38 90 25258 176
88 27 34660 166
98 95 9351 210
57 39 80363 325
67 2 21499 808
37 32 43605 392
54 25 32645 70
45 6 45780 548
19 49 43958 157
36 73 39960 52
47 57 116399 62
57 86 6388 22
28 84 34526 55
41 69 53946 433
41 44 5436 417
68 1 7880 134
81 33 8721 987
26 96 15002 141
75 10 82370 162
28 25 17725 82
16 66 28804 87
83 20 28014 97
81 55 23364 96
28 71 37930 310
42 61 27638 230
22 12 19457 53
59 37 94966 114
16 70 4333 659
46 70 16264 125
6 35 40718 195
20 31 8285 65
31 30 12935 267
82 65 8545 114
65 92 34640 80
29 71 23345 195
62 6 30219 110
94 1 5787 191
40 33 25931 574
75 83 27139 404
82 36 29912 131
76 40 22157 58
98 55 53961 51
30 36 44838 16
72 64 19281 227
65 39 9375 991
57 52 25679 461
88 87 139209 317
72 65 34645 75
9 61 46729 18
33 41 206221 61
5 56 24475 81
41 82 27657 278
46 63 39750 138
10 46 38695 144
70 72 21060 384
81 27 135756 352
65 13 13377 154
7 83 3757 292
12 50 3653 399
68 9 8007 57
16 46 27788 17
20 40 28192 249
61 99 40267 136
32 83 27996 274
27 76 108221 112
26 27 29358 325
97 58 156020 35
83 39 28583 181
95 82 6661 73
32 67 16601 455
25 94 5215 66
2 51 8022 628
14 85 77374 442
45 31 14008 78
35 65 26762 65
12 85 36844 130
51 83 39961 222
24 30 2447 59
7 23 17516 295
20 94 19460 84
80 49 7695 68
26 83 51157 202
96 80 10765 76
98 6 62954 213
42 67 24758 228
100 75 2993 450
27 20 8180 305
56 72 13533 411
22 95 32865 72
72 67 47683 40
65 57 13180 71
55 67 39226 48
31 23 12342 124
72 6 20207 101
31 66 9081 198
43 24 16956 388
29 93 117139 72
77 53 107226 103
27 99 60127 137
36 45 32929 148
76 84 10378 154
62 8 9664 577
21 42 5764 303
65 59 8525 102
62 50 10801 422
70 22 17290 136
84 61 14090 71
99 82 77588 120
96 86 25941 279
57 93 7078 578
79 80 7645 336
61 18 9620 72
57 3 18541 278
54 47 58643 397
98 38 8794 31
95 48 88788 329
87 693
57 18
81 72
95 145
84 262
83 26

5780813
