100 499 3 3
25 22 10907 58
25 43 72920 709
25 33 14366 882
25 88 3222 530
25 8 12414 674
25 23 10258 152
25 86 72765 18
25 95 15594 343
25 7 9703 113
25 45 353961 148
25 48 20210 36
25 6 11656 217
25 53 21662 158
25 12 49004 314
25 19 24409 124
25 89 16277 58
25 96 19605 176
25 98 33841 48
25 72 63355 29
25 85 9983 365
25 61 55953 33
25 44 23598 68
25 27 3357 106
25 10 39530 411
25 47 80594 34
25 34 107297 11
25 67 16717 54
25 59 60823 22
25 32 23141 177
25 71 110075 144
25 79 8385 71
25 28 6476 1507
25 49 8256 130
25 70 22840 503
25 65 24700 56
25 69 20305 81
25 26 33139 34
25 75 10712 240
25 5 41806 207
25 93 6437 938
25 76 36965 122
25 91 37270 94
25 77 11951 101
25 11 23784 331
25 66 17012 139
25 46 61915 154
25 92 25663 172
25 42 21379 118
25 38 12243 30
25 16 10001 647
25 24 11218 71
25 97 13011 60
25 64 14858 175
25 81 10549 240
25 73 6517 78
25 14 25694 35
25 99 31326 24
25 52 353659 27
25 94 66826 209
25 35 5175 129
25 30 51006 282
25 82 14863 70
25 74 17285 1021
25 17 149816 254
25 37 12506 258
25 60 15605 220
25 9 14161 125
25 13 4467 309
25 87 5670 376
25 100 30196 118
25 54 12628 302
25 21 14854 143
25 1 14609 122
25 18 42985 464
25 62 11185 481
25 56 41202 63
25 84 20590 89
25 83 29793 1748
25 20 5073 20
25 78 20907 98
25 63 8934 308
25 41 90199 53
25 55 11764 75
25 80 32582 184
25 15 39417 121
25 36 8407 364
25 90 14380 1240
25 57 49301 127
25 4 22782 715
25 68 53576 190
25 51 8089 94
25 50 7086 34
25 58 9002 525
25 39 55238 1108
25 40 94223 508
25 2 10766 432
25 31 46515 282
25 29 19040 747
25 3 41438 1260
46 31 73787 635
18 17 21924 975
49 42 16672 81
45 58 32451 44
69 31 49730 111
62 5 21663 81
20 64 11036 323
77 63 11195 635
1 32 19765 124
26 72 22874 74
98 76 4020 64
99 35 15067 196
91 14 2436 431
33 48 32965 173
14 58 18876 53
38 48 12271 249
95 65 25835 221
3 30 20929 167
51 75 19957 699
18 30 2623 34
15 25 9259 107
14 92 39578 155
70 5 57395 9
28 17 3800 70
70 47 17809 646
75 98 13346 480
28 4 22344 30
99 55 11817 267
32 75 52171 210
14 79 39212 252
28 94 13824 129
24 77 65980 246
65 74 5822 50
3 94 7265 21
95 98 11664 278
26 39 357025 1118
64 31 35068 505
84 5 19387 761
97 77 3734 399
89 24 13262 152
61 35 72228 162
88 83 7290 97
38 95 21172 75
62 53 22869 609
43 12 178931 26
88 80 17861 91
72 66 45577 135
32 60 10496 293
45 47 35957 139
4 95 7808 71
61 9 8042 147
26 84 75343 62
33 63 9158 99
24 17 42338 381
55 100 12106 128
33 71 15666 135
72 53 5565 24
46 84 6406 41
79 19 11623 152
58 76 191060 71
22 3 12119 154
47 29 6757 83
24 44 47457 97
85 12 15508 169
34 72 12669 148
93 81 25916 231
20 98 13889 49
26 32 104033 121
45 50 79654 121
47 87 27206 282
60 57 79192 198
71 4 12035 153
37 9 18346 173
70 55 19223 24
35 22 12556 436
24 8 13586 319
91 47 21584 141
67 31 148744 676
54 28 25785 361
7 24 13457 46
62 7 47905 614
94 8 52115 154
31 16 31874 156
42 15 92555 44
81 69 1308 208
32 43 5825 105
84 1 32857 45
26 100 36989 543
71 69 96601 53
63 79 26652 345
55 19 4491 339
15 77 29422 35
73 17 33072 124
50 2 31744 162
22 78 14729 85
72 29 28121 246
99 11 22795 594
64 100 42555 294
84 59 30980 228
11 94 8519 18
52 22 19804 196
12 99 17230 99
89 66 136932 90
98 3 21667 87
18 41 29401 27
43 79 24865 331
90 35 38220 186
70 10 27949 529
28 35 20474 663
11 25 12122 137
81 16 6036 205
43 35 22875 188
19 12 2392 75
21 70 17350 104
96 6 26221 27
82 34 104115 115
79 45 18444 56
71 79 9546 44
43 70 26445 398
59 2 15588 83
28 71 22755 266
23 12 11578 116
31 51 24088 222
95 42 42349 47
30 27 54172 66
81 55 164469 176
94 75 263692 36
98 30 14133 81
81 11 32230 158
10 65 27983 423
53 90 61250 111
30 32 15455 999
43 25 8564 299
93 29 8864 122
22 54 43315 31
71 90 24702 364
5 64 16036 25
72 15 53006 66
95 32 87770 101
68 52 54245 215
43 53 8384 191
67 4 63876 164
4 14 42843 61
33 8 7654 93
7 30 13893 20
28 57 34982 125
49 35 104562 583
78 16 62780 154
67 56 15246 18
16 3 20466 95
17 15 40855 122
91 16 23903 203
3 11 12895 242
46 55 34410 83
59 17 51981 402
59 26 20287 107
87 14 228073 45
43 11 44439 181
63 55 26394 130
99 56 19945 228
10 89 12601 164
65 33 34466 68
64 2 56944 73
4 71 34310 1311
75 13 120460 238
46 61 23153 303
16 82 30287 106
34 47 9624 36
23 94 5112 245
83 81 11549 574
39 29 9401 20
77 98 103596 163
34 69 60259 241
28 80 28451 123
31 8 66361 220
14 29 74466 170
80 99 20522 331
48 32 3385 64
88 70 21936 93
13 88 113258 321
42 2 8605 36
73 86 50479 22
68 4 13217 314
26 88 19726 352
98 45 34469 148
84 42 10882 172
21 62 23353 417
49 28 4598 34
64 93 8728 220
50 48 11538 210
99 58 21457 493
38 57 29229 137
87 73 43011 29
9 99 14341 168
51 46 99304 130
87 21 40207 74
2 29 32603 126
67 44 53510 54
83 25 75249 445
90 12 33151 348
46 96 9054 75
37 20 25465 73
35 66 41794 402
39 71 44456 78
82 72 11350 338
37 94 23342 364
28 59 42294 176
86 12 6593 112
86 15 68177 1875
83 13 16392 96
55 50 19046 67
53 14 14342 16
24 78 10711 272
45 13 186098 190
58 42 12488 526
69 29 31016 109
56 77 24892 113
69 23 23424 131
57 94 13583 39
14 52 6887 127
67 26 14579 93
24 85 15352 112
74 21 136031 533
88 46 140850 703
80 21 4394 82
100 22 7553 389
92 33 27220 223
85 82 197943 236
88 55 20487 89
62 11 2765 226
37 98 10793 177
63 97 15490 189
39 57 30904 106
58 99 34348 105
50 84 34268 129
62 75 29291 91
77 46 20992 58
56 32 23360 159
94 97 44193 123
99 57 83330 361
74 63 74285 24
77 37 425115 41
41 4 37995 396
49 55 45155 282
42 66 10410 33
57 52 26351 227
64 76 13843 76
48 96 11282 449
59 81 10209 262
56 19 70606 10
52 15 5539 341
96 57 7390 106
2 31 78657 165
16 72 109056 38
87 23 26712 87
86 91 107397 24
63 64 36991 96
8 38 63381 53
38 85 21843 378
12 35 7831 538
50 93 8736 35
26 95 6503 220
26 19 49426 71
39 73 17556 82
11 5 84457 920
82 100 77310 442
4 40 22502 118
11 24 165806 244
47 46 59176 323
45 25 6542 56
55 56 59703 352
45 26 6517 35
22 18 22375 410
5 7 54017 172
61 60 14466 166
84 28 58281 270
28 56 2405 598
55 99 9897 178
77 24 60546 26
38 30 6697 23
99 36 88386 167
47 98 14276 743
45 30 20595 185
95 90 12112 124
58 29 14576 802
46 98 101476 275
45 6 59740 208
80 5 58900 342
38 82 22874 855
4 83 11918 152
83 77 28335 161
4 79 17092 211
1 51 35432 137
17 2 29721 787
96 93 15455 30
58 81 20260 123
19 36 35463 27
94 21 25405 495
20 87 16227 208
81 13 63160 54
35 74 17776 62
42 95 69665 478
58 73 31824 193
82 96 8858 135
91 56 60339 152
27 11 50884 230
68 3 10128 34
77 20 16919 479
39 74 13720 77
33 35 2913 129
99 100 15419 196
38 39 18090 1237
58 27 117903 85
98 36 12392 118
71 87 71254 103
71 95 10675 161
74 35 11566 331
90 13 37915 287
17 49 7086 66
74 71 17289 615
82 57 6498 45
45 1 45293 124
4 43 26029 36
14 6 6198 42
16 23 35967 140
75 99 78208 182
28 63 19440 217
61 55 95076 160
56 71 3332 215
65 2 71479 53
33 81 66993 38
31 90 36736 80
3 8 23982 1174
10 100 17162 671
29 90 43730 148
7 84 116198 143
41 23 39718 44
51 47 179169 270
82 68 10637 154
40 82 20935 434
62 34 63176 53
1 65 17556 503
88 68 6935 77
55 81 29932 467
36 16 5716 149
31 6 129284 1631
56 3 8170 45
83 95 34695 385
42 10 9294 159
10 34 7918 459
39 63 20803 98
71 48 23339 31
7 83 30353 275
12 34 49316 77
41 19 7385 167
79 95 12159 121
47 6 5290 61
82 60 6838 106
74 1 7539 133
10 14 23424 161
41 2 11203 100
3 42 198604 36
39 90 18685 139
82 2 193453 68
11 96 174537 179
19 49 59615 593
26 14 3932 1791
93 34 4627 118
84 80 4572 58
42 64 12878 104
32 30 14665 21
79 69 22954 132
67 47 155405 356
48 44 32678 50
64 9 4026 60
55 41 97820 56
70 33 20427 150
89 17 19286 771
14 41 9116 126
27 38 40199 297
75 35 6911 273
56 28 68550 405
95 82 37586 88
79 71 2876 56
96 48 16038 50
17 99 33999 388
46 15 118065 169
16 46 26375 102
73 18 9485 35
42 20 10520 982
1 71 27315 16
94 82 13086 89
4 24 45304 92
24 34 8321 105
45 11 4375 125
85 16 3953 451
47 51 14012 123
4 12 41999 32
21 23 4109 173
76 22 10400 60
25 2376
45 10
28 30
35 415
71 617
55 359

29109290
