100 499 3 3
98 75 21348 71
98 15 22069 154
98 71 10660 32
98 2 5451 271
98 59 20878 58
98 32 17259 240
98 100 18497 14
98 78 41945 741
98 100 4677 367
98 56 15968 333
98 59 8735 260
98 31 164836 53
98 1 10625 468
98 96 32819 108
98 62 6368 23
98 53 31276 42
98 97 14038 56
98 100 15646 412
98 70 156684 81
98 92 57785 219
98 79 28264 407
98 99 49867 782
98 11 95460 542
98 42 9221 78
98 9 8415 63
98 7 81405 1085
98 59 5398 74
98 44 51030 470
98 95 20008 246
98 75 21020 90
98 88 29314 79
98 36 43286 430
98 41 7899 157
98 86 31748 182
98 12 565952 45
98 85 45807 281
98 79 10823 21
98 12 58781 67
98 64 27731 16
98 13 27965 136
98 6 7657 534
98 17 13647 301
98 76 13926 194
98 46 19716 180
98 6 33636 69
98 53 5331 233
98 66 27947 184
98 35 3790 117
98 77 25244 182
98 6 20802 457
98 40 6830 124
98 3 31168 225
98 17 18533 44
98 12 4578 39
98 54 13295 254
98 74 8566 196
98 100 23693 422
98 74 35694 138
98 88 19336 98
98 55 18294 66
98 48 35508 156
98 72 24746 142
98 92 98127 425
98 45 15627 90
98 70 7819 361
98 82 40881 267
98 61 20697 218
98 11 73213 144
98 72 51457 146
98 40 48992 42
98 5 39822 69
98 80 15038 209
98 67 319833 40
98 61 43904 2788
98 32 105855 63
98 30 22966 91
98 61 97791 355
98 68 15665 70
98 36 11762 201
98 54 4926 16
98 61 51653 716
98 56 12521 147
98 45 7895 139
98 96 58252 118
98 33 43390 1436
98 50 16150 198
98 45 20060 136
98 32 18833 745
98 49 7550 167
98 43 20921 147
98 86 23540 35
98 77 11377 391
98 37 17911 22
98 46 4470 168
98 41 11090 19
98 7 34460 115
98 99 17107 129
98 35 12072 136
98 17 42840 256
55 40 42113 26
71 56 13548 152
7 29 12204 816
35 77 51000 97
48 85 10209 275
21 48 51421 73
96 57 4129 678
50 40 31831 152
37 29 31538 738
58 20 9491 104
69 95 29085 140
46 66 49298 798
30 64 5811 44
72 81 61459 83
11 39 4499 162
26 78 15065 111
48 91 23186 47
2 6 36409 84
86 85 37478 557
53 79 37187 54
91 54 21487 137
79 35 30103 231
90 11 83174 59
29 20 10157 29
62 73 32028 92
43 71 1723 65
6 17 51463 634
84 33 47805 102
18 89 4135 314
98 87 100631 83
51 54 34136 183
56 54 25836 28
80 24 8796 1267
78 42 18348 276
5 76 199347 217
9 20 10951 55
9 10 30668 730
79 6 98741 46
72 93 47201 381
8 71 28840 121
35 81 62028 138
89 95 16566 149
32 35 30973 128
89 18 21891 52
38 78 44459 304
71 29 2903 388
97 82 39674 53
39 14 41773 116
80 75 24189 219
8 31 21103 148
86 70 3147 32
97 61 23380 64
77 50 42043 63
94 80 16426 131
29 1 38662 221
99 30 11695 587
28 13 25852 46
67 33 33434 21
65 40 11871 464
9 92 23589 264
91 78 36465 92
39 37 9942 203
82 27 21337 73
27 50 32555 774
76 100 19054 118
95 71 61169 263
84 96 37457 141
81 83 27015 39
15 11 2410 182
25 55 9888 41
32 72 24112 90
94 61 61627 35
76 1 96294 92
47 3 24479 763
15 92 20075 640
53 15 21640 506
10 7 3294 861
19 73 102327 54
9 5 79232 198
96 21 10871 923
61 37 16367 234
95 62 154405 69
8 94 74956 54
55 13 86617 611
97 7 16855 376
74 64 34091 72
53 76 18421 117
35 89 7353 55
89 61 7753 59
13 39 16505 118
38 68 13387 255
14 26 25259 1168
72 34 16926 886
39 88 21788 37
61 30 135754 45
27 30 43836 136
92 11 20738 595
73 69 25907 139
75 14 20229 717
92 61 35233 91
79 33 29057 37
35 18 268032 240
53 27 76721 309
95 91 31200 62
83 97 62042 60
74 62 6201 266
30 79 25548 185
82 26 10575 54
20 11 52546 41
7 60 11670 324
6 40 10884 58
66 90 6018 220
34 54 5147 97
74 23 43589 1091
43 30 37307 1061
89 75 17300 241
84 49 27113 13
61 48 37074 177
10 80 6862 385
81 24 16284 369
86 12 20565 187
40 72 22440 301
1 47 17399 515
70 60 87700 139
49 42 16375 331
11 24 44225 44
95 67 20204 376
77 80 14639 324
60 56 50989 168
7 65 8440 233
97 42 7709 122
64 6 28775 129
6 82 20561 310
42 97 2740 795
11 71 9618 599
40 31 61216 1177
18 12 24629 186
7 97 28437 125
87 85 54286 528
16 41 312864 134
92 82 2716 315
80 14 3712 23
59 7 7104 330
19 44 16014 93
82 16 54537 144
24 88 64242 213
83 85 36832 44
27 6 20633 61
97 25 71927 490
24 11 25040 59
33 14 9532 468
8 36 26471 67
59 29 20420 478
99 34 19905 154
20 58 31307 126
70 96 14780 99
34 28 62856 303
44 57 18637 143
76 11 5174 95
69 7 15336 666
16 5 22288 60
58 52 48529 1929
10 24 36332 168
50 65 28290 28
21 56 17925 192
89 37 25554 252
46 79 3961 140
66 89 69323 144
89 100 40881 148
48 36 24803 385
64 92 97471 164
96 35 18104 91
34 77 12275 371
65 77 16565 136
83 5 86361 129
29 9 35883 377
49 80 30887 1082
24 41 38813 39
34 20 36551 62
2 45 17446 136
85 92 13268 40
18 82 5496 164
42 77 4216 204
41 83 23174 74
45 19 7691 576
8 57 79052 170
92 72 10252 45
27 3 6791 563
9 78 19268 103
73 67 23392 515
18 51 167886 481
81 64 181382 386
4 48 5751 44
24 2 21358 168
92 29 28102 309
59 17 68560 212
54 24 64348 757
41 91 50476 396
14 29 6190 143
69 25 35582 43
53 9 4612 149
37 66 84072 265
15 1 12632 231
50 80 14951 118
87 97 38267 146
28 56 34450 286
42 14 31978 1128
65 36 18083 150
43 11 64596 43
79 29 21460 302
22 36 20569 106
77 55 3737 24
76 49 8944 30
71 23 66393 454
75 7 31669 304
9 65 99880 145
100 80 123073 220
40 7 10884 613
68 60 13082 178
90 6 14593 54
3 97 11785 214
64 23 126928 171
90 32 22941 318
65 83 39986 170
87 98 36504 157
46 73 42200 658
52 14 25440 64
28 92 12979 87
90 54 23813 252
47 99 9433 708
74 57 24675 79
16 42 35731 67
19 63 8920 298
78 14 76008 674
79 93 38904 127
74 52 16576 164
71 54 28102 80
37 59 21330 81
59 46 41244 272
8 40 7463 90
73 7 7142 180
41 60 30415 984
38 9 23823 168
30 88 50730 72
85 95 45525 16
97 48 19126 495
87 3 42443 56
71 11 51190 1953
94 74 33762 70
72 66 17898 205
28 20 61955 106
65 61 34482 261
81 4 18248 38
51 34 23287 99
56 38 23338 47
31 13 69214 158
37 53 11405 252
58 64 51746 780
59 20 64670 212
18 56 433895 191
29 63 31201 57
52 1 5723 274
15 94 29589 132
65 79 44416 23
31 30 5468 93
29 36 18487 178
73 76 12299 828
60 37 6200 136
79 2 20955 141
17 56 41026 262
65 78 65129 160
13 36 2361 302
6 23 46035 674
32 52 23906 196
91 24 60119 250
20 80 75763 155
45 40 11588 101
99 33 9760 36
54 91 11640 341
29 28 16484 488
93 58 30475 108
23 9 30673 65
98 58 58452 123
44 82 20196 528
95 27 291129 274
90 20 18674 72
55 7 16420 665
23 19 155742 137
4 81 10172 527
48 66 33453 889
55 81 30934 127
96 2 8213 1520
76 91 21271 655
21 49 3713 70
71 14 43551 38
94 62 34825 260
13 67 37139 129
74 63 11445 82
42 29 30801 137
31 85 44404 153
53 91 10186 145
88 97 31995 100
42 6 12291 97
21 5 6640 271
3 62 98113 214
83 15 38107 872
20 17 4032 113
9 51 12045 557
25 18 262412 128
7 44 109086 70
23 85 14105 276
61 5 47543 102
73 38 29623 34
51 69 49606 54
71 55 8366 119
56 90 8955 32
6 43 4512 293
76 58 23279 54
26 13 48418 308
49 88 45067 184
91 11 52972 584
11 63 6124 41
80 39 45107 266
94 6 21783 94
48 6 23127 100
72 27 20019 78
1 7 40553 41
80 36 4621 70
32 20 7526 543
97 2 12032 61
51 33 37549 137
13 81 13024 60
43 68 18536 83
99 65 54630 118
51 64 32207 75
14 96 1696 680
21 45 90007 128
48 97 11694 363
4 60 5756 43
67 68 33907 41
66 97 4953 369
11 27 59239 122
69 24 16543 45
44 52 11332 67
68 53 15586 190
47 51 50102 1163
79 21 21958 269
59 64 12477 113
40 68 691 205
90 73 89166 511
26 52 18396 49
93 80 6343 31
88 13 18985 232
82 30 17834 202
58 31 27219 51
40 78 46410 440
74 4 32272 218
64 87 34452 256
49 65 5191 77
37 91 120918 64
48 78 62901 933
42 16 269851 31
18 48 13816 254
41 27 24505 190
92 71 31893 177
70 23 20330 143
88 86 2161 686
41 88 13714 311
75 59 29482 93
14 17 32501 45
20 32 6454 356
31 2 35356 77
31 94 23837 102
34 84 30158 256
12 48 16035 142
3 55 32412 234
4 39 56346 19
34 16 16780 223
32 82 36113 157
44 94 86740 351
28 49 4585 238
46 45 10822 190
25 84 40574 761
37 87 14178 195
40 39 35590 146
32 85 39590 544
53 16 22154 2102
67 71 5884 86
62 11 9073 795
93 94 8402 275
30 65 173244 354
95 46 10625 78
56 1 5565 254
84 92 3158 532
84 52 68900 136
6 39 48132 73
21 11 6902 231
37 80 2475 37
44 40 61212 210
88 39 16502 50
98 909
97 7
79 77
11 368
7 616
6 162

17108702
