100 499 3 3
3 26 9464 14
3 67 780 66
3 47 98210 216
3 10 34108 360
3 91 24119 2290
3 90 34045 389
3 78 30046 470
3 98 6696 975
3 43 5221 470
3 72 12274 101
3 70 10657 97
3 62 9855 49
3 70 101830 154
3 87 8182 84
3 78 22851 83
3 36 12483 582
3 98 68617 190
3 13 69642 51
3 95 24192 223
3 6 16423 144
3 80 6103 33
3 2 26585 716
3 55 36050 251
3 26 9430 129
3 6 54825 248
3 85 5506 47
3 73 5802 33
3 40 29251 132
3 78 6629 43
3 46 52621 51
3 95 53802 39
3 26 12316 218
3 65 13373 30
3 84 2273 98
3 56 40825 117
3 39 13680 613
3 75 8143 69
3 49 55387 154
3 78 25213 145
3 99 14071 148
3 52 26364 203
3 48 63927 21
3 59 29734 343
3 55 62025 189
3 19 11140 432
3 41 4699 12
3 37 2446 258
3 26 17095 87
3 77 24043 421
3 82 16468 42
3 56 84142 224
3 91 13787 288
3 72 50945 313
3 73 12444 75
3 70 12366 70
3 26 17225 97
3 29 34868 121
3 32 24638 190
3 62 44735 521
3 43 57173 516
3 62 6655 29
3 94 201095 342
3 76 53389 205
3 89 21587 233
3 19 65184 439
3 83 79631 65
3 4 13009 365
3 41 205482 40
3 70 2503 131
3 51 49659 289
3 30 14110 498
3 6 38264 211
3 4 35984 372
3 48 52407 308
3 87 40344 198
3 1 13947 81
3 70 8113 225
3 88 3553 418
3 14 39584 88
3 42 2108 179
3 84 19210 214
3 50 11800 765
3 63 16404 338
3 76 14068 899
3 16 8676 170
3 47 78993 347
3 67 44653 266
3 44 49099 168
3 93 8282 101
3 49 11970 48
3 1 143228 299
3 4 22194 256
3 84 14904 507
3 88 12662 38
3 16 23109 607
3 2 36923 178
3 44 49461 164
3 47 7605 93
3 93 30935 128
88 24 34914 57
18 44 93267 112
14 19 33770 142
8 77 14037 305
61 34 22843 852
73 19 7000 50
64 6 41514 76
48 55 1413 701
5 84 17027 262
90 99 8951 24
63 53 10886 90
46 71 5563 256
47 86 17267 530
14 17 13141 774
92 88 13571 236
33 22 136179 923
61 2 5078 1060
77 66 24292 218
51 95 31437 51
49 24 18517 65
32 13 8504 124
95 56 44811 293
34 69 20382 56
26 76 68496 77
13 15 13279 68
50 95 11920 827
51 24 117404 63
13 45 30260 83
7 81 15726 103
59 96 43257 81
36 95 8616 347
6 100 4272 216
70 71 3046 39
70 55 16433 171
7 6 3957 147
40 80 31497 126
34 8 38709 382
26 45 34777 580
97 62 16781 128
35 45 29727 62
30 59 15177 103
63 20 10280 298
86 22 50402 106
63 38 35010 152
93 28 10631 243
69 95 22551 191
100 43 37708 63
82 88 37969 44
12 93 16120 854
56 43 11204 803
44 30 67319 223
74 97 8774 691
45 6 20054 175
92 35 81879 80
74 39 8516 205
76 33 67087 570
64 8 44721 429
93 79 20022 183
56 96 29187 29
86 80 21938 185
79 15 11219 198
50 3 2643 20
100 3 18455 200
47 83 9599 38
79 58 295287 75
74 71 8903 50
91 75 37005 403
31 33 32600 60
59 35 94553 105
56 49 53182 150
29 90 2611 255
56 91 14649 513
63 13 65280 268
31 1 11940 74
16 54 23603 49
67 1 1519 138
34 71 25710 144
36 64 3613 114
35 38 22466 156
22 3 21733 204
89 6 3920 280
55 88 14355 106
63 35 50579 606
38 81 23789 285
30 72 36273 219
53 100 13562 105
2 64 2872 552
41 29 26871 210
43 27 61027 807
24 97 110175 242
56 44 11448 1253
34 47 59301 218
80 49 286861 131
18 71 70512 44
8 79 6204 508
80 45 20008 275
38 66 2878 94
38 90 33861 156
98 88 15409 254
93 11 19897 108
26 19 17859 110
16 96 16674 40
3 24 26910 145
95 80 183492 34
56 40 19066 891
96 36 19540 38
84 49 7559 348
1 71 2565 133
33 51 4063 16
63 44 14723 223
99 19 16151 31
88 47 3023 210
75 48 106142 84
48 59 1580 88
57 32 137132 153
73 9 18982 293
18 92 2949 117
71 89 18268 673
83 57 26149 104
77 92 160274 305
54 95 23924 215
31 88 62832 952
63 67 22035 68
48 91 45799 510
15 71 6118 203
32 59 3800 480
32 85 22835 764
41 15 62602 87
72 19 61668 46
94 79 11588 84
80 7 10818 1018
4 9 71966 219
62 14 8658 106
36 93 41162 86
8 58 11572 147
16 35 82223 286
56 9 38961 72
47 73 50541 326
70 28 19232 62
90 63 9777 116
99 32 56054 130
29 5 534296 37
12 81 35267 174
37 10 101712 57
47 26 34059 91
48 40 17947 77
88 65 20154 133
48 71 22346 236
51 87 21997 555
6 79 10186 164
15 86 33362 229
10 3 7142 131
4 54 15950 79
77 53 36384 735
18 79 61839 41
87 46 13431 301
32 30 27911 292
17 45 62261 71
55 72 28521 47
92 51 11589 149
59 8 152208 679
66 45 22332 616
10 20 40850 102
16 33 64834 208
43 37 9257 42
74 35 12420 126
53 93 21497 355
94 27 6393 343
73 96 19160 308
5 7 20334 1689
89 28 29138 1346
67 42 71880 124
2 78 91587 22
81 85 33412 344
46 80 20618 79
91 79 18066 43
24 55 18548 1034
86 3 5917 80
76 53 5255 113
82 99 19752 256
37 90 41641 351
13 82 24864 113
79 21 41406 60
30 51 27470 169
34 65 17863 157
68 18 26391 81
62 38 48990 844
100 17 9433 514
83 48 36825 55
21 73 4188 87
13 1 8715 80
64 30 100520 526
33 84 31002 29
41 86 108876 148
85 79 2506 103
57 81 27315 301
46 51 114905 211
19 42 61059 86
9 68 51025 206
64 91 15393 202
49 8 9449 95
44 63 8327 30
25 36 9671 438
5 52 12653 385
98 40 17313 170
19 58 19287 113
51 22 14045 201
81 49 92979 270
10 58 13783 89
38 20 43046 126
4 10 2859 118
9 77 11144 188
46 23 11211 61
65 52 28372 162
79 31 9638 1008
16 64 17707 48
58 66 48793 305
79 78 30126 151
88 8 21602 459
20 26 33591 296
87 89 37979 235
49 67 5355 246
52 59 30149 1628
31 11 49357 262
33 5 48939 17
43 3 26809 186
8 50 18727 116
7 12 35342 645
59 91 12240 45
56 16 9723 117
61 11 45559 786
38 21 43593 55
18 15 10987 243
31 84 10031 143
73 26 9999 29
21 86 10435 286
93 27 35144 263
45 59 5317 134
62 55 9532 195
24 37 54807 66
43 33 25271 295
46 1 16933 234
66 76 38824 422
4 16 23883 1651
11 74 21583 116
1 70 922 195
66 27 53340 18
58 6 23238 269
79 8 8219 346
50 51 244044 133
94 65 41697 342
45 92 56758 19
86 48 30486 819
84 68 21665 82
34 3 8376 197
30 6 5390 126
9 8 10191 80
88 55 21253 117
82 31 10775 904
92 53 87130 268
73 80 8861 277
65 24 5021 109
39 6 144468 249
15 39 7043 21
23 40 2929 132
48 33 14971 56
20 79 3262 16
51 13 5500 259
77 32 69605 53
93 48 17996 67
40 16 123542 212
88 43 68134 123
51 1 8163 24
21 39 102512 139
1 9 336831 48
36 71 100115 264
76 8 49191 277
14 59 29604 255
36 54 5606 18
16 92 16910 96
4 13 14832 204
31 96 8852 72
75 23 8230 308
5 59 13097 129
42 16 61002 195
81 23 217485 289
25 8 19715 251
76 84 14458 86
51 80 21009 199
24 46 14460 175
66 85 6568 52
79 11 55132 227
68 32 12671 137
14 92 6357 54
97 18 39560 395
3 18 38609 57
19 93 43341 230
30 50 34858 83
95 52 9952 75
99 41 6023 462
38 69 8263 38
74 9 51436 36
44 15 14792 57
79 9 117832 25
100 96 16016 70
11 8 228080 156
74 34 3791 38
50 22 65196 68
68 1 14250 124
40 63 18199 82
36 65 17599 79
33 70 8419 26
99 83 15630 910
20 52 41971 764
42 40 4271 24
59 98 105714 130
63 81 9810 337
76 78 3494 102
87 98 12821 76
68 92 9491 319
24 40 13484 359
85 42 12883 26
96 100 10580 61
84 82 13839 40
22 10 3136 48
36 6 58977 1257
9 98 28320 96
91 73 135981 161
64 45 11058 73
78 72 10523 131
15 3 54854 168
92 75 4764 234
99 82 6289 596
45 7 8854 174
98 38 378103 97
66 51 39151 153
10 45 36560 565
4 66 12903 57
31 21 5824 175
29 8 33083 259
12 75 38817 667
74 29 17569 59
13 53 51538 111
39 68 38553 1438
49 50 26190 315
41 42 26062 49
97 86 29676 133
94 52 39757 91
45 38 93039 198
28 80 107479 260
13 14 4168 328
93 57 19872 15
25 82 52007 119
50 79 33338 82
38 16 45474 91
59 46 42453 56
62 87 14873 1156
79 28 138717 98
28 84 101592 137
74 37 47544 402
99 80 11881 77
80 14 27173 91
11 6 7177 25
11 35 70437 102
7 26 42367 1515
84 38 4529 270
44 8 17565 154
5 51 87040 142
87 61 15461 133
56 93 198807 25
48 23 7026 116
43 67 20704 39
18 60 50882 111
30 12 117643 244
5 41 7551 459
88 82 4890 28
86 72 11196 70
47 67 158918 218
7 95 18324 155
49 91 78445 23
57 63 8985 197
34 61 19684 134
29 79 36118 314
16 77 23815 135
55 15 12577 558
85 50 19016 187
53 15 4773 102
64 20 34957 294
29 92 5914 624
75 84 35836 78
83 25 30843 186
59 79 9795 230
33 13 85703 35
2 11 46581 735
94 90 24038 71
88 32 7461 70
28 88 18507 34
83 40 13541 185
63 24 7338 866
58 27 19182 35
3 303
79 108
63 189
8 1402
6 81
84 52

12065272
