100 499 3 3
69 83 46710 60
69 14 53005 217
69 33 55700 74
69 20 10613 7
69 48 12783 1074
69 53 36763 313
69 63 285070 182
69 58 8461 263
69 21 12118 140
69 31 18107 80
69 6 29541 119
69 34 7021 77
69 62 11584 139
69 89 18067 1591
69 90 37307 299
69 22 27479 127
69 39 7459 248
69 11 24990 153
69 71 13224 29
69 47 16661 2529
69 42 98844 1197
69 73 46669 323
69 16 26151 289
69 72 112324 114
69 35 4905 207
69 23 132906 154
69 61 55524 261
69 13 28118 141
69 4 28612 72
69 78 28973 93
69 95 99480 11
69 27 39582 150
69 91 16649 336
69 100 75247 25
69 79 140051 21
69 30 173147 190
69 24 21512 257
69 92 8353 156
69 65 33337 264
69 9 65573 203
69 84 7781 405
69 17 53953 117
69 44 16304 170
69 60 12493 56
69 85 113877 110
69 51 34951 315
69 2 57513 75
69 64 94349 73
69 12 26382 56
69 38 56890 238
69 32 176451 89
69 1 9165 75
69 57 9469 689
69 8 51415 635
69 43 32420 67
69 29 31989 23
69 37 49198 351
69 80 16283 83
69 40 22717 287
69 7 45383 96
69 5 10699 303
69 55 24164 369
69 87 148326 556
69 19 21337 45
69 81 31377 240
69 86 71078 141
69 96 7893 95
69 77 13200 234
69 93 27412 228
69 18 126693 26
69 68 61479 153
69 76 57122 105
69 74 116281 165
69 46 45409 147
69 98 42386 210
69 25 28972 1687
69 70 35666 474
69 45 13926 54
69 97 9665 508
69 56 75009 107
69 41 2926 71
69 54 14154 120
69 50 19459 2192
69 82 83206 201
69 49 16788 94
69 59 10136 545
69 75 5424 121
69 10 9212 127
69 52 18927 279
69 36 45436 69
69 66 7004 97
69 26 24127 89
69 28 45326 61
69 99 9515 92
69 15 10012 676
69 67 89297 146
69 94 55342 426
69 3 6139 366
69 88 6291 113
65 46 12877 252
23 54 35401 209
10 45 74068 118
57 99 41203 166
75 58 23486 45
53 50 7893 78
41 75 21169 265
20 73 8154 818
40 53 95149 67
99 89 16779 294
20 59 67679 452
10 97 26204 207
7 100 77064 114
32 62 7004 152
62 43 59098 358
80 6 2646 70
36 87 59130 39
98 83 32022 204
86 67 16833 145
71 57 3074 45
41 28 3717 271
30 60 10953 192
62 14 11701 119
57 58 6723 89
11 91 37000 189
22 20 47117 69
42 26 23591 299
60 59 80247 211
25 40 103613 130
55 47 13421 991
33 17 5025 425
10 26 125973 211
98 44 13958 70
32 18 160332 101
44 7 23698 47
40 95 4119 545
75 82 11237 136
79 54 74471 130
73 21 37596 61
85 80 20847 87
89 8 27874 187
38 13 112979 88
83 70 6089 423
97 16 30432 92
26 37 50927 250
6 50 26049 66
100 32 10618 74
12 35 39642 44
50 18 11041 66
8 54 14699 38
83 86 66054 277
18 54 23129 120
2 61 2374 1529
68 21 155181 77
36 71 10268 133
47 35 44545 265
96 30 19159 726
6 28 172371 160
10 86 16453 958
13 79 21881 153
98 40 15819 226
59 29 55766 178
41 74 48503 247
22 76 23491 71
88 9 10189 101
83 46 78654 69
100 10 44911 30
20 83 26458 32
40 85 35628 1258
42 89 15494 261
64 5 19621 24
91 85 14025 20
48 76 30202 380
87 64 95223 118
78 45 23929 123
78 40 6467 292
62 73 18342 511
39 16 21119 337
80 58 36826 104
60 25 65763 23
33 53 5647 62
86 26 21787 51
96 13 82952 580
36 2 31188 595
86 49 8278 46
71 43 39659 198
82 40 25559 151
21 43 22112 367
1 91 120147 635
21 37 7539 49
10 74 20279 80
40 7 35294 349
77 64 47292 60
92 6 10064 27
9 29 20666 371
91 5 75063 120
13 29 65824 64
47 18 30511 78
99 39 149404 314
49 45 33871 56
42 24 14625 108
67 42 5905 177
89 85 96771 63
96 12 17064 492
68 57 62993 170
19 66 2513 176
57 71 12477 193
51 55 20626 42
83 100 7343 127
52 20 72284 66
67 68 24779 44
10 6 99437 217
44 15 85246 93
90 8 36863 257
27 95 12411 131
62 34 13877 81
29 48 40854 55
3 20 3991 59
43 70 7453 96
91 55 35679 72
73 75 16876 42
46 26 11851 301
78 33 68503 33
67 81 38286 541
6 60 36066 212
37 26 26195 15
85 75 24778 535
53 88 24034 252
44 17 18013 63
34 48 15191 39
63 20 22716 774
8 90 47085 210
78 62 14553 472
85 44 70085 123
58 68 19474 117
56 16 68150 192
51 67 9347 288
1 35 3855 479
7 43 50916 113
97 25 40377 39
63 61 63336 129
12 9 45565 200
98 6 3243 220
1 48 12926 869
30 89 51082 52
89 99 41708 55
30 57 30753 45
63 45 6858 93
24 42 8225 457
8 93 52723 613
47 17 17648 433
30 98 8221 814
73 45 57858 392
49 21 34051 198
64 34 14292 198
50 84 27151 395
57 33 6630 274
100 57 27843 158
29 57 9448 536
56 88 25212 285
43 44 10738 152
78 61 101180 264
1 95 38421 472
49 96 94991 204
73 82 3148 141
46 84 34180 310
10 37 19788 104
66 86 19928 1041
48 30 52971 98
48 3 8702 93
40 56 20800 125
81 82 1952 112
16 42 17265 209
31 36 48442 1105
45 82 82658 102
70 74 84554 139
68 100 81991 179
62 10 8068 706
16 32 66489 127
70 71 67641 156
64 56 42763 61
31 29 16388 75
24 37 39544 93
74 64 28817 115
51 25 8448 734
94 47 103066 1338
45 80 124556 155
23 22 10397 25
22 96 43977 638
78 30 71618 138
29 44 14989 296
25 79 12851 190
83 71 4543 235
35 88 20637 74
40 39 52747 1857
59 5 25458 139
60 21 33648 208
13 7 11711 97
42 80 49457 74
70 49 15089 238
29 47 14939 114
37 25 60140 1194
39 33 27921 58
59 69 255425 183
51 8 35584 60
12 16 7251 91
52 57 53526 75
31 54 16131 20
6 71 170127 519
50 87 52230 146
99 22 131378 280
24 14 17285 319
63 3 18323 271
34 76 13731 133
82 54 8538 51
7 82 6334 2906
70 4 17295 131
55 77 50136 117
31 14 6029 185
94 48 47901 206
39 97 352238 38
27 66 23061 320
46 85 27460 92
34 13 55026 394
67 77 31072 98
28 62 3768 167
8 6 14722 11
93 11 30116 411
88 57 45331 144
90 11 20587 436
38 68 8777 212
84 54 4395 33
2 75 7020 144
41 70 13689 651
90 55 38253 222
30 48 27735 171
10 64 23176 217
96 11 42717 53
64 96 23772 171
50 39 23182 33
48 82 26455 117
77 73 7854 177
72 65 31588 94
80 26 9539 199
67 48 17861 1041
67 44 19389 68
25 87 48611 158
7 81 4514 159
86 5 18537 449
7 46 22407 23
65 26 55476 207
18 90 6080 92
11 78 85358 98
89 78 4115 23
75 5 43915 263
94 87 43700 240
54 41 19850 197
66 53 28358 144
68 22 9789 25
17 4 15677 86
66 40 5510 50
25 56 98416 1091
44 13 24913 369
43 45 35199 99
100 36 10667 619
33 28 23716 99
9 10 8267 49
78 88 58983 97
25 32 7335 315
38 88 5700 409
88 84 41623 178
9 18 14622 193
75 38 123259 58
73 76 18958 610
76 54 3911 134
87 58 38607 72
95 21 9806 274
64 66 11424 145
68 69 54757 87
54 6 4628 194
2 39 28139 269
59 33 18624 120
29 37 319329 58
51 5 24783 192
31 86 36998 73
100 66 47693 144
93 46 5405 195
42 22 180687 120
31 94 28815 137
50 85 58372 202
17 15 8586 205
98 53 4356 24
29 17 21751 145
41 54 15311 470
23 27 37038 261
18 30 13229 306
77 93 8848 25
31 84 57488 637
28 53 170591 221
32 23 26987 110
65 14 10280 144
34 9 22305 384
95 70 1532 16
42 48 9437 147
87 50 35526 48
98 39 9279 38
71 41 32760 64
42 4 261876 190
65 45 57252 191
48 1 23862 24
79 43 60249 235
59 35 20065 61
15 24 13522 263
70 20 7914 188
75 49 35542 41
30 35 5644 45
45 2 10909 88
82 33 16864 57
20 3 16120 255
45 91 4029 30
25 13 18326 2799
71 51 9141 195
98 20 10870 59
64 20 32143 118
55 42 26260 106
30 9 8898 73
36 44 39597 206
83 73 6841 186
61 30 30967 445
40 5 5015 59
49 65 15335 304
68 9 16679 145
17 89 84749 61
7 47 7383 206
72 64 10214 198
21 92 48012 45
88 21 9910 135
77 97 51422 26
6 86 8129 360
7 29 23136 122
51 90 6776 150
47 34 23095 383
42 71 23411 40
59 12 22396 23
91 40 16737 101
76 47 15162 209
4 65 6977 26
61 13 19053 908
25 99 299886 39
98 34 46059 187
14 46 81176 84
50 69 3307 2903
24 58 4914 87
86 47 13328 17
93 21 4877 20
41 22 20608 1133
28 95 28151 408
19 27 3807 247
51 79 14055 73
70 56 13802 132
62 16 152179 691
59 37 75175 132
7 57 23102 151
30 63 13534 812
100 21 65493 687
24 17 20070 94
26 93 140673 326
34 16 7791 790
62 24 15657 152
77 70 4756 362
62 12 27446 30
51 63 20259 477
67 86 4284 118
89 95 147254 43
84 78 5903 375
63 37 61796 93
3 83 46496 585
26 63 6931 84
16 28 22879 639
64 47 35789 310
83 44 65597 298
52 96 2676 160
72 47 69411 18
7 15 54744 52
39 49 12178 663
96 46 14449 937
90 94 20403 291
63 31 45330 127
23 37 40807 105
81 74 14538 202
20 68 44327 48
84 70 155396 93
54 18 46590 1429
79 9 35173 31
75 2 20946 71
14 50 13327 68
40 55 139244 90
51 65 14941 221
49 30 12427 200
88 32 24400 278
69 495
51 27
7 99
54 231
57 12
47 269

7241080
