100 499 3 3
75 20 17592 464
75 9 54172 138
75 81 4825 327
75 68 5436 73
75 51 4794 99
75 30 185779 328
75 55 205356 213
75 31 72232 27
75 42 11825 600
75 67 23077 42
75 96 11602 52
75 45 154172 106
75 41 89587 115
75 70 2722 384
75 6 6066 21
75 8 20620 56
75 88 83904 134
75 69 32885 113
75 4 31025 38
75 62 8010 274
75 25 3561 59
75 84 31362 66
75 77 22581 91
75 50 1635 199
75 44 4878 57
75 19 16295 603
75 93 88635 97
75 63 276824 435
75 48 14983 65
75 23 257366 115
75 10 6351 47
75 74 32796 67
75 17 55334 2185
75 95 12845 539
75 37 33796 257
75 15 18020 268
75 86 14171 137
75 89 53139 110
75 53 128633 184
75 47 16644 558
75 76 29248 266
75 94 4129 194
75 29 29514 187
75 61 87824 88
75 16 29535 81
75 59 7752 377
75 71 32691 100
75 92 27244 663
75 97 40679 611
75 85 15743 122
75 26 6510 178
75 54 9189 336
75 56 10810 116
75 52 6007 873
75 28 13294 161
75 3 138991 30
75 98 43058 164
75 100 4103 176
75 65 8405 239
75 39 6064 618
75 14 34963 296
75 99 40475 628
75 91 53517 240
75 34 12582 205
75 72 9360 320
75 46 106921 117
75 49 12676 114
75 66 15200 56
75 40 29601 53
75 73 34157 57
75 58 48037 592
75 43 22248 106
75 36 80459 60
75 82 104591 82
75 57 53381 80
75 18 71275 115
75 12 32603 132
75 5 5576 378
75 32 25597 71
75 21 12267 59
75 80 1181 303
75 13 78405 363
75 22 54854 69
75 87 16051 118
75 79 5339 173
75 60 6301 88
75 7 16012 215
75 35 74109 270
75 78 33068 186
75 11 17652 160
75 24 164449 80
75 27 31379 335
75 90 44525 160
75 33 48052 79
75 2 13817 134
75 83 11745 346
75 1 18087 335
75 38 21549 188
75 64 33058 450
61 39 18998 153
80 10 75211 358
72 21 11991 270
94 18 40178 69
72 45 10758 66
2 11 22917 249
60 95 126140 56
29 70 34825 63
28 58 96911 228
44 2 2619 88
44 80 13800 13
83 7 20807 240
48 91 27272 72
96 99 41747 98
9 91 6098 31
55 43 62404 141
65 94 2689 213
22 83 21759 69
12 33 141746 29
24 62 9465 69
4 43 69295 139
95 86 26964 128
79 44 7383 922
61 55 37714 39
17 15 545821 93
83 18 80873 118
80 3 56809 68
32 57 40244 176
13 7 30883 90
53 34 38238 107
3 24 44560 574
72 65 4118 247
98 54 33649 106
57 65 9306 43
3 61 24582 319
82 45 61849 15
93 57 61876 139
70 87 83090 144
89 70 2519 298
59 11 111929 334
43 95 29690 232
14 3 14388 146
20 31 2336 88
70 45 19825 48
93 65 15549 286
15 74 6852 199
100 19 10939 201
11 73 51634 378
38 44 31131 174
89 73 10357 247
71 77 81621 138
24 5 10267 304
55 4 27507 2642
9 70 4866 202
24 78 8458 48
72 100 14310 81
85 73 131785 60
98 24 60772 36
70 38 38378 20
96 60 16137 70
11 13 9495 60
100 56 17901 189
15 7 75547 25
78 49 40579 226
100 65 39578 128
46 78 52881 63
91 35 8098 221
45 98 35842 395
64 70 23142 57
49 22 51281 152
55 41 19890 211
79 45 96143 20
22 69 4552 43
40 60 210766 287
91 77 22156 171
37 80 14077 728
40 68 55893 196
74 39 24377 169
30 42 11406 254
28 48 15659 80
76 73 14806 45
64 2 29841 346
79 39 237692 294
13 4 37767 251
4 78 104479 363
88 76 22626 56
52 6 417141 360
81 9 15034 362
5 23 42254 271
2 59 65253 271
14 57 2014 386
72 32 11907 248
83 95 2872 437
6 73 61832 73
17 40 1973 10
13 50 36983 1333
15 65 30742 125
32 8 96533 338
98 51 18235 200
55 2 42736 754
58 69 13547 500
73 56 36503 1247
6 51 17825 98
72 58 13671 66
84 33 5033 39
15 90 29337 63
81 74 57786 251
41 31 19523 56
94 29 7950 20
33 35 51457 144
68 63 17419 644
85 10 18065 1761
35 97 80999 225
52 8 34002 408
94 26 486809 290
100 11 4162 32
30 72 46450 166
23 30 9545 95
59 19 22469 180
25 33 7424 79
18 66 27394 34
7 68 77644 632
73 25 11029 26
12 28 17477 53
52 97 84166 405
60 15 12883 9
30 33 39256 163
8 61 127564 169
78 5 52420 51
92 38 29099 26
38 86 6835 73
93 4 14067 123
69 9 59450 732
72 42 26434 68
61 13 63593 125
27 94 42594 96
25 70 13927 74
10 20 24297 422
87 65 14833 78
40 27 19540 33
35 80 7172 68
67 20 6919 42
1 68 29798 635
4 83 50556 165
66 38 30912 148
89 61 10550 551
44 92 95190 185
89 57 43346 86
56 63 10774 70
79 34 9182 74
88 12 8163 70
99 75 30901 49
91 36 69965 122
88 59 10047 154
8 90 12802 77
69 56 37687 514
91 50 32060 100
49 64 11784 72
73 21 16301 158
86 53 36986 163
83 89 52190 107
37 24 249081 134
26 10 15248 58
99 65 67502 269
100 57 24529 96
54 91 28006 267
28 5 5992 96
84 92 43887 70
3 58 55443 119
6 21 21984 390
98 8 32571 474
7 13 41621 909
32 15 20444 61
5 27 20674 233
84 46 56576 63
2 89 76650 347
5 85 36317 315
71 48 7265 187
17 42 11059 67
77 53 7063 718
60 66 171516 16
48 55 31937 91
15 54 21965 68
81 80 32328 180
20 96 15398 505
2 3 27495 12
41 87 27267 215
14 7 29019 93
64 12 245298 54
7 9 19051 82
55 100 17600 193
54 16 152686 30
26 81 65550 146
53 5 36153 430
66 48 6750 31
45 3 8645 175
65 99 17696 354
48 64 14206 128
99 10 15883 37
48 93 27396 250
57 10 40840 434
1 94 46932 74
83 27 20598 108
86 19 75777 301
37 79 115319 147
57 7 5711 61
15 45 31310 577
17 62 28077 248
66 79 19352 304
77 54 20312 369
91 6 1070 264
40 85 13190 147
42 93 20910 117
43 18 7341 489
55 31 14830 201
41 56 8063 31
42 62 43125 80
48 27 10134 155
68 30 53479 124
10 69 12128 61
69 19 34082 191
35 27 27721 100
2 30 9381 288
28 56 28378 75
83 92 116748 63
95 8 30454 145
19 3 29624 123
7 33 9516 421
67 47 129103 269
76 13 8842 296
94 76 4981 80
8 5 30963 185
45 48 21462 74
66 12 32443 144
84 48 65687 132
63 11 201137 88
69 3 27526 117
32 12 38325 259
94 49 43376 272
19 96 56662 167
29 4 18349 145
7 88 50246 1306
2 92 39837 39
63 82 95845 621
21 5 41311 89
62 47 20053 237
74 1 10354 101
68 12 49563 71
70 61 1830 235
65 9 6112 71
94 3 3672 80
58 29 127832 512
80 32 30374 123
63 72 9754 118
49 51 37115 263
94 69 4738 77
85 28 30265 191
5 34 21056 123
24 2 43867 75
34 19 42963 593
86 28 127843 58
61 66 36571 49
6 77 9548 109
16 17 23695 510
12 47 5853 256
98 30 59381 179
70 86 47814 385
27 44 19752 32
9 61 15098 100
33 18 22232 65
29 7 43086 135
13 38 12561 254
72 63 168863 259
71 49 32097 36
94 92 133674 43
100 52 22904 299
2 99 40679 311
16 46 18891 228
71 11 19810 55
92 57 6247 209
25 66 15062 197
82 89 30630 293
93 63 12226 43
66 19 34745 46
36 21 19493 136
8 84 104275 27
17 47 57889 159
45 73 63237 318
46 16 17547 163
36 88 141355 20
70 52 42292 160
3 47 8496 40
24 44 79225 12
70 92 34177 222
86 88 31275 101
19 29 13058 368
22 41 37500 281
21 78 47601 1315
59 90 28388 51
99 52 39513 37
35 43 11219 94
82 15 55737 241
21 43 55606 71
50 3 85254 587
20 4 9286 225
38 85 198015 102
73 13 2652 249
83 75 12142 105
63 99 22194 81
95 65 82260 20
66 7 43990 573
35 71 2830 81
63 42 56224 72
57 89 14608 151
45 89 213848 209
6 74 105852 89
52 78 7108 41
57 6 27696 105
98 63 3690 108
6 10 25358 17
33 17 7460 61
69 6 17524 197
89 22 8670 178
64 76 17407 102
47 72 5821 36
18 79 5755 283
34 30 65213 181
63 64 9563 95
77 45 78949 130
26 77 7158 367
70 4 19111 277
60 74 4868 437
57 68 12024 167
66 87 67866 131
68 42 20258 66
79 98 6879 21
49 97 25955 342
56 54 19583 77
51 32 22567 95
41 34 14843 24
48 4 33793 100
38 50 24033 350
84 99 5280 103
52 81 13271 32
82 2 52803 103
8 71 20125 94
44 25 36263 557
68 16 5421 188
12 50 6895 133
60 25 34056 31
8 33 19425 57
48 66 5925 103
32 61 105844 36
62 40 11028 34
59 29 34246 216
44 72 25863 158
52 58 21898 186
79 71 9823 155
33 7 41324 187
81 70 11501 318
10 37 5089 35
40 100 18706 194
8 21 26422 106
18 67 9856 275
56 34 14655 78
64 75 72795 328
37 50 166032 68
49 7 40976 25
59 86 10046 499
87 44 74507 91
90 10 47241 44
6 41 15044 153
70 57 51788 757
26 74 35813 121
56 50 9396 225
34 97 18957 209
61 6 5326 31
7 80 7592 181
44 24 8824 111
35 89 38844 445
24 74 10904 245
42 15 209488 354
37 9 19743 27
69 12 20375 323
84 95 24875 161
48 33 16481 174
57 44 115588 238
93 34 27376 179
65 81 16717 133
43 51 37917 57
83 63 30791 109
45 80 116107 423
78 15 32550 164
53 1 20155 34
53 14 72996 173
8 82 66801 51
58 6 12560 418
11 43 45141 223
41 100 146077 136
85 31 23012 134
75 693
70 27
94 48
7 30
65 70
3 205

5201590
