100 499 3 3
60 29 21945 97
60 9 8115 67
60 65 80949 467
60 6 3904 83
60 21 24050 239
60 19 10774 262
60 96 75283 84
60 25 79717 104
60 74 8625 46
60 67 90351 26
60 97 103174 984
60 74 12169 38
60 23 2160 141
60 59 25277 53
60 8 3716 68
60 29 18574 304
60 70 1867 256
60 52 7984 91
60 96 22808 46
60 56 111172 126
60 51 7653 628
60 62 34251 21
60 19 15460 157
60 29 36229 13
60 14 74307 101
60 15 44775 34
60 27 353184 195
60 63 72246 76
60 94 33895 859
60 4 3316 27
60 8 39319 73
60 89 8891 79
60 88 2686 131
60 92 82493 236
60 28 150000 232
60 59 10978 216
60 39 17342 413
60 68 7999 240
60 15 14430 89
60 35 15815 36
60 48 49386 70
60 17 35580 120
60 84 81464 168
60 56 35043 372
60 76 8712 184
60 43 2516 184
60 57 35089 149
60 20 12755 176
60 62 5699 1051
60 43 18008 244
60 31 36280 217
60 45 83753 417
60 30 7305 274
60 53 46812 168
60 15 25457 602
60 63 5972 406
60 77 30251 315
60 100 5289 56
60 6 8666 229
60 49 103660 482
60 67 10790 33
60 55 79820 249
60 97 6960 203
60 67 10341 133
60 89 38566 252
60 54 17885 279
60 91 5944 391
60 13 60881 365
60 40 10613 81
60 92 5306 310
60 12 6157 118
60 52 12756 295
60 77 20255 40
60 63 10908 50
60 89 25647 214
60 66 113301 308
60 82 7313 68
60 43 22591 57
60 53 11562 66
60 18 6342 251
60 70 35131 536
60 59 1482 72
60 9 79653 127
60 88 9577 266
60 66 4985 53
60 47 19390 10
60 11 3889 342
60 94 30217 93
60 28 121102 23
60 65 6566 41
60 57 36440 77
60 10 43945 78
60 31 15669 136
60 56 8982 89
60 54 17243 76
60 95 32797 298
60 41 6814 78
60 88 3920 120
60 45 8557 80
35 63 7322 456
11 90 9461 141
64 6 21498 318
22 40 36094 128
16 43 39795 88
33 65 29964 47
31 45 6094 433
93 1 16805 51
89 39 10951 56
64 22 6427 55
49 13 23108 59
49 2 17771 122
100 2 3865 192
33 73 20532 155
36 72 24051 62
75 5 7060 394
45 67 11116 552
64 26 5095 414
39 94 20375 224
34 28 15332 226
37 95 7521 119
78 42 8905 34
34 3 9930 38
72 36 62287 209
54 46 7155 116
19 38 15294 808
45 39 20775 416
92 32 126426 440
89 85 1399 87
36 89 10245 469
31 38 15401 156
22 53 4839 209
86 88 25128 72
74 97 17265 65
86 64 23320 116
90 54 46639 165
6 64 52652 176
81 99 12170 104
56 32 52728 906
15 72 52575 419
2 16 33957 120
64 48 11844 108
69 43 6006 38
12 74 15866 103
85 94 10647 78
98 43 78252 38
58 20 2632 72
29 60 18083 34
67 60 74678 487
45 64 15288 394
26 77 152683 41
73 30 15223 33
15 38 48717 534
56 4 27238 24
11 34 25032 132
86 55 18034 184
57 22 55597 109
74 91 20460 362
46 95 7510 33
83 59 165030 96
90 66 20550 74
6 82 63018 83
69 95 264891 754
80 65 6147 396
63 56 14241 82
37 81 99260 150
9 15 49363 142
85 15 19981 130
85 47 53648 50
73 95 8874 271
2 70 5321 238
10 13 59992 147
57 94 23658 337
91 79 11355 127
100 49 11280 39
79 53 13271 148
8 39 7426 1048
21 72 7198 140
28 50 44519 91
40 53 25503 109
88 22 8603 633
83 73 23467 111
66 9 39923 159
64 52 30038 77
66 99 8819 158
18 14 36695 101
74 49 5975 366
85 41 41669 58
86 75 19892 318
94 64 23488 205
56 22 23742 98
6 33 45219 199
26 42 41276 104
95 4 19465 64
14 70 43772 227
54 43 56112 153
94 3 6812 78
2 99 86830 62
78 13 3577 37
12 31 7489 364
16 99 94680 65
100 1 16256 972
27 60 1739 747
86 20 63189 113
54 72 32997 121
73 14 11953 221
91 77 14055 221
12 71 24422 381
70 39 5911 185
61 23 11121 22
89 28 24324 62
45 92 8431 220
98 63 11349 194
32 98 32389 291
64 33 7466 43
17 51 7188 75
21 82 22281 709
68 61 5593 337
26 5 13311 41
33 68 37119 67
27 57 42449 241
97 80 40629 212
35 23 20292 124
51 69 17228 291
47 37 14664 90
100 36 9161 852
74 95 22959 123
41 44 4656 346
18 41 43569 11
46 45 10709 91
53 85 55501 255
56 52 8971 189
55 20 14498 23
82 5 4027 258
64 17 29089 21
23 98 19196 251
79 13 21212 217
66 42 14199 251
65 77 48496 150
78 48 48359 674
25 82 14031 1160
35 4 13734 2009
4 95 4831 79
80 8 42897 33
38 6 25389 246
40 65 15859 200
36 62 2938 601
45 33 4152 187
82 78 9958 1642
46 81 14141 159
36 98 10774 451
99 78 28269 232
97 58 142601 64
44 8 17314 140
65 28 75824 153
27 79 37574 197
38 23 34237 341
29 33 12967 38
82 36 24577 253
42 12 47354 180
50 82 22870 1488
92 61 9705 222
46 42 43287 160
30 39 52153 105
92 13 16468 406
88 71 19416 133
94 51 20525 444
58 18 32208 96
26 78 55448 99
54 94 161018 3622
21 10 58455 339
45 14 38734 271
75 6 17971 66
57 10 11814 147
40 31 34985 1440
48 26 19872 49
12 4 26572 181
19 87 8082 697
40 8 15298 60
75 53 8724 184
30 44 19003 48
49 65 4285 91
65 11 30161 279
30 80 22842 217
96 59 57915 299
15 42 2818 106
41 85 184261 308
2 22 14934 303
54 2 12696 251
25 2 7014 120
5 13 47656 178
44 83 126277 42
100 44 6716 1594
91 30 29482 33
56 1 46943 154
1 63 61710 91
69 22 43164 157
97 87 5406 198
42 24 26819 58
73 25 86621 111
50 9 33304 138
8 87 35944 134
52 30 76890 174
40 2 61841 22
26 99 5745 440
22 65 2894 434
96 51 32960 396
38 61 94950 180
26 27 5614 301
30 13 54400 338
24 82 16190 215
21 50 21521 642
48 35 12175 12
15 36 12849 117
89 23 16331 62
68 70 107607 585
1 20 33566 98
52 69 82349 69
69 20 45748 150
48 71 22051 70
77 37 29310 86
33 24 22091 186
8 42 36370 12
56 75 47131 527
38 48 51527 1051
84 5 34371 63
77 82 8239 66
48 56 57013 214
90 37 26072 147
97 75 48605 93
84 18 90741 118
37 80 70565 76
69 99 74202 160
5 23 108811 37
16 20 21414 28
24 30 15956 2429
14 92 168348 92
58 34 11799 116
66 68 41824 91
27 69 75009 6
92 53 11944 258
20 38 105693 64
25 18 42633 310
59 14 42029 178
48 32 16492 180
11 82 19447 760
88 15 52007 13
6 81 1955 1316
88 5 8216 144
76 17 139758 84
99 63 5068 570
7 31 19374 244
90 46 17083 189
29 54 4973 573
36 1 68240 121
85 45 20850 195
36 47 21608 218
77 93 13942 71
8 63 48479 111
53 93 11058 114
11 49 2402 75
11 47 20188 340
86 46 107613 244
17 35 6573 294
94 10 38467 152
79 98 16684 111
23 28 22175 25
40 36 43753 1849
87 25 149980 57
65 25 51841 194
46 36 23780 278
13 88 133894 124
10 79 119120 157
30 28 37386 137
94 77 28998 20
99 13 134468 177
29 57 26252 285
2 48 5306 80
83 57 15891 9
34 85 11069 1278
3 69 51870 58
93 11 10442 149
77 8 34383 497
17 90 15676 2118
11 45 9679 60
100 31 41236 220
45 78 17506 439
45 37 9661 36
49 29 18003 231
28 12 80618 52
86 50 6086 313
34 53 9257 90
87 34 64914 176
56 81 58558 1321
96 7 16097 405
1 71 19928 83
59 65 44366 229
49 21 76623 247
59 100 2297 281
2 94 8796 86
40 57 29835 96
52 56 72050 205
56 85 15210 75
18 71 175182 230
2 87 9790 27
5 45 43000 48
4 5 7795 128
74 79 35571 197
58 9 34009 79
73 99 43541 214
75 25 4980 251
91 61 2716 125
89 18 67727 130
15 91 12104 124
76 69 24000 305
35 98 50550 72
72 65 10595 76
58 11 8100 474
64 25 18439 490
26 15 37194 190
43 71 2564 71
30 32 5397 207
74 23 38391 258
53 3 38961 299
42 26 28249 290
66 37 40604 67
18 53 43634 174
54 73 39398 181
6 44 86230 112
60 42 89244 946
89 42 20584 57
83 1 7770 55
83 74 31667 563
19 97 24644 156
94 83 17604 187
23 38 13856 596
80 46 5164 159
74 53 25367 128
19 72 83900 356
9 64 26853 53
76 7 22061 623
84 42 11465 91
81 29 7845 66
50 7 10159 21
52 36 16889 57
10 71 79932 100
94 21 259170 93
14 79 284471 1295
65 55 21780 79
94 6 9704 254
86 40 51182 33
40 91 103903 150
45 40 30100 43
71 13 61415 244
29 88 10887 35
54 79 85161 169
42 34 5099 52
75 77 29475 149
97 35 18374 144
100 41 20088 673
27 39 22705 96
37 19 19661 640
78 70 15033 23
42 81 41386 139
56 27 45899 79
56 38 4585 213
38 69 19815 151
34 74 28566 65
57 99 2188 47
38 73 133582 62
32 15 11794 41
24 96 5905 574
93 84 21317 156
25 76 13940 110
12 100 73339 98
11 75 30508 438
44 100 42072 1002
50 68 34013 34
95 42 14466 16
41 88 7066 33
23 12 13663 312
2 61 59618 65
13 25 14132 168
27 32 28358 76
95 60 6731 117
68 82 52862 131
66 16 10580 312
68 47 29180 86
20 7 32604 57
45 87 27738 94
58 59 20899 274
78 17 23816 272
7 97 16008 185
70 40 21949 26
8 18 2614 107
80 33 34585 111
26 56 16716 74
61 29 18571 78
40 11 75723 268
72 62 25609 16
60 1800
56 100
45 60
53 210
42 3107
13 1246

78395091
