100 499 3 3
39 99 4356 351
39 10 58080 104
39 79 12388 498
39 65 13989 220
39 20 72393 52
39 91 5562 39
39 71 4424 464
39 65 38768 263
39 96 29869 188
39 76 43892 264
39 57 14754 47
39 91 4349 43
39 13 141256 58
39 6 50830 105
39 68 7991 58
39 2 4391 105
39 98 20597 121
39 95 18495 202
39 5 35186 94
39 73 13339 131
39 62 65767 68
39 58 48316 509
39 45 34436 204
39 34 10790 101
39 80 33407 435
39 96 18941 165
39 98 4063 161
39 4 40146 205
39 76 8466 112
39 13 14268 410
39 76 18982 51
39 2 5273 367
39 2 147896 60
39 42 52263 144
39 27 10695 203
39 80 24886 212
39 75 19586 86
39 48 21759 191
39 7 22718 209
39 59 21891 388
39 6 9293 163
39 4 3900 153
39 18 14011 1497
39 89 56237 135
39 89 26113 132
39 29 22031 207
39 71 20763 455
39 34 60192 378
39 81 9270 492
39 69 22807 241
39 61 32110 319
39 95 18383 83
39 56 12586 269
39 75 14679 150
39 87 23338 128
39 42 7224 37
39 98 31027 258
39 97 11667 181
39 32 8798 118
39 13 10760 68
39 77 110768 415
39 51 105076 218
39 71 15433 136
39 28 7103 70
39 29 23234 208
39 62 7471 31
39 26 19822 281
39 34 18277 25
39 34 32627 123
39 54 35346 73
39 7 35543 265
39 3 17285 1071
39 6 102764 35
39 18 9967 51
39 90 95512 188
39 80 14927 174
39 80 36180 255
39 14 23232 38
39 38 17776 369
39 53 64605 53
39 98 15258 62
39 70 9910 670
39 51 6485 43
39 9 22310 443
39 75 15038 87
39 67 6220 193
39 91 65220 92
39 31 19696 303
39 19 2896 272
39 8 19155 147
39 86 102155 107
39 87 34769 426
39 28 39568 922
39 9 56140 413
39 76 6292 1786
39 2 26166 173
39 24 18178 228
39 53 57456 481
39 91 6889 38
91 100 76646 207
22 80 4640 191
20 44 27727 73
30 80 10712 238
93 88 10434 86
27 49 11217 899
79 63 98283 90
99 9 68113 421
86 80 18940 117
66 19 22718 26
11 86 82580 313
44 75 36134 126
67 48 17958 236
40 12 5578 1386
55 49 100012 217
10 8 81671 23
29 1 8180 781
91 19 17580 132
22 39 6295 417
57 58 5186 127
51 74 2842 73
89 47 7027 73
14 5 35464 408
27 53 29517 80
13 84 29123 56
49 65 25327 507
95 3 85402 59
48 83 7151 383
74 76 7880 62
30 17 12582 57
37 11 22082 141
57 16 16636 107
9 34 16536 535
21 2 17487 79
29 14 24426 222
74 6 45788 51
36 10 15511 86
86 89 6534 225
49 41 11391 302
96 98 24736 66
50 45 16427 50
28 33 55729 1826
55 13 7365 756
35 27 47664 423
14 61 51554 21
83 91 5531 69
69 68 19968 26
80 94 22842 117
44 7 47628 43
9 88 54277 200
25 55 10475 78
20 43 19646 23
55 81 20716 160
96 74 37108 636
35 53 18044 27
13 61 9609 510
84 83 51758 167
70 37 27720 433
72 59 37535 48
94 99 54034 255
93 72 62175 207
85 29 23186 16
61 87 19332 414
1 60 25201 53
81 86 37159 99
31 25 44603 100
46 60 28700 154
41 42 87621 32
31 94 15632 700
82 4 11376 584
81 92 24431 324
11 51 4242 60
18 83 4903 416
24 48 36499 30
79 39 47458 578
63 33 14416 73
17 99 3428 249
46 43 25127 566
42 54 5318 318
64 12 14491 136
19 36 22808 48
7 23 24724 32
66 11 23883 179
32 28 15734 144
5 67 52796 440
1 8 5215 92
22 46 20340 207
78 71 94258 80
98 32 38223 40
40 36 22780 43
40 25 30758 1087
76 1 12046 345
96 94 6589 68
28 41 88104 253
4 10 12489 50
80 13 7338 265
16 79 24204 109
61 71 19395 25
89 1 17290 149
29 91 141501 99
27 25 32009 42
49 46 3533 155
60 26 196071 35
22 81 3113 127
22 61 10855 137
1 76 7940 64
71 46 38599 30
14 9 3887 34
21 36 9004 27
78 99 5665 819
78 17 12698 304
40 14 36893 65
32 43 5057 157
57 30 6831 65
45 9 8908 190
19 97 16253 200
7 88 34075 124
33 51 38767 66
82 24 38474 227
28 38 21560 129
11 26 38727 146
37 73 11585 233
15 81 25697 354
75 90 14582 407
64 39 78379 60
7 86 45737 77
15 74 40958 276
21 74 114313 268
61 64 23851 286
78 20 89465 2233
89 59 17009 53
77 84 119497 64
99 75 3453 80
13 69 36300 1963
76 15 6044 155
18 3 13424 368
100 95 55428 101
82 95 50431 25
76 53 8794 103
77 94 35062 50
2 80 6457 168
70 80 23548 109
92 6 10442 7
99 43 191585 310
43 25 22367 49
52 25 47900 200
66 32 9107 109
35 87 5270 227
49 37 111156 77
66 41 19142 531
21 48 77004 55
55 77 5465 86
60 15 8102 182
50 74 8337 700
82 70 14420 323
54 71 10042 169
69 18 21451 78
92 75 15380 25
72 68 118528 85
6 44 58428 75
45 94 61244 199
57 36 46426 379
40 22 5751 584
12 100 9294 79
9 50 30544 194
1 68 8495 308
3 27 59086 109
74 99 30668 187
52 18 210057 90
62 90 16315 108
10 93 10225 117
89 28 54020 544
53 49 31148 98
28 5 122523 173
85 92 2577 87
30 32 63021 37
73 69 20309 97
8 75 51848 424
98 80 123007 42
5 25 16899 61
88 50 8803 135
85 82 182837 33
11 66 410643 619
6 31 27393 164
70 71 25753 156
42 3 8570 13
73 71 45201 55
30 75 12550 62
23 31 9796 55
50 58 99857 796
100 23 10043 42
81 70 149103 661
97 28 8210 210
81 53 19527 99
100 48 16476 173
30 40 34510 752
59 38 7470 182
34 28 6876 131
85 7 11638 115
9 24 27837 376
10 85 9109 150
51 4 144830 107
68 86 15943 101
30 59 13897 124
34 66 3402 279
55 4 86704 27
12 98 4952 199
97 34 13738 61
3 50 15348 49
49 56 3343 129
90 3 16460 51
34 38 29738 83
49 94 14056 120
35 64 24200 266
87 58 9052 107
86 13 8142 108
75 45 26485 377
2 71 3178 47
83 51 11512 227
72 36 29270 109
38 34 7354 423
89 96 6726 414
81 23 23013 287
92 8 11305 29
24 14 42457 567
20 81 175539 81
57 32 47186 129
46 32 23407 176
98 21 35801 268
1 87 60954 120
36 17 15718 128
73 92 49033 888
96 20 20314 286
11 46 55173 3
77 52 5744 173
5 80 79496 89
43 88 5764 258
45 61 48721 38
61 79 29219 84
76 74 34750 86
84 31 9373 157
46 19 14071 173
86 87 31640 74
40 32 12943 227
94 61 101740 432
58 89 84012 1053
77 30 10783 41
99 34 24313 216
77 26 46028 182
42 24 5503 104
80 21 5429 40
100 4 16751 201
53 26 62301 372
14 49 109499 165
65 19 17127 94
50 94 10512 87
60 71 20145 306
79 92 4656 83
31 15 2121 48
32 78 13396 348
59 37 44307 112
73 62 25329 268
90 55 74820 17
93 69 10118 797
27 10 17982 843
62 58 3810 99
26 5 9831 123
96 38 66033 246
34 62 22001 143
70 85 7053 28
78 38 98982 456
9 32 22636 90
44 26 16717 136
55 36 31143 23
14 88 119931 130
100 53 146754 20
35 28 25929 210
97 43 113942 207
99 98 5917 144
79 23 73378 48
94 27 11224 226
10 2 91890 175
43 30 135675 913
99 5 15302 49
28 80 13159 226
9 40 7176 32
38 95 16060 47
50 2 31329 196
33 18 14849 154
52 22 20442 271
48 78 85500 364
48 84 7899 97
23 9 8398 303
57 47 5363 19
39 41 46522 247
91 66 14698 32
37 86 6200 213
42 36 14986 410
48 29 4829 33
22 75 8912 173
91 5 7570 80
32 31 5076 55
76 34 18246 262
71 3 8049 252
7 5 7772 143
43 97 59157 99
20 36 5030 123
25 44 7017 76
65 92 40234 259
21 89 13382 357
72 38 13602 80
54 74 28708 233
53 61 110323 85
29 60 9717 46
84 88 8499 39
14 25 69875 21
58 70 15871 203
74 87 16068 445
57 18 16967 866
87 92 18650 316
42 60 14294 419
30 48 1088 50
97 65 17623 59
48 46 32678 265
87 40 4601 39
5 76 24720 36
100 14 62481 50
84 48 45840 61
27 84 33845 231
73 17 59858 696
16 14 25761 420
33 61 19840 1276
94 21 20729 68
65 82 13865 241
53 45 20326 87
72 49 9181 238
56 58 14443 381
8 97 9369 187
40 72 21978 113
43 8 44542 336
38 61 39277 122
86 95 18834 86
96 55 23120 21
63 36 45648 145
79 30 324127 29
8 92 6704 184
16 74 3698 285
84 42 20562 164
47 70 29104 48
25 43 31933 50
80 18 17013 91
87 82 11607 108
18 35 17147 168
13 27 25403 138
26 39 24939 54
64 66 55809 255
81 69 609 543
84 28 26610 121
79 73 45508 153
95 92 12537 750
10 20 8773 53
20 74 6588 158
11 20 46948 106
51 17 9354 295
50 86 31270 34
99 6 8736 52
45 43 162357 395
42 19 69099 267
61 12 36947 112
96 77 30243 244
75 88 13485 245
37 34 59491 54
94 77 19348 140
70 97 14486 164
33 84 140715 50
35 24 6916 17
34 83 48874 148
70 69 56197 138
16 71 2596 87
44 47 131932 154
14 4 74584 199
85 60 13801 147
66 35 8121 92
61 38 5885 248
98 11 30928 53
99 3 50960 332
70 62 35848 394
23 96 69498 17
67 56 47944 526
33 83 78608 74
88 58 69303 265
8 74 11597 281
49 6 11043 31
9 61 18642 18
74 48 10650 121
47 99 17845 340
65 47 23885 315
7 69 39729 24
24 12 23662 95
41 87 18747 58
39 500
99 24
96 49
80 1806
71 203
74 124

6596955
