100 499 3 3
21 11 144816 520
21 40 20787 59
21 85 48884 499
21 17 1071 180
21 94 3020 121
21 20 4746 306
21 58 74394 249
21 80 24451 112
21 43 7660 105
21 44 11780 72
21 31 23302 49
21 97 7512 234
21 23 10086 27
21 91 12955 312
21 76 22407 28
21 47 44892 415
21 42 29246 29
21 64 45883 1046
21 85 33264 18
21 33 54670 44
21 40 16559 40
21 32 8383 689
21 55 15595 95
21 43 27289 258
21 44 73133 34
21 49 2270 70
21 57 14100 74
21 36 39625 465
21 59 37593 385
21 3 31234 220
21 30 15630 80
21 57 32774 78
21 78 87867 382
21 13 22378 45
21 81 61568 58
21 57 17392 199
21 31 35962 78
21 85 14476 51
21 84 20522 84
21 43 59102 502
21 14 33583 84
21 66 4808 113
21 26 75050 95
21 84 65591 199
21 99 11585 116
21 46 80561 115
21 26 17786 1088
21 69 69400 209
21 75 55518 170
21 44 17912 69
21 95 6365 25
21 95 10649 131
21 1 13390 168
21 4 36263 135
21 10 108331 1054
21 73 25328 208
21 89 16868 88
21 89 1706 370
21 15 1141 150
21 77 21777 266
21 19 15728 200
21 27 16829 831
21 9 18395 312
21 14 65353 45
21 13 10477 181
21 95 51327 80
21 31 6992 86
21 32 8033 140
21 72 15729 1528
21 68 24956 19
21 61 18029 162
21 91 20035 217
21 35 3975 128
21 40 58747 518
21 78 86868 377
21 90 16173 369
21 84 31351 400
21 67 24604 81
21 40 13611 863
21 12 14114 33
21 56 2405 46
21 58 21989 392
21 28 6512 1017
21 71 10105 44
21 41 17548 31
21 44 55047 118
21 97 6135 44
21 90 8149 160
21 79 11588 457
21 9 62093 132
21 60 27114 359
21 8 84880 262
21 64 85255 62
21 34 116963 45
21 42 880 77
21 25 5843 105
21 39 65617 30
21 39 63479 119
21 89 70268 445
98 37 66705 71
83 67 6005 97
20 7 4682 65
45 32 12977 131
98 100 56325 21
41 47 5125 306
38 95 9785 633
93 59 51674 137
99 81 149673 511
45 29 34673 1775
81 5 9697 135
62 47 104236 239
39 68 24013 205
99 76 13598 74
89 57 28543 151
54 26 12440 244
68 69 14911 88
4 44 16537 127
73 65 65756 93
27 23 13314 91
53 78 6439 38
53 40 26824 187
99 8 10958 396
31 90 25447 153
93 49 8661 74
82 54 24274 462
55 2 31150 90
99 18 104052 162
68 20 15923 1466
36 7 46299 284
72 83 5494 48
48 50 12640 193
18 97 9294 122
88 45 5305 518
35 73 32897 261
63 10 14323 58
76 32 33373 61
62 60 24569 147
39 3 10162 179
99 35 14351 337
10 20 20923 740
24 38 19375 45
59 41 53552 339
28 20 46469 1484
27 29 6451 59
8 77 34539 121
10 77 14468 67
36 3 24188 378
37 78 26192 402
14 52 33476 133
37 30 9263 95
1 54 13975 388
25 35 33118 326
81 57 49998 119
67 95 27989 232
62 65 7957 29
6 16 14067 321
79 97 31046 170
38 85 14560 553
40 28 12874 780
30 91 5309 199
33 85 26539 112
58 31 60960 489
27 53 119835 59
47 98 20333 102
80 84 9314 28
19 3 10489 144
53 9 5466 2293
65 8 71029 255
59 22 100864 99
3 96 109130 47
67 3 21629 96
64 31 4850 132
86 76 10088 785
33 29 64465 137
23 97 11055 40
41 75 20998 190
69 82 9766 124
16 13 4405 37
33 8 30904 2032
63 48 54326 264
67 82 41398 34
32 98 37248 62
51 72 34456 186
77 89 6691 22
54 34 98439 57
55 18 9787 642
9 99 50684 269
30 29 28782 232
55 23 4408 501
85 25 16034 211
6 100 67221 209
36 41 13116 135
58 75 11194 164
13 43 218375 75
51 52 23646 63
42 86 7536 37
63 20 10614 595
32 49 26464 651
70 94 24111 118
3 80 26666 489
95 89 13843 134
94 20 52228 336
5 56 74201 611
47 86 69299 53
86 62 17536 189
58 91 11906 241
94 77 3733 69
98 72 21533 145
62 76 13563 163
30 63 65427 199
54 73 11997 234
71 44 107357 75
33 59 108242 123
84 93 5502 111
54 41 19737 90
79 36 25229 164
6 28 20321 665
37 13 65496 492
45 83 36013 134
87 11 6390 475
85 68 14852 83
13 60 21709 47
31 63 18464 59
84 61 118088 79
17 15 30279 241
54 44 7945 75
11 30 117583 130
40 47 45613 52
46 57 49706 12
47 8 29420 111
45 28 150862 434
39 70 17939 46
79 75 12051 153
74 21 282349 204
90 42 31978 55
32 88 4607 64
4 71 9477 291
60 64 6423 377
91 99 28027 210
69 83 4537 167
96 28 11054 233
12 100 15153 155
42 68 1155 187
41 20 18426 51
50 96 35175 43
14 50 31495 409
74 28 34465 595
33 4 40250 594
13 32 59125 95
96 1 12293 159
47 5 91141 107
67 70 43754 92
88 21 6669 532
39 50 8531 216
52 42 18639 416
53 32 10350 127
50 67 18011 326
88 80 46910 699
20 24 105886 427
30 39 25545 32
22 31 51604 36
18 35 105895 203
61 30 119807 732
18 51 25789 100
25 29 72788 105
75 57 49355 100
70 77 15946 84
99 65 13517 79
8 60 48054 299
40 25 69437 104
95 55 32164 722
34 58 115247 124
57 29 14075 40
13 50 23541 23
92 23 5299 44
11 26 10779 557
78 59 22123 194
20 3 238109 81
86 71 35218 377
13 45 18706 66
7 41 21644 79
33 99 26357 79
14 94 2202 338
4 80 2976 834
47 34 11737 113
41 76 10818 149
30 32 23095 47
49 86 32709 155
55 26 28767 46
1 72 49336 2750
90 9 20793 235
45 54 41186 94
98 5 6561 272
73 76 143482 126
37 92 20364 58
37 23 26806 34
81 13 9982 80
15 82 10039 539
63 29 7003 76
3 24 79248 67
61 9 134780 229
9 15 6919 169
30 62 18293 321
20 10 27819 81
32 92 14499 59
5 2 10080 120
68 48 23886 224
91 100 75090 19
28 1 29494 126
70 5 46808 53
12 17 143459 254
1 68 22177 42
50 15 8737 77
65 6 61139 378
59 29 7405 288
76 7 17248 215
66 13 56471 212
62 29 7314 275
81 64 5916 252
62 28 6565 730
54 18 11551 93
36 29 4149 66
24 63 16957 226
12 35 8111 60
13 75 8047 135
10 43 10772 699
99 85 14848 217
11 5 9276 61
30 90 5138 35
52 14 60370 119
40 48 79905 186
17 6 164036 51
88 32 17811 687
59 81 20627 41
6 40 7973 85
19 86 10552 238
62 39 26771 170
96 83 118639 460
3 59 21344 765
43 85 30353 122
6 38 8044 26
92 100 20078 141
78 30 66502 75
56 20 64932 308
62 82 42576 428
87 32 227363 48
38 3 4604 601
85 14 17545 48
5 97 14653 1265
98 13 2435 21
87 37 32133 25
19 74 28082 1507
55 69 20484 175
16 99 15557 441
59 48 23692 95
93 39 20251 235
59 52 57232 295
97 8 6470 87
93 79 105827 104
62 8 20026 158
70 68 14720 360
56 69 5740 443
8 46 25715 362
22 90 4040 235
50 11 16657 197
41 7 10200 203
92 44 14230 206
95 80 27163 61
95 54 21959 38
28 54 16861 64
50 39 9284 400
11 62 103372 162
45 50 8485 80
15 8 9495 21
37 15 1800 58
92 39 12394 40
79 87 7000 115
96 32 43825 143
79 60 26261 77
82 52 35319 395
75 55 3228 695
77 72 38911 540
39 100 73018 75
87 73 18048 259
78 74 10728 31
24 81 96978 253
35 3 18035 237
2 67 15186 579
78 46 22924 51
76 64 13053 71
51 73 23875 65
18 31 16652 168
6 12 15694 162
45 77 21782 215
51 43 6738 234
68 10 13342 545
90 43 35856 91
23 26 10709 99
67 21 33191 99
6 45 113791 77
94 46 20536 37
78 8 16632 77
67 50 187051 226
71 31 35934 1206
52 74 13517 95
47 92 27417 55
61 47 12465 812
19 81 30122 363
56 33 15802 340
4 35 36411 250
48 83 26609 339
82 1 34357 118
61 15 21457 262
31 32 18966 70
48 97 14915 230
51 96 4485 1117
33 37 61388 3151
30 19 20100 187
79 17 101292 983
93 25 18669 44
95 27 293157 1658
57 59 6604 149
65 16 7087 133
15 20 4711 247
25 71 109404 102
56 80 4388 344
49 82 12883 88
40 83 47018 283
93 40 15078 148
38 84 8572 214
11 24 12360 65
28 15 51883 203
51 69 47907 52
84 42 10205 66
84 72 9517 37
2 23 16175 94
33 84 16014 106
62 16 10315 118
47 36 32455 102
59 5 16275 87
61 43 158751 642
17 21 100230 223
76 84 128236 43
56 73 8731 632
72 30 30938 403
61 65 8339 256
16 45 42863 96
2 42 64128 245
74 61 12037 316
96 55 42123 36
48 67 35071 153
37 72 24111 152
15 63 36922 705
43 28 34701 76
79 47 14991 105
98 34 3594 71
17 4 6416 366
91 40 78073 106
38 8 42689 215
20 65 68284 78
52 34 18087 131
74 75 6206 72
96 16 18803 95
28 96 16519 136
38 59 8131 206
30 78 85743 1637
53 42 9947 231
26 67 11761 41
96 84 18809 420
98 58 51026 132
30 89 10333 618
31 82 40382 861
95 91 87349 29
60 36 55389 250
71 74 24012 222
2 13 16503 72
57 52 11457 24
22 56 4996 371
37 100 6046 185
65 80 21919 210
1 33 11189 84
5 94 23199 690
5 3 19243 150
49 71 29400 264
28 26 58492 181
91 59 8591 236
70 29 19135 226
77 51 46557 83
74 93 4030 141
79 68 5445 258
69 58 7696 375
53 61 5097 287
58 89 20586 435
26 2 6396 148
1 52 12267 240
47 38 46914 57
64 81 14178 508
50 21 18815 87
53 75 56868 725
21 495
62 130
30 80
32 376
29 69
8 287

9213413
