100 499 3 3
74 45 43475 240
74 85 29144 108
74 26 120123 145
74 35 40953 200
74 15 45841 180
74 28 16489 212
74 81 35547 183
74 64 41993 491
74 4 58553 699
74 100 22431 30
74 30 166309 87
74 36 18362 246
74 84 5406 343
74 50 19370 361
74 46 94370 53
74 19 125733 164
74 77 20847 574
74 12 62658 161
74 5 2405 149
74 90 14916 679
74 96 15184 98
74 63 102163 109
74 76 32383 89
74 21 10976 160
74 8 1822 42
74 43 13300 164
74 94 58620 597
74 31 8954 290
74 83 62524 44
74 52 31260 52
74 78 28969 407
74 95 15191 53
74 25 56727 599
74 53 26854 188
74 17 40273 307
74 1 3185 139
74 51 7563 132
74 13 6563 145
74 99 3387 487
74 23 6731 321
74 65 26395 88
74 32 32154 147
74 59 90324 96
74 33 44141 362
74 72 9650 198
74 7 24718 142
74 24 234872 554
74 38 3945 137
74 27 8269 11
74 48 60810 249
74 11 29253 45
74 98 15429 167
74 6 66680 168
74 40 39652 637
74 70 6239 942
74 79 25949 217
74 16 5548 91
74 97 5422 404
74 87 14471 302
74 61 99770 237
74 66 14675 28
74 89 61308 158
74 47 329105 1059
74 75 5212 382
74 22 5911 19
74 37 6916 150
74 57 19152 820
74 92 4027 1363
74 67 3749 1027
74 93 24293 148
74 3 98232 67
74 41 99044 129
74 71 31514 152
74 9 12264 1184
74 56 17884 63
74 60 17087 46
74 68 5945 239
74 2 41082 485
74 88 12374 440
74 58 160726 52
74 39 27568 246
74 29 56178 421
74 91 41701 51
74 80 18610 56
74 20 20844 307
74 82 21141 25
74 14 12464 48
74 73 41779 96
74 49 27638 669
74 86 9261 66
74 44 8534 95
74 62 61328 82
74 55 32266 393
74 69 95652 195
74 34 6627 807
74 42 1369 369
74 18 18750 153
74 10 11088 177
74 54 118616 148
34 4 29252 31
29 45 76997 281
5 88 17644 540
75 16 114457 127
89 43 163434 104
13 91 45405 127
79 83 30695 105
72 99 2538 289
100 56 30963 126
51 45 25246 175
6 80 135387 68
82 18 17831 122
35 16 34138 57
66 93 162137 10
4 97 13654 188
78 21 71035 353
13 71 20312 355
67 21 56782 241
51 21 8934 76
7 43 60801 157
28 20 16141 38
85 59 74140 222
57 20 15247 159
70 10 116117 197
28 83 47319 98
37 43 9536 145
12 46 83831 178
72 64 24022 137
70 42 34616 138
1 61 54202 244
42 77 2843 462
14 87 14186 10
8 13 32040 288
27 42 13872 389
96 69 11502 411
69 88 28952 519
90 85 43086 80
47 19 75324 483
1 32 44283 351
78 91 5141 457
32 31 16821 337
65 31 27041 1094
14 12 7238 16
15 48 5179 1234
42 56 7128 309
48 29 17856 283
93 43 8950 4
27 73 5964 1065
34 15 13382 51
18 14 6257 26
14 26 11467 131
81 4 67392 349
2 22 15375 46
36 35 5755 121
62 51 15631 102
89 80 31959 300
4 39 52249 130
71 35 45879 716
40 83 60355 148
51 46 54183 307
43 82 24050 132
22 79 45171 552
16 82 7979 1128
72 21 40717 135
40 17 12766 168
59 3 23077 118
94 69 16231 620
68 22 27417 150
55 20 12267 66
81 100 12794 62
18 91 10041 522
31 59 38120 363
38 40 3366 361
89 10 23091 423
52 23 5151 40
26 43 18235 665
86 37 33864 990
66 26 41304 136
59 26 45298 207
92 21 5174 183
49 37 28801 276
20 69 31892 50
99 79 68025 27
95 60 29545 83
65 95 69911 68
23 82 38982 256
40 85 8149 61
16 59 64929 220
17 7 7899 406
57 43 25522 703
56 10 17314 986
68 99 21445 115
57 65 21533 131
58 34 22293 24
67 86 49737 197
83 56 7516 157
54 12 65229 89
45 38 28738 72
91 7 52249 386
53 8 9927 698
72 31 24849 35
17 76 6800 129
69 46 49637 97
35 74 5032 178
54 45 14310 107
59 45 25712 1106
73 74 1947 58
28 92 17179 27
70 87 20261 186
23 83 239841 90
63 46 51500 84
36 63 15968 21
60 91 29066 131
23 20 25188 250
50 77 21898 69
33 80 69676 318
26 19 10170 94
93 57 24779 50
23 62 89353 2304
75 59 31994 86
31 28 77032 319
79 97 23233 79
42 36 33218 180
88 22 7456 130
48 70 87229 611
36 28 212423 2214
24 17 20656 48
100 80 26430 289
62 13 8438 39
5 99 9251 86
14 50 65265 166
82 29 22310 1165
65 60 23503 180
49 26 34978 60
48 47 49682 24
70 86 41506 1079
87 28 20482 539
47 28 334792 136
20 19 35313 282
90 11 8484 55
95 79 32482 586
60 88 45802 456
55 60 32952 29
93 81 60519 102
18 29 74071 312
87 86 11314 41
62 83 14552 244
44 46 39225 230
40 91 50721 143
91 47 101919 324
49 4 56075 29
82 31 19891 514
44 92 122495 60
21 44 11640 55
91 84 69551 192
43 60 18255 31
84 15 67339 201
42 27 13592 304
16 20 20982 65
50 78 40362 172
98 85 21694 202
15 85 11942 390
41 18 26584 206
91 92 21529 1083
75 93 10320 1086
32 64 32360 27
69 94 37085 152
89 5 64241 228
84 17 39807 41
45 33 89676 365
87 83 8950 198
78 19 69385 371
60 44 37581 167
3 83 20380 164
90 30 15088 100
28 88 66244 60
86 1 33106 47
18 30 61558 72
76 37 13152 442
24 12 86761 207
86 99 19685 310
99 16 11036 120
11 41 17915 36
12 90 43580 80
70 17 20420 337
21 64 1459 515
45 79 16973 245
23 76 89952 677
28 67 4522 164
96 52 40002 73
31 85 9569 140
24 83 39286 198
99 75 12570 157
75 40 11710 172
47 85 6125 444
59 89 8406 22
15 8 29346 91
72 25 26673 384
3 86 21073 101
97 39 22964 134
15 41 24057 64
86 36 18634 262
31 50 52315 262
14 65 18002 104
36 8 27813 139
31 83 17776 124
69 7 11616 76
57 51 31229 443
64 53 16735 413
32 13 12289 143
41 13 11424 566
54 27 74299 129
41 4 53158 637
23 39 7563 140
20 10 44918 85
80 16 21810 195
89 86 41623 424
80 20 52695 1010
22 11 2207 197
20 48 3564 557
52 5 1278 541
16 15 6965 61
20 43 30838 252
63 27 20255 361
100 72 55389 74
15 53 11829 215
53 34 38052 261
64 60 54291 52
51 65 4850 180
84 90 79448 349
35 66 154741 41
68 92 67862 26
62 50 31082 126
57 92 37056 34
38 73 8198 118
43 50 29838 46
46 20 9220 33
65 52 32455 119
14 94 6117 57
80 91 4922 75
60 92 25855 14
90 59 69804 105
25 31 284653 61
37 20 29254 88
87 42 37195 56
41 63 49871 38
39 87 21259 2867
23 71 26658 110
97 83 15280 119
88 70 15421 193
67 36 18743 146
48 41 18750 387
65 70 51906 146
20 81 64897 160
2 55 32110 378
69 67 10209 539
86 80 55068 139
55 34 14881 179
64 100 14927 691
49 13 5734 35
44 48 19771 104
87 78 15180 698
10 24 25478 166
58 3 11263 363
20 65 66579 71
67 72 3707 99
98 48 78384 56
62 16 4167 248
29 25 16815 528
92 72 7400 20
93 82 19321 2243
67 84 20061 74
4 10 75538 380
63 73 17006 15
87 79 23887 264
16 6 8575 40
43 2 79908 144
54 77 27346 108
96 25 84809 597
1 16 92624 132
12 80 17485 262
71 21 28784 52
93 51 29615 639
87 52 6149 2385
84 2 46433 33
41 45 77334 197
49 59 15290 306
9 85 12953 306
73 10 72372 332
34 19 30355 81
92 80 2950 91
23 91 21949 319
56 32 26463 181
84 85 4157 538
52 94 7214 205
63 80 25991 117
30 47 30946 88
95 37 59144 424
87 56 1994 276
12 26 15970 111
95 18 42470 544
11 48 41925 101
51 66 12457 108
24 93 127972 223
35 24 8406 400
35 2 66011 557
89 29 11301 180
71 100 42139 76
4 41 20813 39
36 43 31765 270
31 78 52396 131
33 74 15696 211
64 67 87740 86
79 52 21580 51
37 58 18462 124
7 37 22316 689
23 70 34555 40
75 62 51069 262
79 92 15830 1036
44 58 10847 25
8 12 15457 47
55 23 32121 28
6 57 11702 109
65 24 51543 239
94 83 16852 48
36 75 47712 170
97 73 3967 226
71 36 20164 88
46 22 114611 281
43 28 21736 434
9 22 25723 138
61 89 14656 618
58 38 10922 593
34 9 93570 198
2 23 12061 69
21 86 15155 350
26 13 26164 110
35 95 13498 323
25 4 38480 406
78 81 41112 225
54 10 13063 79
86 95 52214 262
30 66 5150 67
76 88 11613 97
84 69 28930 85
27 5 23429 419
36 93 4797 122
54 94 27989 520
81 5 37649 549
48 74 7467 806
41 78 7132 37
59 27 420593 153
71 58 40671 52
24 84 24003 88
47 63 10526 76
8 14 9133 66
50 60 27217 34
96 83 17771 122
32 95 46396 99
12 72 27086 255
52 19 71971 260
47 79 7250 345
31 93 95891 278
22 18 32598 182
20 62 6856 39
88 38 21666 25
15 76 26489 79
49 73 21119 160
69 68 9282 286
62 58 52955 548
1 24 13132 112
17 72 98713 64
42 53 4359 480
94 25 12363 63
64 21 14046 177
40 56 13440 173
72 59 14647 59
77 16 9671 209
95 85 24293 286
99 86 71700 271
19 32 2805 228
54 29 34259 25
27 25 18728 292
57 61 137747 277
68 2 34302 175
37 79 7631 103
82 80 151350 246
44 84 11613 355
56 53 22168 93
30 17 37911 400
39 70 29998 988
36 45 23666 22
25 35 33401 34
47 31 70510 569
52 71 19533 21
87 4 6107 130
45 54 27167 366
4 29 35788 76
92 66 23572 41
85 20 23236 285
74 693
87 171
23 135
83 93
85 182
80 457

19361817
