100 499 3 3
19 88 52889 58
19 39 24859 295
19 65 23148 127
19 26 47822 177
19 13 72786 40
19 45 5328 100
19 87 26802 18
19 1 62985 148
19 35 63038 138
19 29 7265 239
19 72 6152 306
19 68 23997 348
19 69 77360 72
19 80 21884 347
19 6 41626 48
19 8 33458 341
19 93 7451 162
19 62 5485 89
19 24 41432 139
19 31 4997 134
19 54 27509 140
19 81 43545 267
19 53 26646 398
19 99 23758 242
19 83 52518 47
19 20 46025 442
19 60 26557 326
19 56 12151 59
19 7 18280 318
19 92 65096 221
19 3 21263 264
19 50 5479 892
19 52 51459 143
19 49 22864 75
19 44 9435 169
19 25 1240 320
19 84 31007 81
19 4 5900 66
19 30 89290 87
19 98 3885 72
19 70 57868 367
19 14 22302 467
19 94 107805 581
19 57 4218 194
19 16 55525 58
19 89 35170 107
19 95 58300 223
19 63 25433 19
19 55 9776 131
19 91 34008 94
19 18 48034 454
19 15 10562 42
19 67 23909 90
19 75 64462 481
19 5 27002 279
19 21 9460 144
19 34 61347 950
19 23 11828 455
19 73 18563 94
19 58 40068 233
19 82 9534 234
19 90 45776 296
19 40 45352 199
19 78 10318 97
19 42 16249 163
19 9 47856 193
19 11 140594 91
19 76 2662 540
19 33 175837 72
19 71 30025 281
19 79 9660 123
19 41 83391 39
19 66 4276 400
19 2 45998 117
19 17 79357 120
19 96 3590 413
19 74 11261 228
19 59 16938 543
19 22 18150 38
19 27 6437 124
19 47 13319 103
19 46 12701 160
19 77 16953 630
19 86 24094 153
19 10 56146 349
19 38 3997 34
19 51 77974 247
19 64 27767 297
19 12 17686 373
19 37 7393 246
19 100 6314 160
19 28 35897 302
19 48 4839 160
19 85 11362 256
19 36 4860 203
19 61 9245 445
19 43 65769 75
19 32 15149 306
19 97 6408 1011
88 1 9423 73
59 42 12353 836
64 41 7543 294
6 8 24197 176
51 85 13400 93
81 29 6745 644
26 93 8553 218
36 59 42052 45
71 57 19388 229
50 13 43476 135
31 100 8383 344
73 79 12581 29
40 31 68537 60
24 81 17205 306
22 40 12729 306
92 19 9593 182
21 71 3844 284
50 92 7747 118
94 90 26942 174
91 84 24063 43
79 50 6808 89
20 84 63823 227
40 35 37942 35
73 16 26421 173
57 63 7848 262
18 44 133581 16
92 87 28170 52
90 24 10971 64
61 79 18836 463
86 56 143258 668
33 96 25963 262
24 57 31669 95
63 79 6984 44
35 51 822 267
21 30 51682 558
9 18 30146 130
56 63 12833 224
100 1 2642 335
31 10 50578 68
77 22 123585 31
25 49 57388 154
33 92 26089 394
26 16 22266 191
80 18 7979 708
76 88 40433 170
3 40 36807 184
72 44 35678 399
4 80 55034 33
80 38 65348 380
14 55 15643 32
20 86 17538 34
42 48 20045 233
8 50 7047 79
71 68 23796 169
11 60 84840 352
9 13 30579 77
84 90 60191 606
61 13 85624 226
66 3 22742 252
70 85 9641 116
14 53 24137 181
22 12 63043 486
10 45 81184 12
25 9 17354 31
94 74 23532 63
53 95 14732 883
18 3 17881 129
85 39 36691 281
80 10 5063 66
82 65 20439 486
86 77 48292 97
17 85 8065 97
44 30 47897 40
47 75 19681 147
65 80 42983 20
82 77 97794 299
2 32 19610 765
86 66 41310 189
51 36 36889 348
80 96 7244 500
49 33 19172 221
68 19 8494 718
48 21 21400 507
29 95 51465 72
40 67 19423 52
56 46 34987 351
34 64 45230 309
7 67 19650 154
83 11 8548 28
2 79 21598 232
79 1 29464 87
2 84 21717 54
42 17 15230 253
77 14 18618 460
85 11 5032 645
66 78 128499 138
42 10 5509 404
39 86 15038 133
81 16 47327 112
95 74 40687 124
3 42 11781 124
6 83 41095 263
10 47 14647 250
93 16 199922 194
55 48 24882 268
99 55 31225 115
59 79 36009 178
36 24 30469 429
68 83 20194 144
37 1 17448 25
44 29 16562 130
76 34 17052 51
26 57 2784 1067
31 32 14761 3090
63 99 8732 28
25 3 19684 198
3 63 30052 98
69 7 6892 89
55 99 55069 123
38 66 29180 256
58 37 37672 45
82 84 35678 160
52 68 28778 364
64 75 86430 163
71 84 22073 59
10 15 68566 310
70 97 8555 639
35 75 24990 188
56 49 8380 93
67 23 10978 68
92 63 6015 2745
77 2 10590 134
59 76 15474 168
67 4 6454 55
65 3 117035 1365
77 94 2568 38
33 9 20094 38
58 73 4363 111
3 61 6399 84
60 9 9828 24
31 78 1993 262
62 24 123448 39
7 30 93453 391
85 3 21239 274
98 37 12806 44
37 29 19411 245
70 45 18526 139
24 10 23651 163
76 92 39339 152
9 70 114291 113
3 23 7110 161
24 93 166072 83
16 24 6518 211
22 71 11282 102
24 39 14628 321
62 60 5209 29
73 59 34012 25
79 72 43757 391
73 60 2388 904
23 28 20126 28
97 20 13947 353
32 12 35737 35
73 19 7502 14
33 90 66717 114
85 45 24012 69
27 59 4569 59
33 64 17421 71
90 3 6814 338
20 33 28519 413
43 46 24764 136
79 81 9965 537
22 6 35943 48
86 7 7831 103
28 83 21686 83
96 83 18900 242
99 31 4788 47
37 92 77126 49
30 4 44108 128
31 52 4361 59
53 45 4648 1744
83 52 28276 151
8 98 128276 745
64 92 3583 128
88 52 34812 19
37 97 11766 111
66 58 15965 178
50 31 8713 2019
91 93 1155 981
62 20 58276 83
7 88 183635 290
66 31 11337 296
27 71 14438 180
18 58 25191 200
36 99 95857 544
14 52 27929 161
62 69 15456 107
80 82 35669 103
83 85 36188 195
100 28 36743 11
11 62 11171 947
80 45 34649 177
26 30 26293 222
71 33 12892 76
23 51 10002 37
78 58 3831 24
98 26 49374 841
46 81 38017 102
95 81 8571 1004
45 59 14330 66
3 21 15652 52
38 36 3668 83
63 24 10069 345
61 2 38083 215
94 19 24574 230
63 23 7706 733
82 7 24036 45
12 56 36993 470
91 62 103181 341
31 12 7569 602
65 60 65669 182
60 16 217247 36
24 68 125434 36
77 50 12702 45
95 73 37287 115
58 49 53911 304
77 23 11855 334
74 40 63834 242
1 19 55867 87
35 40 9390 1254
28 25 55945 119
45 71 13224 360
12 2 12045 124
40 84 5713 155
29 42 26082 158
92 97 62744 578
31 42 14707 135
48 28 18300 291
86 26 44276 134
99 62 97624 122
77 98 9437 37
53 48 41346 221
6 46 14820 754
29 40 20808 164
90 42 8153 130
30 78 90611 212
18 78 11688 451
44 91 4376 188
77 39 1038 119
41 44 3151 133
25 33 34448 615
5 14 3236 367
100 50 35512 99
94 77 8509 31
93 100 7636 44
67 69 38764 1110
7 29 53779 596
36 7 26650 170
8 62 64949 91
60 73 111162 292
92 72 459796 72
55 96 27114 71
2 82 96509 75
5 82 6359 162
37 72 71207 191
2 50 26028 69
74 90 7206 345
99 69 25179 223
35 58 73299 72
61 70 4785 48
85 60 18567 201
26 41 10547 83
72 27 34603 644
46 9 52812 147
6 13 18204 54
18 52 28138 372
80 64 4969 66
56 60 39910 118
72 33 14170 40
18 41 8654 140
59 80 30321 106
49 96 24229 340
98 41 100066 19
27 56 10919 1451
61 75 16284 36
74 100 31726 507
40 45 51015 281
68 23 2097 83
43 38 34158 260
52 72 63532 29
23 72 18716 104
95 15 26584 32
100 2 17700 52
74 95 23664 72
15 84 49996 1793
5 68 8222 809
24 75 99595 73
80 39 176965 156
63 17 15667 45
96 42 62810 95
9 24 5688 219
68 79 33590 65
26 52 26348 273
11 95 18967 234
91 29 23212 175
44 77 21485 304
12 52 17433 1276
14 81 15821 356
40 8 5058 107
80 33 8906 645
82 81 37144 127
1 5 56571 495
63 89 5026 117
24 91 57449 256
98 75 10463 135
59 41 12422 85
47 48 23091 109
88 54 16020 86
84 93 31901 385
86 84 25055 243
37 46 63134 60
95 82 38320 472
72 1 44314 306
94 95 6056 966
50 57 6724 428
74 38 75268 426
92 90 92439 133
56 51 19102 56
92 83 15640 1153
50 20 23864 271
12 55 42511 218
62 54 156184 507
70 58 52502 1136
27 95 13159 81
40 37 22910 654
55 75 9647 73
23 98 45901 436
80 9 214255 205
16 25 15693 48
89 27 9581 636
6 3 62252 731
32 23 31826 86
38 62 4604 147
45 39 17857 108
11 100 55542 471
51 95 16534 32
7 70 9735 150
76 24 7947 70
45 67 23759 139
53 76 45362 299
26 67 59782 56
69 26 8651 353
70 15 11952 223
21 98 31973 254
71 11 16565 64
94 41 7965 78
10 26 29574 141
1 79 278412 156
10 97 4415 56
3 16 84861 12
89 88 2622 693
20 79 60463 71
77 53 13986 169
2 45 43400 22
82 67 70439 91
5 6 16507 539
92 52 10582 55
68 2 36950 136
94 53 27550 176
71 6 15125 230
15 37 52049 385
67 70 10845 563
72 81 41056 207
79 19 43034 185
94 67 15503 154
18 81 14648 509
77 74 12192 84
52 22 38056 484
38 88 47365 117
4 13 141778 169
64 93 10805 310
53 30 25256 2262
62 49 22460 264
91 77 14557 558
43 94 46683 121
8 23 9437 366
67 21 9473 140
44 81 118070 59
97 79 23418 253
67 25 19924 124
90 78 6883 269
16 72 7615 234
64 81 220245 115
80 66 64763 44
59 73 11569 149
76 81 56629 138
68 4 18910 400
80 47 229681 233
54 32 73182 152
69 32 28658 205
35 13 33494 134
19 495
80 36
77 110
81 161
79 115
84 314

15278388
