100 499 3 3
62 13 8044 61
62 22 2378 438
62 24 3573 55
62 97 12191 28
62 41 14703 174
62 64 37931 19
62 88 42436 38
62 34 28663 332
62 56 10458 751
62 46 84548 299
62 83 45256 135
62 69 8607 33
62 79 48508 86
62 27 25189 25
62 98 78857 1433
62 23 46902 71
62 76 22576 29
62 53 19699 3715
62 67 12439 753
62 4 11609 39
62 85 43288 978
62 86 8932 284
62 12 97106 103
62 90 16727 227
62 26 8606 92
62 31 40902 114
62 18 58227 132
62 84 49897 87
62 51 25994 285
62 55 49126 224
62 42 13992 142
62 48 9263 333
62 78 39185 85
62 45 21028 9
62 71 72456 106
62 3 36382 234
62 28 9592 175
62 8 15998 105
62 6 20497 282
62 89 6304 183
62 99 23134 161
62 80 24137 34
62 91 22850 87
62 81 12818 161
62 93 12010 113
62 19 14340 96
62 57 60452 57
62 100 9747 119
62 11 9736 64
62 73 12456 49
62 37 14511 114
62 65 23282 13
62 39 22961 63
62 29 3226 346
62 50 20625 226
62 94 8959 116
62 66 56760 178
62 30 10367 1146
62 87 18495 673
62 10 32766 142
62 36 7637 135
62 61 20311 116
62 59 138896 114
62 35 8477 158
62 95 11120 128
62 38 21144 252
62 15 29304 23
62 77 2626 651
62 43 22505 155
62 75 104700 337
62 16 32308 549
62 63 65680 373
62 14 11398 162
62 47 101491 126
62 70 14905 194
62 60 13682 1066
62 58 19275 224
62 72 19484 97
62 2 27107 57
62 21 10052 13
62 82 3862 983
62 33 68910 377
62 92 52571 154
62 7 15148 42
62 68 55549 236
62 54 20485 120
62 52 24545 1336
62 49 12007 139
62 5 38728 86
62 74 21038 132
62 17 438046 85
62 40 7938 63
62 44 26381 110
62 20 44744 33
62 96 13813 192
62 32 146114 133
62 1 27748 867
62 9 95529 61
62 25 8502 141
26 17 20335 586
16 91 15903 100
87 26 11141 338
52 8 40460 117
74 29 63447 111
88 27 5116 238
72 62 94246 554
49 35 12101 214
27 24 75279 81
17 3 4655 129
17 61 15172 315
68 69 20238 378
10 47 12390 746
10 22 19582 373
9 100 5291 396
71 36 34656 337
92 95 57250 22
94 21 54972 738
35 1 43469 99
20 88 9511 106
36 74 22609 587
84 70 59012 457
66 74 96524 79
7 28 14844 1812
69 79 35226 57
58 81 11664 271
19 77 35871 145
21 35 6805 38
14 21 8375 155
100 43 52252 336
26 40 2888 93
31 6 50300 368
12 56 56930 1022
10 20 34264 231
40 98 8283 623
17 51 21893 565
96 57 36370 35
45 51 474129 140
50 83 28576 119
79 23 33475 76
98 100 10558 73
55 91 104948 450
45 42 7957 84
33 45 43341 59
49 36 26803 877
7 11 80495 112
49 37 27370 102
12 80 3412 334
54 79 28434 301
17 88 17433 416
87 68 29372 76
34 4 32234 453
15 94 29355 209
100 22 51075 77
1 31 5066 87
3 79 22333 64
69 1 69116 480
13 76 13571 102
55 51 34020 216
11 47 22551 112
8 39 6646 53
28 87 48576 32
75 46 19488 42
52 75 5608 50
100 73 30520 195
57 71 48488 204
94 54 14845 69
77 42 19068 98
45 98 44869 30
73 62 24075 359
63 75 7356 303
10 90 19552 445
67 6 29393 107
48 98 42353 41
85 23 27589 127
67 17 24721 77
42 36 78293 613
64 4 18200 91
53 38 16610 67
41 98 15100 59
85 48 14311 424
93 74 34984 132
50 33 22667 162
66 53 21640 86
67 20 7738 115
91 33 12671 685
51 24 32728 953
73 47 11862 50
52 25 29501 247
36 95 52126 508
46 51 135996 126
3 33 3518 376
63 49 4155 576
19 4 52727 70
50 18 7960 122
86 40 37029 176
28 47 17061 779
59 64 22691 162
32 75 20649 175
35 86 23208 214
52 5 9634 171
22 95 23163 123
31 16 10837 105
29 80 10593 65
14 56 21885 145
42 88 83257 274
2 33 8784 134
78 79 29347 73
43 76 9477 609
13 14 18330 226
87 53 4110 439
34 41 10210 24
28 74 42274 234
31 42 42276 34
90 66 26613 13
70 72 4463 68
55 80 19864 249
9 73 48308 28
9 37 5707 184
7 63 22210 98
54 47 37664 67
26 95 48525 29
54 37 22395 189
57 4 11590 206
39 28 132245 242
9 16 14443 126
74 41 74737 88
16 8 6103 305
100 70 11967 109
86 24 16843 340
35 10 29639 283
69 72 33263 259
45 39 57999 338
100 7 32735 45
39 12 16898 248
20 70 7316 185
99 40 96672 92
8 61 42398 82
90 96 7727 222
46 98 4640 178
20 41 15533 751
98 99 3418 323
36 51 45616 110
13 67 18328 131
70 86 55837 25
55 49 19587 88
30 63 61506 681
85 91 36975 151
43 78 60843 248
100 38 34344 313
27 80 27394 111
34 91 12018 286
67 78 13740 176
34 23 48994 67
14 25 4764 436
97 81 6299 65
41 32 26669 83
35 94 27431 72
10 27 26465 476
75 37 89225 225
66 16 25547 51
1 56 44229 242
94 58 24829 43
50 22 2817 709
27 86 48029 218
52 55 33910 275
84 77 7130 248
28 50 4269 665
37 76 17890 86
47 69 5801 90
97 52 20945 382
6 12 39308 319
28 84 7392 49
88 90 21157 84
50 13 33283 77
19 10 81624 71
83 75 67456 39
53 98 15571 535
59 96 8792 267
61 93 60677 127
61 68 160008 72
71 38 17734 82
10 77 22234 24
53 71 31856 89
89 8 137910 840
66 98 15550 104
27 53 794 89
96 40 110797 87
50 68 11773 56
43 53 15768 456
12 50 54960 135
68 84 101003 53
98 50 13828 66
67 80 22401 455
37 44 36078 26
89 58 17998 299
67 44 11170 110
81 62 8678 233
79 86 18356 244
88 74 62958 81
84 30 36228 104
54 39 7351 154
93 46 5280 41
87 4 14550 45
66 51 41925 487
12 49 15427 58
61 72 21139 171
44 30 28735 27
8 55 21563 496
71 74 5767 44
79 10 55794 34
95 83 25931 114
22 9 65546 22
78 96 13173 250
66 14 5253 355
6 92 22841 229
54 96 13029 834
29 48 60491 57
69 70 50914 239
20 8 77496 87
48 45 20563 185
1 28 12510 160
86 74 45069 113
69 23 21735 68
89 79 12408 168
92 53 12699 30
45 11 62777 557
35 17 3174 61
57 69 48274 102
15 18 17529 72
72 99 163656 96
23 63 16377 439
75 19 15042 356
16 49 4847 94
36 50 30932 311
56 77 20505 345
75 73 28973 539
88 9 281516 164
9 88 7622 135
28 99 87753 122
34 63 38629 254
84 12 23163 386
98 8 13849 140
12 97 5107 113
42 69 31707 90
15 43 49228 1045
30 65 25770 149
92 100 4241 28
33 28 16652 1090
22 78 48314 114
95 29 16017 115
11 71 45927 75
79 14 5180 1340
5 86 91147 179
11 53 16310 242
94 12 26085 281
64 55 14986 166
66 28 77805 447
34 48 9348 2300
86 41 9912 394
22 47 113820 916
2 19 41962 127
67 1 45722 66
52 73 5877 101
93 88 9456 303
9 22 10245 148
92 67 44437 291
54 100 70981 553
27 8 45548 128
79 61 19612 30
29 40 26874 43
57 50 18980 334
20 61 14397 104
39 62 139074 214
63 43 13564 60
65 94 12296 82
30 78 22564 282
48 57 3745 270
69 13 11479 60
23 70 66900 241
12 66 5005 80
70 33 16433 43
77 63 8590 71
96 7 10738 345
80 72 28676 500
8 24 105727 732
8 12 57993 159
7 20 31578 289
22 32 113175 314
53 16 9857 63
76 37 27901 577
75 1 5164 166
100 67 13171 1361
37 61 149613 282
26 43 36494 944
83 76 9524 742
42 99 25799 64
60 35 28389 264
37 6 41050 87
73 46 98931 127
75 92 17915 23
35 77 35194 632
89 57 103344 46
80 1 18118 62
3 54 9640 177
35 76 19908 96
80 55 12076 511
94 24 43934 1596
37 10 5968 960
68 96 24882 56
34 24 23136 46
50 14 37744 420
74 33 62609 17
32 58 16343 83
23 55 19572 124
44 3 12078 326
30 3 88798 681
49 68 5456 637
55 28 25299 69
17 38 60419 502
56 11 34143 103
23 57 10827 123
43 19 28502 122
8 93 28658 38
77 25 34250 62
21 40 26463 565
52 95 13383 409
74 18 44682 168
30 9 15924 126
60 11 2572 99
59 51 79874 171
69 51 128306 192
45 61 3734 54
29 20 77031 43
78 67 15331 58
9 51 107475 106
84 55 17498 71
4 90 138015 157
11 7 34033 393
4 75 103938 83
57 33 2972 82
6 48 89426 123
76 88 13389 425
68 80 28156 281
83 12 7651 305
97 82 11101 65
72 83 3642 442
52 10 8397 30
37 96 46833 182
26 8 47153 51
33 90 4567 129
94 29 4719 265
57 96 42695 174
39 50 20602 90
45 80 22120 184
39 40 46346 177
28 26 168940 73
16 79 6067 431
26 2 20073 171
57 43 20849 277
100 84 7100 122
38 76 40053 117
79 57 10657 89
36 16 101989 211
71 17 16981 295
78 42 55074 203
30 73 34559 178
74 14 30967 217
95 71 61817 147
50 36 26468 61
8 77 104765 164
37 39 4517 350
80 86 48241 160
11 90 9572 108
28 83 14743 116
67 98 8751 242
92 18 18803 232
5 92 31462 32
56 59 38714 111
69 9 108002 134
81 77 8907 71
57 24 18680 94
33 67 35083 29
36 71 76534 279
61 19 84524 456
22 96 35668 104
28 67 28797 1173
32 24 65093 49
78 34 5324 746
7 56 21380 48
18 72 12908 315
64 65 83615 524
11 33 36187 219
12 43 46559 119
8 65 26541 487
87 30 17915 58
2 77 13401 176
86 3 20331 292
5 40 32602 143
13 28 37711 84
62 2178
28 288
100 88
51 311
98 374
96 312

21349027
