100 499 3 3
24 83 20694 65
24 39 50670 998
24 78 38299 72
24 20 4624 377
24 43 4124 261
24 28 17870 22
24 86 25989 723
24 86 25638 159
24 66 25508 141
24 18 15425 248
24 30 6820 26
24 68 46489 38
24 54 38543 125
24 21 15051 174
24 15 12894 127
24 87 37448 172
24 93 79381 80
24 71 25936 49
24 96 15574 416
24 42 6818 213
24 100 10596 184
24 23 18271 2652
24 70 9259 39
24 8 4292 213
24 89 26683 316
24 34 7043 18
24 86 4643 159
24 58 228589 56
24 72 15142 55
24 69 2055 1284
24 90 13162 973
24 45 28628 1325
24 66 16392 103
24 88 462696 172
24 22 4494 148
24 89 18730 342
24 23 8808 331
24 23 107107 72
24 8 35515 478
24 51 16907 69
24 44 21445 115
24 77 2785 29
24 82 28071 153
24 43 6294 1499
24 99 29415 35
24 18 23956 117
24 16 33061 480
24 22 8598 265
24 83 22127 214
24 52 124843 1036
24 59 17743 268
24 47 15634 74
24 21 33654 289
24 81 52435 297
24 36 23945 145
24 6 35102 67
24 52 4084 29
24 88 17335 587
24 65 4890 312
24 1 188464 132
24 61 15246 104
24 28 7100 540
24 3 16879 139
24 84 56710 108
24 4 31651 142
24 93 8757 175
24 25 24084 274
24 91 49701 270
24 54 39130 434
24 95 31721 123
24 1 6094 338
24 74 65097 1139
24 89 40742 77
24 68 23427 142
24 58 60232 33
24 47 4058 151
24 23 29805 520
24 44 19676 125
24 5 27751 129
24 32 242996 168
24 63 18194 39
24 41 5849 918
24 11 14723 150
24 95 125589 167
24 2 69926 571
24 49 4340 498
24 66 25400 2685
24 29 31907 217
24 65 26977 67
24 34 21349 62
24 8 64055 775
24 100 175718 297
24 33 9734 34
24 29 35048 554
24 81 21054 115
24 39 67521 61
24 32 86297 400
24 64 29702 279
24 37 22030 81
4 42 4284 444
50 73 22386 164
6 30 15010 390
2 82 11048 200
1 62 7484 242
8 3 31583 74
27 71 52448 58
90 29 31197 333
22 96 31193 118
19 49 23464 197
90 22 23713 68
79 55 12245 68
73 25 26401 760
6 21 3341 151
73 42 9730 152
96 59 27993 308
88 23 8325 66
8 11 16862 79
65 96 103995 119
45 54 43157 123
18 23 39997 202
18 16 13431 78
67 93 63427 71
95 13 9128 69
71 89 8858 116
31 69 26485 69
15 83 8428 100
9 59 11359 30
65 1 30151 224
97 74 90961 26
19 62 79448 23
64 15 5606 669
11 80 39439 68
3 69 5820 111
18 31 3927 121
15 26 150861 127
20 9 17409 119
3 66 5347 212
30 70 17467 632
5 92 20454 101
65 23 32278 104
15 19 6376 220
89 35 9605 179
8 12 55652 58
28 45 28969 1041
64 29 147117 42
7 4 751609 166
84 28 37834 399
96 48 9378 63
14 98 2152 134
38 1 1935 138
65 78 11755 235
44 43 47559 1089
99 45 43015 394
88 70 39210 106
16 45 47923 261
81 70 36140 180
17 71 45290 449
39 12 74486 126
41 7 23147 178
90 74 41180 225
6 58 14623 739
64 96 13322 37
96 31 14461 208
60 40 12009 40
52 27 134574 35
38 42 16780 72
94 71 37666 74
87 8 86522 92
5 15 74103 75
46 47 59340 178
89 54 31713 41
21 62 60898 109
31 15 4336 25
82 24 78252 244
29 10 10991 118
28 63 33134 48
44 92 14591 538
2 68 4389 75
94 90 19796 71
58 16 53938 99
13 97 4793 521
9 26 1819 168
69 19 18674 72
64 37 16137 47
57 43 13736 145
67 3 10190 21
100 66 8353 258
49 17 15896 239
16 12 8319 295
15 32 3162 41
77 76 57783 170
5 57 27120 135
17 89 21086 222
36 93 67827 797
62 35 17197 121
98 21 9470 568
10 8 20502 140
78 53 45083 59
30 93 39185 47
96 8 21750 561
27 51 3282 79
51 88 33310 724
92 99 2609 64
33 90 22783 85
3 26 26668 305
15 59 20446 563
92 12 3007 48
17 81 77031 359
29 12 89793 314
86 71 5948 124
84 4 114452 563
28 88 32241 212
16 28 12055 67
3 54 31040 109
10 48 2443 286
86 95 17485 287
6 63 11489 248
59 92 4624 161
98 5 60497 240
16 58 31562 521
22 28 40325 315
79 9 12533 148
37 94 4785 41
49 90 9731 216
47 9 26888 304
48 43 16183 706
22 4 126742 79
37 27 31284 277
22 34 28478 64
28 69 10639 342
88 36 13257 17
46 1 82254 47
62 66 12150 507
23 92 7246 73
56 19 11586 24
38 100 293990 141
96 79 156080 186
78 54 2862 27
64 76 38068 157
26 23 50983 69
80 10 13176 310
100 45 62546 492
47 13 53251 95
7 25 17241 538
96 55 34397 11
73 38 22934 53
54 18 8920 273
32 21 6376 24
5 27 34651 30
71 50 46960 112
6 84 6096 96
16 20 22508 75
21 6 38103 104
26 39 32247 382
83 90 8928 36
24 50 17373 939
84 42 22139 108
89 58 12235 29
28 12 27652 111
26 57 7337 227
31 85 26031 262
88 24 51714 147
25 26 5099 314
11 63 103518 362
35 95 32437 102
95 2 52157 125
56 44 10841 82
70 94 29595 687
55 73 8646 82
45 4 40817 64
4 16 109068 524
40 6 26785 24
2 5 3689 141
64 87 4247 416
7 32 22146 322
35 7 24141 795
57 45 159983 200
58 39 9679 132
5 11 29779 72
7 60 165186 115
74 2 43260 253
34 95 7814 40
67 66 32995 149
13 61 35164 748
6 79 51099 65
35 12 9210 130
77 62 27257 589
90 56 9028 441
16 42 9381 1015
39 54 21624 287
44 18 9671 94
73 99 17094 41
15 74 27273 383
53 28 36269 217
21 60 45004 274
27 55 2047 279
95 25 8417 123
57 60 23245 536
91 57 13168 382
78 88 9183 104
69 4 17844 132
61 83 44007 293
21 18 17313 721
2 97 6523 337
59 66 169254 126
60 100 20963 243
65 91 15784 224
70 23 5488 152
9 99 31202 268
97 62 13768 548
75 71 25458 272
88 86 24133 131
46 4 16789 137
21 77 29822 121
92 15 17065 1087
82 80 21903 216
50 33 14227 41
48 62 10365 190
7 91 60843 49
96 57 33872 247
15 50 16900 47
7 10 18965 94
49 13 24229 37
12 78 9227 221
18 51 39751 90
82 49 16690 72
46 19 14410 139
2 67 19790 24
61 44 7398 155
83 54 23218 1286
93 42 9553 507
55 9 13284 90
1 27 151577 82
98 12 6624 214
71 75 18209 724
50 12 14237 37
13 75 15075 40
69 93 17592 88
38 21 4900 36
98 52 22217 635
15 89 15223 104
29 21 23467 16
41 56 22344 139
81 93 43819 543
83 21 6906 149
22 64 33034 249
18 24 12368 150
20 30 163796 64
39 52 22777 1151
21 25 31425 165
20 96 25108 189
59 19 12885 271
67 54 27819 255
39 88 85499 360
13 23 13503 80
7 22 18088 94
51 77 17851 419
87 56 15829 1674
37 84 40810 45
6 15 39565 82
65 25 48864 349
8 62 18632 43
77 21 14099 187
53 57 12118 56
13 37 11138 59
4 64 15285 142
34 65 25692 72
77 17 31833 291
31 74 6546 63
1 86 43482 38
19 10 20842 59
68 69 26736 75
29 48 69910 52
42 100 48386 610
71 44 7061 261
61 17 7245 560
66 14 45436 113
15 61 9092 32
86 73 5862 96
21 93 5662 116
14 88 57717 86
64 97 22919 149
93 78 29956 57
8 32 9611 63
78 42 94644 13
88 73 8006 140
96 17 23805 606
82 33 32487 108
63 100 83274 77
64 5 24676 38
88 7 3394 306
42 64 18825 271
30 84 13906 39
2 75 112602 741
44 45 33567 145
4 81 5097 552
45 70 3956 11
66 90 90534 98
22 5 52411 915
63 71 10207 211
89 29 184089 74
94 8 47105 33
60 93 10356 93
99 94 6141 72
100 47 34280 193
41 51 12365 393
46 36 83330 208
74 61 19931 45
4 27 2862 452
83 99 25434 49
69 15 15367 58
43 37 54820 149
52 99 8435 93
100 10 40064 721
98 64 132789 58
29 74 27192 167
62 11 87228 124
59 61 3372 122
52 36 18779 80
68 97 75132 110
78 50 8110 56
34 29 40910 36
98 93 23376 57
88 18 5861 67
98 60 41865 101
60 52 7522 36
44 47 19179 35
20 3 11501 106
73 44 10974 54
89 52 77517 122
23 14 27033 62
17 54 25818 51
63 46 20161 52
23 82 24049 69
66 58 1721 192
72 5 23281 229
2 28 47751 95
73 84 11244 485
94 36 11201 118
38 68 58582 412
69 70 24919 744
11 20 11952 65
63 93 51003 481
13 28 7399 204
54 56 4264 363
55 60 6255 715
22 58 61055 86
78 14 9291 79
94 50 57283 152
12 56 13270 1672
4 13 37938 211
94 49 50322 12
4 51 47746 226
37 85 32058 763
60 82 10939 58
60 89 14836 38
1 79 20209 216
65 51 39427 162
38 47 83097 148
31 11 13428 50
66 15 14907 39
3 62 39488 83
86 42 5766 1329
70 89 15784 215
64 62 7514 73
56 80 7665 81
98 39 8378 139
20 47 30463 88
53 2 50352 306
25 2 22748 85
66 41 4835 769
31 75 32901 71
85 42 35611 1237
64 98 7540 32
7 47 44969 162
13 82 20243 179
40 94 11498 2745
13 62 9636 47
56 93 9112 84
15 87 5563 549
20 98 20319 186
21 63 81975 30
31 8 18509 49
46 74 104471 71
53 1 3522 182
31 18 28957 52
21 92 38780 87
28 25 87637 51
41 33 45909 40
86 5 39573 58
62 76 7906 66
64 50 31503 62
44 22 39619 60
99 5 29242 300
95 17 112233 280
49 16 7171 302
82 18 31741 539
55 56 31276 101
100 81 33249 802
24 400
64 275
15 50
93 247
62 234
54 389

15135471
