100 499 3 3
24 76 11964 138
24 65 15744 682
24 89 25906 239
24 98 51159 77
24 6 46672 89
24 16 22893 400
24 41 3013 173
24 97 11180 260
24 81 18601 175
24 55 42103 48
24 94 51463 41
24 100 39178 35
24 49 20384 358
24 3 19369 92
24 47 13212 42
24 37 7358 115
24 53 15297 836
24 27 7866 437
24 31 4118 331
24 1 22563 77
24 58 2061 466
24 50 6037 713
24 70 13153 150
24 91 9961 79
24 20 8443 307
24 73 9327 71
24 32 38778 86
24 71 12646 616
24 63 12318 52
24 84 11246 121
24 93 37667 119
24 86 55342 731
24 46 68731 36
24 35 5154 268
24 77 10560 173
24 17 10553 119
24 38 16136 27
24 80 19914 130
24 10 8874 100
24 11 17907 272
24 69 43147 476
24 67 8245 85
24 29 74447 53
24 52 13884 155
24 48 25461 110
24 25 126278 100
24 60 5711 98
24 87 18257 48
24 36 27886 19
24 51 48446 38
24 34 34038 153
24 5 68938 56
24 99 51555 200
24 61 379188 282
24 57 204931 462
24 42 122511 170
24 85 120406 198
24 4 35851 39
24 18 15155 489
24 64 22386 103
24 2 5183 627
24 13 14006 25
24 23 64045 33
24 56 37458 783
24 75 7370 69
24 44 4665 64
24 62 33159 47
24 19 13760 211
24 83 47573 91
24 21 2723 138
24 45 22333 367
24 90 17270 503
24 26 17175 25
24 33 8697 103
24 78 89597 161
24 30 18799 633
24 79 15808 427
24 82 12013 9
24 59 2886 117
24 92 12541 224
24 12 45431 81
24 39 13987 590
24 28 45224 435
24 88 29429 111
24 9 22638 33
24 8 15190 54
24 95 18198 187
24 54 13521 160
24 72 3784 268
24 14 29251 73
24 68 191204 83
24 7 12910 210
24 66 4542 1377
24 15 6235 32
24 43 37148 52
24 40 16222 80
24 74 45576 32
24 22 32772 159
24 96 10222 27
4 57 9179 423
15 9 58522 175
21 28 56920 340
31 52 65334 87
32 8 13400 252
26 79 34047 54
79 1 16049 967
78 64 2315 197
85 51 8459 47
12 42 37751 392
14 41 14638 73
1 70 51576 135
40 16 8097 258
47 42 26493 127
9 56 2038 75
29 53 55251 39
30 97 48818 163
22 23 19837 78
2 91 10457 19
93 4 9437 63
69 19 56891 280
19 13 25341 50
97 29 41006 84
66 73 22837 18
18 17 2803 193
2 25 8444 30
25 20 30715 23
72 82 26465 57
35 13 5187 104
4 54 21888 40
61 99 11828 66
50 57 12565 188
61 10 130198 170
55 74 91822 179
20 22 49871 137
34 87 7975 18
21 19 28946 28
41 6 119290 21
80 58 4017 57
98 45 41159 527
95 26 1266 391
84 95 18598 261
68 83 18808 18
14 74 11508 146
16 22 60717 99
95 61 55235 243
99 88 21238 82
52 95 16325 243
41 77 1499 39
4 50 13800 38
18 91 21822 64
53 84 30928 895
4 59 36300 106
10 80 4904 358
26 43 19120 189
10 28 103707 386
22 32 38685 111
1 23 6749 96
75 65 16655 337
87 84 5544 27
61 53 53042 287
9 57 7172 206
61 37 24375 212
61 26 3799 55
33 30 34825 234
92 2 9926 284
39 53 4153 171
5 28 49192 1021
88 49 86607 24
23 16 36661 224
73 62 3790 250
73 3 10837 79
65 54 24177 168
100 67 3275 455
58 98 10872 218
2 82 43236 225
51 98 54407 54
73 24 6388 143
9 60 37821 173
11 73 18435 207
30 1 15951 515
98 46 37655 105
16 26 38921 66
58 92 7321 19
10 42 69240 100
40 2 45431 332
7 61 41162 37
42 89 6670 77
62 31 10336 290
3 95 24822 123
42 75 9254 328
29 85 12665 25
50 41 3095 175
37 54 50513 101
31 54 45081 352
1 74 3394 197
79 20 14147 123
54 85 26882 223
81 98 13620 250
68 32 48447 424
59 41 13815 101
58 53 35095 183
20 52 25149 111
88 25 10074 1417
63 53 14117 139
84 49 166173 273
78 30 7354 71
25 51 101671 304
88 79 2913 204
88 61 9682 127
8 52 36122 110
8 22 105801 137
87 89 32541 107
10 83 21650 34
58 1 29695 153
55 65 34054 44
83 10 8643 340
32 100 8089 144
69 98 20886 138
82 45 155097 39
51 35 11033 28
62 84 7165 366
67 29 12635 301
59 7 13656 93
47 31 28701 155
12 30 8075 241
18 52 27596 9
81 82 10142 125
7 58 17513 208
71 25 57006 215
71 99 76073 205
51 33 72049 197
36 75 167611 20
97 61 17059 151
68 54 53131 210
94 37 14199 595
43 5 30023 98
43 17 23572 236
91 86 89611 149
42 45 13841 318
5 74 7253 141
37 38 43348 467
77 71 11147 91
92 71 35952 267
69 6 59302 1015
30 67 23386 23
12 93 23058 857
79 29 19911 136
35 14 15877 62
27 74 3484 243
67 64 3528 200
33 22 7313 250
59 33 1940 432
33 89 10802 45
64 57 36547 257
99 70 10216 95
18 21 14493 46
58 83 25520 314
39 59 45303 1784
81 31 19821 23
35 66 10182 43
20 15 19089 367
46 38 43402 16
3 33 13620 66
75 3 14469 210
5 30 41362 151
8 5 8971 667
5 53 28601 1447
93 28 16698 150
77 15 63480 239
11 9 4513 26
77 12 82893 91
92 53 2943 730
28 36 27236 58
39 70 127994 131
35 93 20197 451
76 84 54107 159
90 8 41069 428
16 70 9330 1141
90 100 9393 51
32 56 70173 379
21 10 13498 1286
97 51 22019 31
67 58 14225 76
55 18 9978 44
99 5 10166 35
10 51 2807 320
62 9 62368 63
100 98 21497 39
91 72 5602 109
71 90 7933 80
39 40 66609 65
88 66 178756 52
5 95 31478 79
4 10 33628 243
98 10 25035 190
34 84 12497 69
88 3 63094 48
35 94 9946 205
28 78 11664 512
9 55 14798 110
1 26 3428 107
90 77 15308 792
8 67 31894 131
50 53 83064 890
96 10 31963 328
98 60 61115 104
97 5 109353 618
31 97 152052 180
64 3 6516 235
73 76 59471 241
86 24 32827 258
90 51 8547 268
32 89 303324 185
71 17 11105 88
72 22 28217 914
85 59 19021 1675
45 17 51502 127
42 50 79335 73
21 83 10627 91
3 56 32566 14
36 30 55143 247
52 67 11570 158
48 85 28309 122
97 100 3280 415
73 37 40700 79
39 87 30689 156
97 15 118363 28
28 22 32072 558
89 48 67335 360
18 81 12801 15
4 12 14321 43
91 71 11125 181
54 47 3216 136
97 32 35393 16
46 7 44690 575
74 98 276908 178
98 93 6611 274
43 7 23536 298
91 19 12851 102
89 7 6197 1071
58 47 2070 621
29 22 3974 277
73 74 78551 415
97 46 6102 436
28 67 9217 350
30 17 39180 62
51 60 25910 307
49 41 10703 42
5 50 49272 986
32 26 90804 96
90 26 22075 303
38 22 10806 162
45 80 100294 260
31 82 68824 92
88 1 22733 21
94 23 20740 148
32 97 131518 619
25 44 48906 1422
7 89 30470 192
78 25 84476 22
17 97 149383 39
21 55 33526 149
17 92 6998 70
74 64 4634 209
91 3 11971 35
33 54 28559 337
9 12 45412 103
71 82 5118 191
77 80 102545 176
44 86 16613 135
12 59 4164 1436
12 83 64360 55
32 35 2867 194
48 55 26683 47
55 87 26309 224
36 73 9888 362
93 39 3916 99
47 74 27482 133
98 82 34968 138
37 93 23305 82
37 2 9671 227
90 6 40968 339
83 67 31398 147
37 94 83870 132
88 52 70601 478
30 18 78805 61
48 29 100851 140
94 9 52237 229
86 95 35812 170
97 11 14037 227
79 27 88500 57
52 3 23869 150
21 84 19965 187
63 7 54710 66
17 82 6646 211
90 81 10783 104
77 67 13843 624
69 48 38361 56
64 86 12894 103
23 37 57016 44
23 19 28987 271
14 59 11151 168
21 98 9940 331
14 92 10680 277
39 60 38724 42
78 45 5474 322
60 57 30605 55
51 99 20191 25
61 40 9347 243
21 64 23187 97
8 48 102981 1847
64 82 4904 134
92 56 36696 154
89 61 15654 59
9 69 9073 80
65 22 8543 19
15 79 1448 36
9 95 28401 304
73 23 4579 300
67 48 20459 137
1 36 4321 783
82 8 3972 593
70 62 7800 139
11 69 12045 1049
18 65 36207 161
98 55 18367 402
13 94 29254 300
78 74 20147 138
99 60 23963 86
90 57 5243 82
17 64 38686 529
42 32 53319 111
34 95 66637 80
50 39 12885 402
99 77 31088 133
69 100 12880 663
13 22 89860 112
27 83 44962 29
74 3 73126 379
45 99 62406 76
91 29 140688 60
3 36 44274 387
75 1 17561 239
21 59 37230 190
45 37 4695 457
98 94 6205 35
23 58 24459 41
37 28 34401 208
58 12 19598 58
4 30 8054 1575
16 91 8701 75
70 50 132110 114
49 13 35162 179
30 83 52086 31
57 31 9644 79
70 85 54475 243
45 90 10933 116
7 78 11050 18
13 9 28761 355
62 37 9368 72
12 60 6339 103
69 30 42413 141
27 22 507354 342
22 65 28447 67
14 36 3042 229
59 52 31617 192
83 79 19093 275
85 1 5381 736
84 65 34120 170
50 2 16900 327
27 34 24633 707
8 79 8633 280
17 99 2643 161
31 41 17192 61
25 95 5477 80
84 82 35662 171
72 58 47847 61
47 100 16203 405
81 74 20537 445
17 34 21213 122
55 66 42418 377
99 65 1912 305
58 62 58891 298
31 27 8372 84
63 46 45182 350
97 82 39980 473
1 83 36500 75
9 89 16951 83
69 11 105166 287
97 56 1809 90
28 77 2888 559
16 3 25081 612
81 86 73795 278
88 13 17925 374
99 73 14084 26
12 96 35576 47
51 47 624684 250
15 27 2799 71
41 92 21054 546
24 1881
97 187
88 54
22 226
82 446
74 154

12387809
