100 499 3 3
26 83 10454 66
26 18 39815 68
26 16 140935 130
26 33 36894 37
26 55 18610 649
26 23 25604 335
26 48 9942 537
26 27 18925 72
26 15 36085 31
26 22 17313 217
26 60 13786 83
26 41 10954 586
26 85 40803 17
26 68 49243 86
26 9 29768 99
26 91 15428 68
26 84 5496 59
26 7 33201 41
26 38 97290 69
26 1 157556 712
26 5 24283 600
26 56 15697 284
26 42 7876 36
26 98 34185 68
26 54 10780 148
26 72 30476 1320
26 40 23110 382
26 28 40948 157
26 81 39654 185
26 79 43333 174
26 35 14175 40
26 6 19448 342
26 45 11837 119
26 39 8850 78
26 46 101364 676
26 73 22684 164
26 21 95593 111
26 100 107898 43
26 11 13090 548
26 58 5647 21
26 19 29741 51
26 70 35858 21
26 49 15867 80
26 74 43622 161
26 93 21855 537
26 31 14315 345
26 50 49198 287
26 65 9295 46
26 62 39443 122
26 95 79953 1064
26 51 23845 385
26 99 11840 61
26 24 13605 129
26 13 115445 1020
26 61 21990 426
26 80 5958 272
26 69 4721 605
26 71 29610 57
26 96 3953 278
26 44 19507 68
26 2 26179 50
26 78 11585 124
26 43 8259 128
26 92 15637 132
26 32 16586 51
26 4 8725 33
26 88 75418 241
26 76 49642 68
26 37 8581 915
26 63 10419 135
26 59 13045 25
26 10 23787 47
26 67 11005 104
26 89 6589 50
26 53 40612 429
26 36 44256 27
26 29 20831 89
26 87 16675 40
26 90 35586 27
26 30 63968 300
26 47 109385 194
26 8 145084 228
26 75 24073 234
26 57 107051 239
26 20 40324 544
26 66 14491 136
26 97 23026 106
26 25 24940 456
26 12 24920 12
26 14 6875 224
26 86 18477 99
26 52 126178 289
26 94 10175 144
26 64 32715 215
26 82 16288 139
26 3 10546 201
26 34 23304 880
26 17 12522 129
26 77 16622 592
33 34 38094 10
16 13 11368 97
99 39 17510 107
48 54 17521 102
28 4 10946 66
25 17 13038 51
45 6 285769 33
76 58 16033 59
10 64 27394 1039
45 40 44669 643
84 38 59902 177
14 33 26430 31
21 71 44038 568
18 31 3745 627
51 94 98636 161
74 69 22160 212
18 19 27339 63
94 43 17553 183
33 78 11903 335
54 34 18352 76
63 81 41810 67
69 29 12256 503
12 7 11650 264
37 58 98658 92
84 33 14396 224
85 32 13917 1226
53 89 10209 158
69 95 709 85
58 67 14611 121
91 85 144575 34
99 15 3866 114
60 78 45698 94
70 24 13473 782
65 98 60787 258
67 60 10389 344
88 42 35612 1607
40 92 189936 202
82 85 8963 151
42 11 6289 516
49 88 39498 28
65 66 3351 186
72 3 90626 208
56 51 9489 51
71 92 22629 157
99 46 28015 91
30 28 18783 186
1 94 21901 507
46 21 17258 247
94 15 21583 125
5 65 3781 892
64 68 39156 469
13 82 8515 57
68 12 9735 976
47 79 10665 124
54 1 44506 585
63 9 99476 218
11 19 58098 278
56 28 24466 41
77 66 3344 473
63 80 17353 101
84 83 47204 200
86 21 46938 54
58 35 10108 470
9 89 15497 343
36 17 64007 338
25 71 4851 34
67 93 46875 269
41 91 265604 413
71 60 18715 24
29 57 38063 238
49 25 7874 261
29 14 8174 219
94 61 4558 112
94 59 192606 410
34 99 18856 46
38 61 15117 22
60 88 53850 223
58 6 15838 304
1 9 7137 131
41 29 21263 35
54 79 27904 699
61 30 27258 140
38 90 44040 472
24 58 12428 37
59 36 18403 15
7 45 36521 25
80 36 45434 358
31 74 63299 77
43 59 31946 126
71 40 41940 244
48 77 89676 133
57 59 8713 554
64 98 25021 145
17 28 51887 37
75 27 23824 314
59 40 10268 198
8 65 34557 678
72 45 43918 276
74 97 1565 471
28 2 32672 11
17 19 101928 331
23 83 20931 142
36 30 37942 132
66 44 135382 115
93 64 20290 180
41 11 57885 156
67 97 28447 236
37 77 28828 34
58 14 7034 64
54 83 19754 47
82 45 6242 85
61 35 65751 67
50 18 26730 368
53 7 7740 426
95 44 15313 105
34 55 13224 65
98 83 37451 94
49 3 20786 427
60 34 18193 119
89 42 13199 861
42 67 210792 185
32 27 20631 258
16 56 77330 1114
91 49 112702 94
53 29 50530 506
81 19 8905 54
11 6 67289 415
100 82 89812 442
27 20 9360 31
7 75 10177 79
97 12 37286 256
30 81 22181 129
62 65 20232 390
89 4 93117 308
57 72 16178 183
38 11 65464 171
86 15 20676 207
84 73 79380 132
81 42 97300 390
24 9 6078 150
76 8 21954 142
79 18 3796 140
88 22 51799 150
64 67 23705 63
33 13 16583 74
61 80 19890 20
39 57 19368 140
1 8 6032 320
59 80 8375 291
12 96 157011 254
65 2 6321 140
13 36 29300 365
41 8 2960 539
90 20 17734 12
66 49 20648 284
93 24 25092 292
80 30 48641 179
34 24 13940 392
12 41 53327 116
65 19 24787 145
19 87 35679 2282
64 53 83524 518
7 93 72869 135
58 50 19351 51
77 22 11801 99
74 59 33290 73
50 82 16344 85
5 34 84749 717
92 66 33861 129
53 2 29408 196
62 22 15511 67
70 42 11008 125
52 80 23885 746
75 47 2766 200
8 68 31103 462
62 88 23057 177
55 57 13642 93
8 49 14683 440
89 12 11761 537
24 66 4812 95
22 62 41879 1303
91 29 29158 259
34 78 72349 191
9 67 22991 90
15 87 31736 23
66 22 54951 101
66 28 222954 141
57 70 17760 423
98 17 47678 729
8 28 18725 118
98 15 26326 361
30 27 41906 41
32 14 11831 41
11 15 23883 144
29 96 143057 36
79 11 10690 172
75 12 66266 281
45 8 33827 157
67 72 51077 218
12 81 10374 17
5 3 25113 341
88 90 5276 247
17 30 29526 59
22 42 36780 846
73 26 1598 52
74 35 190987 314
59 91 141347 90
22 17 5455 128
42 81 23827 348
29 75 15521 488
89 56 21097 6
20 74 10686 152
89 84 25970 133
28 6 10781 574
25 34 12792 174
76 2 10063 646
37 75 9532 794
12 40 32638 62
66 25 84105 126
30 12 6518 93
16 50 28135 130
100 17 13276 355
45 63 28629 225
76 97 38897 182
15 82 29830 606
81 61 30782 132
72 31 10966 562
76 82 18556 174
61 25 16712 207
28 63 30328 102
55 38 5946 38
42 10 40735 98
21 93 10266 25
100 60 33367 244
56 2 16784 32
42 71 237585 98
98 94 12385 175
7 82 18312 178
36 95 8045 76
17 87 15805 41
70 35 30977 58
46 27 67031 77
25 23 14306 129
55 22 8987 53
43 77 53712 207
96 6 99475 265
95 67 30853 74
25 80 9249 103
24 80 49095 474
98 28 15974 76
59 63 153352 58
55 75 11349 28
23 28 81890 104
28 88 7783 247
4 99 22446 89
80 17 43640 23
91 54 70859 113
53 73 14448 87
35 44 25821 137
59 75 5667 50
96 8 179685 16
61 86 24972 563
75 29 76879 471
72 36 72607 175
90 9 21513 68
96 80 36692 131
50 51 12288 70
44 88 31923 176
89 64 10506 86
2 50 19051 36
78 93 71841 72
48 72 12555 559
50 63 14270 1106
60 52 37666 76
39 37 1851 62
30 94 13140 316
13 88 55036 44
30 95 100643 10
94 70 3954 283
75 74 26452 344
74 9 55387 291
27 89 8928 82
13 24 4679 376
62 20 4811 2461
68 19 19462 138
15 51 20204 184
68 35 5048 195
30 70 39783 602
19 79 14143 222
85 21 406256 135
93 56 40229 165
6 87 5119 785
77 9 100158 71
46 14 19304 915
12 70 19536 111
50 72 14908 95
50 27 9525 253
92 73 25330 230
72 35 12620 68
34 54 7428 33
45 73 12568 120
57 84 32304 2389
99 69 22975 46
57 4 283942 182
40 26 37299 148
23 34 94069 331
99 36 7728 253
40 70 10152 1221
49 10 12360 57
31 68 135669 62
8 55 27275 142
93 57 6577 237
82 4 4667 22
32 74 13087 229
66 3 32970 88
71 21 51760 363
81 2 4577 249
52 39 62335 219
33 55 20905 198
10 45 7559 79
98 26 53040 180
7 4 13185 173
95 1 10042 870
59 16 22660 293
96 33 60962 383
3 5 19104 20
36 82 4481 36
70 96 20992 35
80 48 6559 412
23 1 47213 539
17 59 5883 67
48 88 17536 54
15 28 31519 17
52 87 110577 24
3 45 100254 43
44 61 7780 117
65 17 15818 175
31 51 40041 36
60 85 98412 381
46 88 4633 884
37 46 41736 380
2 48 33555 296
49 56 25081 566
3 98 21205 97
27 21 27690 276
68 75 51664 201
2 33 21259 175
14 55 46824 952
38 92 7184 26
21 10 12275 121
27 52 99027 245
93 69 28498 58
91 9 9669 31
25 62 54887 781
17 72 23919 20
83 27 32518 208
40 80 100125 1462
87 80 47329 40
16 37 36993 228
76 21 21799 214
18 94 7266 507
44 6 15809 635
58 97 13290 570
76 38 103593 120
58 49 39086 102
56 29 16527 108
71 33 13068 46
47 29 29801 48
20 28 22854 37
76 6 6029 449
40 76 20900 100
9 34 7605 425
93 73 6685 440
25 43 80488 128
98 97 47283 356
56 53 18547 50
61 40 7846 152
47 93 70720 1288
46 13 70576 155
42 66 16063 224
16 22 2457 75
44 98 26031 72
42 25 27780 107
72 78 29504 162
40 23 33094 22
89 40 7633 130
70 57 116490 534
75 20 64388 198
50 65 24874 163
7 37 107281 78
69 97 5858 191
18 44 21159 140
43 10 29662 39
77 71 27515 130
36 91 195631 20
50 97 50192 763
87 99 11963 208
14 22 6298 123
90 12 41936 46
77 88 1722 164
26 1089
76 40
50 80
88 86
80 209
28 144

7718446
