100 499 3 3
97 99 83215 175
97 59 9553 206
97 1 9785 18
97 22 13532 171
97 73 40843 183
97 95 28617 148
97 78 70135 119
97 62 46387 75
97 93 20475 18
97 49 28316 101
97 26 44568 221
97 66 52396 308
97 52 48438 126
97 43 3764 33
97 63 3483 190
97 74 14490 212
97 60 20489 93
97 49 33801 42
97 42 97396 12
97 89 6423 444
97 100 105012 198
97 58 25216 51
97 62 41386 776
97 49 6376 121
97 40 32674 54
97 67 79148 31
97 60 6078 125
97 92 26158 380
97 85 56216 57
97 81 76082 145
97 41 26464 76
97 16 42327 205
97 25 22249 28
97 86 34412 99
97 36 20041 271
97 79 21620 82
97 73 12836 97
97 85 37745 35
97 36 12240 346
97 42 26720 384
97 73 17744 126
97 62 28805 562
97 8 13990 69
97 94 153676 247
97 11 81058 387
97 44 38167 498
97 80 8234 474
97 49 28106 23
97 67 10916 24
97 73 2504 74
97 6 13543 192
97 79 59900 356
97 90 50172 147
97 34 15074 22
97 35 20747 54
97 14 156384 74
97 93 117794 38
97 46 17216 480
97 88 22221 35
97 5 26554 232
97 38 44626 391
97 76 29505 68
97 48 27589 162
97 31 13834 56
97 28 38727 101
97 78 45165 71
97 29 21771 93
97 16 28607 414
97 70 73081 3094
97 48 8220 52
97 28 3742 82
97 19 37512 239
97 46 51613 94
97 75 34079 436
97 86 65612 106
97 87 15010 217
97 20 112939 179
97 15 8645 713
97 89 15739 153
97 67 23583 1629
97 79 14299 546
97 10 16399 231
97 96 112530 44
97 71 11042 68
97 76 95984 365
97 28 95962 116
97 58 10784 934
97 58 18702 25
97 76 29629 56
97 69 131712 873
97 44 10597 807
97 16 24220 194
97 77 5733 202
97 59 4902 482
97 30 4054 149
97 16 43165 257
97 65 11286 531
97 86 126908 116
97 13 31966 418
63 20 14666 132
72 14 40021 52
63 64 95581 496
70 46 10838 281
99 86 18877 1079
32 70 118849 338
19 8 46632 233
55 27 27710 1082
54 39 52844 83
56 18 8798 677
38 27 9802 622
1 50 16889 85
84 12 29133 93
99 69 4171 85
34 82 19227 29
40 53 14771 348
69 19 16490 187
44 16 5333 76
62 91 48947 364
31 86 42598 228
36 86 46296 413
40 4 110899 99
73 62 79265 400
5 54 10549 73
83 99 54550 94
74 66 75120 158
17 15 84736 135
95 60 115039 118
17 7 15748 259
36 18 100331 164
80 18 32994 224
8 87 14729 38
46 58 4361 625
12 82 14938 1136
10 1 42719 130
56 26 47616 143
43 82 29825 327
3 78 6293 83
73 97 28372 124
76 68 10364 163
76 9 97019 564
28 66 12727 143
94 87 7845 504
10 56 8748 212
3 73 16374 37
37 57 38544 52
25 52 10306 517
73 9 55281 227
34 27 39832 624
1 45 67754 125
62 44 49685 35
4 33 45788 236
99 20 26530 168
9 91 29294 128
42 79 13030 55
6 73 35815 538
41 25 40320 17
22 35 31756 416
52 72 60376 393
32 41 4623 811
30 73 44428 698
22 56 18303 49
43 74 5961 400
48 73 24554 76
20 11 99573 169
5 75 36305 290
35 17 19378 93
78 52 30286 479
91 65 133235 179
93 39 21255 166
21 58 5516 1653
93 58 21124 329
14 37 21641 251
19 23 8137 73
50 11 49268 143
59 14 17381 82
50 25 6480 123
52 47 8594 47
100 85 23180 158
29 61 9644 101
70 33 26726 65
80 29 13997 73
19 80 3629 113
1 40 28744 240
32 90 6285 106
69 54 31366 217
90 16 34626 281
5 60 23440 28
84 53 57411 266
22 5 9156 469
56 7 81638 1072
63 43 10424 52
46 73 8378 386
27 19 3385 128
56 75 9345 213
71 72 76063 42
84 76 20884 133
23 96 104123 114
64 26 50323 65
43 83 39627 152
57 100 12355 73
47 93 123912 133
54 63 12664 71
67 64 18321 569
9 17 28804 416
49 28 38053 234
17 36 7326 506
5 89 13109 90
71 39 12783 546
98 16 45999 183
31 12 18157 25
3 15 9317 339
29 72 14271 468
7 23 71256 65
37 78 34702 96
58 17 7900 187
73 75 29025 14
8 46 4343 76
99 52 31226 63
33 27 22597 319
91 20 2790 291
100 14 18992 42
1 86 17620 124
79 96 12662 1210
19 43 31371 126
16 82 23932 143
57 48 203531 184
40 69 35962 191
90 98 56270 41
88 83 204660 563
72 70 33862 865
24 34 36200 29
22 29 17890 263
31 7 108894 214
60 7 28473 649
3 27 94375 41
21 16 51104 202
2 51 11949 105
73 59 15115 107
52 83 29053 442
77 29 6319 29
38 99 57823 24
90 64 39368 127
53 51 79434 288
54 37 180770 53
24 41 108710 416
71 18 34146 282
54 69 77851 327
15 45 102279 46
99 84 34535 99
84 6 21069 36
95 21 6162 397
84 61 8726 158
94 30 35206 71
10 82 4189 58
85 83 347443 185
91 23 66821 98
55 38 9254 60
74 33 36050 824
19 57 454979 161
81 39 12785 289
78 37 23108 330
4 6 47376 180
15 92 15224 106
95 7 18537 238
71 5 28051 220
38 15 254560 360
44 45 7719 50
92 99 61690 52
45 80 179980 138
36 96 12179 545
7 62 6982 123
35 15 25351 108
96 19 31133 134
79 71 37379 33
50 93 11591 83
24 39 4174 103
25 69 23363 142
31 18 14449 38
100 65 81242 125
88 53 2074 213
48 98 34534 48
93 33 21276 367
64 41 164274 138
86 21 29383 533
73 53 9273 54
2 91 6959 30
68 19 19794 233
75 11 7063 183
16 7 28206 158
21 35 27869 81
35 97 14698 318
42 10 19106 153
5 73 30829 79
59 53 7747 68
28 42 17881 59
75 50 47376 126
29 52 12583 41
12 95 322746 60
16 58 11488 665
52 63 23329 323
13 2 37755 408
19 39 30041 486
75 99 20425 90
6 3 8756 130
21 51 32438 126
43 81 15343 142
14 43 22371 14
18 82 66996 232
93 95 26028 92
27 51 105601 77
25 65 25224 162
54 5 40582 115
93 53 12937 45
21 26 18473 211
7 69 33640 133
51 72 34944 62
9 74 37075 905
28 25 12344 29
40 70 17347 253
84 65 22409 59
24 23 98949 67
62 46 14405 572
49 4 33266 51
3 31 20116 2081
55 36 10158 129
13 85 74848 100
7 36 20273 88
28 92 9842 617
54 46 9164 61
47 57 14531 39
62 64 64826 37
55 56 3547 542
84 18 14899 170
16 96 33771 129
12 48 42231 127
45 24 58749 142
92 22 267877 350
80 12 32129 147
83 70 98760 131
56 19 13919 175
76 44 5850 18
19 3 26316 688
16 61 86288 27
65 42 66341 121
66 26 23081 443
75 46 11297 176
14 82 11832 59
69 16 244304 185
64 94 48271 1011
32 57 24400 15
21 7 149781 379
85 91 46407 247
59 19 24579 74
10 59 33858 466
29 83 43397 31
35 5 14006 53
50 76 10024 17
14 87 82537 619
39 7 18277 145
69 84 2635 75
58 88 55312 51
9 63 1623 90
46 17 15491 194
10 7 9529 390
27 62 11208 345
81 72 7508 210
89 37 89916 63
78 12 2953 112
43 36 27898 68
82 67 32498 160
30 86 14190 215
39 93 19581 30
51 9 11043 16
2 25 36841 110
82 19 19529 127
47 48 26859 167
73 27 9006 73
25 16 5106 22
30 59 12385 17
36 56 255160 202
1 2 10718 140
57 42 10429 132
21 65 2075 382
45 28 5691 501
80 19 24803 366
27 11 44483 144
73 40 63885 33
45 52 47661 89
31 52 33044 249
34 68 22259 96
44 18 51196 443
73 54 32553 55
57 69 58656 269
38 59 25535 901
94 42 13175 245
9 7 14299 70
39 67 39324 81
36 25 41548 133
33 23 8313 356
61 53 40370 716
53 3 19677 137
100 9 6234 48
8 96 30693 93
11 39 18207 110
42 20 66580 50
49 60 67662 117
29 15 8326 63
47 49 17251 283
76 85 39989 331
26 54 29966 86
54 95 6969 536
10 71 81238 458
35 32 3002 137
34 35 38642 137
83 1 10506 48
66 86 49727 170
19 90 16933 83
28 16 35502 323
98 91 52026 108
47 87 17142 23
44 57 59619 41
35 74 100299 209
16 15 6109 304
49 46 25743 105
86 53 13497 437
59 27 104311 723
100 26 26212 46
46 89 9541 1382
5 23 6537 51
43 34 22152 454
67 12 12856 87
8 36 136358 626
82 74 4648 362
38 22 56635 109
23 89 5352 52
32 42 13034 429
46 14 96723 15
13 77 2505 842
19 38 77433 90
81 7 16496 127
25 93 40049 23
88 11 3991 41
45 26 28563 262
84 79 5672 36
93 28 30183 51
57 85 273180 75
31 95 24321 42
51 90 1816 153
74 81 32189 841
55 50 26131 159
44 5 9541 183
71 29 43404 226
91 73 13986 360
100 21 34774 281
8 4 22148 53
52 42 31310 295
69 12 14730 761
18 5 38675 105
96 49 106310 817
40 98 80424 101
67 33 7787 189
9 79 8603 173
59 42 14669 62
69 45 10686 196
16 73 31232 56
100 79 50393 314
27 68 9664 87
62 73 28375 330
96 92 21263 138
67 28 10504 469
68 4 19519 276
17 95 7377 8
49 37 21318 242
38 37 55714 450
37 83 16088 331
97 47 137057 139
64 89 103998 606
17 83 13503 235
66 70 12069 19
59 15 15620 137
37 5 50452 448
53 36 4471 68
18 38 2030 67
54 26 49916 905
52 41 57851 322
50 77 33058 95
99 1 16415 49
14 90 4740 21
71 65 31536 349
3 91 2735 174
35 18 23776 58
22 8 165090 535
16 13 86186 458
23 99 19642 441
7 27 137757 189
40 28 5670 92
3 22 5456 188
32 12 16482 343
72 96 56163 374
97 600
73 135
19 63
16 445
7 224
86 143

24050860
