100 499 3 3
12 49 107697 86
12 100 62979 61
12 18 27110 241
12 7 40569 235
12 100 24774 376
12 23 3794 352
12 29 4586 452
12 98 27683 21
12 5 30458 132
12 74 42565 95
12 57 14808 237
12 56 24934 247
12 67 15178 530
12 98 41690 80
12 58 6622 94
12 100 102840 359
12 11 8192 440
12 21 1382 19
12 72 4852 513
12 24 42230 59
12 18 11510 123
12 61 28011 190
12 99 10251 159
12 69 41215 162
12 31 133557 66
12 23 30976 512
12 95 16640 127
12 17 136327 618
12 5 41939 112
12 96 24246 96
12 28 23536 1153
12 54 32036 24
12 51 4777 274
12 26 44794 192
12 39 30318 268
12 43 4617 395
12 36 18339 43
12 8 8921 96
12 7 19992 169
12 18 5135 211
12 24 137023 304
12 3 6461 108
12 44 43108 626
12 45 191546 107
12 87 27900 48
12 59 19406 285
12 77 7031 141
12 4 4396 182
12 90 9345 72
12 52 6150 972
12 35 38222 49
12 46 14753 99
12 93 17183 108
12 27 69953 213
12 83 76832 76
12 33 15662 270
12 5 137880 38
12 91 10644 382
12 99 9143 413
12 83 2117 33
12 14 22023 77
12 65 90000 364
12 90 11106 487
12 39 23562 88
12 32 90318 136
12 80 39793 552
12 27 6657 38
12 13 51768 116
12 58 19215 335
12 38 139669 202
12 50 10469 205
12 42 5610 215
12 3 24405 163
12 50 4563 413
12 92 47214 87
12 29 34693 52
12 98 8973 147
12 7 7448 166
12 42 183083 64
12 49 10862 302
12 11 4442 892
12 100 11290 62
12 82 40445 3984
12 39 11091 27
12 39 35860 116
12 68 11872 87
12 6 51044 60
12 31 20717 359
12 18 43585 270
12 72 70426 52
12 19 84501 2670
12 26 17698 76
12 42 8116 288
12 34 48702 180
12 54 157780 94
12 81 264423 48
12 39 8385 567
12 48 63092 94
12 23 10180 2006
13 97 60131 27
14 84 14436 610
31 69 10043 92
91 15 7310 103
95 77 70406 91
68 12 2800 54
96 10 19474 560
78 33 81173 451
1 16 35666 244
8 48 22150 1349
97 95 8244 186
71 8 41844 150
94 78 21773 63
49 35 10425 222
72 39 94319 134
84 9 8047 626
66 27 69192 288
95 43 48547 160
32 90 22705 67
43 95 106137 224
47 31 10680 373
44 31 4372 109
79 53 4720 180
62 93 43897 318
30 37 9625 381
75 15 19498 134
40 31 25536 130
29 11 148305 70
95 75 11655 196
29 94 29186 36
85 87 16642 44
7 59 9212 223
73 82 20294 778
20 45 13461 9
27 58 7318 708
58 90 10635 98
93 77 29101 308
59 7 28352 97
97 33 55127 210
79 38 18534 191
74 67 21355 197
49 54 8857 153
10 81 13207 368
36 4 19090 365
69 95 11912 165
92 80 4295 58
14 17 86830 123
97 60 16469 68
76 49 44233 73
71 24 14816 169
57 70 25339 194
56 82 5487 22
16 44 275877 73
24 91 40590 68
9 94 31820 620
24 50 5257 142
31 20 12586 460
62 59 23701 184
46 60 34189 111
6 71 27315 124
33 60 28688 43
54 28 6173 83
15 44 5831 56
83 72 83697 36
9 54 20566 299
6 88 21942 487
5 13 16803 23
72 71 10820 647
29 50 6854 114
97 87 31224 105
66 74 28817 366
77 91 12562 100
22 56 21621 177
94 91 3235 1684
68 18 146961 113
92 50 24442 327
11 73 14924 48
61 1 53701 41
43 68 12840 135
96 65 6402 178
55 97 7465 439
97 12 33049 65
99 73 25582 294
5 89 123485 133
96 1 3754 80
30 14 26269 57
96 29 55128 91
34 7 13645 184
98 37 5006 93
54 89 54643 69
5 29 4164 276
57 68 11413 339
38 58 16771 1537
65 59 15806 68
64 75 38036 89
62 14 17118 21
4 91 14389 337
8 64 88938 55
2 52 35541 151
41 58 19417 393
15 74 8609 578
9 71 9469 99
46 99 27150 37
26 85 32133 1319
47 98 53038 100
11 72 263765 26
12 40 20344 72
88 90 30757 268
47 17 7884 134
52 54 26478 36
30 59 66306 461
51 87 38158 192
67 8 19691 176
64 35 14607 385
33 28 27012 311
65 17 88546 42
84 13 32743 335
99 57 11676 551
64 62 82448 67
98 76 24996 203
21 33 8729 186
45 100 18546 20
28 34 37377 31
56 90 230665 130
75 10 7199 139
72 63 9072 73
86 35 20713 244
73 98 27181 30
92 24 43008 433
83 62 265954 288
94 42 15300 208
69 7 47191 126
82 11 102385 152
8 91 65997 299
21 69 11246 469
62 63 85983 493
6 27 10183 94
8 33 193283 210
53 95 195734 391
95 83 73485 243
34 35 52907 156
81 98 3082 125
51 67 46769 152
88 4 44068 542
39 87 4627 83
100 3 18222 46
82 89 19791 228
29 100 8261 2276
36 80 103830 138
98 6 66277 842
37 34 5994 163
100 62 6392 126
87 55 12248 45
7 69 11237 188
79 36 12731 97
97 71 25236 922
80 70 28628 616
48 66 13442 73
94 29 23892 131
84 91 28404 489
4 55 11612 80
8 3 8846 329
90 41 173827 99
67 98 28110 186
51 66 18400 108
77 2 14700 56
77 51 49007 298
10 25 37486 512
17 22 51741 191
92 45 33899 102
9 19 19366 220
6 22 8572 196
53 45 8029 91
29 53 1258 423
58 24 26947 261
60 11 3843 24
28 100 23359 41
18 29 4530 49
30 33 16929 7
41 50 2419 109
52 75 59843 47
37 30 12179 43
1 77 48736 178
42 88 30570 45
72 98 2694 113
96 46 46569 58
87 93 8404 191
34 45 20831 66
96 39 13985 124
39 14 176948 535
67 62 15492 560
22 3 71542 132
11 80 6938 83
70 13 28085 65
90 65 3907 556
59 15 28247 73
40 56 28692 22
50 58 15805 59
38 83 13696 54
84 60 138921 216
3 88 52734 60
67 43 42838 78
56 39 9084 386
65 15 19059 804
93 49 39562 33
27 54 69182 73
98 1 18306 95
72 54 5304 65
97 10 19189 55
50 27 249065 139
38 68 25744 41
90 73 9884 122
85 70 33771 16
54 55 19008 68
55 50 34412 372
85 47 19487 440
26 56 46886 158
48 39 10856 139
79 39 108694 71
58 98 9947 112
48 59 7247 298
99 58 51942 94
27 15 79455 76
34 78 34427 10
35 68 7316 47
99 19 43708 888
49 44 56043 66
65 54 54843 286
84 4 96352 403
45 42 66694 258
89 64 24800 951
8 39 49109 476
55 56 14451 147
42 82 20705 229
52 57 16014 431
99 23 10813 294
53 34 25574 46
20 42 83471 377
76 13 248599 1006
5 73 25110 315
66 69 14464 39
75 46 13584 109
95 22 17876 49
45 94 36054 115
76 24 17388 74
54 2 20860 55
85 8 19579 47
1 47 6473 83
8 18 33701 65
31 99 26133 109
39 16 3167 197
14 68 18382 326
87 36 136046 25
3 40 10683 59
93 69 13072 800
69 75 8229 83
25 94 18312 146
68 26 10218 341
1 14 58291 328
42 72 54579 177
2 15 14311 187
59 73 21735 142
65 18 3995 222
94 32 11231 17
25 62 26072 69
90 59 7328 24
72 57 26541 166
6 89 81169 448
77 88 18111 102
16 71 17735 260
71 63 11009 1127
15 21 22809 61
68 9 8430 431
1 55 16625 113
74 16 20753 346
87 59 47765 1188
34 67 7139 333
81 25 23572 76
66 57 6684 462
35 58 14235 51
58 86 35368 117
40 86 23008 122
43 22 117042 116
40 63 68404 413
18 43 3425 40
63 1 21656 129
19 5 107683 598
26 53 48897 69
8 36 17509 918
43 96 20441 167
99 40 13030 48
56 71 21929 588
38 9 11347 93
3 56 94231 336
69 90 13871 180
63 76 105108 25
69 28 27209 47
39 75 58009 60
61 78 16013 54
63 58 15392 436
91 75 11227 48
70 54 16934 645
52 24 164584 148
34 54 8045 126
41 71 20558 137
27 57 15640 199
77 76 32768 121
79 66 15608 53
71 72 9156 54
61 83 79089 57
48 41 35994 302
39 7 74749 122
30 78 7461 188
46 39 250596 181
43 97 363127 483
34 3 11916 55
39 62 16596 156
1 19 26560 284
69 11 17443 55
93 86 39560 115
76 53 7780 62
67 57 40397 184
29 75 64477 335
29 55 31019 168
25 84 14233 21
94 86 11544 490
57 46 33411 56
19 59 36003 81
39 68 66560 128
55 85 54704 207
3 22 47761 269
57 88 91545 174
83 29 21304 226
15 52 22995 45
15 64 65541 116
32 89 71204 202
65 100 6019 25
64 18 80046 30
37 99 41073 73
19 52 25836 244
52 39 204693 245
37 36 15376 25
31 3 8844 179
60 5 12738 85
28 69 39743 296
79 60 101814 601
46 82 98981 216
84 71 35549 61
55 88 5203 145
54 5 13578 104
75 19 11591 146
67 48 14118 154
56 47 38594 37
6 12 88394 27
39 67 60291 86
60 22 23784 68
54 80 21357 195
27 34 16227 151
63 78 12279 51
48 51 6527 26
1 87 10490 34
32 100 38160 61
78 85 36126 197
72 27 16131 519
20 11 5831 55
71 40 20475 483
9 100 7682 1054
7 66 13469 92
26 59 30322 1059
89 84 12284 51
29 99 82733 91
19 21 367540 36
31 36 4080 98
13 68 35021 232
43 48 17282 494
4 23 3928 255
99 3 9456 120
18 55 12283 204
65 2 33655 391
6 78 28531 164
69 39 6387 322
76 75 47530 48
32 49 5673 106
5 37 62495 33
78 18 40393 206
100 93 180744 126
38 32 20432 274
35 84 46245 649
94 40 780 32
88 40 67425 67
34 19 11239 74
85 21 35811 211
4 31 5591 374
73 11 17599 116
24 33 59504 67
74 33 3687 88
16 35 4724 257
31 64 46410 100
16 8 5912 51
25 66 5230 276
12 900
39 40
34 24
100 341
59 48
54 705

21016564
