100 499 3 3
46 14 3908 129
46 69 277365 488
46 17 25621 567
46 3 170365 200
46 74 7151 499
46 99 21894 23
46 7 33811 88
46 12 47202 111
46 58 38455 463
46 77 17612 286
46 34 20609 382
46 85 23899 189
46 60 11213 69
46 15 28396 68
46 17 55180 80
46 34 5166 160
46 70 51067 672
46 11 27117 514
46 57 14178 274
46 31 5286 100
46 61 25519 411
46 51 5644 699
46 89 12620 89
46 39 24470 516
46 58 13239 24
46 41 29304 187
46 11 17741 238
46 85 15152 320
46 38 6933 293
46 92 68007 227
46 75 28361 56
46 80 40938 31
46 95 81611 634
46 84 22431 712
46 15 23187 287
46 70 6045 105
46 23 7848 131
46 16 66015 192
46 58 23856 52
46 83 34622 304
46 31 3520 29
46 27 356041 348
46 4 14462 119
46 44 31751 175
46 15 22722 114
46 62 36800 83
46 98 5989 50
46 92 8124 60
46 73 23423 228
46 37 9665 136
46 30 21063 332
46 9 123227 83
46 77 30032 137
46 78 20575 78
46 40 15801 107
46 58 32784 579
46 44 19426 346
46 22 9463 31
46 6 22109 32
46 20 3256 32
46 83 10413 47
46 61 18492 310
46 90 44562 224
46 32 56645 82
46 83 22943 16
46 9 85361 45
46 26 22102 2550
46 73 7600 100
46 15 13931 256
46 77 36857 297
46 52 5015 37
46 47 35159 62
46 100 28426 310
46 45 14986 104
46 72 42178 89
46 13 38016 247
46 29 3573 571
46 35 1044 123
46 93 102149 71
46 20 11136 218
46 32 20841 175
46 50 7504 188
46 10 33674 113
46 27 14716 72
46 71 32884 41
46 45 15503 241
46 73 28136 79
46 47 9273 25
46 24 11544 251
46 94 13602 26
46 53 12303 91
46 98 2836 300
46 2 27808 310
46 89 12984 53
46 80 27364 305
46 55 32017 652
46 96 33832 78
46 95 39500 314
46 70 26434 75
60 45 177275 716
35 40 6303 200
21 40 23196 139
13 7 66560 102
95 54 30404 288
99 81 149963 64
79 65 23198 206
24 67 10312 91
52 24 10886 282
18 76 32420 144
38 11 20696 185
72 68 21261 911
18 90 19419 648
9 34 31198 52
52 26 44468 50
68 58 20192 274
78 24 18386 1451
5 20 56963 24
90 86 1793 213
92 93 49939 218
82 19 35643 71
34 65 13361 274
69 31 62281 137
4 45 5639 31
30 44 18072 116
12 44 22983 192
65 74 23429 353
58 57 50882 267
89 58 43947 111
48 31 12144 850
94 72 4546 149
69 89 33172 131
43 56 14309 338
41 66 44493 401
60 75 4194 150
66 36 53116 279
78 19 6392 213
44 45 13200 489
30 84 13339 397
25 55 6215 238
32 44 29960 159
55 79 10314 395
50 4 9862 82
11 86 7277 64
66 84 10400 694
17 19 19929 248
14 65 8461 180
20 61 17799 32
97 44 15484 85
4 57 8076 250
42 60 78622 179
60 61 40725 570
74 31 18803 81
79 26 4990 25
94 32 61853 287
19 92 31308 60
44 33 17430 219
91 4 11336 1549
15 66 16207 161
97 71 35952 211
77 34 88877 189
72 50 18007 197
44 73 41183 171
86 63 7065 80
69 38 50385 161
16 92 129236 733
54 94 83653 645
75 40 47001 52
34 33 26367 64
55 52 12724 193
98 70 55165 223
2 23 17742 315
70 81 20594 36
93 13 11833 157
30 21 2138 48
8 5 15063 298
63 48 25345 62
8 26 18274 77
96 49 6595 617
73 83 7828 1261
26 60 1429 400
31 81 9965 163
54 39 43146 735
4 82 20270 276
23 61 18759 196
61 15 1210 19
5 16 58964 129
77 93 30016 55
33 98 49101 255
65 5 163523 51
61 56 29091 181
44 92 130502 96
48 70 25955 289
69 32 22467 73
58 71 38247 423
24 41 89363 478
91 63 22852 665
30 75 2633 26
28 34 14387 369
61 11 111856 133
3 77 24337 74
10 67 4172 612
51 62 114841 274
89 76 27809 660
78 28 8885 284
98 6 64977 72
66 40 1777 41
29 36 105158 37
47 86 25315 33
3 55 4207 269
54 84 42083 1121
32 8 38392 216
68 21 31739 720
5 32 7231 360
9 64 20933 217
72 33 5367 15
82 84 33566 56
34 46 25025 336
45 65 5638 38
88 82 10362 173
80 1 6309 46
71 16 94406 190
81 89 121266 73
34 93 62376 63
61 39 31688 336
98 8 41496 28
71 38 107781 366
31 94 20875 292
35 72 20494 28
5 41 54314 1625
20 96 47354 153
41 86 16411 34
59 20 21308 126
69 19 99052 32
66 22 58802 214
40 60 11077 1463
97 95 3485 271
59 73 5010 108
15 16 12350 539
74 97 3817 129
54 38 19587 923
1 16 11844 225
85 78 17186 201
16 7 88722 110
77 91 10570 49
74 63 105315 27
13 61 14511 362
59 3 12942 39
17 76 28294 43
28 51 36342 200
41 87 9777 437
88 50 38997 80
46 18 12582 92
92 76 3902 1146
72 19 10793 37
83 77 55615 513
27 31 81952 309
53 82 7739 321
26 15 71872 25
60 29 29176 160
10 83 60510 534
4 56 3680 85
9 60 45687 197
4 76 19126 323
22 36 7799 167
55 13 53974 279
2 29 13674 38
26 11 8597 40
8 44 12424 256
50 49 18324 411
51 15 13716 197
6 4 18423 242
27 15 12503 95
2 8 3441 115
50 94 23124 135
21 48 29156 108
97 13 15996 702
8 80 17216 51
15 25 23279 65
20 10 5264 126
35 59 11791 185
68 45 13933 270
55 42 61887 1105
90 63 16515 69
49 25 44186 133
74 38 17147 900
13 9 10195 622
15 63 27838 94
23 5 20145 1607
71 36 47396 423
40 90 42890 352
40 41 7696 110
85 54 8860 359
85 81 29980 539
21 73 2745 957
44 7 17663 414
76 9 30287 81
5 8 9291 220
95 98 116453 93
73 37 268518 665
24 40 21088 300
95 30 73183 97
64 70 39474 210
61 42 98446 223
73 6 7764 224
70 100 102389 299
9 26 24332 331
35 21 39195 275
43 23 73668 184
8 72 55882 117
79 98 13295 213
80 3 53042 36
40 71 23773 170
38 79 24697 582
18 14 69765 166
27 51 6428 150
71 44 47523 62
76 90 17582 256
40 4 12869 76
99 35 40836 822
32 23 19964 127
3 5 9899 135
79 33 16371 230
10 80 57664 499
87 39 144476 895
5 9 18556 173
67 38 142784 50
41 59 8420 251
62 92 52446 144
16 32 52019 2407
42 98 40398 68
62 26 4087 23
65 96 6206 179
36 3 6654 236
50 84 20614 141
73 89 13417 2205
96 6 75761 347
16 9 189326 181
79 66 18491 54
82 45 42656 206
45 56 11121 563
57 79 20452 640
53 26 12768 69
91 12 296366 94
12 52 23295 246
52 45 7191 559
93 72 65173 1006
22 88 17594 38
42 32 30406 28
21 82 26225 49
41 64 12704 27
9 36 17527 70
77 89 4831 177
28 20 3111 22
21 4 14398 24
38 35 5954 271
98 9 13449 27
93 96 35593 188
45 41 56265 81
34 42 17696 226
4 13 8451 420
68 39 12899 42
56 18 41946 60
97 73 50020 5070
82 47 39108 86
76 60 29359 102
49 62 4327 198
64 15 17620 93
31 27 20099 175
62 37 13007 392
70 28 26185 87
53 89 4228 66
18 48 3515 169
24 6 8349 159
26 36 29624 47
95 7 8500 67
32 71 28673 145
53 88 5808 64
65 51 28722 14
13 95 35647 111
23 53 48032 453
74 32 10340 27
2 91 11744 166
25 32 4948 297
59 75 19086 52
59 58 10123 214
22 89 4485 55
48 72 9053 557
72 95 5852 171
58 97 11143 599
78 44 7498 14
16 13 189050 80
64 44 57395 396
7 78 26641 17
62 58 80839 30
21 87 11694 141
23 99 7700 97
63 40 48766 72
63 59 71543 629
78 75 13575 65
59 8 28703 93
32 84 29653 802
45 48 18420 94
44 39 48939 106
15 90 5681 44
12 40 66904 143
29 55 37077 84
41 30 15640 266
33 21 72259 41
19 40 42700 108
65 73 29751 108
39 29 12719 874
8 100 9781 69
9 30 5686 36
57 42 48521 143
73 20 29280 152
76 55 85891 251
35 56 4474 208
19 86 163655 431
32 6 20881 75
96 80 67297 214
9 49 107200 348
21 97 9426 171
11 25 20785 313
90 60 37762 339
52 31 6913 169
65 13 58616 63
9 94 51678 136
49 85 80891 73
40 79 21830 126
68 69 4660 416
31 41 23288 539
97 99 16470 128
5 93 17929 388
29 48 25193 96
100 31 12951 69
14 60 54638 74
96 21 17567 673
96 28 4670 207
66 68 11812 122
2 65 88740 90
18 23 18167 30
32 1 4618 94
92 73 21521 50
30 47 61963 14
32 64 69055 50
40 3 221168 76
62 2 6197 240
78 39 16083 78
15 86 11259 719
33 87 32158 98
95 27 3631 155
88 23 7161 36
69 34 56049 736
34 16 11350 123
57 31 7482 126
2 32 4160 31
61 47 20666 59
66 15 73086 31
91 23 31025 10
78 61 5342 102
71 74 7992 138
43 2 179533 17
80 30 35935 80
65 46 34626 33
35 95 12838 32
32 58 16644 503
38 12 10866 93
84 26 17290 365
52 59 52412 187
56 52 17600 504
76 79 133232 202
68 78 6683 170
50 24 33880 178
27 34 2598 105
36 35 27543 406
73 34 56605 31
96 24 25516 211
41 51 19099 140
100 78 101290 145
93 12 16103 143
29 88 6843 166
60 13 18859 117
97 4 91429 29
79 63 8139 132
32 72 5482 329
50 93 10370 62
27 60 45571 18
98 50 43136 131
17 79 24843 480
52 51 41238 1866
69 47 6040 46
53 3 21105 56
76 27 31288 307
54 47 6605 47
34 76 10827 133
24 42 19296 114
41 32 3617 65
56 14 24776 194
59 40 23096 130
46 100
32 1370
41 168
44 1396
40 237
15 204

97557203
