100 499 3 3
33 98 45038 126
33 39 56813 187
33 32 8723 357
33 60 19032 109
33 39 8660 70
33 81 20148 273
33 64 6358 199
33 84 10979 63
33 67 40025 101
33 23 72838 197
33 93 14638 28
33 36 33754 120
33 26 13665 231
33 83 64541 71
33 52 33373 50
33 45 236371 45
33 62 22338 155
33 89 16900 267
33 23 44996 758
33 42 56103 118
33 8 32021 216
33 58 7773 17
33 24 24135 285
33 6 117469 213
33 64 1005 77
33 99 57795 179
33 99 27115 289
33 67 49917 10
33 11 30492 72
33 14 29623 33
33 4 14654 1106
33 34 27542 57
33 78 50356 175
33 6 15570 1096
33 23 41812 102
33 53 10205 145
33 98 40951 123
33 65 78318 322
33 58 123478 111
33 44 374152 86
33 52 29577 56
33 74 26631 239
33 70 12415 135
33 21 13967 135
33 81 13332 40
33 28 19108 63
33 72 11540 189
33 56 10120 102
33 85 16990 206
33 15 17357 103
33 55 31797 102
33 50 6563 236
33 66 15450 176
33 84 38050 199
33 21 44281 525
33 25 31193 32
33 55 3367 28
33 62 13192 106
33 92 10787 90
33 54 16323 701
33 40 19559 94
33 59 10877 130
33 73 16892 53
33 91 23132 59
33 31 30746 313
33 52 9022 591
33 89 80111 137
33 77 11995 494
33 17 6464 41
33 97 105479 655
33 38 97217 140
33 95 38282 429
33 94 5823 333
33 18 52136 321
33 58 33106 34
33 1 16843 125
33 12 8031 50
33 89 47121 262
33 53 12886 156
33 93 6099 153
33 18 38246 189
33 34 105603 83
33 31 51805 65
33 85 154466 50
33 85 86387 153
33 1 35417 206
33 84 41927 229
33 57 88128 226
33 24 13841 284
33 39 4607 23
33 24 49462 95
33 68 12985 412
33 34 14675 45
33 14 225589 63
33 85 9478 354
33 85 50862 93
33 9 46040 212
33 91 36196 1291
33 27 11395 154
83 34 10869 177
38 76 90992 448
55 81 15728 224
76 61 33843 370
59 55 48568 172
66 54 23782 175
8 45 7147 923
76 100 3468 250
33 80 55056 283
46 48 4553 155
87 14 24199 317
48 80 39491 115
47 24 28581 217
20 29 147814 243
83 68 41974 92
76 29 26172 304
53 91 21339 140
43 52 4510 325
67 19 34127 511
37 95 56328 1568
84 68 81936 53
95 26 24202 2613
18 35 58866 162
45 86 17790 622
32 65 7901 76
73 38 20585 185
16 12 4621 150
21 90 6616 242
64 30 104005 937
38 100 14958 93
29 78 9422 306
100 86 3838 166
95 15 4141 85
52 41 57232 152
62 34 23037 54
50 44 55906 62
71 42 10279 479
53 70 24029 485
100 55 42705 48
60 82 4806 146
43 8 52900 139
77 7 14590 691
36 83 16391 191
98 48 5617 70
68 22 25218 98
5 12 11660 139
32 11 6274 88
16 76 11950 44
76 49 11288 352
36 13 12001 986
36 32 17264 223
93 9 15207 129
75 7 5007 88
93 42 72487 150
62 89 17463 230
14 81 11320 378
70 96 71249 212
42 35 122165 31
25 33 25156 216
22 98 3992 120
9 57 24136 172
2 75 22341 145
50 67 39507 271
29 61 50873 497
40 39 88724 84
95 78 9463 166
58 97 19211 67
21 40 47793 108
25 13 48097 597
28 11 23527 46
4 50 218505 279
44 19 21978 1127
6 86 8387 466
37 59 54361 67
30 69 47437 210
39 22 15588 46
9 42 13693 254
85 39 106392 183
32 57 27337 106
93 35 5722 292
40 74 14822 244
82 39 128439 91
26 98 9352 198
26 64 13693 270
99 27 13221 244
36 81 54216 445
30 70 123946 33
59 22 12582 92
88 80 9541 92
88 4 17267 71
10 40 82572 300
44 49 19383 132
62 96 43484 158
69 76 41183 24
24 69 10029 255
14 16 30905 324
92 1 13987 91
96 94 41967 82
41 35 37281 218
53 64 39994 286
93 95 18620 114
73 45 32348 77
73 41 41630 190
89 88 10921 198
36 70 4023 46
71 88 19415 149
67 96 24128 80
80 30 48495 148
32 22 21296 144
80 9 5512 904
27 34 9598 453
56 70 17315 200
46 72 22641 674
89 87 63615 699
22 45 12573 11
44 90 45157 98
35 81 49511 97
31 4 106705 461
6 13 14270 636
75 34 4816 101
17 47 6363 134
66 47 104113 162
37 46 21333 104
79 94 21153 24
74 34 7138 195
4 14 10060 109
63 62 15194 150
61 89 11562 94
82 60 21120 113
53 86 1674 180
76 1 17625 167
21 16 32296 68
27 25 8679 49
23 83 27748 26
9 28 7713 60
64 33 163976 209
36 14 28739 258
61 96 21011 103
92 11 33620 454
49 62 8506 88
15 36 45977 42
86 18 3030 272
36 75 107857 42
94 5 6479 54
77 82 10165 62
91 55 101676 1925
94 43 39969 518
13 22 9949 31
44 84 9391 56
40 11 15461 378
44 98 18112 90
52 38 6183 292
42 84 12723 14
78 56 17799 58
82 45 56165 306
45 74 9085 139
18 100 104100 163
31 98 31119 272
47 63 34823 326
80 91 21831 78
17 86 2221 375
32 61 63318 494
30 74 43772 69
59 14 77130 236
21 85 16785 25
94 90 79914 156
27 78 47409 299
79 85 31540 149
80 93 14457 296
73 15 11168 1304
9 93 115685 133
12 23 6027 296
30 7 27818 104
51 47 10087 347
61 32 26123 101
39 44 20897 1634
90 89 4639 15
68 83 23471 24
89 4 28927 208
72 91 15876 153
79 98 38658 51
22 58 76498 22
59 78 53718 62
91 56 70647 305
75 43 73432 210
92 38 97964 244
86 92 19527 315
76 52 47502 40
29 65 19211 192
67 22 7271 186
46 36 17300 62
95 51 18996 260
27 72 3074 184
91 76 21233 28
55 4 19512 85
26 34 50485 239
62 18 47565 80
53 25 19915 724
38 93 56388 36
40 14 70912 96
57 5 22540 40
4 30 43483 243
29 60 31148 12
37 67 3940 89
7 8 52540 174
21 75 67018 62
87 41 6175 984
51 61 38730 99
72 18 20932 105
10 31 38704 638
78 80 40002 356
7 41 59841 552
58 66 63099 54
28 68 7757 268
59 58 12057 21
2 57 18934 60
4 25 10039 57
87 12 11488 128
97 79 9127 235
87 98 58553 271
27 94 52894 313
84 4 5356 24
35 65 35223 337
95 67 33774 80
80 67 169539 61
45 15 9553 185
92 75 20672 64
45 72 102663 96
26 38 7803 90
69 57 14729 89
5 59 10507 139
53 49 8999 95
52 39 8490 55
75 53 31472 502
21 54 7361 44
36 46 28353 22
45 67 60390 300
76 6 10781 51
41 48 34105 116
64 73 11352 306
17 45 6578 55
24 42 12344 486
23 78 10047 53
26 47 14050 45
25 52 31106 58
47 12 5530 155
94 56 56605 232
65 38 45699 66
17 55 37840 67
63 30 27113 83
27 53 54356 62
95 17 16169 182
2 19 18833 122
55 91 7440 142
96 21 37321 453
21 43 8744 66
46 29 6800 2364
24 67 55669 24
73 46 23619 262
86 50 73389 32
18 99 29949 249
59 97 8926 218
43 60 22661 53
49 6 15598 406
40 6 6526 83
37 7 56172 79
45 41 28661 86
90 16 47918 227
85 58 8285 596
52 57 21989 362
84 42 21384 617
3 14 2859 163
50 51 88218 77
21 9 64345 232
90 30 11608 75
66 58 9030 213
80 44 11527 32
19 27 23947 19
70 72 24208 265
55 56 50816 225
57 84 61533 38
62 78 31509 43
16 17 12428 136
61 49 18233 179
31 26 19346 81
23 1 5474 24
5 97 228293 320
10 15 96102 68
46 89 5277 13
24 65 517 181
7 6 32467 146
19 92 41534 91
57 46 24610 289
41 89 12903 210
15 58 49738 39
41 82 1452 22
60 38 43617 622
93 30 19952 112
93 64 95044 138
93 67 33554 32
76 48 939 460
84 27 31212 464
78 21 28516 184
30 79 61390 127
86 73 57138 253
68 28 35326 47
66 7 64163 319
53 46 57914 236
25 31 8185 107
99 64 59077 232
43 24 3441 241
23 28 2378 44
29 99 14542 78
83 91 45209 114
16 45 15793 281
9 89 6966 65
48 62 27411 1344
7 96 8963 169
38 91 5015 378
57 28 118983 5376
60 19 80679 111
88 96 87313 152
24 80 43885 190
22 57 61069 32
89 11 184547 20
83 74 7610 1326
20 51 14009 99
37 84 15343 130
54 96 8369 140
48 83 27431 324
52 82 16560 92
78 23 14864 136
34 28 11537 64
7 22 6607 27
10 32 80516 56
76 57 11128 522
65 94 12403 85
36 95 42369 59
47 81 23449 90
83 88 14685 418
91 45 36099 294
5 17 45587 1523
34 19 94975 164
32 4 23319 182
37 30 9095 260
35 52 65767 56
74 72 1230 24
6 49 57313 144
53 30 41902 92
10 42 78143 1038
87 30 3780 199
100 89 18701 108
65 36 15349 218
80 68 9247 79
64 6 49586 202
18 97 45550 136
22 36 6327 438
84 50 23442 166
7 28 9946 285
44 11 35062 226
10 14 29995 389
18 84 4383 1153
21 13 20330 87
28 9 31239 175
16 43 49085 113
85 19 28233 433
68 13 26163 322
62 70 5717 175
35 87 21562 83
7 71 10003 58
18 12 9591 201
89 5 2856 67
64 67 6563 16
80 90 19466 186
56 82 8793 588
80 35 12798 241
45 58 53407 99
58 34 25307 122
75 9 88118 224
71 4 18818 59
19 91 10099 20
69 41 13586 69
61 40 23473 213
58 39 47628 1384
64 49 6730 86
15 89 11425 391
81 54 49145 135
87 58 39390 326
38 69 16452 130
44 51 15704 183
36 40 73405 19
25 21 52930 259
27 67 43540 167
64 69 13840 141
22 26 8771 36
75 46 11075 35
42 94 52362 379
9 78 68686 13
19 43 20115 33
13 19 18566 219
33 1700
36 60
80 27
89 1957
67 1589
58 312

56388698
