100 499 3 3
10 46 16602 158
10 38 37246 225
10 67 20719 201
10 28 13459 63
10 32 14195 154
10 17 20869 805
10 87 107288 44
10 57 439 79
10 59 39489 146
10 19 32729 179
10 88 37230 533
10 65 74755 130
10 26 10590 129
10 30 160098 529
10 73 35491 433
10 11 2822 152
10 15 16469 260
10 25 6050 474
10 39 7161 410
10 70 5827 408
10 34 162784 147
10 75 6093 142
10 76 37957 307
10 81 20136 242
10 36 6945 249
10 20 41985 39
10 45 45143 177
10 58 88305 58
10 33 19904 370
10 69 33274 16
10 56 45763 48
10 97 15514 119
10 95 14190 46
10 74 47773 19
10 52 10107 495
10 93 24136 129
10 7 104564 96
10 16 32474 190
10 31 11995 10
10 89 5642 14
10 72 22802 307
10 83 8474 48
10 96 2868 328
10 1 28301 72
10 43 21476 225
10 61 24479 117
10 84 13907 27
10 86 45522 420
10 90 8665 39
10 68 43857 16
10 82 28741 218
10 27 11218 234
10 91 26460 41
10 44 109881 130
10 49 18953 695
10 41 31243 108
10 21 19233 564
10 23 36829 139
10 6 228016 338
10 13 33993 103
10 100 18148 63
10 78 14470 297
10 4 2850 125
10 50 29835 84
10 9 20145 127
10 40 31787 1068
10 5 10929 686
10 62 36182 697
10 51 13698 144
10 14 50652 274
10 2 33247 303
10 54 63302 276
10 85 4928 178
10 60 7249 237
10 48 39068 169
10 37 6867 83
10 79 25022 560
10 3 59423 42
10 47 137678 457
10 24 73990 381
10 55 12370 230
10 42 14807 201
10 80 40896 238
10 66 25496 371
10 64 36128 40
10 12 18703 43
10 99 44127 109
10 53 25497 271
10 8 7710 86
10 22 1616 187
10 71 68871 96
10 92 11616 134
10 98 16057 47
10 35 26084 339
10 29 24838 77
10 94 16336 333
10 77 41426 60
10 18 6045 491
10 63 6284 119
70 63 65834 40
3 71 8307 564
2 50 44174 254
45 22 99985 79
69 85 113852 315
34 15 11412 146
83 69 13691 151
92 42 41875 86
30 2 69327 60
76 28 33683 39
52 11 55428 107
23 52 45001 1190
90 40 16184 68
33 68 56386 73
64 59 11354 61
28 16 7621 62
48 70 35983 320
46 59 21482 393
78 71 18806 368
15 90 18008 81
84 23 183557 219
95 5 145431 77
26 51 12622 42
3 35 17754 722
16 88 5555 310
20 9 43839 225
87 76 11324 64
65 91 6612 52
21 97 13788 39
38 85 30525 121
54 81 269023 504
87 82 114760 91
64 98 9903 52
14 24 38909 91
98 37 6143 111
19 60 9036 138
66 19 13413 319
26 56 49157 129
16 49 13092 195
84 91 13304 59
74 46 19401 113
73 31 8480 642
92 26 9161 199
8 43 30106 502
77 47 20658 195
65 50 13265 111
5 44 59401 218
76 88 8813 100
38 21 3303 229
32 45 11873 130
94 99 28379 533
63 96 16328 74
76 31 137551 262
90 28 42443 95
5 70 5884 118
2 85 24079 63
4 19 43426 311
32 49 27076 32
80 54 9043 72
16 78 21932 1061
11 30 49342 118
41 77 10274 68
32 63 8617 30
62 90 3338 60
24 15 23020 1574
51 68 6017 142
44 35 13604 387
7 85 39517 70
70 84 10261 63
16 37 32501 80
46 85 21521 233
84 71 32342 238
98 97 32767 247
34 76 51364 239
97 48 21028 168
78 89 56185 168
13 44 74321 22
84 35 28724 98
34 1 21517 15
90 7 38870 147
2 4 19152 1173
91 10 7851 320
5 4 22681 34
73 4 7588 319
3 64 13359 238
18 29 37350 511
4 44 5944 32
49 69 4608 423
12 70 26168 349
32 8 179948 374
69 18 64527 24
22 99 10031 133
5 38 20862 133
9 75 2277 398
46 98 744 25
13 77 42099 228
30 76 27414 92
38 29 46047 9
26 22 168171 247
48 32 16640 505
76 91 32264 115
93 61 9298 240
24 5 16627 65
74 87 219838 141
32 60 20924 655
89 72 23455 377
69 40 55996 245
39 31 16505 197
30 22 23091 35
4 72 22027 116
6 3 22896 141
18 67 90991 206
28 25 84434 474
19 90 10937 112
57 95 12869 369
69 41 58915 216
59 79 4588 68
93 68 33103 253
44 19 34461 40
97 3 34092 114
14 78 7671 35
100 19 33791 351
18 37 1660 915
70 55 26309 21
29 30 5960 211
78 95 23519 486
21 49 17558 145
45 4 3776 46
88 58 27274 71
85 76 18183 142
66 84 2889 197
73 1 21141 1062
62 34 12392 61
79 47 72386 86
79 43 47136 549
99 77 35168 11
8 56 9810 183
52 37 11787 188
87 35 8329 238
48 43 52322 70
29 4 113046 614
67 66 11313 110
39 9 37183 92
52 20 178641 1204
27 64 48811 54
13 49 26725 153
5 93 8881 43
41 51 46221 1340
9 34 9922 117
57 45 32824 244
48 96 53942 348
81 2 7794 58
61 33 5278 251
83 25 21018 103
92 61 19036 147
53 26 54809 195
29 34 29512 86
48 23 29166 454
65 1 28302 125
97 93 171050 335
27 50 33761 211
67 86 39173 826
52 41 2261 86
49 92 8258 80
32 90 13989 323
66 10 15263 213
61 94 13188 109
72 10 5320 1167
88 66 8648 57
78 90 29903 630
72 77 17002 168
64 32 55364 634
35 45 12915 396
62 50 48637 110
98 2 4188 151
75 62 56078 259
59 24 4738 20
65 7 119227 222
81 29 8208 23
29 86 20584 104
83 3 13599 32
51 49 32129 650
33 40 2159 175
50 96 19242 520
58 4 23704 19
55 96 31587 61
86 60 24421 642
21 57 5401 168
79 58 10226 115
49 67 49234 277
73 40 44570 133
88 39 90360 192
40 8 19129 87
11 17 31012 68
71 43 39938 523
96 83 36891 59
47 25 16040 252
21 95 92639 414
23 69 160860 120
90 99 57392 410
46 28 17668 15
80 77 6553 123
28 56 4585 177
87 18 48767 236
95 67 44576 405
15 62 22072 406
82 3 6223 340
76 78 7836 117
23 59 31963 13
33 49 35966 25
76 79 2417 72
57 20 38603 82
77 19 8517 153
11 24 20423 118
60 69 7177 22
53 34 26900 76
23 24 31379 260
59 47 108419 125
92 98 102207 317
4 87 21429 440
5 6 17481 186
95 65 65631 33
93 42 47667 130
52 2 20478 335
1 11 10109 56
13 33 12250 252
4 40 10879 401
100 18 75444 71
85 31 13915 163
60 66 11290 163
38 2 21793 30
100 14 14287 43
25 24 14179 107
80 74 194645 49
69 15 17491 56
25 99 2307 132
13 64 6599 93
16 3 44490 35
56 35 40689 103
92 84 26973 496
4 78 76250 96
20 89 29018 89
4 59 23067 969
84 17 233462 54
66 100 10210 155
23 32 17200 34
28 74 18130 72
49 58 1876 135
6 11 44489 239
91 20 12340 108
40 1 42867 1203
42 63 21935 136
54 28 10885 78
15 6 19827 277
41 64 19033 28
23 46 32880 199
82 10 71046 249
69 61 30265 25
33 29 101635 245
48 81 18834 483
36 42 29646 73
72 84 82525 177
11 55 19172 58
64 4 8954 50
27 37 59347 65
41 6 78205 59
45 7 12308 221
6 5 146487 149
62 16 129150 1199
41 28 15078 150
55 50 64624 95
92 16 35727 110
47 43 22123 51
37 39 20232 123
61 97 9967 361
80 48 12356 248
14 85 34378 46
44 53 109480 348
45 97 45532 21
37 59 114987 71
58 7 8097 203
50 88 56703 207
78 1 26443 30
29 92 51278 285
90 69 59569 42
43 69 24686 49
39 46 26758 235
33 46 2649 36
91 43 231590 290
36 73 51755 497
17 39 11226 373
95 93 11924 476
54 61 62067 228
65 47 55206 375
68 38 12790 88
95 26 4796 108
84 50 35681 336
92 21 3829 97
36 43 26041 285
61 56 13704 182
85 34 29324 98
74 53 23481 97
95 83 43573 712
49 45 10731 124
98 31 21569 41
19 10 6738 237
34 42 3581 234
28 82 15251 198
27 58 16014 216
35 86 2767 313
32 12 26235 287
15 86 23811 33
70 69 111102 58
24 89 117526 36
95 73 6005 421
64 44 54273 135
82 31 20181 27
68 11 15229 180
48 47 44134 53
81 41 13626 608
16 23 29545 44
65 46 3387 35
93 94 49414 29
2 34 11673 513
79 48 9286 427
14 93 93007 55
19 15 3760 26
65 30 19186 779
89 88 2920 394
93 22 25055 36
76 46 12142 67
18 14 27951 34
1 35 136169 36
23 77 25333 1497
31 22 74169 81
67 72 10435 61
13 80 80366 271
64 81 138863 76
90 24 29385 263
84 18 14385 56
87 24 118892 39
53 50 21223 130
77 83 259853 112
25 61 50179 278
20 62 37759 58
11 79 27938 53
93 72 42907 32
40 22 15805 101
28 10 12228 79
84 82 4971 49
53 72 20079 345
89 29 32309 168
75 21 11227 244
74 78 5075 395
74 80 6316 118
93 32 25607 128
60 62 61161 425
63 38 21072 55
32 46 8530 264
86 92 13217 60
7 74 9231 224
91 47 21359 98
51 19 10470 78
43 24 9315 90
11 66 12673 41
32 61 62390 105
44 3 9661 56
1 52 17582 87
64 48 35363 158
41 16 5675 200
98 71 6844 119
82 89 406852 256
28 79 9196 328
5 59 29338 210
15 52 8515 641
100 22 38357 131
62 40 39065 128
4 99 9411 645
17 20 8199 32
94 45 466085 218
62 83 13823 132
55 14 160920 573
63 70 31041 162
71 91 21601 214
72 11 30619 460
41 83 21691 47
13 15 50654 182
3 57 10347 22
90 64 24831 317
3 24 33666 106
32 33 5342 916
19 42 16067 411
83 15 37016 149
96 40 30688 496
64 11 55372 115
69 19 158396 491
47 3 23135 231
97 90 82115 108
6 28 25058 171
99 27 25039 55
10 693
32 210
84 160
24 108
69 360
50 324

22215150
