100 499 3 3
9 75 22411 174
9 65 7642 153
9 10 27799 45
9 52 81573 102
9 94 18990 151
9 57 39883 48
9 54 39788 61
9 76 28192 161
9 70 19027 220
9 90 8650 21
9 77 44740 255
9 37 9249 842
9 80 31239 16
9 12 34307 28
9 38 62105 101
9 32 66249 53
9 33 17941 218
9 26 9465 184
9 5 60112 22
9 57 116777 31
9 7 13179 132
9 44 7655 314
9 38 14514 51
9 73 44543 33
9 1 15646 229
9 86 40927 155
9 97 30992 95
9 57 132069 392
9 77 10032 281
9 39 15627 645
9 67 22877 361
9 33 1665 432
9 70 111561 159
9 28 51460 795
9 85 9386 34
9 5 17583 303
9 88 20789 38
9 21 54384 1036
9 52 41262 185
9 32 22101 152
9 35 4970 78
9 46 8662 477
9 22 18174 605
9 39 5023 235
9 11 156470 26
9 45 36042 41
9 97 6192 85
9 76 17721 391
9 90 6019 21
9 70 5357 35
9 19 65042 119
9 98 77508 33
9 51 23308 135
9 65 12630 125
9 27 4238 44
9 95 43785 96
9 10 5320 22
9 35 70396 120
9 68 2185 320
9 87 114179 182
9 100 13799 433
9 30 30949 241
9 4 4542 40
9 92 29632 31
9 99 8082 267
9 40 48247 1251
9 39 235041 78
9 52 13132 183
9 54 17010 33
9 22 7086 91
9 14 19215 451
9 49 52822 459
9 79 3149 28
9 23 38299 350
9 11 66771 101
9 20 18982 279
9 43 4496 43
9 11 40009 64
9 54 11124 418
9 55 11234 184
9 87 26454 121
9 12 12245 927
9 88 15942 371
9 41 109708 529
9 43 59219 1235
9 46 5839 207
9 87 2895 37
9 61 21229 173
9 70 204990 87
9 49 71975 32
9 61 107611 205
9 61 6851 20
9 44 14939 90
9 56 36574 357
9 24 49413 237
9 6 71010 602
9 100 138599 302
9 6 19390 64
9 81 12235 18
55 40 17565 152
3 81 11340 35
13 78 91250 468
69 28 45515 632
87 35 11038 970
36 60 106225 709
21 92 30629 145
15 88 8378 425
92 78 24707 198
33 50 36438 107
20 72 15824 157
68 2 26241 23
80 55 21754 70
21 18 7921 98
65 46 13798 127
89 79 43839 171
25 35 25172 357
25 34 18989 543
16 65 5292 210
44 81 19630 118
90 29 6443 92
51 65 11592 75
57 91 2854 71
10 90 14154 96
35 54 21225 404
99 17 18747 361
5 20 43252 172
46 37 17765 48
69 96 7476 50
14 6 17568 79
24 72 24550 216
45 94 10719 55
60 7 7469 177
24 30 78886 78
17 98 26116 120
31 15 6765 54
6 89 22745 44
53 36 70040 199
50 56 24869 1178
29 17 3798 459
97 10 2840 207
11 79 8591 52
92 70 21840 21
91 41 2611 109
45 21 27997 448
21 7 22928 223
69 37 22650 264
81 24 11035 270
48 85 5168 31
44 19 109515 109
40 26 25621 60
91 40 93079 589
28 78 17516 61
58 11 43168 306
79 67 58974 36
93 28 59281 34
88 33 6140 23
87 77 20326 166
5 66 16230 2597
30 51 8418 221
16 93 18902 69
24 29 15757 94
61 22 5365 35
84 94 32533 188
58 25 1975 101
89 77 6562 177
25 26 71462 107
60 30 12638 107
5 75 18007 66
16 21 14325 10
57 68 79484 158
32 88 3462 337
94 12 13246 86
52 100 16222 167
15 11 159465 163
32 9 15392 102
25 63 40826 27
70 34 16398 1275
30 84 119577 70
39 89 62837 45
62 1 85931 65
50 99 4732 649
86 77 31287 186
86 44 11989 54
25 61 10663 261
15 5 110515 60
15 60 19437 60
61 29 9296 237
6 47 71204 99
18 25 9620 668
44 21 4831 19
40 7 28160 1490
14 34 6585 69
59 56 21584 503
87 98 9036 423
17 48 11096 61
47 46 8578 136
13 23 2861 213
45 99 52125 208
58 13 83725 53
4 91 32295 217
41 99 2687 324
68 60 6015 203
19 20 40875 170
97 90 103478 99
59 12 23499 26
47 36 298611 763
46 77 5501 279
67 77 13124 53
37 26 22509 189
33 42 81391 609
88 1 20745 105
26 67 125410 57
100 97 124971 213
98 51 7023 115
67 83 80444 178
28 23 37631 48
12 26 9490 87
75 40 27835 27
25 54 3020 213
33 37 107330 68
99 43 6985 362
4 21 2803 529
6 39 94607 620
37 24 186725 183
16 57 95306 77
21 38 149043 117
32 97 35887 335
61 33 32470 130
93 30 58351 36
86 7 8834 53
91 88 76077 326
44 3 26914 109
63 95 7621 268
75 66 23907 6
17 69 31703 29
84 34 104125 75
56 28 7398 246
14 91 6978 15
81 70 24121 701
24 16 30158 657
99 77 122887 266
61 49 16918 72
10 98 2575 151
72 12 41111 76
24 51 4075 356
89 83 24496 22
32 78 25734 52
44 80 18767 84
74 18 15504 231
8 11 93553 241
42 95 28668 1125
41 83 13726 52
25 53 43654 788
81 55 57157 92
68 88 7234 356
39 88 45682 136
49 91 24768 856
16 56 40938 114
81 91 11138 238
76 5 36752 851
29 80 18058 69
12 40 44094 617
99 52 24898 329
70 37 26504 176
34 73 71269 88
72 98 6402 70
46 23 73416 264
74 21 281567 370
37 7 217681 57
44 56 8385 49
88 47 31244 211
52 35 15734 199
30 39 12745 170
63 20 6985 530
75 10 10575 104
14 23 16266 55
43 25 17461 717
95 11 45803 1101
69 77 3359 1387
44 6 14289 116
75 21 84862 55
99 2 24235 79
54 35 23282 23
50 68 84778 226
86 17 16821 79
91 52 22199 46
51 40 48547 266
18 22 30763 64
53 63 22336 531
100 3 3601 93
17 13 41530 173
77 81 27868 57
97 74 9763 340
91 89 12342 85
19 36 22354 43
37 77 365348 34
95 24 15600 52
79 47 5289 222
19 31 23088 230
83 94 16050 75
66 100 56950 57
21 70 40585 190
58 23 44342 81
64 91 13645 117
88 83 58467 76
12 63 17804 212
37 79 95571 879
39 94 64648 144
45 30 46008 246
51 97 6143 169
88 45 13341 218
55 3 3010 326
91 26 267913 218
61 23 21791 242
57 15 18798 104
10 42 7670 191
62 48 69288 150
69 56 27735 483
30 11 12634 377
98 31 37926 194
27 3 18636 324
12 96 36441 282
13 17 78543 118
52 16 30541 67
3 71 71272 184
51 19 60317 370
54 1 15933 54
21 4 56379 29
91 9 45490 100
48 11 77772 269
3 54 88181 346
50 52 44721 352
81 34 7469 76
81 44 11501 38
22 69 41166 977
16 12 23951 174
65 92 12103 281
4 44 195189 112
20 61 7381 400
64 38 6961 85
82 21 22112 861
21 14 34951 202
64 89 22169 16
61 28 21315 126
100 91 16854 407
96 8 21175 307
8 81 8624 132
46 65 7541 670
56 31 95588 71
68 23 136581 124
27 98 88217 69
75 16 65272 67
65 73 46985 161
92 12 10007 49
65 54 12734 144
73 88 21857 105
40 75 9315 271
62 45 21109 75
73 35 37904 277
98 68 8758 103
86 22 48778 90
41 29 57479 214
11 63 15854 232
90 27 41116 104
88 18 103420 70
44 95 29461 121
98 6 28535 27
59 72 7834 497
76 58 47597 97
25 14 131260 214
89 41 22670 209
84 28 32905 157
26 5 48504 266
27 73 70077 423
92 3 22567 158
96 45 57184 118
32 22 26504 222
9 13 90725 109
72 39 19417 36
38 23 23135 498
74 6 13147 83
47 21 11703 240
17 57 18439 66
64 82 9476 142
84 48 6494 3094
23 12 28489 210
23 48 25659 95
34 10 107616 155
35 70 21877 360
31 76 14994 92
90 23 18732 498
38 33 32842 80
19 32 62717 23
6 91 52883 230
45 35 14981 73
12 14 65473 17
63 69 17354 437
91 90 14939 35
35 84 19185 68
30 74 15123 40
82 18 37592 113
19 45 44603 92
51 15 18199 95
33 93 5136 173
20 35 9356 53
12 16 5777 84
75 59 38995 448
27 40 25458 192
75 77 2524 47
25 100 24609 217
97 46 324366 82
41 73 3614 71
20 33 30850 64
90 92 11231 198
29 45 973 57
26 51 44682 240
60 45 13716 125
47 49 84688 98
75 98 8375 84
42 10 7654 375
62 10 25337 85
75 41 4102 221
8 63 7090 61
73 57 42449 36
65 74 25109 340
93 73 8220 44
79 71 6805 66
50 74 24508 81
99 16 167949 372
44 82 42834 255
83 16 17489 172
6 41 23226 240
71 100 135638 95
88 82 17025 185
68 46 196092 45
34 24 65458 1143
84 83 169503 139
42 6 43912 386
6 63 15357 1111
21 33 44962 206
8 16 22526 211
79 88 31530 115
10 64 5497 94
91 62 8574 580
21 93 73031 527
16 77 11606 356
65 30 7362 332
6 82 5727 205
90 65 8190 141
66 53 8483 301
86 34 20363 203
40 81 19557 89
20 12 31202 400
37 5 33881 149
4 31 111007 83
16 44 2195 282
11 31 13247 160
45 16 26421 34
53 33 18075 142
55 86 25094 186
44 20 68435 27
45 22 10109 113
50 9 23579 129
40 78 13827 564
22 25 5091 354
47 39 14115 59
44 33 31404 86
95 89 5773 318
63 80 35207 237
59 17 15017 235
64 25 7627 261
73 41 23390 255
63 11 59672 933
40 62 50624 101
99 39 39988 61
87 88 33405 158
36 6 7562 68
13 28 15861 110
73 43 50057 169
86 97 19899 154
92 72 18765 472
81 40 26008 37
16 88 47679 106
43 76 26754 111
47 60 14784 141
89 31 15995 134
18 23 34989 22
33 23 12286 326
6 34 12972 142
11 14 2210 195
42 5 12947 106
7 11 30609 92
23 78 33733 139
71 23 54942 24
5 46 3605 16
34 25 17308 36
24 3 61643 132
24 35 115056 60
45 71 46338 44
9 1000
44 99
91 126
23 664
77 180
88 3920

19951070
