100 499 3 3
60 25 90448 275
60 3 6083 68
60 75 3907 110
60 41 14441 563
60 14 41320 57
60 6 15424 304
60 62 10243 99
60 29 5411 31
60 86 71628 76
60 87 19101 72
60 46 22120 165
60 73 94623 168
60 93 75325 153
60 93 89342 33
60 31 13552 118
60 3 44166 55
60 26 36675 125
60 3 24379 52
60 29 2317 47
60 50 10834 85
60 10 15494 33
60 51 9828 241
60 16 33054 321
60 77 51937 189
60 2 13824 69
60 69 19281 73
60 43 124123 172
60 57 23153 62
60 92 198457 131
60 85 78117 176
60 69 12537 134
60 53 11785 44
60 57 25408 116
60 88 37055 103
60 20 53450 55
60 43 14713 296
60 91 72413 153
60 61 21302 615
60 5 6353 57
60 19 24843 619
60 27 82708 623
60 39 179311 40
60 25 5252 19
60 29 28559 181
60 36 34374 91
60 82 39967 193
60 8 12992 224
60 29 47483 1235
60 85 74144 283
60 67 80024 265
60 80 14578 759
60 15 14185 332
60 88 74357 76
60 94 17574 590
60 88 9375 40
60 79 45988 480
60 9 8897 841
60 42 59254 130
60 68 13237 194
60 25 65820 241
60 66 5788 121
60 48 30965 107
60 30 23687 149
60 84 4839 576
60 31 23815 83
60 55 36089 76
60 25 5651 136
60 31 44384 169
60 38 122385 201
60 8 7375 104
60 91 162061 61
60 19 20260 441
60 42 21857 276
60 88 21748 156
60 79 8903 457
60 91 67047 7
60 52 62987 239
60 98 10599 63
60 45 17209 457
60 57 25897 307
60 96 57386 94
60 48 8239 16
60 65 41876 60
60 100 47819 266
60 35 31552 297
60 59 18622 148
60 23 10239 924
60 65 7893 115
60 20 68372 51
60 61 87505 685
60 44 107369 183
60 11 8520 76
60 22 67867 134
60 65 40097 238
60 24 15521 63
60 32 8115 223
60 10 50393 59
60 2 5914 30
60 56 101609 58
11 18 55948 259
21 57 35946 15
29 23 33465 118
20 78 16875 287
51 50 3283 79
3 82 3431 71
37 92 111649 113
72 17 8280 609
29 86 13419 514
22 46 103298 110
29 39 12426 21
8 20 13765 45
35 20 22921 28
9 56 18680 25
26 34 19710 322
19 18 64756 1087
95 7 12806 1731
7 25 18156 80
79 62 25352 44
32 92 38592 144
54 9 16499 403
47 75 105699 408
49 35 12305 407
87 45 19639 54
54 82 8315 64
20 28 78662 153
40 61 155349 87
16 38 11778 79
54 42 18408 253
15 3 47872 161
49 5 39269 41
75 73 12040 80
57 44 29167 8812
55 31 15118 28
41 33 31941 46
53 63 21074 227
37 18 61464 249
12 63 12066 195
83 30 32386 41
7 2 105154 178
85 45 97776 630
21 78 43192 74
45 39 11255 818
75 64 6301 41
67 73 167798 125
39 71 17813 202
72 89 34843 179
9 27 4013 39
54 79 78707 96
51 27 28754 88
63 47 111617 40
36 56 135303 561
52 50 82984 209
50 33 20447 633
14 70 19827 60
10 94 12125 246
81 16 15038 313
38 17 3224 72
50 8 30753 114
40 1 8667 310
84 31 24474 266
73 30 57082 197
54 71 21262 46
86 52 10720 227
30 94 137926 111
13 7 8240 620
10 54 5368 64
55 42 24424 97
80 36 20583 115
1 39 78196 73
70 11 30053 795
35 62 21088 159
62 87 16480 164
30 44 3949 572
18 86 35003 251
38 49 28137 101
89 40 215669 162
79 54 7469 380
17 96 20968 93
83 19 10856 391
97 2 19681 392
46 31 23208 171
28 98 51328 218
43 1 22823 178
3 2 38904 366
47 77 14971 23
8 59 35027 301
64 29 25429 152
52 78 10852 27
64 77 78250 33
70 97 5240 327
11 26 14234 153
52 91 34366 445
96 66 24802 43
89 100 7166 518
78 24 104633 131
79 26 21868 151
41 44 22394 260
81 89 15254 93
99 39 30771 137
30 48 18525 470
34 87 46803 1420
100 60 20812 134
14 56 31137 37
54 66 8170 127
40 76 54304 346
45 68 12443 107
81 29 28203 62
55 40 7008 18
11 95 7039 304
52 92 26818 173
4 53 72508 765
80 57 61265 56
74 91 30285 732
34 26 64991 47
86 50 22346 156
80 70 32398 94
95 34 3853 57
70 7 36592 35
43 91 11664 70
42 44 14779 102
87 51 25712 127
76 12 37169 345
79 88 7164 88
70 61 24767 106
89 93 11444 295
74 88 6828 244
7 48 53001 220
5 61 15687 356
83 34 3087 245
25 87 22571 417
33 4 15404 65
43 48 50394 552
95 31 8077 25
35 49 47649 95
49 7 12306 214
28 47 12359 74
88 22 7569 30
94 50 5630 270
58 98 3484 131
53 59 35885 52
87 14 5854 142
36 31 19974 87
30 25 9884 312
76 28 17482 499
100 35 16633 54
75 4 8363 476
59 65 39125 545
64 42 37156 601
100 1 43807 45
75 58 69329 130
27 97 5727 786
60 63 8145 28
40 88 92520 110
49 23 11814 266
77 24 22266 157
39 92 7656 60
25 72 10950 571
57 53 2619 75
75 32 49967 394
24 65 10394 77
28 65 15362 130
1 31 10893 55
58 52 144787 187
90 45 5013 51
85 79 9006 436
50 42 8130 36
98 45 37247 102
44 15 2224 252
91 18 152901 835
11 24 21568 559
69 50 47374 1384
45 5 9140 60
39 37 17944 73
97 31 15797 22
75 43 20764 140
83 46 28298 397
95 76 14315 118
79 36 2900 1195
68 20 11915 106
4 89 137912 317
77 33 8814 314
95 70 116838 55
9 32 13626 62
32 30 73086 99
9 87 19722 323
18 39 4514 261
19 67 4421 220
51 40 8445 91
56 20 36737 880
86 68 17598 151
91 30 6844 36
74 13 24929 53
63 34 57510 43
69 48 82410 67
49 76 91490 736
39 82 8433 52
90 61 23914 64
86 59 32353 64
41 5 15439 192
64 98 11958 55
44 13 32130 26
83 57 31278 50
78 45 54700 292
45 86 27076 59
54 72 7115 67
55 68 20495 197
16 69 7548 79
46 59 9301 184
15 39 10232 41
68 94 172147 146
61 35 22974 52
29 99 11052 79
24 81 39749 1995
97 30 3112 463
100 90 39416 61
49 71 14318 658
17 50 12337 132
33 62 6309 70
79 15 14633 154
11 17 64767 127
73 70 6912 80
84 81 39438 94
47 83 36230 130
21 72 14740 45
54 68 33657 125
5 40 21178 96
79 74 19581 1044
70 69 25083 261
72 42 27471 62
24 52 22332 100
93 40 8622 75
36 68 70627 25
23 35 27263 184
58 87 14280 24
62 88 36411 109
46 14 6517 457
73 8 15524 52
73 79 86561 47
90 17 42792 104
21 38 51454 408
20 36 20667 289
93 18 2644 85
51 58 11976 297
67 19 28356 429
95 26 14023 114
2 97 7847 124
23 77 42146 91
25 29 64381 48
53 71 44108 28
6 64 55286 35
18 21 52527 1450
42 95 7599 133
58 10 3037 338
50 11 17173 35
6 9 70322 281
20 40 9413 308
39 3 3627 644
85 94 1237 316
45 84 15352 172
8 21 14440 142
26 24 6551 199
33 41 21979 178
15 96 146076 270
69 52 38579 121
73 86 8658 302
88 87 37287 541
38 4 12752 252
10 7 3032 194
100 9 53833 98
83 58 108191 161
96 33 9348 199
94 22 20117 100
97 22 52810 99
38 57 6861 56
71 87 30500 54
67 45 96272 20
31 94 3337 131
10 48 17179 397
86 2 8271 65
27 63 13118 133
3 15 130307 193
76 46 34936 166
93 21 11313 17
71 50 37992 146
29 53 49468 294
50 60 8045 100
96 86 23130 202
68 12 30227 166
78 96 15495 279
32 3 55241 119
25 56 4387 358
32 90 10670 232
41 3 71319 81
9 88 32265 427
84 49 8633 119
28 87 16840 25
3 22 40000 85
61 92 32686 113
65 81 40559 249
82 20 37455 569
31 25 64341 331
1 72 21460 61
59 82 36269 431
85 69 2527 101
28 79 24492 116
96 55 85820 27
27 34 99533 160
54 92 18567 153
83 66 3984 114
63 28 41092 32
80 53 17495 69
99 8 35415 47
3 40 17117 43
71 97 23553 226
9 21 10838 1823
17 16 17838 167
29 97 42683 80
13 96 45726 201
22 44 24850 130
85 50 5859 226
24 30 25002 173
68 6 10831 134
36 33 127638 596
61 51 13834 115
93 38 45575 244
92 13 13182 165
38 24 30824 253
10 90 12821 167
61 6 17584 897
72 92 16697 97
78 74 12553 229
88 38 12791 108
12 67 5475 45
96 49 26889 675
25 88 18818 36
62 25 17733 116
88 32 13694 133
52 64 6905 18
26 46 273273 80
91 59 7559 49
71 77 24717 56
2 81 6066 57
87 59 19831 64
81 44 8973 710
34 1 12991 418
70 13 10849 1203
67 95 17670 65
18 26 22573 201
24 84 12425 135
54 45 103718 104
14 28 17136 210
33 95 38943 93
50 91 12266 1025
54 39 77797 201
13 46 20531 179
36 21 12344 123
6 17 31996 246
2 45 42581 176
22 68 101523 71
83 73 7114 70
61 84 7114 91
10 34 2703 78
18 44 14810 34
78 9 13487 433
50 3 18798 763
95 83 59878 266
61 22 12099 48
14 84 49661 64
22 67 68866 33
45 31 6599 210
56 22 10846 230
92 82 103904 167
27 49 115886 22
65 16 24856 40
16 53 7397 172
56 86 78690 105
93 51 67675 232
98 41 16079 81
38 58 50865 218
12 18 50196 217
56 47 38976 122
18 99 37382 187
89 62 11789 1072
99 73 67154 49
84 78 11387 273
46 75 5752 24
87 15 115319 89
16 73 4472 267
35 2 36416 236
76 7 22695 39
98 92 5463 106
56 84 17440 141
44 68 9962 156
84 66 6133 273
87 58 46104 174
89 1 18661 28
24 10 13647 158
100 37 21824 159
85 32 129842 85
60 1200
54 55
83 56
31 188
88 711
92 958

35185204
