100 499 3 3
83 28 12339 113
83 100 50735 26
83 69 108647 350
83 29 17537 754
83 30 27384 26
83 23 24758 497
83 68 44451 307
83 21 13766 166
83 82 14350 651
83 82 135464 197
83 13 127017 636
83 79 126734 293
83 44 56157 104
83 69 16309 112
83 10 160395 102
83 7 16668 30
83 85 28128 148
83 13 11812 324
83 11 13256 143
83 76 35437 390
83 99 27560 128
83 65 39106 17
83 13 17428 151
83 94 13560 45
83 17 73687 219
83 64 13465 363
83 62 9546 160
83 91 25900 150
83 8 10958 202
83 73 22333 1089
83 59 27137 34
83 91 28218 250
83 75 21084 132
83 24 11757 328
83 66 4021 248
83 2 5557 302
83 73 24393 428
83 25 39745 1061
83 98 121828 894
83 96 38513 28
83 65 7003 169
83 40 19540 126
83 73 19988 52
83 47 3501 273
83 97 10802 315
83 46 5704 597
83 98 30450 22
83 29 9167 229
83 53 45478 841
83 19 27159 143
83 22 21797 87
83 6 35625 215
83 58 18929 75
83 69 10727 116
83 38 13559 63
83 37 18425 241
83 87 20821 205
83 95 63445 143
83 6 6091 48
83 93 19612 163
83 34 2942 63
83 12 19847 1291
83 21 26052 198
83 38 15181 122
83 10 37748 50
83 78 31012 454
83 75 23206 151
83 37 6431 596
83 71 24231 530
83 12 26788 77
83 62 72185 82
83 94 2793 71
83 64 22735 398
83 32 36807 123
83 98 57054 54
83 93 78361 110
83 40 49661 171
83 2 4244 557
83 18 26430 322
83 73 118510 140
83 31 45518 93
83 34 29957 155
83 71 16244 67
83 11 106477 120
83 39 158241 136
83 20 12206 85
83 46 34594 122
83 28 26199 175
83 7 22619 23
83 51 40956 94
83 85 9338 14
83 75 8711 61
83 16 17930 102
83 13 25472 137
83 39 50873 147
83 89 87673 588
83 52 11918 42
83 72 20951 78
83 15 32282 129
9 99 20245 29
23 74 30935 71
52 89 84185 746
9 26 26860 986
98 31 18276 181
82 52 13429 34
48 11 11881 227
98 44 56002 199
56 94 79666 154
8 35 26925 201
39 33 14696 94
87 98 32436 145
47 55 7627 345
29 65 129782 422
94 53 51409 59
21 12 34100 147
43 76 6614 274
43 37 8043 54
15 97 23554 1075
68 87 26445 76
42 56 224022 697
31 17 32501 230
21 19 44826 110
67 72 3929 173
46 35 20393 106
9 40 6784 47
73 12 24485 96
89 92 2419 249
32 97 20018 79
78 94 49025 191
26 31 28157 122
75 47 5337 402
69 49 29399 182
74 48 7374 60
63 33 2757 47
93 11 22132 987
46 43 22381 99
1 22 15194 51
91 94 28850 191
84 75 94738 59
7 34 20304 298
59 23 11417 44
56 43 142054 32
100 30 10352 78
30 53 2371 2378
47 44 7736 63
44 97 8846 320
45 54 29742 235
19 45 7602 130
74 66 144293 26
43 56 54960 708
72 99 3747 80
13 36 80380 115
64 85 235948 34
33 7 64872 135
66 22 13589 108
100 44 21493 253
45 83 79421 173
64 2 14313 583
20 19 3291 87
50 41 18597 18
37 62 14044 59
13 31 28444 226
99 28 4177 91
78 93 97213 1176
17 36 62110 637
78 39 18399 156
41 93 12543 26
85 70 23094 310
59 45 45508 105
28 24 10585 35
55 36 27818 20
42 96 36244 301
41 14 130972 581
40 76 15760 243
98 76 32344 59
37 91 58017 319
46 3 23109 279
62 13 15238 171
5 89 15464 189
51 95 9479 241
28 79 32688 425
39 68 11203 133
95 66 75496 837
49 8 5574 135
76 15 2292 121
2 35 18547 157
84 91 56873 212
20 78 33730 152
56 44 17792 407
34 23 12468 55
11 60 28027 1503
58 24 11303 2031
41 96 16619 130
69 41 47816 461
77 45 29413 476
76 35 43809 505
63 1 4298 678
56 27 25202 123
54 47 39459 329
6 11 120687 124
71 51 32947 357
12 68 22419 102
12 96 41560 100
74 55 101969 465
86 50 11196 1081
21 32 16985 254
45 78 25807 19
46 20 85628 128
27 60 14737 201
60 24 57551 72
94 23 9736 335
79 81 11195 430
70 82 28754 52
40 63 5739 166
51 47 11219 88
79 38 35962 261
37 83 18644 24
31 12 19917 447
70 49 52488 92
32 11 66535 319
47 15 3622 205
80 7 8421 1255
87 20 200701 157
49 97 10282 453
92 26 59187 266
43 23 56332 149
98 36 14595 25
73 93 10829 65
21 45 29174 163
91 79 38503 277
79 59 121738 328
67 38 21778 127
25 48 6740 127
11 7 68751 75
36 15 11488 339
83 48 40618 254
42 66 2482 2120
10 11 8619 147
50 74 10617 126
49 7 5364 112
28 60 14112 96
95 71 11146 105
20 41 5160 212
70 37 14411 239
27 6 56888 170
53 66 16772 172
30 74 24131 440
37 58 11244 205
52 83 14125 44
28 74 24511 97
25 78 9465 196
25 17 21868 92
51 19 9909 245
12 44 16056 188
97 2 6041 387
48 1 69527 93
92 58 16512 804
76 73 23598 631
16 39 25974 198
9 54 9142 447
49 93 17970 68
47 68 43711 192
31 84 50583 47
14 33 10661 65
9 47 11212 153
92 53 32369 375
26 84 20473 19
15 30 5804 87
78 95 203604 184
68 57 38702 121
82 68 222785 166
42 80 20833 55
76 91 89091 2443
40 92 49296 388
35 23 8280 89
33 74 10760 680
31 91 14278 224
20 26 5032 448
73 88 72141 76
13 73 48567 410
75 40 17771 976
20 9 2961 221
58 57 37957 280
81 30 50097 564
61 49 14222 57
91 5 7649 168
56 38 26987 22
88 27 16985 27
39 49 26137 43
87 97 119043 180
20 51 109021 378
1 97 10895 85
61 34 41049 250
33 100 9273 322
96 88 108642 211
73 5 25851 141
41 98 51143 94
3 10 4698 1915
100 98 4543 155
33 6 15213 76
25 57 26399 86
21 1 39317 368
63 51 157617 371
19 29 31387 83
29 90 62205 95
76 30 64396 1154
64 90 26181 738
29 87 32827 166
27 82 6555 241
10 45 14115 34
92 14 7721 318
24 72 15275 142
23 100 21224 71
20 80 37322 46
44 94 23206 384
60 12 7980 96
92 100 56707 30
80 47 8591 409
21 71 967690 54
50 45 58218 190
71 37 64101 650
61 50 29249 274
92 12 2456 309
19 79 13415 89
58 80 11288 65
100 80 30950 61
53 11 24876 140
1 69 98230 185
61 65 38567 33
23 16 40154 106
99 75 17878 253
45 91 67889 167
50 77 15639 271
71 7 8216 195
50 79 28928 590
22 37 39125 73
98 39 34977 457
15 54 17942 948
60 23 246630 215
67 22 44332 25
11 47 28139 60
34 5 21686 135
58 85 14264 26
69 18 4694 203
100 99 31035 174
94 80 78209 109
16 11 9488 449
49 32 9217 21
43 4 27350 148
9 92 15538 87
86 34 19001 212
82 95 11845 304
40 27 12438 35
94 19 10534 68
70 65 72103 159
18 51 22423 140
61 84 27415 306
88 24 86078 46
1 51 26682 103
70 75 49773 165
67 16 19066 17
99 40 22763 26
88 11 14091 35
70 96 51444 139
79 29 25410 137
63 86 16525 440
96 23 10305 79
63 26 8870 218
65 13 5573 55
4 45 22082 123
50 40 19465 248
69 77 74977 634
32 73 54531 31
66 42 5235 367
36 69 17979 50
16 83 10133 159
48 15 188364 158
58 47 21272 209
83 41 22308 187
92 85 27939 86
24 21 15850 481
75 100 31755 202
51 84 81857 64
72 94 38840 159
49 63 27319 19
21 100 3141 96
49 68 21316 43
48 71 90240 18
12 63 29532 140
91 18 22789 211
48 12 77904 27
100 97 10321 354
65 7 13323 98
54 70 3919 33
33 81 11144 309
48 46 6740 655
63 13 74321 73
33 95 43582 89
87 60 90801 115
23 93 33275 86
85 29 2915 54
75 72 43542 82
100 60 375749 83
24 85 52415 301
35 92 20951 115
31 4 11188 354
23 8 201912 23
38 30 13128 139
54 92 8905 210
79 48 25503 29
18 13 14149 59
82 70 19729 135
100 25 143205 497
2 21 15481 790
36 18 2749 20
38 2 44786 236
29 47 44341 275
23 3 8825 53
40 62 7385 458
74 14 13952 710
30 77 86850 199
50 9 9123 314
32 61 40285 121
32 63 84809 122
85 66 32818 449
35 14 6332 519
94 88 34255 33
6 35 6419 250
21 33 3199 327
47 34 13714 837
14 57 45742 319
97 67 55521 111
98 62 6981 71
17 19 56962 95
100 39 288690 87
10 69 33633 44
57 18 5997 17
19 56 17731 1305
34 15 3844 208
66 84 104299 82
18 84 36766 81
69 82 2379 70
90 9 9580 120
79 36 43606 18
22 25 6809 163
6 31 65562 111
98 57 4161 75
92 62 8110 352
68 97 6395 31
77 23 6084 242
25 37 3016 147
50 55 151542 39
42 93 18484 44
19 72 26985 364
55 74 24403 90
5 47 4702 171
67 1 12378 66
99 90 16090 91
62 56 68552 229
60 9 40225 1246
59 64 20085 26
48 30 93111 71
13 35 7183 351
96 61 10144 65
19 26 47016 94
13 86 105444 58
3 73 21398 85
22 76 19287 29
10 99 45871 175
80 25 61190 105
32 43 155384 116
82 87 9954 212
54 12 22502 24
63 35 30012 175
10 27 81233 407
42 60 23301 53
50 78 8106 69
38 70 27845 68
80 71 9627 428
82 69 6001 92
17 77 8503 18
82 98 20432 325
54 42 26131 249
99 97 23979 39
70 39 115148 57
99 14 23558 90
59 41 31053 152
58 3 23064 251
85 58 84424 269
10 71 35525 183
3 56 13228 128
31 89 21233 853
47 69 16846 108
86 61 12605 123
82 77 33211 2072
9 12 66372 369
71 87 16091 97
15 35 59468 232
3 43 90186 195
83 202
100 108
50 324
97 290
47 201
12 231

11012952
