100 499 3 3
69 94 16843 132
69 38 29237 19
69 56 20394 160
69 23 31361 89
69 90 34218 124
69 42 15478 909
69 27 14549 228
69 6 10983 147
69 28 28038 221
69 91 7928 294
69 89 7098 370
69 34 3016 205
69 20 186808 86
69 76 13437 167
69 52 233308 101
69 17 38831 498
69 22 22896 2512
69 46 56243 861
69 82 10970 101
69 33 167468 176
69 96 30270 111
69 85 50687 341
69 71 7665 180
69 47 38133 286
69 62 3427 463
69 67 116540 49
69 97 56134 64
69 88 12611 712
69 87 16805 104
69 26 72856 275
69 1 55137 889
69 30 24598 127
69 60 41490 147
69 36 75449 40
69 8 55647 217
69 53 23015 90
69 40 94523 45
69 86 44653 131
69 10 12721 108
69 51 12454 310
69 58 23735 210
69 93 33864 400
69 66 6848 52
69 15 23865 614
69 18 11439 345
69 59 10968 143
69 99 5803 122
69 43 12753 696
69 13 34083 690
69 55 19110 650
69 7 7530 123
69 37 63126 23
69 63 42499 477
69 81 17453 378
69 21 17551 190
69 25 18088 111
69 41 64344 39
69 75 123142 172
69 80 148961 41
69 100 7895 167
69 32 14519 146
69 57 26860 475
69 9 29874 943
69 3 3990 174
69 54 18591 646
69 68 82206 24
69 14 162747 141
69 24 31271 144
69 95 6338 169
69 31 41432 360
69 50 36631 79
69 73 31311 92
69 11 19569 51
69 29 18760 140
69 77 14946 190
69 72 5292 2379
69 92 159377 147
69 98 13180 180
69 64 63749 105
69 83 41257 150
69 44 11208 307
69 35 3692 111
69 4 5977 133
69 39 176485 233
69 48 11416 131
69 45 14014 84
69 74 14976 788
69 16 106657 216
69 19 21658 190
69 12 99201 81
69 65 17059 538
69 2 17316 1099
69 84 33126 99
69 70 39408 44
69 49 29934 372
69 61 22902 67
69 79 86563 151
69 5 61564 37
69 78 2704 600
29 33 16144 322
85 50 4663 75
85 45 64213 175
93 63 7817 24
28 66 37105 45
89 11 16568 196
95 11 19174 199
32 54 5512 44
71 87 7319 65
48 12 2049 130
52 37 6162 166
44 8 18749 22
51 56 30503 62
27 51 15388 98
26 58 68581 486
15 74 23677 162
95 48 13646 428
15 14 22021 170
80 59 7453 69
92 41 8904 65
52 59 32183 92
22 59 256123 87
35 60 52554 145
5 52 52216 581
45 24 43381 89
4 34 85427 68
3 88 6901 80
24 67 50101 642
47 16 13461 30
15 48 22541 121
86 90 18860 334
30 92 4243 20
88 91 5164 171
76 14 35282 179
6 37 14806 308
95 54 1971 355
70 77 12030 106
20 45 48799 32
9 18 31120 322
64 98 33595 176
38 97 38608 61
52 71 11762 168
41 48 13192 121
62 95 2690 837
96 14 45741 178
40 97 3307 152
48 92 135614 143
30 78 15294 35
17 29 7166 1003
39 15 1542 34
15 73 26810 65
19 78 15254 206
60 42 4575 96
6 85 6595 69
100 48 28142 135
7 18 27837 44
83 77 13947 140
50 74 5992 539
37 96 16660 204
92 47 14375 276
25 20 2509 293
76 2 51536 309
20 72 55199 682
50 23 13183 407
89 93 21099 133
86 74 26140 138
87 38 13387 34
48 31 42920 122
83 13 87323 66
45 99 11061 56
35 3 75550 192
72 16 7493 213
82 100 1226 161
1 63 34759 107
24 80 6936 34
57 97 168335 284
26 15 12758 119
73 82 46945 161
28 21 26973 25
11 24 14043 308
87 37 29193 19
98 64 5087 96
71 99 55879 236
84 61 4026 153
3 70 352843 33
86 62 43072 120
77 5 59003 83
46 13 11020 42
15 86 14021 723
12 53 39183 32
56 50 22400 107
29 31 5204 99
95 65 32726 621
56 77 271348 470
26 100 17785 128
8 22 53604 59
61 50 2951 102
66 41 62948 413
98 16 29097 529
21 81 32428 199
74 43 11404 399
7 33 33759 67
70 21 76632 168
41 26 2992 119
52 69 51587 56
49 39 18005 92
52 57 62533 192
15 92 17653 100
37 35 6794 105
70 67 3608 453
61 9 9163 59
4 69 16162 259
11 85 65071 72
60 41 21022 1184
62 2 10188 173
51 57 8920 323
44 59 25417 208
25 98 13694 230
50 55 19570 137
4 65 13708 49
88 2 121050 71
75 27 66189 51
48 77 13681 849
10 11 20146 969
20 75 20428 210
49 43 46239 1802
85 51 20234 76
86 39 76713 64
92 55 26495 79
38 87 49277 732
19 60 3611 336
17 50 29311 86
51 93 14146 154
84 26 7911 143
12 27 20210 27
62 21 15022 224
50 21 8962 62
43 64 10699 106
25 10 23407 247
56 99 38191 805
59 85 3792 66
12 17 25770 82
96 58 20635 40
20 60 3724 331
68 45 22032 68
29 69 22248 156
94 98 65933 76
43 11 57220 81
8 42 43103 603
58 45 13706 84
97 12 60980 144
14 30 36830 114
37 8 73308 295
89 80 292914 37
3 16 26530 261
56 28 37638 248
32 91 6420 27
81 83 7627 386
7 28 27851 154
28 36 37819 130
29 55 26325 4949
44 64 49377 40
38 52 17514 579
32 60 4907 136
92 4 101193 1171
87 20 49362 144
62 65 44666 125
28 69 12576 47
28 26 12022 58
55 30 7927 52
42 10 94649 167
49 48 61227 1049
70 19 22566 73
54 5 61047 90
63 28 51950 666
23 13 10064 79
87 74 28928 115
52 41 112217 83
35 14 3823 516
11 62 7626 132
48 17 55594 93
89 12 61345 88
18 97 4918 111
59 92 54443 204
78 63 44484 26
70 16 18744 318
18 33 20689 33
75 57 60657 1579
70 40 8091 1248
24 9 23950 598
62 8 10249 458
54 36 25674 1319
54 73 36409 339
13 77 15920 38
93 78 17201 111
84 89 11597 226
59 9 28228 141
5 80 35816 94
48 94 20916 112
21 82 2762 397
51 72 4170 29
5 92 11104 179
67 86 70076 51
96 23 15808 219
4 25 16416 348
74 94 2954 80
34 61 39547 760
35 64 136842 84
50 97 34781 80
59 73 31490 213
73 46 10788 155
51 82 14189 56
49 42 9877 304
24 91 17547 110
11 91 21502 195
67 40 18699 54
26 22 18292 66
98 34 186224 37
18 100 11738 445
25 28 44380 49
99 100 22522 84
38 68 71525 80
64 74 42841 142
27 53 28204 53
63 52 15175 133
91 27 6895 129
3 47 8757 86
46 45 16110 306
83 55 51671 21
73 55 61968 20
99 34 12294 1549
39 3 16746 125
32 80 60843 19
74 23 180826 102
68 93 94967 339
50 2 108028 43
77 58 63255 159
90 5 29136 73
68 96 139902 150
26 33 39379 46
89 52 3659 451
17 55 29775 168
9 41 53042 75
48 26 31400 46
74 11 4526 115
5 44 83361 58
87 19 39608 70
29 13 27890 100
30 14 10862 496
31 52 40859 8
20 6 24564 89
100 8 17692 433
42 7 49398 85
68 33 19655 458
46 86 47961 294
51 37 11612 53
57 79 22057 232
18 25 11732 423
1 54 115735 89
74 24 14509 35
61 27 27844 19
72 68 15569 108
48 67 33254 1414
98 1 11443 43
1 8 111439 70
48 30 98181 35
66 37 47423 261
33 20 14019 318
76 99 95121 590
64 54 13262 179
82 23 12992 78
91 35 20955 368
27 61 18464 131
32 70 6708 31
26 62 3955 90
98 78 10414 448
74 21 146766 42
33 14 5883 149
50 95 21168 577
60 69 20463 238
54 96 32187 54
73 62 10698 66
20 85 54385 42
16 24 22848 69
52 65 41791 164
6 56 261540 480
58 98 13479 128
66 62 5489 1103
31 14 37077 121
23 86 6712 391
93 1 25295 111
73 34 5857 223
25 44 21201 36
30 15 26115 75
57 72 17987 107
8 15 28560 463
84 96 5703 93
11 65 16571 77
96 27 22827 130
40 42 49799 34
25 7 5388 1039
45 76 12598 645
43 5 25291 36
68 51 7994 125
81 50 5423 49
96 47 37183 102
19 32 7246 41
28 40 94726 103
85 67 19444 140
18 66 32256 120
42 38 2393 101
72 47 12810 51
34 57 32684 35
53 69 13052 45
10 33 6775 357
79 42 2158 42
45 54 14430 253
92 35 18952 91
42 16 1927 4342
5 56 7403 356
47 11 9076 216
3 42 53770 1149
80 14 11245 65
59 25 9897 92
73 99 16161 95
20 68 19540 113
42 77 7702 276
3 51 14121 57
93 38 41504 232
52 60 21668 165
5 79 19604 2466
79 36 29914 356
74 86 39058 84
72 2 8928 402
88 74 38097 1139
36 96 30507 129
28 25 241255 144
3 68 31362 133
49 96 19545 506
72 55 30990 98
10 13 20776 133
16 39 165923 184
77 4 21073 125
34 85 38318 81
27 20 42901 218
100 12 3044 114
26 48 65071 78
18 72 8573 4255
51 21 1746 78
7 64 72631 188
68 90 10630 351
100 26 24110 1119
6 62 7618 64
86 60 31273 99
43 24 48953 265
10 27 13172 139
44 83 11405 219
71 27 38532 704
71 45 1966 48
34 10 12091 342
35 19 13424 89
28 74 133830 87
95 53 1954 239
75 4 15123 46
17 25 16270 212
48 16 27284 336
67 69 54862 53
95 34 26664 20
84 42 8703 1260
34 58 3513 215
29 10 10260 72
41 46 15987 54
42 59 13598 257
42 87 69129 88
82 38 26452 107
22 78 21534 116
1 83 7672 115
88 86 21967 455
44 15 47040 101
4 54 10146 245
17 81 78702 461
23 47 54239 199
17 18 6424 109
19 79 49836 53
83 10 6769 178
99 59 12883 133
10 47 52382 135
78 51 20918 17
81 27 82781 144
52 95 12372 760
35 97 141268 283
76 69 7737 207
70 37 7754 587
18 49 33476 107
96 87 11919 48
96 38 23020 706
80 79 74308 176
19 5 33105 94
25 66 104169 181
88 50 101038 132
69 1386
48 80
52 54
27 138
14 120
74 362

8414250
