100 499 3 3
70 43 2675 140
70 85 27733 71
70 29 6198 883
70 79 20559 13
70 54 8133 149
70 53 26838 664
70 68 53202 112
70 78 9904 59
70 96 19311 152
70 64 9446 471
70 89 13129 126
70 24 16320 57
70 72 19369 158
70 73 3835 553
70 45 22716 546
70 36 239786 82
70 59 7774 514
70 80 13937 112
70 92 12672 77
70 6 119544 618
70 13 7006 214
70 19 38211 181
70 65 28073 948
70 71 8742 191
70 7 14457 139
70 37 3160 491
70 84 9827 459
70 27 22130 100
70 66 11483 928
70 81 16923 548
70 82 25516 192
70 32 6933 294
70 56 15652 63
70 52 19684 186
70 49 5491 556
70 39 52491 135
70 35 10295 88
70 94 43550 44
70 8 15131 48
70 18 35895 593
70 95 68088 89
70 91 14103 54
70 21 8099 961
70 55 17988 134
70 9 8303 131
70 30 11475 30
70 17 14447 154
70 58 6823 62
70 31 38951 38
70 44 16046 278
70 3 8280 83
70 20 104541 129
70 5 29341 85
70 22 29923 214
70 67 2969 94
70 77 11677 71
70 38 28972 363
70 25 77334 104
70 42 14284 932
70 48 11837 538
70 40 5414 13
70 87 28598 157
70 99 9090 1330
70 16 13195 129
70 14 49104 113
70 75 27499 126
70 15 40274 258
70 41 17514 229
70 90 13261 164
70 83 32347 427
70 28 15028 469
70 100 31082 730
70 34 36389 416
70 97 18952 34
70 12 90262 60
70 57 13181 374
70 23 16424 337
70 98 6752 78
70 10 15602 556
70 76 17037 149
70 61 160011 90
70 63 20682 335
70 26 9584 46
70 47 72843 91
70 62 8626 98
70 86 31765 96
70 1 25859 164
70 2 36790 743
70 69 49905 610
70 74 25009 494
70 60 55592 620
70 51 5892 346
70 50 119060 37
70 33 20217 95
70 93 60803 150
70 11 31288 665
70 88 20901 147
70 46 26021 466
70 4 15196 141
61 18 31640 123
58 23 41817 227
81 36 43557 157
3 47 35353 292
57 32 14488 110
66 84 4176 171
20 13 21581 238
83 76 11799 134
69 52 69242 152
2 39 12374 33
47 99 21936 41
17 32 19032 616
80 24 33363 248
3 84 8862 345
72 70 23855 205
51 7 7400 48
12 77 9874 119
32 26 53191 58
54 38 29799 585
83 58 26650 258
83 28 23944 339
82 47 19121 198
89 86 24647 84
15 93 4892 77
97 43 16362 225
46 19 26212 125
75 41 12034 52
13 15 22019 258
92 91 22500 89
81 60 61408 292
73 13 5779 92
66 37 32758 131
48 74 23775 40
2 72 5371 197
35 57 52062 91
63 85 60120 128
96 23 128878 86
34 94 28769 908
13 27 48411 25
82 66 6884 1237
13 74 52470 240
55 6 10502 78
16 52 12506 65
72 14 56670 93
10 59 54660 190
57 3 10388 147
23 45 48250 277
14 85 9324 763
19 91 16225 86
2 82 3119 62
62 5 110675 28
60 23 5796 121
60 7 28592 269
45 55 48558 148
98 48 5303 115
86 53 23650 517
66 73 11657 20
38 87 11844 54
84 50 1969 30
41 9 36862 321
64 8 221457 68
46 66 13618 95
19 61 26444 40
63 30 31183 102
67 89 13919 28
35 70 20501 319
46 34 18553 573
78 39 7844 432
41 97 9744 1429
48 11 78231 278
44 42 21170 51
10 19 60436 135
55 19 37944 138
18 51 10132 51
13 61 45006 91
23 86 38731 325
9 15 20335 43
56 1 62945 252
21 45 13061 81
73 58 63811 632
75 4 15613 462
94 33 22950 322
9 82 20939 272
60 49 6332 303
1 38 26337 177
74 12 132852 123
68 57 51458 77
90 100 7645 33
60 32 77714 32
87 77 30241 9
45 30 4475 62
36 95 3436 74
25 82 2286 79
84 2 8982 149
9 53 44367 270
7 74 7811 99
4 40 9521 59
78 74 36968 136
33 28 19077 80
2 12 19986 79
86 54 125810 534
25 37 10738 42
88 19 8591 1058
15 6 15089 119
100 4 12899 34
78 52 5111 425
79 15 13391 113
76 25 11266 111
98 50 15623 195
56 18 3476 100
18 47 28236 429
23 54 7263 618
15 65 54292 109
23 56 10512 24
61 32 15731 694
88 71 83362 64
52 23 20020 231
81 42 7454 113
30 47 18192 83
29 77 14511 451
32 40 60608 198
68 16 49712 70
79 42 16897 367
58 65 35021 478
28 12 107670 204
80 47 567915 243
69 97 18263 69
34 8 10489 248
41 46 13547 212
43 88 59416 51
17 42 9674 83
18 42 26084 86
28 21 42055 47
4 6 33947 539
69 41 8944 207
2 79 5627 47
31 56 56742 276
29 74 54238 24
52 67 6917 204
96 36 29886 69
67 33 10807 25
11 51 23045 288
86 55 5477 114
28 100 8781 41
37 21 105734 325
74 4 25495 76
47 81 15645 160
40 84 96293 43
24 45 150491 423
91 58 43764 47
69 33 55457 239
43 81 48756 36
41 90 2042 79
64 84 404425 89
98 64 220035 488
47 52 7502 102
3 93 40882 218
1 46 33432 606
96 46 22447 277
15 29 5035 122
63 37 11351 80
27 38 60480 15
1 82 8673 253
9 99 21356 342
89 50 6589 102
30 98 19449 48
5 8 31893 210
19 1 8713 124
87 91 8066 81
23 60 42972 93
85 68 24397 16
100 67 4193 592
28 46 25064 17
97 64 8135 1256
66 86 13546 356
17 72 9875 188
93 10 21117 694
28 61 16983 426
36 53 17223 42
66 31 9967 590
7 91 33002 19
10 92 37135 155
20 14 49040 84
39 72 2352 204
91 36 53301 150
40 56 21105 44
1 7 27897 593
9 41 9513 130
77 75 13031 324
59 99 6613 112
78 44 16959 22
91 12 54993 285
34 28 215330 31
97 28 25064 126
94 11 190068 26
12 63 83844 45
97 19 25449 234
65 68 1130 227
32 29 140324 52
12 26 27007 64
90 72 14118 172
64 95 56174 827
43 18 14848 49
73 6 10386 382
21 83 148929 449
46 38 12797 215
33 66 18340 67
92 4 22759 158
91 39 16354 210
41 24 25514 188
73 76 42169 201
1 17 13429 34
11 58 44797 183
11 26 13093 264
59 86 17561 105
100 68 12931 159
9 88 21022 263
68 98 29356 46
86 10 52398 73
8 89 13251 309
45 97 20316 205
89 38 15054 527
57 64 52157 112
33 32 48756 186
75 31 41792 94
21 48 4318 79
50 89 38181 162
97 81 12968 92
60 48 12110 1415
19 23 31686 41
30 41 18727 223
74 21 12728 23
84 65 33965 56
72 8 10371 322
95 57 36492 232
94 100 7509 193
43 36 22717 68
48 9 14708 35
11 20 34460 307
89 56 39741 161
51 86 2545 681
59 40 29951 95
25 86 46058 24
67 75 58084 280
6 16 8656 548
22 42 54805 316
62 25 4007 347
71 26 10986 88
98 49 130853 130
87 63 25145 140
32 91 98707 103
12 10 7716 107
91 19 259626 53
51 31 7596 147
24 95 10073 112
28 68 42830 133
71 98 32633 148
57 55 82384 55
90 28 56735 120
59 5 20859 159
22 29 41530 249
41 11 53523 63
54 81 80766 260
38 82 77798 247
75 87 19262 77
30 24 1878 230
79 10 10059 113
31 41 13411 90
99 31 23171 397
83 42 15984 2260
75 38 40691 115
99 50 6999 226
92 55 19566 904
90 6 187607 86
23 17 35777 322
25 78 28430 287
74 55 13896 331
14 13 7435 169
40 60 78681 51
24 89 7316 75
8 44 26452 225
86 66 5795 93
78 97 14108 143
65 59 13060 63
31 7 18775 631
46 98 15423 212
39 73 139885 334
91 65 48766 1406
64 45 26002 215
26 94 25347 132
66 28 26404 106
4 82 258640 111
26 55 7575 65
8 87 163116 204
77 59 25501 545
53 77 16980 96
12 100 8542 117
59 45 23710 285
61 94 12925 565
49 74 63546 409
94 30 18143 106
94 7 21841 108
44 78 77983 247
17 57 169801 1567
75 53 35372 238
17 67 69585 27
49 85 5109 94
100 97 68792 324
41 53 56938 196
19 97 6308 1106
67 18 7168 77
88 17 30150 318
10 23 31310 75
36 52 11795 132
97 39 89388 10
6 49 14042 100
20 34 12421 17
60 52 26112 141
62 2 10411 264
99 57 26095 416
88 7 12211 348
95 83 107694 14
64 3 17577 26
18 27 9272 382
76 86 46382 110
52 4 14884 544
66 100 150779 47
6 76 25335 28
35 45 4139 768
77 97 36392 354
95 2 26222 106
52 93 36305 165
57 7 47593 406
76 96 23841 110
89 5 60636 56
22 27 4222 74
12 29 22253 625
75 42 12986 194
76 77 8074 392
73 74 106140 115
23 69 39365 398
41 38 7784 177
40 8 6869 288
68 8 313962 90
47 3 43415 34
18 66 22420 70
18 23 28962 64
81 83 11536 15
7 62 4734 121
53 1 113464 468
39 11 24561 52
1 57 10614 51
43 27 56886 39
23 57 23120 104
66 1 12203 107
37 97 8241 2306
89 48 23513 27
11 29 4907 587
23 77 15397 587
15 96 1935 315
74 13 20725 38
62 36 45980 30
98 12 20638 145
2 34 28467 154
46 94 853 347
32 44 12183 13
100 11 12413 154
15 23 18779 532
85 53 50262 247
36 49 28522 719
77 52 2590 314
33 99 5947 50
94 60 18010 71
51 15 13449 29
48 75 53944 182
65 3 17541 99
23 43 92129 74
78 70 55361 66
8 71 69805 159
1 52 18939 124
68 100 33675 280
65 52 37972 178
11 17 32455 117
15 5 16524 188
17 66 212458 203
34 57 133910 151
34 32 14231 358
63 47 14265 163
18 100 50605 310
5 14 30629 35
74 48 150396 333
78 96 9523 51
57 54 21256 313
95 51 38167 394
3 27 37744 79
5 66 88073 90
51 100 56067 123
81 37 29931 241
46 65 3796 25
33 34 58149 133
70 693
23 170
66 296
52 18
100 276
97 187

10333424
