100 499 3 3
93 19 82662 601
93 63 10556 114
93 46 36508 64
93 98 34840 148
93 4 12096 205
93 13 20156 320
93 61 17861 882
93 57 40776 54
93 63 6805 427
93 41 15316 154
93 94 17501 482
93 91 5987 27
93 31 17853 82
93 1 12545 618
93 25 6291 77
93 75 127746 1205
93 39 61293 418
93 25 9525 264
93 10 11177 39
93 27 11016 25
93 64 7674 501
93 9 12460 465
93 7 12043 110
93 47 6234 127
93 79 57620 62
93 39 33906 1472
93 57 40681 137
93 66 12238 215
93 52 38622 166
93 80 6931 337
93 77 16261 204
93 55 10704 93
93 15 13356 34
93 7 34989 652
93 86 20290 25
93 60 50872 339
93 13 32484 163
93 13 23045 228
93 47 86978 335
93 12 47401 287
93 13 5036 677
93 95 30312 76
93 40 33805 139
93 100 4933 167
93 40 9285 61
93 18 24278 322
93 23 51667 43
93 25 21220 402
93 62 28752 111
93 75 45775 85
93 55 13812 462
93 30 77424 1341
93 33 8996 613
93 67 23428 73
93 68 292453 59
93 81 8753 397
93 94 113837 168
93 41 5318 217
93 22 20040 168
93 99 25769 169
93 31 5588 43
93 12 14520 253
93 60 8563 49
93 21 7599 180
93 83 41164 898
93 23 87746 83
93 20 2303 376
93 14 8891 1955
93 66 12736 80
93 46 20618 512
93 5 7795 319
93 63 110238 75
93 69 4811 176
93 46 11636 315
93 30 18010 169
93 34 31688 488
93 100 24702 39
93 40 17629 139
93 18 24865 34
93 21 6750 243
93 55 50163 79
93 95 2590 48
93 12 191862 233
93 30 2583 401
93 46 51884 264
93 36 29365 123
93 49 255071 14
93 35 2818 79
93 39 32067 189
93 77 98482 165
93 47 8746 100
93 40 39864 41
93 60 63161 284
93 27 6694 67
93 55 17295 225
93 49 22362 36
93 37 21209 344
93 91 130079 573
93 83 16651 73
81 70 32174 222
99 23 9899 118
99 42 34367 55
11 58 46434 365
69 48 39834 578
79 19 41588 105
39 4 36037 74
93 50 82847 551
32 61 6696 99
37 33 7405 235
66 29 30101 281
64 67 395300 698
97 16 88023 35
95 13 96588 96
44 24 5340 547
47 98 18748 103
15 93 9917 180
81 33 8024 76
22 82 1719 397
14 36 13542 81
47 74 44821 249
11 67 64715 384
63 93 6315 28
8 94 32869 211
55 84 10969 48
25 45 10758 472
26 18 26112 529
5 59 167988 55
22 76 109358 75
52 98 30552 33
45 52 32500 142
42 76 34567 40
39 32 9884 131
45 78 1428 65
52 20 28077 31
73 42 83045 149
46 88 209621 153
89 71 25068 95
36 64 18744 104
25 22 7037 211
35 17 34459 62
74 90 37449 167
95 45 24158 208
29 40 15694 942
30 63 28762 75
73 34 17115 205
59 83 15511 229
83 67 24323 101
2 11 46882 161
90 45 14159 520
31 89 9484 366
53 94 9824 651
79 98 14926 173
60 3 53591 77
68 77 53512 102
31 1 110994 18
43 37 26017 730
63 64 11414 32
34 86 8443 33
58 93 8342 95
13 72 8413 114
17 26 3637 314
48 1 36655 184
74 41 21373 224
91 2 9527 56
51 76 24743 50
26 46 86166 300
16 7 7946 72
100 88 5970 32
10 19 151277 510
55 24 74929 429
14 10 108706 870
43 44 66655 108
68 69 58114 69
33 40 3683 476
4 70 4449 151
15 42 55447 78
85 59 12181 545
3 51 3636 280
7 56 75791 402
31 76 44341 497
53 12 11434 125
28 52 32149 111
22 27 12691 250
63 49 14758 62
1 29 6765 216
64 29 36278 338
51 20 20761 69
32 5 10605 62
69 92 185058 17
16 17 128401 56
3 8 6428 258
48 40 16931 44
92 78 18833 67
7 10 32846 74
57 99 83326 411
72 4 7064 402
84 73 34102 267
39 57 14145 213
66 31 13084 287
51 91 11995 101
72 1 8121 159
76 84 14580 111
13 1 6088 74
19 57 22887 71
9 90 4752 238
52 23 10259 419
36 14 39461 175
71 67 33844 357
20 77 4722 38
18 93 95919 276
30 52 15522 53
16 42 156590 520
89 55 61379 228
27 80 45062 358
70 66 43451 266
26 89 16232 270
90 97 12034 312
89 37 6622 27
88 70 204941 194
84 65 27007 274
71 30 88196 105
75 62 32263 220
24 8 19479 18
50 18 24386 397
82 56 114016 91
49 86 81853 66
61 21 112724 269
3 29 3572 182
100 29 12188 63
43 12 33696 80
66 78 11727 313
58 13 110709 65
93 58 14785 162
5 29 27672 44
33 3 108249 65
3 50 14433 253
87 17 2644 91
20 55 4344 126
56 18 34549 220
21 82 6596 81
72 39 6669 322
3 90 59121 3929
18 46 12658 201
46 66 25548 92
20 19 72666 97
69 25 43192 96
51 61 38912 167
14 28 23982 134
97 2 48318 205
79 62 46446 65
52 59 44851 38
1 75 80627 30
94 45 51909 131
92 74 20130 300
58 67 60972 692
39 58 11964 594
94 86 59172 54
97 89 20881 108
13 7 3027 246
70 76 34398 80
87 69 12402 132
62 70 21949 193
93 11 39030 46
67 3 10985 353
10 80 65749 76
50 55 93878 1267
10 94 34436 895
79 34 57901 72
44 31 8517 431
11 28 38788 93
32 33 18323 1226
75 24 27925 184
78 29 22354 49
99 93 20773 48
2 32 118269 156
4 31 19739 97
17 22 34331 70
72 58 169470 56
52 85 314147 129
75 100 22997 25
47 35 32881 55
97 93 9745 49
62 58 22258 330
50 72 26715 294
89 76 3958 376
73 19 16632 181
44 72 13450 201
24 12 104373 49
28 15 4988 94
53 6 50566 216
91 87 350467 379
60 84 5990 199
12 11 75178 80
40 51 11582 16
33 6 14208 1820
41 69 26665 728
86 55 21467 428
51 13 26000 367
89 77 19650 43
31 46 30262 60
33 51 217797 157
9 31 14605 147
32 37 20301 99
79 16 2343 147
53 20 10247 135
11 33 22284 43
74 57 12333 80
87 98 75697 146
62 71 1402 100
41 99 58244 112
68 62 33403 967
3 13 30347 189
83 21 29203 102
12 50 34032 336
23 3 11141 50
11 91 15347 578
63 78 12056 87
89 35 29218 91
61 44 31320 584
34 3 23945 529
39 34 7988 320
57 44 34425 46
42 32 6354 298
91 14 10152 161
50 67 12984 81
52 21 15689 65
61 83 15740 361
29 75 16920 140
93 97 27082 65
36 19 140684 302
19 100 70245 787
39 82 44321 114
15 23 4189 27
75 16 14631 418
31 62 39132 48
23 65 30635 735
54 96 14540 51
1 30 24222 153
54 95 72783 84
9 85 48588 14
30 34 18223 234
25 77 26083 76
49 34 29910 137
67 10 42079 172
69 78 107864 64
95 18 3317 275
100 8 107328 101
46 14 75703 108
23 59 62495 451
29 80 26490 298
63 33 10810 356
69 33 13028 779
47 56 3477 132
89 23 63646 33
24 54 22332 94
15 13 51268 252
70 10 96474 114
75 1 14945 344
20 63 29778 134
73 2 10672 331
90 26 14203 65
75 72 6857 16
7 19 1921 152
26 70 44055 119
73 57 16369 242
70 56 13778 67
58 62 59913 63
40 78 13610 329
82 3 8909 39
67 55 47196 45
9 15 21021 81
93 73 26553 59
41 90 25815 27
5 86 39938 29
2 28 8698 54
70 29 30128 273
66 42 74244 236
36 63 13460 289
18 4 26238 130
70 65 36580 85
51 79 121879 29
11 31 31813 94
99 90 69864 76
24 82 92585 32
78 44 12860 90
33 52 5657 939
72 85 8136 37
61 82 29081 2065
21 70 18244 292
95 14 4263 13
44 17 194670 117
44 79 13178 266
44 82 10315 198
8 22 3173 313
15 25 3049 159
47 82 4372 681
84 28 9270 421
42 7 18502 149
45 21 12900 171
65 31 38610 49
26 17 19514 99
42 73 11306 182
75 18 13608 80
9 84 7950 115
29 26 102387 528
87 81 98373 235
80 31 6188 50
56 84 5274 163
28 51 38423 545
70 14 124125 231
36 81 34383 200
19 33 10468 294
36 86 90344 54
96 72 20031 268
25 16 9305 107
30 85 11170 126
74 7 3629 71
13 10 113006 167
71 59 598166 137
99 78 26630 23
50 83 25811 1150
45 93 65946 91
33 61 17573 80
81 69 52100 210
43 10 33147 114
63 96 22053 29
41 1 33088 188
59 40 49994 768
31 16 6577 122
62 92 34876 45
17 32 9314 91
6 32 9517 398
15 38 34683 242
76 43 4372 357
63 10 8261 148
7 44 15151 103
95 27 18216 258
99 60 33169 247
48 58 14890 207
58 35 38316 264
9 17 26807 157
51 40 26948 134
67 26 15746 142
35 54 20855 160
51 72 35068 435
15 36 7513 196
51 95 32617 67
30 47 148859 188
38 33 31322 158
48 3 16831 308
43 31 11459 42
78 84 19561 28
83 84 20323 304
72 77 50067 314
83 9 46698 99
5 81 87593 83
27 14 7005 75
25 6 12355 31
7 6 18139 227
69 27 8146 168
39 22 43037 28
53 40 79969 43
58 54 11240 71
63 47 192441 111
99 29 31794 166
34 87 14686 195
96 76 14256 743
5 35 117893 241
9 45 7018 338
7 41 3228 242
50 31 57394 39
17 59 16409 12
36 47 77413 24
43 80 4815 78
12 86 14105 342
41 4 3136 369
49 15 9031 265
42 56 174095 318
66 35 39478 70
45 89 9811 29
10 12 19635 57
45 81 74393 148
19 27 13108 278
99 55 8531 116
44 98 114836 266
60 29 19026 185
38 92 9259 240
8 17 5500 100
39 90 12307 113
30 98 92267 110
60 22 45936 63
66 69 16969 46
44 58 95099 1055
91 75 4686 216
47 13 4745 103
53 63 54631 761
46 31 1211 458
86 90 43996 202
44 76 24857 144
93 416
51 117
44 27
31 72
55 266
40 236

7239410
