100 499 3 3
35 94 4612 81
35 40 146250 114
35 37 14093 619
35 20 54097 139
35 62 59964 598
35 89 8823 394
35 39 5848 83
35 94 62697 105
35 16 272449 16
35 66 8173 91
35 73 14797 50
35 38 23935 35
35 54 39911 439
35 60 14991 117
35 91 8629 255
35 24 7614 144
35 85 5399 159
35 12 7034 277
35 92 28035 492
35 83 21829 137
35 91 15081 81
35 24 15126 139
35 81 12924 29
35 78 15258 133
35 12 155045 722
35 89 20937 544
35 100 2442 225
35 76 36395 86
35 21 7190 237
35 66 10459 80
35 63 16231 830
35 71 47861 52
35 40 7212 88
35 23 12898 101
35 84 95819 312
35 11 20900 313
35 80 6685 97
35 63 6687 251
35 10 133107 306
35 50 12075 111
35 87 59349 303
35 15 29367 196
35 30 12954 145
35 74 231365 102
35 42 37225 449
35 82 32228 189
35 24 15890 165
35 28 41146 42
35 41 13674 86
35 39 16663 480
35 64 46066 282
35 52 32103 23
35 62 21487 58
35 43 17807 127
35 12 25026 59
35 95 22944 228
35 78 11296 120
35 94 1624 76
35 75 80453 143
35 11 26673 269
35 92 20874 43
35 100 24454 164
35 85 16265 169
35 65 14208 859
35 23 1861 224
35 92 15515 77
35 82 26856 462
35 66 18398 21
35 96 16451 171
35 19 46972 338
35 33 14177 224
35 56 41315 88
35 79 6062 203
35 58 57821 75
35 20 5142 105
35 49 18755 173
35 74 126623 144
35 74 17974 219
35 6 43949 164
35 95 13841 178
35 71 34627 441
35 2 9530 118
35 18 5629 79
35 95 17870 118
35 54 26427 378
35 98 7622 276
35 37 107893 81
35 7 13736 603
35 3 12791 406
35 45 23406 722
35 57 28848 44
35 75 21642 202
35 37 341005 229
35 25 18817 76
35 36 2127 96
35 5 21732 256
35 99 99727 312
35 57 3968 167
35 5 16904 44
83 16 48875 231
77 55 72502 1194
4 72 27553 375
77 24 13290 213
3 96 32642 274
60 43 16775 361
55 50 5121 50
65 54 16687 948
63 12 34945 741
32 49 44785 235
91 92 59698 38
33 43 22605 216
23 67 18475 118
7 18 20789 221
76 21 16489 64
89 65 10544 184
100 94 26718 247
39 64 28379 425
97 44 28859 43
41 85 141150 50
25 70 54874 104
46 75 3007 513
63 77 66216 221
98 19 33388 200
79 52 7782 463
69 89 79983 38
23 17 25812 223
12 42 24596 181
70 46 32018 175
99 57 9860 259
68 99 23746 182
1 27 38082 79
5 32 240553 193
18 72 41719 240
66 63 70103 986
58 38 85402 68
28 80 17640 45
32 57 22909 640
50 30 13505 124
72 95 23051 381
30 89 17337 167
20 19 31224 1429
80 34 13550 913
31 72 54068 83
95 93 52657 813
50 70 6626 142
25 13 21734 285
55 40 7613 65
95 82 28723 295
50 22 3436 104
14 76 20114 324
42 65 12241 66
82 16 9571 35
34 48 52849 45
85 93 28312 97
6 46 14825 507
24 5 5463 192
39 3 17210 57
93 13 41863 603
10 12 18802 363
100 62 11954 240
70 73 49360 42
9 87 3910 162
40 9 28670 66
87 33 63832 67
7 72 76954 201
68 88 38465 261
27 43 58440 137
95 77 13147 495
44 91 179784 36
21 51 245098 1070
41 7 6365 27
93 57 29138 75
60 16 17482 15
14 46 19167 234
98 65 13979 122
20 58 4256 235
85 90 5992 12
98 44 28471 152
58 67 24108 40
32 66 20997 96
93 68 17848 119
78 75 9778 457
57 91 42194 59
45 61 7242 229
34 39 51757 164
51 56 65577 357
91 88 7788 108
10 77 10856 101
94 28 15432 51
59 50 12787 424
7 65 33402 152
4 23 92581 408
52 43 17971 126
83 77 67384 89
79 34 6087 98
89 7 26559 95
3 51 52140 1030
31 60 45942 89
39 83 93918 144
49 7 28261 1078
87 31 2200 290
8 81 89672 111
69 3 30161 252
49 91 5865 70
70 40 33572 84
9 44 43906 164
29 12 8227 95
20 14 9238 635
91 58 99765 50
4 53 5598 71
19 26 40570 207
73 78 16377 63
6 56 127522 125
80 36 25511 65
100 30 2185 163
62 85 26923 75
68 72 9224 181
46 3 11604 215
56 14 37655 271
8 59 6605 348
66 75 102829 284
75 30 21798 269
5 82 30622 176
79 19 68513 126
37 35 88521 98
17 71 26940 832
60 70 144505 86
48 4 10244 48
37 5 24240 1525
51 24 34122 126
54 100 14140 350
37 76 18463 46
70 37 12754 202
43 96 3753 206
66 90 54819 130
36 69 18560 212
51 11 3887 98
95 11 10751 15
41 63 27221 25
73 30 45549 15
54 73 118037 172
63 96 153596 66
100 20 12105 922
5 70 148738 57
42 2 27147 148
19 84 3508 98
69 2 27297 303
11 4 76301 74
13 32 70681 125
85 34 67981 190
43 100 15642 356
15 74 46857 169
23 88 48511 60
53 96 31705 60
40 57 18201 378
60 81 9426 107
83 89 10250 937
10 24 24342 92
30 67 41947 291
77 25 34698 572
23 39 26675 77
78 37 16934 246
29 38 249757 609
66 52 8453 156
98 67 13818 96
25 12 49015 126
77 23 39914 1036
16 91 18196 1006
48 21 4246 31
6 71 15411 171
97 86 16930 95
49 84 5065 328
19 95 189404 379
81 5 25235 151
83 86 7214 43
13 51 24584 61
57 33 20051 270
39 5 8382 107
14 11 22578 123
12 44 55791 133
81 43 19423 171
71 36 54969 17
87 16 7212 181
99 34 3269 541
2 87 28072 606
22 76 22570 372
75 81 20813 12
34 62 24233 87
99 90 24519 329
37 79 20728 40
27 37 54789 79
88 69 23047 338
59 91 117434 55
23 29 80979 65
95 89 4918 988
80 31 201742 1017
83 64 24955 27
38 9 336203 109
5 33 16811 1975
54 15 23118 154
55 42 21169 118
67 97 7467 110
86 70 15914 114
37 13 19377 321
1 87 10850 160
20 62 2647 44
56 1 14161 122
62 89 58746 341
17 44 18923 288
40 5 32141 297
22 3 41697 44
70 79 121480 240
90 53 9586 146
79 72 54519 370
15 33 58329 151
36 22 9046 69
16 38 3964 70
33 1 8045 172
12 81 518 294
22 85 87347 64
78 98 18644 138
79 71 14278 286
32 61 34325 68
81 99 28524 129
61 5 27729 139
52 36 2221 78
81 31 36974 24
90 16 21065 47
85 31 37848 191
98 51 181539 256
12 36 18308 128
2 17 26652 159
68 10 65328 534
100 68 20214 90
28 5 21658 512
52 19 48451 95
33 96 9900 40
61 68 16225 129
37 41 7787 48
98 47 20854 34
6 61 15054 770
29 32 27418 186
97 57 20629 167
26 90 77813 122
91 85 46226 122
91 20 7607 302
61 9 11770 1949
83 82 31115 512
10 60 9249 72
56 21 10570 401
16 31 29593 274
98 31 13530 319
20 98 12725 60
48 73 26092 47
82 73 29037 116
96 54 32493 51
49 44 106127 18
18 14 13163 328
17 69 63702 347
61 33 147303 43
68 17 6004 33
70 91 31115 205
74 68 5180 123
72 38 34175 123
79 33 64647 182
38 29 20686 160
34 3 34480 211
51 17 13714 123
50 99 8965 304
87 32 10558 99
20 83 17500 255
67 72 15825 207
67 100 4670 46
54 51 8054 836
62 9 174435 138
86 43 13859 106
29 55 31995 601
15 25 5859 94
18 13 27413 444
33 87 54541 129
75 85 7677 105
17 80 132414 15
36 38 31858 167
87 4 9965 39
50 33 36253 590
69 52 35477 823
43 51 83412 297
38 94 28051 51
90 14 24860 66
31 3 11680 210
4 96 7038 223
6 47 9433 173
38 67 10396 122
59 12 144230 229
52 23 8895 66
93 46 12189 125
20 51 8857 91
2 52 6761 115
42 74 28841 68
39 18 21886 457
47 42 128494 84
55 79 62950 91
1 45 17999 374
37 67 29950 903
78 89 155167 757
14 23 14041 109
30 57 12563 543
64 4 21413 21
5 14 5005 213
66 12 12813 119
69 96 10003 76
58 5 35703 1046
47 46 34181 87
34 75 34614 364
34 59 56218 356
83 61 36539 179
49 18 6835 83
11 92 3930 87
17 88 54517 120
39 50 16440 317
88 62 48960 394
59 97 42880 83
90 77 8753 177
92 40 9970 199
98 29 27950 34
77 58 36378 76
15 40 115251 264
9 32 7290 126
59 69 21158 242
21 49 38285 167
65 96 85870 65
97 93 6527 114
49 68 55096 207
47 23 13556 20
80 70 14380 846
68 44 13680 45
47 53 45319 59
74 31 14784 236
81 68 22861 102
50 42 28020 94
93 42 36288 16
2 36 9672 349
6 10 55078 46
6 74 155678 139
3 71 12548 20
42 24 1795 416
11 90 4668 305
77 12 222301 740
5 3 51171 55
22 30 35741 218
39 33 39026 381
19 96 11318 331
84 94 64788 91
32 76 22706 422
91 76 7096 633
79 49 18376 576
41 20 16247 455
94 84 21751 30
87 96 18478 120
100 49 56246 180
43 79 13969 389
41 91 34085 73
26 12 7792 16
31 38 93578 145
58 69 9190 34
94 32 13025 65
17 49 258468 30
90 44 19419 252
6 40 34125 128
75 55 6761 54
34 17 31364 134
17 1 5903 149
55 51 1403 89
13 64 20232 79
76 20 29836 28
29 4 51341 54
24 62 34056 227
94 4 39878 291
15 12 239393 97
54 77 18163 99
44 28 161593 23
58 55 4222 22
1 48 4914 66
98 30 8326 62
86 53 42435 119
90 58 14570 305
57 32 8318 320
13 7 11659 67
89 23 98875 35
27 17 57649 113
94 35 18408 60
44 47 6586 146
19 90 3754 116
76 74 14166 594
44 83 25661 235
66 81 14403 31
41 49 53089 163
23 84 5541 38
96 22 22842 385
35 495
98 279
6 80
12 42
96 2805
5 136

25148155
