100 499 3 3
65 25 47534 100
65 82 43490 1333
65 41 7502 204
65 27 11693 101
65 47 27190 373
65 69 109209 52
65 71 5498 17
65 3 9377 103
65 89 14153 24
65 55 200325 123
65 94 184734 1594
65 67 124305 1388
65 44 12896 870
65 76 42476 359
65 97 4785 327
65 40 35914 581
65 75 18804 106
65 17 13137 266
65 38 42477 179
65 19 61713 158
65 68 75368 150
65 32 29996 655
65 50 10266 153
65 66 47330 232
65 90 41026 577
65 7 9395 151
65 11 26766 100
65 49 4939 85
65 35 33640 1820
65 13 32723 118
65 79 19090 292
65 51 9560 605
65 84 108890 490
65 28 62881 184
65 56 72797 291
65 26 156867 265
65 62 6721 111
65 14 13840 27
65 18 81905 162
65 48 21153 207
65 31 39970 53
65 53 17705 30
65 72 7793 49
65 45 18690 654
65 61 20309 73
65 12 41980 365
65 63 17462 119
65 36 5178 155
65 23 33657 112
65 98 27465 40
65 43 2191 79
65 91 88016 431
65 70 48712 137
65 88 26530 103
65 100 15408 30
65 34 101663 363
65 4 5456 513
65 86 9101 212
65 29 18986 28
65 81 40943 53
65 46 17816 181
65 5 22679 36
65 2 22733 149
65 20 18214 46
65 6 15539 127
65 58 41443 203
65 73 9105 52
65 16 5855 472
65 99 22301 91
65 39 21302 38
65 1 3198 301
65 15 140512 34
65 10 2869 369
65 21 16353 175
65 95 28788 132
65 60 9346 257
65 8 9542 76
65 30 13244 229
65 52 23669 655
65 9 49758 502
65 59 5068 81
65 64 19403 732
65 93 2637 280
65 78 22552 292
65 92 6059 171
65 77 35420 31
65 54 7995 730
65 96 11557 492
65 83 46731 286
65 87 60208 34
65 37 73265 325
65 57 44241 104
65 33 193798 197
65 85 3065 135
65 24 12412 156
65 42 49096 51
65 22 9821 371
65 80 53073 254
65 74 13414 28
40 1 16910 125
81 59 5659 209
6 36 74719 214
100 22 3600 379
20 68 324964 30
57 29 68452 118
20 43 51764 47
25 84 22562 17
15 28 11282 139
49 30 15282 1439
24 9 14016 243
87 54 231295 308
24 95 41986 284
25 67 7763 40
89 47 55959 94
17 99 48268 98
26 16 112773 35
25 5 51862 26
25 38 31049 127
50 1 50634 152
86 2 110227 178
89 96 13449 80
36 52 31134 57
45 21 2478 298
17 91 18544 192
58 80 62994 37
31 55 5052 374
10 13 4998 315
7 34 10437 171
4 86 70029 142
63 59 8158 119
57 94 14330 74
8 19 15782 843
77 87 24071 101
60 70 12777 12
69 58 8889 191
41 52 6228 69
36 90 13853 7
32 54 10224 228
83 14 4066 27
71 44 6920 106
83 2 19431 407
13 5 110413 1405
14 100 33913 55
83 59 5312 72
15 2 14560 214
19 1 31792 441
45 96 79486 468
32 4 20661 756
99 31 9680 61
55 99 22133 105
69 56 15743 46
93 66 6144 117
99 44 94522 171
91 27 30169 350
95 35 31973 504
20 50 38418 137
28 54 11057 326
41 20 9605 109
73 57 20681 244
9 93 29142 46
27 100 38340 118
16 1 13242 322
21 93 9274 81
97 20 13709 231
41 75 1550 61
21 36 27696 305
54 96 169260 33
8 38 5134 51
27 40 90099 372
79 97 19470 33
84 2 58511 125
4 27 48989 237
73 74 13172 336
69 53 51715 198
55 84 25242 695
40 12 34966 128
59 38 24531 92
83 28 17236 103
21 15 61879 198
29 95 60528 224
57 80 13718 36
100 67 6546 104
86 71 12543 98
98 96 65472 137
93 17 31080 166
96 8 133171 279
21 16 58165 547
40 74 56936 50
70 38 65615 74
88 41 3611 245
31 86 8337 244
26 41 48142 50
32 6 110879 187
82 5 12403 54
35 21 135379 677
98 85 52825 119
44 55 12306 367
44 66 14326 791
60 24 29711 221
18 20 13054 50
64 68 73511 547
21 39 13314 49
72 48 88508 259
82 35 31606 147
52 49 4469 131
48 75 35379 233
96 69 20615 149
75 99 11299 242
25 44 42009 427
78 22 7059 838
6 7 6798 44
63 45 38259 48
88 15 54746 717
77 43 29861 50
27 53 13911 156
97 71 60726 47
43 17 29937 206
64 4 108956 101
86 13 44100 198
10 17 40490 353
81 77 18390 117
30 19 11067 116
98 51 35396 961
54 25 20512 237
91 4 48246 51
45 83 10336 250
1 99 7696 110
66 97 16597 96
25 20 3795 175
15 27 6769 57
69 61 11957 267
86 24 65149 86
7 15 39339 615
51 65 33048 130
20 51 27660 229
84 96 37272 159
59 30 38785 212
39 5 16244 239
48 41 12844 82
25 97 27014 153
53 79 18802 258
33 4 70261 933
62 20 9575 79
44 17 38672 11
59 70 12495 538
21 60 21846 147
23 72 4872 224
5 4 6528 196
68 58 13608 163
93 92 15210 811
42 88 14757 237
21 61 12629 486
53 98 7728 324
29 51 33983 652
100 82 14010 364
58 45 11850 34
40 52 41206 312
37 74 45546 447
92 39 28582 89
30 57 9653 131
70 15 75938 146
88 86 6334 41
24 56 35185 287
4 9 4615 569
22 88 7788 63
80 96 44573 199
76 51 104640 54
71 76 22974 217
21 29 16374 997
39 12 8094 37
16 61 28994 744
23 100 33451 66
51 99 37545 266
69 24 17254 50
88 74 9940 68
49 54 17770 25
40 32 4568 261
99 68 41781 42
92 34 28542 60
23 2 16947 371
38 55 19248 433
24 11 8591 11
21 77 6357 343
64 24 58210 30
97 40 6943 171
50 15 63695 366
57 8 115121 70
62 8 78900 106
39 4 24088 134
79 27 80252 121
42 53 54649 54
7 52 91565 136
36 93 37716 171
96 54 6340 138
43 56 104475 52
86 62 75238 174
34 29 35320 89
34 70 63249 40
71 86 17204 425
54 75 3380 141
23 34 189294 126
46 3 9976 36
35 34 11720 119
87 98 25564 134
100 83 9041 559
72 46 8418 91
37 72 86891 136
50 70 4618 379
47 68 27888 48
83 31 15831 124
74 26 12763 30
89 97 7039 174
91 25 34153 162
91 56 29579 308
24 30 30632 59
20 12 9820 101
36 65 4746 124
88 37 36780 52
12 33 27070 120
43 23 52775 714
51 68 6830 521
31 41 10941 260
93 79 10342 128
88 12 34126 85
29 100 5990 172
91 89 34802 144
42 67 6498 234
9 16 40449 39
34 35 12780 180
95 79 131200 34
43 68 31636 114
33 25 17666 67
20 2 6410 175
41 78 33303 419
38 71 19914 153
13 65 7652 167
15 33 161941 23
72 45 40263 108
71 20 53474 78
63 85 35242 929
52 8 46335 120
86 35 36944 468
6 30 19443 78
44 76 303346 236
79 83 15992 260
19 42 57537 140
49 94 21453 383
29 52 6612 76
89 77 13355 85
54 65 62383 141
61 8 43329 178
20 61 51616 441
56 10 24520 275
100 95 44563 599
27 16 42770 183
64 12 22779 238
71 60 35765 1871
14 82 8300 137
73 42 37273 877
20 66 9910 295
21 40 3061 286
43 1 20707 82
63 28 135169 46
62 88 127478 428
37 3 22767 189
75 9 41555 906
28 24 31202 513
97 50 11556 54
58 70 6498 456
39 53 17579 71
100 26 25595 41
28 46 90225 82
53 25 88264 23
93 23 62669 64
35 62 5746 47
78 30 20759 122
17 51 6144 155
100 49 22141 33
77 88 120331 327
77 6 22760 40
92 79 9483 60
19 70 16936 166
85 68 45082 45
63 84 50462 33
96 74 28112 128
67 10 89323 84
99 43 19094 102
30 21 43324 306
74 99 4335 188
54 66 27770 107
3 5 14190 199
17 70 312803 284
86 97 15040 70
77 68 27300 202
92 6 19957 457
16 92 42013 20
14 59 1508 348
19 15 94965 60
55 20 8292 57
44 82 13002 120
78 29 18678 25
95 43 4623 233
13 74 4462 392
27 37 16639 19
20 8 29569 82
95 74 179354 553
68 98 53145 53
41 37 63208 204
75 90 104708 1010
25 54 48295 97
78 39 10343 62
89 15 8941 127
32 10 59616 18
16 74 42075 112
93 91 5120 177
44 22 26565 166
22 77 34040 175
94 70 301003 49
61 6 7792 55
23 1 75957 52
55 2 173747 503
24 97 27301 55
34 37 15687 63
71 22 15591 927
87 94 15312 137
44 67 8559 42
75 31 150609 236
45 77 77344 201
97 77 7653 123
61 58 98416 687
93 7 10253 226
71 46 7586 200
1 57 35578 35
52 3 28364 144
22 9 20248 1065
24 86 9867 557
7 88 4174 833
40 9 4358 97
64 37 64140 92
57 50 118323 319
88 87 52916 249
24 75 12330 74
90 17 25321 219
25 70 14233 33
5 73 2542 156
41 79 9393 87
6 45 34911 209
9 42 18194 77
29 30 64817 33
7 28 14438 120
84 69 64484 80
74 25 14506 239
45 85 26876 205
69 7 13200 371
56 4 40428 83
93 32 83532 24
69 70 28402 790
7 76 47472 435
36 2 15879 601
52 17 11605 709
66 19 25307 41
55 87 20269 56
82 99 81654 3872
18 85 9753 133
27 28 26300 96
62 43 151057 1959
22 26 52550 430
58 46 23913 77
37 85 37525 79
78 64 19534 332
73 14 23720 90
64 2 13366 161
20 78 13067 398
56 93 10041 14
66 45 29991 231
30 36 36466 41
28 32 2282 143
91 10 14704 249
79 24 28406 177
60 86 7452 251
50 19 214851 120
99 32 44578 142
83 20 35173 239
30 67 8729 97
62 59 5459 270
43 95 7722 247
20 48 56634 88
56 20 84319 493
24 57 4455 703
68 50 45451 79
16 41 8352 226
79 37 33906 95
64 92 68033 261
83 4 10004 119
40 65 30993 899
49 44 273584 144
37 66 22841 1088
26 12 12066 206
32 1 29790 205
65 6534
20 121
21 230
70 597
2 605
74 605

39616926
