100 499 3 3
90 58 103637 43
90 91 11144 143
90 100 14560 231
90 88 14354 35
90 38 11180 100
90 32 17070 193
90 29 6111 105
90 5 9666 87
90 43 30572 244
90 23 6206 85
90 17 59169 458
90 54 11706 175
90 67 100001 145
90 76 49308 156
90 64 41049 293
90 81 20656 75
90 69 59451 106
90 32 33861 468
90 69 14004 20
90 63 47259 211
90 11 19481 418
90 44 8069 396
90 33 91981 157
90 25 27295 280
90 56 4852 241
90 34 4962 62
90 28 9108 269
90 8 79772 148
90 25 3819 263
90 22 53430 182
90 25 15507 727
90 87 16800 446
90 31 13419 222
90 51 23881 1149
90 74 15280 192
90 18 11745 65
90 79 12753 474
90 10 18961 178
90 73 55888 1279
90 7 42748 144
90 76 17860 256
90 91 5728 29
90 99 5864 22
90 53 110970 211
90 54 24679 84
90 14 19249 268
90 69 76879 154
90 89 50506 220
90 44 24799 429
90 53 33178 63
90 71 47509 35
90 7 9811 338
90 78 16953 203
90 32 55817 494
90 14 122920 247
90 65 32530 357
90 15 4785 52
90 13 77476 26
90 65 7226 77
90 82 17235 40
90 91 55328 241
90 54 23648 117
90 45 12049 36
90 60 4956 65
90 53 158839 143
90 1 25576 11
90 58 32036 133
90 22 17057 201
90 61 38679 870
90 32 8908 94
90 22 8115 115
90 27 16145 47
90 25 14222 276
90 94 18427 77
90 88 84591 130
90 10 18146 162
90 35 38381 15
90 49 20527 40
90 97 10855 23
90 32 16150 419
90 43 16533 341
90 43 8706 406
90 85 9491 83
90 95 39837 784
90 11 4608 238
90 86 29294 325
90 13 46241 89
90 60 23479 135
90 97 26077 140
90 33 15488 108
90 86 17492 2401
90 2 62659 1851
90 5 14225 460
90 69 246882 287
90 72 33599 45
90 38 19076 77
90 55 10222 354
90 46 62839 106
90 71 6564 266
55 62 80465 58
30 29 23107 68
91 52 12735 97
40 36 41460 78
61 17 33740 45
6 92 30289 293
41 62 27217 125
1 77 43808 327
98 49 60040 149
43 6 12711 30
10 68 25617 89
69 18 28924 223
30 19 50058 10
92 99 75417 236
81 18 69682 214
30 1 8076 612
52 14 33547 45
19 72 28454 544
49 33 14761 136
60 86 5098 848
71 2 9763 130
34 97 33096 105
56 9 146758 52
97 32 17147 140
32 39 59660 325
15 71 19889 255
58 83 25215 335
87 94 9005 175
28 89 4129 36
59 18 8341 12
79 23 11927 504
48 99 102841 96
62 30 17243 23
40 16 3254 781
60 41 106952 129
63 77 54706 96
98 77 95024 63
64 70 6866 40
15 78 34760 191
75 38 92994 154
77 55 103740 2053
85 98 31706 30
49 85 33059 502
74 76 42239 327
53 32 19130 56
28 76 82706 98
83 52 29822 175
36 83 201624 51
31 33 8958 356
27 85 7534 92
57 32 91001 52
37 28 26719 133
9 68 13320 454
1 21 11610 276
17 94 74366 347
25 24 37826 48
36 31 30692 71
38 72 6060 144
77 67 14425 179
73 67 78469 439
53 46 23401 82
25 86 24631 56
82 55 39546 127
97 40 6375 366
83 50 35401 189
8 2 30741 36
73 37 32262 386
49 74 35262 273
21 98 87332 72
67 11 18805 89
40 48 13620 251
22 70 136705 236
42 49 22271 84
79 86 2246 206
38 21 33461 60
83 87 14246 56
80 17 17751 329
56 78 10202 49
15 51 9264 71
21 60 26649 267
19 12 45708 136
14 79 24979 38
28 21 24318 46
50 19 59014 133
87 24 49487 36
3 57 14514 686
76 17 28860 319
65 93 181714 254
73 33 26529 207
45 34 7306 109
28 99 22196 71
22 4 26823 297
47 10 41218 51
72 5 32281 48
24 89 39852 114
32 57 12821 312
89 11 53423 40
34 28 38752 53
45 22 32142 216
60 29 5004 27
24 36 35150 67
9 70 26627 46
13 55 5834 1253
13 85 5489 239
53 82 2576 87
57 83 26634 553
62 77 29960 190
34 42 10044 165
91 56 11395 93
40 23 31361 149
13 20 51579 50
78 55 58703 319
51 82 23278 155
92 4 23304 39
52 8 17319 47
100 76 87002 54
8 91 24790 718
22 79 38168 177
16 58 21061 47
12 9 117690 594
23 30 17766 116
83 58 17748 2083
38 16 40158 69
2 71 24341 152
80 14 46335 45
61 23 6169 592
36 43 15312 114
6 93 100259 211
2 42 9929 1811
92 56 29477 226
57 87 7907 329
95 88 12805 73
4 89 62571 67
31 28 28765 249
85 94 273217 239
56 29 12728 90
14 91 48553 200
48 78 28425 180
3 67 2521 143
83 80 1742 172
12 98 13795 438
31 100 9525 193
81 13 18319 356
70 87 25046 1358
22 99 15472 107
13 63 67122 42
92 12 2944 268
95 72 11863 22
55 99 14479 38
49 65 11065 223
69 25 7348 72
93 34 39877 170
72 83 26686 63
11 73 4567 259
35 18 63380 173
59 84 48733 6
41 43 22533 173
52 88 35348 33
14 38 34577 230
10 35 4898 402
85 52 5572 237
97 75 16648 88
48 34 12972 77
72 96 10546 612
18 59 21370 331
23 20 25543 377
54 12 10133 17
47 6 41517 100
29 64 28176 26
73 54 4705 61
69 7 64869 858
42 36 14384 291
67 74 3774 75
27 81 19292 38
58 20 17191 421
3 99 50957 187
52 98 4593 1151
66 43 24703 317
91 58 33602 49
17 57 6092 179
49 80 2622 130
66 42 3066 89
16 2 12322 22
36 7 30167 271
57 53 27984 118
78 81 36528 35
55 31 48431 228
42 5 13636 375
46 69 47125 65
78 22 18708 147
70 73 2912 50
55 90 21377 328
82 32 158452 157
1 33 31480 176
15 59 4902 1457
36 62 14676 67
95 59 8660 89
50 5 158153 49
33 20 82435 254
41 93 73200 87
39 22 19728 757
33 5 31458 402
63 7 21050 60
6 36 139337 119
70 56 122599 210
36 18 16478 35
10 34 19442 120
83 39 9461 17
52 72 55767 84
45 59 13769 312
72 69 26097 396
55 44 22778 123
7 59 10598 169
74 51 31869 55
23 94 11367 497
97 99 9726 57
45 52 39223 118
93 85 36362 604
8 43 63933 64
88 42 52266 361
45 70 19325 118
22 97 20511 350
56 15 14773 25
12 83 47990 52
30 93 69536 217
31 68 3654 83
92 97 14087 288
62 2 25013 136
47 56 128015 93
100 7 14189 75
1 35 40185 64
13 91 64611 72
74 72 18625 1270
81 55 15033 284
27 94 67852 202
18 54 23404 93
64 28 8338 260
88 26 21900 27
91 41 91343 253
34 4 4080 279
28 59 20547 24
39 31 40878 1879
45 28 12891 566
95 66 74118 761
1 78 101135 922
36 96 17347 130
76 45 60034 264
99 83 31620 33
24 64 10563 528
63 37 255888 14
4 84 12411 171
20 76 50509 33
37 66 19481 40
24 86 30247 424
68 52 5616 105
84 99 16072 168
59 17 48282 425
35 92 18215 272
97 37 100989 658
93 16 22286 119
14 29 72472 78
33 9 37788 566
58 76 23813 28
52 5 8582 714
10 77 16898 50
80 56 47477 93
9 74 18859 30
63 89 3704 40
89 67 33974 195
14 59 25299 116
49 3 32371 204
14 25 6550 56
72 6 22790 245
82 94 17068 111
40 82 35135 855
50 70 38191 119
41 75 16471 392
35 71 4636 62
63 14 15242 7
28 2 12417 99
74 73 101770 406
94 71 3191 337
90 20 23707 299
74 44 5367 118
73 99 48145 171
95 32 26052 102
59 66 11825 171
40 68 38114 483
72 16 20749 55
13 58 5119 882
83 49 81910 33
11 55 18917 51
58 79 18442 474
6 27 9314 1144
48 62 17125 105
49 53 34137 48
29 6 14766 252
37 57 31116 4798
96 67 14593 79
15 68 28730 49
89 57 51609 71
22 38 54751 26
61 78 14410 96
15 36 3033 22
91 3 49230 23
21 52 4421 284
36 63 14451 215
81 53 74825 67
60 62 30065 78
5 100 29611 620
12 89 8753 101
63 36 25423 60
12 75 5240 172
72 68 31057 297
33 76 6020 826
86 14 17677 31
1 39 12760 153
7 84 21627 353
18 35 36398 181
23 34 8910 136
8 98 5332 816
31 70 11358 296
38 35 51287 841
31 21 23906 924
82 85 5611 57
98 89 19763 1627
6 3 23087 209
1 4 1016 109
71 38 80981 179
54 2 40274 383
21 17 9092 473
15 61 13182 86
69 58 19330 172
69 22 32966 91
79 9 56030 116
96 26 13549 532
70 34 42406 113
33 22 22920 136
83 93 11752 82
64 72 3665 52
38 86 31738 134
50 53 17585 298
84 21 21805 30
31 59 24996 217
30 3 24838 70
18 46 25420 290
15 5 31731 76
40 15 12614 35
31 9 44654 375
55 80 191503 437
91 17 42492 79
16 63 12451 29
60 88 60196 25
32 87 15792 54
26 16 17557 364
52 68 4779 150
91 2 20587 222
78 57 8070 18
20 91 4767 207
62 61 24632 26
2 26 9796 417
49 27 15506 45
67 20 16684 119
20 41 56409 371
82 12 2043 25
5 90 6973 121
45 82 46581 258
50 62 12838 37
4 40 23626 475
81 93 53508 265
6 54 34466 388
12 88 195756 666
34 69 25280 55
49 83 14007 95
51 75 42721 36
41 32 16350 288
55 87 49593 65
53 4 126671 29
80 92 5059 305
67 29 76085 224
61 35 14710 58
25 45 29099 528
87 66 137724 105
51 68 8808 154
39 30 41272 302
78 61 218632 13
50 83 21246 13
86 18 21499 68
80 58 168266 253
96 63 47535 115
29 80 50954 22
36 88 37384 284
83 61 18974 184
56 81 24247 295
58 31 41513 130
25 78 89882 518
29 31 10542 467
57 16 83038 235
73 12 33680 38
19 38 52602 123
90 700
83 18
49 72
32 637
99 83
76 309

12629434
