100 499 3 3
71 58 5776 84
71 61 10718 19
71 13 68113 140
71 41 10415 37
71 97 13294 265
71 100 10956 49
71 93 8639 219
71 40 235841 47
71 96 24237 57
71 54 31628 73
71 53 11867 230
71 19 130631 285
71 50 64543 61
71 78 14266 171
71 82 18481 295
71 39 137249 70
71 34 57426 30
71 65 100370 30
71 99 4035 102
71 72 30214 948
71 6 43187 401
71 29 11924 103
71 47 8377 36
71 31 4716 24
71 94 12426 127
71 90 17636 159
71 3 30380 83
71 22 32064 169
71 27 4148 124
71 45 30639 152
71 26 14106 114
71 33 13965 64
71 51 60672 24
71 88 5711 142
71 74 48138 430
71 48 6637 112
71 56 26615 134
71 79 7533 75
71 57 13709 230
71 35 26305 22
71 87 12733 472
71 73 578522 106
71 43 31615 334
71 28 138434 442
71 1 125726 246
71 62 17606 252
71 66 293946 143
71 32 72799 287
71 98 9066 126
71 63 23589 196
71 69 13166 104
71 80 32482 151
71 76 24392 31
71 25 5628 52
71 4 9523 887
71 44 32186 121
71 81 14525 1607
71 30 29138 127
71 2 1000000 1288
71 16 28290 52
71 86 7888 63
71 38 55168 33
71 5 17425 78
71 77 11669 253
71 12 22343 133
71 84 33411 58
71 59 47268 62
71 20 9901 81
71 7 22765 224
71 95 11825 162
71 89 8711 81
71 17 5623 98
71 75 14354 347
71 46 10065 57
71 37 52222 348
71 60 11897 302
71 24 41915 428
71 8 8200 124
71 85 49239 101
71 21 3936 289
71 42 54990 90
71 36 15814 97
71 18 2618 135
71 23 15201 39
71 83 10595 758
71 91 14731 84
71 92 20693 122
71 67 35280 187
71 15 15308 69
71 64 2846 118
71 70 38070 23
71 14 136551 535
71 49 11763 35
71 11 30145 172
71 52 10404 103
71 10 36407 109
71 55 3440 254
71 9 39470 364
71 68 79748 77
88 95 6528 123
41 94 10908 42
86 14 19609 945
56 6 7131 39
27 51 15787 330
11 92 4767 165
66 77 16219 29
24 49 10047 21
47 19 17314 50
50 33 41624 8
51 55 43895 54
49 39 76259 32
3 37 16401 283
87 11 87211 123
21 24 21622 388
79 51 44527 62
2 21 3607 221
80 7 10020 335
87 18 53648 144
21 46 40601 337
99 89 7770 25
24 30 25020 699
15 7 86443 83
57 28 7855 164
22 77 63793 216
35 9 13374 21
25 30 9593 41
13 89 194030 26
64 87 41455 40
30 58 33423 151
18 72 159574 519
2 6 4965 184
85 56 15605 21
21 16 4015 545
53 93 26271 362
80 6 54868 150
86 39 86342 287
100 65 41667 327
66 12 20738 28
79 59 7427 1697
20 44 4777 26
49 91 26105 81
27 82 19682 116
38 12 15720 23
37 36 6575 128
1 62 13678 151
56 68 68630 338
51 83 260900 57
69 1 58296 527
56 63 28704 94
20 68 33085 130
29 62 12242 115
84 8 32681 17
46 51 109574 112
47 87 10600 144
60 25 18657 272
43 83 25509 255
96 89 2045 204
87 56 26925 68
26 87 4377 235
97 90 26464 356
48 19 17043 100
1 25 29680 52
70 41 52912 196
67 15 4969 495
56 65 61823 171
14 86 13523 157
57 4 14272 147
6 88 19429 42
44 83 55337 92
99 73 10350 388
75 91 10304 398
11 80 56993 73
39 33 13552 145
74 95 16607 631
78 90 12201 87
1 60 24157 233
36 69 77227 67
59 51 8428 34
10 51 172692 28
87 45 45993 18
49 43 13275 99
65 47 56111 56
9 64 29208 76
83 14 36641 161
90 54 20146 17
17 71 23435 207
82 35 19533 258
29 89 59557 411
84 82 14331 266
60 87 85968 173
40 42 28617 84
41 56 11401 138
35 24 32924 107
91 78 6270 66
62 79 56726 82
98 5 74278 317
24 91 33684 90
17 29 25853 132
63 71 23859 101
39 98 21370 227
77 27 5696 104
55 32 10360 110
23 5 19991 275
53 76 6054 363
80 29 25312 38
32 82 59800 132
26 28 9198 147
53 85 25711 89
49 98 30959 128
65 78 35307 63
90 75 6580 168
92 35 5446 153
68 91 19214 145
98 44 9028 220
54 11 37017 67
60 37 2717 165
84 81 28579 47
87 57 9205 59
77 49 7540 55
82 95 14523 103
35 70 23736 340
11 64 17285 130
61 100 10432 101
86 2 61335 111
3 25 34500 84
66 16 29529 329
33 77 16534 41
90 53 12718 214
36 56 20187 121
20 10 9721 338
86 37 25600 195
6 91 115684 113
26 79 6893 112
85 98 7028 275
57 79 16329 135
40 84 32380 106
64 59 15766 76
43 57 40978 144
56 32 33993 88
82 83 4469 496
100 74 37579 345
41 67 9871 235
37 92 38284 222
81 69 12931 750
1 17 24321 122
35 4 20992 340
2 99 3605 565
12 64 53775 63
7 67 192967 93
74 19 12535 304
54 20 6078 180
22 49 6680 163
76 62 113739 22
31 90 16363 302
37 79 5140 276
41 85 12476 255
40 21 53825 142
44 36 6010 1965
27 89 1884 159
24 53 95204 509
73 48 26148 119
93 38 648470 299
58 93 5761 192
54 99 8859 198
82 71 23207 56
55 20 25935 36
13 77 6713 46
87 35 8317 466
30 66 11650 160
14 33 18391 334
66 37 22600 485
65 68 56035 54
17 97 8040 80
53 33 14178 503
56 74 50186 143
29 69 411772 56
85 45 16627 250
34 4 2326 616
26 91 7296 325
93 86 10573 404
29 76 18835 89
70 59 9128 116
66 56 18631 469
66 86 71506 47
78 85 27157 113
31 97 4219 92
36 98 18332 350
91 62 2351 216
62 31 28933 59
50 5 24441 278
21 77 14330 80
39 54 31062 117
68 93 33011 162
1 35 35091 92
24 94 295130 264
62 94 36475 893
72 60 40977 11
2 1 19392 136
9 47 31090 188
19 70 19987 40
61 86 22271 280
19 41 1901 910
16 81 22654 32
96 64 114033 77
85 37 42299 559
44 11 96459 71
44 65 14799 873
59 60 105594 428
44 40 41360 61
30 73 57801 121
74 5 8765 238
80 30 115979 162
1 45 4669 119
74 57 21272 321
40 18 2045 318
36 43 9768 202
53 14 22986 106
83 17 23981 866
82 100 49132 909
86 12 78908 36
89 69 14563 435
19 49 79740 591
99 76 28317 255
24 4 176645 153
89 18 74899 671
6 29 15628 47
97 47 42004 228
74 9 53338 153
17 6 29980 466
11 100 21478 477
3 31 13116 226
79 52 15135 59
90 80 24608 315
16 65 4893 58
1 57 69935 133
67 80 7558 126
47 85 5496 151
73 35 13882 141
99 18 28477 26
52 19 97909 40
24 45 50522 71
33 42 7930 145
1 53 8998 142
8 7 99693 38
62 46 31181 210
64 83 31227 475
47 70 66876 337
89 85 23709 1092
24 51 44531 132
9 57 37967 51
22 5 62798 26
20 27 20656 181
86 59 20451 36
35 38 5252 43
70 73 25137 86
9 24 13341 95
98 56 34945 180
42 30 74616 232
24 37 40791 168
95 61 44967 62
28 17 22988 823
17 22 13678 312
11 28 67715 460
34 18 22672 122
86 8 33088 40
49 15 19020 212
64 96 22850 81
25 55 5097 333
62 59 197311 140
30 59 16946 262
3 20 22645 207
53 50 59350 86
30 11 2000 808
12 97 28397 537
88 45 36941 257
41 27 34921 404
92 95 11438 307
35 76 22020 25
23 54 46116 209
5 40 23726 757
62 33 2340 68
65 43 10341 886
21 3 27500 27
13 22 16820 389
77 32 46643 105
42 11 24511 84
25 12 154019 200
27 66 53766 91
54 57 10783 208
6 53 37802 97
82 86 29755 126
21 72 12110 505
49 2 132185 54
78 23 76797 143
37 59 36225 415
11 43 21628 114
46 10 33778 148
37 69 71665 15
69 47 16517 128
43 47 94388 879
23 68 11656 279
54 13 16922 53
15 91 3799 333
47 44 75797 467
31 13 172889 279
50 41 68529 333
59 11 9589 286
10 71 3327 173
77 65 3203 519
76 99 6424 743
2 15 5558 166
11 10 33808 54
45 72 45040 92
13 48 24425 61
10 60 24395 246
9 11 99354 182
13 46 62079 94
61 74 4474 53
95 96 12788 48
35 79 6248 74
64 74 62699 138
91 58 8289 88
16 79 11661 741
3 78 11141 24
92 80 17473 115
51 47 15718 262
87 28 85368 66
100 46 24787 220
50 98 1706 67
96 34 19044 87
92 29 21016 182
47 21 16805 315
40 54 13448 25
6 28 18225 68
20 14 26604 93
81 96 12742 55
8 55 10568 1168
8 26 13353 135
44 56 35525 58
14 45 21609 128
28 2 10935 257
27 29 6207 352
53 36 6160 805
38 44 85642 594
31 36 3904 34
77 44 12205 202
82 99 52810 725
21 96 122309 1141
8 45 3719 355
2 41 9110 11
78 32 55151 140
90 23 30480 167
34 60 6199 20
42 32 98062 231
87 82 19652 177
11 50 28383 138
10 1 98330 2871
84 70 20375 137
80 73 22346 504
67 86 52760 116
79 55 7123 155
82 50 6042 53
56 57 15767 108
18 68 14174 359
75 30 81808 493
95 81 6001 159
75 83 78608 54
6 46 44525 135
83 2 24747 57
11 8 19148 52
86 80 23473 291
37 52 23718 2546
100 36 29557 282
45 49 5960 25
52 75 17498 365
78 67 12617 214
72 97 52226 57
7 39 20697 429
57 10 44967 522
33 8 84321 146
55 8 4706 1157
70 28 31387 269
16 13 105817 192
80 8 29378 82
69 41 16708 315
88 50 30067 10
62 77 94294 73
50 64 92955 293
13 4 23254 79
67 88 15443 347
16 34 11642 29
74 26 36440 160
88 17 144368 250
28 95 6664 177
62 41 72319 1460
11 44 28834 76
43 100 9280 252
31 26 45337 48
98 22 12254 268
71 297
11 150
24 81
91 24
59 251
57 232

10750948
