100 499 3 3
2 54 38986 12
2 42 13178 1666
2 43 2136 185
2 18 16130 670
2 4 14413 361
2 71 41968 601
2 33 15577 121
2 47 103388 123
2 76 17654 34
2 65 76228 228
2 44 26296 298
2 12 26680 142
2 85 7749 385
2 90 2838 54
2 34 8080 68
2 64 45606 155
2 15 16964 798
2 27 20417 192
2 99 19312 434
2 58 33937 172
2 52 23889 101
2 35 7326 127
2 38 56822 31
2 31 70297 310
2 36 8532 103
2 79 22285 112
2 95 12999 78
2 48 45894 55
2 9 12482 28
2 41 50761 448
2 1 23145 299
2 7 62507 225
2 8 7547 494
2 26 45167 187
2 93 17369 115
2 45 22115 114
2 86 18362 335
2 32 8807 96
2 22 20122 489
2 20 242917 11
2 89 34174 286
2 30 6237 35
2 84 8543 1300
2 19 16252 90
2 10 11325 208
2 68 41870 49
2 73 452918 346
2 23 21552 88
2 39 21415 122
2 59 22098 38
2 6 18601 200
2 72 14771 108
2 13 40005 73
2 46 19649 217
2 51 3605 125
2 78 175538 91
2 49 11089 72
2 87 65688 201
2 5 40402 145
2 61 27392 395
2 55 80131 141
2 80 110327 442
2 37 25182 111
2 3 62473 60
2 82 17588 345
2 50 9523 88
2 96 61482 245
2 25 41127 129
2 29 9501 269
2 92 6105 237
2 94 120872 86
2 77 50286 598
2 24 23006 39
2 62 49910 125
2 17 49547 94
2 56 75946 423
2 69 18157 172
2 40 25058 94
2 83 40714 24
2 91 20779 146
2 100 60406 105
2 53 66704 24
2 81 2912 27
2 66 8681 83
2 57 18256 63
2 98 5029 30
2 88 38654 27
2 97 202917 141
2 70 18315 796
2 60 46182 92
2 63 22647 48
2 14 133302 6
2 67 414164 55
2 16 29592 314
2 28 5664 139
2 21 2226 84
2 11 27066 68
2 74 4141 281
2 75 11297 137
47 70 12549 189
14 63 53367 1330
41 5 51297 178
44 46 109551 344
87 19 25720 50
44 96 11738 473
19 81 7631 200
99 85 61464 113
25 14 35216 297
51 36 17599 107
87 5 24897 97
44 37 10890 86
60 66 36679 465
58 79 16153 96
71 78 23018 89
40 18 46275 474
27 67 68666 48
74 49 7797 89
81 22 2883 36
12 97 285057 61
9 91 7469 228
3 21 30119 200
92 63 39302 100
56 25 57066 182
65 22 24204 149
17 8 10670 63
14 50 46077 246
71 79 20561 280
50 45 50738 143
71 36 16705 79
31 6 26471 122
52 34 16220 87
10 75 10872 24
24 26 3353 260
87 77 61484 189
66 69 8196 149
41 12 8069 340
92 51 15561 353
11 62 15000 135
74 88 23368 31
35 7 10039 39
60 18 25962 258
83 51 26852 280
10 52 41737 184
49 94 46221 190
34 80 13933 47
41 97 79784 277
50 31 34792 77
22 69 39219 188
56 36 80516 239
51 15 2322 510
36 72 25535 482
85 86 4511 1026
78 59 19882 162
97 32 73779 153
1 3 21713 185
67 9 28751 140
91 42 24761 60
80 32 29977 202
78 61 22130 499
34 70 9478 47
31 15 8159 200
90 92 17270 169
78 46 22934 21
27 80 20441 150
30 45 10438 83
84 87 21649 66
81 50 19853 124
28 19 117698 139
7 23 10504 33
94 44 34475 38
3 86 38365 309
100 54 88168 54
77 4 25222 124
86 94 169515 270
48 7 7751 153
22 10 71084 52
23 87 36322 166
94 90 53697 74
22 57 12825 66
35 39 6441 117
30 19 48337 131
21 36 16314 457
100 38 16188 125
89 22 6640 159
16 40 35073 221
39 95 71219 330
99 1 9983 176
65 12 320419 396
73 96 19535 46
61 76 28285 409
3 41 45986 133
59 96 70598 96
28 72 71766 103
94 34 46910 106
35 86 8185 141
38 97 43336 239
15 43 29020 78
36 77 34577 346
31 62 140580 721
31 50 11178 28
28 74 25146 198
31 98 48228 304
72 85 77003 22
22 45 14652 65
98 66 24404 525
15 62 17339 106
11 77 17654 352
100 48 11279 459
90 64 21823 183
7 67 873 88
96 46 7311 131
9 28 3222 564
99 56 8421 163
24 77 50050 43
70 33 24237 489
92 77 13718 178
21 57 8478 221
66 51 46007 201
66 22 100552 45
37 49 18801 96
36 8 19711 646
78 9 39120 145
69 18 9182 853
91 81 1207 217
6 35 169438 595
26 91 32860 82
27 95 7133 308
29 58 75673 388
66 45 96006 5
6 32 2790 151
98 80 36977 32
85 98 4924 248
88 81 22675 80
66 74 15439 107
59 79 56273 137
76 22 42569 100
92 46 3830 101
96 14 11087 159
43 81 19237 141
21 80 53073 590
35 56 4601 247
100 22 6283 122
56 32 2832 52
1 22 17846 641
92 22 16628 36
31 9 46309 125
99 61 19236 264
38 4 8261 221
59 7 41641 203
59 16 12663 367
62 45 6974 239
58 29 65867 125
42 78 22697 59
49 51 13726 97
61 48 26560 103
15 2 1499 170
70 41 16758 229
71 69 78240 61
91 74 32592 503
22 96 1739 65
21 25 32919 205
59 25 13346 579
39 70 23728 213
26 10 13318 182
37 18 16166 82
37 1 39050 95
82 61 23534 187
100 73 122054 59
85 82 41674 147
99 76 115566 81
39 93 1771 253
81 92 19341 66
27 65 13787 241
65 42 24503 72
30 7 15048 58
5 95 17731 856
79 32 55339 280
65 95 12542 69
41 16 7115 474
30 14 20884 85
4 43 15322 106
48 3 4295 294
64 25 53043 162
55 49 9279 181
99 16 17202 749
33 54 35305 148
62 43 21966 85
46 80 56461 273
17 46 26756 79
5 25 53424 17
40 93 6099 47
45 65 114645 129
80 51 11983 680
31 8 9797 592
77 27 12556 93
30 78 79337 15
74 25 5376 161
16 13 14390 228
99 22 23244 109
6 67 13634 40
16 46 3327 122
48 10 31730 769
66 46 26061 55
22 30 9633 324
60 16 1797 484
73 76 203536 48
6 39 87494 144
63 2 3657 48
75 63 10834 212
27 88 37046 318
86 27 85299 130
35 48 7932 215
64 22 10546 38
34 52 35666 382
8 63 5018 460
17 47 13441 225
12 28 146977 55
74 84 14561 342
49 9 18432 35
94 38 6623 146
27 42 80218 40
49 99 4577 108
66 59 3552 632
38 40 9559 277
57 24 31469 296
4 89 28075 140
65 47 5005 57
60 86 4245 72
43 51 47500 715
16 57 2890 289
12 23 15847 146
1 89 34556 92
28 42 6171 148
95 17 136665 68
23 34 106534 391
20 8 7687 125
64 13 60096 257
73 35 101229 48
18 29 4810 121
17 63 2633 302
53 45 69694 414
20 65 21867 76
97 34 74626 273
70 80 25817 167
35 95 62126 29
25 54 59079 94
14 45 32177 20
27 24 11739 12
99 14 4245 177
33 8 7474 49
1 79 20238 747
55 82 31394 272
13 8 10182 174
23 81 40302 113
9 66 10824 241
5 17 43107 226
36 1 10824 52
15 95 4770 201
64 9 27252 91
97 79 20232 487
43 95 65096 66
97 91 19677 127
80 43 47530 153
52 43 66543 764
84 97 38882 76
52 48 5923 76
45 69 36364 129
59 60 2922 57
16 32 71893 118
41 71 9566 296
34 32 29267 27
75 20 9004 47
50 72 125415 1438
26 80 94794 119
62 94 2285 347
90 80 25453 134
96 44 8924 36
68 95 32388 67
97 93 27041 110
46 82 48885 751
3 34 15591 253
94 69 27078 89
66 55 29000 36
63 55 15122 311
53 8 35703 109
55 90 8124 205
88 34 7616 75
40 81 8839 754
36 99 37216 91
1 85 73250 887
14 2 14480 13
47 99 98567 466
5 88 59360 1048
9 70 23820 710
19 48 18285 22
24 14 59082 112
10 44 135664 46
40 2 24892 99
72 65 32740 57
60 94 469875 521
73 17 37183 84
41 49 126212 91
66 12 40621 95
9 42 27972 121
95 78 113416 185
67 57 23242 57
10 22 34126 87
48 65 8738 63
76 52 54813 55
36 53 40873 27
91 73 42491 153
90 45 17662 175
25 50 16023 549
73 92 11837 20
93 4 14577 30
41 36 24464 159
19 3 7420 169
60 65 16249 81
67 39 14008 107
13 85 3250 177
83 92 35488 224
8 15 21689 176
80 96 6055 71
36 63 36568 1977
91 7 28777 85
60 84 15177 107
96 15 22505 237
77 50 5722 82
68 63 20896 656
94 23 8574 221
27 3 76348 20
27 72 68991 292
94 91 18097 93
86 68 21317 335
100 85 15247 59
53 84 28760 140
42 1 23019 399
89 60 8947 82
41 80 38063 167
83 76 31802 94
18 98 53604 715
62 9 42618 223
45 31 8232 36
61 60 15582 72
18 50 66907 172
76 26 31122 405
9 83 6941 167
19 78 93520 129
60 33 45076 332
19 29 35514 160
90 29 10378 148
65 23 71888 83
40 85 9144 323
60 44 11829 68
76 11 67884 154
74 70 24437 139
83 27 16271 54
93 63 43078 315
43 44 18436 44
59 100 15306 381
48 89 31123 390
97 73 56849 305
15 94 11476 737
5 93 10680 8
38 88 155216 122
83 28 42360 147
72 43 26150 299
10 71 56058 82
9 32 10698 66
21 94 10157 30
63 96 28628 105
100 82 37868 51
93 47 5535 119
91 92 5604 416
26 100 23269 230
21 92 30568 74
48 13 171714 391
24 75 28733 229
29 11 111318 83
54 58 29269 76
79 43 40685 288
82 100 24669 93
39 97 17113 1720
8 53 184312 87
21 9 120056 136
12 58 33866 18
100 79 64388 38
82 3 7123 73
1 86 49815 36
72 95 48561 170
68 56 37487 1944
15 27 3508 260
58 56 18579 594
12 54 15004 37
8 10 35382 318
83 87 7970 738
74 14 38283 474
94 14 16719 119
22 4 28546 115
2 594
66 306
60 585
22 55
95 464
80 781

58220113
