100 499 3 3
57 40 49903 208
57 28 98953 96
57 44 18341 62
57 43 41866 376
57 23 262433 68
57 61 41994 87
57 33 57199 38
57 56 7663 99
57 16 31615 137
57 20 42997 85
57 1 8696 48
57 85 27442 459
57 23 12686 403
57 10 46694 174
57 89 14231 79
57 11 7429 123
57 92 7067 123
57 77 9017 617
57 70 18278 171
57 20 9105 24
57 12 95046 251
57 60 12024 19
57 14 10788 76
57 90 53705 167
57 48 8172 12
57 1 28926 252
57 94 12427 135
57 11 39742 215
57 74 55149 101
57 90 47262 70
57 31 3694 3719
57 45 16216 57
57 32 27755 146
57 93 4184 294
57 67 13223 365
57 51 17750 56
57 8 10876 49
57 68 18748 279
57 33 91886 61
57 92 50158 293
57 82 21278 48
57 68 6851 141
57 35 11401 398
57 97 38929 111
57 69 3839 124
57 17 18632 125
57 25 6763 1503
57 20 18230 442
57 25 120923 795
57 93 11531 371
57 77 77281 94
57 2 13944 130
57 55 33509 301
57 27 32264 64
57 93 15318 162
57 17 39378 966
57 44 20795 40
57 6 10657 1017
57 22 13496 877
57 71 67202 467
57 92 22770 632
57 62 16211 426
57 40 19306 51
57 28 23170 141
57 39 15376 144
57 38 4054 59
57 10 10209 97
57 38 21528 55
57 4 36967 2790
57 52 14828 154
57 87 44732 93
57 95 11691 40
57 56 80258 269
57 38 34616 108
57 47 32067 82
57 13 34023 53
57 83 21189 68
57 66 40226 359
57 14 49346 97
57 34 55334 221
57 7 16274 220
57 95 43219 267
57 96 164021 229
57 100 23617 41
57 11 147827 38
57 10 12356 98
57 36 21610 128
57 4 31921 147
57 100 47986 169
57 63 23162 136
57 55 132003 112
57 56 144275 871
57 94 49928 115
57 48 24028 219
57 79 7951 167
57 25 6708 39
57 68 14542 67
57 79 265493 224
57 43 5149 217
71 31 22747 52
19 77 30966 39
100 88 3827 58
87 12 65757 133
74 53 16143 198
78 46 84738 1757
4 17 133638 183
69 65 20127 516
100 29 39092 1165
40 23 71894 49
7 15 63521 145
69 85 46585 244
30 99 7074 24
31 32 32732 525
68 62 38195 98
90 16 17440 421
8 34 31479 427
78 75 22162 101
35 100 82859 280
10 60 9703 314
43 4 10266 73
33 9 33683 179
34 75 48389 543
46 79 11303 107
39 99 136220 182
1 66 9590 192
88 62 27910 53
64 50 42564 77
22 1 32625 206
89 63 92805 30
77 94 39460 210
73 41 15726 541
22 70 57910 54
83 5 8993 371
49 89 17353 348
6 55 10417 343
48 43 35760 150
7 69 9774 220
30 35 26589 184
2 23 17090 147
68 71 52059 62
83 18 13452 35
71 21 5160 90
49 20 20045 370
94 67 56350 115
12 80 148407 156
69 16 49196 178
23 31 38388 115
55 90 17657 146
98 1 30648 682
13 35 77304 84
60 90 121192 55
36 86 4010 62
55 96 20163 158
64 70 27127 79
25 66 18039 83
23 53 46055 285
65 49 81093 32
36 62 3893 950
12 92 399871 68
36 45 42863 148
79 8 42458 171
17 8 27594 112
45 52 11104 343
61 71 12641 150
84 16 15582 359
64 8 30667 48
88 15 25918 371
9 66 27663 76
29 83 13889 56
96 92 2215 321
17 33 3266 41
83 15 46659 903
19 56 7341 335
86 61 27715 20
100 70 10465 48
79 65 13692 51
4 85 66881 459
4 75 33818 192
77 91 23060 52
80 3 118218 258
29 48 38634 121
95 62 111386 266
37 89 47396 134
39 74 21677 774
67 17 42029 99
59 28 54990 168
20 35 38685 147
4 33 56068 87
86 83 54692 241
40 42 62742 1964
83 76 112020 44
96 87 7918 51
34 54 19324 852
23 3 8576 206
77 62 25675 91
39 97 10287 71
2 87 76644 268
90 51 11145 59
93 36 39026 226
88 20 7938 36
82 69 5260 192
31 46 80680 52
26 25 4351 90
43 13 5887 98
59 44 34903 47
77 52 28616 138
47 13 10619 151
57 91 25351 84
43 57 8755 429
96 60 57273 345
11 98 5464 92
94 98 148615 45
93 1 10681 284
8 51 10478 38
49 44 10926 149
99 72 51265 29
44 68 21073 165
47 29 8702 262
4 70 34575 80
33 97 69136 132
86 63 4615 553
25 1 45032 224
25 87 34174 590
96 89 40347 458
65 70 38359 301
47 87 42072 110
33 56 21339 15
73 32 9457 225
54 74 3521 72
88 14 18310 532
5 59 11459 76
31 29 9887 66
82 58 34224 535
12 54 11073 42
62 53 157567 766
49 2 7348 57
99 4 71235 519
47 72 2380 5
23 82 183370 109
91 20 18314 32
30 43 26502 98
68 78 26167 100
16 79 10344 279
81 95 34651 94
11 20 65972 21
49 3 10967 132
23 24 6589 292
11 93 18589 819
20 89 42172 200
41 95 45410 164
97 25 13960 396
66 10 9906 19
31 37 2261 692
90 43 38506 485
38 81 24899 83
78 62 32571 163
48 92 28880 940
8 72 25118 107
47 33 11648 42
72 84 9979 84
1 42 32406 1374
89 87 8103 102
68 82 43224 189
95 83 25899 141
74 99 53133 238
89 59 114849 73
87 69 23964 77
97 46 154486 278
50 29 110641 314
81 39 43035 265
74 10 19082 328
47 52 124885 213
79 68 21395 628
82 18 5991 1139
96 38 14748 2028
11 70 77875 56
20 80 18505 170
41 50 34720 560
22 11 29236 403
34 42 13287 133
32 45 34720 413
86 10 23176 1051
91 78 26811 297
48 3 61882 560
96 49 50718 750
35 50 15836 168
54 78 10916 248
95 74 101433 65
37 23 9495 111
24 59 11148 136
38 99 44023 121
83 46 7936 350
32 54 14893 815
50 59 35785 251
66 38 101639 82
31 44 33842 596
40 20 36376 94
13 59 14755 241
50 71 3235 183
4 56 74029 786
72 62 54950 48
76 1 3392 73
73 86 8592 1151
94 29 16371 31
24 10 54477 310
81 33 12155 105
39 47 5575 229
97 74 23989 128
4 99 4688 1149
67 52 20844 63
99 42 12455 363
35 12 29558 210
51 37 46893 236
12 89 43583 215
84 41 9298 69
72 15 11027 9694
92 58 34157 121
67 81 172397 13
74 88 26765 224
54 8 28947 222
87 97 23180 518
95 82 8028 225
67 58 43424 163
96 86 82001 194
37 24 10652 135
80 39 10588 36
91 60 7025 135
29 63 6268 157
33 76 90640 336
40 49 48323 199
54 35 3807 15
20 13 20835 319
32 52 85204 64
81 49 47220 152
56 32 23706 57
97 89 15881 52
53 97 17492 315
37 16 80475 197
49 4 3102 216
75 24 11820 169
2 94 25607 154
58 38 32915 455
84 5 14003 311
97 31 11576 371
99 32 7540 143
82 83 25889 211
34 32 197589 100
66 75 28168 59
91 68 52656 129
83 75 72111 325
77 73 32371 143
97 77 45754 186
30 58 53528 60
4 46 9967 290
9 16 583681 100
26 98 24325 35
91 31 68265 130
76 89 23622 91
26 2 11958 311
26 23 132185 137
34 29 68286 243
52 7 8587 49
81 89 25119 168
33 51 18279 54
94 5 44003 427
36 9 16974 148
12 30 43663 290
20 86 56367 115
98 46 7322 115
83 19 55309 485
72 8 45088 160
25 20 13442 163
74 49 67658 389
49 1 27515 179
6 57 20590 106
45 57 61416 53
69 7 5969 113
11 99 17402 140
67 8 12743 537
51 44 50192 43
99 14 80543 1931
64 6 31310 125
69 64 103081 121
64 81 21267 194
4 52 10383 122
75 9 10626 187
1 5 104150 131
15 47 50881 147
38 11 38584 149
45 68 19875 929
92 79 3987 393
8 6 5100 1262
30 74 88415 396
27 14 6445 570
48 41 30564 157
3 64 129460 468
16 95 23759 24
23 98 75987 506
92 8 70636 104
92 90 37225 173
83 64 37010 199
18 39 24100 134
70 50 12549 119
14 94 24139 51
90 12 68488 123
86 79 58819 16
17 100 2567 76
12 36 55273 123
57 65 42725 30
37 4 17005 726
85 46 17229 98
16 87 2748 284
77 93 153915 300
9 57 41183 39
56 14 7282 215
3 75 16850 354
15 61 34831 74
36 11 2878 509
74 93 30309 833
41 12 14233 102
40 76 7729 238
67 46 25261 152
22 48 6778 375
68 16 3302 248
77 46 10933 69
61 60 30470 78
1 7 27136 37
47 37 15935 211
12 78 14123 63
36 34 7372 19
50 69 14311 120
92 1 19867 147
22 57 65478 85
98 38 37044 299
61 14 22241 147
88 31 111107 159
9 26 22715 225
87 49 35893 38
68 46 21606 159
28 46 12238 16
63 48 8662 333
10 36 23033 102
70 57 33067 458
57 88 61395 76
34 74 66123 1252
1 51 5694 91
57 75 20369 230
49 43 4381 245
33 14 135783 43
72 32 12149 61
65 93 60931 49
89 88 7292 80
56 61 20188 1320
33 10 26829 75
16 68 32971 65
4 39 72983 341
12 61 33258 112
86 24 18137 147
64 68 4600 59
28 25 11177 202
78 55 11781 235
40 86 69766 85
15 40 23565 157
42 30 19031 78
41 52 6098 266
3 66 21800 87
37 62 38615 218
72 94 5268 239
86 88 3702 371
85 64 18295 402
2 20 35640 479
18 82 130610 46
89 27 27988 58
26 57 28623 837
71 54 44808 43
51 58 12343 1591
4 2 53971 31
16 10 37432 161
50 32 87381 260
82 62 14706 1097
45 97 4281 130
42 64 4228 24
74 75 2037 58
9 79 2302 73
20 72 6425 82
58 51 11094 39
46 8 35537 94
35 28 6835 103
30 22 56991 301
21 99 46346 111
71 50 12453 125
96 53 21008 640
60 87 25770 192
65 27 27039 140
32 20 21861 98
37 42 154494 152
27 70 23135 156
75 36 31124 108
62 97 80299 34
57 618
4 22
96 144
46 591
20 233
62 399

17546065
