100 499 3 3
67 17 24912 248
67 28 56385 180
67 36 7210 33
67 56 7188 535
67 49 101481 295
67 86 54284 36
67 29 20585 439
67 12 11066 399
67 22 8478 682
67 46 37305 628
67 36 6353 243
67 55 13565 108
67 35 55008 92
67 45 299565 59
67 98 2731 2461
67 51 10169 261
67 71 117249 74
67 98 91177 89
67 50 40092 44
67 77 9417 134
67 17 11189 108
67 73 28080 234
67 83 29442 601
67 4 12086 125
67 37 26366 360
67 6 8818 35
67 18 15592 216
67 24 54764 41
67 90 25724 49
67 65 25947 713
67 8 26822 705
67 64 98095 104
67 49 84928 140
67 40 5193 20
67 66 6261 112
67 86 49089 200
67 58 14529 79
67 36 59465 113
67 62 8479 43
67 29 4708 245
67 33 14549 324
67 18 9693 541
67 72 23560 427
67 30 53521 920
67 7 41571 78
67 6 22081 60
67 49 16637 297
67 6 22506 45
67 24 17831 26
67 72 24669 159
67 31 64339 138
67 69 32615 61
67 78 14928 157
67 52 11854 35
67 8 30546 1281
67 49 54578 58
67 42 21825 218
67 97 13357 110
67 47 26536 71
67 41 5114 288
67 16 7515 414
67 5 41082 506
67 12 118129 355
67 3 89311 319
67 87 6485 24
67 15 216612 1303
67 59 16023 178
67 4 125850 63
67 55 82340 137
67 68 4158 292
67 55 2447 20
67 40 34434 41
67 41 46488 1565
67 3 7344 122
67 84 31406 537
67 98 26683 216
67 25 11779 91
67 90 4346 273
67 14 4002 79
67 49 18155 214
67 48 19513 145
67 52 14098 62
67 52 4625 810
67 93 7185 799
67 36 2486 175
67 71 148643 40
67 52 30456 117
67 98 10246 116
67 19 49791 278
67 91 11478 90
67 91 59047 165
67 13 47515 431
67 29 11055 91
67 10 12010 130
67 98 29848 710
67 5 19063 514
67 6 22599 147
67 97 17726 330
67 99 12025 133
87 36 38444 187
38 53 12428 314
14 81 14317 120
78 29 52404 69
44 89 3156 37
69 71 10523 1228
59 38 3170 196
22 67 82162 136
28 63 34545 61
50 93 3251 66
32 49 85460 67
12 100 70854 233
13 92 3598 86
91 20 4186 83
92 6 5650 46
18 26 19660 103
25 11 4097 72
67 81 16902 639
94 82 15963 245
89 95 21632 538
95 89 33818 100
99 46 10987 340
72 31 10127 383
1 65 6172 17
56 75 44207 75
74 92 17649 303
30 98 4759 252
86 93 40551 241
93 65 13797 168
17 78 46457 204
10 19 50748 115
99 14 7176 121
63 76 11654 52
35 27 3446 305
39 94 47824 458
3 40 304338 82
32 71 25359 84
22 83 17889 130
93 48 34563 228
97 53 20826 336
2 33 121747 142
24 50 170401 24
52 20 18396 134
89 57 59081 167
61 58 11310 892
52 45 7474 199
88 21 4955 847
36 9 27989 154
3 63 67507 433
58 75 8654 50
59 96 2842 222
1 25 15670 131
99 1 205972 98
65 2 12817 92
10 23 10810 30
63 38 3561 42
76 10 9221 242
11 21 91807 398
26 44 23251 84
51 69 4486 310
28 54 12024 255
79 96 12175 191
1 80 40020 145
74 66 4046 61
20 73 27082 226
44 93 19466 206
28 56 17101 254
55 7 12097 379
71 57 12372 202
36 71 56977 36
30 44 6904 519
26 38 11575 352
19 95 4672 639
79 85 49778 53
52 64 24886 36
26 42 4097 78
66 35 5519 155
24 39 20693 1811
30 84 3758 23
6 72 30991 710
57 70 23579 98
35 59 13045 377
56 57 34723 31
44 37 12555 349
26 61 25669 90
49 1 14356 636
39 33 45600 34
11 84 9101 287
100 74 41348 37
5 69 25715 673
2 44 20268 65
7 8 4033 122
94 71 20623 56
19 89 18730 59
33 8 62092 49
92 60 3051 293
2 77 10666 60
38 99 18840 114
93 60 42135 141
93 87 121930 146
87 63 5667 434
11 33 16235 252
7 94 12749 284
24 73 29033 1684
67 88 14290 74
66 32 43879 144
63 71 42802 194
57 63 44636 148
55 59 19986 750
19 47 44189 268
78 38 15434 63
79 20 37457 48
51 62 15133 218
81 27 38779 298
40 53 239242 47
22 24 98040 186
80 73 5979 4188
22 33 175043 107
39 29 10336 258
75 19 8851 53
83 100 9979 221
51 48 41727 74
77 50 4005 689
54 84 40365 79
32 1 29721 30
30 77 17430 464
18 67 54732 83
37 30 45504 82
30 33 12631 37
14 38 18703 81
65 54 15212 396
1 36 9786 47
84 99 17363 219
28 96 20855 50
72 58 15253 237
38 43 27319 428
61 48 47672 103
56 67 2735 459
32 93 3393 146
8 56 48264 5
14 56 29228 152
17 63 10155 562
100 31 8713 258
65 15 9632 194
52 58 111979 151
47 52 18509 448
74 68 21958 1464
37 61 8989 174
11 92 12641 169
7 100 11796 87
9 68 12611 38
33 23 1162 322
85 35 9372 97
10 93 11466 258
63 19 33112 119
29 20 9617 1789
46 88 14502 47
90 85 7533 239
22 99 21093 41
41 66 16165 43
31 87 62740 614
98 35 36779 669
74 7 57157 331
63 100 14889 260
86 71 41447 87
22 74 44665 299
89 83 50115 167
85 90 41693 155
30 68 43324 147
43 46 24288 45
45 28 22354 245
53 67 28607 656
19 61 12650 37
40 27 25817 159
9 74 37109 99
90 17 13078 196
4 38 64043 100
73 14 11380 402
51 21 29432 152
53 94 36476 82
25 53 87950 143
52 3 37793 58
30 59 7096 118
80 26 30265 177
3 32 45038 180
52 75 59110 34
51 64 38637 91
97 62 41828 709
1 83 26384 68
43 68 21318 44
36 42 22356 72
53 95 15566 30
84 27 12947 98
8 67 69601 195
9 70 7841 58
52 8 2473 453
86 20 48471 39
18 13 64747 273
21 20 36217 17
31 74 18333 18
47 66 6885 278
76 15 38755 106
22 56 11865 5144
65 10 24658 172
53 46 16897 155
10 87 32701 66
16 60 45844 80
89 66 37667 161
51 84 16018 186
13 99 24427 589
33 77 12681 94
66 19 65896 135
84 81 83446 98
72 12 50051 89
75 100 15371 151
77 49 35273 233
28 66 6215 972
62 78 21776 97
27 74 5207 327
19 48 3992 77
93 83 26483 852
29 60 4865 14
44 57 78432 66
15 6 21067 105
17 35 15964 597
2 94 31768 119
66 84 135596 150
95 14 19416 70
55 53 43399 81
18 4 112941 95
83 69 16148 135
19 86 327805 503
25 35 12977 192
95 87 15473 70
18 34 9097 155
39 21 10740 117
21 8 17922 157
33 86 17129 89
30 36 10995 75
50 45 26288 100
25 62 33626 240
18 3 32355 96
27 80 14171 113
37 96 42270 589
67 79 26138 261
69 35 22745 71
6 46 22210 12
40 90 26581 695
53 7 13804 289
95 47 25632 100
86 67 26138 122
88 71 54569 518
29 8 14625 418
96 39 15369 80
83 30 12172 180
45 17 19314 179
41 73 118742 148
49 95 57633 535
51 93 11930 119
36 33 5048 113
68 32 32349 94
98 14 42212 53
60 28 209938 232
29 51 16219 295
32 60 31115 231
92 20 51536 28
55 97 31899 58
21 40 125299 37
35 3 18385 127
17 64 5594 65
62 71 207117 385
98 99 9354 44
97 16 17783 16
34 21 4890 641
18 66 8923 401
64 41 3389 200
17 8 20904 35
28 92 20189 372
46 81 23808 319
75 83 18552 392
89 12 5627 73
24 27 29642 259
84 58 12623 36
6 42 2575 210
15 99 44010 629
15 41 17492 56
73 35 25343 21
68 33 68191 432
26 19 67163 46
92 19 12637 28
64 47 717143 279
85 20 95737 198
31 100 43785 208
94 34 46457 280
56 71 22779 52
43 11 6588 577
17 40 17574 213
33 76 32863 21
48 36 30221 22
32 16 186810 254
97 66 23475 91
86 77 32606 43
8 77 18389 102
55 69 31147 720
18 28 44935 21
88 16 10686 267
69 96 28105 106
70 90 17980 163
82 41 18883 118
21 64 19224 141
94 26 12949 70
19 93 1210 153
52 44 61370 170
61 20 26868 183
84 75 5895 8
1 18 94585 222
75 15 24682 131
82 59 4555 47
93 100 8982 129
21 28 27000 138
14 33 53180 73
56 68 13261 135
52 84 45359 124
11 95 7037 118
22 88 10960 1330
79 43 57405 131
89 73 98902 42
53 69 7973 64
46 29 32658 1023
58 59 178811 552
22 1 24056 910
79 86 42704 41
39 57 13579 153
69 88 66334 135
64 15 18710 253
3 46 164940 810
5 56 192223 234
35 60 32955 446
39 56 10091 645
61 41 61147 1250
76 71 15216 162
91 21 19712 102
39 68 15648 523
72 4 3599 217
68 41 21990 146
91 69 194604 232
30 72 7118 380
70 20 19942 230
42 5 4922 12
78 50 5099 68
30 10 24214 91
76 37 15181 57
83 8 1734 123
2 80 13664 37
50 19 15124 278
46 18 32083 117
6 21 9446 91
46 90 6903 138
63 94 9433 540
59 19 7776 134
32 44 61940 161
50 13 25084 81
62 35 23097 147
28 62 35502 269
100 53 43335 137
49 43 94427 11
44 70 5635 415
34 77 61736 64
42 27 7591 168
95 16 4676 56
69 46 8774 171
43 81 10574 42
9 5 37946 148
14 59 95979 42
36 38 18243 186
42 88 96390 290
82 46 27472 377
82 26 41671 16
18 55 16171 187
35 17 22408 25
85 48 4726 89
96 20 112593 81
46 97 32181 446
74 50 9881 914
33 60 24500 195
7 96 15168 160
38 62 9425 100
53 1 4803 34
73 83 9069 62
10 76 194133 21
15 94 25690 119
52 91 7371 441
25 6 17819 53
84 73 6783 70
68 45 21945 398
37 40 14659 106
73 45 49566 504
72 40 3094 206
60 19 177208 144
24 95 6953 62
67 1836
52 60
30 110
71 375
20 1086
19 1020

54160388
