100 499 3 3
40 81 138882 455
40 98 42420 111
40 46 17526 335
40 19 167802 71
40 45 15391 77
40 44 13730 337
40 73 2752 1025
40 65 50948 114
40 41 24269 78
40 86 84765 217
40 42 5035 57
40 48 27174 1217
40 28 9460 50
40 20 108775 192
40 25 18271 66
40 93 8775 148
40 69 8344 182
40 23 4254 281
40 9 22006 54
40 91 202107 37
40 82 18222 160
40 97 7715 46
40 8 24620 134
40 59 22475 241
40 68 8943 403
40 70 72528 233
40 51 17411 548
40 75 5151 391
40 90 65440 188
40 52 15178 1068
40 67 9284 207
40 29 10982 197
40 33 5222 241
40 54 35887 294
40 96 256329 235
40 43 12822 2707
40 77 12333 100
40 83 220412 263
40 62 15572 75
40 17 18275 106
40 18 21419 23
40 34 32006 309
40 10 11050 419
40 36 64566 20
40 39 1980 253
40 53 88094 62
40 61 14466 7
40 50 31830 19
40 30 4226 56
40 74 70570 108
40 6 41942 379
40 31 12795 122
40 47 69464 33
40 78 6516 78
40 79 49704 73
40 84 19244 71
40 58 6814 478
40 26 8880 432
40 4 53260 76
40 3 23222 308
40 100 23896 71
40 92 2431 298
40 66 10636 155
40 85 21556 374
40 80 28468 95
40 89 9991 281
40 5 217949 217
40 71 6876 36
40 12 42039 116
40 13 4715 63
40 94 3917 147
40 72 5187 163
40 60 20961 155
40 15 15670 172
40 22 70978 56
40 88 5185 96
40 1 31985 242
40 7 5867 116
40 63 28254 266
40 49 56721 65
40 21 52460 159
40 76 37389 166
40 99 9351 264
40 38 58297 179
40 14 99410 245
40 57 9653 53
40 24 45598 193
40 64 3665 71
40 37 32825 412
40 11 5902 777
40 55 59065 339
40 32 14095 58
40 2 85538 126
40 56 24334 93
40 16 33889 41
40 95 34164 161
40 35 32655 303
40 87 177906 198
40 27 11221 112
38 77 6895 180
28 56 31254 1003
1 86 13856 242
37 78 8884 99
100 44 8178 381
7 60 28212 218
34 31 5266 58
72 13 109094 50
28 57 27724 316
96 26 56976 160
11 14 5166 139
19 9 6302 26
24 57 8828 192
67 92 5742 70
69 29 11174 494
83 48 1800 78
3 68 10269 275
96 45 52273 84
5 49 8926 37
18 58 19668 41
36 88 14676 229
84 18 36820 24
100 90 6937 42
57 63 12940 529
52 6 47020 59
17 100 12999 1493
88 52 69767 85
20 87 26346 80
36 44 8579 74
26 94 38590 169
26 13 9319 219
100 29 33060 132
96 21 49326 49
51 33 8303 251
86 62 84203 303
11 5 21548 79
41 53 50676 253
64 11 3830 325
6 43 46538 62
18 53 38495 54
42 68 42523 306
19 32 8398 110
93 56 2484 180
80 44 6668 83
60 7 65763 286
99 48 71170 246
52 68 337658 46
41 95 25975 900
53 68 60414 143
54 46 32933 661
7 83 23145 585
28 20 46441 93
100 78 16823 27
61 71 5350 62
72 23 5248 149
51 85 12772 510
52 60 7162 52
41 89 7413 33
27 58 53386 129
71 88 13723 157
95 88 12270 75
71 94 28139 216
94 20 13451 184
52 95 1048 116
50 66 12733 19
9 95 273647 50
79 38 5855 157
92 59 4593 79
95 30 19113 112
15 98 42702 190
15 37 24597 145
76 41 20243 233
60 2 19086 750
79 43 10549 163
14 26 50414 193
17 95 17830 158
46 61 5379 414
99 81 44143 158
91 99 5514 193
41 36 4268 127
43 29 7435 31
76 71 25546 51
26 7 16649 135
65 30 29306 103
64 37 324372 1574
23 37 29060 113
75 65 6335 426
55 5 14850 749
81 31 2197 110
46 35 5432 71
12 28 40869 57
89 78 89066 449
18 96 60262 267
95 47 58819 175
44 36 7192 533
44 1 42810 173
72 37 64190 108
65 23 21996 95
93 49 14408 59
14 97 13558 148
56 3 9946 2161
78 23 16435 645
1 25 16139 71
63 88 32203 419
11 54 21067 1215
41 32 32365 483
96 51 35445 49
88 30 27910 52
83 35 15153 694
34 72 2282 79
50 61 20675 108
14 90 14101 67
57 20 24106 186
87 51 155249 453
88 11 27155 284
78 44 92281 198
14 30 43410 82
23 66 41571 78
98 24 17705 170
37 26 5557 153
65 34 22810 74
23 35 105382 120
9 76 19344 254
87 12 60024 61
4 57 7770 107
19 69 17284 126
66 82 13180 592
19 72 145962 518
93 66 13197 90
19 4 4663 215
96 37 83107 366
17 7 22875 73
61 59 21162 204
82 31 43376 1107
15 46 27804 112
45 81 17853 247
19 42 44930 75
43 42 26880 352
21 33 9046 346
65 9 63037 227
69 76 11457 130
50 28 13273 392
61 16 50046 1350
15 95 5526 358
1 83 24828 56
80 18 5335 451
42 75 19846 98
41 17 8643 131
3 27 19961 90
75 30 14779 197
37 51 24487 31
88 81 5729 46
64 91 5458 513
52 46 37058 35
1 6 3392 39
35 59 14535 367
98 45 10057 96
43 72 10293 20
25 52 36922 64
88 66 12159 38
72 79 21947 48
96 84 15884 304
6 56 15484 37
59 18 30616 331
34 27 706 194
63 35 13689 617
75 11 14471 32
29 64 71099 586
34 67 28426 361
60 4 1766 918
23 1 7520 151
67 85 48979 262
45 12 18562 152
64 33 10816 383
4 72 31261 151
59 87 38364 241
97 43 45798 24
2 20 29545 326
47 22 33440 171
35 70 24799 7
81 78 7182 132
22 58 18448 1494
35 90 11435 117
81 37 21286 1330
74 39 55349 116
41 29 128354 87
30 60 16618 14
69 94 10495 101
91 36 44299 243
72 31 9623 413
61 6 8093 747
56 2 12391 330
86 3 8880 26
61 75 1610 104
42 71 4804 195
61 19 12200 45
27 95 34962 61
35 40 33132 371
66 38 12775 42
29 49 18066 56
29 67 36740 74
50 17 43210 478
75 76 5780 94
6 89 19542 323
61 99 25114 395
20 58 71838 80
71 78 6670 228
32 61 13608 194
50 76 30133 623
12 7 1086 314
93 10 59622 140
16 79 30558 309
12 92 102935 175
4 91 6537 364
72 21 8717 74
38 40 35453 9
76 59 16677 88
51 17 45024 179
97 75 19774 173
20 71 29561 150
8 90 26073 370
44 64 16802 80
4 9 12581 624
49 79 57331 111
96 32 76452 310
66 92 34525 192
99 94 14939 476
88 27 9546 73
69 88 7892 605
75 8 29377 67
18 62 14877 33
35 12 64610 31
83 93 26945 681
62 71 19627 92
81 61 6427 1945
2 43 42457 40
60 51 12316 61
27 90 129031 56
61 60 42672 224
32 99 1105 74
20 3 67656 182
17 8 53322 53
21 24 145221 91
16 77 31370 137
11 72 14097 199
27 55 17215 248
22 43 74596 165
96 13 24421 60
31 80 62012 515
65 89 31257 215
33 84 31951 42
99 41 11935 106
68 77 27573 76
79 57 12972 587
49 28 13005 113
78 53 15165 270
26 99 29740 43
81 69 14492 26
59 78 12311 351
6 27 20682 36
58 76 3988 25
4 53 130368 45
17 54 36169 320
92 23 36942 474
36 84 48401 269
9 94 50284 251
72 25 59633 132
41 46 66611 126
58 32 55884 115
56 39 43378 92
96 60 16971 149
48 71 63412 377
45 32 26348 182
44 56 53837 92
24 11 18969 366
88 59 20383 272
99 8 79259 56
82 87 27968 113
54 65 45217 133
82 67 25092 81
43 86 26386 172
96 77 15229 257
34 83 11211 69
80 51 36629 168
61 4 52524 270
24 72 40718 1467
94 27 181305 768
78 9 14001 64
100 76 26424 382
57 43 12412 175
4 77 91538 285
73 94 73911 485
71 97 6534 41
74 3 21382 154
47 61 24673 398
48 21 150254 50
25 48 12631 44
46 91 7769 195
15 60 65306 140
63 65 3609 93
37 69 149154 263
52 39 8574 121
18 56 21296 139
54 7 2148 76
58 50 41637 662
42 73 8305 310
22 93 106025 161
52 1 15606 23
38 98 22036 26
98 17 77594 37
87 92 57482 243
20 52 23056 88
77 37 103042 23
64 66 59590 245
85 62 20968 146
59 14 31783 393
90 16 24045 1143
24 12 18676 400
72 46 8101 122
11 92 2324 71
1 30 12142 169
79 15 16895 408
27 98 35866 46
21 51 49510 256
66 64 42528 38
8 39 239249 96
94 76 11893 220
66 99 38415 800
88 96 294321 157
76 2 178197 31
58 67 3224 81
58 9 14317 630
49 76 34296 180
14 96 206998 30
51 99 44817 49
70 61 22539 319
83 74 13331 343
81 40 15250 369
34 63 41708 574
70 46 37919 38
21 100 3900 1242
90 55 6133 232
7 46 15614 100
80 64 13219 117
12 39 8233 107
5 48 45053 189
74 29 28750 270
36 74 20862 1119
4 92 14547 421
65 11 46593 43
74 38 54010 160
66 91 2600 27
73 6 9889 194
58 2 6628 97
18 72 26784 46
46 98 13006 305
42 5 11463 81
16 14 77989 397
36 17 47657 93
45 55 121872 88
57 22 58135 70
76 1 30699 125
9 71 44868 606
88 28 41452 269
73 48 65264 133
48 30 9157 322
100 73 6355 105
17 75 18443 136
25 66 7124 594
79 89 36669 102
54 2 11417 18
92 60 78579 152
41 91 50432 42
60 31 16004 276
8 58 10755 266
97 59 94908 232
47 19 39977 100
53 94 41782 81
49 10 49085 197
82 8 26036 227
91 4 42906 16
69 39 28862 112
80 95 28443 609
94 96 5809 73
49 44 140397 110
51 68 36688 546
75 50 2688 232
36 37 203765 190
82 51 16381 18
51 47 6088 15
99 14 28025 451
54 92 5241 35
62 13 1856 69
66 84 7407 135
3 96 5537 333
24 53 14656 20
59 12 21616 101
73 16 47691 82
67 28 46124 242
61 64 49244 45
40 990
96 100
61 70
76 104
37 317
95 98

12852652
