100 499 3 3
27 52 83173 142
27 83 16318 131
27 74 14683 140
27 47 2224 389
27 79 50752 28
27 39 6560 111
27 62 12578 158
27 1 13955 443
27 30 20381 737
27 9 23971 43
27 66 13053 50
27 86 32902 76
27 20 48569 479
27 10 82138 182
27 41 30408 77
27 29 6202 45
27 57 244692 117
27 16 37743 69
27 75 7673 335
27 80 40114 69
27 18 4945 129
27 38 41295 151
27 73 16931 32
27 20 66268 102
27 76 37173 127
27 79 9345 126
27 10 2770 393
27 69 10188 166
27 38 25386 160
27 53 198377 69
27 58 11854 70
27 45 2428 526
27 32 53255 270
27 6 63588 56
27 78 39367 30
27 56 29259 201
27 23 7101 305
27 97 52586 69
27 86 30700 169
27 90 26676 71
27 67 13018 601
27 96 75749 97
27 10 7628 91
27 39 37389 221
27 6 48216 105
27 46 47145 132
27 82 13395 243
27 93 20687 209
27 90 31902 63
27 88 36388 1878
27 95 26100 1268
27 52 5839 101
27 96 40267 342
27 83 11468 143
27 21 343181 58
27 77 9196 101
27 64 32272 50
27 29 7255 57
27 61 1850 49
27 86 18941 122
27 92 5806 157
27 10 18121 276
27 88 10540 53
27 19 26204 101
27 80 3952 30
27 19 13332 105
27 30 13765 317
27 15 41951 183
27 56 1597 100
27 32 27772 120
27 78 12588 71
27 42 10731 75
27 3 24899 83
27 76 5508 70
27 78 12656 57
27 88 55132 87
27 2 4069 85
27 99 20417 59
27 76 30309 138
27 70 10961 190
27 87 37340 85
27 55 14593 335
27 14 25295 263
27 47 14290 36
27 40 25850 134
27 61 38092 414
27 24 46105 71
27 20 11328 364
27 4 6806 1141
27 8 2758 79
27 57 104001 484
27 93 39229 146
27 44 27481 361
27 7 48009 415
27 5 46085 175
27 20 36290 185
27 37 43846 53
27 43 19139 552
27 29 13191 1153
13 65 96037 84
97 62 16781 210
68 7 8613 25
40 9 78791 312
67 77 20724 154
52 39 27332 30
61 91 4624 54
14 65 36134 378
37 74 105447 532
11 12 50181 137
7 26 47242 448
10 81 13361 615
59 1 12282 37
79 45 104757 217
33 82 20048 202
43 73 49108 271
22 17 19515 117
12 48 6807 153
54 97 19955 64
6 71 196609 177
26 80 16307 363
24 79 10620 375
76 5 66543 145
85 45 20266 683
23 61 22761 218
14 30 16638 38
34 32 5225 89
90 50 37274 181
47 32 20656 41
53 90 4588 258
46 33 15984 36
9 73 15896 271
36 34 9802 41
69 57 9425 86
50 93 61069 85
5 18 9928 259
89 52 31294 263
37 46 10649 239
75 52 28327 398
32 43 94038 236
89 76 38406 111
78 19 34572 135
92 65 16279 159
74 15 17000 117
74 7 77006 164
9 32 30650 28
55 13 10436 24
53 64 7546 39
27 54 89316 166
40 39 56599 51
74 3 12677 49
88 97 23923 76
22 26 26158 458
21 8 5131 255
29 32 13925 565
99 70 44524 820
79 11 17085 263
25 77 2726 50
56 54 4221 537
93 10 37505 35
31 90 20117 729
47 15 30857 70
81 9 19697 122
21 5 57352 134
40 82 122241 399
39 66 3921 80
90 52 7382 23
54 38 34706 29
16 32 4323 199
16 1 65561 145
54 16 5048 172
64 70 13963 298
4 89 18311 297
24 4 5614 122
86 23 60014 44
6 25 33020 61
73 74 81615 57
73 31 17159 228
65 28 5463 165
48 73 10448 331
52 53 20926 469
42 21 21198 208
75 86 54435 47
62 38 17592 265
67 100 13555 382
4 51 4924 232
8 63 37794 711
53 46 93454 278
20 94 40114 576
22 19 21425 115
88 25 54540 264
4 59 11796 54
54 33 16760 66
15 82 31467 146
35 63 9277 49
5 17 169941 119
73 35 66846 30
63 42 85468 214
16 11 21272 548
50 33 15041 110
29 83 70897 29
99 64 17964 453
65 50 62980 254
40 20 6905 99
99 23 4885 29
22 53 16478 183
46 95 20023 81
33 17 35109 36
57 77 112606 886
1 65 74647 208
71 23 4923 453
80 96 49965 138
28 10 10224 1146
10 18 28511 70
52 24 8836 1750
97 77 144983 613
34 90 14108 147
90 7 45943 36
46 1 57380 567
75 55 97371 712
30 69 5778 309
94 100 15832 308
40 51 29123 290
71 51 33779 72
78 81 17662 192
44 28 10652 118
47 82 16620 553
66 19 63452 1219
97 86 49221 1208
1 8 8092 159
15 81 233254 46
100 95 20893 269
74 40 28034 868
41 91 173667 216
76 80 12986 74
53 58 15435 73
40 2 26899 23
52 50 4394 35
80 48 37137 149
87 47 9411 160
31 48 6395 42
20 22 22773 40
29 64 744 260
24 28 34752 516
83 75 18253 204
78 64 8043 53
20 83 18854 47
96 83 15025 333
20 34 23325 90
6 66 14559 591
12 67 14712 408
31 97 4374 54
26 22 3618 130
30 67 134668 181
20 53 21619 884
67 18 16310 39
17 3 15885 153
75 71 20530 147
75 85 27197 199
54 84 264022 277
31 55 7073 100
38 90 29158 54
67 88 14206 150
65 80 12224 28
14 38 22308 90
51 44 25155 399
60 19 35064 357
46 91 3368 228
29 99 30879 404
59 31 50776 20
85 16 26287 146
52 26 14316 17
13 80 87002 124
66 26 85257 768
35 61 103869 31
23 80 48807 33
29 67 9818 240
46 48 19227 638
31 63 15374 79
69 15 6398 945
54 19 35167 104
20 2 41273 93
22 21 9863 97
90 12 6585 38
99 88 34785 342
53 11 13254 299
7 32 44742 101
71 76 29905 136
13 52 10510 297
40 38 70333 96
96 13 11516 74
93 2 53435 14
12 3 154006 399
4 19 52346 83
24 41 37475 128
12 39 51846 117
54 24 19139 64
59 5 39055 39
1 31 11156 115
15 60 18614 149
3 84 46642 103
46 38 8257 420
83 2 6874 195
82 71 182739 154
96 24 10876 117
74 42 10013 274
75 46 17860 48
4 27 6452 147
52 8 102490 129
1 38 23727 156
100 45 64412 559
28 57 97735 891
63 3 3969 1360
59 53 16303 50
80 81 5046 129
52 70 4207 48
21 47 19622 41
29 37 1238 566
99 20 50516 1097
34 4 56292 1194
19 55 28910 53
4 50 115981 97
38 35 3972 95
77 68 29143 303
50 1 53609 36
31 77 13639 120
14 28 6819 122
42 66 92386 54
84 23 25693 31
65 60 39432 47
57 6 44455 11
16 79 12529 429
11 1 15419 50
100 77 8989 414
14 53 12118 36
34 65 46899 34
44 99 21567 1730
8 78 65540 172
58 13 136711 50
30 35 45130 51
80 88 176098 143
94 12 11032 365
85 29 74688 51
64 35 683600 146
41 40 4916 355
95 70 27101 133
92 37 36242 70
54 12 20223 29
47 78 43566 256
96 84 234270 14
86 24 15531 609
90 4 21118 70
80 78 15149 116
45 100 45000 60
12 24 32271 54
52 7 21784 51
37 47 69537 83
26 63 2854 245
3 80 175794 67
90 85 53218 231
96 78 16821 1222
58 8 132036 28
22 70 24489 16
24 6 15340 261
95 63 46207 138
29 97 151861 102
83 93 18400 181
89 72 2998 62
67 68 12984 164
99 10 77011 175
25 96 47198 102
88 96 27977 174
65 66 18970 842
99 77 78006 43
67 30 3570 79
4 41 2579 175
73 99 2422 129
45 49 4096 103
69 43 29691 87
17 42 23341 595
31 27 49050 274
73 77 8386 44
28 5 8195 192
92 56 11724 81
49 29 83135 78
40 48 19571 274
49 64 13313 231
20 79 12358 57
31 87 3749 636
17 23 41000 301
8 23 7795 133
83 19 12991 558
45 1 35027 228
40 89 7938 484
75 51 7384 251
94 74 82392 111
12 83 25822 73
79 97 95900 758
34 9 9200 159
57 46 5689 133
5 52 47188 94
98 41 25085 220
53 60 87929 189
94 23 43563 258
38 74 28548 24
49 32 16496 102
100 54 19051 345
96 10 196617 459
65 54 9057 82
65 88 4470 434
31 30 33936 486
20 80 22454 71
43 38 67381 51
83 50 148645 558
53 75 11159 236
69 78 35067 80
25 92 5205 440
78 7 25861 87
23 5 55739 94
23 99 150157 105
66 90 16394 477
22 51 13758 258
8 38 7314 108
58 10 46899 45
91 9 19945 199
90 10 22031 741
15 66 178061 114
22 97 35086 393
15 98 109345 143
70 55 26344 1272
31 67 25535 159
71 48 200395 195
42 82 22476 385
60 71 1679 61
72 15 142654 58
79 52 48692 79
1 5 8583 144
58 80 20153 45
29 79 118752 102
31 43 13919 62
37 5 35759 77
22 40 37693 46
86 76 3022 179
15 75 129598 438
32 99 26591 495
53 82 3919 237
79 40 60055 82
19 92 13577 37
74 31 19628 2740
92 51 13020 174
85 86 42940 115
33 78 7904 797
23 81 5058 440
16 22 77181 184
92 57 2511 254
49 38 37816 153
10 20 20767 412
32 98 11985 57
27 35 183460 61
12 78 29117 55
58 24 59784 85
16 15 28131 697
18 59 8430 89
7 40 18400 84
92 98 17631 229
60 56 70983 88
97 96 39497 127
88 93 33168 99
99 65 9389 58
33 4 23966 24
77 1 5376 62
46 87 9170 31
11 78 49370 91
7 84 242194 344
1 30 41289 76
3 68 9842 307
53 68 120854 194
84 38 126948 62
65 7 101402 444
44 77 1000000 304
91 52 64504 1172
88 70 37572 1009
6 49 61454 119
95 97 23992 634
77 8 64862 204
88 26 640 672
83 84 23654 33
70 3 73071 122
88 80 105529 290
82 2 10849 891
51 95 40200 24
2 23 19734 114
33 70 6472 96
77 91 4803 75
25 89 10675 38
88 82 38369 21
89 28 51288 117
22 94 16457 63
8 20 40409 518
62 10 17187 40
27 1818
31 77
22 90
38 167
80 1062
78 873

96235358
