100 499 3 3
76 44 14832 95
76 61 43253 248
76 27 83802 115
76 67 13865 92
76 61 8642 911
76 57 45231 234
76 1 8593 208
76 50 33985 186
76 94 30202 276
76 86 12215 10
76 33 3960 84
76 1 41069 92
76 46 117714 433
76 28 34443 419
76 48 31205 88
76 23 4017 44
76 38 8917 225
76 97 28604 962
76 49 10914 1427
76 4 13700 267
76 67 17942 137
76 60 12645 146
76 47 21887 189
76 40 31842 124
76 17 8630 371
76 90 13959 598
76 21 9693 141
76 69 9368 1181
76 71 3957 278
76 21 57983 340
76 29 10181 86
76 93 14743 265
76 50 10474 79
76 47 8773 59
76 51 9663 214
76 45 11577 52
76 98 11785 22
76 34 6254 30
76 77 12483 48
76 33 15648 143
76 21 12432 368
76 19 2933 101
76 91 94638 86
76 22 11716 970
76 6 31895 155
76 47 15786 29
76 91 30429 318
76 53 3582 101
76 22 31064 42
76 56 24363 302
76 39 6401 188
76 33 7311 100
76 67 7993 282
76 91 7895 28
76 71 27594 185
76 100 83510 527
76 26 28181 289
76 75 22463 1551
76 27 10920 173
76 13 38484 31
76 86 121610 219
76 75 10780 58
76 89 102108 276
76 42 14536 42
76 43 53993 1598
76 33 2308 344
76 36 26467 430
76 37 7925 113
76 91 20606 203
76 25 54430 110
76 9 15646 108
76 100 2775 371
76 26 15197 42
76 83 31859 341
76 12 29965 104
76 68 41922 294
76 93 9566 302
76 19 2242 220
76 39 20362 131
76 35 37613 723
76 12 62961 62
76 67 31868 333
76 38 5440 267
76 12 51751 24
76 21 12258 132
76 60 55566 109
76 32 31414 146
76 87 2998 466
76 97 70050 104
76 27 9327 135
76 6 18810 158
76 56 16472 57
76 23 22675 21
76 16 12069 100
76 41 8702 1324
76 1 22055 116
76 27 19680 268
76 98 22827 247
76 37 11664 172
70 85 12969 642
45 93 5698 185
13 75 10357 110
38 39 10384 158
86 4 9407 18
2 25 41293 145
14 31 10362 89
6 38 11920 52
70 92 16147 104
16 27 22128 47
71 96 34970 311
19 81 9028 66
27 49 47249 126
81 65 14261 124
73 90 23387 362
44 50 12668 306
100 29 259756 289
46 76 52528 581
6 8 41336 448
4 48 15802 91
38 88 17512 41
75 93 22668 80
51 86 23934 51
23 11 45243 213
47 8 192339 303
33 47 19158 46
92 44 17078 301
49 47 7078 42
1 2 15373 250
77 28 43982 63
31 70 19525 65
69 40 4976 403
83 5 11704 639
80 98 38924 370
16 95 27724 184
69 46 2134 24
7 55 4090 504
18 71 19742 52
39 95 6063 83
23 46 4246 545
4 84 33449 55
83 81 108199 275
82 75 7252 386
33 23 47038 133
51 38 50056 24
30 63 34369 329
96 7 10002 82
94 56 66113 174
50 2 32028 94
64 74 121042 308
10 39 3103 26
30 46 24901 637
15 84 52185 109
60 26 6176 130
21 98 9635 53
27 11 28575 249
50 45 10128 1047
97 78 77333 630
37 72 17108 221
20 76 36919 57
17 37 10385 144
72 48 114093 276
85 14 17647 121
52 62 7012 31
32 15 18265 1133
52 96 12959 59
98 56 37231 314
58 82 38915 265
86 6 122778 21
34 67 8311 34
70 56 52081 84
11 26 31229 40
71 31 8492 121
59 24 8941 30
47 91 9278 491
46 28 12551 369
87 39 17054 499
41 74 9218 262
17 53 16451 53
46 60 35477 111
29 57 3943 165
8 37 41393 149
27 45 9292 145
43 52 39859 126
52 50 99120 235
1 25 11423 87
78 23 33233 186
62 47 13459 132
64 82 5309 198
67 93 55336 207
68 75 59643 421
38 20 37464 106
47 33 23769 311
65 5 163143 122
74 61 12209 34
23 57 9043 192
54 36 40012 106
99 42 10255 35
54 22 15785 156
8 73 39795 261
66 9 47165 112
58 77 58157 104
71 63 117913 415
36 99 26971 136
12 78 60387 612
15 20 3491 96
58 66 31487 765
84 32 10074 97
31 36 15115 555
31 98 88635 30
32 27 16295 364
1 64 100911 155
37 77 21237 471
95 75 8085 1201
99 72 26801 23
62 68 24203 56
25 22 10915 173
58 87 29622 317
38 35 80503 71
6 51 9890 33
22 6 21731 201
91 92 64208 269
81 94 39940 60
29 9 24404 318
56 50 20470 8
27 69 43469 649
45 53 98727 104
29 53 6229 62
98 26 55393 63
63 21 10715 61
94 14 12018 82
33 59 66438 586
63 1 47046 51
100 11 29558 237
43 1 39734 185
69 13 9045 137
48 29 13280 360
30 6 361396 166
32 98 52932 847
8 76 5734 88
83 42 9597 67
25 30 24129 696
97 94 29979 246
70 76 8481 198
40 23 6632 35
76 78 11023 78
86 52 54546 227
59 73 12315 150
40 79 4798 87
100 50 36201 62
39 46 66693 38
85 67 58882 129
99 89 2005 486
17 34 17356 866
9 59 17107 102
82 81 179792 152
72 70 19372 220
46 82 1049 716
25 77 20824 318
51 68 13317 41
27 21 116245 134
39 57 16093 180
20 43 7457 214
42 73 34529 817
82 24 17242 185
63 88 3394 54
31 83 34721 454
41 42 3058 114
85 71 44194 154
75 38 25069 464
95 30 10445 89
39 36 5215 115
18 2 25118 99
29 58 37958 358
24 36 43291 186
95 38 3421 466
92 13 62809 19
89 58 21771 414
20 55 16874 40
87 68 42555 184
14 20 38671 29
19 62 62291 59
68 91 19788 68
4 91 27212 74
83 75 14060 294
79 94 24983 172
59 5 15640 200
10 74 18351 646
21 75 21898 380
68 86 44245 1936
60 5 16589 86
90 70 9752 177
1 13 17414 159
89 26 5973 223
36 38 9549 68
54 15 39375 92
53 67 4995 33
48 36 15791 70
88 76 13722 11
49 99 21214 251
19 20 8984 74
86 3 22535 129
7 21 173579 56
49 57 58990 388
83 69 1908 142
49 50 14105 258
90 71 85616 108
24 15 27244 524
21 78 18006 96
78 88 10939 121
81 48 40410 604
57 96 11950 1089
70 53 10526 229
100 53 31812 160
90 92 54109 185
29 59 19215 97
63 96 28432 513
86 14 14332 44
38 24 108409 644
23 24 55265 38
50 44 19782 150
12 23 51260 98
55 16 42993 493
60 80 28498 1243
93 75 62337 66
36 60 33212 84
34 32 8335 109
67 88 6043 93
59 83 12173 190
3 18 24914 85
40 67 27618 546
8 92 99168 195
28 58 36674 462
32 80 20420 80
15 64 28091 144
16 65 16340 27
28 7 21755 110
78 100 108147 130
4 79 34059 88
25 18 12853 162
65 59 64699 107
74 66 10346 246
8 82 53229 130
5 52 9266 808
54 77 56600 26
66 77 7143 1303
28 84 39402 98
39 42 13371 68
93 60 121518 68
12 17 3343 184
74 8 98249 635
48 22 20667 19
66 61 23668 128
11 88 18805 37
6 89 23841 261
11 62 14695 266
45 39 23194 863
45 52 80946 239
60 78 18187 99
70 24 2703 263
2 92 30702 36
17 97 11204 85
19 71 34277 30
72 53 5286 108
48 25 39821 59
3 58 10681 36
78 1 14325 12
52 38 46468 514
100 37 11694 655
44 35 24256 229
75 16 14844 51
82 19 33171 485
30 98 46663 79
81 23 37013 673
32 4 40903 117
31 5 16386 361
84 85 12719 610
49 31 11997 215
57 87 8436 161
1 68 15521 115
63 65 5706 521
23 96 8628 134
18 46 29623 14
79 70 34721 117
29 77 1854 72
71 48 25409 141
61 36 20984 254
29 91 1828 237
73 85 7312 147
49 88 8611 2032
81 52 13735 251
59 33 8091 720
45 19 9862 26
62 73 18356 9
61 27 12391 104
34 61 47057 94
6 88 57104 104
62 78 78648 140
25 15 35557 276
22 61 14371 88
58 45 9334 89
16 59 25549 272
13 60 22387 258
14 43 14454 439
25 79 72071 1217
11 41 74442 143
11 76 213529 52
68 47 17175 76
42 94 52682 143
68 95 31633 148
87 24 19414 451
23 97 43551 95
17 71 68400 378
87 47 39717 73
65 31 9356 358
83 7 13872 229
17 92 52753 112
23 72 22431 56
58 14 17860 173
67 99 9833 119
51 75 12901 240
85 51 5782 2469
62 34 27701 162
71 53 33588 140
23 16 7445 161
20 56 33766 313
55 31 15036 115
83 38 21242 158
5 70 11606 19
48 17 5108 42
68 32 8567 94
36 56 9211 197
5 79 35467 42
1 14 45930 90
31 26 55269 9
36 85 8416 1346
64 5 37089 484
45 94 24932 33
54 16 57927 820
47 62 6055 81
99 14 2058 370
13 36 55898 263
44 57 23890 77
77 1 17836 111
48 3 23072 241
63 16 47533 196
28 64 23307 37
14 8 82428 244
51 76 11316 96
14 66 50106 319
15 29 56159 40
54 63 66013 703
50 8 26082 63
63 33 56441 112
88 58 7211 1848
7 98 1369 309
98 81 51947 278
43 26 19961 36
41 5 3139 716
61 26 15584 247
30 28 17508 683
60 83 22316 51
18 68 11778 65
58 31 72821 26
81 62 18082 371
96 73 8368 862
80 78 219891 116
42 43 30325 48
97 68 20053 244
1 87 3583 452
32 60 62889 353
10 62 28374 517
93 96 4802 143
98 76 24450 285
84 5 19611 62
74 62 30373 106
48 71 5384 750
100 69 86178 11
29 82 31694 480
90 17 12556 274
9 63 7175 455
94 68 24642 404
82 57 42505 139
76 30 77843 356
48 5 10655 335
98 68 7479 160
85 34 27474 2341
47 40 4179 108
50 81 8214 811
28 79 40760 386
39 91 7184 287
83 43 11463 87
9 66 10685 219
60 4 85077 266
68 37 32111 272
16 10 8825 63
47 93 23374 1044
14 23 99888 277
10 31 8729 183
60 18 15908 115
76 3232
83 32
48 32
75 1022
91 1924
68 459

Impossible
