100 499 3 3
46 14 8184 217
46 55 31398 194
46 80 29036 76
46 95 35371 325
46 48 137663 63
46 18 169364 115
46 84 24941 70
46 85 12946 74
46 70 27208 48
46 27 7630 188
46 40 40584 52
46 77 14240 47
46 75 94837 604
46 31 58645 130
46 73 11546 87
46 91 25666 91
46 22 6892 205
46 100 6436 104
46 54 28094 81
46 72 72833 210
46 98 1817 358
46 74 35922 19
46 57 14002 69
46 56 7600 413
46 39 225396 113
46 35 20512 327
46 79 11034 62
46 21 43747 178
46 61 8630 88
46 83 31187 34
46 63 22956 88
46 66 41056 108
46 78 76685 178
46 1 6590 1112
46 64 4702 68
46 90 31657 203
46 23 7318 86
46 7 22890 100
46 25 36949 47
46 10 32143 317
46 41 3963 133
46 11 55425 58
46 92 16195 135
46 4 35245 258
46 9 93047 51
46 15 5881 202
46 88 12080 470
46 71 46934 91
46 59 56483 228
46 65 9337 43
46 26 28754 195
46 43 110084 605
46 12 19557 43
46 33 2921 425
46 42 24178 142
46 52 21706 38
46 62 131087 100
46 86 34104 170
46 5 19117 50
46 50 73070 372
46 3 6307 103
46 69 10126 500
46 44 4960 156
46 49 10983 23
46 89 15519 121
46 99 6372 38
46 16 27376 81
46 20 28893 112
46 17 5261 45
46 94 11647 133
46 8 12428 502
46 28 189762 37
46 34 32282 271
46 82 6755 247
46 38 2194 250
46 19 15400 261
46 81 29368 235
46 58 9381 37
46 67 140967 172
46 30 16364 133
46 60 9627 37
46 6 63227 7
46 37 5966 291
46 51 38603 206
46 47 6799 74
46 36 119190 18
46 24 19306 345
46 32 11330 369
46 96 70706 62
46 68 17072 396
46 13 23672 7
46 53 14415 278
46 45 89434 279
46 93 405627 81
46 76 334049 126
46 2 81507 255
46 29 24945 260
46 87 165565 51
46 97 80949 366
82 85 10278 43
85 34 45670 123
37 69 38340 43
4 90 18593 256
89 96 12567 144
77 27 10442 75
77 94 22672 73
73 40 23559 413
52 4 28575 171
40 100 30864 13
99 89 18045 403
83 37 38307 50
76 92 50395 441
37 54 21913 222
73 78 106045 181
49 36 8466 514
84 9 66285 212
59 58 35982 440
47 72 49033 250
65 58 83412 319
71 51 3879 124
17 27 24842 47
51 69 29450 280
34 93 6494 45
66 31 16589 283
78 46 23409 37
85 68 26260 88
98 52 8417 811
100 68 26666 96
55 13 7334 72
22 52 15381 173
11 80 10965 67
34 48 8473 59
74 69 28704 553
39 13 16634 742
28 76 12850 115
75 31 17741 187
62 9 75237 250
59 21 12385 226
67 65 45359 432
75 99 16286 174
27 43 44334 425
68 56 10260 39
60 54 67503 154
33 62 37393 216
25 56 15959 238
14 48 11016 82
84 96 24198 17
60 28 7501 243
27 86 53887 69
54 29 239236 56
60 66 3737 157
59 29 99692 424
80 53 113756 45
87 91 13519 437
6 81 35216 52
52 33 7059 179
52 59 10870 352
1 91 35505 554
82 74 90112 91
98 21 26739 76
36 8 25428 1014
70 68 21723 20
21 76 19669 173
18 24 66008 272
79 90 17202 87
97 8 114544 60
91 53 17107 46
77 39 17873 71
43 96 153320 72
19 73 20044 103
77 46 82807 226
77 24 28630 31
85 56 11194 30
11 63 1853 37
65 53 36961 255
36 39 33894 175
72 16 52916 287
76 62 33423 182
2 76 6600 204
41 91 47955 353
91 94 12529 98
42 46 87250 75
76 11 34818 372
75 67 8333 38
20 42 23558 70
64 32 5329 271
75 71 18041 459
57 49 15571 157
96 56 112151 152
62 54 17659 73
83 41 109896 57
67 7 135388 34
24 90 5760 159
59 9 26111 133
53 58 18785 67
57 39 418204 260
10 27 11091 201
72 99 33606 207
64 80 98423 23
55 69 28288 45
19 82 99271 987
84 77 8343 1757
47 82 71224 100
13 44 36765 140
24 18 65656 94
60 21 45475 98
58 53 26087 89
21 55 31268 15
37 72 48233 459
99 39 18757 83
60 19 13441 117
4 47 3700 90
4 12 7633 337
75 68 15322 802
86 65 7201 192
73 72 15979 35
67 82 21423 245
99 54 74170 164
59 92 16910 75
54 94 6785 41
97 85 16756 239
31 54 4825 90
26 5 6740 288
57 35 10876 544
91 66 52653 285
1 51 17585 134
28 46 52961 259
77 2 36391 375
6 26 57861 56
84 48 69741 71
66 39 78796 39
7 35 4717 80
99 83 3396 557
72 27 18620 82
73 37 26660 224
88 54 10072 137
80 94 75367 260
36 65 20697 77
15 86 22461 23
55 44 3232 149
5 35 3509 307
80 96 13986 176
34 26 125958 175
59 34 16129 92
5 95 11569 56
18 9 6156 430
52 24 29568 421
72 23 44048 1457
95 27 29567 799
56 96 31586 152
57 25 29551 316
69 19 8897 98
45 71 78735 163
75 74 70118 121
93 13 6049 25
26 25 19232 61
24 14 45082 301
12 6 28483 81
75 79 4574 288
98 7 43753 221
76 31 20475 73
25 21 34071 1022
43 90 8531 213
100 28 3233 118
18 59 16814 42
29 49 70757 132
81 63 25695 159
32 13 2497 579
42 49 67758 129
41 75 7651 34
29 69 187775 261
21 11 3333 146
32 99 12040 81
54 36 9832 61
26 6 50754 135
14 98 16198 9
76 6 30989 260
65 18 10552 437
12 17 29475 30
3 87 39774 113
96 35 24243 398
51 53 10846 293
55 98 18132 189
11 79 11838 212
27 5 138747 151
24 17 11613 453
13 63 24114 68
83 26 26202 291
21 59 14146 72
90 14 39811 243
83 14 24240 115
27 52 129366 89
90 67 63630 423
36 23 40372 41
88 46 8752 376
45 44 103591 47
22 74 154321 77
81 15 51889 165
21 5 34817 181
37 4 160535 345
65 21 5432 140
47 70 22990 66
20 1 16356 340
81 65 40125 294
43 100 38636 78
32 25 14594 309
55 4 7583 171
23 85 40661 214
55 78 1689 190
97 79 42746 173
97 86 19293 215
50 70 2740 166
90 30 48288 814
28 20 38154 144
48 73 18804 195
86 44 24291 123
54 27 14086 286
65 52 15461 224
64 73 10335 327
23 46 44011 143
47 44 25522 16
84 97 16261 766
32 61 11849 69
5 63 59287 930
64 41 3388 161
44 97 46873 122
78 44 44763 135
39 42 11382 450
49 69 40475 403
44 78 106893 78
89 65 15905 55
77 5 34206 1088
24 40 53883 422
26 99 93801 143
5 56 13253 255
45 55 6709 395
62 75 1519 1632
8 10 3322 257
1 59 11099 107
93 81 37175 456
97 59 54562 32
73 31 18120 81
60 70 12932 148
47 15 5744 244
92 83 17847 100
91 72 42524 57
69 95 40268 72
88 6 103807 88
23 12 12993 35
10 49 21741 73
25 79 14015 367
100 70 4724 693
10 31 11466 82
3 70 16922 564
71 70 3385 216
73 70 5188 327
99 85 21115 31
73 84 31418 94
40 63 25916 627
7 63 11520 102
29 38 38267 165
91 64 14266 106
86 90 20718 96
73 69 72667 163
38 53 6116 423
86 80 36545 338
8 15 44989 416
76 1 36350 170
29 55 34339 1165
49 98 15218 194
72 5 46415 122
65 3 54053 334
88 10 7389 291
33 91 67515 427
61 97 20524 1520
64 89 13642 498
33 42 293600 88
10 35 52267 289
37 16 16000 853
37 35 69584 120
54 59 14566 1461
62 37 17140 376
9 25 27266 50
14 33 18938 431
21 82 14077 301
71 95 46626 263
59 63 37195 397
83 65 8363 224
31 8 57231 461
62 20 61510 105
93 28 4979 200
14 39 12249 79
82 79 13070 20
68 53 20865 33
2 52 45764 52
21 45 32731 142
38 78 97978 154
57 60 122988 182
28 2 43368 115
61 95 164577 78
48 29 129930 419
95 88 217334 396
19 17 8392 149
35 58 50800 421
27 67 17196 729
5 3 5073 173
30 35 37617 75
57 26 13865 143
67 5 5974 137
55 65 16115 118
98 2 427988 182
100 45 6306 174
84 31 18264 127
51 77 134158 114
45 50 80784 287
5 9 14351 315
65 83 23332 31
67 43 14144 309
73 95 17391 441
90 95 12395 585
76 54 35990 35
78 33 59969 297
10 3 32587 205
95 16 44876 322
69 87 16713 55
40 7 32773 218
34 50 5144 308
21 10 14123 20
60 3 8651 70
44 82 14189 255
40 19 13104 92
27 75 39755 458
57 42 80216 47
7 30 19377 33
92 94 5551 110
24 81 9553 93
40 98 24884 156
58 10 2330 107
16 86 8414 46
59 30 55744 422
34 99 14751 190
38 36 135441 1356
65 69 12989 67
80 56 11138 258
56 50 15026 391
91 21 18642 23
27 33 37649 129
23 76 19657 182
31 85 13279 77
83 20 9888 153
18 40 44361 108
15 70 109622 33
5 44 13694 109
7 88 11787 348
4 31 13934 167
42 8 8653 203
67 61 66458 96
29 28 10142 31
12 8 89173 59
14 7 31696 152
60 6 44532 235
69 78 12941 658
76 2 25574 154
54 99 19951 353
19 35 34675 582
85 75 8269 152
38 72 5795 708
44 76 11172 78
72 55 13041 123
50 99 27913 96
79 85 31033 632
20 83 47700 408
97 84 12907 513
56 87 20928 615
20 43 14903 69
19 64 38235 95
98 44 11214 96
21 90 51417 40
69 34 31592 4071
56 85 5771 23
26 89 21425 268
89 62 180724 514
72 28 144871 542
5 17 144939 42
35 83 124972 59
100 49 69836 99
11 32 8477 94
41 86 32760 105
44 81 14506 61
83 25 85533 78
1 36 30234 192
56 94 14112 143
92 35 35054 112
47 67 28731 89
14 50 1067 392
62 66 18546 78
68 88 17907 89
100 76 16558 170
94 39 2622 454
46 396
73 36
21 144
35 34
70 151
69 74

2926041
