100 499 3 3
70 71 19013 391
70 48 23426 53
70 71 182295 246
70 92 20187 280
70 47 36371 68
70 24 27320 167
70 57 8374 278
70 23 10918 265
70 40 11325 197
70 95 4013 123
70 73 61411 280
70 17 11519 52
70 18 11028 488
70 49 13140 589
70 67 14138 83
70 12 41601 878
70 17 66009 164
70 54 12469 401
70 99 46837 39
70 17 21625 120
70 23 33715 17
70 48 2441 504
70 46 17870 70
70 89 32100 263
70 6 50142 119
70 65 89403 301
70 60 2491 23
70 69 1559 651
70 78 25803 94
70 13 46659 44
70 10 6803 841
70 72 15829 84
70 75 36804 39
70 53 8849 19
70 41 10509 36
70 72 75202 332
70 83 27780 549
70 43 29171 650
70 100 21741 102
70 80 19832 29
70 42 20345 90
70 95 4034 291
70 10 23138 115
70 80 15888 53
70 67 9999 40
70 23 6790 395
70 6 7028 111
70 11 11748 35
70 16 13949 35
70 55 143035 71
70 9 89346 474
70 99 65938 443
70 78 4672 145
70 57 77827 21
70 23 35659 63
70 98 6738 136
70 71 27964 131
70 30 716 92
70 80 9108 292
70 49 124050 341
70 56 20898 180
70 58 68912 152
70 15 14933 269
70 82 51039 496
70 52 25288 137
70 17 6635 316
70 15 75447 106
70 72 10629 9
70 95 46812 112
70 47 5351 183
70 50 21936 35
70 20 14716 156
70 48 188718 74
70 58 59344 168
70 96 25925 132
70 73 45478 19
70 81 5553 113
70 23 31797 69
70 67 27584 39
70 28 23445 99
70 3 63097 318
70 19 14363 180
70 51 11339 103
70 3 27911 246
70 26 56016 71
70 19 12273 63
70 47 22961 1102
70 66 38710 393
70 20 7034 8
70 95 31644 58
70 71 12288 380
70 98 32908 230
70 19 13735 228
70 89 19375 146
70 21 5526 144
70 47 46955 94
70 24 62076 19
70 26 8020 145
70 15 26631 349
82 46 52453 22
1 39 68624 605
19 76 20792 269
84 73 26495 43
23 2 51097 473
65 61 21060 365
2 57 142639 77
74 14 17755 229
45 56 22411 259
20 76 6892 54
8 59 49544 777
94 16 10553 133
7 8 15880 60
46 50 31350 526
82 99 27698 180
93 72 13933 424
64 89 17792 134
17 82 105918 101
97 87 4232 17
40 15 10763 30
87 72 37310 186
80 9 43382 27
43 69 8804 35
31 67 77682 44
69 43 50783 294
21 52 106614 1218
19 57 47098 183
78 85 13936 54
25 93 25994 72
43 1 80926 165
93 76 18718 67
85 7 6269 913
1 19 29955 124
9 54 3903 578
18 41 118130 121
52 58 25923 576
66 30 8188 135
98 94 11906 64
69 96 15914 172
44 31 1811 28
93 68 5856 184
100 80 74509 273
55 34 18448 493
18 71 81506 109
13 46 60059 86
74 50 5103 265
10 91 96787 105
85 38 12476 137
66 99 6316 155
90 36 10860 136
62 11 19178 289
86 5 5638 163
44 54 21747 48
66 16 81970 86
19 52 80520 416
20 93 146945 232
92 54 56721 286
11 94 7361 96
50 75 23564 86
42 63 116404 47
26 88 50547 112
21 98 30409 16
38 95 13570 192
96 95 47336 740
53 91 78372 162
10 62 33456 232
90 71 76084 856
50 51 31611 197
88 19 1939 432
100 32 26199 99
33 67 18220 156
87 1 3621 46
89 41 13173 161
10 56 79992 152
100 86 77841 180
99 73 50739 141
37 60 5404 111
50 91 22357 376
63 71 4860 47
45 75 90241 61
31 35 46462 96
93 94 13684 416
19 50 10622 55
17 66 4319 516
12 69 14117 364
19 54 13334 459
64 10 31982 43
1 81 15997 41
54 46 26152 191
70 45 11270 11
31 18 57475 80
7 92 84127 150
47 36 4593 211
85 81 61613 303
60 77 14394 113
14 69 2688 14
61 23 5893 177
63 35 31286 386
46 20 2071 45
10 94 44573 191
44 51 21572 223
3 24 7172 75
30 26 3740 248
83 91 104079 203
17 7 49418 38
24 19 34615 315
14 36 6562 342
55 66 33000 126
42 99 79845 214
65 88 2181 220
16 37 32175 139
78 11 8155 48
39 54 3514 648
34 94 53074 515
56 72 41504 89
8 36 12985 140
29 70 21001 131
74 79 42147 97
29 26 15941 28
40 28 3573 219
66 88 24347 199
44 91 11556 1215
24 14 45388 96
99 32 115234 213
25 8 52406 209
3 20 4195 123
63 31 101121 432
70 97 5200 461
22 34 17588 691
12 70 158912 72
40 49 16966 47
38 46 10947 8
52 99 14902 180
20 42 10836 48
6 77 36011 183
92 24 87859 101
3 41 4940 706
40 62 8723 156
8 25 60486 127
26 1 15596 214
44 70 31730 26
97 47 20727 154
40 100 3679 148
52 5 43811 235
22 88 51150 18
78 35 47368 154
28 94 29319 331
64 50 101282 131
70 85 15366 75
100 24 30430 754
48 24 26590 57
31 46 19585 50
69 64 54637 274
53 44 38311 58
43 80 35890 111
52 33 11276 18
94 10 22962 97
72 8 48423 80
96 84 11434 260
15 75 41443 59
16 25 36521 475
28 85 17699 327
63 93 21659 25
4 68 74128 200
5 71 20120 459
55 43 11584 169
40 97 27139 183
5 94 12823 138
12 77 49083 465
6 91 76415 394
95 26 30304 146
18 42 89489 90
8 10 34149 104
39 5 9572 340
83 32 99146 34
19 79 24410 188
22 54 133545 123
10 88 98420 2273
99 80 26124 90
46 26 43148 356
80 47 122094 271
19 23 4344 215
58 43 101774 150
72 88 20239 130
98 39 71316 126
95 67 20256 455
24 13 40532 55
71 1 15599 69
79 17 12812 103
79 85 13307 691
34 26 79365 99
46 84 57189 75
48 10 79468 320
41 27 48767 1056
80 62 16958 205
84 21 10033 158
45 27 30212 109
19 62 24748 259
87 15 6793 231
54 6 87036 54
88 81 12652 280
67 64 57221 115
72 77 215544 67
24 74 52163 16
81 15 11223 69
81 89 20720 87
55 54 62117 78
20 51 34254 69
16 20 102356 1198
98 37 143922 37
74 3 9811 49
71 43 9149 97
77 95 6607 56
47 74 33866 148
5 95 22798 51
76 55 16004 79
93 27 9661 86
49 15 15668 148
78 51 32741 14
39 11 32789 105
4 26 98906 824
11 79 18949 50
77 34 75767 103
77 53 3618 83
66 69 4630 232
81 95 28314 196
52 70 31643 62
89 8 17807 227
82 85 12885 14
93 98 28293 83
35 27 7987 324
62 41 17322 285
91 29 24756 17
14 26 78303 316
78 62 9402 1239
28 49 197850 177
24 93 38965 109
35 8 49877 52
77 4 42400 2244
90 79 21001 945
74 24 62095 178
82 87 8881 293
56 3 4763 152
87 26 12032 62
78 14 39591 86
59 40 2366 234
8 64 5636 402
96 32 11264 243
86 44 62313 266
12 13 24657 224
67 24 69154 44
71 4 15157 164
8 93 83108 115
66 64 8025 110
41 87 22680 325
71 47 6864 26
58 45 17537 99
91 42 13973 53
20 22 7881 203
37 51 9994 349
100 75 6170 264
27 11 61085 147
82 49 70057 20
58 55 8070 45
1 78 14653 44
56 76 33620 67
73 40 13924 340
40 71 4724 68
80 88 13909 266
45 100 33320 192
37 33 20589 237
45 84 3851 35
28 56 7045 102
72 59 38133 162
17 11 18000 242
28 96 21158 905
17 34 9757 120
8 19 22479 40
32 27 17804 100
54 49 6058 140
63 96 1441 135
54 92 62668 148
50 65 47786 194
63 29 67318 262
82 48 14549 136
99 28 32953 106
41 58 14566 245
29 78 22253 159
6 74 43986 58
89 7 18410 25
19 14 38067 14
30 56 31462 267
14 33 67948 38
93 80 34651 191
16 48 27999 229
3 30 14490 40
64 31 4955 74
60 66 7390 55
10 20 21037 186
80 18 20315 365
6 41 30702 105
25 6 5795 164
20 89 40364 329
11 2 17602 81
94 90 33785 416
19 70 67297 791
39 40 59197 344
1 85 38402 27
13 25 2845 22
39 63 30285 361
75 53 68527 111
41 56 20716 492
77 37 35060 618
49 43 16782 203
35 45 69253 37
15 61 19246 24
57 1 61095 222
63 88 32612 464
17 61 18992 237
86 34 9740 442
5 35 170168 31
59 45 56254 310
10 3 6776 150
3 55 16573 423
60 73 18721 129
48 22 47953 30
23 19 7310 55
39 87 15637 328
93 62 21636 91
29 43 11635 106
27 94 28044 51
47 80 160697 180
70 25 19902 206
13 21 13424 1709
100 51 14267 25
25 78 15231 192
3 65 48328 353
55 36 80928 150
29 56 88638 137
35 36 21070 90
22 7 24306 533
72 60 85523 39
25 76 38904 1256
45 15 18599 239
1 10 8063 51
82 24 49670 135
15 65 11722 32
73 80 9613 250
97 57 47676 163
15 19 14889 63
23 46 31516 56
68 96 31090 128
93 20 15147 122
41 39 80618 97
31 34 2279 145
20 33 7044 108
16 61 11440 151
75 18 15507 145
37 70 99078 271
46 41 13513 642
52 82 56692 131
70 84 44120 218
32 33 1828 27
91 17 13006 1390
94 81 23595 117
33 90 37627 278
41 79 85297 115
90 13 57724 34
62 43 97277 119
38 81 8859 138
1 52 5607 475
26 91 24499 59
1 58 27948 1298
42 81 78132 499
61 77 7747 517
58 25 18091 79
84 11 3670 87
78 26 85071 199
90 20 114886 744
21 30 11817 294
100 49 13955 191
10 28 10728 21
41 81 8753 113
38 25 49539 69
45 65 6586 170
1 16 2270 204
16 22 9241 85
39 66 30127 43
2 43 171446 303
81 27 71061 34
31 45 5987 427
95 72 8361 90
24 77 15012 77
89 39 9177 882
14 56 17369 162
43 18 26370 208
92 9 98978 104
4 48 63518 76
61 70 30546 170
49 45 15055 72
70 1040
19 170
93 18
26 1042
95 353
80 600

19696019
