100 499 3 3
100 38 6586 605
100 84 15573 180
100 76 13933 41
100 80 122751 134
100 63 19600 200
100 6 10291 95
100 68 4283 111
100 70 92124 465
100 24 30913 792
100 23 34237 129
100 10 47682 42
100 22 43357 353
100 28 4894 417
100 55 33501 121
100 84 16719 18
100 45 27928 123
100 31 21240 318
100 43 29779 33
100 34 23762 193
100 19 2557 93
100 73 28855 75
100 39 100825 406
100 1 54331 94
100 79 28569 370
100 30 8931 124
100 75 25424 89
100 50 34881 77
100 15 35738 130
100 99 22727 72
100 75 30444 165
100 36 20619 246
100 21 14329 165
100 36 26136 51
100 69 28173 230
100 7 14742 48
100 54 20687 200
100 62 40134 38
100 70 10904 167
100 60 20627 164
100 38 3248 678
100 36 3000 181
100 11 13094 128
100 5 16853 114
100 87 15196 209
100 75 44469 346
100 89 14207 540
100 24 7470 296
100 77 10792 78
100 78 7217 939
100 58 16340 328
100 78 18466 165
100 99 42041 28
100 44 194516 18
100 19 42898 241
100 65 69193 51
100 51 8959 26
100 54 12227 162
100 62 11845 96
100 77 9068 187
100 82 116078 30
100 94 25245 507
100 42 14400 154
100 65 18882 101
100 33 8082 558
100 50 7246 1120
100 6 1466 320
100 6 49502 86
100 34 3054 60
100 99 3309 265
100 5 4640 211
100 85 112994 36
100 71 9379 49
100 40 19096 179
100 21 324868 86
100 28 12437 271
100 11 101214 131
100 45 22729 44
100 37 25271 220
100 61 36757 488
100 30 229140 567
100 99 20820 61
100 50 34094 380
100 60 2977 97
100 87 21139 686
100 54 24282 199
100 78 57822 45
100 5 49419 110
100 48 18818 596
100 41 43435 87
100 96 69917 50
100 58 12190 88
100 46 21833 37
100 33 65817 75
100 10 2143 41
100 17 9661 36
100 73 124671 90
100 14 70109 72
100 96 20427 252
100 64 202115 332
65 40 49965 458
50 84 20529 335
47 70 60842 387
84 68 144417 83
23 24 7436 172
59 8 38236 49
53 97 53825 129
98 75 32985 186
39 37 38056 462
15 22 47580 11
67 75 267523 206
28 91 7079 386
33 16 29222 47
9 23 16474 45
40 9 10534 447
14 75 29511 40
45 42 43361 107
15 68 51840 241
76 58 12327 19
5 88 7638 273
1 36 7496 148
48 53 20193 373
77 87 33112 88
60 19 119401 160
71 9 50768 603
82 73 14346 288
30 10 479321 233
96 73 23264 370
11 76 11950 33
19 85 161241 64
2 63 2517 54
89 43 55389 136
81 75 7867 34
46 24 8300 144
21 76 15207 148
80 51 57870 190
18 60 41172 554
45 14 67151 56
51 9 3413 19
21 67 18827 94
34 31 74455 214
92 1 55055 285
2 58 10763 149
47 82 52479 108
60 96 24482 80
9 5 38420 14
42 32 10427 66
59 16 60344 206
18 17 5059 387
14 30 8762 250
1 68 69736 129
48 72 60266 479
71 28 24218 1178
60 42 26176 180
22 88 19062 154
38 99 16586 41
15 41 41668 98
11 35 15741 875
46 70 4059 326
20 89 43842 968
98 52 172247 168
43 100 47937 96
98 17 23602 87
99 59 11464 198
55 26 23541 146
48 63 9389 160
95 51 19375 81
2 52 62179 1127
3 43 16697 55
45 86 11529 182
94 89 24456 41
34 16 60979 211
12 35 12180 334
2 28 51688 40
94 75 56398 197
10 15 46012 56
2 46 12476 277
72 68 14787 1044
65 54 159858 64
59 56 60097 34
93 25 25597 213
90 14 22210 204
75 6 9959 32
37 3 13980 24
52 96 35848 132
69 78 47799 676
92 19 16158 109
51 66 9703 38
10 56 80897 31
30 1 12038 19
26 95 26098 2330
37 15 20533 131
55 98 5657 61
12 94 25183 77
36 65 29819 172
28 90 9373 108
46 66 86059 211
2 38 63227 2035
8 2 44131 23
47 29 37930 40
94 30 23524 182
20 81 46945 99
60 97 16431 35
62 20 78877 386
36 12 4419 199
29 90 1683 344
31 82 11002 225
70 91 39604 177
36 90 16444 243
74 12 8321 20
2 53 6339 262
76 43 9511 363
38 34 10800 112
97 82 5236 237
26 25 30395 120
47 21 11412 45
56 13 19611 318
48 86 10076 155
81 22 13171 163
87 100 15181 193
93 87 44245 986
59 40 62542 1091
63 77 77814 116
44 33 7595 264
8 68 62027 293
10 25 39798 146
68 32 18260 232
20 37 8848 259
38 3 5847 19
1 33 25953 36
64 3 6722 17
56 88 10503 146
64 99 11218 443
82 19 4123 347
17 50 17791 270
41 73 29694 157
69 59 49266 35
78 37 48886 311
49 10 5249 48
90 25 11453 1975
87 84 27303 46
94 80 14073 374
10 73 8259 53
79 4 32808 130
51 89 13167 119
15 13 37434 33
66 96 114950 124
70 92 33622 14
51 68 12401 56
89 88 15619 166
13 51 6743 165
21 46 4710 233
94 77 88742 68
39 55 11821 57
88 58 58584 416
89 23 20787 723
41 32 145170 1064
64 29 39127 140
73 42 22159 180
90 69 14440 58
97 30 21164 166
13 39 13746 184
66 60 93566 65
37 78 52689 207
40 92 8956 125
52 94 45454 231
77 52 20777 64
36 42 2790 514
63 42 2072 1192
98 24 72705 145
86 68 56319 406
35 21 40910 517
49 71 19233 125
14 32 51232 51
93 82 6373 117
39 88 114039 24
85 95 47860 42
41 94 41155 535
50 12 44369 66
88 19 10962 206
80 34 42833 32
4 42 20028 526
67 93 14572 166
23 59 5564 100
61 83 23914 112
54 14 6093 116
65 47 28740 237
50 31 48391 64
45 83 19396 98
4 80 23588 316
19 59 3882 94
88 91 14991 649
61 11 14810 91
90 66 14937 61
9 35 3160 111
77 61 8495 378
1 57 12682 406
7 39 28861 139
59 13 224250 46
92 54 11412 78
87 45 4188 42
32 68 15388 15
41 70 5580 120
7 19 71869 229
15 43 5120 156
36 10 33123 2268
38 75 48305 115
28 17 44068 179
27 87 13598 348
22 28 426843 342
34 95 17014 43
37 53 18786 601
4 73 25415 17
21 30 53172 37
16 11 12274 102
43 2 34282 14
12 7 26729 84
50 15 28183 151
94 63 24444 55
80 41 7647 74
17 57 24818 484
48 89 17588 76
40 10 23003 443
61 57 17038 123
15 88 6233 617
15 77 5925 91
96 12 40488 405
39 74 44733 135
9 17 3887 91
47 22 6018 135
38 25 4091 284
51 88 9253 417
78 74 19268 129
87 54 7873 94
34 67 66897 113
3 21 86568 616
92 21 86483 249
60 58 18752 559
94 36 5579 334
13 82 15202 114
92 67 44975 109
5 18 7860 303
71 83 15481 1077
79 73 111348 132
38 56 122182 149
83 17 12082 57
83 69 33036 906
83 22 32253 115
83 1 50505 209
20 80 18195 61
84 1 98453 42
76 67 11942 254
49 68 46945 147
6 30 23809 188
12 72 23067 56
92 28 5602 27
93 32 223624 366
97 14 7735 93
24 29 13214 530
77 6 31032 34
17 8 4219 75
87 76 61888 206
54 26 5495 69
72 45 76455 31
89 68 59417 233
95 19 4805 125
2 13 7164 57
23 18 29742 202
17 75 12963 451
54 61 68079 314
25 79 76739 180
2 49 12228 86
51 96 53481 124
25 32 17853 70
48 88 18940 273
85 58 31737 237
8 46 12039 46
2 6 8344 56
42 56 34959 88
59 25 8024 199
77 80 6772 119
39 46 18330 360
26 18 135575 544
89 93 9202 358
92 97 24368 423
54 91 40008 35
9 62 12691 72
25 77 42304 118
76 56 9200 359
63 74 5626 36
85 37 19653 97
27 42 22668 327
64 16 309900 87
88 69 28517 237
32 78 11669 203
64 83 10072 68
7 79 29360 221
22 73 6039 174
1 65 19066 995
23 73 116613 93
44 7 19080 755
74 56 8145 76
68 42 13124 262
4 87 27207 233
25 64 93944 996
91 92 17163 315
37 44 44974 49
42 15 11425 168
47 13 48016 159
68 78 6460 212
9 80 48780 137
32 87 9886 382
71 36 20527 81
65 67 19188 58
19 66 10151 516
86 4 12237 513
33 6 27837 82
86 15 8013 296
44 35 22995 48
66 3 62902 417
57 60 18237 42
97 1 60028 158
14 10 20708 148
24 100 63678 88
21 43 13581 393
4 12 8536 792
48 99 30437 26
20 46 16358 127
83 90 8716 96
88 20 99921 26
43 69 41586 213
42 74 7292 147
65 14 7828 33
64 88 6464 76
87 91 45283 246
92 18 14775 68
90 100 104664 430
15 96 50230 52
65 10 28702 133
21 12 10208 332
46 30 29520 107
8 54 97128 446
98 82 60709 71
15 32 7867 101
31 13 12675 393
56 83 49253 92
98 78 22474 166
45 54 20234 83
16 34 20247 182
56 23 16623 260
82 4 11998 162
9 75 57134 83
80 24 66646 152
46 84 14116 1557
87 30 140669 66
36 40 37359 56
52 12 27708 122
89 36 177162 163
73 8 16627 376
98 14 29304 141
38 47 52539 308
32 11 38409 359
50 44 47264 51
95 50 13680 941
91 4 70538 128
44 64 59605 71
51 50 84101 76
1 82 20444 140
83 2 13034 234
85 87 10477 250
77 100 45885 85
92 31 5225 35
97 95 24332 94
94 52 5928 332
87 51 8417 503
90 92 53685 49
91 53 32909 267
83 51 198837 33
49 62 9341 54
19 46 21761 142
98 100 24423 138
42 17 4270 417
66 11 4647 121
97 7 78539 19
29 51 38778 177
76 33 131133 152
45 51 86759 351
25 60 32077 87
14 42 15085 190
34 72 2515 139
21 32 19205 25
68 20 1553 133
98 59 18236 597
51 58 19642 45
33 26 5021 125
68 12 26096 228
18 47 8776 55
33 59 12426 496
45 96 2393 75
41 14 27896 139
100 2178
2 140
98 306
75 2204
68 1032
73 160

114900860
