100 499 3 3
5 2 12316 624
5 76 3462 86
5 97 59473 454
5 17 16582 38
5 13 3105 119
5 50 10061 120
5 96 32098 328
5 77 18397 133
5 52 63003 253
5 16 36172 176
5 80 89855 249
5 91 15094 214
5 59 14297 317
5 29 4859 104
5 87 70910 42
5 60 5383 192
5 28 19289 355
5 42 7297 617
5 30 71117 73
5 67 1710 63
5 68 16583 521
5 90 10090 173
5 86 38713 25
5 44 11370 229
5 85 15053 38
5 20 16774 468
5 49 87661 174
5 32 11187 85
5 14 15197 194
5 47 19447 155
5 9 37429 106
5 21 17058 231
5 72 50505 87
5 53 47275 356
5 6 53791 384
5 69 33985 486
5 88 28531 547
5 40 20642 814
5 81 184830 37
5 58 24210 102
5 92 49669 612
5 56 45505 85
5 65 90310 56
5 1 22702 77
5 25 11827 56
5 78 140561 187
5 35 12569 59
5 61 19917 292
5 93 5794 99
5 75 17038 284
5 66 7637 509
5 19 13510 37
5 18 18493 143
5 89 12195 276
5 39 24060 269
5 34 19782 214
5 82 14285 50
5 22 8121 110
5 64 22156 142
5 4 28873 211
5 73 28397 437
5 71 232027 39
5 31 39979 494
5 46 13990 1303
5 55 17943 183
5 12 24036 122
5 33 50550 36
5 24 5117 144
5 23 36238 321
5 3 226471 852
5 10 8649 449
5 83 41701 75
5 62 192900 185
5 79 2291 1507
5 94 80772 206
5 74 9561 119
5 43 22545 36
5 27 90911 809
5 54 42668 132
5 95 14248 655
5 100 16074 399
5 63 45627 807
5 70 1550 45
5 37 25691 98
5 99 55227 790
5 36 10838 40
5 38 11284 187
5 11 39618 27
5 41 52919 96
5 26 12145 28
5 57 77468 102
5 8 8873 19
5 48 13485 142
5 15 116829 61
5 51 111279 620
5 7 8937 186
5 98 19164 34
5 45 38617 184
5 84 30478 261
78 56 54274 72
45 40 29272 159
44 31 54271 179
46 25 3827 189
18 45 30806 310
23 29 21311 41
99 84 42700 42
74 42 32419 98
22 8 48119 394
6 91 101884 173
36 43 21177 982
56 72 8612 44
65 54 2147 297
62 26 19823 193
94 37 51653 1567
53 31 8105 134
93 61 42019 114
49 13 200851 300
59 97 3316 123
47 19 3658 418
97 98 26661 781
98 20 14920 94
15 62 140184 87
36 84 103185 462
66 33 3656 19
83 80 9872 30
50 6 8028 303
97 35 71797 24
81 12 12959 20
21 84 24678 153
64 31 19108 68
36 62 3183 125
95 28 103602 592
56 45 27976 198
31 70 8090 217
27 59 10648 368
64 62 54266 122
97 40 68388 75
96 10 8429 157
54 100 8604 74
95 81 26979 108
8 33 15252 89
4 79 75893 672
61 65 9315 184
41 8 78773 255
74 57 5140 148
23 57 15669 39
90 21 9886 236
21 49 8003 47
53 12 76498 31
77 53 32178 434
35 97 7716 136
37 5 52006 234
40 44 9850 255
29 41 9662 106
21 93 38243 54
94 2 33475 737
41 93 59083 230
100 52 44463 742
92 31 69155 91
49 22 4622 509
2 55 52595 288
40 8 18235 410
62 97 6652 218
43 48 11252 70
2 44 9739 618
45 74 8436 192
62 100 47165 62
77 90 31683 1562
93 98 28082 18
82 13 55185 141
54 51 8786 53
66 91 7738 133
4 59 25060 67
89 38 13898 162
49 67 191813 150
72 5 29910 96
27 17 28188 377
92 30 61920 251
16 3 23399 111
29 58 19093 314
78 6 1758 117
70 71 3138 61
98 77 19393 160
62 92 29952 231
98 59 34732 301
3 11 8845 246
15 37 15918 334
92 11 6503 318
16 19 11540 378
39 66 12885 42
45 43 47830 201
88 69 2723 465
93 45 62073 295
67 31 15866 214
54 53 70742 40
6 3 5923 410
33 99 52728 325
36 98 20131 107
10 86 65545 309
26 54 10749 72
2 9 11745 942
30 2 2323 38
52 95 7629 742
44 27 2606 22
59 26 14530 140
58 71 21467 193
68 81 2881 499
82 99 36929 349
15 32 55985 977
35 77 44081 604
26 85 5598 306
85 93 33165 72
33 59 1964 123
18 75 8622 327
34 52 21654 41
63 42 89300 455
34 26 12072 81
38 69 2813 359
39 99 124523 87
3 74 17321 148
3 17 20826 70
27 74 33002 426
60 9 152463 151
69 91 48033 1162
25 59 20643 146
90 78 10336 39
34 20 17119 479
44 91 50163 99
75 30 25575 91
60 44 42304 127
96 34 5021 56
98 19 4212 136
60 85 12329 27
37 36 69174 54
62 69 42449 329
88 89 46333 1179
90 57 7702 238
95 6 7145 78
53 78 22088 37
75 2 21473 112
8 46 35452 641
99 22 10905 548
41 84 22141 78
46 97 28778 240
14 94 63827 376
68 78 12994 141
57 39 36738 98
55 64 16161 216
76 19 4856 117
32 35 9839 60
83 63 22340 1182
16 61 9559 37
20 32 50007 275
82 11 15192 104
58 85 27466 219
82 89 18909 78
28 40 14551 150
98 47 29388 69
93 36 47854 277
35 43 80421 115
76 26 10821 492
57 18 7220 51
76 99 39078 67
81 37 11424 187
28 57 34707 87
32 58 19844 97
51 59 42725 133
27 67 6027 403
78 25 1483 624
36 74 11150 14
84 53 13967 291
60 58 8347 101
77 32 14532 79
29 22 118644 98
10 3 47715 189
10 78 16220 112
90 33 20753 225
47 95 76380 156
88 83 20023 5
35 5 13065 109
79 11 6238 202
81 80 141516 53
48 99 6583 227
9 11 77810 299
24 4 17970 745
46 54 26602 146
49 9 264702 414
45 58 13628 138
3 26 21903 42
85 15 26018 87
24 37 46713 90
33 93 4094 102
85 72 14490 290
89 57 11044 918
99 77 41149 66
86 61 12259 126
49 19 27435 118
91 44 67551 590
35 69 22678 1725
49 70 59400 69
49 1 20887 107
32 50 3248 28
63 13 12078 108
94 28 15120 112
94 87 159092 80
50 68 50513 128
97 60 88023 48
35 51 68514 510
97 32 19658 185
89 34 81111 132
34 81 8918 251
85 13 17056 53
6 33 49405 166
75 52 12597 36
24 67 150809 32
32 57 18264 150
93 53 133887 228
64 93 48092 227
23 7 10675 228
49 64 24943 155
52 22 45468 255
49 95 23273 319
57 4 8379 114
8 16 17936 501
88 99 18251 662
93 85 13392 132
64 11 16434 851
68 17 9176 777
94 96 38336 498
40 15 54560 243
89 53 42984 23
67 34 54941 373
41 47 31648 722
73 78 31950 89
95 21 26920 186
80 97 6311 109
54 1 9628 205
91 70 21318 85
97 85 105894 102
8 11 22775 159
41 59 17650 569
21 42 10071 263
91 97 1651 87
81 7 68283 61
98 79 29513 19
2 37 91152 66
15 82 15961 137
97 22 139016 80
26 47 14124 88
90 52 5810 73
99 45 11426 84
4 29 32322 11
93 69 15963 328
55 37 72355 184
44 79 17680 83
68 83 21295 119
3 63 12280 262
62 70 14359 365
62 94 5189 49
96 9 24006 868
90 18 21896 651
72 60 73895 155
61 27 47085 263
56 54 45137 288
80 74 14062 401
86 67 23053 119
60 51 58056 1030
39 1 6953 58
40 35 8646 51
47 98 41955 90
75 77 134768 67
88 85 9827 376
51 94 22331 12
99 58 24971 67
82 95 13426 199
47 60 37900 262
78 18 8771 44
72 79 29750 17
68 65 449586 106
85 94 22954 96
59 70 43728 142
84 26 46115 462
49 20 19672 88
12 52 13867 221
29 26 7710 85
48 95 51998 420
18 54 12451 266
50 59 8642 42
8 83 5842 39
56 28 78007 338
17 32 4521 366
11 26 5177 313
18 95 32476 114
96 54 36246 137
6 82 1881 16
95 13 5850 260
53 42 15343 821
23 28 5140 83
54 85 2142 84
73 26 97588 34
51 22 137796 127
43 76 34841 278
1 76 12407 361
98 16 46323 69
91 38 29810 178
41 31 34016 53
86 31 18003 37
21 52 8427 189
11 57 47369 469
35 22 25924 45
33 15 25473 982
70 14 105910 111
44 9 41558 197
80 2 39183 20
81 21 16094 174
30 78 15821 84
47 52 75181 388
34 64 47948 408
82 17 48493 98
30 7 117766 254
80 49 85794 66
99 78 9662 83
8 9 82480 148
89 85 22800 88
21 61 7900 64
56 91 44468 84
79 93 21329 171
13 22 26051 269
37 57 29910 255
17 55 40282 43
53 74 9360 14
22 69 17676 173
14 17 70718 37
3 1 7230 27
13 50 9312 560
29 45 18729 234
89 64 55364 876
66 24 31476 148
94 66 182783 112
2 42 34229 283
67 66 15245 135
97 23 6351 103
46 93 28598 443
53 80 72691 287
59 1 58968 92
41 54 72403 267
6 35 17169 162
24 80 167013 96
82 30 16297 104
60 39 60267 950
8 93 2855 118
42 35 95770 64
58 28 27207 328
50 46 74102 210
47 31 47253 45
94 23 11919 303
38 5 12378 966
96 87 33220 43
51 82 4359 205
65 83 1595 31
4 94 1958 48
57 2 22039 72
91 1 66641 52
75 100 10293 440
13 55 14372 152
55 32 9100 115
9 60 28142 138
80 94 73558 586
27 91 5415 70
53 15 23538 312
52 81 16264 172
83 97 13444 367
2 93 31922 36
67 19 22308 242
92 80 64177 38
51 72 39015 319
64 40 41931 53
20 42 41719 79
67 65 62778 156
71 92 4077 540
66 47 5076 97
84 94 22688 374
92 97 22199 173
80 87 17876 400
100 98 4966 64
82 9 33014 240
78 40 3230 181
55 89 29497 115
86 42 6034 462
78 42 12276 53
32 77 36115 40
34 7 10796 139
48 7 51840 325
37 46 23767 138
68 95 5418 87
62 81 82811 169
4 28 34260 192
89 94 78242 60
34 11 43712 243
5 297
49 20
97 160
93 80
26 269
94 121

11682565
