100 499 3 3
73 91 22576 71
73 64 13777 315
73 59 100494 51
73 37 7385 139
73 64 28645 105
73 25 6642 105
73 74 47183 1195
73 41 11451 184
73 85 17783 496
73 21 32678 33
73 21 5528 377
73 92 37024 648
73 11 14697 126
73 23 82746 131
73 80 8999 40
73 74 10825 395
73 77 22342 37
73 42 2717 65
73 82 14529 186
73 38 19492 122
73 45 12093 375
73 16 11348 115
73 4 42239 19
73 7 17272 74
73 44 7822 275
73 62 16939 163
73 99 14955 234
73 23 62687 1857
73 13 6870 570
73 54 2112 195
73 18 44238 64
73 88 23900 137
73 12 12366 163
73 56 40255 223
73 41 5043 45
73 90 81128 375
73 58 188572 138
73 4 15012 23
73 95 42350 345
73 94 28771 42
73 14 8613 224
73 84 36123 89
73 65 119044 242
73 3 27498 93
73 26 32561 581
73 71 8731 54
73 79 13207 344
73 64 19824 865
73 81 8328 504
73 43 26317 725
73 49 56477 436
73 19 46754 199
73 83 9731 28
73 66 60737 140
73 36 31931 123
73 25 21630 156
73 32 8061 55
73 79 20458 168
73 57 68652 457
73 84 17863 9
73 17 16458 240
73 65 22811 141
73 50 6944 197
73 32 11472 695
73 1 2553 63
73 98 77260 81
73 29 64741 90
73 90 19197 212
73 6 53840 194
73 49 132680 148
73 6 9310 89
73 64 57235 35
73 85 6248 154
73 14 27531 256
73 48 17023 380
73 77 27689 398
73 33 95960 39
73 87 23087 184
73 66 10697 841
73 29 6587 44
73 91 123648 153
73 39 41623 180
73 93 24893 277
73 45 82858 221
73 74 25660 38
73 92 4624 89
73 36 21635 115
73 46 6506 799
73 15 21841 827
73 32 15814 107
73 83 14268 19
73 54 17038 48
73 65 10910 404
73 22 6150 143
73 53 12995 1068
73 9 52909 198
73 40 5938 79
73 38 27968 50
73 97 6011 89
93 69 17701 105
28 35 27309 94
14 94 12753 678
29 36 17889 199
71 18 50579 103
37 11 3991 101
17 15 6580 214
58 48 90363 305
77 54 23798 200
55 27 1911 26
37 73 12961 37
1 50 17331 156
25 30 7073 196
26 59 12485 100
80 74 12535 61
4 61 110831 33
30 62 16196 391
47 91 18847 255
91 59 12248 592
29 80 10167 44
26 23 4532 368
94 80 100385 349
92 7 21451 310
24 74 33376 97
13 46 32232 61
100 40 22823 175
48 46 59898 89
24 32 161241 220
95 73 49618 189
57 12 33843 447
60 2 11517 538
21 81 9550 157
83 17 51292 120
42 99 21864 134
2 67 3814 402
55 91 11479 583
39 99 26461 152
8 82 6958 209
91 72 4311 8
22 90 37987 280
84 71 11210 22
49 21 21893 191
68 51 17423 97
92 24 12249 242
39 49 11198 107
62 65 31088 40
10 11 4056 978
50 37 7608 114
20 52 23067 212
47 40 29402 942
55 23 21122 26
84 14 19305 200
80 91 52974 420
2 83 26694 309
38 92 22701 89
6 74 87005 160
59 40 24050 10
74 85 40817 136
84 61 52578 344
53 41 82771 354
76 6 25039 210
17 91 20867 84
12 41 14411 509
93 8 21439 373
65 2 14531 101
79 68 13547 294
55 80 8846 143
89 74 10174 141
12 55 32743 186
99 52 10139 270
34 86 180457 165
54 58 11220 68
93 89 20595 95
10 49 9706 61
56 70 13968 89
30 75 19034 391
15 51 27208 180
90 95 28790 194
85 97 42898 803
54 2 49048 264
36 35 20218 55
1 82 100148 217
90 25 18417 100
3 7 84496 91
16 71 3679 181
16 66 31744 280
42 46 305494 231
11 37 17819 94
84 80 64423 404
94 17 7479 557
39 20 7207 79
30 5 54738 117
97 36 55366 237
59 87 14507 409
30 99 17947 57
61 72 67455 312
82 37 9771 396
98 59 14118 47
93 7 5056 20
19 50 49440 637
11 76 32768 102
35 61 92438 43
87 4 17748 18
90 100 81233 1155
87 14 17344 430
3 69 7989 112
31 86 2667 332
37 94 4413 177
32 8 8900 27
15 61 10026 98
94 72 14442 35
40 62 48564 706
35 56 4653 304
27 32 291810 114
11 87 5680 43
70 19 21445 135
6 86 47682 12
100 91 17528 325
21 84 19258 66
19 86 6799 60
61 10 11321 138
44 92 27372 85
82 40 16888 64
19 65 4479 25
22 61 8078 281
44 47 59719 109
93 66 12524 257
54 49 6693 74
11 31 20129 172
76 48 31044 36
69 5 15338 152
33 47 20559 345
88 39 17650 499
18 28 126523 407
63 58 35211 46
78 11 6003 739
74 19 11484 309
16 30 21884 233
7 87 32452 93
5 81 4000 283
91 40 5631 253
89 36 19857 47
27 15 23407 110
62 16 17789 172
44 88 22776 240
9 41 61386 43
94 2 62425 86
90 53 9184 997
75 31 8121 131
99 93 32373 277
40 86 24216 452
50 91 17635 370
21 12 41241 107
4 11 71578 284
53 16 24369 387
18 49 62142 60
23 65 10599 239
86 74 3798 56
14 27 17724 205
94 89 5289 251
45 82 36263 109
4 77 2969 474
47 65 95722 17
23 83 158934 838
43 55 24776 524
3 71 35898 121
53 8 21030 173
50 40 2541 167
5 20 18368 387
44 76 12929 157
50 87 54523 438
20 7 97131 56
71 73 15185 1357
42 74 15367 163
71 63 24557 638
7 29 14912 201
15 77 37691 123
12 83 107999 210
77 31 16383 460
79 72 9854 106
95 24 16839 347
81 71 19436 155
92 89 6395 329
84 48 26860 189
93 11 31076 32
82 53 6304 447
63 87 40837 41
47 28 6623 94
90 6 27269 28
25 76 5919 337
68 17 8851 164
87 49 22665 41
29 52 34810 79
76 20 23678 88
98 50 48198 229
47 51 6906 348
9 92 2900 111
29 34 32440 78
81 8 31879 20
41 81 24585 867
47 13 8163 355
48 44 1399 85
98 24 32774 306
69 19 21480 1003
57 35 18455 269
75 45 13071 334
68 93 34362 138
43 1 16301 11
36 75 89324 294
83 80 33793 31
46 45 55844 1068
98 93 82013 31
35 43 6984 90
58 34 16819 60
48 98 32858 577
79 76 14695 85
21 73 10575 292
24 45 41423 192
79 35 18614 59
36 13 2482 506
18 91 105474 1268
29 71 37212 456
44 87 8636 428
63 27 28099 1087
2 14 8421 54
100 24 13022 76
4 89 18147 217
41 38 57594 465
98 81 27706 73
57 15 33126 176
35 95 22483 98
64 97 16412 137
90 43 12134 74
98 10 16926 45
5 69 90906 67
60 22 10929 836
1 24 23525 317
16 19 79837 88
35 6 75956 59
92 10 50964 44
71 52 167328 629
37 2 5498 160
80 3 30999 85
87 16 25695 2020
11 36 6972 583
14 39 16429 262
44 100 21814 210
86 15 50520 459
41 12 14441 133
17 61 47924 175
95 33 62853 127
51 3 38516 305
84 28 224146 1202
53 33 22355 77
72 24 756204 105
83 90 14776 149
90 42 2582 49
55 58 153467 79
31 48 7762 37
28 81 5168 193
58 64 27798 191
67 4 37236 104
31 85 99240 278
6 50 32551 253
77 92 16008 2283
19 36 149528 415
28 57 39673 43
21 65 18323 90
58 29 36446 79
13 85 17877 48
51 34 13960 680
29 31 41373 301
11 74 4486 94
13 42 3842 931
97 90 64130 654
100 11 83957 301
21 29 8496 65
98 1 9150 370
69 13 22620 313
24 17 8036 111
64 7 74291 67
37 18 28243 75
65 9 15452 126
84 22 17920 42
88 5 78487 898
68 55 7503 427
22 26 18463 27
50 92 5001 91
62 31 8254 508
10 89 95933 124
35 13 53342 82
82 13 14096 1113
24 49 23663 362
12 96 4992 230
48 90 64178 74
83 19 12469 572
66 75 11759 606
77 43 13518 403
80 71 11911 73
79 74 54546 327
25 33 3742 63
51 52 131850 70
55 6 14714 268
93 26 46903 47
42 18 8437 123
16 90 68911 138
82 71 47672 18
23 89 31067 101
66 14 30934 105
27 25 10604 214
22 31 13044 325
43 32 7690 213
53 95 16000 313
21 25 53999 237
62 21 9922 55
8 53 81809 415
32 95 2681 274
86 100 14386 134
62 95 43571 371
50 33 17164 184
8 100 22815 36
79 77 17253 70
89 72 5715 594
20 95 57822 90
88 90 19582 45
31 80 29041 125
58 12 63311 102
69 29 6293 86
56 60 38807 4
21 39 18462 78
17 22 69262 294
12 15 5114 43
6 85 45828 136
15 68 3248 275
82 4 197636 42
72 66 19164 2127
17 30 77829 12
60 50 6515 113
5 95 9262 146
77 49 9072 324
90 7 17984 209
100 45 38354 296
44 96 33759 42
55 62 22141 100
10 55 10762 73
29 61 13304 80
3 28 16261 230
69 27 2836 296
79 65 27848 1311
88 7 8751 147
68 8 70157 43
39 62 35370 45
25 7 48320 391
6 84 53891 299
84 38 8520 123
16 3 17579 273
12 11 13444 366
95 60 29793 631
19 9 12554 114
59 44 29483 232
62 45 30071 160
9 24 31249 263
39 43 19699 472
42 48 10581 63
51 45 58155 19
58 9 47936 249
30 55 3356 43
74 93 22908 475
93 51 29348 230
100 90 11327 10
8 25 18265 229
52 77 35435 111
1 77 26490 151
90 68 93948 292
94 24 196081 28
95 71 7090 269
3 32 75134 84
19 41 13514 377
10 92 15233 17
10 73 18593 101
30 15 21292 133
11 89 68107 42
3 96 46590 326
78 83 34993 92
78 63 81914 87
85 62 85079 276
93 3 19814 205
28 42 14376 79
6 51 34638 82
58 68 64149 81
10 37 4604 94
49 73 28943 53
6 80 30019 39
19 52 16190 23
11 81 4163 55
16 59 31400 24
88 25 31843 162
13 77 20081 567
74 51 11484 1109
62 77 104773 111
73 396
93 99
90 360
74 416
91 279
77 272

28130056
