100 499 3 3
77 18 27223 37
77 86 51969 141
77 14 20292 531
77 2 29251 436
77 49 5389 192
77 48 21725 585
77 60 134477 220
77 30 12771 207
77 70 18586 181
77 51 54787 236
77 75 11597 151
77 20 36880 44
77 87 10224 21
77 43 42690 58
77 65 49898 94
77 26 13480 688
77 84 20381 52
77 72 6458 15
77 62 7637 336
77 71 4675 236
77 45 23549 294
77 93 4215 616
77 46 25277 77
77 17 10898 360
77 11 4539 207
77 9 56756 518
77 99 9258 45
77 63 159265 98
77 52 111925 167
77 74 46380 235
77 12 15774 111
77 41 13811 130
77 37 4123 45
77 66 143182 35
77 98 26214 31
77 19 9800 432
77 96 19858 345
77 59 10562 444
77 50 5800 66
77 54 14592 166
77 13 32365 46
77 42 39818 405
77 27 2537 100
77 21 2686 294
77 88 10765 354
77 29 49819 78
77 36 22501 179
77 58 133670 23
77 79 49916 75
77 38 3098 75
77 39 42214 74
77 44 10288 305
77 61 14571 86
77 100 19862 36
77 10 77501 147
77 40 33618 484
77 68 22490 123
77 35 28552 161
77 64 3672 197
77 8 10137 120
77 94 78652 750
77 57 131285 33
77 34 36539 155
77 80 3720 71
77 97 4722 152
77 83 45270 117
77 82 23645 361
77 15 46428 94
77 81 21832 18
77 25 1399 451
77 73 18332 267
77 56 48171 272
77 7 61404 59
77 78 11901 543
77 76 10932 204
77 24 9220 56
77 4 17498 95
77 33 38763 143
77 31 9383 168
77 85 14830 435
77 32 36025 229
77 16 5901 508
77 90 8341 10
77 53 7985 123
77 92 62956 827
77 91 4339 157
77 23 9179 82
77 89 21525 155
77 22 85282 1203
77 55 123090 349
77 5 48944 110
77 95 43962 390
77 47 84083 424
77 28 40076 41
77 3 29980 32
77 69 42393 182
77 1 40071 390
77 6 113588 97
77 67 12158 353
9 12 41560 65
28 20 30879 51
72 97 16870 47
5 67 5715 63
13 62 21475 1017
10 70 15587 306
11 30 43043 171
62 24 7867 72
92 69 16286 552
18 4 7875 363
13 78 40215 179
19 53 72636 63
87 38 47469 45
82 51 26263 104
33 65 81498 680
39 10 45167 28
38 91 50609 256
46 42 57194 241
26 58 46908 458
95 15 31984 53
39 3 31075 71
25 45 57264 75
21 94 2177 214
16 79 16129 93
62 27 28969 276
64 39 11034 51
85 55 24653 42
74 15 85219 324
44 32 30350 668
26 30 9129 947
55 36 33881 679
2 98 15730 28
73 58 63354 47
73 49 28292 606
22 97 57383 284
27 63 104091 56
37 27 25449 57
80 53 6471 28
65 25 58903 516
59 63 39883 484
64 43 11315 208
23 50 14432 40
48 63 4201 632
97 8 41603 203
60 97 34175 367
100 92 28063 113
97 96 40126 66
67 49 29671 271
92 59 81211 67
100 66 47033 202
43 72 5443 162
92 100 114820 90
44 1 4621 57
89 73 19700 569
86 59 16052 121
44 82 19257 165
57 64 5021 144
70 47 151794 352
87 61 6560 153
43 52 10549 118
17 66 29662 180
41 8 36800 77
57 88 23528 463
11 58 55123 49
12 17 88914 48
62 74 124964 126
94 46 4488 149
82 30 40438 67
13 100 48561 3604
35 94 15470 56
7 38 84559 147
53 20 11811 53
13 96 21121 79
70 13 9864 392
34 22 49431 71
89 33 55305 101
76 69 39618 233
69 58 13650 111
47 87 28373 135
39 49 5875 521
9 56 26916 445
91 33 25002 145
19 58 80738 26
30 69 7269 130
12 66 65300 115
68 6 12378 202
83 31 9363 363
97 100 2969 215
69 16 9271 75
92 32 30895 147
80 43 8685 128
81 80 304196 228
49 6 13801 2274
40 99 38275 59
5 57 23273 377
73 28 22293 170
61 4 14232 163
11 15 10380 176
54 94 41365 51
73 12 12563 37
89 86 39562 373
50 97 20578 117
74 67 82758 1006
42 68 102017 69
54 92 49665 178
47 46 23872 80
48 30 11460 230
15 31 42371 35
58 97 114729 30
53 28 122210 477
30 40 10574 41
47 97 19692 280
91 39 33481 56
5 91 29759 125
31 46 73411 165
90 36 14684 285
33 37 42974 181
85 96 18261 25
21 39 11695 237
73 80 45755 107
48 90 49504 129
56 28 21724 103
9 68 51645 50
60 63 4192 353
34 39 11180 450
13 58 28593 70
92 43 20377 262
79 62 25626 27
5 3 17383 33
70 98 39515 273
23 81 26168 166
35 65 4014 117
53 23 31087 98
98 90 9849 123
27 76 25064 22
52 25 8291 107
85 51 11593 37
53 77 12399 149
100 55 4559 248
78 71 37921 337
18 7 146609 24
23 98 22421 142
75 96 36519 81
59 99 22215 176
12 69 46495 100
6 39 266485 149
93 7 274965 67
95 29 24343 646
29 25 23392 31
76 62 19040 107
95 89 45834 158
83 66 50366 211
47 68 74421 312
95 34 26452 27
43 35 14113 44
47 36 10205 201
79 23 32515 1074
26 45 28622 61
37 64 37707 155
53 52 2487 411
84 32 16179 471
67 15 49716 17
81 57 8809 246
29 38 37112 544
44 45 82545 102
88 19 16767 46
40 25 29834 176
100 65 9467 40
3 36 17806 24
30 17 89214 337
10 94 14211 145
25 41 4541 435
50 60 14554 123
45 46 24136 197
83 24 55492 194
92 14 9999 575
50 62 35762 298
18 9 6457 172
49 52 12395 77
80 89 132126 60
90 86 10297 119
12 64 97642 162
2 15 51008 640
79 31 10104 61
52 77 71088 118
65 40 22062 360
41 32 10338 614
18 57 31878 768
42 12 1210 31
59 32 20023 273
65 98 8960 195
100 30 20118 166
29 6 9516 168
68 87 40866 66
3 60 19347 274
15 46 9185 250
73 60 13061 68
92 5 6629 756
27 53 110747 43
40 2 166891 102
81 6 24009 17
80 88 9000 886
41 47 40542 45
84 38 12255 203
21 90 28166 87
10 52 47317 67
31 70 11845 108
15 14 62087 121
16 23 47976 31
12 80 7576 228
26 38 47403 59
93 14 32898 275
67 20 33365 153
9 73 7960 59
19 83 8586 204
50 71 10378 27
68 36 75778 131
90 82 57168 1760
50 52 31610 100
51 75 28603 702
3 56 31496 121
34 14 13782 782
56 73 13855 247
52 74 44648 82
57 8 28264 437
19 29 11829 833
19 85 3044 557
23 1 19492 330
62 46 154861 56
95 72 33569 66
29 23 80544 524
72 62 3029 95
24 88 44919 137
55 65 12506 105
74 32 3753 47
58 45 20014 337
21 58 30073 743
36 51 5520 153
28 19 9157 97
80 63 45706 97
74 96 13294 73
11 48 38984 811
12 76 17392 22
69 95 22099 617
100 76 21554 24
89 92 12473 133
59 97 18566 147
80 9 117650 450
44 40 13439 192
18 46 18127 203
73 94 32022 13
6 54 72914 91
94 73 17341 335
30 56 9225 30
47 61 13934 930
7 45 11372 148
98 12 33986 505
67 90 20642 96
19 6 78846 118
76 21 4368 360
93 47 141767 451
39 51 15771 115
75 1 27327 149
65 72 19005 11
99 25 12252 220
36 1 25750 147
13 18 25580 51
80 39 18471 255
74 79 66641 89
16 4 26144 462
90 79 112447 96
33 61 1913 929
86 25 43689 150
100 72 21449 321
96 24 45225 573
29 43 19965 51
90 31 4467 209
84 87 4923 71
1 84 18883 43
24 96 62139 816
89 31 30386 43
27 90 41972 70
74 75 6890 85
49 66 118244 950
58 24 56248 148
37 82 53903 133
39 40 9100 276
55 40 16669 762
34 87 65282 54
33 31 30816 1600
73 30 43580 57
59 39 36283 278
15 34 14503 314
96 27 27390 344
97 51 27842 166
51 2 118170 90
76 4 54118 443
68 29 26103 524
85 49 25132 518
56 88 4827 55
93 12 29048 90
90 66 13089 199
71 87 33850 195
45 56 19001 30
63 48 20907 283
9 14 29671 322
35 14 5654 933
74 72 80292 280
66 29 31707 46
87 31 37737 47
60 95 23584 115
63 5 168070 456
96 98 45932 370
58 50 10805 191
43 38 29285 114
60 28 58703 16
32 53 9309 433
86 80 20880 60
10 77 12473 156
83 27 56284 112
23 17 5039 114
69 6 79862 41
35 39 10629 582
64 77 41982 150
35 7 4885 272
58 100 10850 81
85 21 41525 41
55 100 11494 36
75 98 6331 20
29 45 40784 37
64 41 3513 77
80 5 6683 38
15 28 62893 37
78 95 11901 134
95 45 10961 117
67 11 3510 391
15 9 59076 107
56 61 62473 511
17 15 34342 106
37 62 15413 206
24 38 6942 187
30 23 17273 588
41 55 11624 181
5 66 19002 248
40 77 6449 183
75 57 10790 74
6 88 14933 131
37 49 18565 155
66 65 21129 139
23 62 5562 91
86 82 23026 281
68 30 11585 739
39 20 13222 138
75 16 6993 111
46 22 13908 231
11 79 13907 20
25 10 11786 192
85 19 65708 38
12 27 44003 331
29 52 35573 89
35 78 35056 346
57 21 3002 32
12 33 14496 386
53 50 15448 402
72 24 11365 86
27 84 35900 43
94 55 17453 340
22 6 35552 110
72 18 10235 678
94 44 3793 50
86 1 11656 190
96 47 9221 322
96 94 17597 177
5 56 25693 41
24 37 12308 76
59 60 125367 333
3 41 17409 362
59 54 36969 961
16 38 45414 130
38 18 3843 36
69 76 178707 171
92 46 10654 166
30 13 9773 673
88 86 85622 132
9 41 8803 234
53 41 12273 108
32 60 11132 31
50 99 183288 260
75 80 168232 236
33 98 6132 48
71 46 8140 67
82 19 7013 601
74 55 23544 50
64 6 23985 398
99 51 17837 402
9 25 26511 87
25 12 5152 346
64 68 33519 929
31 84 33178 302
57 100 17264 114
77 990
92 80
80 232
46 110
39 411
38 236

11236744
