100 499 3 3
71 99 15976 222
71 92 34388 1217
71 44 19810 735
71 59 244261 113
71 36 17839 15
71 73 101435 304
71 5 184770 26
71 15 51715 85
71 60 10505 48
71 89 33502 82
71 31 83587 291
71 17 11593 47
71 55 2714 58
71 33 22064 73
71 24 110205 129
71 87 76506 283
71 32 12213 142
71 81 30121 73
71 2 39853 451
71 43 7270 335
71 21 27333 88
71 16 21522 101
71 27 13379 483
71 52 6777 17
71 58 18920 124
71 35 85979 26
71 98 7144 109
71 49 14287 110
71 68 19221 277
71 19 54962 119
71 39 22717 187
71 97 38300 33
71 96 31395 120
71 63 19828 323
71 22 42614 76
71 12 107747 148
71 83 5789 416
71 9 583537 188
71 82 7581 331
71 67 77848 150
71 6 49180 492
71 25 7905 483
71 23 9599 175
71 69 20835 47
71 84 48671 201
71 62 6869 261
71 76 72639 386
71 45 5884 60
71 72 16860 74
71 29 31874 196
71 38 12977 206
71 30 21440 38
71 80 6375 357
71 13 56266 1047
71 85 24553 470
71 7 3201 218
71 14 12384 116
71 18 13479 1158
71 75 6577 80
71 46 32226 219
71 77 18003 120
71 42 7236 21
71 61 86677 684
71 37 5400 990
71 88 63847 427
71 10 7808 194
71 94 12990 531
71 53 8807 109
71 48 11907 212
71 40 64043 140
71 65 32205 79
71 86 94079 440
71 50 12995 125
71 51 38718 1545
71 54 12876 355
71 1 17822 520
71 79 28305 124
71 34 15911 653
71 4 4867 86
71 20 12410 1170
71 3 95764 127
71 66 33591 290
71 26 12212 93
71 70 3986 347
71 90 5452 31
71 8 32831 352
71 93 74185 293
71 47 4210 1584
71 64 19390 140
71 41 58420 268
71 28 12926 61
71 100 8229 158
71 95 15264 167
71 11 13631 29
71 91 23889 80
71 74 20713 268
71 56 4910 231
71 57 28642 509
71 78 23897 262
50 25 55630 302
38 9 67974 62
11 18 23341 313
1 94 74957 801
53 45 12302 288
38 22 17951 85
16 49 102683 162
10 9 32032 29
93 46 23453 123
16 19 18100 653
55 90 7610 75
11 42 19169 784
92 9 11717 276
87 2 16323 91
45 48 6739 204
26 44 50543 485
97 48 116564 182
70 28 10578 97
11 25 9467 89
15 44 3947 41
10 54 234558 85
91 100 45550 404
59 49 29419 330
10 28 126121 47
8 28 12721 254
64 83 14369 96
97 29 16685 111
98 43 37070 113
74 83 106039 109
35 54 31058 115
52 70 74997 83
35 80 46601 115
32 78 178799 90
26 78 21284 153
74 8 12660 156
3 9 113850 90
3 10 31622 46
20 8 2683 145
49 95 50403 108
41 34 2225 181
8 72 45970 189
40 56 9542 31
14 47 26746 536
16 22 20437 111
89 73 6267 897
25 33 50578 145
3 36 34780 165
18 20 10927 167
39 2 38652 123
35 10 23583 74
12 7 58458 41
2 54 57337 722
28 44 23099 387
27 36 35808 47
43 1 35331 121
30 62 7512 919
18 44 8805 58
34 72 28082 1136
58 87 61295 56
9 71 8122 45
73 1 24089 125
79 96 9529 21
34 25 13891 447
8 49 16837 287
80 57 149815 611
75 19 199264 97
52 8 8319 139
78 46 76183 45
45 25 37268 422
81 29 14316 123
82 19 81086 291
44 82 105262 238
44 91 5634 36
85 65 29686 41
92 39 16133 49
85 15 11329 576
31 28 26659 82
31 48 27595 26
21 50 4205 439
78 42 54696 123
58 19 25662 181
10 27 16997 556
68 44 14770 326
74 92 55092 34
24 80 70250 69
28 13 12674 122
97 67 56523 61
58 16 47988 24
81 10 33116 31
95 61 14299 181
86 29 50563 143
39 20 37742 69
29 44 12299 113
20 66 9657 670
67 16 17398 87
72 32 15649 167
53 73 8590 384
51 48 45142 108
40 43 12742 690
16 76 28283 281
76 28 2735 55
99 97 41193 112
19 17 35600 146
52 10 9200 196
70 43 9026 101
7 77 5063 49
52 64 16719 2634
8 42 98870 922
72 35 72871 938
10 11 8723 651
61 7 68874 575
1 84 53562 40
24 66 21620 95
20 97 37078 159
74 1 23050 438
14 75 14574 126
54 35 12041 114
11 32 28684 109
75 48 21901 202
52 17 4991 278
68 3 18280 205
68 41 58026 147
66 49 10299 212
98 65 49921 315
11 22 15754 322
35 2 12541 135
49 62 30378 238
63 35 12693 54
75 91 19161 488
100 65 41278 277
73 70 60118 495
75 53 6563 95
85 30 29681 139
22 73 23771 45
4 23 6268 150
42 18 41946 680
18 88 20305 141
89 50 132487 112
91 4 16797 71
86 26 70387 88
86 71 10851 184
27 50 5044 699
24 82 71017 401
93 90 56725 17
70 32 57125 212
13 67 18278 328
65 93 8739 309
64 23 32176 141
4 87 8470 150
18 75 31882 93
26 8 37484 23
27 71 13816 152
47 36 22889 449
89 88 131392 353
35 79 18510 266
66 21 19613 601
32 48 38525 212
66 96 40847 185
78 10 14709 101
87 79 24628 146
18 6 47503 83
46 19 9693 668
33 1 6736 550
7 26 53318 69
99 17 115192 70
44 31 12155 430
48 23 40350 279
100 36 16783 307
18 80 35577 273
52 23 29044 31
75 42 23608 44
69 57 21701 134
90 34 8188 77
82 33 126888 20
72 37 57489 143
4 51 22108 325
34 13 5179 163
74 47 37261 1531
33 27 16088 1005
50 33 400234 145
32 51 21854 371
9 2 113880 142
58 98 20441 36
80 75 20740 49
6 63 7263 16
75 20 55854 200
15 11 5210 430
14 59 26806 131
13 93 66749 553
73 5 39904 78
64 20 73063 858
57 13 8466 61
40 27 70946 197
83 21 18819 124
97 23 76829 63
86 43 51000 199
37 92 15493 199
15 22 118169 56
69 46 18961 147
7 61 20635 47
10 14 165525 105
13 8 26703 88
25 85 114734 83
52 39 28157 22
56 55 29371 118
29 99 26375 159
79 92 156055 67
19 24 12527 94
23 96 56437 304
80 78 44554 46
59 50 23132 116
63 64 63092 88
31 83 26597 208
62 19 30224 263
4 16 11100 100
96 40 2067 298
57 88 48689 93
45 97 21473 55
39 57 54034 17
30 34 75016 314
88 5 27096 330
66 53 64146 101
1 71 27388 2260
3 53 52843 124
32 16 158972 72
3 68 42091 988
69 37 158212 48
69 99 7462 367
64 55 67848 76
79 19 15771 145
42 32 12027 132
41 18 23757 288
88 34 106960 88
42 45 60749 132
93 12 19240 161
78 88 31854 233
74 23 9745 54
45 67 115549 579
72 43 10714 34
43 60 30131 175
27 97 12209 78
60 7 97786 686
13 4 5503 561
15 41 61427 392
74 39 29684 145
16 7 31622 59
58 3 38959 389
11 14 101166 21
46 98 105581 36
87 72 40171 146
8 90 12197 79
21 97 19434 9
4 13 13599 84
87 74 19183 478
80 11 44900 134
23 22 24060 361
82 17 61237 26
16 36 6417 134
87 11 15442 107
89 98 9871 22
72 53 48520 111
31 24 9722 62
7 22 57307 172
57 72 22840 145
66 19 16957 43
95 48 11204 63
66 25 18794 299
67 40 17444 486
40 50 3792 37
75 71 14972 25
46 79 37932 105
73 27 19207 185
54 18 65731 67
9 74 4872 198
97 92 69534 82
36 86 70056 100
75 10 42981 554
31 12 10365 165
75 1 34292 15
80 87 37142 27
15 12 6183 477
50 93 72753 173
60 70 91751 200
17 3 36884 178
16 29 5718 85
49 85 27167 83
72 20 28996 55
19 16 168444 61
86 18 21962 212
58 1 27250 72
76 82 7646 69
83 64 2900 71
69 23 71700 49
25 19 35130 91
27 52 30904 74
14 40 63343 119
65 6 9714 248
29 72 255523 104
89 12 38465 64
46 31 16265 2337
65 58 25574 38
49 59 25622 49
72 94 9298 182
56 2 9376 504
21 26 8354 1084
35 28 9306 8
93 6 54864 18
57 69 66870 529
74 19 66587 394
15 37 25195 151
96 3 23800 417
46 68 18855 72
87 98 16650 201
52 92 3788 159
14 9 29585 34
24 77 28536 250
59 60 31398 141
41 62 5884 99
99 81 20373 257
85 10 10805 208
81 64 5210 73
10 48 22461 197
99 23 33249 39
70 84 10674 267
39 56 11410 16
47 52 79005 235
17 57 5393 63
59 98 30737 63
34 43 16519 159
100 41 5726 8
13 90 5678 101
69 55 33566 79
29 51 6804 208
20 17 72345 251
63 49 19666 498
35 86 36562 40
98 46 33052 207
98 66 51608 244
41 36 163119 115
93 44 38495 212
24 11 21918 277
81 82 30247 119
27 93 28833 60
64 76 22760 249
10 59 9412 774
33 2 27887 52
28 71 389939 288
49 60 10508 96
89 36 132440 27
60 11 32686 360
2 18 16815 88
85 100 3018 124
69 90 19992 157
45 82 6732 890
32 44 77631 85
2 41 54823 48
55 36 8638 78
82 74 37634 85
94 22 2943 175
46 14 28885 325
73 80 53369 86
22 61 40588 356
12 32 6167 392
1 90 17710 71
89 66 41320 359
84 61 3962 399
54 28 22495 272
85 2 69646 398
46 73 127726 144
98 79 4141 95
90 22 16553 124
80 79 83995 257
30 31 12059 637
36 54 24264 92
27 80 27252 57
78 43 104927 127
37 69 17105 57
55 74 44638 694
63 79 33788 382
18 15 23583 59
26 85 14241 131
69 60 43591 38
1 45 20162 469
82 46 23134 778
98 24 37550 630
64 15 40693 100
54 14 40903 221
64 27 60101 932
42 46 19318 779
75 7 15297 77
34 31 5260 37
2 68 120562 68
30 74 7274 101
96 9 13201 88
23 40 11205 66
63 33 28649 129
91 86 12969 263
47 63 37680 78
98 78 10550 371
66 47 29274 108
71 396
75 40
74 32
19 196
48 129
44 20

7975990
