100 499 3 3
40 2 44490 247
40 54 44907 91
40 100 6688 56
40 72 56015 7
40 61 46225 121
40 95 57349 368
40 69 70881 398
40 10 24927 469
40 9 8478 105
40 96 45658 81
40 50 131989 877
40 73 12010 55
40 42 16035 124
40 8 66068 93
40 64 7646 156
40 63 17795 21
40 80 15371 134
40 70 17696 301
40 99 6850 112
40 31 18406 342
40 5 18540 61
40 52 8480 148
40 35 55724 130
40 18 34436 285
40 45 16788 92
40 38 35305 364
40 16 11323 58
40 75 29595 622
40 51 6105 137
40 36 52147 433
40 19 59085 367
40 28 108055 46
40 11 17611 48
40 29 26025 412
40 43 9296 268
40 22 46766 17
40 93 95169 230
40 79 57009 138
40 4 121810 537
40 67 2098 719
40 21 41761 325
40 91 77626 102
40 84 43450 502
40 76 17488 274
40 23 173966 819
40 30 11784 119
40 62 18962 301
40 66 89730 180
40 32 19276 73
40 37 26752 215
40 59 50463 125
40 85 46217 145
40 46 47120 224
40 94 38474 1935
40 44 29288 187
40 56 5803 108
40 78 13270 81
40 14 7314 398
40 17 18706 82
40 7 4959 62
40 41 77551 165
40 25 47932 95
40 15 11247 89
40 83 93524 919
40 68 35625 480
40 90 22135 457
40 98 139923 77
40 33 17316 61
40 60 20463 174
40 58 9048 354
40 49 5021 534
40 26 11935 127
40 97 14061 248
40 1 37911 48
40 12 24144 56
40 34 53990 657
40 48 5976 111
40 89 21929 242
40 88 890 194
40 39 20210 39
40 27 55445 69
40 24 80503 197
40 71 112548 121
40 82 7234 181
40 86 13807 331
40 57 43212 144
40 20 18315 226
40 3 4964 248
40 6 97428 39
40 77 64524 28
40 55 12374 185
40 47 30623 412
40 65 80664 94
40 92 19256 69
40 13 13441 86
40 87 8205 139
40 53 7683 34
40 74 16093 79
40 81 20722 48
8 65 18088 743
7 45 24065 110
28 21 36526 103
100 66 39166 108
85 100 26240 596
51 71 38746 196
24 7 32735 217
51 21 23011 184
46 25 27569 170
99 63 5911 32
22 87 44687 201
42 84 122388 82
99 48 7912 153
19 76 24327 569
58 56 10169 85
48 59 4602 36
38 52 7961 695
97 13 40250 280
96 85 16085 118
72 3 9463 88
68 78 118329 97
31 39 5282 250
81 48 45932 216
71 95 64991 48
56 44 43581 317
80 55 27835 314
48 70 46513 250
41 58 55235 82
95 47 3637 240
39 23 25788 351
53 93 12281 101
33 84 11825 1116
93 75 17336 139
37 95 199498 56
99 69 119706 106
43 9 49952 199
16 76 155063 69
76 3 9832 585
21 34 24038 131
87 43 9137 26
52 31 66955 75
52 5 43985 108
74 90 41110 367
80 83 16747 222
6 28 2996 80
57 27 115570 183
37 74 62059 96
86 1 56914 255
10 20 18924 111
41 97 50652 55
89 1 9028 294
74 61 224409 21
29 4 9990 915
64 74 8802 143
52 34 37789 47
59 17 17669 342
28 51 5258 32
55 74 56822 203
91 82 35667 106
88 50 23202 43
30 57 30781 223
27 73 18184 196
68 64 17102 42
29 1 27598 85
6 95 5848 85
49 87 88211 101
54 49 16106 99
44 19 14006 65
9 26 14196 162
97 74 12958 51
51 9 32419 163
62 19 19218 45
71 61 33658 29
81 38 50703 122
18 16 9822 47
84 65 25406 200
89 21 4708 210
13 33 54199 197
36 3 22467 79
70 62 37455 59
78 62 14584 608
22 64 62943 281
21 99 26500 310
89 43 9260 115
24 28 18291 1163
24 79 9260 39
4 12 5008 85
26 44 61429 137
98 22 10940 421
21 42 7917 288
79 29 12927 631
50 87 6173 383
10 66 8575 66
14 99 63343 52
32 93 6057 69
53 40 52742 337
69 49 13799 139
96 69 241292 33
95 14 74110 71
75 39 30770 192
66 25 10333 138
92 63 19891 550
79 53 9751 31
60 61 51501 65
6 66 5022 418
91 67 48569 133
10 18 4385 12
53 60 4282 90
44 58 3351 27
9 92 7920 643
17 26 11027 508
68 40 33496 21
33 4 7003 17
58 92 2013 596
7 22 3330 175
59 15 70933 246
91 47 5679 142
50 63 5220 133
71 4 14500 48
70 23 81334 695
99 38 5150 173
18 79 2165 105
24 91 1371 589
65 82 2031 338
16 96 19226 303
100 29 18896 160
93 83 56564 824
83 30 23877 65
1 10 38281 66
54 64 14222 179
92 53 5595 354
56 12 6637 88
30 20 27331 30
70 24 20592 455
18 71 29709 303
41 64 162108 269
26 39 42614 238
12 95 80746 259
83 56 20622 180
83 75 78164 45
93 18 11581 26
60 66 38650 125
21 64 6965 224
36 87 5411 102
84 82 20316 330
97 6 32905 257
19 96 8657 144
90 7 71208 328
24 46 27180 80
48 24 76137 440
73 3 5867 129
20 53 8583 134
62 76 10800 179
58 10 45768 94
67 86 45096 44
20 21 8009 39
64 18 26465 54
71 78 1681 68
51 55 3021 22
80 45 82516 566
25 57 5575 243
54 79 32722 62
10 80 20038 157
64 97 28950 63
94 44 4982 207
84 9 22553 43
43 24 17748 156
50 28 50936 313
89 34 15441 61
65 43 38711 110
1 63 56938 18
16 37 158819 14
60 81 29162 178
57 9 14349 151
16 93 35170 292
33 61 64994 51
98 72 256243 139
49 50 6361 144
34 24 13338 129
68 8 16195 81
19 65 15551 555
26 55 21602 128
17 44 11592 231
16 1 14305 2297
16 100 44578 50
87 82 8853 993
26 59 40222 270
69 17 95553 226
68 47 13796 65
3 42 126030 101
80 76 8743 139
36 95 14328 127
96 8 17203 76
57 15 15287 93
12 68 130495 76
49 90 43849 138
65 62 111642 212
34 72 28105 79
76 83 11557 64
88 67 18692 295
63 32 185083 49
26 58 158742 133
80 89 61106 564
18 17 10761 19
70 66 1846 334
44 61 49330 76
31 52 13363 31
68 32 37637 351
96 42 12030 12
75 47 11580 71
71 27 151264 208
58 32 12496 386
37 33 22302 436
33 10 11087 261
21 58 47358 23
48 81 19940 257
65 36 7756 532
45 53 14655 114
36 58 40744 170
8 25 2705 1650
92 19 2522 567
94 33 22291 29
84 31 54377 363
60 11 49654 309
22 99 25653 96
30 31 19065 631
31 54 30058 455
45 46 67957 415
82 8 26938 931
58 35 107431 312
72 36 56549 73
67 47 41360 383
80 79 42264 100
72 63 15519 255
27 24 17941 942
33 32 8453 340
18 13 61722 544
38 77 64449 616
53 56 21485 125
21 32 14052 78
33 50 4569 13
64 89 29022 478
91 65 31854 37
5 35 22006 34
6 29 23391 109
85 75 17163 655
79 27 51066 243
14 4 215358 119
66 72 10300 53
3 14 23812 94
33 43 63815 119
92 40 70083 99
60 27 60722 433
100 2 3984 568
90 11 13898 67
92 87 46170 63
12 25 65228 536
73 11 39798 179
92 67 36686 121
58 46 6992 52
16 89 29123 158
22 60 10522 21
78 20 84009 90
44 87 75403 106
76 4 2654 868
12 64 34373 96
63 79 13606 348
86 28 5580 53
72 14 12952 480
80 92 118061 165
49 27 74034 374
86 100 17105 558
54 7 72537 35
38 83 82487 123
78 64 29389 896
53 96 45023 879
76 23 35329 732
35 54 5631 217
50 64 44508 203
94 14 18744 165
79 72 56154 264
2 49 65627 328
45 57 10753 194
70 74 6342 74
78 13 16215 85
78 77 7106 135
41 35 3603 268
88 51 5280 295
87 98 17280 74
37 70 167809 135
91 9 50877 277
29 89 17643 688
87 94 29017 91
64 1 19684 356
4 53 14904 45
21 84 31438 139
48 28 23798 194
91 77 34752 139
14 15 22501 574
94 60 32933 603
81 20 5131 92
42 92 43053 2985
70 67 36997 32
38 3 100898 625
66 43 22128 55
7 90 14230 1290
47 20 23045 324
15 33 10135 88
6 64 15105 198
91 46 5087 65
4 13 5620 216
62 59 57445 504
43 45 30246 22
73 37 11768 64
68 29 127578 35
23 21 3704 93
36 80 4225 63
10 83 5022 101
37 50 94130 90
31 21 4781 394
3 68 76305 139
89 99 14752 427
9 53 54363 106
9 96 26783 81
10 5 24305 84
98 21 21849 46
48 16 3311 394
67 83 27105 111
22 80 18706 89
63 97 72725 112
84 22 67497 54
90 4 20588 362
79 52 41958 314
85 73 106902 154
4 80 15768 64
43 49 37439 72
81 49 14132 90
94 2 2964 70
90 24 47140 171
46 45 13794 973
14 10 126954 162
80 65 31460 61
75 52 6727 69
6 45 12671 118
80 6 11986 78
90 50 11530 445
65 40 4800 384
57 58 25090 16
17 42 24210 37
46 32 30463 172
80 40 27946 255
15 19 30627 379
67 64 9640 144
32 99 21027 79
36 45 7344 263
44 75 25516 377
55 3 23121 88
54 29 29707 206
24 49 2446 172
43 70 16056 206
65 51 10626 319
47 85 7548 115
36 16 22419 127
29 60 28987 1289
92 9 19026 200
82 56 104364 362
73 26 11197 67
51 8 55725 156
27 12 5472 107
8 50 10079 136
67 87 37153 373
90 45 13775 82
75 40 13563 99
9 75 50925 535
62 5 6290 177
61 37 17679 129
4 35 46145 719
10 81 106315 154
73 21 14839 156
81 4 9296 33
51 83 54451 75
24 41 8916 231
35 77 39846 507
80 8 9487 161
12 61 5229 159
87 74 18948 213
91 63 14293 77
20 46 6932 85
82 53 44232 402
20 57 4569 40
42 91 5554 180
39 66 15886 279
93 10 8710 301
11 31 50036 240
48 57 5106 110
22 73 4480 95
35 59 14124 167
90 46 12870 185
48 89 62078 1134
94 71 22807 476
40 1584
80 264
91 16
64 276
21 107
87 256

8276775
