100 499 3 3
57 48 17791 79
57 81 40534 202
57 58 2064 47
57 35 18932 62
57 4 23243 34
57 78 37807 295
57 22 38745 76
57 76 38858 65
57 42 32940 264
57 89 2509 470
57 71 119310 164
57 73 37879 63
57 59 28840 322
57 60 52231 26
57 56 17289 366
57 33 3273 53
57 70 15664 198
57 94 5764 115
57 11 7677 115
57 34 49841 152
57 95 19398 167
57 49 84622 83
57 54 44949 39
57 79 18719 196
57 82 22818 159
57 83 77745 157
57 98 11874 273
57 25 14227 252
57 45 8737 410
57 52 44956 256
57 7 47497 105
57 8 49984 398
57 40 18028 49
57 26 4756 27
57 96 37528 81
57 15 48268 159
57 24 21902 229
57 61 5035 20
57 31 65460 115
57 90 20392 122
57 74 95300 275
57 6 80279 46
57 1 5339 202
57 29 7221 210
57 68 26854 540
57 18 11495 123
57 19 13968 388
57 50 28000 72
57 5 46909 1003
57 85 20429 171
57 23 95298 88
57 87 55383 226
57 38 11603 432
57 39 19646 34
57 41 10892 186
57 65 22911 128
57 84 90207 646
57 9 14078 236
57 100 4048 46
57 88 46495 103
57 99 44704 143
57 77 15930 95
57 27 67908 481
57 21 90633 83
57 47 33096 478
57 66 16862 46
57 30 60886 24
57 13 16117 105
57 92 6625 210
57 28 16590 165
57 3 55547 317
57 80 52741 56
57 55 52548 193
57 75 8229 49
57 10 23567 218
57 46 809 26
57 62 35516 87
57 63 14245 417
57 53 54388 70
57 86 29482 267
57 64 8283 309
57 17 55422 20
57 16 264218 15
57 36 12270 39
57 14 18100 130
57 93 20574 688
57 32 19052 310
57 37 1344 309
57 67 72871 421
57 72 29066 479
57 69 5540 115
57 2 26922 204
57 12 27090 135
57 51 9815 158
57 97 14714 877
57 43 21600 71
57 44 18706 113
57 91 13736 197
57 20 8476 138
99 78 21023 312
53 20 11187 1072
70 46 19518 386
2 79 23100 163
52 3 2939 261
42 77 81920 103
25 77 88253 130
59 32 44194 147
92 16 123604 77
10 16 65745 1948
20 19 24787 49
98 69 44555 285
56 99 42765 269
89 10 22294 83
29 21 16955 107
49 98 8233 433
91 1 79760 86
32 80 35144 254
71 72 49127 22
18 54 9210 279
9 35 13247 73
15 26 10260 363
83 79 32640 149
49 66 12347 26
68 36 4065 105
1 20 21995 58
58 42 29758 109
95 44 23202 256
33 7 12683 251
73 38 17816 141
53 43 11049 82
62 11 21567 118
31 39 31753 185
41 71 58692 131
88 48 15766 43
75 40 9592 19
10 13 36997 131
5 42 16542 520
82 35 9984 383
70 27 9047 487
34 46 30110 14
85 77 10737 25
12 3 39537 200
50 93 18536 274
97 65 38592 225
4 86 27212 347
62 64 51322 73
39 46 78025 324
55 97 44284 125
59 36 23099 720
77 58 56862 1054
81 48 169133 39
27 94 33008 95
98 20 9157 422
83 33 15964 557
99 40 13866 75
26 85 44009 138
61 8 19975 561
45 20 66202 375
83 78 14546 41
24 54 5127 363
36 10 413398 199
97 89 29179 606
2 6 3238 59
80 34 32708 446
13 37 18111 31
53 14 41544 459
4 66 49675 23
18 73 57964 314
4 99 114346 97
97 93 11238 107
85 53 65641 184
8 44 8717 69
81 3 61428 180
31 60 13772 201
92 100 14948 56
95 78 7740 147
52 18 77767 452
98 84 31447 175
18 24 19899 90
97 38 6905 116
6 77 8887 433
48 38 1377 358
69 26 54239 113
58 84 6730 248
60 14 24074 78
69 34 5399 283
70 50 48546 197
90 23 209526 278
16 6 9800 972
7 52 32971 731
16 19 11346 158
22 86 13848 189
69 9 9338 40
11 97 13472 161
32 77 29671 80
88 78 1979 65
38 75 224750 30
71 14 21948 1055
1 5 18963 868
21 98 40989 396
56 73 14663 37
86 93 18308 30
2 21 20100 126
27 62 13092 174
21 15 1484 422
56 44 7811 72
18 96 16881 35
73 61 30823 307
63 80 4070 90
2 34 35027 816
6 17 24681 359
65 1 32308 451
69 84 20488 65
76 51 34408 420
83 61 17967 57
24 40 79231 52
32 41 17401 249
37 50 16567 61
36 13 50095 31
48 23 11690 109
62 12 25157 223
47 70 12015 20
95 61 166382 58
41 39 24180 95
96 1 57298 548
82 10 28200 378
78 24 58661 206
9 51 6493 648
19 10 19985 131
39 66 14320 368
54 55 30144 82
4 69 18224 187
25 29 12714 254
62 68 13790 166
50 24 30973 170
6 64 61995 65
88 93 38232 70
80 30 5339 128
58 91 9825 325
87 13 36382 137
72 70 147165 69
1 12 15380 192
13 81 6884 49
71 41 82256 284
60 6 14884 3144
81 33 138883 290
61 34 9228 230
53 57 10288 272
15 85 19188 40
56 89 7444 36
44 55 12527 464
48 94 6015 235
58 66 43205 43
59 66 8052 94
42 79 25951 77
12 30 49411 148
11 75 3643 176
63 95 66153 188
98 72 18521 329
99 47 39790 112
85 5 12052 75
79 2 7992 342
92 40 92948 311
22 37 101972 382
62 45 57761 1342
25 57 26974 39
94 62 88620 81
25 18 23988 433
42 59 12696 39
3 82 7388 121
30 35 52341 546
44 45 1753 1139
61 11 35888 21
13 28 44596 296
26 67 12212 318
51 22 15382 48
49 21 9579 621
30 65 9631 190
73 40 19690 58
97 9 12642 77
18 34 48099 59
22 53 10413 42
28 29 38441 43
68 16 4705 20
31 28 44662 98
23 20 50569 288
12 26 60474 68
19 25 12590 295
74 27 36072 508
76 80 3906 36
37 18 19696 35
47 58 16001 95
55 78 15616 32
67 65 16930 62
49 37 62652 289
25 59 83184 73
62 28 53198 217
69 15 159598 119
47 23 49700 285
17 47 6092 147
6 70 27382 197
46 5 100912 43
3 39 14229 347
84 44 46923 466
27 5 45169 54
56 5 18586 192
15 12 55095 142
10 52 27641 54
94 47 69075 597
95 46 67164 19
29 92 28725 79
76 38 16751 124
10 69 27508 198
52 21 8256 101
24 63 6838 95
96 31 186685 255
73 19 19393 129
37 68 26616 39
7 35 9850 23
47 77 3371 87
66 99 11955 465
19 94 66327 348
42 58 16809 168
32 2 10188 123
69 68 5998 188
42 89 4819 241
16 76 46316 325
18 30 30777 247
82 70 4865 1245
87 64 17815 141
75 65 53114 31
44 82 14206 61
82 37 6657 83
82 43 75067 764
70 75 6667 187
46 43 52942 292
69 5 18543 70
67 77 12485 615
46 13 26812 112
44 30 46520 178
24 15 20171 466
73 33 93364 92
46 64 39015 120
72 48 2890 352
64 42 19218 331
92 70 28410 154
20 82 8155 198
91 81 18889 40
98 82 63620 141
63 61 10359 497
79 48 26791 201
92 43 26093 166
84 81 3112 44
12 76 14811 228
60 28 39882 702
16 58 30879 166
59 60 29415 542
13 49 30325 298
73 83 1798 274
55 30 348424 590
88 5 8099 474
34 93 35933 105
17 65 5738 56
93 47 16735 190
9 15 26499 68
91 89 36501 296
21 93 80441 49
14 92 8516 696
17 73 17329 45
31 54 22677 118
19 45 57606 693
13 83 65309 16
76 73 11571 53
61 80 4217 513
56 100 34549 222
5 6 15223 118
88 62 4461 634
52 78 25000 156
4 55 10320 166
36 82 5918 176
85 48 16850 88
7 65 4483 144
5 58 13632 18
9 46 24589 85
20 73 7319 1012
40 52 29682 621
19 89 26648 52
5 50 62064 599
49 23 18440 369
36 60 20837 110
33 87 84438 25
77 45 22022 149
9 41 27567 357
24 69 104143 41
89 38 13145 26
98 95 4219 142
54 72 104775 197
93 12 4729 222
20 84 6602 73
78 52 13943 157
83 93 25115 42
55 13 62998 291
61 7 6684 169
40 31 12431 44
86 96 73210 947
91 12 12134 54
55 34 12123 272
80 81 21692 130
74 19 9179 132
98 99 34764 181
42 11 3806 272
66 72 25352 144
22 83 9776 227
76 48 33675 40
44 4 15352 16
49 59 19404 69
42 31 5945 214
66 1 5214 74
44 64 16080 55
90 38 17963 94
97 61 35146 61
75 50 45146 345
35 66 126563 346
98 83 15222 131
32 48 67979 65
41 55 17258 109
34 31 4840 51
45 64 14545 899
15 75 35850 121
43 55 6317 50
91 3 2682 200
89 85 3484 637
79 22 3452 35
40 50 10840 31
7 8 14246 37
31 71 7353 108
25 16 25349 62
90 6 12192 123
89 61 51755 33
54 13 4884 71
78 12 3389 75
83 49 42020 234
18 82 48632 1354
66 44 28775 154
70 94 20196 356
96 6 35540 84
47 14 162173 231
43 80 86429 567
47 86 190729 146
11 27 6288 142
99 16 25390 28
30 86 68637 34
6 50 87075 34
98 96 4803 157
21 18 63039 54
49 30 21228 74
90 43 14578 760
11 92 130713 107
87 84 37542 373
35 47 32910 177
2 82 42800 202
10 59 40693 258
58 22 6849 154
4 38 14201 208
8 26 8155 286
38 76 65674 825
62 90 40662 304
77 24 10584 736
40 33 630159 168
56 58 12039 533
50 88 12671 101
7 74 2946 280
41 11 12819 40
8 39 33766 74
26 80 12465 245
23 94 9011 178
90 30 38597 205
6 32 14894 233
96 72 36498 175
10 12 17396 441
92 23 161693 38
19 21 5117 43
97 40 10538 444
8 67 7803 376
75 8 12886 76
28 14 28428 129
23 30 45145 110
89 51 9799 298
3 97 22150 273
72 59 20119 239
47 95 11513 17
19 15 10350 127
83 42 4141 121
58 15 2049 24
5 37 40142 126
56 3 7777 2390
9 40 29531 89
54 28 8544 1460
24 18 41184 127
57 891
98 99
56 344
30 817
93 165
82 189

49548471
