100 499 3 3
3 30 5737 54
3 29 32270 54
3 25 68264 68
3 12 6072 15
3 52 12019 62
3 95 10714 385
3 58 73139 445
3 7 36204 310
3 40 9781 189
3 92 14540 2359
3 94 8233 128
3 91 49772 173
3 22 3657 309
3 12 7606 13
3 85 2118 44
3 17 7548 367
3 1 58373 914
3 87 49562 50
3 38 15604 8
3 77 8843 188
3 61 18944 302
3 80 22174 221
3 12 9147 30
3 16 5635 4218
3 16 25073 40
3 95 47858 56
3 20 131950 221
3 66 21171 262
3 78 6577 158
3 60 97433 288
3 33 28018 124
3 45 18674 345
3 29 122973 119
3 39 29584 17
3 8 23057 30
3 55 129264 166
3 39 34355 217
3 55 49106 895
3 10 3282 101
3 30 4739 307
3 57 77292 1041
3 27 8532 314
3 47 75090 1330
3 46 16608 222
3 49 31484 276
3 85 22610 79
3 36 10950 155
3 40 12854 154
3 48 19787 260
3 73 15973 311
3 26 39154 49
3 67 41709 249
3 60 8289 15
3 1 58521 475
3 33 42908 20
3 65 65496 293
3 96 10927 481
3 14 71621 221
3 42 37798 398
3 72 29067 162
3 63 25517 916
3 18 16033 366
3 37 25609 245
3 96 16854 102
3 99 26224 612
3 96 14793 334
3 54 19893 94
3 32 35803 23
3 64 18841 448
3 44 178763 104
3 50 15100 1054
3 12 180608 46
3 97 302070 92
3 35 69228 231
3 68 59103 30
3 39 11337 547
3 63 26870 28
3 63 8910 223
3 67 25063 228
3 8 17369 108
3 1 11501 15
3 100 2538 137
3 10 58858 79
3 36 44656 101
3 11 41898 57
3 87 10133 89
3 24 49638 135
3 60 6468 158
3 47 24164 37
3 87 16825 291
3 71 33027 235
3 15 53350 162
3 65 28624 192
3 46 31770 58
3 67 254128 256
3 21 28124 18
3 14 7432 33
3 20 1815 77
3 82 25581 126
4 39 3797 102
92 41 3205 137
49 42 26048 28
7 82 21957 51
87 8 21700 224
32 62 6479 159
30 50 7249 119
99 56 8009 808
4 43 155209 97
38 52 61730 43
73 38 6528 24
14 18 25333 40
62 97 6008 220
31 67 51984 100
28 96 14344 329
63 40 39305 119
10 89 17645 103
95 4 21988 2585
16 48 5936 665
37 59 40708 164
24 68 36053 94
57 99 76191 40
31 78 44868 117
67 96 14252 117
27 32 14227 73
22 35 10469 121
49 27 9045 235
38 65 3909 504
22 99 53043 274
67 89 2344 425
44 95 23369 603
50 78 84832 187
95 16 4567 164
66 90 8705 312
43 56 5586 56
29 22 17024 614
46 85 16343 524
39 70 57089 262
33 60 67169 90
53 42 32980 235
99 28 11580 509
65 78 61861 687
8 38 21753 673
62 18 17441 268
31 27 46298 213
92 45 19000 49
28 70 23599 155
14 70 26536 124
8 69 14582 18
21 6 237742 162
82 97 76555 138
87 57 22652 65
31 21 19630 169
17 33 31670 194
47 6 1523 145
13 93 9536 31
79 3 8065 130
40 87 18202 182
41 71 24123 163
88 99 23107 72
82 26 18193 278
63 34 94591 607
94 46 49431 141
20 99 23575 144
41 51 97441 271
41 77 51403 308
36 22 21905 212
48 94 39289 388
2 6 10820 103
92 49 98158 138
50 13 31371 188
56 45 16698 515
35 20 45822 47
45 1 5190 654
55 26 13060 217
12 57 59845 35
95 97 30715 332
39 74 11111 62
49 81 13967 382
14 13 18338 80
63 37 7730 111
62 57 21558 212
5 31 21338 117
21 14 31655 26
28 95 7901 266
90 58 17374 50
28 59 124563 145
68 12 2045 125
12 43 30691 42
63 29 31192 59
58 98 59067 105
22 26 3368 144
69 97 55861 66
70 50 24950 303
26 62 19285 245
54 52 23825 263
18 43 4418 109
6 48 17171 78
86 29 31937 208
82 85 14597 68
75 25 1736 939
65 18 21060 72
63 49 22515 43
6 71 4659 467
61 92 8557 528
34 95 56704 43
6 59 119066 113
11 61 18442 189
34 45 7854 546
45 15 28081 939
8 7 157933 279
8 77 10530 236
14 55 17479 130
20 86 40184 96
49 96 15827 139
96 7 14483 439
80 52 58559 31
39 22 16562 119
55 9 190746 115
68 26 40682 136
83 58 10603 37
73 2 24658 387
83 32 10027 250
20 5 16318 202
42 9 6669 532
95 17 22208 67
6 42 22001 49
94 2 4164 25
48 66 39286 100
13 30 34763 318
20 63 4351 148
93 45 14411 142
81 58 5809 105
89 4 34660 217
23 26 11125 406
89 75 12207 72
17 74 9251 189
10 34 34851 26
60 66 28598 137
85 93 290088 66
55 59 5616 537
46 86 34301 45
100 26 16570 263
7 5 21420 59
67 51 11129 60
73 92 18155 157
39 51 21517 707
67 75 7848 249
66 3 49265 53
73 11 19162 221
9 55 26816 24
9 59 7004 453
48 77 38688 61
78 10 16413 89
55 49 35204 104
52 26 40751 55
22 36 22378 155
52 3 3270 210
2 33 896 606
12 72 25827 64
13 80 8657 53
1 76 60757 111
14 63 55792 115
75 10 21867 31
5 38 43679 205
20 31 37523 190
73 88 142107 128
67 34 35897 153
87 24 28214 170
35 11 10039 217
38 69 20986 174
77 50 16444 85
72 14 14856 677
63 56 17654 65
86 22 34945 822
40 47 8496 114
58 94 5852 40
36 37 9772 71
89 96 59475 78
31 87 16770 167
77 93 15489 106
92 56 31153 338
90 1 15500 186
92 22 32067 517
56 20 19393 62
100 23 32190 147
24 74 95237 230
13 96 1529 24
79 6 7156 114
30 43 41631 776
71 45 26353 417
82 33 13380 439
93 46 6051 247
49 97 11261 55
80 16 71205 581
34 3 50729 48
55 7 27447 760
23 53 18659 116
84 10 8106 319
83 67 46271 65
39 50 3011 9
6 35 186211 74
33 42 70791 541
6 50 13738 75
89 7 107153 322
66 6 7768 39
25 81 12975 245
75 39 104934 41
58 73 11844 91
77 35 13500 213
15 67 3818 134
21 52 36323 287
52 74 9339 483
51 47 60456 286
74 64 3253 566
62 56 35707 57
45 26 32572 569
82 66 3986 143
59 34 26657 93
63 32 28216 143
47 73 25442 25
87 23 23923 69
40 66 41573 76
29 34 25579 249
93 25 3778 194
16 42 48102 298
76 79 113747 257
9 68 13754 60
13 15 35249 42
66 69 146798 465
78 72 46011 38
99 86 17668 41
89 20 19445 73
6 9 35503 69
61 82 115580 53
36 31 6375 391
29 63 41786 88
28 66 19415 194
23 27 5131 360
22 69 9832 166
37 73 6906 137
30 24 62858 222
96 88 21733 150
40 54 15328 120
20 32 12120 229
99 82 9562 60
84 61 13903 44
1 80 16195 95
34 20 59162 29
97 74 10974 405
65 42 93387 299
58 41 16519 164
82 80 2372 63
76 65 39137 40
25 42 11477 361
48 97 18308 399
76 31 16571 45
91 3 11733 101
29 1 31438 1166
87 98 6800 1119
12 56 107341 100
91 70 13003 119
29 37 53662 497
58 35 22410 98
11 54 17666 101
25 20 1907 169
59 50 35759 314
18 30 9016 621
80 20 6498 521
13 50 9466 587
66 80 7989 198
72 54 20795 138
68 4 6653 43
23 43 75379 151
44 25 12155 63
40 9 6498 25
43 6 199005 124
87 41 48002 186
73 51 13194 105
59 46 11804 153
86 45 41045 74
63 25 67890 409
8 68 40605 31
73 18 90272 307
7 92 13632 211
14 96 136892 112
44 86 34619 193
56 51 136798 92
72 77 16069 68
43 2 7892 492
81 32 31835 942
52 48 146330 925
98 95 97522 106
49 20 17984 1551
10 9 21498 66
68 94 49582 36
1 9 118717 139
95 9 48249 58
35 18 5503 35
20 75 177328 111
40 90 16146 309
42 44 13489 63
17 18 13271 123
12 96 34245 187
53 20 10359 342
49 80 12339 39
12 94 12003 225
47 68 56020 181
23 11 77856 38
21 33 83166 603
66 99 20390 175
5 36 9888 61
44 63 16848 25
55 54 4379 426
95 54 25868 239
4 6 29406 179
2 48 8260 344
17 8 25104 264
33 3 25159 64
92 33 37513 158
50 65 36721 296
54 71 12933 100
77 76 7260 132
71 85 14196 735
16 13 22690 245
71 64 46791 132
69 76 33324 89
27 89 8445 114
71 94 132318 422
82 41 7169 503
31 72 4194 157
21 12 63800 1219
98 91 40480 28
58 82 16461 113
99 25 29292 133
29 40 30692 415
26 89 25465 262
27 99 6235 239
93 98 18617 55
22 19 15041 73
15 11 13490 220
44 59 41603 277
76 20 14704 259
100 56 13668 68
63 11 6471 385
7 6 20308 181
85 51 45261 120
58 68 667 312
77 12 42272 148
85 25 24807 43
10 60 10970 253
99 62 184047 58
84 74 34322 152
93 29 1587 110
28 20 24117 25
40 55 19509 124
42 60 15669 158
22 66 74362 117
71 6 47228 108
83 13 42620 73
21 50 27215 324
38 36 51256 106
13 9 15104 427
90 53 20456 179
41 62 35224 207
4 35 43848 35
22 65 25408 88
15 86 56787 63
5 50 54014 133
83 43 3323 16
5 76 18041 47
41 15 110690 134
62 7 16682 290
31 48 14003 72
28 89 13054 1025
18 14 8002 217
67 98 4831 70
51 44 10399 169
65 63 76939 160
17 75 4134 161
12 44 7941 109
77 22 48712 37
48 46 34224 411
42 26 6475 50
19 59 10488 247
60 88 6370 139
11 64 20102 43
82 98 21987 32
56 47 58865 628
78 93 8671 619
47 60 6462 92
95 51 27399 672
74 57 9124 71
51 66 10212 113
39 48 10771 208
76 85 5277 142
73 79 94437 237
27 80 7676 155
5 79 3101 144
84 5 90800 104
3 792
63 54
82 104
20 138
96 163
50 923

13903841
