100 499 3 3
3 36 36633 176
3 48 31219 169
3 14 74249 233
3 49 27816 1600
3 68 424038 26
3 95 42306 502
3 60 10436 78
3 30 24949 190
3 58 81612 358
3 100 56890 267
3 86 52087 858
3 53 46213 77
3 10 104933 120
3 1 6281 244
3 11 55320 306
3 73 62543 386
3 72 36015 251
3 78 4397 728
3 91 12682 183
3 16 17135 890
3 7 7281 117
3 21 5659 86
3 79 10089 1028
3 34 43560 104
3 44 9247 179
3 29 38132 207
3 93 24609 373
3 50 45664 113
3 92 6850 59
3 59 369409 388
3 32 13787 288
3 5 5750 610
3 81 36898 34
3 31 46050 328
3 82 22715 43
3 87 47912 168
3 9 7525 93
3 12 4905 311
3 85 4892 113
3 47 25805 142
3 23 45348 79
3 89 83464 22
3 26 352199 144
3 4 31810 451
3 56 81160 1503
3 74 10911 212
3 37 17076 91
3 38 10672 251
3 70 37873 52
3 61 24739 479
3 62 32981 254
3 55 63906 67
3 13 95872 233
3 52 10785 94
3 24 224533 70
3 45 17976 1400
3 57 24386 113
3 88 184997 149
3 8 28919 770
3 80 27960 172
3 17 17866 34
3 96 31948 252
3 46 30335 553
3 35 80168 180
3 69 80300 982
3 20 115041 145
3 99 4841 133
3 76 23933 133
3 54 16703 73
3 67 25219 272
3 98 8518 497
3 63 3017 131
3 83 122395 48
3 40 8377 228
3 75 17767 179
3 39 13277 172
3 15 6338 357
3 6 24033 114
3 71 26750 722
3 41 26615 158
3 19 11656 144
3 65 11147 54
3 94 2624 259
3 25 7814 24
3 42 10378 171
3 33 49606 296
3 43 20027 65
3 22 20014 62
3 2 23340 413
3 27 3662 245
3 64 17067 392
3 97 6168 676
3 66 8308 41
3 18 11548 133
3 77 19710 18
3 51 38834 166
3 28 8385 81
3 84 5770 17
3 90 12599 412
4 36 12231 86
31 63 31568 83
28 6 33544 205
50 31 48758 161
54 60 11757 51
91 55 3784 319
56 91 54526 248
46 74 25557 92
65 48 33887 196
11 85 67991 205
9 22 32237 47
1 40 440373 279
80 69 4610 318
75 82 12852 72
56 90 42624 162
29 45 32806 19
82 16 11338 149
76 89 9430 70
85 94 22888 107
41 22 26491 133
80 19 145201 335
20 30 15792 875
40 50 247882 206
65 31 13158 232
57 39 21584 125
24 63 844 1685
74 42 45565 201
60 22 19219 47
81 61 24422 135
85 84 48438 312
46 15 23293 89
23 80 15467 117
45 3 13270 166
45 18 21779 477
2 87 3006 429
38 63 12942 104
21 4 37887 163
66 55 66046 466
75 71 24915 602
31 76 11595 223
26 20 1350 263
95 5 23769 29
73 6 181632 143
26 13 18614 224
91 59 32253 181
99 88 20810 232
32 23 5035 267
25 12 34789 33
14 25 8431 253
51 8 86869 186
61 67 46026 1076
75 45 10237 111
58 72 25010 71
45 24 21472 246
34 80 21528 388
86 90 70443 94
38 18 58791 34
13 46 12495 406
61 63 14518 63
88 56 7850 193
30 96 47566 160
89 12 22411 123
32 24 15079 293
91 2 16027 208
20 38 30203 237
77 48 2417 1291
80 88 28773 242
68 81 11318 28
96 29 65175 112
13 28 104106 39
89 94 5462 606
92 56 23291 204
86 9 12479 142
2 71 5776 92
78 71 9355 516
7 69 10527 101
16 34 2074 157
28 78 34864 156
76 35 81886 159
37 29 10369 258
13 26 34243 37
41 59 5396 48
16 63 46575 171
58 45 13138 355
21 57 72131 117
89 81 9466 50
97 26 28149 125
45 82 5734 416
84 38 42703 21
39 61 31862 180
21 61 127925 487
21 91 17665 353
83 84 15486 136
84 94 56282 108
62 96 26339 250
74 52 27790 458
86 27 13740 1085
98 28 6131 138
57 3 41844 589
4 55 20390 92
95 27 16839 54
100 71 31672 197
93 27 81450 111
97 47 21367 270
66 82 14589 132
70 69 31810 307
66 68 27507 179
63 84 6064 120
6 92 90409 324
90 95 24483 31
71 47 10563 619
8 33 14865 454
36 99 49648 153
72 83 23974 377
21 38 93111 404
21 18 11859 132
61 17 36926 23
58 2 11913 78
7 78 70291 363
47 43 76482 2173
79 38 32844 236
2 93 23152 329
97 30 12943 135
96 81 230948 77
67 49 46512 844
41 12 22902 58
50 71 69429 30
77 62 31738 161
24 100 18168 38
94 61 47858 144
58 73 31527 248
56 26 12312 57
89 70 239200 762
15 14 60799 283
74 50 12671 85
53 79 12046 258
69 27 10366 99
35 30 37271 174
58 53 30465 160
15 2 53395 339
26 80 17347 400
10 78 46088 310
25 45 15929 242
61 86 20111 313
56 68 91592 70
98 14 33446 295
90 75 11351 153
17 43 8074 39
9 48 9894 112
60 43 34948 149
58 43 3691 191
88 41 75464 310
39 60 11783 219
28 31 44946 140
41 29 5061 73
12 59 7407 26
43 55 17148 228
51 20 10548 114
61 30 25264 124
4 25 13751 684
58 91 13850 99
12 30 18032 160
60 19 38677 108
36 88 30123 54
76 21 11709 308
95 43 15769 86
59 65 9910 418
66 11 47890 45
86 61 16288 310
57 2 15535 313
7 89 32037 76
53 81 578985 94
28 15 6262 169
32 7 97072 241
89 97 6342 361
75 40 74096 65
85 88 6149 551
16 12 27369 348
40 42 7299 68
67 78 30892 149
48 12 14162 75
33 59 195111 40
4 67 9229 98
24 6 64648 90
83 93 9724 53
32 74 6955 35
93 89 85647 395
44 78 7254 232
91 26 21453 260
92 17 39073 22
92 45 48620 231
10 26 44390 280
88 3 6212 259
36 83 229969 332
24 15 3268 91
15 98 25878 114
90 11 2811 208
15 70 24977 318
16 93 155936 12
1 9 8717 188
43 29 178381 45
33 76 1931 315
95 14 32515 118
51 9 41923 392
22 16 12449 375
30 85 5043 1364
77 75 39980 353
44 39 30436 154
56 53 17147 436
6 42 26623 398
84 75 23171 150
17 2 5886 167
30 18 25334 175
86 20 20317 123
69 84 15649 122
92 89 210652 126
22 9 113659 272
43 72 19914 172
39 49 14118 233
46 35 23937 192
22 81 2566 48
19 82 15587 176
18 39 3717 77
91 86 199756 95
99 60 12557 361
13 64 16204 7
99 64 2544 108
81 86 5434 676
91 77 80063 214
38 84 4661 257
60 79 9242 184
79 45 40123 82
48 27 67698 72
99 53 71420 121
78 92 33683 29
51 78 6267 111
7 9 36876 20
19 68 52237 78
67 26 39329 133
69 15 74176 35
41 74 10822 57
23 29 7483 90
79 41 31602 1648
96 50 27142 125
10 55 18207 20
55 83 27122 147
15 66 24401 252
73 76 51230 208
1 59 11725 244
55 82 21497 69
54 74 32782 132
86 81 16440 1381
75 83 43253 124
86 66 19861 83
58 100 10017 815
93 23 43917 82
75 33 5614 64
61 15 33726 273
17 51 75680 200
76 57 20486 65
2 4 49526 453
89 63 44526 88
24 10 20503 680
75 20 6644 123
58 47 41997 374
51 75 3560 197
81 30 83041 411
10 92 6222 185
80 64 12558 358
11 19 14094 28
4 31 30435 67
70 40 22149 135
82 4 45012 1352
38 15 8844 186
93 64 29653 371
99 97 5626 150
40 23 7045 172
87 39 9928 180
89 28 5538 73
18 40 16301 20
58 23 42857 24
43 18 11906 17
20 48 7359 81
10 85 46289 40
69 43 14141 50
43 94 13578 195
76 64 24522 401
34 58 58137 181
69 13 62284 66
64 12 7223 61
81 10 5559 133
47 37 21657 57
76 41 25262 90
81 2 69296 58
86 49 9480 256
12 25 4580 162
21 30 12183 133
58 83 8101 328
7 96 14524 115
19 33 38526 949
33 47 12937 257
38 67 8850 1511
36 50 8610 139
47 12 9872 165
59 48 12990 126
52 18 26839 159
41 73 17518 88
79 6 7745 163
19 67 29063 221
1 89 8769 40
82 61 51034 237
49 5 25351 85
21 88 69918 126
86 79 101573 795
61 88 16751 143
62 33 44043 188
7 12 53486 248
27 69 113299 306
85 46 35724 324
83 92 116552 550
22 43 57488 112
9 41 4194 180
74 39 18809 262
6 76 29116 41
12 73 78812 1674
85 51 4420 303
86 30 21500 371
4 17 51877 76
82 49 19078 202
73 15 73415 145
85 29 8348 613
43 61 23426 743
94 58 9088 33
71 10 18216 70
46 11 198962 752
47 22 21539 360
6 98 91454 1395
36 58 22601 454
69 49 52511 25
80 53 8255 515
15 30 12461 153
18 78 81430 628
100 92 10759 457
75 85 17415 82
41 49 20179 701
64 62 107918 893
96 16 18718 782
88 22 14683 205
95 59 134432 52
61 6 13969 126
50 25 10531 42
76 4 16373 152
79 16 149678 82
32 100 33531 122
33 3 21248 1792
66 21 15860 381
79 13 9621 40
61 50 14459 385
66 56 22077 86
11 92 12678 285
52 90 9199 1040
28 65 40575 203
63 38 5963 101
50 47 69775 129
95 81 20777 119
32 47 60117 196
38 45 4154 97
73 40 25013 111
82 40 31573 113
18 25 59293 257
98 81 11408 80
48 4 77723 124
19 53 1426 618
100 87 8867 35
56 46 45439 267
98 77 23786 156
13 58 16413 204
53 41 12635 858
93 47 5252 606
20 66 41289 656
78 73 36189 469
55 73 49460 353
69 2 49505 198
36 5 46964 72
75 92 15846 153
99 38 13616 34
58 76 7809 50
91 94 103092 706
6 13 9399 144
41 87 3882 72
90 70 63817 476
1 91 34684 24
43 49 22408 41
98 46 50831 123
71 79 20231 32
95 58 11314 147
25 44 15297 226
96 98 9137 316
13 99 10086 35
58 80 6853 111
3 1188
58 52
86 180
30 269
81 388
12 306

14476669
