100 499 3 3
20 37 10154 83
20 56 11523 131
20 74 50487 51
20 15 13251 223
20 61 51768 90
20 31 155591 460
20 35 73386 66
20 11 29811 229
20 39 16295 2030
20 99 83661 1963
20 83 100265 242
20 65 32115 157
20 54 5633 85
20 8 24610 43
20 76 40708 98
20 4 17549 90
20 95 60363 91
20 22 39719 202
20 69 10511 373
20 64 21132 261
20 97 50501 33
20 52 12848 90
20 58 19737 352
20 78 11046 465
20 24 22099 77
20 27 8275 53
20 79 91659 86
20 10 24880 142
20 18 5653 349
20 6 16855 151
20 30 32659 34
20 25 8944 105
20 16 9109 72
20 40 16949 669
20 86 136607 15
20 45 11579 90
20 90 38778 24
20 82 11101 320
20 33 34356 179
20 80 5898 55
20 53 5472 55
20 59 18165 716
20 62 7721 216
20 29 12598 70
20 77 5927 624
20 87 6731 64
20 96 14809 218
20 5 35389 46
20 7 20632 89
20 93 31614 1532
20 36 11881 207
20 63 7059 46
20 9 10822 93
20 44 30465 337
20 13 6005 105
20 55 6685 101
20 68 20481 889
20 19 32267 111
20 41 70986 79
20 100 41229 218
20 70 21599 150
20 60 8259 159
20 51 23804 372
20 1 20721 362
20 38 32069 117
20 73 26104 229
20 89 15679 188
20 47 21484 282
20 50 17403 43
20 98 50532 80
20 2 26072 167
20 48 27934 57
20 84 98018 60
20 71 11600 272
20 57 17741 321
20 12 111219 21
20 94 9795 38
20 91 15493 6999
20 67 38764 52
20 85 8967 92
20 17 8423 31
20 46 12372 150
20 14 19785 34
20 34 3427 283
20 75 25796 621
20 66 165884 82
20 23 10721 870
20 28 139139 22
20 72 5897 842
20 49 36239 303
20 92 41963 65
20 32 89838 849
20 26 27706 157
20 3 65842 177
20 81 42028 126
20 42 105621 175
20 21 25358 391
20 43 56209 17
20 88 99635 243
87 74 23412 316
8 38 9385 274
31 40 54643 38
69 28 1977 403
29 14 33661 84
72 17 11318 183
69 62 4376 165
82 68 64077 183
93 37 2202 53
80 20 7450 67
31 88 13099 178
19 3 42453 225
13 31 34498 390
26 76 45885 53
35 63 3241 50
77 67 34132 128
44 20 18960 419
56 35 20688 805
21 20 76180 268
59 78 8960 609
2 6 28447 59
98 74 32963 28
50 59 24927 102
73 81 7238 87
37 92 50756 20
18 91 11644 169
57 33 16107 106
77 99 48959 140
88 33 44432 335
55 83 34535 78
18 43 3845 521
99 71 53733 40
44 41 21305 898
23 96 33131 684
10 87 21430 703
15 64 60636 177
18 64 20345 703
57 37 8060 370
64 44 73315 64
65 34 23986 20
53 36 36728 488
9 80 5123 218
7 48 11094 127
65 12 84016 384
54 70 14815 164
35 57 21967 129
90 67 17206 40
79 76 10396 118
26 41 131148 382
29 30 38744 91
3 67 7532 61
91 34 46150 69
41 44 167213 311
10 45 13570 252
46 64 8922 49
2 70 12279 316
41 97 19176 92
70 26 6089 171
82 2 37119 72
21 85 3569 193
32 35 48266 150
34 10 31571 706
72 95 5867 374
57 36 10121 37
4 48 11274 59
91 21 28166 52
75 40 76377 37
48 87 12755 145
54 15 54464 105
26 18 19379 54
88 62 4347 249
96 87 72874 99
25 92 125720 1527
1 15 33002 101
19 31 6859 131
26 70 52424 72
6 62 25446 615
96 77 10494 162
68 64 30661 545
78 42 57063 29
77 56 183127 241
22 51 18670 32
44 26 26342 51
93 61 12111 185
10 91 14133 44
69 37 7039 189
94 46 251278 97
34 88 3689 84
4 70 12572 837
9 68 14137 58
9 24 30691 548
13 88 49115 275
44 71 17341 72
7 25 26242 58
21 79 14073 132
39 4 12841 197
21 32 64431 176
27 87 8753 143
58 57 25563 105
77 44 69252 641
60 29 30786 196
36 45 46079 71
88 11 31593 80
61 1 24750 140
30 58 4430 48
49 27 147478 48
57 32 30395 259
7 20 12798 52
70 49 16860 83
72 36 4733 158
68 100 30365 1496
6 17 2103 118
15 41 128073 8
100 94 21836 124
11 19 14793 51
59 67 47257 282
1 64 221664 252
66 89 34155 95
79 94 16597 313
34 62 4586 167
6 83 50253 135
14 30 43935 863
94 100 47304 70
75 88 18859 439
77 71 15910 315
19 41 24260 59
83 63 9339 220
76 71 1281 290
30 70 22918 124
7 23 9022 96
76 62 9231 321
80 32 6855 894
67 35 18391 167
16 81 78849 321
12 95 18441 218
39 98 34870 346
35 77 36002 148
16 14 4340 822
33 48 11173 264
78 98 56716 416
12 57 12231 747
85 12 89738 41
5 19 2968 28
89 40 49556 286
44 18 24622 91
36 23 20820 116
35 73 7577 264
17 89 34718 136
23 1 84019 100
21 70 8829 83
77 84 5285 45
57 89 31489 406
75 62 25928 1027
95 12 21064 228
93 86 28033 375
23 25 47979 494
8 17 5584 36
29 15 18510 200
21 44 19965 366
71 4 63898 3303
41 23 68051 43
36 4 3722 59
65 45 39766 120
48 69 18225 252
36 50 20534 86
38 73 108829 731
65 25 11084 374
98 35 22704 445
2 43 88835 173
51 45 11048 543
15 95 13737 276
95 37 28871 1219
93 69 3376 251
3 59 1130 465
53 1 9416 268
34 1 171529 44
70 77 6305 166
69 70 15748 398
97 45 11950 312
16 32 9629 72
36 96 23882 42
10 27 43163 139
100 5 19609 274
89 74 8307 33
83 9 282375 287
4 66 47312 100
18 1 31882 57
7 28 59413 382
37 80 3310 456
86 62 18619 141
34 67 147452 146
5 83 4796 164
100 99 40024 40
52 80 4929 140
38 89 112420 318
72 9 4926 123
32 37 12166 67
97 76 19975 173
38 84 57298 269
41 88 74781 300
79 82 36914 24
59 24 26172 68
44 35 6982 17
44 96 17164 36
99 70 3005 269
44 69 11645 39
32 26 20163 201
75 76 31341 100
82 52 114138 54
10 5 18855 357
60 19 35810 89
11 1 28506 739
93 38 26047 513
88 13 12428 232
14 23 12654 141
57 48 11241 179
97 18 2138 164
70 42 27973 358
65 32 20450 129
42 45 197517 78
72 100 24012 118
15 43 23253 254
46 25 62944 80
40 50 23010 181
98 49 46879 170
87 22 5843 89
50 33 3756 273
70 53 6185 159
79 64 46705 181
100 66 22189 253
71 35 125846 472
100 11 3557 101
54 94 31455 418
82 27 9047 323
45 42 15221 739
79 68 15718 90
70 11 46296 82
87 94 58799 708
56 31 26695 84
25 99 161424 417
13 90 75530 1037
48 10 3523 228
12 44 18355 217
98 89 16260 42
71 52 39705 71
30 6 13876 165
44 21 11942 184
10 12 15472 252
58 15 21818 136
67 25 14364 90
21 42 84404 40
68 47 35124 540
21 96 63048 348
44 83 98250 155
51 77 16155 106
97 15 33572 526
66 94 17553 126
57 50 15634 135
22 31 78967 215
56 70 21798 442
34 15 164108 111
71 96 53483 68
41 1 63432 60
39 38 30457 185
11 24 21327 352
47 85 60487 134
95 30 110771 110
11 65 44409 76
38 29 27070 132
79 55 16321 67
24 75 11326 259
78 74 32108 46
46 33 157889 347
80 11 4018 961
90 97 27140 256
47 94 16912 167
35 91 39912 55
11 74 32845 397
6 63 11533 68
68 79 5221 98
94 88 19759 116
78 22 6524 418
98 59 3322 113
95 68 14953 27
35 34 26251 454
40 21 11227 360
24 69 43248 113
62 16 10842 321
33 65 38408 464
83 10 5867 133
96 95 6832 112
92 49 7282 212
96 21 24965 26
94 83 11259 134
14 87 18255 63
97 36 61091 212
48 89 37100 207
77 23 20363 638
44 42 11714 208
19 24 23650 51
83 66 66301 148
55 50 39847 78
76 30 60933 248
32 93 30071 126
1 90 6835 261
72 74 16613 1463
87 88 22183 267
95 96 12956 220
10 4 13828 186
48 51 8774 74
15 85 12888 110
80 56 91285 52
64 34 21447 92
84 94 11389 209
46 22 32180 38
68 14 7525 615
71 91 19807 104
37 43 8561 511
48 36 15949 72
74 82 2498 54
66 69 85766 1126
62 91 25153 190
41 59 53409 313
90 66 79689 143
6 77 4151 143
7 53 6934 132
39 97 125135 66
55 58 18714 502
67 66 5250 276
22 84 102703 275
81 30 14251 88
89 7 35374 127
12 71 6808 128
81 57 17914 612
86 92 171472 187
23 37 65951 16
16 2 143186 362
17 97 16304 149
87 98 11864 56
53 50 21676 199
19 67 142042 94
37 77 13380 289
10 47 14605 583
14 40 8729 100
96 26 38134 186
61 21 23488 134
72 94 7253 146
29 89 13701 142
61 74 20547 103
30 68 17737 65
2 1 60485 124
76 4 29843 348
15 35 9750 369
34 98 119394 289
47 20 18218 737
54 6 45902 140
91 86 34543 31
11 83 26863 227
97 89 6545 751
85 25 45648 225
79 86 21715 76
32 77 12466 83
99 48 11632 99
57 41 21807 73
83 6 42398 73
46 34 116246 118
63 54 12000 15
14 19 12428 44
30 24 169462 171
80 21 11538 61
43 99 48968 219
37 96 13696 27
27 100 25830 55
67 1 46070 200
12 29 145395 358
38 55 74577 296
86 94 26168 33
18 45 8407 74
17 95 11953 354
62 10 109986 27
9 37 10819 66
18 82 133977 732
3 100 5729 451
15 31 86808 311
97 32 6943 249
71 9 59271 20
6 100 33327 83
9 58 29580 31
59 94 15817 1175
14 13 3593 31
77 4 20933 347
69 3 10083 128
12 63 19401 129
83 64 45342 39
60 84 11250 165
69 43 98410 124
75 85 69020 467
56 66 16706 144
1 34 37043 138
6 60 61300 48
20 1089
44 33
77 64
94 210
70 401
1 75

13114714
