100 499 3 3
20 100 36651 274
20 33 40248 31
20 8 3397 428
20 97 78169 144
20 59 28531 144
20 32 12242 40
20 64 21488 177
20 46 123869 150
20 65 5312 76
20 74 3188 131
20 54 24741 56
20 16 29551 86
20 95 46644 364
20 7 30837 229
20 88 50893 12
20 21 91187 581
20 18 13521 10
20 50 15783 179
20 82 48197 916
20 22 9523 70
20 93 110032 66
20 63 117130 32
20 48 12997 344
20 78 11322 98
20 41 14382 742
20 73 26810 426
20 77 39826 98
20 87 27287 55
20 75 8428 631
20 42 15996 83
20 89 17440 192
20 26 29937 144
20 79 66592 341
20 70 60126 293
20 91 22445 1667
20 37 9675 258
20 68 7029 488
20 96 25661 21
20 99 31396 228
20 24 14472 275
20 83 4899 85
20 58 13324 194
20 94 28658 147
20 19 111451 107
20 84 8545 54
20 57 18818 72
20 53 20549 328
20 10 53861 193
20 69 26131 76
20 71 28320 632
20 25 12112 276
20 11 49898 293
20 40 19861 121
20 13 19194 25
20 55 343376 31
20 31 37549 448
20 6 25156 246
20 45 8620 350
20 3 11491 170
20 98 8302 141
20 49 15877 61
20 43 19198 225
20 34 27893 294
20 29 1638 879
20 90 780183 549
20 62 22032 90
20 17 40964 100
20 92 19625 79
20 86 121092 160
20 66 25118 82
20 36 10781 109
20 72 21641 185
20 67 3681 75
20 12 15439 59
20 35 7461 41
20 61 78791 56
20 51 10727 387
20 52 10450 74
20 60 36395 150
20 28 13315 5466
20 76 125338 39
20 38 7962 126
20 27 125323 924
20 9 2660 19
20 85 8422 124
20 56 21825 67
20 81 4754 234
20 14 43816 34
20 47 85218 98
20 2 34683 50
20 44 5581 116
20 5 22264 167
20 30 14330 444
20 1 27361 106
20 23 52355 78
20 39 29757 131
20 15 18217 44
20 80 32496 112
20 4 6704 642
77 64 3474 198
19 49 61171 194
26 80 21418 208
73 32 26941 11
34 25 67418 163
64 84 9197 333
45 72 8827 323
9 87 17950 29
33 25 24850 38
60 70 2275 230
31 5 9321 61
42 96 100812 300
13 32 7192 93
74 63 33668 117
100 76 252587 24
25 58 7051 148
28 46 30658 184
55 46 12965 97
62 1 24213 55
56 40 8818 792
67 32 25509 595
27 62 49561 10
76 27 35846 290
54 59 2682 321
8 64 10139 328
36 56 105691 104
82 99 11567 223
38 77 20771 26
13 69 123059 246
25 85 38606 1920
55 86 83592 88
18 15 34939 138
31 15 94055 230
31 79 29539 39
84 41 14401 738
33 30 83962 545
65 52 31438 53
79 70 26385 419
21 30 18256 217
10 77 5830 422
50 32 3963 53
74 3 23617 199
33 4 41243 171
16 33 59179 101
67 23 10793 41
40 71 42364 228
34 76 3418 379
64 95 14029 298
52 31 8987 98
59 49 113215 506
41 49 26770 724
25 30 15166 154
99 20 27239 62
89 80 25547 34
97 63 18789 86
13 4 145837 12
98 100 14197 402
23 44 12584 48
41 34 10117 67
84 17 12674 150
40 98 102175 85
85 99 37335 327
91 31 32585 93
96 82 41348 73
27 69 38754 48
80 26 57305 320
70 53 6905 169
7 72 2558 46
23 4 22294 642
1 60 54964 387
45 53 104921 156
24 39 16210 66
93 8 24552 20
83 52 12295 157
11 24 45198 444
18 28 51851 432
15 53 54267 314
42 87 2090 108
74 86 15996 120
22 38 37466 180
3 4 8991 203
5 41 19687 668
77 71 64057 111
90 59 14899 64
43 67 4221 174
42 3 5424 166
31 44 3736 369
15 75 27021 261
45 37 21355 382
13 26 30905 544
4 73 9719 104
39 33 30163 71
75 37 13542 184
92 80 21656 629
13 36 4145 336
1 53 23733 247
76 28 229460 110
57 14 45968 332
1 93 38493 81
96 26 23886 227
4 7 96573 202
11 94 40613 18
45 84 9475 373
11 80 151747 248
83 10 43672 20
16 32 19288 90
89 33 17928 290
17 41 33033 42
84 14 33039 28
51 18 11213 159
32 96 46819 65
26 98 7615 552
84 40 34995 146
18 85 9627 785
33 85 18261 44
56 6 91057 491
35 86 37601 42
74 23 21802 312
96 42 14597 30
72 50 5339 123
100 82 22491 892
6 42 22803 303
81 25 86651 405
73 91 10338 93
72 69 78117 50
36 82 6767 40
52 12 2518 91
56 81 111986 126
53 26 121249 154
50 65 53857 264
7 30 32780 9
49 30 20498 136
17 21 143257 814
91 63 25126 570
71 79 79929 57
34 60 7039 59
65 99 5486 177
12 93 10926 603
70 9 22880 308
76 29 19992 2349
54 77 28600 60
21 97 20098 154
26 89 13774 68
54 6 7385 194
60 39 18550 240
48 5 34978 403
45 33 3860 33
84 69 50350 791
98 97 13711 64
68 16 5282 108
19 27 11289 384
4 17 50854 229
25 48 65798 284
38 31 29983 47
27 25 26680 130
51 76 5381 554
13 54 38097 200
84 11 60175 162
67 41 20530 406
26 20 56166 248
30 28 7226 350
6 35 59496 37
78 45 46683 854
68 13 14628 57
90 2 74623 31
82 47 41102 328
39 78 24293 44
56 61 2440 142
55 84 44610 74
47 96 36744 25
70 27 9871 85
51 50 51553 533
49 55 48625 135
75 77 20972 297
11 77 36525 132
71 69 21534 129
9 28 37140 101
24 56 15411 19
57 73 44013 51
94 71 41295 96
13 33 149156 233
2 77 22709 43
10 100 101053 14
100 93 8703 428
58 82 22643 62
74 34 5591 114
21 67 12969 125
4 20 32088 227
34 85 2988 179
85 39 40344 91
85 91 15796 187
65 62 11541 239
61 67 6468 93
81 62 30848 45
43 15 30274 93
17 50 9869 45
69 99 8809 48
64 53 83187 147
49 12 17692 309
78 5 7490 120
41 91 193681 151
16 76 26161 88
76 81 202692 47
8 51 14676 658
45 66 106113 19
97 77 66110 262
56 23 20409 828
31 24 19461 147
14 55 38470 493
87 23 14726 35
31 45 18929 326
78 63 171307 43
67 90 21075 238
95 69 28346 187
89 18 53237 472
100 17 31817 157
57 67 69448 285
22 82 28146 477
98 82 143714 313
74 16 11070 180
17 96 9614 50
36 19 8147 216
74 45 19774 234
82 3 29532 167
79 23 41384 66
49 93 18374 185
49 75 20379 46
7 75 7389 1212
22 25 11185 114
28 6 17606 41
53 91 1931 506
14 51 12795 36
4 13 19889 81
79 62 35333 116
39 80 27616 146
32 54 25801 22
93 100 202853 93
9 6 13910 270
15 25 19536 177
37 92 10645 72
37 77 23442 53
13 74 157936 130
70 46 60553 257
32 71 7245 73
4 35 38692 73
26 38 119741 251
28 57 45973 97
64 3 22900 903
82 57 43610 1044
92 32 28905 666
23 24 14989 54
52 100 31740 1061
47 52 76180 138
35 98 38716 499
91 5 82400 350
88 58 39891 353
61 22 10594 69
18 89 67999 106
58 42 85891 40
75 49 24759 35
28 58 6193 35
43 72 2537 275
98 94 102124 303
93 32 80906 1383
57 30 57645 28
25 56 21227 198
41 33 4166 290
23 42 5020 42
76 20 15119 127
100 24 35390 321
34 56 14848 64
44 17 41170 96
61 80 7818 204
44 25 150378 86
35 91 3448 889
85 56 7387 146
3 90 76432 203
62 53 12395 188
95 85 19650 296
60 44 12513 60
92 88 23088 218
41 72 23111 103
12 76 9997 132
81 77 13376 29
60 51 38879 199
5 21 14424 303
43 80 60323 260
64 8 24296 35
83 39 7786 284
28 59 25516 322
44 66 3914 98
87 52 68387 210
49 66 41726 197
5 40 16431 37
54 53 39333 141
29 15 27375 135
47 34 275687 98
36 58 17177 268
57 28 46854 54
98 6 28679 104
79 21 18004 2326
61 52 44631 796
6 100 15384 745
19 30 71531 164
28 45 58052 73
82 48 36247 278
79 34 6748 55
3 83 7763 45
40 50 8774 393
2 67 23695 171
12 57 11766 22
28 77 15934 7
52 10 8195 373
56 100 120590 64
88 32 30938 360
44 54 5909 41
56 76 17514 304
92 82 77582 73
36 50 30129 94
74 31 96849 82
11 25 15366 317
80 7 62347 172
61 26 8401 259
76 58 2472 240
69 63 14489 87
49 97 40036 427
89 74 19804 97
34 96 24393 50
52 42 44768 116
35 49 17371 238
42 58 28658 848
42 27 23731 72
90 70 51850 1007
22 89 23142 26
73 62 26233 153
68 43 45588 22
27 49 271930 219
1 26 77994 442
39 32 12153 75
54 78 4710 34
43 55 11643 48
26 23 667 134
15 57 9509 15
79 64 71961 94
26 54 16243 513
1 42 46796 76
76 12 52506 188
70 48 35009 183
93 35 2221 30
99 64 13503 100
66 98 30785 142
75 22 9047 81
1 8 11670 135
25 94 14467 31
41 59 30108 369
15 86 11506 163
45 51 15588 164
13 45 28108 224
29 87 11003 122
29 94 6199 47
95 89 33613 323
84 75 65334 182
45 4 43339 480
27 98 70156 580
1 70 2977 62
76 86 53629 57
11 2 12512 240
78 74 6141 44
90 22 2847 63
35 32 3805 139
72 16 39394 246
45 15 57482 47
27 33 9952 45
35 87 12253 38
32 57 10482 104
46 30 77906 145
73 94 85595 181
96 27 51367 164
89 93 4002 283
94 30 25961 52
60 30 36899 379
47 74 116994 429
97 23 27226 101
86 45 20180 601
4 93 15476 72
72 97 14884 47
32 47 87290 72
88 19 19070 52
28 81 41836 352
91 51 24205 644
27 26 15709 278
88 86 4397 53
18 41 29098 243
61 86 93239 192
34 63 45559 330
66 7 6367 53
40 84 36356 159
14 61 187816 86
49 32 27173 417
3 79 9014 90
20 6435
45 117
13 27
32 400
77 1317
30 827

95726564
