100 499 3 3
49 29 5165 54
49 94 8584 59
49 97 9966 574
49 9 17066 61
49 45 61521 148
49 93 86134 54
49 81 12832 166
49 62 54087 165
49 52 12045 272
49 69 21208 30
49 9 12249 180
49 14 15999 153
49 33 27757 347
49 31 15946 254
49 30 4442 133
49 88 75834 153
49 36 40645 221
49 72 46436 625
49 72 7851 435
49 29 10752 178
49 52 11058 519
49 50 8650 287
49 89 9789 218
49 13 3601 168
49 9 14730 681
49 67 10758 242
49 62 32302 27
49 90 19163 168
49 66 10080 721
49 58 74697 550
49 62 31921 83
49 70 95495 509
49 20 11935 728
49 65 46434 256
49 6 20207 164
49 7 93654 44
49 23 5482 938
49 42 14008 303
49 98 4556 117
49 27 8324 128
49 35 25820 509
49 89 96219 103
49 12 80843 123
49 13 60021 167
49 66 17712 208
49 33 12702 13
49 67 5633 50
49 70 8472 329
49 67 18434 40
49 60 26403 89
49 23 27863 53
49 15 20130 905
49 9 26479 40
49 47 9075 187
49 21 31166 216
49 71 5367 217
49 35 57331 59
49 57 13670 660
49 92 8649 54
49 84 26658 68
49 4 26818 173
49 77 11336 89
49 56 60974 80
49 28 14530 48
49 16 135604 221
49 22 21401 165
49 13 61042 496
49 71 27747 51
49 38 16262 88
49 65 48951 108
49 35 7415 458
49 18 63585 116
49 2 7234 179
49 50 167391 33
49 84 11636 38
49 30 24028 129
49 80 42280 239
49 46 8241 1661
49 57 4703 1614
49 76 28891 191
49 33 33928 66
49 16 3051 269
49 50 6096 116
49 77 92000 285
49 3 96012 204
49 61 2257 629
49 4 23604 119
49 86 5961 313
49 73 6474 134
49 31 14624 243
49 79 20325 65
49 80 13425 54
49 6 455 169
49 85 208536 453
49 58 20565 433
49 65 14958 455
49 77 477740 817
49 95 18934 38
49 68 56891 167
85 20 15192 282
24 71 42973 685
19 32 9366 267
100 91 53474 168
98 69 7020 7
13 97 29668 299
39 9 8588 113
62 20 22170 546
3 43 6795 185
9 38 17967 252
4 21 19441 1019
71 26 352451 228
38 81 19226 301
5 19 32922 1993
43 94 24335 292
13 1 77141 46
30 13 52366 98
14 88 3441 408
85 79 39396 103
36 43 9857 333
31 3 60550 107
11 65 22218 254
95 44 16516 53
43 79 15465 157
58 70 2364 1444
40 29 97738 515
82 31 6292 110
65 55 14112 161
5 58 63485 97
69 54 16423 222
29 72 248956 94
67 83 24440 35
13 32 25644 446
58 51 16751 60
87 13 6239 57
32 73 18812 86
59 27 5789 639
73 5 41487 37
80 99 191965 86
74 2 95588 261
58 50 15331 952
48 38 12912 129
79 16 7432 117
64 43 24168 351
40 20 183747 131
7 52 19117 27
39 5 12254 391
96 67 7088 51
94 8 22465 88
35 23 32051 164
70 50 6924 527
1 53 30497 164
89 75 52041 345
31 63 4423 83
28 97 19839 230
32 64 47216 37
24 37 2058 103
45 77 14301 36
70 3 12078 227
63 19 10823 561
74 40 14111 113
20 81 39032 381
63 70 48026 235
91 74 59768 416
30 83 29056 211
97 20 29850 204
71 53 11393 13
14 12 139852 849
44 11 15195 282
51 53 51225 563
84 17 16843 236
40 10 8666 491
100 49 11865 286
86 59 12205 268
90 24 226631 200
90 66 146641 188
69 74 20790 279
30 12 9570 164
53 6 20338 49
24 49 77022 150
16 28 46661 554
4 59 40495 558
83 28 6089 198
32 24 32428 55
13 22 4288 558
61 74 2662 876
91 25 27344 267
79 6 12253 143
5 34 5667 319
43 10 50085 111
6 38 41512 51
43 71 1525 487
74 94 18187 50
53 59 3116 71
24 97 81357 50
97 53 60811 721
9 44 99782 5
12 74 20967 87
29 83 28049 18
70 86 29415 67
61 27 11754 19
50 10 74133 118
90 64 14752 51
17 1 207350 353
15 56 4341 223
99 47 31574 127
25 66 16466 191
55 35 38380 405
3 42 28150 325
95 58 22872 789
16 9 51791 395
5 77 34838 514
83 93 84131 1069
89 6 56998 92
97 98 9529 132
59 26 25986 382
86 54 96224 605
18 26 5391 359
45 85 3351 107
37 13 52195 49
49 74 4067 199
98 91 22198 174
40 83 82801 38
100 17 5321 104
43 99 23516 207
7 98 33505 41
21 56 23654 614
97 17 55434 137
68 45 23130 107
76 35 20921 63
80 52 26141 216
22 35 14300 692
21 81 4886 178
78 51 17968 221
98 97 44008 177
13 9 7274 62
68 39 25702 1239
92 15 12082 226
68 54 51836 118
82 51 120346 63
18 72 10152 51
61 20 6084 108
50 87 9101 71
94 97 43688 468
5 97 31555 91
62 64 11133 146
65 69 21340 19
47 3 60068 151
100 28 19517 193
44 7 38660 139
34 4 16664 180
37 68 63941 35
97 66 11137 484
52 66 4107 360
33 88 8525 364
95 90 9385 173
10 6 4907 236
12 54 14097 119
10 44 4114 107
26 33 50583 181
2 24 19887 274
97 35 2422 80
70 27 49206 98
38 1 26025 186
80 93 19750 347
30 4 8254 203
95 42 14178 90
37 25 66399 434
24 75 283830 151
21 95 27987 35
78 83 15611 41
95 85 5131 54
76 73 17616 213
75 73 105685 282
17 45 2633 326
43 37 19468 49
31 99 105013 128
77 14 54544 142
87 64 46536 380
87 99 11884 88
5 21 41648 298
70 79 55049 333
3 55 50773 36
14 74 72792 136
52 97 8713 30
41 44 35385 53
23 20 10361 507
4 73 23001 43
87 36 12176 174
45 82 13013 597
43 78 78235 92
35 81 14013 101
93 86 17777 8
28 72 40766 73
82 43 32458 232
41 80 70013 1171
38 52 15601 51
93 30 13023 392
50 18 13319 374
57 6 8824 53
8 86 30300 178
32 41 4445 169
52 5 20319 57
69 24 9161 338
89 74 9547 2033
53 89 25187 174
38 57 58629 144
22 4 40527 162
17 79 9986 126
35 63 27115 253
75 13 11539 220
71 55 3783 171
44 25 19946 212
99 6 19280 109
5 38 33395 89
46 10 23746 100
58 61 24320 312
50 30 75373 144
41 71 27538 178
39 79 13210 320
28 61 3590 202
50 95 56760 54
68 5 1307 2718
39 27 11340 223
100 98 19348 14
3 4 27749 218
31 59 15695 89
43 35 11486 358
47 40 5712 227
23 21 11767 391
42 50 17349 176
65 37 86261 235
60 81 10709 735
28 30 24864 494
100 84 64518 67
35 70 10101 102
2 43 5387 567
20 22 61951 135
83 9 12008 460
37 41 58508 72
84 54 6832 211
7 58 18168 165
91 57 24199 394
58 10 7563 221
54 23 50357 460
52 59 50203 124
90 100 48945 13
96 80 36081 1040
8 38 17859 170
87 79 14499 161
56 94 43386 42
100 60 3608 240
83 81 11317 601
31 57 11829 799
46 9 7125 82
27 69 22700 361
43 63 9618 471
56 47 29434 191
61 98 29486 106
70 31 68447 859
86 47 2235 79
36 39 30441 299
51 2 147666 205
74 27 55030 110
95 66 24351 165
6 28 18206 135
64 12 18262 148
1 39 10704 267
66 76 8121 232
40 11 8089 30
89 97 6649 178
9 98 28295 4467
57 100 12171 585
1 38 41930 87
91 66 46916 143
94 18 16140 348
14 89 4917 56
89 57 116675 37
80 13 22923 30
9 20 31216 224
51 21 76058 269
55 40 6480 264
5 74 124538 103
28 81 414954 230
40 38 49225 149
59 78 5593 66
27 68 89768 53
94 21 14190 1340
66 21 12736 818
59 66 11566 71
77 27 124413 137
95 100 11357 495
44 12 64320 39
90 99 19974 110
64 20 72759 24
56 40 47049 22
19 55 33270 227
25 10 34649 271
82 92 21538 212
61 83 129941 60
71 22 30177 193
37 55 13226 168
22 14 18507 198
73 39 49060 116
41 28 71330 84
32 85 11472 220
9 57 15349 609
77 35 43468 491
84 28 10464 125
9 31 104321 26
67 34 57135 81
79 73 3137 65
94 6 6679 416
15 2 121962 113
60 57 8264 211
46 12 23508 322
85 12 22589 60
42 9 23263 92
8 85 23826 81
97 9 16118 100
3 20 3599 145
87 47 28709 52
5 41 16206 14
11 26 66611 368
81 97 11634 1050
55 11 42251 219
64 55 22697 426
75 55 33602 27
51 1 60515 339
25 30 140959 222
56 3 13388 129
95 77 22322 69
26 51 8294 92
39 56 17137 1406
94 74 19164 264
59 64 3634 77
20 13 60715 933
1 34 59664 55
59 44 14346 56
45 13 30085 82
30 97 19733 163
14 68 98641 80
11 18 27158 44
39 74 6578 206
93 20 10093 512
60 49 12432 136
29 3 37906 47
41 52 39937 97
78 39 13748 112
3 8 53551 69
53 98 7554 159
3 81 5257 715
73 81 113220 38
81 99 6109 67
10 92 83395 449
4 6 62509 62
72 31 17613 54
10 29 20748 447
87 32 17014 458
24 94 51186 63
92 43 18959 371
19 65 60574 108
47 32 8590 121
54 94 39846 80
17 29 134537 123
46 16 11719 138
73 30 16252 70
60 24 8777 104
60 90 22051 105
80 60 13703 275
78 64 35407 82
40 45 40127 109
4 20 15064 462
52 17 7447 133
60 94 5306 485
19 18 5889 65
87 93 13794 156
13 100 41349 107
19 46 9033 9
74 69 34799 236
31 25 31942 45
39 62 26023 308
29 67 11390 337
26 77 58403 23
55 34 11284 891
75 84 36581 63
27 55 27287 588
20 71 7244 272
58 5 9889 237
53 82 26289 243
24 22 24262 328
61 18 28885 226
42 19 45419 285
64 82 43005 43
14 87 40864 98
21 70 13312 22
58 83 71650 372
71 11 7211 29
52 82 8533 163
63 31 31872 59
49 900
43 36
5 27
20 734
97 248
9 274

12039983
