100 499 3 3
6 24 7886 866
6 70 23816 101
6 25 23101 60
6 88 30774 96
6 43 25084 238
6 64 15585 148
6 37 117200 303
6 39 16105 197
6 54 74040 30
6 3 21959 80
6 98 19718 248
6 45 83155 163
6 98 7571 905
6 29 3839 30
6 65 42534 302
6 14 21729 70
6 45 6385 702
6 3 63659 319
6 7 45135 226
6 41 7190 265
6 47 13074 41
6 20 8485 148
6 1 16719 80
6 54 32961 413
6 12 23328 110
6 43 8213 64
6 10 34426 330
6 40 44478 102
6 76 362021 427
6 11 20234 92
6 92 76466 105
6 62 11495 50
6 24 13296 89
6 88 16192 27
6 98 16163 53
6 17 40109 32
6 17 19369 179
6 68 52866 343
6 67 18844 278
6 99 63240 252
6 100 11386 193
6 23 5943 44
6 40 24061 2145
6 65 24264 843
6 21 210046 99
6 98 19845 101
6 41 208480 75
6 17 16318 77
6 69 12145 609
6 45 4196 35
6 82 17363 129
6 86 210685 467
6 34 49819 47
6 88 17130 78
6 47 24781 254
6 45 245340 96
6 3 61742 300
6 15 74711 40
6 10 18594 1022
6 87 8311 149
6 93 11484 157
6 30 41483 1670
6 2 81203 541
6 15 10786 260
6 21 29185 299
6 75 8712 179
6 4 25766 332
6 67 5437 122
6 45 262981 570
6 85 104923 1069
6 86 28187 216
6 83 4949 52
6 4 6366 285
6 25 45422 269
6 46 5144 901
6 91 90281 20
6 62 3341 90
6 77 54261 356
6 36 31704 396
6 93 1443 145
6 1 36049 2878
6 74 44935 643
6 79 32232 703
6 99 34103 594
6 23 20384 985
6 33 23168 406
6 92 114505 480
6 29 6862 37
6 20 87488 419
6 82 60029 174
6 13 20604 118
6 1 11066 230
6 96 69893 45
6 22 42523 205
6 55 98019 100
6 51 12184 880
6 23 46482 61
6 63 117318 90
6 76 3743 434
55 61 34787 175
7 98 15694 6
27 16 118913 83
92 20 35531 197
99 68 4128 116
59 63 48344 413
70 31 20257 133
89 5 35850 128
79 72 23246 154
78 25 6928 37
85 38 27626 477
51 23 52831 335
83 40 5055 138
4 26 6977 191
27 34 7365 63
77 62 12669 120
37 100 10328 1107
29 63 26609 243
27 40 11278 666
74 57 20147 491
65 95 16669 363
72 50 26362 107
71 63 17403 72
81 7 30161 376
26 100 10430 465
18 76 94783 42
31 62 71885 341
19 24 29944 305
62 96 6345 43
43 56 26198 258
30 82 94597 61
75 39 5533 242
20 74 5356 23
15 69 17271 92
52 36 19674 304
89 8 9999 75
17 78 16781 18
61 49 112057 1600
12 20 13102 174
97 99 12897 99
57 69 96777 235
83 60 9978 569
94 40 21323 29
81 70 33174 142
52 31 9974 67
67 59 28885 97
71 27 31247 117
14 92 5038 110
5 8 6016 193
60 26 2913 191
89 18 23233 302
36 79 14812 58
67 97 27814 55
77 98 46844 335
77 52 156537 146
38 78 9977 248
8 34 13443 111
79 67 24876 97
80 52 11297 430
95 6 86015 53
85 58 90612 81
99 7 21096 211
48 81 42958 59
8 10 18025 157
71 17 47735 80
50 25 5252 313
90 51 11912 246
70 26 55543 1069
87 36 22755 640
79 15 128119 813
40 76 93996 288
12 46 15209 395
2 27 10644 148
19 53 52558 116
37 77 25811 123
99 65 39291 126
75 1 89585 966
7 3 28483 195
84 81 1106 1063
62 99 26786 622
27 39 110971 181
12 31 5513 65
15 61 18048 975
67 60 52849 185
56 25 11001 294
9 68 24233 123
95 19 15039 533
64 72 77435 722
90 33 11607 11
24 6 46323 140
36 62 11727 210
76 42 16530 387
30 33 20247 399
69 89 10023 77
93 96 124078 341
58 26 116706 88
12 57 40474 53
82 25 33547 276
22 2 61682 143
30 21 266207 37
98 62 32635 525
26 45 5232 91
57 100 5149 46
20 65 33234 150
83 54 31191 943
23 8 1818 364
30 60 24786 396
93 60 72861 86
95 62 146010 199
75 37 32154 526
70 3 7665 167
86 14 11971 94
58 72 16230 645
37 20 4598 19
20 66 14635 23
73 56 38168 315
22 57 109865 99
33 26 9042 117
73 44 23483 84
17 68 7111 177
7 29 18493 3370
17 20 51792 343
86 71 7187 220
24 29 61749 14
51 16 74416 292
100 54 56197 125
39 51 56941 149
14 74 6351 618
90 43 20095 109
54 9 40191 90
70 93 2916 91
39 58 31065 19
17 45 19313 161
71 11 27482 75
10 1 4279 254
81 51 142049 550
48 33 64540 176
61 18 27063 115
13 98 79478 122
49 57 23506 234
76 93 154223 607
81 54 41627 357
86 12 37181 225
28 71 49919 880
77 87 39879 148
14 80 7830 402
77 24 7349 11
83 22 9689 119
19 34 57273 132
38 18 29907 115
26 43 107510 60
33 24 5296 257
49 15 28358 130
7 64 40458 349
68 97 37857 229
45 93 69235 368
100 7 9384 220
95 90 21363 83
90 8 46651 217
35 32 87048 388
24 15 19957 170
43 93 181377 48
22 46 48402 127
37 97 42530 91
6 84 3440 948
38 42 68451 27
41 72 8047 114
90 64 14898 18
39 47 104167 782
97 43 32773 142
13 26 21639 967
77 83 72314 488
75 69 29037 93
76 55 8903 63
79 50 4084 494
9 32 21326 33
86 56 3327 176
11 7 11149 449
54 83 6891 166
90 19 16249 103
14 8 173926 40
61 35 7379 287
87 84 15990 1109
4 22 8862 97
96 98 13906 587
75 5 31754 594
78 88 33243 79
17 32 11977 783
97 71 48349 245
73 60 20050 55
73 9 33458 94
62 18 119882 49
68 90 33569 1179
51 64 14702 464
24 99 42104 113
99 22 30059 956
77 45 37635 1026
57 83 128647 157
82 89 31795 356
37 55 6270 309
29 28 9404 43
14 7 70948 778
33 58 34076 288
19 85 18121 337
54 78 7381 315
94 17 26014 230
44 75 13211 154
49 2 35964 139
84 96 3613 418
10 76 95540 252
43 80 26686 65
51 19 6695 315
87 96 21175 31
45 82 19253 33
17 29 25981 125
50 76 43775 250
88 67 78533 299
74 43 4036 53
44 14 56475 250
36 17 14708 332
53 94 36878 70
29 73 12925 424
31 2 16181 22
47 16 8627 197
12 90 22244 254
18 33 14666 218
94 23 81990 146
53 75 9311 350
98 100 17854 96
52 60 19568 53
3 76 60913 303
41 99 27478 52
61 29 65317 292
28 73 11144 255
47 27 21414 20
72 22 42585 38
11 40 14251 327
18 68 10615 115
97 82 24740 478
46 80 125799 166
88 28 4023 42
16 82 12908 127
75 45 30632 59
69 4 5838 477
9 40 11859 290
94 68 38189 125
75 71 27489 1189
71 16 22857 129
19 87 2097 149
19 2 20199 354
100 62 4759 114
15 85 4053 350
14 87 64209 770
40 91 11672 151
38 28 20913 136
9 80 22249 379
57 85 28557 50
69 46 45948 141
93 62 38400 65
29 14 14961 178
99 71 73438 26
82 79 20976 293
60 83 19013 53
68 75 45437 27
73 14 12065 238
1 33 17652 95
43 58 29259 67
71 6 59246 36
32 17 9889 66
96 46 30040 229
39 76 15619 128
99 18 9228 232
88 62 41584 191
92 33 13151 120
100 90 66403 390
41 52 4855 221
49 3 12201 716
18 80 22831 397
23 38 21026 422
9 78 215044 43
92 71 253131 139
69 15 3050 155
82 2 11247 165
40 93 18120 17
92 57 5590 534
76 18 25316 116
62 82 13865 358
48 57 6268 463
50 60 84877 51
66 20 64324 118
21 40 72127 187
77 63 9317 181
22 34 14012 152
59 35 98703 243
95 56 10050 158
8 53 28855 214
75 58 11880 1712
51 56 252105 792
38 54 4815 59
76 66 68090 402
54 36 97133 1243
80 64 13235 108
89 43 32405 111
2 99 7474 121
34 2 33135 270
83 88 59458 140
76 70 84704 1330
67 14 22003 27
44 60 3074 13
69 64 14073 377
3 55 31782 117
37 87 21120 577
80 18 16148 17
20 25 49596 150
26 85 51705 132
75 28 75373 349
46 83 24680 139
70 92 54496 218
68 50 1208 190
83 94 195485 278
53 22 7199 88
1 75 82511 351
2 38 28663 296
39 72 18418 136
45 56 32823 17
74 40 116693 265
98 91 72259 135
31 30 73114 150
82 9 82195 739
57 99 198863 74
37 29 7314 204
20 95 185282 89
24 1 40864 43
47 29 15813 21
50 19 186004 1323
86 57 21872 101
49 11 37493 100
14 64 152587 29
31 99 23106 524
18 45 36632 51
8 58 5914 490
69 93 81915 285
64 63 48738 171
97 47 34931 2203
72 26 5529 127
58 96 30034 211
3 65 13509 397
94 11 15965 177
46 28 22003 179
42 75 8363 545
90 15 28356 196
41 73 12764 458
55 95 140799 162
51 78 11894 33
64 42 11840 114
30 96 8667 871
91 98 8355 71
99 67 13033 116
98 76 59057 349
90 49 72249 366
1 45 9217 161
33 71 28277 200
36 8 21377 117
39 87 94250 192
15 40 32154 81
3 73 36938 136
53 4 24939 24
23 20 17407 582
97 65 35336 32
7 86 84719 61
62 70 29076 361
95 48 15557 134
43 13 21109 28
11 3 5557 172
8 83 6120 18
74 69 58160 68
75 13 3946 162
59 56 9686 193
36 52 30257 371
3 85 45742 35
31 35 51549 204
98 54 23125 61
93 28 19072 186
26 72 70627 416
19 62 50227 74
45 50 125285 71
78 62 11035 120
95 1 10466 117
2 58 6145 385
18 14 19888 94
47 81 29923 171
23 58 17715 204
11 17 2122 206
89 83 11339 51
26 22 5600 72
28 98 11655 96
16 58 6301 70
90 28 29775 33
16 3 16544 76
2 90 5384 248
6 800
75 40
90 18
62 753
45 121
98 220

16425058
