100 499 3 3
53 49 4985 54
53 95 18630 125
53 42 18039 70
53 87 26928 79
53 26 68911 29
53 2 4441 16
53 35 9304 340
53 95 54315 385
53 15 57165 48
53 79 35888 62
53 31 10549 724
53 9 29721 296
53 13 40133 89
53 17 25449 435
53 91 16883 148
53 80 7607 212
53 23 35518 1260
53 84 39820 211
53 42 29009 32
53 4 12630 89
53 87 25946 223
53 81 57789 19
53 94 67236 323
53 75 1821 110
53 68 11365 2152
53 16 5477 122
53 76 30575 453
53 8 55246 70
53 62 19236 101
53 13 12518 32
53 7 25208 51
53 40 37967 60
53 56 10590 152
53 10 6113 56
53 6 14123 145
53 52 74416 61
53 54 26930 52
53 74 31945 146
53 29 27729 144
53 71 110902 172
53 62 32624 634
53 56 5506 180
53 55 11196 11
53 61 5308 617
53 48 18031 117
53 41 28095 230
53 80 122600 1093
53 13 21334 205
53 28 20677 106
53 100 37406 238
53 15 27315 298
53 3 34789 97
53 20 18424 96
53 54 19101 347
53 49 10057 161
53 21 10378 106
53 61 25147 96
53 60 22285 94
53 26 70826 392
53 72 12470 155
53 100 385452 211
53 33 47512 106
53 6 21757 52
53 37 6230 118
53 56 40614 347
53 62 16620 50
53 61 32936 252
53 66 16298 125
53 55 47901 50
53 84 6772 677
53 45 17559 89
53 76 32699 122
53 23 14910 194
53 75 16726 46
53 30 2683 771
53 43 22261 123
53 42 25435 145
53 82 30229 277
53 29 29879 131
53 72 31495 280
53 25 20808 60
53 1 22366 51
53 67 30501 178
53 9 7370 52
53 49 17223 13
53 30 136664 303
53 29 14742 63
53 17 30674 171
53 97 54680 125
53 11 38757 348
53 51 26093 448
53 69 11980 59
53 38 13652 123
53 54 41270 100
53 77 19282 69
53 79 4150 218
53 99 25106 98
53 15 24191 131
53 84 22457 983
28 54 18064 59
8 63 39442 369
24 73 34893 217
72 91 26726 54
45 67 6070 369
73 56 21285 111
46 53 31766 140
75 7 80189 322
51 14 41513 388
59 44 17177 30
41 80 8292 77
24 36 14198 39
27 63 6362 74
77 98 35744 149
74 43 8896 151
97 100 30826 167
69 67 53889 56
71 55 23687 95
37 86 16701 594
29 54 9742 763
21 63 11116 719
44 41 4029 75
7 34 37955 187
94 6 17009 85
93 72 5527 214
9 94 40763 1040
11 80 13568 196
96 78 16762 66
53 32 69576 54
12 89 9027 261
23 76 125652 339
59 41 6564 54
100 62 32046 345
33 48 25640 560
29 5 3581 36
39 63 91581 148
9 3 57808 585
69 94 24392 74
80 100 27570 286
28 20 9730 152
81 85 11762 617
93 49 7827 153
46 66 36933 832
65 58 17343 155
9 35 20349 439
8 37 12994 827
3 100 185853 13
74 18 22220 642
74 89 19125 228
7 38 1981 95
98 57 13806 17
42 18 21899 997
79 43 5685 126
22 11 10667 633
90 38 7981 433
8 70 55277 50
26 47 14354 246
58 9 48902 17
17 46 12689 371
93 37 32987 221
84 43 18028 133
97 80 21853 151
2 21 36996 56
70 73 45594 57
43 38 2149 716
89 18 11380 60
67 2 9513 89
27 86 86572 108
37 43 20207 52
41 15 30345 168
41 33 34676 198
3 63 9638 246
4 50 4827 277
8 6 2119 64
25 17 67611 131
75 13 4049 364
2 39 50461 65
35 30 90337 49
100 39 12763 89
78 81 19854 243
68 75 15919 263
62 59 2977 161
34 6 25753 823
56 53 26281 298
39 2 56937 819
55 57 29057 217
1 47 17452 33
79 58 28052 82
7 92 7114 183
65 100 4888 120
71 38 5577 159
72 64 1553 451
24 2 69417 30
31 61 3501 94
41 54 20289 147
45 23 5854 250
18 19 32315 85
91 1 10784 99
75 79 88916 742
61 30 29277 3324
43 72 81183 123
94 49 99539 85
63 75 1735 77
48 5 4830 179
71 47 833036 352
42 53 5512 17
85 13 13361 224
3 32 1941 171
31 57 24030 16
58 31 274275 47
98 76 14916 52
13 14 163140 155
17 31 8384 133
52 100 43021 46
43 35 7254 105
55 26 34190 67
84 18 22026 740
96 87 42385 855
11 47 91397 1341
20 92 39418 448
55 5 4843 123
4 36 154539 83
80 23 6860 184
95 28 129933 193
65 69 8138 49
28 85 19740 311
34 76 12285 154
65 88 21364 697
84 11 29249 121
28 93 41890 298
74 93 15755 282
43 22 38284 29
2 8 15806 192
76 9 34122 23
32 28 46441 94
51 38 9789 88
66 7 115438 372
61 87 30469 83
38 26 39971 314
77 49 38081 39
43 49 18778 268
97 71 19589 384
48 56 51788 358
4 28 30497 177
52 66 92691 171
1 49 17713 29
91 24 12980 38
82 19 24939 573
71 87 8140 141
9 45 3176 10
2 96 5189 115
91 89 68940 35
34 35 9642 250
65 20 54612 239
30 50 9820 54
96 88 24829 30
82 33 12352 93
8 76 22253 68
21 55 23857 34
34 31 31311 76
70 26 49337 147
55 96 29783 1066
2 76 39078 391
27 65 43420 150
59 74 25166 175
31 49 69602 887
89 26 17257 347
33 51 104940 54
97 90 6237 118
36 20 25847 431
59 23 578717 23
95 7 193229 98
46 25 26422 56
31 26 7059 1115
85 69 11966 763
89 1 96900 55
62 35 157220 190
5 94 16802 1293
78 84 25413 101
51 56 10011 199
65 2 58830 26
77 57 14193 214
90 23 3560 171
13 94 12421 115
24 43 5448 1135
10 17 23441 186
29 37 13984 123
8 19 8610 58
13 67 12556 31
18 87 23065 68
82 98 19691 162
55 18 48393 37
48 70 6315 49
43 27 20277 123
11 55 5449 137
64 36 8490 115
64 79 5652 288
64 9 2122 5
88 64 165810 631
45 14 23306 44
99 91 31903 205
39 5 20900 109
10 87 28175 71
39 64 99735 58
98 80 37755 163
40 17 22901 26
96 28 80146 101
9 98 35202 444
80 36 20427 158
85 93 3613 127
92 87 41679 155
59 36 12425 171
97 1 60550 420
16 20 166209 336
15 78 14328 78
28 15 36017 42
85 95 161906 327
11 35 17476 60
54 52 13110 93
93 84 3875 226
60 56 8039 443
20 56 49470 313
88 57 9374 120
87 69 14388 1109
87 25 51079 13
61 28 29302 329
86 31 12343 82
80 28 5880 47
49 32 44088 27
41 87 39103 30
54 10 5513 86
64 14 99951 31
72 56 21792 683
3 1 14948 304
77 19 19715 299
51 31 7457 133
18 84 3582 52
56 2 19512 504
14 11 29251 234
28 30 54292 481
39 100 63866 40
44 70 20633 56
64 27 37846 33
49 69 44676 594
100 71 122719 241
37 20 41999 12
10 85 57596 142
78 31 49611 143
39 9 57331 65
74 99 11010 315
76 52 5903 7
41 6 57865 141
32 77 62736 560
72 93 6897 79
13 55 61398 426
41 27 14304 217
75 14 4711 18
88 83 11147 289
84 54 49824 219
99 94 13538 1450
24 88 41894 73
23 36 3362 202
8 12 14590 122
17 16 30392 72
26 72 7693 207
6 98 17977 257
19 75 25551 167
79 26 90818 144
4 21 47082 40
28 76 64815 93
79 71 101883 795
4 32 107885 57
36 7 20937 151
98 84 44027 233
13 41 121975 194
39 68 23904 311
28 63 11404 202
79 57 13171 203
56 52 22670 368
27 55 15152 97
3 15 85894 28
98 54 46281 118
17 43 67541 165
98 19 25635 268
39 57 14537 65
60 69 4287 109
54 16 38769 151
71 11 64596 196
78 61 10725 131
6 71 18839 112
18 53 21218 1258
97 61 47199 405
57 65 46269 47
52 85 20672 496
85 51 11230 154
72 12 18051 158
15 92 26940 262
21 13 8235 255
95 98 1779 565
24 38 62321 65
45 9 60305 104
92 45 81152 258
81 32 133101 68
32 10 17050 94
47 66 3015 40
64 61 45743 44
56 70 43800 364
35 96 13170 66
77 43 184559 149
2 62 26086 49
27 41 99922 258
94 14 23947 543
19 59 16489 109
17 18 181138 179
18 85 4691 415
41 75 35278 670
59 43 16083 153
59 47 12503 28
37 26 36631 83
6 93 23823 520
77 95 24628 276
49 85 54381 156
77 42 6798 118
40 82 25076 52
4 98 9117 8
81 63 48232 89
13 79 34884 106
16 75 10555 119
88 73 7515 533
49 56 7703 64
79 66 276688 52
91 87 34702 120
90 2 9252 62
66 63 10666 505
4 91 1869 289
53 78 13154 84
78 92 45863 15
14 41 21870 291
83 47 3405 386
82 76 5961 254
6 24 41552 34
38 48 29402 51
82 84 17325 409
6 68 21546 427
85 25 8920 918
17 45 22074 167
55 4 12203 190
68 100 47495 232
64 3 41207 187
66 12 11975 63
54 23 10461 71
68 50 36732 72
71 21 18454 365
85 35 18911 284
54 89 25326 233
2 10 17161 133
29 2 30880 106
55 17 29930 514
91 78 24524 45
68 49 24295 152
23 100 43632 206
34 50 8871 105
10 40 125017 499
11 85 40094 65
88 98 24553 124
22 75 32898 430
48 61 8456 41
9 31 5168 77
84 9 16307 200
89 10 22059 214
94 71 24573 122
69 54 158342 125
50 66 101937 246
75 99 12837 1551
4 86 120704 238
35 26 14492 197
8 86 8153 1819
94 39 27495 166
69 32 11794 65
69 70 14864 136
94 57 11992 137
5 44 12075 123
72 78 54452 341
65 3 68389 524
90 74 13305 186
13 76 13072 27
93 22 18588 235
77 62 17798 735
4 93 20510 317
58 98 13133 339
88 92 16262 505
53 83 31149 290
12 81 17378 252
33 12 231679 362
6 7 16619 88
77 1 19353 189
78 64 10825 178
36 55 91825 483
98 2 25635 146
26 83 71915 155
53 1020
77 45
4 72
100 658
87 211
76 843

36157503
