100 499 3 3
57 33 21699 65
57 4 8086 58
57 15 22450 234
57 44 20568 654
57 99 4686 40
57 75 8554 187
57 100 21480 346
57 68 321538 182
57 18 13752 85
57 58 45336 281
57 84 30648 64
57 87 43905 66
57 20 2613 128
57 16 5775 34
57 59 26574 13
57 73 12148 148
57 62 4707 170
57 52 43450 400
57 67 34171 334
57 81 151701 711
57 36 10254 184
57 80 33999 170
57 9 45057 142
57 91 203578 87
57 17 6647 320
57 45 41187 74
57 7 29958 544
57 48 53703 174
57 8 39347 253
57 41 7323 48
57 94 7840 119
57 86 16809 380
57 37 48118 42
57 83 40555 116
57 35 51593 375
57 70 108823 538
57 96 8497 88
57 56 40664 14
57 51 8261 219
57 28 46862 264
57 72 50682 214
57 71 48331 69
57 42 18341 225
57 90 12001 283
57 3 14603 100
57 49 6021 361
57 78 17745 43
57 10 19789 109
57 32 16570 213
57 92 15546 1646
57 12 16999 67
57 31 53558 913
57 46 48386 70
57 89 10504 161
57 1 24802 193
57 88 11201 127
57 38 92720 43
57 40 21977 36
57 98 37885 243
57 11 25042 42
57 27 9325 402
57 50 15365 259
57 54 21493 344
57 6 7538 421
57 19 153184 98
57 53 49410 58
57 61 5197 287
57 97 8698 248
57 21 15671 281
57 85 27941 310
57 60 9069 40
57 93 25436 147
57 2 42290 147
57 95 8551 204
57 14 12881 134
57 64 30662 292
57 13 13194 397
57 39 6457 190
57 22 15558 58
57 43 32845 74
57 66 4055 1170
57 76 6323 61
57 30 4201 159
57 5 19191 114
57 65 8842 109
57 47 17795 48
57 74 14097 274
57 25 88922 78
57 29 116494 110
57 34 60829 61
57 63 20460 92
57 24 22814 62
57 69 23430 96
57 26 28361 46
57 23 19326 52
57 82 22801 449
57 77 247515 111
57 79 13267 278
57 55 212583 90
36 49 17400 289
12 55 21847 263
56 50 15141 129
100 97 10127 84
4 49 11263 26
92 18 26403 61
92 90 14859 162
95 33 9459 80
80 40 15396 293
83 91 105095 174
13 81 35148 30
23 85 211125 32
98 72 119538 16
61 42 21772 337
17 46 11346 502
34 71 28446 45
76 1 24180 141
72 15 3715 201
20 46 32200 29
2 10 16765 208
45 8 6285 89
25 86 80041 86
44 51 10079 236
30 82 8855 924
20 41 18650 28
74 29 25565 58
28 16 32558 80
55 100 49734 579
100 65 9448 261
16 26 11002 38
92 49 32210 17
58 4 20509 145
11 46 46305 254
74 76 75729 405
10 42 30851 23
21 13 3921 271
32 55 125223 167
87 34 47004 60
49 60 40966 173
74 34 81251 36
44 26 70555 153
93 81 61438 1099
35 50 97282 173
30 84 23736 140
77 37 5462 124
83 87 50714 373
86 51 48778 74
100 93 13383 16
6 12 56020 139
85 61 16954 73
43 90 49367 192
67 41 50152 521
91 73 6061 243
12 44 6293 653
74 86 26453 189
32 37 40801 144
93 18 24605 265
45 41 14918 31
22 47 46544 71
36 26 124945 43
14 94 2479 66
74 5 6063 151
17 59 6857 228
38 70 51128 21
96 99 30761 122
61 67 11036 44
46 1 7694 170
23 12 21986 245
21 10 32436 61
94 42 17708 248
87 13 64044 1437
82 46 10767 61
18 87 80304 89
39 48 84489 201
48 53 24293 56
10 8 119936 332
97 64 146752 38
4 45 5587 236
73 44 33761 143
23 25 40554 31
8 28 23273 120
73 8 4943 44
47 44 114352 85
7 8 9092 197
12 51 47908 122
84 68 27940 378
9 75 16371 65
59 99 123247 287
79 91 7051 200
3 23 32755 98
19 21 30594 459
37 4 15906 139
79 63 68913 218
16 39 30709 619
83 26 45994 85
48 9 14639 260
26 87 13734 94
58 1 67883 131
99 14 5602 170
45 40 3436 80
70 6 19852 122
62 8 79652 12
30 64 21555 606
19 88 34952 28
49 8 21548 96
13 59 46870 17
21 4 8758 192
93 37 35025 315
16 76 7258 69
91 92 16232 924
14 34 36527 1145
83 82 11729 34
88 75 33754 446
34 82 5926 452
93 13 11128 148
67 38 15505 50
48 39 32836 96
95 10 10028 37
46 70 16977 364
52 78 161909 26
85 86 5621 319
22 100 11412 298
8 79 8059 492
81 40 7670 302
8 23 38480 281
6 34 14431 114
39 23 14597 51
16 50 3399 177
34 11 11260 185
27 53 9287 136
48 42 15545 87
26 61 28278 46
26 21 14025 518
59 27 28211 133
78 68 69161 62
77 40 18813 164
76 39 13895 57
43 94 21371 268
65 96 75767 72
6 75 15594 268
86 1 90868 283
30 73 43600 46
55 65 20166 422
47 41 22630 147
65 55 3292 93
73 19 5831 224
37 34 22895 350
52 43 40744 53
27 55 132904 783
86 42 18880 133
82 45 46359 415
76 38 4247 88
61 87 21462 157
46 45 24210 81
81 90 9604 446
1 74 11070 546
69 77 64945 47
20 18 42403 84
23 72 30718 113
45 3 6928 71
99 53 35659 42
94 76 30345 171
50 2 3026 38
35 57 26965 84
30 8 9366 21
14 79 51105 27
75 8 40482 284
23 81 27642 39
68 18 62946 167
91 27 42487 119
36 76 15477 110
70 41 36346 208
17 27 6695 177
27 62 9346 99
82 70 38498 46
1 64 14385 47
55 78 70115 366
84 85 20636 168
16 31 26515 295
17 30 22658 39
67 57 21619 65
92 2 31263 55
8 25 33727 811
44 85 148295 260
74 7 4806 91
70 4 2030 280
66 34 5034 124
16 77 11860 231
69 4 4252 35
11 32 6400 256
20 9 10170 109
1 81 22260 59
5 50 17307 219
48 87 15732 569
96 73 18102 219
58 31 40438 31
75 31 48456 243
44 92 16735 43
27 85 4413 76
60 72 40268 226
54 15 74974 745
39 68 12628 928
30 22 18671 44
19 97 10188 89
25 72 14691 29
72 59 10339 263
63 84 38314 171
5 29 8453 81
79 50 35862 521
59 44 37269 406
39 43 7167 82
85 81 61246 136
27 75 27322 24
9 59 77344 67
82 48 28317 99
47 23 12428 150
72 86 54517 136
92 99 14761 71
11 53 37064 198
82 42 9258 527
86 39 15613 84
66 5 93603 267
10 69 39337 1268
100 66 101070 57
2 29 26411 829
39 50 131354 49
64 69 7942 33
8 70 117982 9
35 30 6468 27
27 2 25631 746
98 96 26327 119
59 19 72809 133
77 50 31990 176
58 33 14481 151
36 40 22674 15
71 96 98322 157
86 52 143591 39
60 93 24810 32
19 2 15117 424
4 42 7020 88
29 27 10498 171
83 1 11632 331
87 72 12409 42
31 19 181366 222
16 11 18975 24
94 12 15045 88
81 5 19884 168
77 75 15906 169
100 11 27542 117
36 28 84371 277
9 10 9776 399
61 11 5646 220
75 44 79657 421
99 2 81990 106
97 80 4582 153
6 85 168071 1715
60 90 127636 436
40 50 20082 39
60 55 14017 252
66 89 144040 73
68 61 72664 107
20 68 12391 131
83 52 57950 655
98 42 22486 171
13 19 32306 126
4 84 43848 350
52 21 3541 72
33 18 53024 81
67 94 140357 392
36 45 22667 86
92 28 2381 52
23 45 4849 293
75 55 91087 50
13 63 17599 203
12 28 4895 131
31 69 7490 124
7 71 18168 237
65 98 19357 37
60 61 15972 43
5 6 92451 91
33 12 24448 55
97 95 36117 795
12 37 63744 648
87 90 150772 225
45 24 24299 76
48 59 22379 750
45 13 11308 62
25 32 13260 62
33 5 181969 73
27 76 26149 107
39 63 27975 252
61 63 9137 24
22 1 10510 110
38 8 7940 247
50 19 3867 279
46 85 17806 56
30 63 36273 388
28 18 42384 56
11 19 49588 15
73 29 20524 47
90 29 79209 146
18 67 11571 314
49 5 6692 45
40 58 22602 168
87 60 21192 52
63 89 45923 136
23 2 5865 68
59 31 2152 135
16 37 2513 34
34 9 30715 259
22 45 8254 30
20 14 18655 706
79 92 24738 58
40 18 15961 326
60 32 29854 106
15 48 48378 8
35 82 34461 137
87 3 24164 487
51 62 3963 546
14 83 67509 201
63 17 16031 115
5 38 10702 416
64 97 3922 129
83 90 25483 45
23 51 14315 215
71 28 7473 399
7 65 90533 41
54 68 88538 21
45 75 138968 1083
87 5 7985 179
69 17 8078 77
66 59 38052 26
18 83 14744 58
50 56 54768 230
83 100 45965 128
40 54 2344 495
4 34 72902 92
37 40 37487 257
56 17 27438 58
54 63 76280 52
72 52 7940 174
84 55 21530 462
28 99 15457 164
16 70 47819 218
75 17 122185 41
8 73 22767 38
96 7 80059 301
32 23 59869 48
90 72 59677 26
86 44 18365 1406
3 85 5741 107
23 97 40085 125
79 55 6073 187
56 9 38612 440
55 79 16157 154
49 35 22265 194
61 24 21358 267
96 61 53579 88
48 52 9307 45
39 49 13669 238
23 1 13770 134
8 40 45516 108
33 37 59563 150
29 95 30066 67
88 32 12145 41
44 68 18987 67
90 77 69307 117
27 4 46262 102
59 41 73714 123
81 79 21392 79
51 91 87174 81
42 13 33650 95
29 12 20099 46
53 80 106089 79
5 43 35975 23
36 100 16006 1078
7 45 3608 70
52 19 38302 167
39 87 20195 187
11 20 8887 54
89 16 20445 670
10 27 27116 58
100 81 3689 32
63 47 31269 197
15 76 24695 182
47 2 3121 584
83 72 83540 253
37 58 17212 626
46 28 6705 67
20 25 32958 775
82 43 11255 152
70 54 33727 144
66 56 42044 661
81 63 27632 42
23 26 15907 219
36 68 201493 189
5 77 110080 64
97 36 135199 812
37 75 15126 104
47 71 24645 194
57 891
23 220
83 117
8 212
55 633
50 103

23867735
