100 499 3 3
51 93 19814 232
51 7 28213 139
51 54 96375 237
51 39 28329 493
51 46 21921 94
51 21 11785 1113
51 73 26462 103
51 32 29331 172
51 49 19992 79
51 77 47480 24
51 38 24030 84
51 96 33383 670
51 25 7407 285
51 42 14207 77
51 68 33025 93
51 43 63024 82
51 29 28143 113
51 9 15639 141
51 85 18773 47
51 14 5462 44
51 33 52287 165
51 47 30302 378
51 56 29116 95
51 67 41631 44
51 90 6091 128
51 80 23194 203
51 88 7909 307
51 69 9477 97
51 79 42617 58
51 3 10167 93
51 4 13001 395
51 82 21851 1165
51 91 48665 200
51 30 141800 340
51 48 96845 374
51 98 3584 57
51 16 56306 170
51 94 4390 65
51 97 13005 38
51 65 10269 150
51 17 45793 55
51 70 77549 138
51 72 15065 91
51 10 150648 84
51 22 23286 106
51 83 9927 863
51 92 19471 79
51 11 135758 257
51 86 25950 174
51 24 13206 226
51 6 19336 21
51 74 24196 22
51 13 18370 37
51 87 70650 42
51 89 9641 44
51 44 3117 187
51 28 41064 45
51 84 31217 72
51 81 59976 568
51 66 62801 65
51 18 34728 107
51 36 17476 227
51 26 16986 140
51 99 99449 139
51 63 74050 62
51 15 28607 533
51 40 20923 62
51 52 26270 108
51 71 9247 8
51 78 65607 178
51 12 33418 41
51 20 20145 190
51 34 22978 1186
51 60 127051 487
51 59 30391 20
51 57 128927 78
51 1 29331 141
51 55 24541 751
51 23 24370 154
51 37 13519 39
51 64 6777 523
51 62 30259 195
51 27 8102 754
51 35 53232 492
51 19 3166 184
51 76 32203 49
51 45 73706 74
51 100 5752 413
51 61 9290 237
51 5 6640 385
51 95 26684 212
51 53 37264 91
51 75 34624 983
51 2 21667 109
51 50 37519 206
51 8 5627 172
51 31 201789 89
51 58 16277 164
51 41 3539 129
6 37 13192 231
81 71 18039 61
28 32 17018 33
32 5 16770 91
26 86 20407 171
70 20 5356 124
27 60 7982 320
67 52 28513 87
46 26 58490 69
8 25 37338 101
55 46 9770 132
39 1 26571 2577
3 33 95855 162
52 90 29859 140
33 24 11351 355
35 40 12110 170
20 44 21270 690
49 56 36118 135
28 26 93168 164
22 86 35069 93
86 90 39060 494
9 11 58974 199
77 87 34454 75
95 17 11398 67
50 76 24855 162
64 46 8868 94
69 23 42112 119
30 41 4021 255
57 1 35643 155
74 57 36091 1870
87 57 35103 190
36 93 7041 76
10 76 29713 183
90 43 9343 454
84 77 7130 48
59 16 36675 68
61 16 6921 513
84 79 12266 416
29 90 71457 245
80 79 48829 91
17 100 26761 248
20 34 1851 496
85 49 97023 485
99 49 51122 294
89 66 26448 128
36 56 80498 233
50 17 18190 82
76 92 12292 140
15 88 11268 229
70 95 150127 92
30 8 17121 115
36 2 29632 27
91 54 70904 303
53 40 4787 83
85 82 81178 50
4 75 32058 159
35 75 30633 963
91 72 12703 50
34 63 3994 162
54 45 110730 544
36 99 45233 231
43 67 20822 47
69 73 1504 453
71 94 9679 151
82 44 7329 76
30 48 19284 61
85 73 50181 226
24 82 18810 329
89 37 6993 233
40 93 65514 165
43 98 6476 209
63 93 31421 33
97 8 41565 29
64 65 6574 46
12 82 53442 124
8 16 9310 125
43 42 18725 80
18 100 39004 126
37 31 33702 22
61 79 8240 97
65 51 86223 221
42 61 9535 155
5 19 24621 576
92 30 64617 194
100 87 11719 59
27 91 4715 53
91 82 38356 389
28 99 57375 342
99 83 72068 76
29 93 82382 23
88 80 85521 335
94 66 30068 92
97 11 13895 109
40 13 35364 224
91 77 86659 107
89 69 57550 105
25 4 30881 64
96 55 14530 161
13 74 17941 181
65 8 20208 80
62 60 5528 64
15 70 13071 59
33 96 36159 132
23 78 57759 392
85 30 70810 88
23 97 32136 1847
18 32 73250 52
33 91 11630 32
21 1 59484 66
78 19 21639 25
69 4 4525 221
43 20 53915 111
40 56 32204 211
97 40 185005 132
32 91 12087 1361
20 76 21809 56
29 69 35460 89
83 40 10644 143
45 98 20949 663
35 80 45002 2282
13 36 12043 1908
47 63 6287 28
13 86 118503 44
60 33 231537 84
67 2 41027 538
75 39 2612 167
40 7 14860 95
34 87 47408 566
90 89 21498 46
84 32 5760 41
70 73 22551 1314
31 44 97546 1459
27 35 52383 109
100 22 11916 113
47 28 2547 322
16 86 29994 304
33 54 4811 20
20 98 119307 116
36 24 28477 140
50 71 49847 133
76 98 20653 373
67 61 53984 122
54 25 12468 10
52 18 15955 53
22 97 5958 39
29 78 64938 37
72 97 13082 158
14 55 10001 215
1 99 2773 159
71 41 50077 195
100 89 122513 132
45 89 31196 69
97 33 21833 274
84 35 22609 464
40 78 30625 1846
15 12 6732 448
89 67 32928 104
69 62 19817 81
9 49 15793 315
88 54 8121 166
90 57 42268 62
52 77 20365 148
84 98 10237 14
9 54 15923 46
63 91 136809 36
58 94 17614 223
10 7 10990 50
36 50 9991 82
86 47 13286 68
40 75 7637 38
79 46 16167 406
18 96 23191 250
52 31 31224 104
56 8 28084 82
34 24 14417 562
13 70 3205 76
12 80 32983 45
88 56 3673 735
29 66 45426 230
37 97 29491 188
35 30 135668 97
23 48 14109 89
2 7 24879 137
88 76 18662 143
26 1 6239 68
59 75 45077 85
46 76 50502 66
56 16 31613 105
46 16 2092 131
97 54 13488 206
60 9 17911 106
6 46 20131 30
7 8 6558 169
8 34 13562 1093
93 81 24237 97
47 82 25411 91
100 81 43150 161
20 7 26436 389
78 3 2805 54
28 24 17498 58
13 56 21175 321
77 70 14164 175
11 66 1864 289
95 22 63790 162
36 18 12467 198
18 1 5477 36
12 9 4251 41
93 28 18986 81
29 41 201016 460
61 3 5867 477
84 69 19693 2456
14 67 36290 233
46 83 7243 598
82 76 9173 76
73 54 20262 58
83 45 20373 63
28 81 18666 50
65 78 21170 50
65 26 10821 58
32 37 50673 106
44 20 12993 106
96 54 67308 8
58 11 147897 146
10 16 27216 146
48 59 59441 83
2 27 11893 54
39 98 18859 91
15 36 109984 433
15 86 42607 38
64 84 22364 343
16 74 54763 52
14 11 3986 76
71 24 138062 549
52 11 8808 191
67 97 22753 136
7 50 23073 194
31 60 48123 201
37 47 6140 498
64 79 84227 311
70 52 46335 179
46 37 58929 243
44 50 89231 88
50 38 46144 78
65 52 11328 100
61 92 28902 718
32 39 8620 390
63 6 12106 38
19 37 16816 218
50 75 34953 436
96 3 6117 64
45 57 36702 2384
19 9 23514 1042
61 35 8027 1815
12 96 9709 167
82 57 40028 347
79 68 70838 165
72 23 8887 172
6 7 3155 176
17 43 23701 162
92 37 2075 58
65 17 25009 244
20 2 11275 248
18 78 124940 91
91 12 29925 89
33 58 12571 208
57 77 10745 53
69 30 106118 57
61 8 21919 186
15 14 7403 214
11 17 10248 183
48 58 5325 46
83 94 21995 440
4 62 14225 238
89 62 57099 647
93 18 30591 23
19 72 6919 231
30 35 4173 250
43 18 32701 119
50 20 93523 489
48 55 35749 116
31 55 5194 90
25 61 82130 323
22 67 30703 889
17 12 2694 60
3 24 56040 19
3 62 87812 93
74 9 58820 215
30 31 4619 61
75 24 139889 806
96 74 39192 39
96 77 15160 89
56 15 22854 269
76 40 3199 315
22 94 44430 143
70 30 62324 83
68 2 14008 432
47 42 37428 181
23 83 52866 497
52 76 14908 71
24 3 22836 1914
34 47 5110 199
54 52 8438 36
55 32 189490 153
20 59 20345 83
65 75 14327 1142
5 55 8789 119
47 98 2016 655
83 33 9657 39
20 10 28903 178
39 59 40380 154
47 100 51855 58
39 89 19180 96
53 63 6963 230
59 60 9350 197
86 93 13916 81
13 71 16402 427
71 76 50299 107
56 68 15222 188
53 37 15757 35
24 43 99639 109
97 2 4919 86
92 20 25471 439
53 75 16270 59
79 70 21359 406
83 88 53137 223
79 56 47695 62
88 31 12786 78
56 60 13856 562
58 73 12254 142
42 63 44166 271
23 85 7592 861
47 60 1835 12
10 29 24367 57
64 73 101682 88
47 88 9772 86
33 77 31553 1811
26 30 19477 83
69 70 12636 421
31 25 63700 104
56 82 11444 216
12 28 24861 446
37 4 17991 66
7 51 19234 347
69 74 39606 213
97 58 4551 760
15 4 37567 96
3 99 65797 225
6 23 30529 70
44 48 58904 65
60 91 19468 274
57 71 8952 847
71 25 18385 62
49 53 13250 1052
80 6 95037 380
11 33 140349 80
53 84 76925 461
15 94 10210 32
95 45 7658 524
87 5 31115 259
33 84 17982 164
29 71 24645 129
41 20 24299 83
18 66 9681 326
11 76 4170 438
79 94 10415 163
12 54 8668 66
73 60 20407 103
37 100 89435 170
34 29 16852 818
16 25 55625 105
95 6 5150 59
95 31 33461 39
98 25 3038 638
39 34 34616 208
5 61 42250 154
65 36 372370 338
63 49 91219 15
13 53 33112 151
33 48 13078 255
58 7 90075 917
6 15 28133 179
74 75 29688 117
80 25 9225 221
59 100 82564 45
34 83 61792 47
78 30 14786 461
42 12 16602 64
89 73 19513 70
79 93 39668 455
65 57 20609 664
37 85 64153 50
41 83 2298 124
92 54 6457 302
23 31 6135 1286
91 99 16958 340
56 67 7463 69
82 60 7907 84
17 23 9962 298
3 11 8579 50
87 73 80726 88
51 396
65 81
47 24
76 76
54 106
75 134

5477595
