100 499 3 3
67 34 169019 21
67 33 16899 82
67 52 45068 311
67 73 18458 125
67 91 77909 339
67 4 10229 110
67 24 14140 459
67 54 8305 15
67 40 182497 213
67 86 69427 51
67 31 107474 44
67 7 3598 164
67 21 6556 252
67 3 33788 139
67 16 15017 38
67 82 46921 178
67 85 17854 175
67 62 35914 280
67 76 137020 211
67 61 29306 267
67 96 3505 627
67 56 8519 255
67 22 26851 71
67 89 179891 456
67 51 2697 210
67 15 21608 306
67 11 33060 21
67 72 115150 65
67 50 65926 171
67 74 53601 204
67 32 33922 792
67 94 9620 221
67 88 10307 320
67 93 35786 81
67 10 3889 59
67 6 62514 194
67 2 8487 38
67 14 73282 161
67 69 13963 433
67 17 38776 434
67 65 50527 817
67 28 22016 103
67 12 42078 330
67 66 13998 111
67 9 11935 219
67 41 11867 220
67 1 32266 150
67 63 29684 166
67 64 30613 695
67 79 44650 165
67 81 73716 36
67 98 2968 2193
67 99 33321 554
67 47 19919 38
67 80 7167 196
67 39 21054 270
67 97 21716 140
67 84 20327 293
67 75 8393 80
67 30 242269 87
67 38 14223 208
67 58 151313 390
67 59 2908 264
67 45 9302 66
67 44 5412 231
67 53 8236 304
67 87 40342 30
67 78 41163 201
67 49 23774 143
67 71 9526 76
67 100 3372 41
67 68 63048 376
67 42 12083 78
67 20 32719 240
67 37 49405 108
67 43 10847 169
67 48 16495 84
67 13 20450 104
67 26 9531 86
67 55 20073 53
67 5 31057 53
67 70 32285 529
67 23 2926 84
67 18 50084 54
67 35 32761 317
67 25 37575 228
67 36 5665 139
67 83 16523 35
67 19 11784 31
67 27 90082 150
67 92 45089 857
67 90 6774 131
67 29 72939 205
67 8 78445 38
67 95 40214 400
67 77 54208 126
67 60 11527 431
67 57 66664 177
67 46 127206 74
59 94 8741 200
40 99 13307 93
82 78 98713 355
90 73 20023 1152
8 30 5063 115
73 56 20736 546
10 94 18095 208
3 42 17611 27
88 93 137484 274
47 63 31619 384
4 90 8965 184
53 35 119922 1160
17 57 35063 47
28 93 22162 141
52 48 37045 234
56 94 18942 31
12 5 18962 54
35 84 20213 52
68 63 33834 147
39 54 5153 207
19 50 4607 940
61 17 62200 342
54 75 73403 65
55 66 6103 33
20 71 2284 19
93 8 12231 534
54 88 33401 358
64 56 40422 393
26 70 16225 299
70 11 7787 151
78 28 25711 604
13 52 24910 162
22 93 2006 65
9 67 22466 719
31 3 5216 158
14 48 8957 337
36 17 26201 545
11 59 26826 427
35 71 8726 42
24 23 548839 133
72 65 15853 16
22 38 73953 59
76 77 14521 105
43 48 85169 177
29 35 17189 253
31 84 28733 195
76 70 29940 89
97 85 17396 84
24 62 60384 166
19 70 5554 124
16 42 30362 444
54 61 8699 939
13 66 13239 135
25 39 165688 161
41 64 11467 454
21 65 20849 69
73 66 3741 151
23 8 10597 759
92 87 14850 121
51 61 11511 331
57 66 26861 440
12 27 63774 93
10 55 47866 88
71 34 22553 136
35 79 12317 77
24 51 3972 93
65 38 23964 53
44 95 97466 44
44 33 23946 181
3 86 11746 223
38 95 43883 419
43 58 7839 119
96 69 16806 93
43 9 21756 248
49 98 47197 1790
59 72 17231 144
25 51 25642 320
77 70 3137 94
65 64 1996 52
14 33 52676 162
47 16 22780 161
15 83 6321 30
86 50 8855 38
72 48 31808 360
68 76 32474 24
80 69 22269 428
89 14 18939 31
93 85 10979 186
86 68 7384 261
86 41 7216 127
66 22 92432 40
89 25 16060 109
43 52 31037 578
37 67 25032 69
24 71 34773 1609
91 8 10801 158
42 51 24256 96
66 86 47333 39
54 24 25038 495
84 22 10323 102
27 5 4075 188
71 72 10892 98
90 18 10765 401
3 77 36431 938
79 64 3877 580
51 94 19728 22
4 76 38243 114
75 9 6648 944
59 50 37764 107
77 30 12307 60
17 10 36601 40
69 53 19896 711
57 65 21384 75
73 14 9941 711
41 26 4468 155
20 34 91794 333
65 47 6036 110
97 2 31815 275
47 30 24427 220
12 36 53825 28
43 53 25850 58
25 41 6743 125
26 37 23886 75
30 40 17555 192
68 29 140264 542
42 60 29839 659
4 13 24687 324
70 35 17161 177
54 27 25510 106
34 4 16435 220
6 11 34052 389
31 81 93729 339
39 88 6715 55
40 76 18079 140
92 20 152675 154
13 84 35963 46
100 3 7191 110
10 42 34090 303
80 61 2711 74
60 66 9015 52
36 97 100025 252
80 51 28960 248
79 16 23201 361
61 55 17462 27
99 28 42595 33
84 77 18801 213
83 49 33641 50
25 4 30274 94
77 39 7533 407
72 34 10253 122
11 67 48777 178
1 83 4054 30
51 75 21845 126
85 87 72115 76
7 78 10062 176
87 70 8435 362
59 29 48711 198
98 73 33605 58
5 53 28662 571
31 55 44921 79
94 55 32083 139
78 18 94247 476
48 41 14360 252
45 97 9714 227
93 34 6620 142
53 96 7105 458
36 5 4057 135
49 8 51519 37
66 41 9300 210
46 84 21310 101
46 34 11690 379
82 91 13319 110
68 56 48249 177
36 46 22761 432
63 3 5149 79
19 55 19580 64
70 43 27437 47
33 83 5860 102
13 86 9635 67
52 59 2430 61
84 52 13459 401
66 62 12747 82
65 63 11881 115
6 35 43567 194
5 98 54864 216
40 74 5776 160
33 22 16066 886
8 40 11988 69
32 84 122587 49
58 23 8632 69
13 3 37347 193
21 19 9898 67
30 1 25432 380
96 45 6964 107
58 25 29815 69
100 12 57027 488
40 6 139589 101
27 44 7756 258
75 86 24672 111
14 55 8597 32
7 58 5840 415
78 67 4278 108
17 16 15691 103
27 59 12794 219
38 67 7905 130
100 51 75917 216
78 22 12674 236
8 71 5538 415
53 38 23822 177
38 41 28457 42
57 67 13587 98
76 79 5525 92
91 54 29179 270
27 56 34003 24
15 59 29783 660
1 62 15456 252
39 61 22237 44
31 54 12449 74
21 51 30715 63
16 92 13065 194
39 85 40125 199
66 93 29059 14
96 3 67521 334
34 78 32189 126
69 83 11600 79
58 84 16936 531
5 99 14562 347
50 17 28367 62
62 84 10292 180
15 82 22311 157
25 79 63002 51
64 100 7854 1484
56 32 39686 633
98 4 112142 135
2 35 445398 219
99 46 59843 37
98 36 18484 35
43 54 6125 126
88 3 12345 261
71 40 6783 126
97 69 7294 2016
66 19 31839 257
28 100 10725 34
82 97 8963 663
38 56 46651 134
7 66 33913 59
65 86 40931 421
37 96 11898 48
94 23 24559 470
93 49 1717 93
82 42 19050 675
82 28 16362 179
19 25 81219 59
8 33 117518 74
31 82 12468 232
15 46 20733 377
48 56 12735 307
90 49 19762 73
93 45 12121 62
99 35 2532 101
70 24 54558 23
82 68 87568 78
77 27 33852 77
59 76 53832 127
62 41 180436 416
13 68 7195 29
49 50 45409 72
63 49 11546 469
37 60 19471 248
62 92 6080 254
22 33 14832 35
26 97 72618 185
18 80 6393 162
6 61 27929 92
31 10 66550 291
24 46 25168 1215
87 17 19916 27
52 75 94700 47
22 58 8055 430
12 53 58810 109
71 42 4391 227
24 74 57504 87
82 83 33587 223
73 35 5312 252
74 87 36531 336
78 85 4839 42
73 82 33155 80
25 77 76003 301
100 33 40773 108
79 8 38853 167
17 78 91170 124
96 64 46978 218
11 26 13101 270
31 89 35911 147
48 58 78218 34
78 3 28010 44
92 11 43683 214
11 79 62075 96
97 99 74086 240
21 79 13488 133
20 49 56825 327
76 93 115910 234
84 26 336260 57
37 62 50508 203
16 87 28948 1587
72 55 45964 78
1 50 27357 73
1 6 6258 143
97 74 24365 168
9 77 66660 136
3 49 2971 113
3 44 12501 701
40 19 75302 34
14 7 140895 268
4 68 94284 868
48 97 20477 239
36 94 57287 647
66 60 37289 224
68 54 29976 220
36 65 73865 39
30 53 87060 254
94 34 8431 74
20 92 9505 326
28 56 61588 212
16 5 14691 262
38 86 8329 79
13 39 5310 154
66 80 45954 106
63 86 87739 394
75 36 39929 95
55 51 20300 416
15 87 3869 348
49 18 5066 735
84 37 11588 205
78 9 66258 567
31 27 39476 201
22 65 4282 50
24 90 4779 458
84 44 21404 122
38 93 55649 135
6 12 18856 813
33 76 23218 291
71 67 27982 142
14 65 25234 432
91 14 20166 235
64 27 12134 95
2 31 37415 1121
38 34 21353 86
61 72 51742 271
17 91 93478 148
76 95 9297 1017
46 95 19685 177
60 19 21426 23
6 97 40296 41
87 5 4339 216
14 63 5459 643
98 78 19419 469
48 92 100165 85
66 71 38820 276
74 89 9922 23
60 45 60565 60
98 22 35189 389
33 75 35861 50
65 7 19033 227
9 56 42740 56
26 85 337634 156
50 5 7851 139
76 73 13022 269
70 49 64415 232
50 97 6951 28
99 71 36119 176
60 28 5860 1109
56 5 31865 337
1 22 25361 134
71 51 71712 49
80 43 65680 170
68 86 139339 62
75 37 24793 110
23 28 58706 126
3 8 10710 158
41 84 29956 116
10 61 17197 146
92 72 53057 254
54 97 2357 67
78 80 44583 295
44 49 24942 139
33 32 2731 230
32 81 15493 789
95 11 16636 516
87 92 55518 58
19 91 44849 238
6 19 18876 109
54 89 11070 226
82 30 36079 25
61 91 18503 50
73 21 14610 119
30 22 61335 189
36 7 7544 27
34 29 41063 20
89 67 91441 140
67 396
66 81
31 99
97 204
86 119
84 119

8397418
