100 499 3 3
74 8 42194 70
74 70 275641 39
74 55 12565 381
74 4 83377 18
74 34 20810 167
74 49 6591 52
74 58 37545 143
74 20 9491 42
74 52 23150 63
74 66 15055 846
74 36 20066 351
74 73 24985 79
74 24 19070 97
74 97 32146 41
74 25 13474 195
74 27 217555 209
74 63 70485 171
74 52 4397 108
74 91 22199 60
74 95 14679 232
74 24 21051 81
74 28 65388 828
74 18 2074 909
74 10 16824 114
74 12 57906 114
74 79 8472 118
74 46 70589 22
74 97 3370 196
74 57 9264 41
74 6 41741 64
74 41 12867 426
74 81 29573 9
74 21 16527 152
74 14 66935 71
74 28 19519 607
74 26 51655 840
74 49 6449 428
74 62 34865 333
74 37 10862 251
74 88 27816 168
74 68 4826 187
74 2 2188 63
74 35 21565 31
74 48 32517 226
74 9 21646 356
74 13 41742 237
74 17 3994 510
74 60 7529 534
74 59 53057 173
74 100 14044 116
74 22 12063 109
74 49 36991 22
74 49 16162 499
74 23 23296 24
74 51 28715 90
74 75 13798 440
74 92 37603 134
74 40 47705 155
74 66 34375 96
74 84 34424 142
74 71 18238 140
74 53 11548 317
74 46 36104 50
74 53 28661 64
74 79 7934 399
74 52 27247 403
74 10 18916 93
74 15 4010 151
74 33 13125 1322
74 59 2841 669
74 80 37283 325
74 93 3598 24
74 94 42780 74
74 96 94246 349
74 24 6926 230
74 100 16102 22
74 7 48220 339
74 96 5051 51
74 41 12282 129
74 36 33708 167
74 40 9672 318
74 83 73978 187
74 70 10080 130
74 51 2254 104
74 62 94579 24
74 12 18516 70
74 16 25820 75
74 88 15489 553
74 2 24836 55
74 32 71019 298
74 9 13774 328
74 16 75830 122
74 25 31934 680
74 10 44011 102
74 63 29524 69
74 28 7987 89
74 79 62446 315
74 49 9277 602
74 69 115805 136
23 21 153830 90
23 9 48551 258
11 10 170025 317
7 18 20586 180
43 56 12669 82
51 17 70237 631
36 22 44438 67
12 10 61387 466
25 96 6428 312
31 28 21717 44
77 30 10915 387
93 81 24433 866
86 51 24962 144
26 86 3376 464
26 33 2503 65
47 2 90587 139
100 95 29269 45
68 79 6791 14
97 81 52360 657
61 33 121555 35
28 4 51331 170
53 16 30806 302
92 59 28232 157
37 43 27058 80
92 93 6291 36
26 74 1951 69
22 49 12345 100
64 67 34177 83
60 89 92741 111
88 6 64527 100
18 99 19876 195
35 2 132193 302
1 52 25434 400
69 32 62855 95
62 51 39856 60
36 77 12015 29
59 31 4847 59
87 61 59708 96
38 60 4830 19
58 61 27421 35
9 34 204113 122
98 71 10660 321
32 36 28948 119
60 45 59807 21
79 69 11348 200
67 85 3767 48
90 32 20190 857
73 71 5435 260
14 58 42718 109
50 19 20164 547
30 96 15090 149
55 13 16272 151
91 14 18116 49
9 54 1664 331
73 22 3797 69
75 24 22095 65
14 100 10909 205
76 7 48595 177
79 37 83136 48
60 96 65547 179
40 81 34806 148
80 18 83018 179
37 4 7072 529
11 54 17607 160
84 83 4980 174
1 82 11080 182
9 72 17209 91
86 89 41769 147
32 80 1741 85
60 58 5972 494
34 68 26129 58
22 53 116459 184
97 26 10150 168
33 11 101581 242
43 13 53305 304
57 83 4406 293
85 78 53865 488
97 23 13034 85
12 3 82637 120
54 52 13536 127
10 46 35896 62
89 97 12354 251
75 45 24305 46
28 29 58031 377
23 3 16307 41
10 57 59273 77
14 38 37481 581
13 25 2290 96
77 40 16236 53
44 6 7421 119
77 36 19784 171
71 70 46794 127
50 63 148252 256
7 46 13942 80
45 57 7708 88
85 54 45078 680
50 65 113611 609
94 85 10952 39
20 96 1724 847
3 6 14810 42
46 21 75362 101
73 93 25227 39
57 33 9066 35
41 65 116207 72
39 32 42191 271
78 87 43809 127
8 68 18874 874
35 9 45940 51
69 45 15944 133
54 3 8930 160
97 63 16563 71
99 16 48234 71
71 82 11183 129
16 11 18871 259
45 31 30084 148
73 63 53836 101
53 66 63868 318
82 78 10141 36
8 94 7384 38
57 38 33634 129
6 99 25582 1181
25 80 57426 156
82 42 52906 174
91 6 84395 98
23 79 30724 220
54 46 56194 228
11 6 11503 221
58 99 25029 435
85 25 47102 80
2 62 15764 117
5 96 4522 38
71 48 35498 182
60 4 9272 83
82 75 8423 7
9 66 16566 95
38 55 17595 123
90 86 16493 417
50 88 45155 105
68 10 470812 53
97 49 146017 190
37 90 8959 509
1 12 14950 67
10 54 20426 425
54 92 32964 135
39 59 48964 553
15 74 29264 47
8 31 11961 139
46 32 65471 74
96 20 17880 223
24 11 14421 208
97 15 159093 233
39 72 30850 77
43 8 106246 6
21 5 33418 82
24 37 77490 289
3 4 9364 387
25 3 9544 214
46 28 14802 375
62 80 37166 143
64 93 10747 13
72 87 18723 12
24 48 8986 248
48 22 13805 112
7 78 60593 69
3 93 14469 46
66 64 33048 425
29 44 21592 49
13 40 26937 526
11 96 8183 105
28 72 18541 115
76 78 43775 96
52 5 4137 324
87 80 9916 1031
64 91 51106 46
48 64 15242 88
26 38 23868 29
65 82 15008 56
23 84 58779 1042
56 96 5654 100
37 5 40389 174
93 25 56636 215
41 37 65558 446
57 69 10750 160
81 8 6522 1021
11 29 45165 221
52 81 57944 922
52 65 12937 206
91 8 10889 93
64 60 1789 466
17 27 8671 1051
60 16 29584 62
59 17 307354 37
10 25 73403 34
94 65 33141 703
98 1 29586 132
94 17 217408 79
5 48 11945 123
32 77 22703 239
93 28 49991 106
19 3 26914 255
33 78 34482 190
21 16 22138 80
24 83 26821 601
4 61 37178 137
64 45 48784 88
46 55 82088 82
65 25 4957 467
54 34 2241 196
20 61 75694 147
67 72 24630 167
29 50 45216 213
77 20 25220 117
2 56 43613 225
73 43 13277 744
66 82 39660 148
33 24 38009 302
29 9 7574 296
17 39 52104 77
89 39 26849 468
13 77 67246 45
90 89 10464 85
62 7 3994 128
22 84 13563 103
67 7 41709 100
94 72 48625 83
34 57 14938 91
36 35 35676 154
6 22 110554 144
29 100 103606 281
13 30 42070 146
51 65 8718 424
24 79 32258 49
97 31 50703 124
14 99 13300 1289
87 12 436499 335
6 82 20129 148
28 16 6708 125
35 82 25286 855
39 38 9613 773
6 31 9122 210
9 97 61867 105
80 5 17227 799
4 73 4549 157
38 37 41025 53
56 52 10455 147
37 51 3675 73
15 69 27379 78
69 64 34981 214
81 37 25782 40
92 19 5443 55
98 73 11633 360
30 39 13169 68
84 28 13035 124
23 27 3316 71
58 30 88395 35
32 91 187789 256
34 55 50994 105
97 87 16244 66
25 36 10077 197
75 22 12135 465
67 20 17748 216
75 8 23879 190
36 78 35385 94
23 29 31042 278
6 61 122042 19
44 61 66254 85
6 66 58469 206
10 6 15561 45
73 19 26965 662
71 72 10587 177
78 49 19944 257
58 18 9367 44
74 87 232156 355
35 24 5027 41
37 83 111081 118
6 67 13208 235
47 50 5937 166
58 80 68884 343
1 81 4196 1039
74 89 38045 281
36 53 8791 164
15 6 1453 88
22 41 40357 365
42 50 5197 68
31 9 64899 164
63 14 23024 111
58 35 110138 83
1 60 91385 52
19 71 36886 243
85 41 111003 289
3 18 14351 292
93 41 31252 45
69 2 7908 92
41 16 41675 199
96 38 79179 216
4 59 35244 57
67 9 28935 64
62 63 32202 16
9 87 29196 641
15 98 20938 110
53 21 34643 34
28 38 10505 18
90 1 7507 213
29 28 61292 166
79 78 24753 231
29 79 33253 256
68 55 65885 82
29 74 9342 73
52 60 16298 337
43 49 26651 66
30 73 29716 23
78 40 50162 275
53 93 77437 29
52 34 43076 169
21 65 58405 1073
27 21 2482 105
22 17 28062 494
44 11 16070 36
10 4 63859 35
3 46 6603 125
41 28 7066 39
81 29 14297 25
5 71 48737 109
38 25 124337 773
91 90 35895 482
37 88 31870 75
75 84 63014 63
49 39 18295 171
87 67 3422 326
29 72 74222 46
59 6 4926 145
31 51 11429 99
83 64 57772 229
21 35 34984 120
43 24 17102 129
17 9 18162 341
49 30 45333 36
38 10 80600 145
9 37 27245 286
7 97 14162 465
6 23 21984 106
97 92 28661 44
90 27 7917 310
26 15 28879 884
47 20 4155 25
34 37 34370 1653
46 100 5608 9
85 27 8141 573
49 51 29421 136
85 43 25433 243
78 16 164459 244
83 41 42542 293
32 46 21543 25
72 88 116344 91
72 45 9247 766
51 54 107706 53
48 12 48088 299
1 14 7022 193
66 54 30132 388
81 28 8525 59
16 61 58858 98
25 31 10200 62
76 43 8540 47
46 83 10017 32
89 99 6372 600
14 75 25382 247
65 68 109471 1206
57 62 7690 951
91 88 33729 537
12 74 19166 78
8 92 16293 108
33 58 33872 36
88 64 7038 77
49 83 10507 209
96 64 9877 230
1 7 24616 106
65 96 14368 96
8 85 28821 2660
86 46 73702 41
31 35 45063 374
23 8 12534 232
5 28 50506 168
75 97 27723 274
24 9 62700 146
52 90 7133 624
21 34 72893 77
60 15 13044 385
78 89 7872 54
37 17 130275 262
61 49 5806 211
86 41 13526 1180
72 47 37800 222
59 46 19170 68
97 11 17721 274
6 76 13809 22
13 69 58043 205
65 7 30479 301
72 82 940 548
62 26 3961 69
53 60 11395 701
74 1212
97 50
6 18
28 37
96 802
49 469

22225179
