100 499 3 3
78 35 11111 224
78 48 77750 282
78 73 8826 177
78 40 44957 241
78 29 36822 133
78 47 30731 68
78 84 67243 286
78 6 73643 78
78 42 12482 268
78 90 32925 124
78 38 102737 35
78 30 24009 389
78 74 109760 83
78 31 15148 273
78 68 17026 664
78 1 30608 127
78 50 5881 485
78 44 21191 88
78 28 159410 98
78 65 17124 33
78 24 152222 37
78 15 28248 124
78 52 23521 67
78 12 41494 352
78 51 18305 82
78 75 4555 57
78 89 17316 381
78 93 12852 69
78 97 27811 671
78 41 62214 112
78 64 15601 194
78 49 97253 203
78 59 6989 43
78 57 23899 158
78 25 39420 142
78 62 6354 110
78 27 12272 392
78 87 289464 133
78 18 7469 363
78 8 25154 3930
78 11 12084 453
78 79 55794 270
78 16 19818 1963
78 39 4410 246
78 80 4717 132
78 69 8123 61
78 100 7187 69
78 98 57835 47
78 63 13284 45
78 58 29821 2953
78 70 15120 150
78 46 14260 104
78 61 31710 217
78 76 22671 188
78 92 26478 29
78 33 39856 133
78 94 8029 53
78 66 116237 38
78 77 10768 24
78 91 51235 79
78 32 75059 122
78 60 21556 276
78 67 30149 71
78 36 41393 343
78 53 7826 71
78 19 1766 89
78 83 27109 226
78 82 16066 271
78 72 35246 414
78 7 26200 212
78 88 9856 49
78 14 76050 122
78 54 18527 218
78 37 9789 125
78 99 19950 1158
78 23 7216 230
78 22 38070 208
78 10 17237 1145
78 71 27752 633
78 55 11073 61
78 45 12892 114
78 56 59946 1370
78 9 6361 107
78 43 18673 161
78 26 39767 72
78 85 28276 151
78 20 22050 425
78 21 34090 32
78 4 28028 84
78 95 7521 200
78 3 144695 221
78 13 95088 126
78 34 33411 147
78 81 92946 62
78 96 77559 49
78 86 15199 73
78 2 21123 283
78 17 28592 219
78 5 38891 77
3 53 27844 92
41 16 235892 362
39 42 42807 219
81 83 44848 499
8 15 78316 578
65 14 34302 92
66 83 17801 82
72 57 33102 77
96 79 50246 175
86 93 129018 176
7 35 46967 454
75 8 4161 51
82 76 17625 656
49 26 47279 188
91 2 18503 731
98 47 8747 42
31 8 5026 822
18 77 3266 149
95 33 1622 231
66 14 53566 66
22 8 58285 283
56 98 7621 205
38 21 60429 167
68 31 61903 296
38 88 30893 196
64 67 35479 108
86 15 31410 394
48 77 34882 579
32 64 15256 95
49 77 2141 382
32 24 40851 32
48 52 14383 910
74 83 80327 38
13 76 28230 190
92 5 9017 404
46 11 23059 312
22 6 24313 44
16 31 35620 177
1 40 40650 81
61 73 80653 202
71 5 2731 161
89 8 11429 163
59 94 1649 165
56 2 136249 35
35 92 20478 117
29 72 11830 90
63 64 38609 54
28 65 31033 57
7 80 24680 128
75 22 16890 166
71 81 32845 148
99 80 31933 437
37 73 3485 139
88 28 12725 61
53 97 67757 764
80 66 157577 90
15 18 30593 113
71 70 79519 161
40 90 33209 291
99 35 15929 288
8 70 13212 46
32 38 7199 162
54 32 22874 181
70 14 36151 281
24 27 2411 157
85 48 8119 105
84 9 20409 55
29 94 63933 110
7 2 22158 195
3 55 2209 260
7 59 24777 53
14 10 70079 199
92 88 13975 107
74 67 29072 385
15 19 27943 831
54 61 33407 69
64 49 6756 337
30 87 46707 42
67 2 8861 95
41 11 81320 48
3 49 29985 362
2 53 75822 171
73 12 4058 59
20 16 72987 795
74 40 24245 46
52 56 9464 1416
51 28 15015 340
33 27 27938 67
45 82 20096 139
94 75 16705 346
50 57 74084 42
96 56 14771 339
51 29 22010 355
2 68 24342 1020
76 50 32707 38
68 30 86245 44
20 93 12796 215
9 38 8697 42
12 79 5480 460
54 18 15635 279
18 10 11252 310
56 46 33800 58
9 53 17076 28
96 34 22749 116
6 66 139045 115
42 25 21240 491
46 82 12451 159
85 43 52561 800
33 8 4908 227
47 79 23270 110
59 34 11894 198
3 38 36784 1174
3 74 34870 66
47 99 416665 127
91 55 32706 346
63 35 9370 949
51 76 84024 179
26 81 13286 247
77 41 10077 23
58 6 8340 95
80 41 17645 732
77 38 47444 30
97 51 55279 406
29 37 95284 73
36 19 90492 52
56 81 15016 36
30 14 7428 471
5 11 15245 87
33 66 48104 94
12 71 23720 489
58 1 4005 1269
18 78 18864 65
4 32 23223 29
88 34 46943 104
27 39 77507 341
88 21 15784 71
68 87 12470 1242
10 93 89538 709
51 4 54574 96
21 24 4958 105
8 35 5965 891
84 43 7761 409
60 36 26733 57
7 31 19821 113
20 41 13674 154
5 79 61661 262
29 19 6920 71
87 88 29147 245
43 46 312336 95
12 72 4128 15
2 95 19763 250
96 51 22188 166
31 22 27188 345
7 23 107674 213
44 64 11142 44
10 16 11051 174
43 14 49060 1661
9 50 15926 219
88 71 38963 45
55 17 10595 154
69 10 17377 152
50 37 19051 126
37 16 13084 1447
3 61 13542 413
53 40 6765 886
85 39 4884 134
22 21 102514 61
26 28 9004 351
18 74 32253 77
43 47 45761 200
10 32 104666 127
49 76 3376 152
97 44 4875 117
36 62 20021 53
62 34 41630 37
31 19 44168 186
49 6 10687 334
12 54 384572 111
63 28 9759 232
52 57 17813 626
8 77 16770 169
87 97 13951 121
10 47 40538 82
100 77 35259 264
61 83 45034 56
92 72 13959 452
88 62 57750 38
4 72 4749 319
89 1 9899 148
66 11 10596 311
6 27 10422 85
76 16 30292 10
63 87 47304 191
86 8 13757 942
38 3 15022 292
39 99 25191 2213
99 70 8251 167
15 82 8704 114
29 45 85635 20
18 88 28617 25
36 77 10854 963
59 78 26311 134
34 23 28627 245
58 43 116437 584
32 83 6663 3122
51 94 10111 1117
52 19 18621 96
62 5 90991 126
9 45 81305 128
48 38 47424 32
62 61 142286 198
13 72 37396 154
11 28 3168 444
75 43 133936 35
5 78 4135 173
90 25 109905 147
67 50 4174 119
45 34 32127 231
2 12 9886 1219
14 55 19934 87
94 1 24695 10
65 39 1299 275
5 74 8495 210
44 94 21083 34
19 63 18756 786
28 23 9069 50
26 79 42190 42
53 75 26813 919
28 69 17413 158
79 24 88107 92
42 19 4813 23
8 75 25132 47
8 23 20680 126
10 70 4089 54
94 60 153524 16
14 12 57427 73
3 47 11365 798
71 42 3297 262
89 63 24669 51
22 33 12525 295
80 65 12113 95
6 42 24068 228
13 78 32939 390
22 56 63657 85
49 44 10171 355
80 68 48654 105
22 12 97587 280
28 78 180064 207
89 75 39610 237
57 5 20870 211
32 71 3452 383
27 28 10273 464
49 72 541239 19
99 82 18643 99
75 10 17800 99
73 2 8663 91
12 75 7349 96
34 83 9990 72
21 29 130113 86
36 46 91747 158
58 53 86940 39
24 91 37833 228
58 2 19948 547
39 29 12940 234
87 6 15314 455
83 23 116444 263
72 88 5468 398
54 48 15828 90
65 82 52745 262
72 8 23253 428
79 8 9187 88
53 80 34498 810
46 2 45442 78
39 41 12109 171
31 25 55531 305
40 35 3944 289
82 32 72589 68
21 75 40246 194
41 98 30707 116
54 36 3452 1384
80 50 12631 222
79 12 21994 195
61 1 30369 85
62 51 92170 52
15 4 70757 58
51 79 17053 259
98 32 91000 198
72 73 26284 275
100 26 11219 52
31 26 16575 32
95 5 25845 316
4 96 6809 129
96 23 9393 79
49 75 52526 77
49 40 90618 1372
59 48 320780 390
57 3 7383 615
90 28 39247 482
29 98 8849 22
2 97 18345 1863
41 32 31797 63
41 84 14388 40
41 49 19857 120
79 13 28501 708
17 25 24586 151
13 63 60851 37
50 73 57688 247
87 38 9943 90
76 9 5188 92
25 84 15100 258
13 73 20290 922
18 11 1590 52
19 76 38775 41
92 31 12557 1901
7 9 8690 92
72 62 22916 130
42 32 8046 81
64 26 7669 111
56 17 15193 258
12 97 13701 510
65 15 17227 49
23 1 671 172
20 83 27941 2089
32 4 11703 552
87 71 9917 181
22 24 2783 81
48 93 12493 190
90 80 114468 189
83 12 16869 71
28 42 24809 309
82 85 98064 34
34 46 25163 41
92 86 12118 101
15 22 5047 266
38 37 7575 58
74 5 11833 471
20 6 8891 223
44 58 64895 86
73 33 37482 72
100 14 40586 70
17 57 29058 83
29 88 10973 367
58 52 7829 351
13 90 152794 189
6 15 1449 755
51 100 5114 117
56 48 7799 173
10 48 73506 110
98 36 11419 40
51 1 30237 31
38 40 45391 101
10 36 42142 20
77 17 34074 146
45 96 21816 213
47 69 39730 165
72 53 32425 10
77 21 18084 66
7 1 11199 187
55 49 109075 391
47 10 60305 279
42 54 7364 77
16 57 36532 178
58 34 20341 186
32 50 53597 104
68 71 193718 231
83 61 54566 881
33 95 12587 146
9 49 5999 155
38 73 3905 463
30 96 42233 81
58 84 11365 1055
94 43 15176 142
71 23 11730 213
40 70 53742 51
46 33 40862 174
65 26 38492 391
97 42 5640 62
36 27 26232 85
58 83 13281 246
24 78 9296 83
67 36 11183 183
45 32 15669 47
9 36 29098 38
32 98 99823 548
51 92 15043 180
13 50 30885 86
87 61 16870 46
1 88 26513 66
88 92 12734 249
33 85 72712 2570
59 20 8513 552
49 8 23924 180
46 62 50468 121
5 86 9644 880
2 10 14966 372
55 25 14201 162
33 25 27912 821
74 18 7538 417
83 99 55817 541
25 16 17095 118
78 198
58 72
51 216
8 315
83 77
32 12

7419175
