100 499 3 3
63 5 2227 219
63 51 16404 351
63 12 25743 84
63 4 381186 65
63 86 218077 533
63 79 9856 415
63 86 41683 1197
63 3 25034 227
63 12 4184 48
63 53 13832 215
63 29 12781 290
63 51 8274 359
63 36 37127 192
63 60 10070 10
63 8 35205 170
63 18 18864 48
63 62 169087 139
63 46 28486 68
63 30 2916 62
63 72 11841 245
63 40 37044 262
63 71 4223 199
63 19 6682 423
63 65 18914 116
63 56 25507 17
63 7 46924 342
63 25 10967 118
63 14 52038 95
63 46 84522 157
63 14 7541 47
63 81 76545 15
63 99 15198 83
63 89 8324 54
63 53 12928 34
63 19 8941 453
63 90 3061 365
63 33 14137 94
63 31 34850 202
63 47 99442 835
63 71 205727 49
63 81 15305 130
63 84 4130 152
63 89 225134 15
63 51 10203 180
63 51 13747 516
63 78 6242 124
63 8 5534 21
63 9 5994 141
63 39 229399 35
63 11 17338 174
63 16 73384 471
63 27 8344 183
63 64 22843 99
63 82 19837 987
63 18 25606 142
63 57 61433 146
63 14 17335 145
63 37 67529 44
63 26 41985 60
63 61 48095 195
63 17 16578 314
63 32 28630 233
63 28 19394 185
63 95 23046 135
63 84 35441 85
63 19 71505 488
63 64 11241 188
63 23 8251 69
63 87 22812 106
63 58 16853 48
63 12 39332 38
63 51 13182 88
63 15 27445 22
63 22 15022 49
63 16 119274 53
63 95 23351 100
63 38 4878 34
63 92 45933 22
63 94 11885 128
63 17 48405 112
63 53 3738 222
63 61 32071 98
63 12 1602 109
63 62 44745 812
63 25 11605 98
63 100 61438 38
63 21 12764 246
63 20 17700 68
63 79 8935 116
63 57 44232 63
63 14 6295 170
63 84 66991 47
63 21 6231 259
63 8 2873 124
63 100 5153 99
63 43 14795 108
63 44 2207 730
63 35 21752 128
63 77 25877 68
89 79 2762 162
18 25 16464 776
89 20 12852 424
41 5 8222 98
87 7 20219 1760
97 80 39113 96
83 76 82095 76
35 17 43252 140
38 19 24374 842
69 78 14034 156
96 60 92809 150
29 71 18859 77
33 64 7792 47
2 56 31518 173
19 21 19611 114
24 57 34088 401
17 72 20904 277
41 29 194362 153
57 40 33059 189
56 69 32839 53
95 15 14520 59
35 95 62207 439
60 23 13074 172
8 55 7217 30
71 97 40495 346
66 2 10396 208
93 29 43423 46
58 76 2493 119
27 16 93765 218
1 28 42310 42
24 60 54987 244
31 22 15370 88
71 87 26248 89
2 8 31734 623
97 30 46249 186
20 90 24208 87
80 39 40691 38
67 49 117143 481
37 28 13909 165
90 96 29226 624
58 61 25527 386
2 86 149768 17
10 19 14590 450
75 92 5758 32
82 20 22419 142
68 45 52239 81
79 19 16665 44
47 14 64617 230
49 65 19368 87
8 88 13586 72
64 76 15221 123
58 18 22391 37
97 50 98766 95
36 52 6561 20
81 29 25376 148
27 98 25553 503
89 51 12081 221
18 42 29826 425
20 60 8339 328
27 90 6060 180
99 6 31639 87
59 5 21429 1355
65 37 10191 29
98 64 27329 311
74 54 7165 1212
27 54 11552 27
30 67 12469 592
93 16 9747 361
87 28 21043 54
5 3 28092 375
83 79 37539 283
17 71 5845 60
14 42 18841 195
49 10 5257 155
46 93 31798 69
53 10 16109 45
71 62 11380 41
18 80 44979 337
46 34 30828 316
86 18 39270 325
74 20 7046 840
90 20 21903 19
57 19 13061 253
50 90 9624 445
40 66 13549 119
46 90 54807 148
24 51 35528 159
3 33 16370 70
94 93 130154 35
29 76 15937 841
5 82 36577 932
51 87 22838 170
12 73 13148 259
11 20 13841 19
10 14 38554 430
53 9 12118 66
72 97 6815 88
16 47 34335 33
3 34 31019 366
13 97 10945 116
95 28 2944 296
18 29 4233 147
28 77 109589 27
62 13 9813 663
54 10 7918 344
15 85 54602 92
42 74 61260 185
2 18 12526 42
69 83 67696 104
32 42 11955 152
24 56 28335 48
100 29 200767 147
30 27 10814 147
31 19 4978 221
4 93 19125 403
9 90 27133 591
39 75 37868 198
97 40 58286 268
86 66 8347 13
66 97 45345 101
47 88 27054 482
2 4 20067 53
12 35 13089 64
32 23 3056 49
33 72 79760 203
77 74 24865 486
83 78 35935 162
34 39 10317 95
79 2 68132 114
48 19 7198 123
59 17 8539 108
49 52 5614 374
38 42 122236 28
76 27 39056 115
57 50 32581 170
5 73 19022 96
56 23 40739 26
99 94 5701 38
50 33 66517 300
40 75 31598 51
75 33 22284 40
5 33 56463 518
46 4 50388 30
85 16 4535 142
10 84 22848 128
19 83 38695 242
88 13 32852 235
84 36 34006 79
9 100 14188 369
16 1 19577 121
21 89 2623 229
75 56 82406 106
24 78 12920 74
51 100 80788 32
62 48 23778 954
52 91 37809 111
12 46 4901 65
82 10 25420 49
88 42 40543 144
69 63 27388 186
83 2 16439 60
41 13 165610 72
81 25 63359 119
82 74 14398 53
14 23 223938 664
31 56 34518 258
18 78 72467 53
48 24 24911 100
57 33 16795 757
66 80 13925 138
14 31 30412 93
29 20 5330 72
97 65 6492 76
7 87 2217 41
77 42 4041 2056
88 37 20156 89
69 39 245703 86
20 63 1588 146
82 44 86579 547
89 32 38061 1227
90 80 23430 223
24 22 24828 123
92 18 6345 147
62 71 1296 541
34 15 4479 402
76 38 78146 197
38 58 14231 301
2 17 7733 41
80 79 14137 138
51 61 19552 94
36 24 20960 423
7 84 50285 25
28 76 42042 77
57 78 14812 184
94 8 63757 153
61 43 38209 127
74 31 66371 107
33 52 37439 124
18 67 85476 246
18 84 11845 207
24 92 40576 180
64 54 12502 361
84 31 14178 2055
96 81 40340 87
24 1 12915 77
10 15 3473 222
55 79 72298 209
15 61 50282 351
72 42 31963 31
41 37 8477 8
36 72 8958 106
25 80 16926 371
100 9 35860 48
75 39 9783 167
85 34 8321 85
66 77 34422 131
77 93 24138 229
15 87 30880 65
17 24 8443 82
33 24 39909 73
55 43 11622 141
9 28 25978 190
37 54 18997 337
52 18 34360 154
68 25 5875 19
22 33 12976 68
90 14 19071 767
59 64 33043 131
63 41 30914 312
7 38 19045 326
17 23 6015 190
25 85 8496 289
52 53 39945 125
15 6 15006 540
39 11 65746 107
45 97 20174 53
12 31 40617 296
74 24 52747 58
55 61 2171 459
33 46 25083 337
69 87 34950 293
27 93 8066 109
7 5 9226 47
61 29 8352 165
12 69 11155 84
6 68 27667 169
54 59 14275 210
41 7 66467 701
51 4 114365 215
97 31 5585 480
24 21 81962 651
15 62 108642 539
60 82 11804 35
75 98 12441 102
37 84 43722 102
96 25 125076 135
78 83 15265 45
81 67 9311 202
56 54 34912 110
80 48 17317 68
51 49 40109 54
43 1 98959 246
34 17 26929 22
76 30 22126 323
71 68 58376 51
14 12 13816 68
42 100 14369 139
22 8 50150 42
29 2 49847 173
95 82 13496 147
24 86 40244 76
82 64 91943 7
49 88 15415 607
37 55 8013 86
41 44 187746 64
11 77 21426 354
25 99 5370 48
60 65 25121 274
42 64 109422 225
46 1 33056 122
5 38 43624 128
96 46 8702 232
9 84 6984 85
26 96 35105 209
15 56 17810 44
97 90 79628 542
38 80 37424 358
33 41 4279 129
49 81 43896 270
20 37 2806 110
78 95 8122 111
68 55 10768 80
33 3 9953 53
55 70 24833 107
56 81 2102 106
93 20 11555 20
88 61 7861 251
89 82 55809 164
81 95 12651 273
4 22 13516 211
21 42 8074 360
13 61 14460 66
29 37 9528 98
87 80 18401 188
89 37 37171 2311
40 3 1975 65
70 53 983 193
24 85 34609 516
17 12 106123 130
21 100 8114 114
52 24 44237 284
72 38 229015 472
31 70 146818 179
49 70 15086 53
49 42 22096 67
17 86 132114 49
83 33 49339 39
14 70 39327 273
86 32 21831 178
19 4 25947 129
50 64 29948 101
65 47 47229 103
53 40 2697 313
62 78 28275 31
35 3 51937 122
40 43 11282 1309
28 65 6473 145
6 60 6268 164
56 1 27985 149
61 31 4436 224
91 25 172758 65
56 63 24694 228
97 45 31870 271
50 71 4040 618
31 82 27215 113
72 67 9801 205
70 32 21499 50
20 62 28092 78
48 66 14942 79
7 97 27314 80
67 24 9572 20
14 18 7943 204
99 26 67275 532
11 69 3033 21
1 78 62906 238
52 46 25096 158
13 1 12160 64
57 95 3594 123
79 75 112078 276
52 30 12778 284
87 6 15704 240
72 26 18830 295
60 38 11081 486
18 19 5788 39
39 77 23192 48
46 79 13994 196
4 49 14763 227
59 39 8798 257
33 30 50241 1459
96 71 127300 65
54 39 20997 62
58 25 24330 265
66 12 5679 321
13 96 40343 53
64 28 55181 120
56 26 35875 359
28 58 21855 241
76 64 30921 349
23 10 28992 87
39 97 8921 330
33 83 81097 115
88 24 11152 998
42 48 12847 104
42 67 20406 555
54 73 15549 336
24 16 14223 50
90 57 24949 31
91 35 7931 260
47 36 14657 8
98 57 10743 162
61 1 108634 36
34 26 11320 434
38 28 15424 80
81 82 14526 314
78 79 22069 278
96 73 24690 405
88 54 5696 107
52 16 6409 245
95 6 13503 74
97 81 11479 60
42 30 42138 156
88 29 10834 33
1 100 18195 551
1 3 56913 209
3 61 9561 937
32 25 2465 77
18 26 10639 290
72 41 1396 113
31 91 14394 273
8 11 48953 58
63 600
24 36
97 162
19 1152
64 161
61 199

7761705
