100 499 3 3
65 94 7027 48
65 38 7193 192
65 52 51852 620
65 88 27974 335
65 87 11344 42
65 91 5496 335
65 54 3541 131
65 6 46750 130
65 34 5773 16
65 19 107831 131
65 23 30976 143
65 62 29603 232
65 3 12480 61
65 37 5871 235
65 4 7388 74
65 7 22762 60
65 48 24282 718
65 13 23737 186
65 45 11624 160
65 78 4735 56
65 58 22792 101
65 98 20692 1119
65 60 13015 101
65 74 21376 228
65 61 13915 67
65 33 17455 200
65 14 24519 731
65 97 9506 158
65 69 30341 197
65 17 156747 86
65 85 4687 73
65 20 43975 156
65 43 32707 184
65 31 10965 391
65 80 16672 1090
65 71 33941 1005
65 77 52731 97
65 32 14583 194
65 41 33421 13
65 39 7642 73
65 2 15540 209
65 40 25884 72
65 95 133717 326
65 100 26345 336
65 89 47106 39
65 56 5294 440
65 44 9989 1155
65 86 13136 143
65 24 3360 956
65 49 6458 129
65 46 11502 159
65 30 33803 160
65 72 52042 146
65 8 19395 67
65 79 45900 82
65 63 27980 162
65 81 29158 189
65 1 46409 90
65 96 8375 135
65 22 34630 168
65 82 18447 116
65 93 30042 49
65 64 84650 264
65 15 17281 71
65 11 3742 61
65 27 7259 262
65 51 29359 68
65 59 14891 226
65 84 6974 176
65 57 13427 155
65 29 3294 28
65 25 77462 79
65 18 36298 153
65 10 67672 270
65 83 33007 106
65 73 30447 287
65 16 51413 83
65 53 74086 315
65 92 3714 149
65 26 123899 74
65 66 4145 340
65 47 130690 101
65 21 19729 138
65 75 23503 49
65 36 33188 121
65 35 30507 180
65 55 13843 35
65 90 11522 125
65 28 7885 91
65 70 44336 144
65 5 23937 66
65 50 3210 520
65 67 15583 109
65 68 19748 32
65 76 20704 96
65 12 8903 427
65 9 24105 33
65 99 46889 126
65 42 6870 154
73 45 44100 237
7 31 38643 444
85 22 64627 58
30 79 26776 138
88 30 11423 358
3 92 7285 207
21 33 84206 388
98 31 9575 76
10 6 119411 68
76 45 7917 75
93 81 41662 108
94 100 18301 148
49 56 50481 235
84 71 8843 18
31 38 8518 254
48 57 61951 216
1 42 6666 187
44 38 59125 474
27 73 64936 240
68 94 10067 682
24 45 62417 177
5 62 77461 269
12 65 47269 436
63 24 5942 106
13 66 10755 235
61 43 9425 21
31 29 26146 774
6 69 35673 183
76 82 1727 100
87 55 16595 131
18 51 27119 103
41 71 255492 112
73 43 12967 33
58 11 12161 166
64 83 12159 1243
87 51 3342 184
58 100 8767 76
50 86 5489 45
96 37 15797 58
43 70 79530 37
100 9 25036 145
87 29 86873 134
67 14 13939 183
43 49 8119 197
27 30 25671 1077
18 61 22941 37
86 79 19093 13
44 61 116777 154
68 43 37509 44
42 47 25457 110
54 91 15861 57
14 11 46836 170
15 48 44192 138
93 14 13492 168
94 47 31793 72
20 82 6686 417
80 43 48744 41
73 68 11847 67
23 13 56391 221
39 74 58299 347
29 81 6856 116
79 24 74676 275
12 11 8338 24
81 17 11578 146
27 93 9092 92
44 57 12180 22
57 70 11866 202
24 43 19396 45
74 63 14477 251
26 38 4357 1017
96 12 68715 143
47 97 7765 475
100 18 98654 69
87 67 48137 161
92 93 7048 1632
85 32 131367 204
31 48 18732 192
22 59 12204 59
99 28 34554 115
56 88 61296 97
22 99 11144 129
26 91 23355 81
71 21 41518 282
90 99 16174 50
17 29 52394 188
3 23 23980 172
42 48 3374 134
66 63 27253 846
12 98 63184 424
39 49 31454 26
52 82 22780 42
87 93 13553 250
27 87 80485 640
92 71 12265 115
67 20 58889 155
4 8 40642 526
31 82 42795 225
5 23 200277 233
70 12 42291 1487
91 1 58800 69
88 4 9769 611
70 67 69250 9
80 98 43914 14
8 76 3137 66
6 91 19689 76
78 82 34738 252
29 24 13419 1121
66 4 52567 75
84 73 42655 596
49 40 15700 185
36 40 4247 66
56 97 2272 408
63 21 56836 66
82 62 24533 85
90 92 30361 756
68 46 157266 143
62 13 70444 190
88 66 213623 141
75 3 38177 294
32 19 34025 303
45 23 94337 81
46 41 5456 88
69 80 54144 753
68 29 21721 362
84 10 10124 24
93 12 66763 154
32 87 18901 75
21 40 36532 163
26 27 109763 54
35 32 34626 123
98 21 39603 212
7 84 9292 66
5 73 17620 103
96 30 29942 196
19 62 37447 266
36 65 195896 116
63 67 5553 193
71 67 22745 293
5 14 19406 24
28 97 6094 231
49 37 48574 207
100 47 7972 124
59 76 38732 260
17 7 9797 543
86 95 48296 359
61 60 4450 1612
93 98 5803 61
84 64 20947 98
42 94 9263 29
78 94 8017 92
89 71 26210 164
11 19 11609 378
77 37 167684 142
1 7 34746 142
91 64 16966 11
15 36 55380 267
80 89 14991 679
14 33 21458 214
100 48 38842 98
31 16 122344 89
22 45 15061 133
83 13 63541 1264
60 56 17734 289
9 99 11137 53
21 71 22901 72
10 31 39772 40
100 94 13595 88
88 56 60133 148
94 33 16592 70
88 15 7071 82
50 70 4945 98
97 88 45533 535
51 94 67115 50
59 98 45201 433
75 46 49096 381
73 78 44473 125
42 53 35920 465
83 12 188701 77
96 95 8004 118
18 67 105031 81
46 19 29331 213
99 8 68872 396
85 87 34750 526
12 95 7132 181
91 74 91924 70
36 100 14296 38
21 53 53486 250
76 63 76536 815
56 27 96405 77
5 59 3680 44
80 28 165632 221
27 26 25871 355
19 67 5611 263
29 88 99676 194
50 4 24799 160
69 18 8643 68
36 75 9313 1099
61 71 3810 334
30 61 13352 278
42 69 75268 156
57 56 12523 185
3 47 13189 1047
40 100 15823 368
18 76 149548 21
96 5 13319 316
56 66 14838 91
76 66 24333 397
10 39 23549 42
11 52 19555 289
38 15 19367 211
40 77 33011 461
39 23 27642 119
35 11 34949 730
32 50 9033 63
53 51 23951 40
90 42 39374 157
4 27 10128 97
68 22 23762 60
99 52 23193 40
63 56 8369 137
9 13 553469 316
41 1 2479 104
68 39 27365 98
3 36 13423 96
69 77 15201 52
31 1 4619 371
5 100 8584 111
27 100 17606 2052
96 39 18920 103
38 12 94665 48
71 70 17742 932
93 39 71538 674
4 12 12962 127
97 17 13324 434
49 15 62621 133
11 35 21616 103
82 91 23256 218
58 74 96113 131
51 28 17530 173
74 71 16627 25
18 14 68120 1028
28 33 54283 59
25 39 15399 59
11 88 17409 179
78 25 8389 844
49 90 224832 120
84 18 23125 233
81 99 17229 241
50 99 54715 227
100 38 25021 384
82 97 185869 192
100 91 16628 697
59 96 8186 161
34 67 5977 234
88 7 13613 455
71 96 3722 105
79 87 14769 111
48 93 76297 197
10 90 11136 104
49 85 4574 65
88 100 16172 163
10 44 49739 122
55 43 26149 147
48 46 8204 465
95 79 7878 118
39 4 20054 87
27 92 168837 110
81 87 42628 284
34 92 26823 424
2 73 27035 370
77 96 5757 67
59 73 34761 58
45 55 55570 788
76 23 5842 70
5 8 19705 511
74 11 16455 25
57 8 56257 98
27 58 29516 31
67 40 58708 191
58 13 62223 608
90 84 18404 114
80 27 780719 24
83 100 51413 292
71 39 18723 149
6 44 23019 81
87 31 33580 291
26 6 7587 378
49 75 44492 58
14 4 68176 292
74 21 6635 456
35 5 18294 201
5 55 22097 129
12 70 11663 230
31 12 102636 432
45 100 45807 126
70 55 32922 100
55 84 13551 555
95 6 27655 85
5 24 9246 83
19 23 30355 173
98 57 24381 301
83 37 26670 54
76 100 54265 98
20 29 15088 245
1 22 19961 1461
39 96 58745 109
38 89 21703 447
32 98 61123 118
91 27 19625 385
84 46 51099 12
31 56 6169 44
82 63 4475 154
25 36 4432 55
47 80 5705 137
85 42 40221 1211
12 38 19211 1341
53 98 19053 135
24 53 3595 91
33 74 38048 735
11 62 19428 49
70 46 47559 26
63 10 27809 74
6 61 38161 590
30 47 65128 42
48 29 27352 194
49 1 7085 67
75 100 23851 175
44 62 6056 34
28 96 12263 761
54 67 13415 438
93 51 3122 115
98 19 2563 47
64 32 29075 128
98 88 53266 86
44 93 26984 135
33 62 23073 88
26 1 41489 691
80 96 54348 270
86 27 61420 356
66 98 26684 68
77 1 7267 366
14 30 98084 1056
46 64 14275 59
49 66 102508 76
23 26 13877 87
73 8 6238 144
34 69 42882 217
38 47 14952 151
43 5 29779 23
74 93 4022 288
85 5 24577 45
61 27 154946 143
2 46 96039 1128
82 42 22752 33
25 66 3845 528
69 46 11072 102
89 92 18288 122
88 11 59232 47
31 53 31930 38
91 100 18108 271
71 97 40039 257
31 63 33015 97
70 39 37655 1262
60 99 11443 167
67 24 6745 396
93 78 15512 743
37 82 92656 282
49 43 13849 451
5 12 21430 129
95 82 44668 38
50 47 13892 108
39 61 33126 59
31 9 90147 36
84 55 5263 268
8 92 78766 79
57 22 16599 111
95 45 3966 31
60 97 133522 83
98 25 29038 69
27 3 22699 169
57 66 32752 92
100 56 1478 539
76 74 18460 186
81 72 217230 437
42 23 152448 537
70 98 10927 147
74 98 94759 524
92 45 295140 219
19 25 17490 21
63 77 21339 36
47 94 32834 85
68 85 11276 65
52 60 47053 167
97 10 21782 836
52 89 70262 58
20 55 7664 201
90 96 6435 316
66 51 131592 43
51 33 17132 244
18 36 137293 1040
65 198
31 132
49 170
100 109
98 342
67 38

16425158
