100 499 3 3
45 83 29044 230
45 62 6609 503
45 35 101357 391
45 10 29488 147
45 32 32803 84
45 88 19774 49
45 58 27875 45
45 24 4209 163
45 50 6169 175
45 28 3973 160
45 27 14730 31
45 2 207082 35
45 19 8190 58
45 31 16137 204
45 43 35296 304
45 14 13015 36
45 79 46208 104
45 29 42957 128
45 72 15809 1154
45 69 56158 319
45 40 21297 294
45 90 39951 50
45 82 175840 453
45 48 51219 1041
45 38 37591 50
45 12 35819 44
45 11 30979 140
45 46 27409 29
45 3 4900 116
45 92 20074 74
45 68 36871 136
45 81 182074 150
45 5 25704 64
45 66 17851 56
45 95 23343 103
45 99 20344 657
45 89 15517 70
45 73 10939 450
45 96 12164 580
45 64 142064 261
45 26 13121 439
45 94 64172 588
45 77 27274 154
45 49 13038 301
45 57 95276 252
45 52 10574 70
45 16 13976 29
45 65 2852 744
45 30 19791 78
45 56 27114 199
45 20 49936 284
45 76 19776 307
45 80 20500 15
45 8 26768 100
45 42 10269 585
45 55 103900 72
45 87 10490 79
45 17 22573 48
45 91 22402 98
45 41 11875 397
45 70 17757 870
45 33 11117 488
45 85 2866 505
45 54 12797 410
45 4 11717 25
45 100 28599 242
45 84 35793 148
45 51 34691 243
45 22 39468 59
45 44 36634 269
45 9 4377 163
45 60 15912 49
45 39 32424 52
45 34 31725 175
45 93 49618 167
45 63 46959 161
45 25 97086 614
45 6 54570 241
45 13 554473 69
45 47 68622 721
45 7 21580 195
45 74 12488 383
45 15 5480 92
45 37 5267 83
45 21 18441 170
45 75 38250 721
45 86 27220 82
45 1 11742 317
45 36 36348 811
45 23 2457 414
45 98 73273 29
45 97 21222 109
45 78 12241 167
45 59 8891 307
45 61 38608 253
45 18 18947 103
45 53 7359 432
45 67 35225 1902
45 71 24296 602
41 49 66747 213
71 28 11636 34
44 30 17888 145
83 15 28600 319
60 78 15353 55
94 72 56249 169
92 49 77998 95
82 10 41152 111
62 85 28659 498
46 59 10761 280
43 85 40149 338
85 83 70444 18
92 24 1306 316
26 63 10521 61
58 37 61168 172
26 66 9420 108
43 48 55746 411
25 37 69055 458
34 35 49729 223
11 74 33732 94
55 79 5792 43
67 79 30678 1121
39 20 66900 857
99 12 18120 231
80 40 92647 154
30 47 106289 46
97 98 8957 272
69 55 26876 1114
55 87 51721 296
63 24 10346 314
99 83 6725 175
13 44 5470 138
23 53 1871 41
58 12 65943 76
44 82 17441 542
53 96 144178 8
44 58 21024 170
72 81 202099 437
67 44 53731 715
24 97 16090 66
41 98 5651 218
100 67 51000 206
95 19 210011 228
87 63 12535 205
51 46 48907 209
67 17 168289 789
100 68 19660 19
87 17 10065 802
86 72 10563 366
99 34 190133 438
96 87 20911 227
16 9 24148 91
31 58 48811 20
50 22 22536 20
94 90 44615 796
51 3 35856 161
68 26 9267 138
66 53 19780 61
93 88 140495 14
74 41 70407 368
73 28 9067 193
23 52 73045 629
73 62 12179 63
58 90 22987 206
3 79 71708 109
85 58 10662 225
8 23 10197 463
58 62 31176 159
47 26 30602 79
23 38 10318 592
32 85 6354 667
16 49 9558 685
16 23 33914 543
3 16 12691 66
60 73 19390 20
67 68 5602 42
59 98 6434 453
85 17 18052 65
42 66 10335 162
88 35 81182 44
35 32 50974 1786
18 16 42121 58
36 83 10725 496
48 25 5205 110
34 33 58772 209
18 58 23879 253
99 94 135012 255
17 15 52402 106
2 46 11209 88
70 24 2874 503
37 100 30461 166
57 61 18654 247
7 83 31723 255
73 70 13259 156
14 79 3620 147
54 12 36418 74
53 94 36210 84
27 31 8425 69
98 65 24122 433
1 58 48847 49
52 67 9899 269
96 53 22862 235
18 78 20697 470
65 98 27655 30
47 49 6818 120
53 49 6038 43
75 44 3208 99
46 10 41430 122
77 62 11178 78
3 96 69394 264
73 24 30521 414
84 44 106735 110
7 88 79226 39
76 66 21269 44
25 14 43987 114
8 56 14057 99
65 42 35428 76
95 36 46057 57
24 39 18830 127
91 25 88733 133
90 55 54145 126
14 56 37568 677
29 19 132631 640
13 42 15040 920
89 48 7141 191
34 47 5789 970
33 31 15897 115
50 24 4279 108
77 17 28236 213
35 87 8876 184
27 4 12878 352
48 1 7646 182
43 22 9648 247
87 73 120684 276
70 76 40057 152
73 58 207239 24
54 76 25450 143
67 13 12593 132
72 45 4168 135
67 69 30562 151
46 79 21727 36
58 10 26809 92
56 89 28285 369
20 59 17209 29
66 70 7910 144
40 1 39558 33
31 96 65098 127
79 11 30950 122
28 58 251379 45
57 90 3583 40
6 47 35206 297
7 63 30279 58
49 68 404957 222
99 7 7964 61
74 76 67118 152
54 25 45286 44
31 90 83831 25
17 30 39626 310
90 71 17669 45
94 61 46978 63
80 91 48051 30
20 49 25640 2574
36 79 20019 176
62 71 31704 144
32 73 18863 383
79 89 4437 139
56 31 112621 480
42 83 18102 41
34 62 21655 38
65 37 9347 87
64 35 68208 146
87 41 22899 192
89 77 43213 191
93 92 31727 70
100 2 2989 169
67 16 27153 88
71 88 37216 112
34 56 8317 331
70 12 76807 403
67 37 16453 100
76 46 7405 78
7 11 56239 173
8 16 35843 97
1 60 4248 115
62 97 29376 225
70 98 12488 67
71 100 24750 59
6 61 4358 29
71 69 81921 193
5 92 7933 298
44 47 21870 573
7 27 4715 1029
13 61 6666 508
71 9 3703 180
13 49 9581 54
63 57 14643 86
35 33 13954 26
68 46 86790 475
64 54 17428 23
69 99 44323 243
28 21 9522 229
40 87 2375 323
78 94 51154 219
63 50 11996 306
3 92 6970 47
69 63 21598 187
81 82 107696 14
40 99 7696 280
85 94 29085 94
34 91 41688 939
60 26 4499 718
96 64 34631 226
93 89 10897 48
28 74 22229 20
33 25 15371 235
55 37 27489 399
48 13 6940 175
18 14 22598 124
36 35 17675 297
35 98 25774 90
67 18 16254 115
1 41 9287 69
55 78 34410 66
73 14 4161 782
93 11 21674 127
56 100 11125 214
20 48 55805 94
2 66 5768 93
5 9 104940 47
20 94 4054 139
51 25 73451 113
20 76 108319 177
19 14 4534 178
23 31 11036 64
56 9 13149 117
67 45 5139 873
7 99 36360 175
60 23 37010 197
87 28 4385 561
20 33 71170 79
93 16 19600 66
13 17 20795 891
89 66 15130 133
47 36 15442 158
88 7 97823 154
7 2 11017 295
96 17 28311 221
4 99 60993 96
59 18 15133 227
66 20 20198 227
8 93 4640 150
90 16 12407 231
49 21 18247 462
29 90 11085 115
12 22 19439 36
8 11 27798 68
40 70 23147 47
68 54 122886 194
94 32 9327 192
20 54 5067 485
46 36 31013 155
99 63 123175 111
1 93 67461 9
94 70 9371 772
81 55 72785 53
35 38 4700 97
16 7 28946 284
64 73 27882 121
6 55 3043 60
70 51 21092 442
79 70 52404 409
36 73 34030 24
64 7 4321 59
37 82 7684 63
57 66 31344 94
52 16 8115 28
10 78 25170 549
67 4 35052 344
54 15 82991 235
16 26 10246 42
30 6 27516 137
52 96 36772 22
22 47 5062 21
17 71 1990 170
17 45 102857 195
96 100 25616 184
98 38 8266 247
91 61 41409 753
75 7 119383 154
71 34 51939 51
23 65 62114 61
74 55 8736 190
91 72 7663 2169
2 29 38679 281
23 63 56653 151
7 75 58349 132
35 44 112702 568
79 2 66711 638
96 15 81806 77
44 7 4738 204
84 17 43142 217
8 26 50983 21
5 68 97886 372
12 28 3473 33
53 77 25625 83
96 35 21693 142
23 12 68281 115
8 99 14048 124
60 58 3615 945
30 45 14883 135
57 51 26299 52
43 89 9144 174
69 82 19709 88
57 30 8761 238
53 87 6962 52
50 91 27038 110
3 76 18329 254
86 26 42066 27
97 61 18961 22
16 70 39766 51
18 51 4651 108
16 93 65299 144
4 40 21185 144
67 96 15538 691
58 77 18665 145
28 15 7422 93
12 84 26070 76
59 57 33263 82
21 39 28604 58
19 24 5980 62
76 95 13738 661
21 74 8255 27
6 31 156211 58
63 54 30627 96
12 49 6080 109
46 35 9589 21
37 98 9185 310
29 2 12750 94
50 69 40921 63
67 62 10011 112
91 8 7288 101
68 19 37732 547
6 3 14080 254
33 66 11324 62
18 44 40667 12
19 58 45126 120
51 58 44727 617
77 21 69897 83
81 48 2021 117
72 18 19866 575
90 93 6406 175
12 69 23338 154
2 21 12829 91
89 33 11876 693
95 84 23788 99
11 84 28939 114
84 24 43574 83
91 67 20605 1112
63 37 14275 149
91 51 15600 329
30 56 616 382
64 96 97722 197
81 44 11033 1194
67 98 5196 1067
80 11 9377 178
80 61 25756 553
92 40 14573 365
61 12 6458 386
4 77 5245 32
66 47 67132 316
65 54 111914 29
78 13 8015 88
30 24 101904 643
85 60 30891 236
61 89 22201 843
25 62 20841 180
12 60 8378 1100
7 34 27796 183
98 34 2320 155
40 17 10435 48
14 44 63038 531
56 84 60683 359
32 42 8812 44
75 61 13037 50
33 75 11338 108
85 84 102601 231
92 31 10314 102
100 19 23435 265
24 75 4003 163
73 90 22570 97
26 27 19501 78
73 75 7699 39
8 14 6471 162
17 36 38636 207
88 33 23761 607
73 80 22167 87
88 14 217098 24
63 30 23044 125
26 89 4821 285
65 88 29229 809
45 2673
67 336
73 63
58 295
98 161
61 1898

134788614
