100 499 3 3
50 6 2442 1374
50 48 18421 64
50 15 49421 82
50 64 17321 50
50 27 11505 78
50 46 32929 63
50 82 125956 192
50 17 62295 32
50 66 1589 591
50 80 5410 130
50 38 2046 59
50 10 6057 125
50 71 5752 240
50 1 37285 320
50 73 124337 209
50 94 12033 41
50 99 16004 105
50 2 39864 110
50 91 40269 315
50 70 7656 35
50 40 225703 41
50 24 5252 190
50 72 38027 67
50 98 43582 905
50 95 8464 40
50 12 80484 341
50 44 94858 306
50 86 37175 160
50 84 24787 839
50 33 73787 173
50 63 11788 58
50 100 9876 374
50 59 2901 22
50 45 17133 108
50 9 48131 83
50 96 13379 49
50 4 9432 116
50 53 7602 71
50 31 29984 308
50 34 23698 177
50 90 69206 42
50 67 9976 175
50 22 79402 304
50 51 5713 112
50 81 28039 188
50 75 42187 635
50 85 5519 128
50 74 19813 69
50 8 58945 672
50 35 21824 395
50 32 35992 124
50 36 9116 88
50 88 9982 51
50 61 13987 101
50 49 47928 134
50 68 92670 167
50 97 91678 179
50 19 12386 119
50 47 5965 522
50 11 33505 13
50 25 4104 100
50 42 6346 129
50 29 15568 70
50 41 13797 233
50 57 96794 25
50 65 15932 549
50 18 3222 358
50 7 5861 138
50 5 8591 373
50 28 105703 164
50 83 15206 71
50 52 13928 184
50 56 24040 468
50 55 56800 930
50 54 26756 230
50 62 212208 163
50 60 32509 1059
50 87 58242 59
50 26 15601 200
50 76 60060 822
50 30 25526 114
50 69 28228 97
50 43 7294 269
50 39 12506 321
50 58 33968 218
50 13 5303 476
50 16 6824 311
50 23 32201 1042
50 20 19771 46
50 93 18590 317
50 21 70947 85
50 3 31761 100
50 14 119112 320
50 92 59982 183
50 89 22536 19
50 78 37872 137
50 37 70921 465
50 77 13772 49
50 79 3986 46
83 97 30100 538
59 7 7418 31
71 90 85565 144
47 21 101436 72
89 99 14005 250
8 29 27403 63
89 70 14417 205
31 36 71775 18
84 91 17913 596
94 64 17487 119
76 90 34748 301
51 71 19145 145
59 3 13875 151
71 19 216455 108
100 74 6636 123
76 70 20048 72
71 23 144384 749
85 29 19682 269
22 49 21037 86
46 56 35749 31
13 76 29967 732
25 66 48741 104
74 28 155216 253
4 93 12395 323
98 3 20623 384
58 64 15332 22
54 36 42373 45
62 69 8118 166
55 14 105650 204
97 60 14360 242
69 11 16065 5
85 61 38245 64
81 93 3807 515
77 68 55793 34
51 48 24693 84
96 84 13595 1289
53 92 14282 58
66 45 3389 220
31 28 15452 441
64 28 9697 34
88 8 57659 81
49 19 64228 81
13 6 6659 121
40 53 41077 167
88 36 8258 87
66 44 28214 71
24 48 15355 469
26 35 54086 32
94 84 29074 298
86 66 65803 108
8 78 15113 175
28 68 59090 1301
77 10 21046 259
65 6 45072 80
83 18 44986 124
28 10 15019 81
96 9 14912 432
4 91 61292 173
56 98 35806 368
18 60 13261 52
68 9 79763 198
23 4 5257 206
59 26 67717 46
23 64 56738 218
22 67 332563 1551
63 30 55459 335
5 33 122212 204
53 28 12297 173
78 44 28700 257
79 24 47824 321
40 75 15299 12
68 66 35699 136
31 79 381978 307
4 18 23959 182
76 17 21001 111
42 84 38021 77
89 87 52726 380
81 1 9666 347
46 27 13538 157
51 46 23695 107
76 81 32152 118
43 96 2277 115
54 92 20763 241
37 81 54669 210
60 2 25610 71
20 30 13744 220
65 10 6585 82
14 44 8997 292
77 99 28854 476
34 81 57362 129
49 5 72339 645
99 4 250110 272
76 100 89738 68
11 99 23999 138
100 85 17084 149
66 33 23171 486
94 68 10176 169
93 61 2013 112
3 38 8264 197
5 78 25675 266
69 12 9672 112
81 60 7631 32
81 79 24409 42
19 78 57930 266
40 46 27854 387
17 83 10496 374
44 56 8433 11
67 77 87743 29
91 41 141453 124
10 20 40671 107
62 77 22473 53
88 81 9669 327
6 10 25883 78
67 81 18656 190
81 88 9251 143
55 38 15751 235
59 10 8896 16
63 93 16298 64
19 98 19001 321
95 23 9386 678
82 55 75498 303
12 73 3880 73
66 40 14611 656
19 14 91714 123
63 26 7594 91
24 45 24411 126
34 26 13546 167
51 47 43211 122
32 13 17717 81
87 43 91643 262
52 30 593157 226
14 19 11314 88
19 51 19949 219
1 93 45411 434
20 99 49707 69
60 5 153330 24
17 86 4944 272
41 67 14146 20
44 8 9421 163
39 7 15134 39
3 1 24214 195
84 34 21723 1088
17 71 12776 362
40 9 26931 27
40 23 12196 18
62 46 29781 729
31 64 4682 630
64 76 1742 289
56 45 9981 518
5 2 6063 123
96 86 29253 653
57 55 7617 2035
30 29 100690 88
23 15 14358 68
69 35 43260 77
27 59 33975 530
1 62 15323 41
17 66 7344 310
27 7 60752 46
29 19 9256 138
40 14 19509 984
54 33 36083 174
81 85 43032 177
37 97 85568 222
74 52 26359 122
38 50 5305 100
92 66 35678 24
27 9 9136 354
85 5 18773 333
65 40 8977 830
78 25 6519 609
77 89 19667 27
17 82 74906 82
10 81 84476 213
41 16 8855 517
2 80 5199 324
34 7 56517 126
27 78 10215 579
78 53 27780 278
21 86 13693 89
14 38 46867 402
22 76 123457 275
80 100 73680 64
69 97 34792 173
52 99 30116 77
67 11 22033 554
67 91 20030 411
11 14 8048 193
100 26 19801 37
82 90 56576 665
24 74 48283 488
35 74 5552 56
21 50 34501 359
53 51 5475 874
35 37 14541 61
71 48 41567 220
81 23 77870 1362
33 27 26639 211
44 63 6833 16
27 70 23600 51
9 94 4847 750
81 55 19631 338
74 87 26361 335
5 14 8877 179
84 55 12640 39
82 34 22537 93
69 50 60435 113
46 84 42889 311
85 60 22203 1382
78 28 129069 129
86 1 8949 678
74 41 8263 93
75 78 5027 40
52 31 9831 670
72 23 29841 324
65 53 7200 187
86 96 45636 313
60 27 45657 909
62 95 7915 144
79 80 9665 60
84 32 19077 152
1 26 98403 92
32 56 3951 616
10 31 8094 43
1 83 65613 57
96 58 49621 156
17 76 36604 41
27 72 4346 404
77 11 62023 72
95 37 19538 268
60 1 15736 167
12 20 2820 38
71 47 39824 30
78 60 11814 100
58 77 23808 263
49 89 50806 135
25 38 5227 135
65 84 80052 103
64 93 50359 43
93 98 17886 541
2 61 33211 194
38 67 23749 16
16 32 9733 926
78 12 21638 153
36 69 11201 194
91 29 14854 105
4 82 19925 125
20 68 8619 93
39 56 13613 77
67 53 48194 734
38 6 2724 79
44 7 29023 239
37 87 29934 24
82 91 16344 299
65 76 13573 120
33 69 236912 1087
46 62 32351 116
39 94 19382 560
5 62 55070 916
99 6 4759 93
99 7 29996 160
65 21 9247 148
98 81 53965 79
37 41 56044 41
14 64 5389 38
14 15 37065 40
36 45 13705 37
53 14 17352 39
57 31 32477 61
16 98 5627 204
40 47 9031 189
7 60 4430 62
100 64 51082 196
60 91 5348 83
91 36 13561 996
19 60 2884 346
25 95 35151 860
17 93 3080 117
41 58 59494 182
27 69 19780 187
69 3 31244 324
46 66 34028 864
76 9 23402 37
38 7 45849 65
16 56 21687 37
20 86 8225 94
44 92 83778 1263
51 4 60590 480
62 8 23476 363
6 14 12668 156
26 77 41001 173
81 45 80425 449
15 49 30555 18
21 36 15805 214
82 20 59707 116
4 83 10297 78
38 4 3239 61
72 42 12903 230
17 22 35643 1375
13 93 276813 257
13 59 33545 399
14 88 21395 63
81 8 14058 195
35 80 8724 78
98 66 47528 1981
13 73 100568 83
70 88 10748 357
79 29 48684 301
68 80 117789 135
51 8 118053 102
30 77 282843 30
71 50 34602 128
47 3 12546 216
52 62 56256 33
18 67 4444 279
31 76 24018 188
81 29 6789 159
12 17 16460 156
53 80 115906 89
98 13 6016 118
63 22 14982 40
4 64 15791 140
94 41 13315 102
37 15 34250 214
92 97 36590 37
22 94 14142 92
27 100 33780 596
76 87 13863 66
26 53 49209 145
3 59 38428 38
44 100 82306 298
59 78 179806 271
100 79 2982 901
56 37 26292 101
27 71 17995 9
17 12 134845 1228
98 39 7546 56
7 18 10460 103
10 80 3924 489
24 62 21189 36
13 57 17302 129
28 7 1370 126
10 15 78546 317
86 89 21794 298
96 53 28579 46
77 70 229899 373
5 20 7704 41
75 25 14517 691
37 28 2670 181
57 63 29910 408
65 33 11689 303
53 12 4507 243
77 94 130545 536
24 78 34210 38
21 52 18511 46
84 10 7491 115
60 98 9229 190
45 100 3498 125
19 74 6955 243
87 76 47140 34
59 76 165718 55
83 95 40212 149
23 3 29955 189
40 13 6978 83
96 50 51266 452
78 32 25315 337
49 98 57983 280
61 19 35302 50
80 48 18732 925
7 43 52177 143
2 9 34057 54
77 64 32183 373
73 11 21036 191
10 26 23306 578
23 71 6229 144
31 49 17728 357
42 3 52783 98
99 79 31524 129
18 50 61272 259
95 80 23338 312
61 66 9873 291
78 40 86561 84
39 91 71382 151
57 38 48558 272
100 27 29967 147
99 16 15474 917
83 76 41601 241
42 45 3601 224
22 64 26746 111
22 7 19022 46
25 89 45136 340
88 6 53406 51
79 93 26900 146
89 28 21724 33
97 24 23242 47
94 57 9283 56
11 81 14245 209
47 10 71371 475
54 93 62264 122
98 9 38932 306
50 198
81 11
27 63
93 39
76 81
64 113

4717374
