100 499 3 3
61 57 23641 153
61 50 20208 203
61 21 25721 94
61 11 83664 276
61 27 20683 182
61 36 90455 155
61 52 112862 145
61 24 158935 24
61 38 25113 521
61 25 28412 91
61 73 21762 290
61 86 100034 119
61 12 11057 321
61 80 21142 109
61 46 14394 38
61 15 28007 92
61 58 9076 246
61 82 10788 435
61 70 18809 597
61 31 45684 126
61 97 33043 75
61 56 40058 425
61 91 31266 848
61 17 22270 978
61 84 38762 98
61 64 27576 180
61 10 8741 130
61 3 25846 12
61 42 32157 126
61 41 58709 251
61 85 88747 146
61 35 29549 167
61 65 105784 465
61 13 11096 75
61 94 61464 40
61 100 2627 735
61 48 71860 63
61 2 33229 240
61 8 30840 150
61 45 6390 61
61 4 9567 549
61 1 17786 383
61 14 25937 324
61 20 42035 522
61 16 40367 127
61 71 4650 331
61 68 14203 153
61 44 11324 437
61 89 30528 146
61 32 55277 126
61 53 11503 56
61 51 7557 125
61 59 10868 25
61 5 16346 425
61 83 32476 63
61 99 14771 444
61 95 30169 161
61 87 78501 152
61 39 25402 35
61 40 19832 151
61 76 20977 57
61 19 28823 52
61 28 30140 97
61 6 40632 225
61 77 40895 133
61 62 34707 69
61 49 30045 481
61 34 32216 50
61 43 6898 27
61 67 28395 226
61 7 39216 1804
61 69 14255 176
61 18 7972 816
61 9 21237 163
61 33 19809 197
61 22 2964 32
61 93 13017 48
61 74 66451 328
61 63 34342 52
61 90 5102 345
61 30 55758 435
61 37 21551 310
61 47 2443 413
61 55 49595 101
61 88 5242 196
61 23 43395 128
61 96 13706 488
61 66 86826 888
61 72 55693 182
61 98 17339 289
61 29 23585 27
61 60 29129 285
61 26 18140 310
61 81 39453 111
61 79 24176 28
61 78 3291 191
61 92 119140 125
61 54 10755 194
61 75 1918 232
73 46 23997 190
20 67 11254 259
29 30 8517 141
72 3 42034 51
87 74 362793 37
39 92 1444 656
81 80 10326 138
76 83 44459 259
52 6 5375 44
45 25 10938 218
88 77 15636 953
60 42 6806 416
16 8 7144 79
15 57 7652 473
5 86 18251 149
75 16 25003 108
3 25 4256 511
4 6 21215 649
56 31 12848 216
23 77 64219 198
90 16 31276 436
66 27 9665 177
18 4 15809 250
48 14 43607 82
33 11 24195 354
12 10 28004 618
6 68 33170 306
6 41 10905 205
57 70 4857 41
44 73 30592 32
18 84 14412 1686
56 74 76889 117
19 12 13267 597
100 98 14185 66
79 22 121679 93
35 69 13804 94
17 60 18770 195
9 81 50076 385
13 68 8522 75
72 42 11548 171
55 66 84579 271
47 24 8608 40
55 49 25571 509
78 37 80533 203
47 76 19405 85
98 7 3571 301
30 2 214214 457
50 88 30256 405
41 34 19384 434
41 92 19490 143
79 26 6294 486
76 72 301567 824
16 38 34420 37
16 27 89175 22
4 42 130173 39
93 70 161655 140
7 53 115034 99
55 4 3827 326
7 16 37014 300
22 27 13786 350
18 70 13661 152
89 86 22961 240
84 31 135779 120
8 92 3629 177
17 10 20512 31
30 42 23128 264
94 84 10180 193
35 49 27567 111
49 91 24806 425
80 20 5827 89
71 69 4750 18
71 37 26891 292
70 69 2588 547
64 20 4443 304
48 43 14294 174
22 21 14853 148
53 18 119793 173
100 61 12313 204
96 40 66204 175
15 54 17913 197
35 46 48434 1010
40 88 59157 76
90 43 17153 1488
2 68 10805 195
20 88 20433 89
31 29 117764 74
22 47 19741 126
36 20 97422 175
49 50 29127 51
68 97 32866 78
13 1 18342 179
19 75 6956 1173
54 87 52413 629
15 33 13216 134
29 34 19903 80
62 22 28588 376
34 27 35763 20
82 12 4770 87
70 45 58507 363
18 33 37124 72
48 95 45257 314
97 59 34809 960
16 100 47093 88
51 57 8034 170
84 80 7003 99
28 46 6465 149
51 60 2559 424
33 100 13509 396
66 89 18750 209
19 71 5868 424
82 78 11550 32
29 59 23312 156
20 91 298622 83
36 99 19740 131
92 47 24477 22
3 38 31492 190
2 3 21585 61
60 12 43814 2575
4 30 23022 189
71 20 14748 304
37 56 172115 178
54 21 10383 165
32 82 100735 100
24 39 23387 177
82 19 64817 33
31 75 20381 283
91 84 8696 39
60 83 23837 748
52 22 13484 90
65 82 46592 29
74 54 38794 170
62 47 24087 108
59 9 18478 207
41 30 63070 1045
69 80 10725 73
83 77 8063 1733
23 69 80734 88
69 50 33284 1743
94 8 26974 28
22 34 10168 47
63 74 2410 95
73 93 10087 617
49 51 58841 77
99 63 21367 138
9 90 25781 112
100 3 150670 75
36 40 15891 120
34 52 4681 185
44 92 114154 109
26 37 40563 80
60 23 26313 185
17 94 5760 175
43 93 19725 166
68 84 10472 39
66 39 54626 100
96 32 5468 529
12 36 7459 111
85 23 10348 50
2 42 27548 39
2 94 72528 144
26 62 23814 177
52 99 3359 207
83 86 27112 392
40 98 21685 82
93 20 38338 93
7 71 13462 121
62 32 13110 52
96 69 21116 31
8 39 20633 144
72 49 13274 89
86 56 44322 205
75 17 66992 83
35 52 28546 48
38 50 38132 55
79 92 104099 123
92 16 28139 1584
39 88 13893 102
54 67 10926 228
73 29 37294 176
56 90 171292 263
89 3 6570 178
73 55 6299 210
44 89 5809 300
2 32 19044 325
1 33 5803 242
36 18 7746 520
44 85 24734 171
17 44 68822 132
42 35 55096 237
18 59 57940 82
83 20 11071 171
72 61 6845 245
38 64 27497 100
69 61 72584 658
34 77 57708 79
7 80 12392 54
11 45 88294 174
19 40 10450 561
59 42 9836 155
91 9 12303 697
89 59 12230 193
19 81 3904 166
95 96 12581 81
89 47 72812 371
17 25 9599 72
80 65 15360 651
75 87 5204 36
65 7 52625 462
91 67 19348 220
37 68 17062 149
20 27 4896 57
81 29 24540 266
97 48 6529 727
70 100 11176 66
27 6 13236 98
50 20 12354 81
18 82 110942 214
50 97 23888 111
97 37 14911 143
57 51 95587 164
47 96 76157 166
28 12 2161 38
45 48 9179 97
84 53 8008 39
23 45 112237 64
49 1 16830 109
8 76 13809 298
71 66 44054 534
54 46 90128 46
45 93 22133 98
46 19 72675 16
39 6 20217 100
70 37 12415 37
38 29 9486 266
72 52 44973 50
37 54 66723 900
67 80 53579 99
31 19 28978 114
24 54 24808 9
29 49 25746 627
63 3 15840 39
52 82 14351 73
71 92 7754 147
36 45 8829 14
2 25 25073 74
13 24 15690 327
38 31 83407 757
44 52 24888 448
34 72 78748 66
31 83 41362 173
11 43 21694 99
37 25 3114 76
94 49 61235 359
2 12 13732 18
26 92 384224 97
39 77 41857 193
9 17 13189 254
49 9 6538 45
86 23 50389 219
30 55 44591 128
70 58 45021 81
54 86 17657 75
76 81 10279 127
41 99 67525 12
41 4 53796 198
84 91 21016 243
42 96 3242 66
68 23 18071 372
64 87 25939 255
38 81 17588 641
23 7 21229 123
22 50 11086 99
17 47 33199 74
10 82 14698 368
91 77 29547 75
80 47 14926 157
13 55 72162 199
50 91 32043 294
9 89 28459 240
84 68 11224 407
84 97 45615 398
17 40 22161 256
71 19 8542 184
89 82 18213 187
24 25 31403 18
27 95 54875 109
30 77 43658 141
96 34 130663 115
4 23 23543 310
97 93 17097 159
60 73 12195 65
23 95 32467 144
97 22 20824 59
68 1 9618 208
78 46 4488 197
63 83 45182 107
98 63 33810 224
49 73 7872 248
30 80 51265 467
32 48 20066 29
54 14 18744 515
75 77 59233 37
96 59 1810 118
52 67 12588 67
90 37 3743 23
19 89 55261 51
95 38 5508 165
15 56 37371 87
62 66 28478 468
43 6 107619 365
54 15 49839 96
79 53 28156 207
38 33 17942 147
63 100 33732 292
87 68 48355 89
39 74 44432 224
92 36 3053 25
99 4 2756 402
47 68 24695 174
51 96 29811 52
53 54 75461 422
96 36 27204 108
56 18 84931 65
78 42 5390 129
22 79 21928 231
39 36 16751 84
9 83 9860 37
6 2 96954 26
72 21 10630 31
39 20 12231 164
25 93 23278 144
10 37 8627 219
50 58 1272 17
15 6 5898 203
95 89 19749 373
79 42 88893 88
30 34 62830 261
18 40 18099 153
51 65 14973 148
97 78 16199 120
10 41 7834 90
26 65 49400 61
34 58 7745 94
100 96 37334 1238
56 88 24138 189
51 24 26951 85
60 80 119672 52
9 67 22551 35
53 33 25955 89
46 80 69809 8
86 19 5982 203
42 18 3640 112
77 100 29629 52
60 85 3859 201
12 51 12088 782
10 68 21780 137
91 78 50028 117
88 39 67119 159
69 5 50125 690
16 18 27645 131
81 23 16396 145
9 41 2679 508
47 50 26358 35
74 10 120863 145
69 64 40482 181
39 53 55801 111
51 43 42005 114
86 97 16820 708
94 30 13009 173
1 23 10372 32
64 44 19233 228
77 95 24433 46
6 47 49659 110
15 32 26466 151
75 6 65922 86
27 63 35630 95
69 12 77926 126
13 10 22597 269
64 56 7080 68
79 15 139617 394
78 60 53697 460
54 38 12723 93
66 25 4627 82
78 36 7747 244
68 34 36587 47
96 29 10773 225
85 44 21568 403
20 10 3020 1103
85 14 17811 152
35 71 6068 24
95 84 5894 250
4 17 12797 305
6 70 24386 1171
40 62 50221 135
69 79 16925 391
59 12 26031 56
10 63 17106 5
12 19 31002 83
49 62 25731 30
6 24 26832 520
61 396
54 120
39 160
80 195
77 74
68 41

6524409
