100 499 3 3
88 11 2044 141
88 60 15492 216
88 90 86030 96
88 47 317957 479
88 42 64328 134
88 2 5387 32
88 56 28182 309
88 33 7513 21
88 53 16534 63
88 1 13227 342
88 31 21614 97
88 84 26188 117
88 32 112172 84
88 27 3892 155
88 99 43578 74
88 95 15164 802
88 98 17309 111
88 58 19615 40
88 83 6362 876
88 66 147503 718
88 48 15907 324
88 75 15476 1217
88 52 9608 77
88 61 19319 171
88 73 36831 223
88 34 5665 63
88 44 13665 206
88 13 17562 52
88 85 28392 179
88 95 18533 45
88 35 243790 215
88 71 31875 389
88 36 29303 582
88 77 15307 449
88 71 19765 140
88 14 28711 362
88 75 72807 106
88 47 85422 829
88 84 2521 23
88 1 23613 2536
88 69 27963 347
88 51 25655 580
88 27 21423 289
88 52 25897 298
88 53 127463 123
88 30 16796 387
88 50 24440 304
88 23 15385 746
88 3 39556 79
88 37 61270 45
88 58 82988 88
88 42 353065 137
88 90 37010 125
88 2 12329 429
88 18 8392 158
88 77 134321 208
88 100 10914 137
88 49 3697 1018
88 1 15217 99
88 65 25445 63
88 57 37165 243
88 43 54966 32
88 57 31677 189
88 71 4329 89
88 92 25672 66
88 44 44411 325
88 57 11745 56
88 55 4787 651
88 50 54556 33
88 69 39298 140
88 68 18471 178
88 65 71763 117
88 20 17575 84
88 77 11979 208
88 41 36856 193
88 97 3296 119
88 60 254608 177
88 12 40009 149
88 2 20974 341
88 32 52330 458
88 66 101274 417
88 47 7872 856
88 72 8697 205
88 36 20645 39
88 63 46816 90
88 79 9990 297
88 82 13160 253
88 21 20524 79
88 100 51300 175
88 53 38303 182
88 25 2676 144
88 53 95003 117
88 85 14249 656
88 74 13916 182
88 53 4356 137
88 63 39340 21
88 86 25273 140
88 8 7992 125
88 10 51668 11
30 64 10593 663
20 91 46047 169
42 84 41156 23
35 51 15613 117
86 80 16680 390
14 87 60781 43
23 30 6912 508
97 4 5500 467
32 84 53021 81
64 17 3681 41
33 95 5617 112
96 21 48959 778
2 75 33471 228
44 89 26840 17
80 76 7710 33
94 85 63417 285
83 79 57259 526
54 6 34542 541
27 87 8683 170
76 63 30426 53
68 79 213146 48
71 15 5077 229
14 16 58162 524
24 15 6868 100
28 64 39359 82
19 33 18128 185
94 98 45547 102
80 54 41486 159
73 26 55324 48
44 27 29788 289
84 12 28245 478
27 82 22831 1503
24 87 34395 337
4 33 9071 37
57 41 15760 95
81 5 31351 161
42 57 24784 209
63 29 6998 52
49 45 28753 209
61 55 14047 289
37 29 260504 65
82 63 5669 32
58 78 16526 64
31 11 14839 1229
87 42 5332 88
96 32 4285 99
12 10 9931 190
49 29 22842 223
55 25 17711 198
83 51 17991 153
27 65 104002 362
28 9 3506 54
42 72 3218 78
36 88 73409 140
48 99 13302 310
73 51 35188 281
29 72 21132 140
96 62 19400 348
1 62 12322 546
79 44 184626 43
54 26 12271 44
74 14 23718 158
62 72 7865 104
50 37 113157 27
72 35 66338 221
14 24 13021 350
86 46 25473 90
41 93 15910 68
46 82 17678 38
65 71 12241 74
12 39 41295 27
15 76 12063 94
15 80 7367 324
93 74 10720 98
34 57 5709 113
66 6 56185 284
98 80 24459 340
43 38 4223 20
27 3 67760 116
64 62 4499 42
92 44 32644 116
2 90 32497 815
5 8 22834 110
34 45 6512 150
1 15 17448 586
79 7 55480 44
69 27 62228 1532
91 94 70390 116
56 62 17128 324
64 83 6785 88
13 70 33082 393
27 4 4918 60
43 32 6497 206
10 77 2653 87
92 26 16379 298
67 44 9843 124
52 70 23877 390
85 45 3813 180
17 86 41945 70
94 19 27775 579
34 68 9369 729
85 89 16370 123
67 93 15708 164
85 26 33912 80
43 54 52855 222
83 14 21771 186
35 88 13153 292
83 58 11403 67
19 100 19330 235
82 5 12544 108
79 27 37059 652
93 37 33417 285
56 38 10109 439
98 74 28726 309
35 4 7706 170
68 12 13521 306
23 78 32651 118
96 65 6124 152
29 16 44899 1117
76 22 40651 159
56 57 59427 342
86 19 22475 271
64 9 74310 80
74 49 5729 185
50 90 7434 334
93 63 11281 39
87 55 5309 250
66 97 33670 100
43 93 3651 185
22 60 6693 122
49 14 36299 48
77 6 21697 31
87 35 48314 87
16 34 26835 520
43 42 8094 380
33 16 19909 147
92 41 15699 51
100 20 45937 82
13 49 7712 202
1 70 6216 294
69 67 11525 136
57 30 8558 325
47 17 32271 39
94 53 2545 66
4 21 10053 17
5 95 25719 144
22 48 3613 260
24 41 106701 105
21 22 44593 190
42 92 56895 190
80 44 15705 69
56 19 63026 72
47 11 4025 56
51 19 39443 83
41 88 4311 221
93 89 18164 142
32 53 83645 321
91 28 31711 890
22 10 23991 68
8 33 10016 124
67 20 8636 51
35 39 3965 61
94 62 123763 190
81 85 22558 78
46 16 13676 199
34 62 16970 259
27 78 21693 136
99 33 15019 175
91 18 16913 135
97 99 8641 114
70 84 37897 179
24 46 45320 893
83 74 40868 498
92 25 122025 254
81 66 136363 269
31 46 26388 191
26 57 125558 32
2 84 67480 260
55 82 6368 182
52 13 16119 537
68 58 110093 155
10 94 20700 298
48 20 12035 142
40 43 51111 177
21 13 13845 575
96 67 1446 151
63 82 68943 105
44 3 34192 322
100 74 66372 1082
41 82 21045 114
78 65 9068 34
69 18 24113 335
80 13 328304 241
76 99 17537 155
51 5 2350 74
15 82 32927 156
74 99 64236 119
26 61 19990 286
86 57 10336 453
20 64 10399 55
6 75 19288 90
57 48 30014 105
49 1 41259 763
13 38 13575 541
95 94 20767 534
42 87 9723 57
15 70 9222 27
97 56 86024 192
7 27 173350 367
75 18 22394 85
99 72 11036 74
18 57 16050 56
35 59 26023 461
65 45 4955 95
3 33 84599 99
31 27 27539 550
30 48 25157 46
8 3 2857 99
32 46 2597 253
22 86 50160 14
81 14 8931 679
7 97 33393 209
58 44 34179 146
16 23 26884 19
25 9 115397 478
54 25 33325 223
94 30 59187 517
33 50 29865 544
99 75 60328 121
70 61 16835 835
96 52 67562 662
46 95 103706 290
40 76 26041 81
60 65 49618 95
93 49 38836 195
86 38 6353 62
60 42 29924 172
49 40 1651 341
57 20 15593 528
20 40 6257 609
40 73 7343 103
66 13 322384 60
50 92 8566 90
18 77 1730 22
90 97 6693 403
88 59 40222 405
93 47 1203 44
69 49 21381 183
10 25 51470 267
31 82 8699 44
96 43 6788 63
29 83 32973 356
84 11 29863 277
90 82 86128 236
9 8 19391 97
24 27 10279 1139
54 33 3405 83
88 45 25569 175
27 72 34308 49
49 42 11143 54
35 28 18253 62
20 35 34536 316
35 49 21286 98
47 63 83400 35
30 22 8366 22
95 74 21124 178
45 39 92322 61
36 80 17316 32
5 54 2777 554
75 7 7933 860
39 7 51256 337
37 89 40433 687
15 11 38917 65
95 88 32560 32
78 62 17251 27
73 61 59122 468
63 27 91784 21
49 10 12918 136
65 69 8903 739
45 58 6135 56
16 81 16024 75
29 65 22225 29
23 67 119199 118
58 51 18267 114
3 52 5283 832
9 95 19231 160
19 9 27348 457
43 67 74076 34
23 19 28429 143
92 72 17429 781
45 98 54939 22
83 66 87052 241
16 99 690743 250
45 44 3236 22
58 88 19985 14
36 100 31539 346
3 20 7763 304
49 30 57029 347
97 30 5650 266
26 32 94528 13
20 89 39910 217
77 58 294609 122
15 34 7647 339
82 27 10215 88
16 7 18041 162
86 90 16132 16
71 82 5431 289
34 49 60454 50
44 97 32913 423
62 22 144118 76
96 11 21953 370
68 45 5306 134
89 46 24877 55
13 40 85131 602
72 41 7899 19
62 53 1612 313
79 75 49967 65
82 32 4052 269
97 76 35735 149
54 8 1936 332
99 36 16361 140
17 45 61429 793
58 23 33846 404
98 6 23484 173
73 88 34614 370
77 1 22331 459
36 62 4619 228
47 12 28678 30
23 39 1764 22
68 76 50011 96
34 29 5878 69
75 63 51829 348
83 78 38041 157
99 82 27037 330
44 48 32464 78
18 3 87217 106
23 64 36090 463
42 47 29799 253
29 2 25957 98
10 9 22673 42
17 40 163784 68
8 43 5478 143
7 67 47597 211
61 59 7650 138
92 56 32576 349
77 39 42509 36
64 87 13835 252
66 93 27899 422
25 18 9596 336
7 50 26237 223
1 97 943 361
19 50 23273 36
74 78 10596 37
2 20 8006 88
99 85 21849 150
15 4 24084 75
61 70 50996 296
32 92 31060 136
13 91 9668 371
40 63 35770 264
46 51 8021 211
38 15 20049 231
98 91 16226 76
20 86 8714 107
12 45 17236 53
11 63 6537 854
99 9 42668 478
80 82 17790 100
81 20 12331 221
23 87 62545 421
10 83 134059 45
47 55 7323 142
4 7 21861 52
64 60 13806 245
35 85 31310 131
71 23 57202 72
71 75 26145 305
2 92 48012 245
38 98 32688 77
37 28 10866 45
39 49 10465 425
19 72 3626 471
47 13 9944 38
49 85 53899 30
71 8 32349 168
57 6 31292 17
53 5 12498 412
17 1 10711 158
76 41 66854 69
5 90 23235 54
74 85 7939 83
26 24 13295 235
17 62 64570 370
19 21 14969 76
27 57 2506 404
85 94 55791 78
12 62 31828 445
46 92 8136 228
26 44 44507 417
2 13 19268 1568
88 606
49 36
96 192
82 268
62 170
57 485

11994930
