100 499 3 3
95 98 65899 161
95 84 9407 74
95 48 11685 91
95 31 65137 131
95 16 12877 562
95 71 32341 84
95 93 33834 312
95 75 22219 82
95 4 6982 78
95 50 26492 69
95 15 40908 333
95 63 14660 80
95 27 83423 149
95 36 24636 69
95 43 50201 542
95 58 58093 209
95 85 24709 193
95 38 2197 29
95 59 13471 457
95 91 57070 170
95 70 17945 267
95 33 10058 578
95 53 16340 242
95 17 50065 240
95 26 45305 159
95 5 44365 58
95 6 64668 3452
95 81 11970 897
95 74 6423 178
95 24 9800 40
95 68 189122 221
95 94 30505 197
95 79 39479 257
95 87 13102 329
95 42 1664 24
95 40 52021 852
95 83 14635 43
95 66 8684 347
95 10 41043 93
95 89 10721 75
95 22 53599 64
95 9 10882 504
95 37 17082 356
95 34 26719 123
95 20 13132 283
95 8 30217 73
95 77 46785 132
95 46 1964 157
95 18 58642 165
95 13 17254 135
95 11 7412 2391
95 78 14568 265
95 29 25229 477
95 64 9924 138
95 54 2999 63
95 62 18784 656
95 97 29579 582
95 82 20843 262
95 30 50634 100
95 60 9010 48
95 67 11306 571
95 76 100205 69
95 86 24228 119
95 72 113795 234
95 88 10571 58
95 23 57503 480
95 44 5597 29
95 47 47160 44
95 45 6541 160
95 41 17019 71
95 100 7968 43
95 57 63501 143
95 7 79612 836
95 14 27573 157
95 55 107269 136
95 2 2234 176
95 99 31542 310
95 65 38377 77
95 61 24719 489
95 90 7685 457
95 19 22109 459
95 80 21856 385
95 32 15273 57
95 52 64582 145
95 51 27920 32
95 96 4937 281
95 21 49424 61
95 35 58251 83
95 39 39070 815
95 25 4566 76
95 1 23399 62
95 56 45113 121
95 12 86937 68
95 3 22571 465
95 28 16494 69
95 49 60838 208
95 69 22900 107
95 73 38596 95
95 92 18267 165
97 59 83449 61
61 28 3282 16
16 64 4978 72
74 59 85812 330
45 20 8445 95
4 70 29397 321
74 36 28130 856
29 54 40694 83
61 13 8881 178
80 100 3105 219
39 35 14303 339
70 44 6718 274
88 84 22191 768
45 85 84640 171
49 77 38699 75
97 86 44337 271
36 63 23058 747
77 8 63784 48
72 33 54037 183
46 25 53195 363
50 71 26288 95
79 5 22133 137
62 46 6523 259
15 82 17375 233
92 79 3089 330
57 59 8206 43
14 24 53722 111
89 60 67505 85
53 36 15876 512
61 26 23326 106
59 4 16236 84
48 57 9814 115
80 17 7275 161
5 44 81266 547
26 81 80276 51
6 14 2230 58
26 40 15743 57
18 92 31740 16
55 34 7906 121
47 80 44625 867
13 69 9603 24
30 1 99806 70
68 71 13791 70
2 41 7813 379
60 6 128648 57
54 65 19848 74
85 92 9805 120
25 87 47961 17
16 55 5608 144
69 63 40720 37
67 39 16970 222
29 80 12387 267
62 93 68118 285
7 18 21841 99
42 74 17939 104
64 1 87459 509
21 60 11821 204
98 90 79598 113
41 92 9260 341
4 69 7036 184
19 64 30205 225
39 37 203580 127
71 33 27729 86
29 87 10722 211
9 29 16661 335
64 99 7131 173
15 50 73876 47
51 35 13218 115
5 60 14761 41
31 63 133534 45
50 38 11941 244
53 41 90803 679
20 36 55351 206
56 10 7173 165
65 56 15894 384
56 15 21348 67
45 30 4378 126
28 76 12657 78
88 11 111123 181
17 14 16169 101
12 56 42979 156
34 98 25077 176
57 30 167096 46
65 67 24335 27
68 52 7525 482
46 59 22483 468
58 82 11187 839
72 77 37868 2302
33 13 26592 247
28 85 13210 788
55 15 9013 14
62 39 470680 95
98 67 42975 124
49 99 23572 101
5 4 3167 190
14 5 40474 293
45 21 57403 156
99 14 48934 104
94 95 2900 345
43 96 26854 92
40 2 17943 1232
72 91 6114 397
37 69 20254 26
52 73 26015 30
50 70 14641 234
92 36 25017 288
76 64 17747 35
64 43 29663 29
33 83 14036 16
39 34 18355 350
19 69 31318 101
81 42 38449 48
85 30 33025 82
30 18 53325 1220
1 49 15067 408
68 2 18330 76
90 62 20859 176
2 13 8974 178
81 10 87342 158
43 61 25163 72
97 26 18437 121
22 29 83386 1098
65 54 61104 764
33 65 3178 39
86 38 34438 239
5 90 2800 140
88 41 127665 151
12 98 30794 384
12 20 57639 69
63 12 41762 213
11 15 4751 9
49 55 76389 168
72 86 23226 74
37 82 40281 96
22 3 19113 189
98 63 7152 400
91 72 25497 140
39 73 44107 176
79 64 8559 30
33 54 15592 69
11 57 1180 70
13 37 11742 142
12 33 31400 89
56 68 8222 23
7 58 75155 1543
99 53 3709 134
96 22 9511 289
35 75 7139 83
24 64 2471 143
5 37 128369 169
16 27 18782 92
64 16 18960 88
79 95 12236 93
27 83 10957 234
49 87 27038 38
74 32 1605 154
18 8 186346 194
58 63 13994 388
32 38 28723 891
86 90 10885 354
3 98 75208 13
12 69 19522 20
16 39 11015 56
76 56 9316 344
29 47 213011 53
48 10 22249 46
19 79 34652 33
31 100 27209 280
81 5 69932 362
23 10 1856 274
82 14 5092 21
27 92 11525 105
2 93 20954 80
91 67 18585 16
40 29 52888 239
78 98 8681 67
5 35 118392 67
6 43 13158 86
24 66 7204 162
27 5 11798 143
48 53 103140 420
93 10 11307 81
37 19 16356 110
45 13 148746 925
56 49 3909 114
6 88 9251 198
70 74 5103 152
40 1 3613 495
18 72 10025 1051
8 97 94391 82
84 45 15127 746
61 36 57111 132
1 47 80355 26
6 30 24652 245
71 3 75850 200
94 48 30543 213
10 63 101861 104
50 65 34174 528
86 70 151096 871
33 4 10571 11
57 19 13325 146
90 83 21008 179
43 50 10042 2223
70 36 19454 302
99 100 74626 215
68 40 64017 71
94 28 21283 1063
61 45 104097 147
77 83 12025 146
22 79 113660 131
84 22 41611 86
64 23 6091 50
34 71 38771 267
86 35 10788 238
90 33 26440 168
75 18 5799 419
17 11 2209 371
35 100 27266 69
6 58 26086 45
6 84 16021 639
24 99 10953 150
66 8 5987 61
22 51 30046 39
46 78 28092 600
77 69 11156 42
58 79 92575 42
58 92 30063 10
83 87 4415 832
86 80 6014 197
7 49 7803 393
88 25 16265 627
97 22 28399 82
87 52 11544 123
74 5 88419 130
32 86 29096 131
70 2 54262 178
100 40 4041 39
1 89 3629 43
25 38 59446 235
72 69 17991 164
44 50 4923 1071
76 13 73763 720
92 28 19842 46
65 21 26184 661
12 52 15648 150
60 62 4736 82
53 66 70645 235
77 74 32214 182
68 94 21459 458
86 37 39188 166
68 13 10071 330
88 30 47340 40
69 93 16483 149
31 50 29113 101
37 54 1557 56
52 31 311315 455
51 73 120732 154
91 20 8652 185
80 27 37489 249
21 1 8848 355
35 65 20815 139
96 48 73430 342
51 79 265555 1023
79 67 13412 266
81 65 3982 29
38 19 36652 39
38 97 48739 38
26 34 18987 287
73 71 19449 601
32 36 8872 223
14 83 10121 14
81 61 8014 47
2 35 13315 578
62 15 66670 585
32 95 4896 367
84 79 25276 38
100 3 9157 58
14 90 10965 45
88 12 7717 28
46 67 126972 160
75 17 9496 403
56 34 34597 173
90 93 34199 74
75 71 5468 331
75 15 18780 295
27 7 312216 273
49 93 17181 515
18 9 5090 374
79 75 6600 758
62 7 8367 94
47 30 41404 270
82 34 2662 149
25 47 31911 59
92 46 24577 248
76 55 9149 154
92 99 13605 107
4 76 27371 327
32 89 43380 46
4 12 32737 886
47 98 9420 208
21 80 4146 19
6 71 33466 19
13 89 13771 101
23 78 41912 48
62 12 6505 355
49 23 10096 144
87 27 28252 116
2 50 19670 121
64 9 25513 130
80 66 22138 101
90 85 5899 133
100 39 20848 96
91 59 42704 241
49 7 3683 82
91 9 8561 590
23 72 2472 40
48 26 22986 41
12 14 12299 797
94 33 15064 214
69 45 12870 524
97 92 8216 321
1 10 31254 46
32 82 39848 1114
98 14 32225 393
97 96 147617 119
59 17 29315 56
73 92 86984 786
62 6 44117 50
79 86 38539 73
46 7 10130 42
7 90 10174 522
97 49 28032 61
72 5 26958 124
30 4 19929 222
49 63 29496 269
78 84 21047 326
11 34 18031 151
91 46 22100 130
16 80 258279 78
21 25 11766 37
11 51 13790 69
3 43 17635 190
94 5 28707 38
16 23 61025 72
31 96 51759 193
5 65 72040 273
66 28 56433 25
20 24 13187 112
34 52 210845 55
90 37 21175 68
77 70 81749 294
72 38 18803 9
8 31 28697 200
72 40 81606 51
74 96 59664 41
55 9 35555 72
8 56 18370 119
7 38 70471 198
89 29 8790 98
69 21 57559 548
83 96 138301 506
28 18 7493 24
48 33 22063 53
81 68 11850 294
89 4 5241 151
83 98 45717 105
59 26 22370 110
86 65 24595 142
45 83 4962 34
4 48 12912 473
89 45 66232 647
18 65 41830 177
20 99 78153 34
90 11 28006 256
1 50 31181 419
48 59 5547 81
47 57 17718 101
46 9 35056 68
18 93 27923 215
27 59 20797 67
35 33 8955 207
5 93 11471 106
78 88 30942 90
35 5 60672 183
42 38 39573 139
8 82 91958 267
13 5 59585 75
74 45 9869 61
89 90 118019 595
66 1 2851 108
85 31 37516 315
13 48 8330 142
23 75 64160 17
35 80 11539 82
99 19 198119 181
8 12 13834 74
27 42 6285 142
81 28 17030 52
94 93 21759 702
41 64 12947 49
95 297
72 80
49 56
5 45
93 34
65 39

2313468
