100 499 3 3
92 62 16180 134
92 58 16063 133
92 72 14591 292
92 11 8506 151
92 43 25723 391
92 75 24925 338
92 46 67013 165
92 31 13167 296
92 2 12157 89
92 53 75787 122
92 70 2596 34
92 75 13932 103
92 89 88998 266
92 25 18591 302
92 48 35996 572
92 99 76122 47
92 94 16393 169
92 96 13914 110
92 62 11347 129
92 100 4268 36
92 13 37944 40
92 53 28777 14
92 96 4748 154
92 84 510 156
92 21 22436 93
92 81 23560 125
92 18 8031 739
92 4 49481 105
92 74 70162 45
92 72 17271 62
92 32 23078 67
92 93 6142 115
92 84 5187 253
92 15 19366 283
92 95 8441 280
92 29 21070 62
92 52 9400 59
92 48 51599 327
92 32 24737 114
92 42 1786 234
92 34 46784 122
92 18 71606 217
92 74 230550 1168
92 70 15640 472
92 12 12528 69
92 76 10292 104
92 96 9948 79
92 40 5748 406
92 33 54767 373
92 96 13633 101
92 26 61996 33
92 93 13115 71
92 29 301709 45
92 14 91047 50
92 44 56423 227
92 95 17663 451
92 55 13062 141
92 3 6856 21
92 66 91450 127
92 57 17884 432
92 14 6336 84
92 74 8131 151
92 41 53594 265
92 72 84586 96
92 72 15995 411
92 4 26165 31
92 97 6372 205
92 87 15109 626
92 15 11510 166
92 51 19721 46
92 29 2497 63
92 64 148462 111
92 23 68238 198
92 55 236838 279
92 69 22474 30
92 72 21673 114
92 19 40871 95
92 39 33063 689
92 18 147738 611
92 68 33646 79
92 94 6335 222
92 25 29445 114
92 21 7033 119
92 69 46199 156
92 75 54003 94
92 13 27945 134
92 7 44206 20
92 83 9335 208
92 89 17871 53
92 18 37013 205
92 84 43484 654
92 85 184823 389
92 63 25058 97
92 85 42521 48
92 36 47555 408
92 53 17454 33
92 11 26756 107
92 28 69241 113
92 51 28237 380
38 97 10900 97
70 19 12911 45
37 64 16238 37
90 8 33066 63
54 41 10089 97
53 3 26593 252
55 6 7105 109
29 87 19144 82
63 9 11003 70
65 60 19022 312
96 78 26025 1842
64 98 49358 51
18 61 18025 238
15 30 76684 768
65 39 24242 53
35 17 7045 56
80 40 14440 153
17 39 27286 173
38 80 16927 92
99 8 6199 230
62 98 19392 41
11 44 18689 456
71 29 83161 436
38 75 25191 23
100 93 2168 139
55 80 33529 13
83 98 7172 100
12 25 16012 297
53 37 73324 93
6 55 27157 82
47 63 7241 69
72 86 4338 104
5 90 13693 96
55 1 22710 315
91 41 7119 81
25 34 18945 179
31 56 14823 95
15 19 243424 126
70 55 35932 159
40 55 15834 53
48 95 21660 368
32 59 22596 251
10 98 60162 286
43 47 76864 318
35 38 54265 2020
36 34 27241 63
18 56 28652 90
69 56 82082 264
22 73 18313 46
12 84 20723 16
56 34 10940 49
83 18 97585 58
54 95 6368 59
43 41 26764 164
99 21 15342 150
89 53 14182 144
42 62 8132 288
28 76 6015 669
19 85 39604 96
36 63 10684 256
40 91 21247 32
70 78 83149 29
10 43 56229 64
95 87 40432 81
18 32 42606 1088
38 48 16710 132
50 23 26676 19
34 70 109931 62
57 56 28721 147
50 69 3817 18
93 31 48060 120
29 34 36484 246
24 15 10224 323
28 62 49487 351
28 66 18529 225
35 22 67282 279
12 73 3872 238
46 87 22976 677
69 25 2749 87
13 61 4560 328
85 38 41184 127
51 37 6807 41
46 85 21909 85
55 28 10980 160
41 78 10412 286
84 63 11174 71
83 50 10338 173
10 76 10637 62
99 5 7252 75
60 10 29210 161
77 18 8882 213
29 41 14624 531
37 76 146240 356
36 58 7188 225
91 52 5913 1063
20 14 102435 93
99 40 55610 392
42 28 20496 73
87 35 5219 234
64 22 66240 143
87 26 15036 44
95 54 14446 175
40 83 3707 68
45 93 40122 100
3 72 53419 25
3 66 9158 121
68 31 4236 196
14 79 22823 269
99 26 4343 392
13 26 41971 68
14 20 30861 160
72 65 34626 23
90 60 48334 376
96 65 23102 246
12 11 19038 57
94 54 73067 283
30 19 61778 314
2 82 17070 302
31 33 79459 34
17 93 4192 65
54 57 12594 80
24 63 26421 144
3 78 16094 607
69 84 18151 60
77 16 15432 427
65 56 2237 118
29 84 18622 64
7 95 24461 330
66 74 20750 98
66 88 62374 261
6 96 33641 170
87 75 25927 127
93 49 5895 60
45 81 22918 234
79 37 29899 64
34 60 25118 337
24 7 2477 166
50 86 47245 30
25 50 56111 1132
50 68 53943 35
8 10 74888 32
20 50 26327 49
93 4 259794 249
11 99 64586 41
76 19 27532 294
70 91 26557 77
27 50 20242 424
56 72 56039 14
82 47 15853 27
35 33 2774 420
1 69 28409 406
48 9 78519 33
14 41 58995 160
44 83 7504 148
68 37 9770 115
82 68 11108 78
66 27 9465 145
85 28 4856 71
47 54 59987 167
78 5 23806 225
75 79 40081 632
9 73 12421 57
79 83 20103 177
1 60 54469 147
90 72 17735 58
15 45 4317 98
72 62 13941 47
99 14 10470 39
33 31 36677 699
27 17 10438 219
52 83 21305 215
59 94 14457 225
42 80 67868 64
45 11 11194 63
1 96 23223 265
66 99 7424 208
60 19 22311 73
40 2 38355 420
43 29 45915 188
95 66 2532 236
5 86 13535 248
81 62 25953 491
41 67 10354 142
89 64 6110 61
84 90 4170 658
13 87 10439 37
15 32 16498 39
13 5 17136 251
17 38 57916 305
62 21 19777 284
80 88 10195 277
5 2 61794 140
14 9 117920 297
84 82 8266 20
69 32 74737 53
62 12 94389 26
55 62 8004 123
33 73 155479 44
89 72 6836 113
62 97 4834 230
28 98 8301 49
29 1 14337 148
93 19 36150 297
31 26 13089 2655
43 64 13631 235
55 17 25045 353
66 40 3184 315
51 3 104223 269
95 38 59207 144
30 74 19588 160
49 26 67803 311
100 29 8373 170
89 5 81161 612
59 87 59453 319
31 78 12209 260
34 3 23427 584
75 78 22724 74
62 43 14062 48
100 13 41461 38
5 16 5116 171
82 61 21265 124
18 12 4121 71
51 39 82372 208
72 69 70717 675
38 47 1548 158
71 7 19124 136
88 59 17496 1155
7 45 69864 1309
1 9 6604 31
28 94 8652 214
85 69 20465 66
24 34 320573 422
30 52 20555 162
75 11 91541 153
16 22 49234 54
96 89 23475 165
2 93 12482 553
60 94 53533 88
31 5 47135 128
77 65 36757 30
94 62 24468 979
74 65 57384 160
93 61 34426 217
8 13 27154 38
83 73 30945 793
13 58 16952 83
4 6 72918 72
32 55 81844 47
29 86 61470 27
65 69 3314 245
95 100 50854 545
73 45 3250 19
80 25 5922 71
4 20 9607 49
52 99 12078 810
69 89 164994 92
98 21 10057 40
75 72 1935 521
98 32 54319 196
46 15 9304 74
24 43 40921 86
43 100 16365 394
80 22 15647 181
13 41 12428 118
68 94 16718 587
86 42 15214 208
62 11 21611 51
22 50 3433 11
80 79 10341 65
21 18 43266 81
73 27 48380 246
49 36 87475 166
22 11 33798 172
83 25 6729 91
59 2 3480 516
86 74 18066 102
31 100 23473 238
70 22 41395 14
53 40 115984 221
84 41 9650 271
95 16 20495 185
28 70 11074 250
61 15 9895 152
20 17 3508 96
54 7 42133 86
98 41 71473 115
85 43 37869 86
31 47 59679 818
67 27 4404 110
94 71 21073 337
2 3 89797 323
61 43 65355 198
70 4 5968 244
6 56 18756 199
38 79 258553 42
93 32 39462 74
6 95 92085 72
45 1 43582 50
41 31 35599 174
66 84 23621 358
54 88 9807 307
11 92 104675 39
75 28 9998 649
98 22 35388 149
21 24 20477 20
23 70 17523 125
3 43 18489 609
38 43 55724 185
62 28 35972 159
72 54 6725 124
24 41 23517 231
64 92 47061 80
28 24 3747 86
75 17 20926 86
82 40 4489 110
40 95 3477 66
35 58 23067 153
97 58 16436 65
34 33 28680 137
57 53 3739 9
21 3 23810 131
95 92 30187 204
91 59 30836 22
40 11 70006 144
9 10 53215 60
66 94 3570 30
41 12 6255 263
60 69 13736 115
2 40 262867 21
42 53 7450 32
24 95 29517 201
56 18 3802 14
75 51 76806 211
21 85 30705 86
17 45 9964 162
70 42 7148 203
84 56 2736 110
66 76 14628 114
67 66 6801 56
61 27 29447 618
1 65 6808 261
59 96 34532 560
63 98 2937 105
93 81 19224 205
83 86 18683 218
56 74 173806 48
22 15 44081 385
92 79 57386 61
64 100 45192 64
93 68 95184 213
27 76 13325 250
15 99 14481 97
88 61 9459 262
98 23 19258 337
5 41 33213 21
46 27 14400 41
79 91 41477 622
42 26 11010 39
50 14 15435 30
36 100 16640 193
63 22 7941 590
75 7 96386 62
57 6 12204 68
55 97 19960 38
11 65 11705 154
60 45 9770 21
17 22 6351 235
52 7 54676 108
61 40 20403 211
9 55 22938 116
12 79 33270 160
74 83 25633 88
32 29 15545 79
81 21 19705 81
21 59 11309 288
67 100 22721 55
59 26 88987 109
28 87 55053 286
72 18 11257 174
4 33 17772 40
87 34 6605 540
9 69 13611 151
11 41 13040 64
44 35 13549 85
48 32 10559 77
99 44 7373 39
25 87 35745 82
9 54 74859 83
67 71 18256 188
71 80 49668 583
68 64 19716 34
11 7 56023 99
18 30 237320 69
73 66 30229 140
58 71 5270 153
71 36 10179 155
98 82 50197 367
99 16 33236 121
28 73 25864 89
94 91 7888 53
92 700
28 18
99 40
41 519
72 77
69 759

14222672
