100 499 3 3
36 46 28876 130
36 9 38644 73
36 48 30652 277
36 88 33626 120
36 27 9198 427
36 92 2343 273
36 85 21973 282
36 53 8924 934
36 1 8570 193
36 6 10251 33
36 26 68364 994
36 98 32127 759
36 81 6754 65
36 89 34434 215
36 28 5878 273
36 8 45744 95
36 17 12913 552
36 37 12898 54
36 13 14067 123
36 23 2982 35
36 12 23434 792
36 96 13848 1083
36 39 156194 49
36 40 6994 292
36 82 46341 62
36 34 30621 54
36 15 9776 223
36 65 98158 238
36 21 17046 99
36 84 99811 33
36 80 42526 498
36 3 20618 130
36 55 23100 264
36 64 29950 36
36 35 6087 307
36 33 104436 284
36 72 16496 40
36 67 15633 427
36 14 19761 135
36 70 9428 187
36 87 78460 68
36 16 11942 39
36 74 33789 309
36 7 11494 48
36 52 14562 74
36 73 2265 409
36 32 6019 27
36 42 7055 101
36 83 97057 119
36 77 31772 145
36 11 15785 168
36 20 18270 86
36 19 27150 232
36 99 37917 80
36 30 205187 460
36 45 74680 154
36 61 15842 1363
36 50 11960 205
36 58 82045 333
36 41 39178 228
36 60 8455 71
36 57 11224 818
36 86 67452 542
36 59 22060 12
36 75 169625 113
36 66 37262 34
36 97 9840 49
36 62 15616 340
36 95 6851 340
36 90 3665 56
36 24 16029 18
36 76 17835 267
36 93 7447 70
36 44 18930 610
36 91 22664 182
36 25 28571 166
36 71 7227 208
36 94 22272 421
36 29 19599 142
36 68 43519 622
36 69 103423 35
36 54 7971 242
36 43 22339 545
36 2 24191 51
36 31 10508 94
36 47 36496 40
36 5 196287 218
36 10 23989 503
36 38 72913 75
36 18 15136 286
36 78 156723 183
36 63 3966 34
36 22 7927 25
36 49 22247 25
36 56 28407 53
36 4 22152 237
36 79 12907 515
36 51 46277 176
36 100 45284 136
75 3 43898 127
25 6 149809 39
46 57 78783 61
53 33 117219 944
21 71 13641 91
89 87 90428 43
10 61 13246 210
13 80 15627 48
12 71 24857 45
96 41 39887 1228
99 14 32438 58
14 38 11308 32
18 22 10626 278
4 12 11353 90
88 60 7059 129
37 12 37566 547
50 72 134463 116
46 28 16154 352
84 90 24720 100
82 37 78122 249
67 9 60229 623
87 14 11899 391
33 61 13398 212
81 52 8059 319
45 84 15484 177
83 1 16959 214
54 70 18645 579
19 66 122021 222
19 44 25258 80
63 26 15645 12
76 80 8484 246
39 60 3351 302
83 12 2021 678
10 90 3454 83
57 6 29804 1057
94 86 14247 264
67 45 4754 98
57 79 8007 673
92 28 285488 85
51 92 7372 94
60 16 20702 87
80 36 11689 472
61 60 3099 652
67 99 20375 368
7 38 34293 40
31 86 32985 124
23 12 69028 79
12 69 10350 16
19 26 15899 495
24 83 5861 143
91 95 4536 67
81 14 24419 110
90 39 17123 45
11 53 87582 541
3 83 60265 185
27 2 39112 37
73 19 7793 279
75 71 9307 68
53 10 30796 626
61 57 4962 106
68 26 6819 289
30 70 59971 116
29 44 6689 352
59 72 19901 147
25 95 6101 82
3 37 30358 215
70 63 29437 455
50 16 109795 223
89 24 8440 164
51 13 97492 613
55 17 19992 170
10 74 20273 159
59 64 45011 37
52 87 19615 164
77 8 2039 517
54 83 47753 287
4 100 24624 244
37 48 22891 305
100 18 24102 124
7 11 9864 64
5 28 15309 74
98 25 20757 89
95 15 43246 224
70 50 19077 427
18 46 6819 60
3 72 73137 177
93 72 113210 627
15 58 6023 145
67 33 38637 319
22 5 25445 27
5 22 27758 216
38 22 27014 91
58 84 85409 196
41 65 19108 81
57 78 29366 82
74 98 44748 31
10 93 22093 116
57 49 164094 67
40 39 87784 282
8 92 33949 52
43 26 12132 122
38 16 17515 247
34 79 34147 654
93 100 6528 57
22 28 17014 112
52 74 29397 253
18 91 31577 61
25 7 23274 71
14 15 63830 298
83 44 66028 133
39 33 32132 62
18 99 11990 348
5 27 7624 301
60 77 5238 57
48 4 122473 167
12 96 63066 403
4 53 26919 55
62 14 23005 61
68 97 5433 84
98 14 30947 12
35 63 15839 72
30 80 191375 71
63 99 62354 49
90 87 100069 24
59 90 34450 90
47 31 24927 217
11 67 8332 85
42 84 78519 686
37 58 71003 231
78 32 14374 121
43 47 8531 156
53 62 29951 20
90 43 96805 42
96 19 63312 26
84 11 31645 76
81 54 43673 48
14 60 64389 42
95 7 4084 63
60 73 33437 31
7 59 39679 47
44 97 10792 216
31 2 28902 165
78 49 24720 179
89 82 6393 37
94 7 21797 67
99 61 92130 374
76 100 19461 42
26 27 12060 148
28 98 32818 58
91 53 24782 66
98 99 2240 163
71 36 2608 6
75 33 24391 33
7 24 21837 48
89 76 51827 999
94 99 41664 46
75 93 83636 668
63 78 17770 261
98 37 6385 39
45 2 4936 109
18 64 217391 84
5 41 17849 118
53 17 312050 511
46 47 9376 99
80 25 11512 238
90 100 73070 342
96 70 32667 787
11 94 10748 181
49 13 44683 68
46 53 14596 113
33 70 26099 1049
93 87 10653 411
45 43 41311 66
54 58 5166 225
74 32 52051 110
56 7 5925 567
83 22 51286 436
23 42 40311 64
70 96 8354 188
4 82 5964 515
70 72 33045 254
51 96 97834 171
57 68 135088 198
67 26 21657 1263
90 98 77355 193
26 41 3268 59
90 7 33688 953
34 42 17715 349
87 97 17652 88
52 31 3471 101
40 77 7609 184
6 25 225749 254
41 47 10589 246
79 33 7431 72
14 47 31807 427
58 67 41621 316
43 19 12820 297
12 40 120257 88
19 17 33054 97
5 70 56473 37
78 62 13219 384
27 70 42761 294
63 11 34883 100
86 9 11062 37
15 68 29763 60
89 74 17327 84
22 42 13823 133
93 78 51043 1387
89 11 18097 52
96 91 26007 204
92 60 42309 44
64 32 16891 548
58 38 8999 449
63 4 31668 90
32 36 14417 213
42 37 42248 584
47 35 9341 33
80 62 50764 131
46 6 15105 55
67 42 24156 383
4 90 12591 79
45 88 20576 394
3 22 15324 110
83 55 44776 51
31 26 23707 87
90 57 91343 201
79 48 89266 98
17 3 12098 339
85 79 10066 91
4 7 15066 1420
82 77 4889 608
48 49 4380 172
94 2 20466 745
96 57 11324 21
30 82 12442 90
92 23 12191 629
42 47 25062 150
59 19 21660 731
39 49 26294 74
14 84 15918 150
15 18 9274 396
56 59 20363 89
95 70 19310 131
87 80 7211 81
40 59 9502 133
99 46 31491 703
48 6 47336 1330
82 2 304567 96
66 84 4538 103
74 2 12175 628
49 63 14904 1529
81 93 15194 66
65 50 20846 1621
5 3 24444 109
61 50 18300 361
41 30 18417 33
63 76 78463 198
30 72 23375 321
51 7 10935 54
53 29 35863 113
96 7 21113 128
43 27 33693 39
46 90 9943 287
55 30 17369 367
53 82 7037 58
3 84 25966 29
33 74 12928 13
13 81 33830 77
47 26 25089 166
15 62 37521 21
37 14 10426 62
59 31 154903 199
76 26 28914 140
99 69 17950 106
80 75 10893 108
70 95 15717 300
38 23 44475 182
97 63 5565 192
38 98 170480 110
100 74 17735 77
38 7 13296 193
34 45 5982 21
6 21 76386 72
20 30 63504 44
98 5 6804 290
28 22 109575 109
74 8 8359 134
93 66 16248 141
98 68 74130 381
43 23 11661 153
93 42 24060 172
2 78 12582 158
43 53 5652 91
92 86 10336 25
27 30 45013 119
75 1 10414 175
53 98 4015 95
59 51 9491 25
59 26 103276 152
71 91 110648 288
58 49 19185 52
67 80 11720 308
26 63 40987 932
58 68 80855 77
18 32 25101 26
21 13 10352 412
78 94 41298 10
14 71 5944 1052
24 57 17860 1925
65 99 10896 319
88 100 10721 87
2 45 27726 171
83 86 76311 128
68 46 1504 389
32 54 56733 64
41 16 78023 85
70 88 20185 116
85 39 55877 322
96 34 3432 444
17 78 4836 1397
49 2 30332 255
83 81 22586 219
75 42 6425 31
24 43 67092 312
55 65 97171 177
81 95 19715 85
86 90 10440 259
71 67 148244 147
6 87 23967 188
90 72 10679 99
7 75 50210 121
97 68 29238 171
44 13 7906 293
35 32 37457 45
31 22 66216 79
74 86 41189 32
12 1 30426 68
72 68 8885 106
96 97 44543 189
40 24 7316 54
72 90 13640 78
74 36 27951 100
45 10 10762 85
95 78 19244 496
77 1 4280 364
96 67 20507 99
81 58 14619 154
67 3 68146 172
68 81 150641 40
25 56 109112 43
13 5 3294 654
3 25 21863 204
88 70 4071 305
98 91 8420 276
70 80 21271 250
33 92 14060 79
65 63 59756 200
62 41 118411 201
75 64 18171 596
32 6 197377 15
67 85 13269 301
71 34 43954 202
19 27 19184 124
35 22 85399 264
95 97 26429 565
19 68 16989 54
62 56 7495 62
21 69 10636 108
88 81 52296 238
83 48 11881 54
37 7 93656 298
45 96 27559 48
56 13 46892 307
13 57 44486 85
90 30 17196 396
58 36 23917 104
14 3 10466 64
89 78 21824 87
61 90 20095 43
32 47 34161 30
74 94 320207 155
66 83 46491 28
22 11 1675 631
55 43 22379 72
3 29 26839 60
70 79 7542 489
8 85 18341 414
29 22 7192 180
24 95 24321 156
39 5 36454 337
72 99 14192 187
88 8 8731 223
40 48 10131 31
72 88 4206 347
16 87 11018 178
68 13 3624 145
33 80 5309 160
20 55 24230 12
65 72 29218 99
40 23 23851 172
36 594
96 9
90 45
7 49
26 89
22 166

6600453
