100 499 3 3
70 71 35487 240
70 44 12966 62
70 40 32570 137
70 18 39896 216
70 6 45969 156
70 63 4344 17
70 71 5896 268
70 20 40361 454
70 37 9619 378
70 65 50820 516
70 87 3733 40
70 97 23405 75
70 77 6582 231
70 80 95966 386
70 77 69558 24
70 3 19169 141
70 64 14798 527
70 44 164401 32
70 17 16269 65
70 58 23938 554
70 71 8892 217
70 36 20073 92
70 80 60687 337
70 39 10677 240
70 46 14151 210
70 97 12300 50
70 40 105830 53
70 30 43904 895
70 59 22631 48
70 17 2497 277
70 61 69281 232
70 64 23131 84
70 21 20659 77
70 44 12488 61
70 9 45757 85
70 94 21823 1002
70 56 72812 154
70 87 56481 38
70 60 6723 998
70 25 32756 224
70 60 33374 109
70 28 25872 220
70 76 10130 510
70 82 23773 195
70 37 28340 571
70 33 16438 177
70 25 16964 146
70 37 43156 94
70 8 49526 170
70 94 303599 205
70 66 4685 143
70 37 108260 928
70 80 794 35
70 77 78956 56
70 17 32495 221
70 50 15063 342
70 39 74381 705
70 78 36493 192
70 57 6118 210
70 95 6542 87
70 4 12101 73
70 100 9405 36
70 78 25148 99
70 68 52442 373
70 91 13280 94
70 69 10600 332
70 77 24415 249
70 38 98215 20
70 68 24716 428
70 86 43814 144
70 17 24333 247
70 95 59331 91
70 29 39220 384
70 32 13768 82
70 16 23853 70
70 100 15660 42
70 55 35646 30
70 72 66068 107
70 92 4185 40
70 75 14174 72
70 35 9828 171
70 55 4621 22
70 100 79995 198
70 69 107200 28
70 68 110680 374
70 72 22046 108
70 12 4862 612
70 61 10151 19
70 44 68283 62
70 96 31500 27
70 31 3819 206
70 52 16515 24
70 77 25934 41
70 37 41706 41
70 21 191702 106
70 3 11533 70
70 4 71639 176
70 8 18005 339
70 27 25285 63
7 2 36925 205
71 14 31685 98
40 41 16677 140
35 74 24385 200
91 53 22798 27
30 50 46282 364
45 95 10393 161
5 95 3064 335
36 99 17122 446
73 16 76045 72
39 84 55965 285
66 68 26291 89
14 87 47178 50
18 47 2992 25
33 58 25736 82
59 45 15783 91
97 56 26160 395
92 4 18482 254
14 40 18752 462
14 19 32286 79
33 6 10067 144
24 74 30353 451
64 87 33249 97
39 64 67944 159
88 24 90720 54
23 6 31645 48
96 86 46565 106
98 29 12723 74
30 35 86051 297
96 29 22072 188
10 15 57018 284
31 76 13508 178
78 28 51037 308
19 71 24711 23
43 70 9253 23
98 64 30634 137
19 10 27524 77
42 35 2725 150
16 71 9547 97
66 55 10276 22
39 29 10047 62
87 78 1103 297
10 29 163819 117
71 100 22617 78
43 21 6903 115
59 78 44054 190
47 70 32637 101
94 100 20518 112
59 25 51135 912
65 31 29861 382
63 94 50526 295
54 11 24548 1603
53 90 29583 528
99 42 18539 207
58 10 71156 756
74 1 49679 131
2 62 67930 208
40 98 9120 137
16 45 11081 160
10 28 26463 73
67 60 73356 119
58 20 11165 405
41 31 64426 80
1 26 8635 21
36 89 55609 69
30 19 25553 31
71 80 4964 177
90 99 32892 108
65 64 23022 86
10 42 13995 472
37 12 24193 150
97 81 45298 94
35 60 32196 179
58 2 33614 568
67 37 7350 324
39 31 32007 61
30 73 114887 90
47 31 7131 163
53 32 6811 44
41 93 21558 207
28 61 62966 183
5 88 9287 1068
96 5 179455 813
96 18 16436 110
23 52 24076 26
26 47 11505 77
85 24 8004 249
89 98 22997 53
98 66 3883 104
16 43 92547 127
26 98 5013 271
19 98 6076 142
64 77 5546 100
28 53 163760 101
13 32 21705 542
13 69 9354 84
4 78 70156 85
6 3 20040 6
32 89 12128 245
90 54 24462 232
78 11 7432 167
70 79 7312 99
78 3 26365 185
65 87 10266 277
84 49 7461 501
41 69 39883 213
61 88 38847 197
6 18 20156 214
89 80 6533 627
14 49 8840 172
83 73 15959 216
86 23 21860 139
12 4 7659 143
15 8 66744 81
63 62 68315 486
67 56 33232 15
55 30 39918 147
22 54 201391 146
21 73 7219 87
90 36 33943 162
42 56 1547 70
97 25 9757 1474
77 30 75402 68
49 65 3991 121
24 80 15736 34
24 23 42094 120
63 48 41399 32
13 71 27817 1154
99 9 24563 360
98 93 14778 93
9 17 6417 150
96 42 11799 313
73 70 85541 335
37 59 39296 174
9 7 10657 403
99 52 9153 80
27 74 22044 205
52 86 211528 90
89 90 15611 427
4 83 32707 172
96 83 205995 200
11 26 18426 122
87 62 13317 277
79 53 13332 409
79 55 27973 48
73 85 82301 173
50 86 78765 372
65 82 96594 110
22 71 190813 99
20 37 28586 108
61 49 123645 152
49 28 66059 335
54 31 19451 196
63 81 39164 383
99 91 38538 444
82 87 103221 95
84 79 10941 335
93 35 70739 614
83 24 26906 121
58 17 95345 92
51 45 90351 44
61 42 12160 266
18 32 9081 446
12 83 39411 145
46 38 7079 156
90 6 7725 114
21 9 3488 646
27 31 2284 286
56 13 9724 227
90 28 12662 300
57 78 39878 476
98 62 5875 55
37 81 21894 203
45 85 12224 178
98 18 4463 274
56 68 15590 274
18 67 64033 90
89 57 81531 103
85 90 107207 120
82 85 99223 96
28 45 82587 278
60 44 26620 49
54 13 13631 134
18 7 30013 417
37 76 5273 344
43 36 13738 121
9 28 4025 182
13 41 2136 81
72 10 245869 42
40 58 9682 144
22 11 47914 84
67 11 16810 21
18 22 29695 429
96 91 10375 338
24 97 72213 104
93 45 7886 49
14 10 34160 56
85 30 10218 349
32 82 17690 227
7 3 106157 245
36 47 91884 187
73 64 25399 39
8 79 22106 37
71 26 28434 470
19 47 26997 184
68 5 86892 48
43 38 4204 66
83 40 10182 22
15 83 38288 259
89 79 41214 267
78 81 4391 118
30 47 5588 227
86 40 5484 78
41 67 3357 874
67 90 9266 316
18 78 63872 511
48 1 6541 102
71 34 44302 523
28 14 2562 215
8 71 14770 65
93 86 271441 344
45 51 10101 97
96 98 56588 92
12 84 64559 136
44 2 48019 1054
30 55 120041 98
42 12 14470 52
98 3 41374 278
80 69 30062 72
48 27 20053 61
79 61 9171 56
67 51 46642 280
18 52 17322 143
55 81 20308 622
36 75 24772 136
18 36 75267 50
75 63 16673 142
32 36 17405 203
50 51 33654 535
91 61 14568 411
62 20 7605 31
30 83 53721 58
80 4 28009 84
31 88 40931 71
96 49 2700 128
41 13 18556 47
39 34 74118 614
73 38 3708 53
98 65 6645 44
97 100 8851 386
91 96 63876 142
40 93 50861 308
86 26 8353 473
82 64 10133 339
90 89 28419 165
97 3 32453 373
11 70 33634 319
7 94 21862 625
43 5 21475 299
60 83 57060 806
80 73 32518 46
29 82 6391 77
81 58 52677 368
58 66 100401 102
94 73 20671 644
32 84 57587 54
38 53 17214 141
74 44 8609 228
4 55 47839 93
40 92 19009 230
10 43 27772 70
55 3 51720 12
46 12 55290 9
14 34 13522 136
88 67 116738 356
90 76 25089 162
89 69 15153 184
100 94 24506 1708
88 39 5370 228
73 66 12902 49
26 51 11343 204
78 19 31537 245
15 36 12639 52
60 16 75467 479
31 20 49504 463
44 42 2520 132
2 36 10986 97
31 34 57294 156
14 45 18680 237
76 88 16984 87
58 26 8972 160
84 1 28488 68
64 19 7178 149
38 23 3657 287
15 16 10322 87
13 64 15353 85
42 71 7020 538
18 87 13111 71
69 5 40922 80
85 62 13866 95
57 93 7609 389
32 46 7398 249
66 40 76785 55
6 47 97058 65
42 62 39613 63
20 11 6508 63
79 69 70313 290
85 13 17371 140
23 10 15378 111
65 93 116024 76
52 56 12081 23
29 1 29727 298
80 31 290888 14
57 54 71055 108
87 47 5333 117
8 49 6807 267
69 67 91105 89
67 58 8297 644
32 31 18413 202
71 19 22557 201
71 31 9541 57
98 14 10535 63
19 73 30063 47
100 3 48031 87
55 91 223831 110
58 68 10916 356
96 88 31964 295
96 46 28254 286
63 67 8974 107
99 50 14569 74
57 31 12647 235
55 56 25331 162
71 48 25157 233
26 38 12135 212
100 77 17922 407
88 94 12449 351
57 26 4825 770
66 36 22443 54
53 96 27537 294
37 90 34175 226
45 1 45086 38
51 56 66449 1245
54 59 6843 206
2 95 3112 102
4 67 20320 421
52 68 4314 408
17 38 11639 387
7 10 101316 162
2 72 10390 192
3 37 26614 102
98 89 22348 194
13 93 10972 173
55 10 4507 621
92 2 178503 228
20 44 37880 299
88 26 2268 22
5 68 30822 326
11 20 191017 1182
21 83 10594 566
25 5 11872 192
42 65 263748 267
77 62 17950 118
42 63 9373 50
32 62 25620 98
82 72 19009 326
9 48 21276 323
87 86 44482 40
45 33 14376 864
23 12 28452 45
35 77 7595 61
98 94 22710 397
72 88 38731 161
76 21 9518 2227
8 9 22576 64
66 91 22513 240
55 60 8537 325
27 34 110879 241
18 49 4294 65
11 94 47048 64
22 9 16973 114
60 81 59519 137
34 94 67177 118
90 1 6172 176
4 29 101627 20
88 5 11046 536
56 42 21481 116
31 54 1797 93
64 10 41636 91
17 22 19348 402
80 94 57254 65
99 26 44289 559
75 84 46900 200
10 6 48823 238
51 8 74785 364
47 99 92679 17
14 99 11397 857
22 48 20981 764
41 57 21437 35
88 58 41493 276
94 77 35887 325
70 2400
98 121
96 275
31 1071
94 822
77 1270

64420023
