100 499 3 3
20 64 24484 139
20 13 5803 213
20 59 14243 311
20 60 28233 112
20 79 139016 628
20 74 20788 268
20 24 43266 42
20 16 10833 205
20 57 10090 1116
20 1 33154 291
20 83 80296 79
20 79 11075 446
20 71 16451 42
20 39 37334 88
20 26 14100 767
20 70 27543 151
20 9 8180 359
20 94 24632 507
20 12 70109 283
20 49 122307 281
20 69 4064 20
20 71 178342 170
20 14 30243 26
20 48 55874 199
20 65 8719 145
20 72 12112 77
20 46 52240 24
20 100 6063 48
20 93 10977 1297
20 14 73184 110
20 26 13205 56
20 86 18983 41
20 43 33522 111
20 69 27140 128
20 30 40381 246
20 99 15062 934
20 15 6573 39
20 31 42551 145
20 88 16784 192
20 25 24558 55
20 16 760604 90
20 32 39914 554
20 25 13147 271
20 68 13581 87
20 3 80755 57
20 88 121238 27
20 34 26137 85
20 45 74616 89
20 86 11541 380
20 6 38326 159
20 100 145411 76
20 64 128112 70
20 1 33628 37
20 97 13393 111
20 38 10371 94
20 75 38954 133
20 15 5272 139
20 39 14970 2658
20 62 22512 678
20 11 7611 39
20 59 16842 157
20 63 20495 891
20 30 8716 165
20 84 25414 133
20 93 9589 574
20 43 11796 158
20 93 8818 72
20 34 31977 241
20 65 6274 140
20 7 4405 144
20 87 61280 2778
20 6 35425 873
20 9 233184 98
20 38 29854 96
20 88 6022 832
20 22 20050 365
20 83 3734 209
20 59 32092 360
20 97 25992 96
20 80 18714 198
20 9 33282 112
20 16 8518 197
20 10 14144 399
20 64 12659 954
20 86 13460 470
20 58 13646 77
20 81 25495 109
20 31 12262 103
20 45 64430 87
20 61 10004 14
20 93 3900 277
20 46 145892 261
20 2 16779 50
20 14 86995 209
20 77 3201 66
20 6 18956 51
20 30 60300 47
20 35 3684 35
20 23 21008 138
72 95 4161 132
22 95 30856 202
65 21 6525 59
2 39 18191 703
11 92 54455 35
30 62 33634 942
65 12 4998 48
78 32 32647 137
2 61 25848 187
8 47 32591 66
56 68 18515 33
62 35 7237 15
15 95 34802 101
16 32 83851 40
32 90 20941 197
100 82 111154 239
24 58 52045 106
84 71 13064 208
91 30 30979 320
54 53 120238 56
10 93 8793 137
93 76 52768 108
10 22 10267 294
34 40 13435 971
86 78 46424 260
30 75 15352 387
35 24 101624 325
18 71 12253 592
52 8 6182 27
61 19 10209 159
40 64 43380 362
60 55 66506 90
9 33 18729 786
45 99 21371 602
69 70 20266 187
24 17 13968 290
10 16 25653 206
72 55 42969 32
88 42 5768 87
93 72 38288 332
89 45 37548 387
43 20 42898 55
22 10 22047 238
15 19 9663 66
59 32 26509 75
90 56 15315 563
27 24 61468 32
71 24 234229 107
86 26 5796 112
75 39 31142 111
16 9 56341 297
34 7 36971 210
5 24 5906 256
62 64 6763 46
72 54 4393 143
86 37 20930 27
57 55 128819 104
82 13 65086 512
88 74 6085 126
8 4 7388 139
63 20 16893 119
73 82 13292 106
36 4 36916 554
80 64 8311 69
72 79 28815 26
2 10 61454 2103
38 99 19466 148
56 43 17435 177
45 28 33461 320
19 58 7027 207
98 59 130401 15
14 23 44442 390
92 3 23982 159
78 89 12363 185
40 85 28824 27
38 93 33322 161
49 96 26979 721
30 96 26632 168
31 68 17894 319
89 99 20427 268
32 99 29320 154
45 3 41121 72
75 51 42923 515
40 92 27355 119
39 25 84977 37
47 71 30721 174
97 12 4029 454
3 16 47274 23
87 64 76501 403
69 33 12409 69
93 1 57740 318
47 65 52455 65
99 94 20594 2208
87 61 13798 113
23 9 76174 257
77 2 25358 766
61 60 62287 200
33 73 20661 165
28 56 14873 97
92 84 47936 58
15 53 12517 261
17 32 91139 1046
14 7 2770 380
15 24 5996 73
11 57 31094 1696
45 86 31148 209
32 17 23654 623
49 82 20617 72
93 24 8099 49
82 14 33306 39
92 21 3373 472
81 18 24511 122
76 71 15432 184
12 26 29073 63
52 78 23692 292
95 1 12345 605
37 97 9575 100
95 15 15137 213
63 14 23265 1900
18 34 17766 151
84 57 26218 100
19 12 18371 15
61 14 106221 100
68 90 41876 944
95 18 6162 31
55 60 35660 305
82 28 73196 341
96 3 29865 843
67 25 9227 169
83 60 35720 486
36 29 12393 102
68 28 52348 63
52 93 6169 58
42 72 7517 470
98 22 86499 18
83 53 8782 491
12 71 7633 181
49 87 32290 1637
65 51 27682 148
15 33 160347 233
39 12 12897 95
54 57 21279 152
82 85 2835 117
72 1 24372 114
44 36 8812 81
67 81 2580 25
36 5 44521 542
59 30 32879 84
40 34 2565 1183
60 97 106521 312
6 13 26004 47
87 4 15147 283
60 7 16344 224
62 74 66030 424
91 67 9226 21
55 1 14668 269
17 72 10650 121
27 89 24303 53
100 39 23914 255
22 23 6043 305
22 79 19812 246
3 80 9883 492
35 73 32242 160
85 32 80123 76
47 4 44231 53
36 20 17698 150
8 16 11827 105
88 25 19110 144
15 1 36427 236
1 55 56917 58
85 9 7004 31
71 53 19610 56
5 86 43072 122
6 58 25961 159
70 1 91390 277
2 49 15649 114
82 70 13354 668
53 76 68610 89
84 45 44191 89
6 20 14701 445
79 92 9525 288
83 69 10260 25
39 36 14821 148
53 65 2093 185
40 48 22319 116
87 19 24974 44
61 6 500 272
78 15 13579 90
72 13 22658 41
50 87 17481 41
89 2 63483 66
54 73 6646 55
60 62 8027 55
21 75 80309 263
48 17 9101 154
1 94 36254 16
29 59 8656 178
48 26 19843 115
55 54 26258 150
2 79 2976 243
6 84 10453 24
46 18 7247 153
23 75 13935 33
27 35 7430 100
30 33 6737 75
63 4 53214 53
97 62 8822 326
43 66 7465 26
73 26 2672 327
70 86 11876 112
68 78 33909 1624
56 76 7459 77
74 42 6579 127
9 47 161933 65
3 12 99712 806
82 76 35203 113
77 80 18457 210
75 79 4128 30
10 77 26213 17
22 15 37866 163
79 80 43822 67
13 83 9675 213
36 82 4653 61
54 47 18668 272
91 51 35874 144
87 84 33725 88
81 97 17654 59
92 30 12425 511
31 17 25348 1029
40 80 25348 144
77 71 65776 40
44 78 4268 35
51 94 8004 553
34 70 48714 1397
11 6 47297 347
29 90 69065 115
64 68 20952 454
69 80 35858 144
84 18 89332 252
3 35 5780 864
12 56 69828 627
16 92 64033 120
100 72 8188 248
79 64 13668 169
53 15 11952 346
69 10 11392 204
15 12 6600 245
67 87 9438 118
17 57 9991 28
92 56 15142 133
34 91 19334 104
55 89 28905 89
23 67 9701 69
61 27 56913 574
62 58 27311 401
86 100 12174 120
21 26 20091 540
62 81 25133 20
99 88 57407 728
88 72 4496 348
78 61 57411 1931
78 90 6756 112
81 46 5855 213
17 28 22450 269
57 49 4338 77
96 69 18485 153
44 71 13539 46
19 59 13353 148
28 44 80085 1991
71 5 112154 76
35 72 5436 226
16 58 7643 212
37 52 11569 242
44 35 189473 90
98 8 119510 142
72 10 16206 196
7 84 34920 72
88 77 17339 22
90 24 13162 119
57 38 89774 162
37 55 48753 353
83 68 9059 717
27 28 313341 194
22 45 18000 80
85 36 24794 70
29 68 30019 220
21 55 16900 603
2 24 68812 150
31 7 7886 91
91 95 25368 596
47 7 6708 479
54 98 9121 46
81 74 14407 291
61 32 131097 1846
41 68 26217 166
40 56 12544 59
9 14 13007 74
88 45 19451 136
60 26 5208 214
64 78 21502 545
88 22 153451 553
35 20 3722 343
21 33 8886 82
87 11 28679 298
93 62 4108 157
47 23 58194 3793
49 54 6927 326
5 95 4013 108
17 12 4880 177
44 14 10126 261
90 44 14648 276
37 30 12950 671
42 91 8814 194
60 90 11342 11
66 16 30537 343
9 81 14836 592
19 93 40760 28
36 79 29192 329
88 48 39690 80
96 67 49286 396
75 59 28792 375
72 42 12031 137
10 71 46953 172
50 43 36476 182
38 11 8133 136
98 36 32360 325
81 12 81666 160
11 48 13207 68
4 62 111359 376
32 74 25360 158
73 38 54064 374
66 99 29026 131
18 93 125010 678
98 94 20070 55
100 70 25156 55
66 54 8107 104
17 86 46443 183
85 3 14209 758
52 31 107448 64
71 87 18014 108
92 12 75066 172
72 83 108380 441
23 100 7657 290
12 36 19741 119
5 8 73698 345
56 28 21887 267
2 13 8508 661
88 65 5486 247
9 57 49312 256
19 46 4052 69
56 57 11569 438
73 75 74793 223
83 71 5424 337
69 14 12742 285
89 10 10355 794
83 74 122585 89
100 74 10281 108
2 44 1512 117
21 80 22815 125
59 31 37417 176
24 38 9676 46
49 28 64679 90
42 17 104032 439
5 54 19822 19
44 33 57259 338
67 71 15641 79
95 43 7383 34
25 31 9739 273
85 8 30430 143
94 83 35362 205
85 11 8634 162
12 89 3576 407
60 11 7602 1993
73 83 8637 231
64 72 14318 96
22 54 9433 273
23 76 3992 379
31 3 21806 91
36 9 33677 146
44 32 30243 83
96 51 8904 262
90 11 7628 153
64 57 25099 138
12 23 44260 182
72 71 90121 169
90 57 23160 23
22 33 43791 226
42 84 3748 14
19 74 102275 348
59 48 2051 112
67 68 127654 664
75 99 25017 30
58 10 8852 221
41 71 6210 155
39 70 32440 222
37 50 19388 544
23 51 31645 83
69 92 51758 35
70 31 5806 231
11 79 25115 736
20 1089
72 130
88 153
71 432
12 1023
93 641

16800417
