100 499 3 3
3 67 45203 100
3 53 40573 118
3 19 3745 88
3 72 33727 128
3 76 2520 268
3 11 22982 91
3 30 2456 126
3 100 109537 267
3 26 33377 62
3 79 12500 160
3 50 1121 164
3 50 12186 166
3 29 39303 453
3 68 51068 25
3 82 29441 42
3 6 15339 28
3 99 6826 70
3 60 16758 124
3 26 42403 107
3 80 28038 243
3 97 26662 542
3 70 31935 148
3 5 35536 37
3 24 20180 791
3 87 104275 100
3 77 197879 186
3 8 7829 305
3 27 55881 251
3 63 3546 495
3 52 1791 60
3 87 29087 167
3 89 67067 257
3 48 26408 229
3 85 14929 203
3 8 21430 599
3 39 13057 286
3 94 61803 188
3 17 7176 416
3 8 20079 161
3 1 25153 64
3 56 5705 75
3 91 9571 72
3 8 26774 187
3 84 1243 388
3 2 66318 173
3 49 222993 149
3 34 7374 79
3 55 25986 304
3 27 14616 267
3 53 8799 224
3 7 42128 50
3 71 17467 64
3 21 16956 179
3 49 26731 101
3 18 19503 692
3 16 19918 409
3 2 2735 502
3 33 5552 168
3 86 66570 93
3 82 63190 1336
3 64 31750 55
3 6 16678 106
3 91 34032 65
3 77 16556 16
3 29 33373 206
3 53 6306 115
3 30 48290 104
3 10 57955 59
3 81 15019 77
3 98 16981 215
3 56 20065 107
3 20 9762 361
3 72 5267 142
3 47 2522 50
3 44 47298 1278
3 47 18818 323
3 13 29606 319
3 35 180034 97
3 50 35427 14
3 18 6395 75
3 92 13403 906
3 4 10337 31
3 77 25631 203
3 64 30237 51
3 97 26523 48
3 54 14696 114
3 81 2855 268
3 6 49980 87
3 1 6990 230
3 34 70090 973
3 85 44785 237
3 24 58923 104
3 31 21986 334
3 95 61822 771
3 44 42956 411
3 18 10585 301
3 74 153838 296
3 96 46176 57
3 23 7720 30
22 56 46551 77
21 16 21061 71
96 4 25741 181
88 8 7469 333
46 30 6517 193
2 31 199182 127
23 92 72190 81
49 51 74340 94
18 79 5643 182
79 67 29066 12
53 12 73010 456
72 38 10625 59
72 21 25603 361
29 34 7295 34
92 14 11524 365
50 17 134009 99
48 82 90121 694
24 20 11478 109
79 97 8456 81
84 10 50181 173
95 31 154803 271
24 25 32958 29
38 73 27290 152
42 77 131381 141
34 43 16551 52
47 73 2781 23
75 41 28307 279
70 85 10872 97
93 68 142074 96
65 92 43860 126
24 6 10586 330
30 88 18164 84
10 35 10244 181
28 82 41568 233
78 5 46873 295
22 70 23101 478
43 48 16947 1240
25 62 16134 25
100 64 52850 164
96 30 6201 35
95 53 7639 228
29 15 31861 92
89 56 4839 141
75 96 15547 117
9 18 7014 64
85 54 19917 84
72 20 12209 227
55 80 22943 148
19 21 24266 48
37 31 27412 108
52 23 25280 201
26 41 78611 92
21 95 14558 281
94 13 13473 446
14 41 9614 815
78 1 39209 223
73 80 25980 76
19 94 3852 428
70 29 18084 194
42 7 29063 241
85 92 14661 230
65 69 12389 35
36 100 13955 551
97 25 146320 16
57 51 15902 2169
37 22 78688 274
15 63 9131 226
61 26 10249 156
61 3 54273 133
44 65 25000 17
15 95 30181 174
63 19 30144 152
51 71 32206 90
60 99 16796 163
89 59 10001 1578
85 12 66452 42
18 27 44833 13
55 46 19156 123
97 22 26492 970
90 75 16584 268
82 97 24903 260
65 51 10866 647
17 82 4465 94
62 13 10299 543
97 19 291456 637
3 90 22309 284
93 45 21106 143
32 76 103446 70
63 100 66910 105
91 64 22051 408
89 16 38734 71
86 20 117348 594
59 62 4363 218
40 55 11360 41
56 66 47754 250
98 87 23383 86
44 57 25917 132
15 60 13454 120
26 63 117898 137
78 89 26075 99
13 94 30172 28
59 60 79091 251
50 58 47577 163
26 19 37468 57
64 97 13020 281
57 72 110843 617
23 14 35095 130
99 82 16392 648
10 50 9137 29
33 7 8422 120
69 68 23071 25
24 79 17481 141
40 49 8838 357
75 94 7417 140
69 95 101052 30
54 99 24683 23
88 15 74226 51
15 36 11364 1816
5 45 23344 519
4 73 30818 70
66 19 4757 687
77 41 59300 243
67 75 55667 219
28 96 29002 359
56 20 24409 39
27 55 7426 264
2 5 9986 404
28 5 18496 431
62 66 159022 417
74 1 7053 62
91 94 28382 65
47 17 32294 140
77 81 22968 46
73 100 6106 265
5 71 47215 46
89 43 24886 702
83 17 22224 69
64 89 4375 127
33 12 35207 29
15 89 38584 71
41 6 14768 9
83 52 11038 973
72 68 5976 61
75 81 205974 286
79 43 15865 85
62 39 135198 320
8 61 50792 24
83 1 40064 820
65 48 25108 22
21 88 3556 228
98 7 8422 12
62 44 59908 193
88 40 18821 343
49 35 17604 689
17 20 6916 141
57 81 4503 628
94 34 5285 677
64 95 4006 722
24 63 43202 27
28 58 11287 170
36 41 107100 217
26 76 39245 215
24 75 11293 278
99 88 60366 30
80 9 54949 958
76 55 9010 998
57 76 17510 127
74 19 112815 155
96 13 52422 213
70 71 18255 114
71 80 72112 199
47 88 12079 135
53 49 12202 53
49 7 16503 640
31 47 215458 2011
44 77 42026 120
23 5 20594 306
51 6 9048 137
44 95 44975 34
89 5 23767 1038
60 86 71654 366
46 62 7658 50
15 56 71210 249
18 39 13427 519
49 29 30057 400
43 80 6607 114
7 9 8143 74
44 40 30895 401
37 76 54741 54
20 52 37109 489
62 68 11732 192
81 90 165490 23
24 52 66227 30
62 77 18948 59
68 33 46856 1037
51 98 8022 138
85 69 10487 192
49 91 12386 306
87 60 21360 174
64 78 13870 116
11 81 20154 53
76 58 9553 432
100 83 16755 1122
51 4 19882 487
54 97 8784 37
89 91 108556 373
38 55 29786 873
4 72 19580 238
94 33 23801 39
16 44 34525 518
62 14 19328 165
19 44 26018 126
97 45 128029 183
20 53 16627 91
79 92 5451 330
11 6 6051 174
60 13 7338 151
24 39 8538 57
16 8 3409 262
18 41 93846 709
82 70 16422 64
38 1 298254 155
68 34 14254 26
61 84 4792 501
64 21 38681 36
67 72 25404 121
73 66 135619 181
39 37 11814 87
21 43 13601 244
46 24 2877 156
37 47 4302 37
52 2 15163 106
1 31 70095 210
75 50 2755 609
10 28 23688 252
76 19 4767 2497
68 92 17169 220
16 17 50548 98
41 75 61984 34
76 97 91668 438
58 9 21166 573
73 64 11293 356
19 10 7553 488
78 74 40375 32
12 25 29089 232
83 24 6083 1147
37 1 77099 518
10 25 131156 381
50 28 28002 134
20 44 41988 322
48 30 19587 164
96 1 33694 284
52 65 194250 34
19 49 4919 81
75 14 66525 83
69 52 16381 9
96 3 16941 71
69 43 39371 104
63 70 7546 35
11 17 84073 221
5 47 25918 535
92 44 24731 261
63 79 19234 66
9 74 33048 316
93 79 28271 340
94 57 47506 176
93 85 12810 66
1 96 24113 554
100 79 11735 425
54 94 80808 463
47 39 2335 55
68 21 4963 106
18 54 63115 43
15 78 37222 213
90 59 11712 128
47 71 9571 138
38 82 26927 48
75 33 4944 1557
42 81 43998 156
19 11 32006 168
73 44 30292 310
33 72 80771 180
54 48 211860 312
6 37 43394 81
48 36 8452 53
53 4 27157 230
6 24 10263 139
93 87 3331 231
11 86 46095 32
1 52 12623 150
21 98 8882 216
59 89 12838 147
49 48 5984 38
77 42 16491 269
27 47 146858 390
49 25 36355 27
32 9 33183 260
78 60 1748 298
16 12 12114 813
38 7 13039 23
95 28 14224 134
73 93 30032 49
67 55 14944 34
7 63 81793 262
19 76 58322 584
46 32 22322 58
55 72 64866 205
25 58 4701 334
54 85 29873 243
77 46 34550 177
93 94 131400 1362
69 98 53427 132
35 98 47418 75
96 58 35488 68
6 57 4630 83
41 20 224973 142
53 34 13523 163
86 4 24052 129
98 89 11745 191
79 42 16223 243
79 66 57276 37
87 3 26550 113
12 60 1240 104
39 96 10309 137
22 9 27279 113
12 6 6241 314
75 98 202679 95
64 4 39782 196
39 35 14890 80
48 96 33985 260
16 56 31247 81
99 4 10902 74
100 95 15613 112
15 48 10837 226
97 48 15069 196
93 66 29397 573
91 35 7623 132
82 86 9645 134
91 57 5338 383
22 47 26088 133
4 94 51906 294
43 62 71151 442
49 94 38974 297
100 55 24746 270
69 86 9074 300
40 88 36963 154
14 84 49615 1158
58 18 19508 835
50 22 45806 258
61 64 36334 270
15 87 66421 262
21 55 98695 442
58 34 121715 551
69 35 38614 129
48 69 12020 151
71 45 5814 162
29 1 12290 490
6 32 13645 63
46 7 27788 60
93 22 7523 238
89 18 35668 247
84 32 23140 151
87 75 13873 100
31 73 13192 563
81 22 23033 274
35 83 22629 114
74 20 22476 120
9 48 118594 91
62 90 42698 183
84 88 6009 17
86 53 20089 281
94 50 7140 693
87 17 22997 227
58 73 25963 90
19 16 15121 48
69 30 13291 925
97 57 94407 1085
51 45 67926 1317
100 66 45489 147
95 49 2557 71
11 54 35013 98
80 52 23301 322
61 52 32170 2225
14 18 15469 58
55 34 44904 52
40 12 55566 152
9 21 6579 47
76 2 12414 53
75 59 19609 83
80 20 39685 32
16 27 30252 150
61 49 28724 64
100 39 56512 263
55 38 11659 176
32 100 74124 190
4 70 15944 191
79 90 5293 127
25 31 40904 469
14 89 21639 155
97 50 132323 189
3 1100
75 27
15 90
94 284
20 1811
1 156

18502600
