100 499 3 3
14 21 10280 186
14 53 5678 33
14 36 9375 382
14 6 15371 60
14 57 7695 152
14 92 36258 431
14 75 33452 273
14 60 7584 802
14 40 3301 118
14 26 6065 1066
14 46 78388 33
14 97 9507 84
14 55 133561 1491
14 16 14670 227
14 18 56418 14
14 56 9681 74
14 25 7836 10
14 67 13096 74
14 66 27707 232
14 41 42312 162
14 2 13126 552
14 96 5069 80
14 50 27905 397
14 91 18540 349
14 70 114832 70
14 8 294700 173
14 15 7972 194
14 78 16448 49
14 3 23823 475
14 27 11842 292
14 12 97848 119
14 76 9991 194
14 94 256094 73
14 28 13292 69
14 33 40382 57
14 79 94421 75
14 69 20983 173
14 63 2394 69
14 43 24763 22
14 4 7955 390
14 45 4921 138
14 52 35481 999
14 54 301591 158
14 30 14897 409
14 24 30329 37
14 31 17750 41
14 1 5926 58
14 42 71816 79
14 38 183937 40
14 23 57090 265
14 22 53231 275
14 100 38942 65
14 83 11075 367
14 98 63727 280
14 74 9527 40
14 9 53361 271
14 58 7390 35
14 47 52937 554
14 89 88053 1554
14 62 28880 96
14 10 26571 242
14 19 71903 44
14 81 17189 1336
14 7 374609 44
14 72 41928 60
14 37 18626 112
14 71 13040 192
14 99 11566 147
14 90 39558 145
14 17 32383 89
14 95 2574 401
14 65 24025 48
14 44 30560 72
14 48 23049 314
14 51 20969 138
14 11 7853 139
14 68 134534 185
14 82 23821 563
14 34 30125 208
14 87 9857 317
14 85 17860 570
14 86 16927 180
14 84 10442 211
14 13 112412 675
14 32 8708 48
14 61 81425 151
14 20 17387 81
14 80 61797 174
14 88 37545 305
14 35 114256 59
14 64 118013 136
14 5 3991 75
14 59 19200 183
14 93 18944 475
14 49 21147 34
14 39 11376 129
14 77 50044 102
14 29 28354 105
14 73 92623 108
45 65 11627 188
87 90 8805 56
19 50 532 168
33 12 16582 66
46 90 3335 41
71 44 14831 736
68 40 27646 730
95 68 37059 83
26 69 21267 218
96 66 10567 43
96 77 17321 149
34 3 91513 464
23 51 125161 153
7 25 9822 449
16 37 29772 351
11 48 42306 47
51 72 187812 236
93 95 22912 90
36 64 34719 206
61 72 11394 462
18 1 150954 54
30 80 29577 78
100 99 72214 347
94 13 8718 226
72 8 26348 46
94 99 28398 99
2 82 17587 780
77 44 19576 140
83 35 6581 1658
61 79 61053 95
63 42 28402 34
94 67 33429 69
2 14 2616 187
69 33 5176 485
47 46 27658 103
56 41 44491 160
75 45 6326 55
29 53 62980 278
97 49 11184 130
58 97 49094 320
63 39 7759 15
70 66 72797 267
79 80 74354 84
68 44 21339 175
38 48 113457 746
80 18 12837 171
85 21 47060 188
6 69 17954 155
13 26 47459 2496
13 10 5503 447
17 30 54076 172
85 4 5394 56
31 68 17731 144
59 29 23201 450
42 43 16790 109
48 39 329282 52
92 65 3475 150
6 83 7569 174
28 52 16972 24
43 94 16122 99
43 93 24095 174
89 88 22392 253
96 36 20477 570
88 71 1347 526
31 19 7925 31
95 92 81091 123
38 58 33415 215
59 41 15983 121
39 42 5557 1535
39 85 52435 71
3 78 50516 717
32 61 11333 302
39 33 14240 60
78 56 11937 549
25 10 3156 234
55 35 91292 39
38 63 17388 74
88 16 33293 21
17 29 81037 360
100 85 3051 77
6 74 18009 477
84 34 56444 295
42 70 28141 262
75 85 24537 73
51 39 157415 283
1 30 54088 218
54 6 17398 1544
73 69 56689 122
79 16 5235 69
4 34 22182 143
72 19 8196 181
45 52 32392 46
39 19 23295 297
89 87 10122 131
62 65 30966 195
96 24 7984 139
54 17 7944 364
29 44 8593 112
35 63 18565 225
97 32 70384 108
91 51 8186 32
39 88 114711 214
22 79 25495 74
47 64 31074 104
20 13 31166 55
17 38 54857 261
6 11 44009 11
78 73 35847 336
84 18 60127 329
93 99 10167 103
67 96 19108 287
81 21 7682 78
52 79 23234 228
66 12 20548 75
54 99 13288 142
36 81 22423 121
44 79 94565 87
47 3 32867 386
5 78 6729 92
95 25 71753 577
83 66 27312 225
78 92 72273 124
30 33 15667 110
1 70 132727 34
50 73 24171 102
33 4 6621 1936
65 95 50447 117
88 54 31140 535
67 73 9627 719
43 98 18123 351
10 97 40910 777
20 87 17247 179
4 17 35489 75
1 5 12054 574
13 9 12869 180
45 13 26860 170
20 11 43881 478
20 50 12393 89
20 24 8675 247
56 79 14668 13
69 63 13288 214
63 72 16020 206
99 53 17159 89
47 31 28383 205
86 5 21412 409
67 95 9430 477
34 30 13984 29
32 47 22771 860
39 23 10604 728
37 18 9575 109
44 4 14793 123
8 1 43675 283
89 11 79704 125
99 11 4047 120
59 43 13405 71
42 51 71859 97
75 9 3815 1038
55 44 73632 53
78 89 11378 43
51 89 18637 121
86 62 32206 58
42 65 29160 360
67 68 20778 221
25 78 7135 32
3 69 58742 62
89 45 50404 115
92 78 3758 285
22 86 32426 47
3 99 15482 458
33 19 99401 332
36 79 53303 212
96 8 7101 250
26 85 11372 120
37 38 30110 172
66 3 163346 201
99 83 5479 29
15 27 10339 474
63 32 5501 412
27 86 34851 96
89 59 29467 522
58 71 18242 1663
66 41 13588 561
42 7 8936 487
85 18 7160 195
90 6 45103 251
11 33 4730 178
58 67 21872 254
9 91 11350 843
42 40 275164 202
41 37 52702 234
99 68 25028 147
6 63 22219 514
29 62 9803 176
82 75 11449 380
10 34 7520 141
47 65 5037 111
7 43 32271 107
4 95 71012 48
43 12 8187 282
87 40 16532 475
70 50 16299 79
16 30 115381 63
85 94 9920 22
11 63 2163 186
50 53 3426 159
62 51 11501 845
100 62 7234 281
55 99 40980 234
74 36 2522 31
13 89 63899 44
44 84 13186 37
54 7 3953 1006
82 13 46324 40
92 42 107739 325
58 99 21652 127
74 7 96249 178
57 10 14793 646
56 2 84725 157
1 34 38457 38
56 93 66122 25
56 10 7318 555
24 97 28090 101
3 26 20188 771
12 84 18515 1445
81 94 50289 426
57 2 26638 867
12 91 29627 135
38 73 3014 142
28 14 11597 209
19 36 6891 50
57 20 43490 312
9 99 15478 109
96 70 6021 341
100 23 4920 181
1 23 64606 586
49 26 23023 874
13 23 37287 249
13 78 14959 154
96 38 38094 264
30 90 6115 1349
41 27 5389 102
16 52 24666 269
74 10 34945 161
69 81 136506 229
100 27 5256 202
91 65 14525 24
7 29 77039 390
1 29 85077 371
81 33 51656 225
40 97 15197 473
28 86 33376 163
67 5 17910 85
91 61 19695 208
31 6 50696 32
53 85 91709 111
56 97 12034 67
78 84 25925 33
52 84 67110 32
32 52 13760 358
19 57 43382 59
43 46 27816 401
87 59 36455 2372
93 37 79162 754
36 32 16397 109
38 74 31367 170
12 82 8394 67
2 16 8455 575
51 52 7329 187
42 48 11046 1980
1 62 9060 37
34 50 940 187
33 80 10797 492
22 48 13707 35
12 37 21582 30
8 64 9443 86
12 30 23423 553
67 93 64547 56
46 22 67377 835
70 22 6693 119
34 79 15655 76
99 60 23280 199
86 34 14071 40
84 56 19990 81
77 85 7383 261
10 21 120579 93
100 87 6954 49
73 56 49184 182
43 42 46092 37
34 36 28232 121
72 55 17031 345
17 89 9394 675
87 92 67368 145
10 26 69949 57
98 80 5132 213
95 77 27194 22
53 20 47014 136
48 23 13306 28
76 69 5229 54
86 39 57055 311
84 80 27556 683
88 77 9165 1006
85 36 13545 83
58 66 36512 75
71 45 12350 232
5 18 58271 747
47 26 83730 88
11 38 22201 128
84 32 11057 464
96 100 29027 103
28 32 116990 65
8 14 26263 23
70 9 31987 400
64 8 26735 771
55 61 7648 270
64 37 219408 99
77 45 46705 120
61 30 4169 52
34 62 19014 458
63 99 5530 100
39 64 33205 33
20 92 93533 340
12 99 30238 237
62 44 10631 69
28 8 5582 290
91 24 5362 119
82 37 16882 114
72 36 23599 122
17 72 67883 129
93 31 3736 159
78 37 7723 129
58 77 13691 166
30 71 37802 72
76 43 13639 32
18 17 13165 303
79 54 9393 1084
74 83 3335 174
22 72 33762 127
54 97 16646 150
92 62 13230 168
54 96 9531 141
48 76 19284 112
77 78 16654 72
32 12 26426 81
100 42 27590 629
73 67 32285 41
62 24 59612 606
64 100 92328 149
44 70 36383 102
8 25 28613 355
15 46 12256 423
24 39 17004 85
11 58 17650 108
29 73 53107 158
63 43 56306 322
47 69 35998 231
49 56 11292 62
52 51 25997 62
86 94 175203 46
49 31 73370 186
30 49 46942 149
82 12 18685 14
61 5 45193 57
58 33 7652 47
17 96 8881 187
44 20 62926 272
100 17 15861 1146
50 63 31861 678
37 6 4374 20
50 78 25740 77
56 88 13564 736
54 11 5345 21
64 16 2499 394
44 99 2976 504
87 29 5885 236
17 28 150681 158
65 71 49947 271
37 48 10796 193
19 67 3592 41
71 37 9100 91
53 26 6390 233
85 71 4280 80
71 1 14640 1077
29 34 39842 18
32 33 5144 505
89 68 1875 248
68 1 3660 94
22 54 21895 93
60 85 65248 532
40 80 22988 287
1 51 3081 49
80 82 28921 93
84 73 50663 45
13 73 2616 628
15 81 11535 1471
53 52 4465 451
74 82 39805 684
58 25 9034 130
65 86 90643 53
26 27 12561 14
8 61 31485 175
14 594
100 24
96 40
99 30
37 31
85 175

3528777
