100 499 3 3
14 45 4883 82
14 60 19190 75
14 41 21407 261
14 44 24723 99
14 51 42178 1395
14 9 4697 110
14 91 23685 251
14 59 6793 59
14 27 80229 543
14 38 116728 81
14 31 2574 244
14 55 45841 451
14 89 120817 65
14 2 57726 57
14 71 19215 142
14 42 14924 186
14 16 28744 154
14 10 28897 59
14 81 27579 326
14 61 26154 432
14 99 54326 103
14 92 5473 159
14 85 7839 90
14 62 20912 121
14 48 6981 367
14 52 142856 45
14 82 8330 169
14 63 41616 207
14 73 10175 116
14 29 25412 35
14 57 27182 72
14 3 78293 47
14 70 12738 26
14 53 38718 92
14 69 6683 159
14 90 15316 232
14 79 85883 88
14 39 30343 253
14 54 16921 251
14 80 41829 609
14 23 25364 47
14 56 3303 356
14 72 25185 126
14 65 14567 44
14 26 27501 292
14 6 62942 106
14 86 33711 161
14 43 10996 128
14 8 9547 908
14 46 4575 116
14 37 13923 264
14 17 15900 177
14 11 29511 87
14 40 20483 170
14 12 8327 141
14 21 57093 597
14 30 99596 217
14 98 8473 573
14 7 16169 7
14 33 17866 762
14 97 42159 69
14 22 36458 70
14 32 13883 235
14 58 17159 257
14 87 13591 307
14 78 22756 131
14 28 16999 24
14 67 25591 221
14 13 6900 120
14 96 9848 225
14 50 2020 131
14 1 167372 759
14 4 26491 691
14 19 7873 115
14 100 54179 55
14 34 42497 292
14 95 11050 513
14 76 14626 54
14 93 18046 80
14 36 21710 19
14 49 9036 689
14 94 22958 180
14 47 66229 1077
14 5 30844 195
14 64 4167 355
14 77 14703 57
14 84 17229 47
14 15 15417 83
14 66 22292 69
14 25 23306 112
14 75 106743 94
14 24 42358 91
14 35 13606 88
14 68 25522 179
14 18 48206 24
14 88 46550 59
14 83 8304 296
14 74 20206 102
14 20 38663 33
40 20 22355 233
6 65 13389 1940
72 5 33800 133
92 48 15990 68
82 65 49970 225
50 100 30242 256
30 68 10060 328
73 57 24876 76
30 80 50411 267
46 8 16897 104
65 36 9539 619
50 69 49911 233
89 5 19963 99
43 63 69923 34
80 64 20189 730
4 34 59835 25
38 59 29482 48
82 52 72898 129
59 80 35012 93
22 17 38012 295
45 91 12960 12
4 88 44586 188
91 68 41864 256
2 40 24957 159
36 72 6868 100
38 64 46543 89
39 65 293849 169
19 52 21648 166
73 9 21614 85
24 83 75538 122
5 92 18351 126
2 42 17621 275
40 87 14343 583
3 37 111995 35
88 61 9595 93
54 68 35747 147
52 10 26481 200
77 61 7425 111
58 18 21955 141
100 26 46761 107
71 13 30391 1611
17 65 44763 97
70 74 36278 204
30 39 6670 488
28 78 8390 143
30 8 16726 69
26 92 62071 247
27 97 10234 143
97 38 18158 185
47 26 1308 111
51 97 15726 129
37 59 57628 2119
4 58 36675 309
85 58 13598 20
60 37 47483 605
88 68 7380 276
74 73 61017 43
83 51 46831 107
6 19 2880 214
83 80 19047 45
79 99 20363 97
9 93 6460 274
41 36 33744 200
26 57 70553 117
30 24 85435 142
93 99 11156 118
56 66 14778 35
93 47 26280 326
90 35 19900 220
96 78 12619 522
20 63 74880 333
17 97 24874 457
74 89 82266 106
87 76 10309 90
85 3 22921 84
7 78 9631 163
78 97 11793 135
63 93 24519 92
26 82 10658 1219
33 34 9256 250
33 44 53521 19
82 70 37139 77
51 50 34973 1148
29 52 184603 144
83 13 43374 98
20 39 8633 56
84 6 157138 312
40 8 16627 69
5 60 30554 119
71 42 5097 64
68 61 20940 167
81 67 18350 36
44 11 19391 51
1 35 50751 126
60 1 34529 150
60 47 5510 416
34 80 52042 66
25 41 41932 107
23 75 7021 35
53 72 8432 57
87 39 62159 36
82 17 43224 164
30 58 8230 29
41 1 12538 77
79 91 156303 166
88 50 51562 30
17 40 59684 165
12 68 12787 52
5 12 10235 79
29 94 24382 648
28 16 15907 165
76 35 15608 76
49 50 162836 91
18 43 68363 130
1 15 20297 170
34 52 24913 105
89 18 103898 210
15 44 21089 101
94 93 8755 141
33 85 45169 27
1 78 4294 90
57 51 26757 373
91 7 28994 176
2 93 116758 314
93 76 67817 29
38 23 29341 308
46 47 24839 37
26 75 21021 200
66 89 35576 56
59 95 58129 219
11 15 2236 127
27 1 30501 96
67 24 21345 474
22 36 42858 144
42 99 19991 48
62 52 20914 121
20 68 4821 537
95 71 5306 118
12 52 64155 51
62 73 18564 233
93 43 14238 66
6 79 14941 303
13 56 13274 790
56 59 30297 36
45 11 27507 962
80 66 65132 201
99 24 36407 72
12 13 11265 198
58 36 22293 199
7 3 38409 654
78 92 69880 591
73 16 17276 379
24 13 40101 107
87 56 60727 61
65 85 14771 93
97 48 15623 507
44 38 13825 57
23 21 14929 144
21 12 28592 196
94 67 67896 21
90 44 91192 338
98 6 40551 73
48 44 8351 413
92 83 6029 381
48 87 9286 91
98 55 29919 138
67 60 5101 222
99 51 12157 74
15 14 31716 223
87 24 3814 37
69 79 8254 115
37 64 50719 55
63 75 35098 160
92 99 16868 634
24 18 15619 242
9 53 5240 68
60 64 18778 259
22 77 27259 26
97 40 9930 1974
47 4 11797 210
43 78 60049 51
65 84 49226 172
2 28 53608 442
21 96 3004 159
5 55 16358 159
78 82 13097 247
81 57 3067 50
94 3 32602 269
53 32 25942 93
60 95 23721 1627
64 38 16554 150
98 54 40097 225
30 64 49511 706
29 78 25042 62
69 31 41844 367
19 40 19373 82
12 93 29886 107
74 83 7536 111
37 94 56419 473
43 16 51705 155
26 74 120310 110
88 18 48977 342
85 69 36831 79
9 72 5161 369
68 60 160346 1070
6 83 25303 138
47 37 7933 67
77 20 18535 71
75 98 5554 47
77 64 15330 266
30 19 4590 302
38 50 11092 176
18 74 4823 263
32 81 24913 228
77 40 11816 61
23 59 57318 58
66 69 28746 57
73 41 44152 150
10 77 23325 37
98 46 99710 284
5 85 112543 76
52 56 52278 111
47 73 8261 209
18 37 9156 85
20 94 28686 196
42 22 19207 271
44 27 13439 398
80 26 21065 149
82 14 67515 43
29 51 31874 192
41 53 59521 73
78 90 7961 45
95 13 18481 110
100 37 4129 122
94 61 31241 103
40 53 18363 116
26 98 6529 51
60 38 1924 142
29 67 10101 204
10 79 93195 60
35 95 54133 153
46 10 37020 231
7 41 15502 88
32 62 7545 55
100 52 59533 392
55 43 9348 58
69 28 16701 43
12 64 59825 113
76 34 4130 72
58 61 45379 90
38 2 15678 622
37 29 23542 188
54 61 64399 94
72 4 6452 459
20 38 41547 73
85 48 49019 208
27 52 29117 18
65 73 27380 110
26 38 3939 69
65 51 162529 95
56 38 15200 37
96 7 7008 185
79 81 34868 49
23 32 13663 2302
51 34 18488 198
30 45 13507 36
83 33 5931 67
37 22 15349 276
55 38 4727 91
50 5 41541 1055
100 58 10715 106
6 60 20665 345
70 25 33076 87
33 28 77741 393
58 5 9740 10
3 88 7312 138
20 11 46759 150
38 60 17390 158
80 9 77170 14
91 77 4656 36
20 66 31646 239
94 88 18886 73
90 22 31227 429
75 59 22913 81
7 43 104559 76
76 80 10714 87
39 15 5438 195
5 27 70510 98
58 63 13582 264
36 47 6248 76
50 61 22946 223
65 41 3543 203
97 52 43361 31
70 75 71079 105
99 19 26214 117
21 83 28224 405
50 81 33781 347
8 67 37468 96
45 99 103540 61
24 36 51235 69
8 62 36029 286
20 54 84376 77
58 48 78621 104
19 99 11471 63
15 23 30398 32
63 22 2904 264
78 5 10525 138
9 39 46424 109
50 46 21870 408
35 78 7106 405
9 15 3982 106
48 65 7327 241
66 59 10886 82
78 84 59246 41
65 96 12128 1174
96 52 8504 261
98 35 30363 111
87 10 25720 241
32 13 7779 454
56 80 22824 30
34 32 34085 76
91 33 19807 95
28 19 21442 52
2 35 21977 213
73 38 36380 42
11 12 189582 20
39 86 37461 262
40 61 8977 207
97 67 8263 34
16 26 22033 372
35 40 22499 334
52 84 38911 69
4 67 9255 177
35 66 48003 135
21 90 16927 28
36 42 21851 935
46 54 167325 544
3 58 8523 44
67 45 12954 79
22 84 51125 75
6 95 125703 215
92 39 18529 23
57 18 11406 297
62 76 27282 123
86 44 23222 109
4 68 71372 13
7 25 24463 21
73 51 41292 173
50 70 28451 190
57 14 73859 1818
99 8 11544 931
76 17 22837 74
92 18 19631 1535
66 94 6547 153
25 17 140178 1062
19 73 8280 172
74 56 4402 257
7 1 27097 122
90 62 43047 138
9 87 15890 206
64 84 28231 93
88 48 9353 23
2 64 17403 401
23 25 29657 148
25 85 39769 96
50 78 32312 662
98 87 22962 545
11 49 13811 121
78 13 103219 431
11 25 28229 64
27 86 28402 30
74 44 29038 124
54 66 3201 52
15 78 9904 82
11 24 7391 179
42 13 8384 242
97 6 49881 80
16 75 36978 230
79 39 14496 269
36 76 17533 321
100 12 177635 477
69 8 71153 74
24 35 46058 40
5 75 16536 104
39 75 6172 555
9 21 18628 57
59 81 7249 214
67 10 35085 198
69 98 6875 58
93 28 20682 52
61 71 9972 237
91 19 9148 479
34 69 49785 150
87 29 41144 47
1 23 15005 141
36 25 48599 285
93 21 24463 31
50 77 56243 89
10 18 5263 131
9 84 5698 34
14 594
50 27
30 63
52 51
78 76
38 249

7450089
