100 499 3 3
25 40 29851 220
25 46 36867 32
25 29 14015 348
25 13 5755 124
25 83 37633 41
25 56 33343 361
25 76 19324 132
25 35 45108 1500
25 55 6559 277
25 68 32969 165
25 62 10855 19
25 26 558444 20
25 95 1669 61
25 18 1907 32
25 42 45306 69
25 33 9262 872
25 32 3741 105
25 40 37465 81
25 32 28618 396
25 53 5586 182
25 46 140137 471
25 67 11007 133
25 39 55897 421
25 34 16459 381
25 53 11176 162
25 49 44023 336
25 57 9862 110
25 72 17991 122
25 63 87236 163
25 95 20808 109
25 96 5504 255
25 42 28267 42
25 81 16651 133
25 94 31272 246
25 33 60519 88
25 56 31333 65
25 16 5810 402
25 65 5092 72
25 69 5315 213
25 35 4944 218
25 41 5066 32
25 26 2508 164
25 9 18907 170
25 46 8367 470
25 63 95652 122
25 40 8816 678
25 83 45150 54
25 27 13771 168
25 30 22733 283
25 37 11365 164
25 95 49641 607
25 83 113847 7319
25 4 72089 286
25 70 24317 140
25 71 6892 106
25 10 42185 1179
25 97 14609 1749
25 31 13147 212
25 30 9819 95
25 48 5044 102
25 64 34194 29
25 27 45073 111
25 16 9238 253
25 46 52517 15
25 99 33315 716
25 19 23917 418
25 27 13430 165
25 56 18673 286
25 5 33364 48
25 75 17636 145
25 8 149886 104
25 90 86539 106
25 37 6095 285
25 8 5917 418
25 59 311636 174
25 80 29356 252
25 7 13199 176
25 65 8679 52
25 89 79248 73
25 90 319153 370
25 80 45009 1015
25 30 60964 119
25 87 44929 460
25 52 89812 44
25 11 24154 83
25 2 9896 301
25 40 209965 516
25 81 25126 33
25 79 40695 108
25 42 98393 114
25 60 96870 72
25 68 34625 40
25 7 60290 103
25 59 49198 33
25 68 6327 93
25 69 9496 551
25 8 33667 189
25 12 30437 310
25 78 28800 195
3 45 8714 189
34 24 6559 94
90 69 48403 45
78 13 4127 139
25 45 7338 73
81 77 43971 28
78 71 19443 83
46 89 17082 638
35 69 29847 142
76 75 39349 44
35 20 6888 574
92 74 72290 135
83 10 335473 102
43 16 29585 397
57 87 43029 158
32 5 27054 349
79 10 14876 66
36 61 34716 28
86 85 23391 100
29 84 21159 194
15 50 36077 87
11 6 21386 107
18 9 14684 131
73 84 38690 302
72 11 6047 82
51 37 13435 416
36 35 13296 542
33 92 4198 272
31 46 90907 177
32 33 27039 79
45 99 25284 67
94 12 33949 76
37 48 22403 346
96 63 22509 188
58 33 15238 461
8 5 10363 242
70 30 31706 117
8 24 369811 145
29 18 31758 86
56 3 15736 200
15 55 10177 214
9 92 28475 86
71 33 23502 241
10 22 4524 299
7 22 31459 139
23 61 34995 87
45 39 13978 190
66 42 43549 470
17 8 83561 225
49 22 28997 648
56 58 30683 11
77 68 16297 226
74 56 10580 448
22 91 26421 31
50 10 118257 1120
83 32 88374 176
78 75 59948 309
34 63 39824 376
8 34 19474 218
97 86 15643 443
95 7 15070 21
87 97 113070 302
11 12 12424 207
86 26 45748 15
28 33 88341 257
16 5 86966 30
41 60 33617 126
21 97 10440 115
73 22 26707 75
96 50 7120 359
43 17 22304 158
89 96 22904 50
6 19 31639 220
59 64 69126 93
49 36 10972 49
72 9 98889 252
9 30 72421 637
86 8 24216 213
54 74 70563 372
96 39 35134 173
31 54 22569 112
62 32 24393 136
87 62 7572 1174
93 95 47288 119
34 99 4182 209
36 30 4716 186
35 73 10043 283
34 32 27948 237
24 19 7840 257
87 69 34875 274
28 10 30412 33
53 30 43429 467
52 43 20245 44
85 27 10018 213
9 38 31922 118
90 46 32985 183
26 61 58340 187
44 72 32259 88
81 50 6105 71
17 28 4997 39
88 67 17053 24
41 50 56550 29
5 94 7431 120
6 30 12917 70
18 12 47119 647
13 30 96492 274
75 59 82328 270
71 11 42430 331
33 84 25499 889
42 29 28211 195
38 62 65853 212
93 13 13310 93
15 64 219552 25
44 51 21704 531
98 6 30048 244
34 21 13546 71
95 36 13136 88
20 58 4483 749
50 91 6148 94
35 91 67025 50
82 52 9375 163
99 3 158744 301
79 74 61768 276
88 17 5916 108
47 95 3460 26
18 59 89182 146
56 78 51809 86
82 100 56920 36
91 58 63927 71
39 71 29522 143
77 14 26009 783
1 24 6431 631
30 31 29105 144
93 63 5473 23
34 8 4018 1267
96 31 7218 568
67 39 35403 59
92 71 29831 65
10 83 36874 320
87 66 105968 188
55 74 17670 141
94 86 24374 50
92 47 15134 79
25 86 58053 68
60 91 42552 143
66 45 53273 360
24 34 19580 95
99 46 23482 49
3 55 62237 117
84 97 10383 254
55 19 51265 35
32 59 16088 127
60 89 141804 306
5 67 45127 192
34 89 19678 853
71 100 7299 87
79 47 13552 795
14 99 127282 109
18 20 3235 152
49 37 35123 47
33 55 128895 138
12 97 22163 47
28 14 54501 38
66 25 4389 369
64 27 179001 717
40 92 22177 59
56 86 216974 276
65 68 44127 191
89 97 26294 61
9 41 20697 328
3 26 12404 64
23 42 11771 278
3 73 12526 108
96 82 52645 653
66 47 13703 120
16 63 24464 48
79 58 75190 135
16 53 17345 459
52 96 11596 180
97 51 19574 322
31 87 1749 77
54 42 35922 385
62 85 57118 180
20 35 65574 264
69 56 7312 265
100 8 24288 109
53 88 15347 595
85 3 27094 249
50 28 29101 225
30 69 6579 143
9 40 14373 558
12 21 78787 338
56 90 24592 324
38 79 90964 275
56 37 78918 63
32 46 17158 177
3 65 27192 257
34 6 84912 46
92 95 21586 90
87 52 6155 251
36 15 17586 92
35 10 70993 418
95 12 15623 574
61 26 14867 278
85 33 41913 352
28 49 48251 100
88 7 23289 726
60 67 28455 487
2 21 48060 93
19 62 18346 50
72 86 2896 94
99 15 11986 27
19 76 10838 249
2 38 19664 627
9 19 21496 189
61 35 20575 354
9 96 33478 181
58 92 34841 64
7 87 36924 120
1 54 2201 75
69 76 81264 116
75 72 31059 288
63 64 7777 102
36 52 295665 34
86 64 6178 121
71 21 20550 93
39 65 147865 152
92 49 30405 15
39 61 23262 111
27 67 3860 848
77 29 7294 145
15 10 6554 155
15 24 17820 63
73 35 13486 99
47 5 34449 183
50 49 5868 176
30 28 21287 69
29 66 26706 166
72 94 181328 146
92 28 18428 735
71 12 5202 136
16 64 45883 35
86 27 56151 62
99 91 7965 54
26 76 13738 129
83 14 2547 54
90 43 28973 171
23 47 6833 373
66 6 17573 31
12 23 8903 296
74 2 12905 73
1 27 15071 3067
78 56 14251 62
86 40 26471 549
92 62 12153 40
65 40 18472 89
51 69 42879 29
70 24 82910 1241
47 53 3880 657
39 32 16483 65
50 64 35694 161
6 27 22687 399
64 40 8848 375
53 79 287933 14
53 87 42220 41
95 94 44769 68
47 14 3010 39
40 84 18127 298
33 88 84793 40
86 69 8469 180
1 46 4832 1296
23 30 3656 214
87 91 14391 76
27 48 25499 550
43 4 9441 266
34 51 100180 140
28 47 15951 372
93 17 19096 219
2 12 116306 267
20 95 28303 95
60 59 46942 107
71 60 3570 126
49 59 35566 39
54 35 170411 177
84 89 70840 180
71 20 5303 497
40 59 14377 59
13 34 14687 47
61 31 16145 103
37 23 48307 156
31 44 11094 195
15 6 41697 151
90 16 65362 291
22 32 59750 238
66 2 37791 120
5 79 19656 25
87 58 84285 31
75 22 49731 86
49 9 5786 188
28 8 11616 445
76 33 9216 130
24 56 34675 296
31 99 10753 273
94 40 17236 121
20 52 9873 181
37 45 11516 170
89 55 30355 46
26 79 15277 574
50 76 7118 49
82 53 7608 71
55 59 16816 89
9 99 17769 126
51 9 14765 422
86 99 176246 556
45 56 54248 659
31 51 16875 867
49 51 46274 212
20 2 20152 431
44 74 44644 129
82 80 9563 646
92 39 10659 52
75 61 21082 32
25 3 1767 43
28 95 66325 129
17 95 3865 63
93 75 18481 113
84 68 37065 352
18 75 5721 73
1 22 14336 54
66 59 18069 158
70 9 44180 269
35 80 14487 127
62 37 7762 467
41 79 65992 131
68 4 73073 84
28 55 5702 154
80 70 2919 1108
87 47 42679 172
46 4 37745 804
11 69 28606 75
51 26 50231 198
78 68 52712 14
52 13 35551 748
77 82 12203 51
89 98 4626 58
44 96 113437 29
88 18 1188 70
84 58 42610 135
64 56 6765 334
79 57 72186 588
20 63 1806 449
32 57 17703 111
53 60 26752 875
98 10 36354 185
67 57 97564 252
96 91 15416 15
15 30 10884 171
6 56 43268 73
64 61 11605 161
74 77 49781 117
8 29 22665 77
45 6 24878 395
11 79 37571 750
15 80 25020 147
58 53 294790 384
46 1 5793 107
23 22 11788 435
31 64 18866 188
89 38 35322 270
44 19 73172 1041
93 74 9604 600
59 61 10843 169
76 49 15024 363
42 1 75336 139
8 9 191261 352
18 25 21144 1224
75 64 9307 54
71 83 67524 189
15 38 17637 87
96 1 35546 192
92 58 21469 128
99 94 38034 266
19 17 68258 3431
3 44 5176 152
77 85 43785 385
66 60 22115 394
70 3 7585 77
88 60 28206 223
95 57 61978 155
20 82 8490 23
33 68 53619 135
57 7 14328 162
58 71 7384 17
18 52 44995 60
7 45 12208 665
67 83 15489 30
29 82 23429 242
51 2 30225 894
85 12 14657 196
73 36 46566 14
25 1530
92 171
34 63
30 649
59 1684
56 127

87498262
