100 499 3 3
38 49 43800 157
38 69 12276 159
38 68 8726 77
38 72 8676 1149
38 71 49547 146
38 34 9458 355
38 78 13940 194
38 54 4881 224
38 33 37875 64
38 57 44583 107
38 55 48831 264
38 47 11057 338
38 91 15707 279
38 32 12467 99
38 23 101778 182
38 56 13777 26
38 81 31172 74
38 30 221372 157
38 45 47470 214
38 53 31060 740
38 6 9443 179
38 41 19256 157
38 12 22429 64
38 95 13616 144
38 70 7801 80
38 76 65829 60
38 79 13236 147
38 80 33577 1033
38 52 124427 418
38 94 5745 586
38 98 11187 55
38 73 8211 446
38 5 15406 311
38 86 10723 90
38 75 15381 134
38 97 26112 117
38 74 13796 38
38 59 116596 486
38 39 25740 697
38 50 39416 25
38 11 16661 629
38 46 242073 75
38 66 91662 17
38 3 22629 181
38 100 92208 60
38 84 45160 265
38 96 11891 28
38 62 64902 322
38 40 68293 61
38 82 39094 163
38 65 14068 634
38 27 103191 437
38 25 13774 114
38 36 45967 72
38 89 25174 130
38 37 3544 69
38 18 37878 89
38 22 22243 62
38 15 27935 99
38 16 12856 286
38 24 38395 111
38 4 74030 163
38 87 57220 26
38 42 16092 52
38 19 16724 385
38 17 5256 48
38 8 16736 375
38 14 27134 161
38 99 4630 329
38 93 45636 18
38 92 114983 408
38 26 17189 253
38 51 50556 158
38 7 8936 377
38 2 85843 61
38 58 8867 112
38 29 43320 549
38 10 13208 296
38 83 7372 173
38 43 14439 29
38 1 23873 188
38 60 44611 46
38 64 37079 69
38 28 24329 113
38 90 86637 114
38 48 5476 683
38 20 8255 135
38 67 21254 591
38 88 38860 622
38 44 55369 544
38 21 9199 125
38 31 139572 29
38 13 26616 308
38 85 22315 299
38 61 44234 121
38 77 24441 98
38 9 48232 437
38 63 9017 606
38 35 12055 361
56 45 43215 94
2 70 7972 76
13 59 31763 144
68 77 37656 64
8 11 32932 79
18 65 35401 2078
48 30 17386 79
41 100 59668 289
30 11 13831 24
73 65 38011 677
66 51 4397 113
46 84 59444 187
26 66 13980 54
47 71 11585 422
88 41 21087 52
2 64 9334 218
51 86 8434 80
18 54 43924 256
84 18 1199 61
21 94 32081 243
40 60 2054 54
92 99 18619 529
81 86 2974 33
21 32 27183 42
55 69 38245 42
22 21 5039 221
9 55 50390 606
31 33 18808 769
68 50 12472 52
68 64 48692 211
52 23 26035 173
61 41 18584 41
29 72 25334 36
15 26 7496 61
39 95 15178 86
31 49 33832 1017
86 15 35701 28
82 74 14347 47
96 48 23821 146
74 54 30261 318
25 99 124535 471
4 70 8704 252
99 25 34561 588
47 42 6125 35
80 84 62930 120
65 95 6513 49
14 65 18795 50
71 81 9751 21
51 31 17484 141
21 48 19019 101
24 16 27692 470
24 10 22215 245
69 5 23312 177
86 79 17407 96
92 34 21718 75
82 69 5863 31
73 40 31084 162
81 33 13209 225
5 36 23523 565
74 24 33628 84
10 3 89043 484
36 13 27341 93
44 32 7781 396
40 36 74043 378
67 91 14512 516
57 69 7366 133
76 88 58303 73
49 17 20826 157
75 74 35888 195
69 96 14148 136
61 12 17433 578
51 93 8513 88
68 51 33008 52
95 38 301824 150
24 65 36901 131
75 45 41387 288
33 41 9122 580
32 95 30130 170
5 14 17707 239
5 90 23598 124
41 22 17215 53
43 38 29809 308
80 70 33376 792
77 91 24185 39
9 45 10655 141
70 96 34826 49
21 56 11407 246
12 70 3222 141
15 65 59316 100
76 46 36755 262
80 62 31541 63
49 48 26334 42
35 18 30813 126
34 76 5446 916
86 12 66491 302
86 45 23162 34
11 70 10661 1041
57 59 40663 443
6 75 85395 243
54 44 7162 110
54 100 109041 778
64 100 15277 98
50 22 23250 48
44 35 52396 81
35 17 15223 322
63 56 16355 95
33 65 15976 272
63 48 18513 154
21 64 295284 51
79 82 314178 67
37 98 14273 96
11 78 114544 24
1 19 17200 384
42 32 13957 250
25 88 22331 112
44 75 40027 37
98 36 24428 81
75 43 57609 215
70 63 2045 65
27 2 45419 120
39 24 252539 307
91 76 3889 153
75 88 10693 309
28 54 64374 185
60 61 53709 18
30 77 43629 467
80 83 23361 700
96 26 31195 144
9 21 36930 159
95 58 18853 106
60 94 8812 103
66 74 6640 217
8 23 10808 528
65 33 72965 105
41 78 28413 59
43 66 24264 26
46 65 8615 130
82 49 324641 270
72 41 20575 50
55 30 26941 559
47 74 98042 22
96 24 30809 648
86 56 1887 74
14 52 24617 507
63 100 37776 604
69 12 35712 61
21 5 18183 70
8 17 22052 108
77 11 8477 20
14 25 12826 144
75 50 51343 485
98 14 12698 12
4 18 9552 129
74 40 16278 280
66 50 11140 125
1 30 24998 278
80 49 20179 140
85 92 25529 122
80 57 56625 191
61 17 20310 548
61 62 11179 89
65 18 11429 270
32 4 15561 169
2 57 8683 34
24 5 92255 34
37 95 7195 779
21 62 10713 265
95 90 28784 382
35 81 15650 199
54 93 20776 369
84 51 44373 462
18 46 28850 92
51 54 45886 210
80 71 46658 242
13 65 28871 70
88 65 18286 1946
15 100 26393 701
50 33 29776 261
77 26 44196 46
66 15 5192 124
50 66 13022 79
75 100 16150 168
99 44 66067 706
6 17 11543 124
44 88 46049 59
10 27 103284 310
73 49 44762 96
21 6 9025 20
49 75 150825 158
88 20 6141 591
46 67 62951 169
23 37 42822 79
87 45 15637 552
85 52 26203 218
25 61 33313 10
27 84 36589 33
92 35 43969 44
95 44 198589 60
87 100 7598 103
73 76 24635 100
90 18 7613 482
49 51 36406 103
11 71 76641 146
84 5 9806 47
33 59 5391 31
91 17 48084 20
51 90 15126 287
92 78 21245 35
63 59 15611 32
28 97 50304 118
34 73 46277 353
98 100 20335 43
90 100 11486 322
14 27 27510 33
65 69 72240 81
5 38 8934 107
14 88 42073 181
77 100 157313 156
81 100 19217 114
35 62 4098 45
92 80 15822 89
26 82 42718 24
14 16 22796 36
27 67 27052 137
84 40 6417 85
31 15 5861 502
62 76 37389 280
62 61 3993 82
13 60 59657 321
37 99 9788 112
85 69 9882 150
73 18 9572 211
16 11 29245 61
22 31 21484 36
10 6 219508 63
9 75 25275 164
44 53 4435 65
33 24 60115 43
1 73 32187 191
63 68 5377 28
54 97 13160 93
81 40 14053 107
40 46 20501 120
8 5 67206 20
34 93 28610 114
30 54 4034 73
23 99 38810 91
19 26 68045 286
56 95 20371 201
33 46 7759 388
9 56 14317 50
71 67 14405 151
39 55 50598 321
52 55 31913 869
44 54 386863 339
86 31 64836 435
94 81 32978 1039
90 4 35377 50
97 43 19951 32
64 43 7121 43
77 99 42526 386
55 29 12855 80
43 61 23362 20
47 41 15145 544
75 29 115361 1065
49 98 28148 302
23 26 42105 84
22 15 7127 47
96 10 171840 166
23 15 16647 1281
35 91 41783 53
55 38 119090 178
97 16 5195 1616
3 55 21192 53
90 56 81211 134
72 43 55493 131
29 55 51225 272
75 63 20313 1275
98 18 96765 144
30 5 2133 99
79 19 34832 123
75 48 27374 193
100 81 13485 130
61 39 45782 435
19 67 8846 520
31 48 8223 141
95 86 12883 100
66 82 26740 1506
88 32 22474 236
32 25 15795 391
57 19 89655 241
95 46 60842 156
69 100 8335 253
86 84 82503 33
24 85 16747 232
48 19 27870 382
59 66 4634 546
19 45 15593 102
82 61 81333 437
32 47 11730 85
20 42 24635 553
87 14 18096 153
51 38 7137 168
81 76 36183 67
52 15 33350 67
10 87 236643 34
26 29 9774 368
26 52 30963 164
48 40 10553 25
50 17 107846 72
24 95 44601 754
37 67 18613 3016
16 67 1446 169
33 6 18857 345
28 18 12203 91
48 59 4497 449
2 3 17529 116
69 36 6389 324
43 63 22229 41
74 12 19094 442
88 81 22947 42
99 84 23921 125
5 12 63120 184
27 99 25174 82
66 23 4752 118
15 19 19064 141
44 14 57926 35
54 52 9179 100
72 15 12331 314
31 20 29789 278
88 29 25042 12
6 22 19381 62
36 4 15812 101
35 47 6569 290
15 67 299965 417
42 69 8006 155
67 24 11695 110
85 26 61255 118
26 100 96993 355
89 25 33465 290
18 48 41569 75
14 26 99455 163
17 56 1975 157
64 51 2953 166
13 66 11137 311
51 58 51557 159
59 36 5253 148
69 48 44665 193
35 2 57566 120
58 62 82826 931
50 99 16335 29
29 26 9128 228
50 63 115657 200
65 96 16471 142
78 44 55311 34
76 5 18543 464
13 22 22276 214
35 54 24010 241
91 88 5471 279
35 94 25830 63
41 79 4938 118
47 81 24987 141
93 77 5974 301
40 8 8838 185
18 97 2213 72
47 45 4387 158
76 97 4659 78
79 31 3692 349
2 49 73814 280
89 38 101317 555
21 66 13605 846
11 40 48887 26
34 21 49696 39
74 59 100868 208
59 71 12511 776
54 14 20121 504
58 11 8796 72
42 22 18754 81
2 40 78894 334
92 30 11464 112
43 15 12264 217
34 62 33547 230
99 16 38194 613
58 27 43902 56
12 88 56501 306
62 93 10143 30
76 7 5542 317
15 88 13797 48
96 98 20004 23
65 70 21257 394
1 39 10564 617
17 76 68032 134
48 53 31345 36
93 10 4898 54
7 38 19151 526
76 89 75986 100
58 72 3276 60
59 55 29902 92
16 88 7201 159
17 92 20898 97
38 1287
75 36
35 90
100 500
88 268
65 67

20018130
