100 499 3 3
84 61 3517 58
84 8 154463 56
84 18 15457 11
84 9 11471 238
84 20 50245 203
84 7 81202 539
84 46 26669 118
84 2 58339 76
84 41 114608 151
84 97 43158 82
84 86 12257 54
84 44 3056 76
84 48 63663 331
84 23 39213 218
84 92 6355 322
84 94 22799 174
84 66 5885 95
84 47 21230 78
84 25 42838 122
84 54 188874 37
84 31 119510 72
84 21 6485 247
84 78 16791 90
84 30 125918 90
84 9 9790 30
84 14 49098 143
84 98 11278 46
84 61 75212 110
84 59 24395 41
84 73 28769 348
84 52 23989 149
84 78 11112 623
84 93 2788 290
84 10 17191 247
84 62 140213 283
84 91 98585 164
84 10 27145 197
84 15 7033 300
84 24 7582 130
84 30 44358 94
84 96 14014 58
84 15 7510 586
84 16 78692 537
84 91 12729 92
84 99 35699 421
84 90 9040 668
84 53 63151 236
84 81 63933 48
84 65 23548 100
84 26 13777 254
84 32 2892 143
84 41 121709 77
84 57 23582 26
84 62 13375 31
84 13 37449 23
84 33 37990 22
84 66 11804 32
84 77 7997 499
84 59 68369 93
84 79 148974 147
84 88 18012 31
84 13 14356 40
84 74 79481 100
84 45 96001 47
84 33 17945 248
84 93 24641 1378
84 74 18074 1194
84 18 32661 129
84 83 75269 101
84 45 17818 26
84 89 15736 555
84 11 29092 190
84 74 26940 345
84 80 8566 121
84 58 29754 21
84 11 27693 223
84 82 4250 131
84 31 66727 560
84 8 5237 139
84 71 17249 235
84 6 24533 387
84 49 12349 126
84 97 33056 107
84 34 605009 415
84 31 8700 31
84 74 13213 34
84 58 409478 52
84 38 43544 178
84 43 10081 18
84 86 8331 156
84 74 14201 39
84 67 7258 66
84 71 8957 754
84 18 30226 164
84 47 7682 54
84 6 14510 264
84 89 69076 658
84 99 76320 288
84 41 58675 107
74 99 50184 55
83 72 90949 72
58 67 27754 75
48 76 10178 240
56 22 5541 353
5 100 19709 169
61 59 13487 31
37 70 122247 44
35 10 19485 605
2 74 5590 192
65 94 6117 159
56 83 167282 78
93 81 14572 107
77 13 16582 65
19 49 16506 295
71 13 149050 45
23 88 21216 109
9 3 28303 116
8 62 9547 59
50 75 106627 69
96 64 7681 115
90 88 94996 293
58 83 20719 58
8 84 10468 771
45 71 114413 82
68 8 47196 92
81 74 99995 794
73 31 20598 34
31 84 10920 1320
61 56 80403 90
1 97 7737 101
57 14 9443 539
38 88 40862 52
22 86 16290 74
52 4 14961 884
32 85 22758 1910
39 44 8165 176
14 94 46927 526
52 53 48527 213
75 81 8902 168
41 7 45711 300
36 24 12124 267
93 2 21687 57
11 65 35352 267
8 71 31827 342
60 32 15676 1299
65 22 14310 33
56 11 21828 140
19 43 122892 253
56 71 20913 37
85 78 28388 149
94 4 19294 69
18 98 14758 71
97 100 10643 233
12 48 12722 105
100 54 7462 249
17 93 76398 146
78 52 17022 177
99 18 11076 235
47 87 9450 293
65 51 21178 120
51 88 68310 819
44 98 24365 161
27 47 13011 50
27 65 11918 1889
42 60 8526 140
65 70 13264 353
62 63 10036 86
17 47 40994 169
74 30 250091 333
3 97 30694 50
37 80 18245 122
96 19 13853 77
52 10 45859 61
57 77 24663 93
43 11 264830 72
21 64 23663 531
75 59 25155 166
100 63 12135 91
28 18 21620 87
35 30 16791 183
40 48 5682 66
10 68 24622 111
16 22 30417 193
2 30 64747 204
88 33 66582 262
40 58 20222 55
87 8 6876 42
52 38 60143 97
94 56 7422 172
39 61 29198 81
54 33 15762 183
49 4 14144 165
19 15 17844 328
75 99 168144 97
33 44 37385 350
87 9 52981 188
74 98 69876 107
43 3 36648 94
18 99 89425 20
14 1 15862 54
35 92 12039 89
47 98 7730 53
85 39 16285 2160
55 57 167049 121
86 55 185559 643
30 85 19076 39
79 39 54446 112
13 92 29895 112
60 89 16258 91
93 88 108879 86
16 95 2591 154
74 94 194775 116
32 2 105814 269
49 77 123956 1100
90 58 6979 74
100 19 10464 88
76 4 19701 216
83 29 13514 361
11 48 4372 80
23 20 12759 49
94 70 18954 654
37 6 6765 738
5 2 10000 263
69 70 9026 309
6 83 99228 472
59 17 11258 80
73 95 20476 291
93 65 2777 118
61 85 13873 397
82 27 3047 330
21 46 21496 18
85 72 8021 1100
33 67 11349 157
17 42 47966 89
55 51 32043 292
46 13 32849 111
32 51 85203 158
94 73 7002 56
90 31 12449 176
39 32 13865 73
58 92 95052 323
46 6 20026 10
33 35 71236 268
54 52 5573 1549
23 97 20944 307
82 81 7829 571
4 63 17703 292
23 61 19231 145
41 10 39597 264
43 39 24769 333
80 35 22032 16
85 42 36748 347
3 73 11868 49
53 17 8655 359
2 51 31735 75
97 10 6419 99
51 7 52664 22
97 2 5393 36
86 21 7317 117
58 29 23483 411
31 4 20297 324
31 64 19486 2492
8 3 5959 353
77 50 26724 149
22 50 17247 177
62 96 9204 125
65 58 6289 88
7 97 76065 106
49 55 57454 45
2 75 85937 25
26 62 37952 116
4 14 31671 150
66 25 23511 492
29 72 5312 136
77 60 3402 195
50 11 108378 100
42 74 11568 84
23 79 6950 496
99 94 104592 109
18 53 10499 500
49 1 32030 37
14 93 11683 340
62 85 3447 19
11 2 7779 82
1 95 26824 209
40 42 76743 371
32 82 10394 288
89 8 18694 61
8 43 72457 233
75 34 3468 251
47 39 10163 39
25 66 30261 224
33 29 34317 617
22 40 19864 140
40 14 38525 29
27 56 90464 136
14 19 3305 222
62 71 17892 44
33 98 7754 79
1 69 31810 107
98 84 80420 91
16 29 14031 270
92 51 35018 57
97 60 25679 909
10 42 48730 323
32 56 6651 66
33 24 4513 166
75 51 2459 45
98 58 4162 173
48 73 28173 363
16 41 16706 78
7 73 30338 963
21 36 5101 76
98 27 10171 135
91 100 97539 327
81 58 37974 146
66 1 9419 10
51 28 21579 137
61 32 14870 21
9 14 9474 46
32 38 34269 237
55 23 15130 89
24 78 50443 58
70 1 31090 1162
76 27 5276 61
12 27 12670 27
47 11 31995 125
7 98 13540 59
53 3 36201 91
24 28 44644 86
73 5 15466 56
99 9 15016 190
57 64 6270 400
66 31 3359 109
78 30 5496 69
71 1 5873 23
80 60 45467 122
21 71 75539 43
28 61 27261 91
58 15 41239 39
20 40 147101 413
46 60 24595 215
30 65 36540 93
52 7 2820 286
82 78 61223 132
25 47 48610 45
41 9 6990 508
52 59 20039 185
72 12 140571 153
37 85 23248 109
43 93 3740 395
18 47 48872 53
45 59 27289 149
11 24 168433 32
83 58 25380 37
56 18 66881 956
97 67 15327 85
71 70 48309 235
37 40 29562 103
93 11 19230 258
77 45 84869 203
78 62 24453 166
36 77 40086 80
11 71 7108 206
46 22 30602 25
10 60 24857 289
94 47 2180 125
80 37 10819 168
51 33 20720 84
15 71 12254 144
46 15 75653 337
78 20 76425 296
83 78 6079 881
68 15 21941 29
67 22 8711 15
13 47 14360 143
87 28 3709 82
30 23 20170 59
66 81 17906 132
51 45 49617 131
1 51 2789 152
79 92 31481 147
100 56 42697 400
27 55 4473 126
50 79 25702 149
73 88 10189 283
47 58 28994 265
84 17 17489 165
20 48 9360 97
30 37 34837 146
50 100 4003 201
9 80 48298 414
17 40 9274 72
71 61 41352 40
75 14 14389 100
4 74 100660 30
12 53 15632 59
54 84 310769 256
63 43 18078 231
33 61 44487 182
75 9 54115 91
24 100 6561 51
24 64 197250 138
79 83 3715 297
89 93 8746 104
79 78 12304 314
61 81 15053 297
66 34 16510 186
52 50 16772 219
54 99 34849 594
62 14 30315 216
12 89 14409 22
100 27 23460 775
61 78 116831 163
12 58 279635 170
74 66 38397 72
87 50 6329 263
83 48 11473 126
15 65 7041 41
47 36 40040 229
68 16 14141 74
30 91 33373 248
72 13 15875 164
86 3 16532 102
81 14 13495 48
99 86 19637 494
25 96 9554 139
33 14 14071 74
41 98 30329 255
80 50 27621 91
65 16 5750 57
71 54 3786 288
60 96 12598 50
81 68 7672 12
8 93 9469 133
20 61 47045 515
71 82 33425 438
36 25 34505 311
92 46 74259 351
62 40 31242 309
61 4 23199 234
71 90 20374 703
90 33 2012 128
92 43 32677 369
9 55 29547 628
67 69 49902 21
1 27 22617 138
48 46 117367 799
44 45 35308 705
16 4 11372 138
45 36 7717 213
59 74 78660 675
73 33 28629 65
40 43 29900 259
16 75 11525 101
43 76 23015 109
28 73 62181 1077
78 86 21258 75
92 1 109392 107
17 59 29193 94
82 34 185990 253
10 32 24134 47
76 60 69107 57
41 20 2587 83
68 84 127186 54
78 93 31123 6
66 4 136179 27
22 16 36699 206
25 62 87338 357
41 78 12637 181
82 69 84180 128
47 22 1903 52
58 1 5747 598
68 83 23499 45
95 14 24464 2551
28 10 16680 83
74 76 27028 85
76 54 104888 437
25 98 32721 34
100 39 7278 48
39 1 48130 175
65 49 12574 344
77 22 6614 28
96 74 11765 354
71 66 6458 317
90 84 30980 204
33 95 14820 66
68 85 15392 212
14 48 31170 529
85 49 29218 79
14 44 2182 57
89 88 3965 133
63 8 7863 152
59 77 29032 196
28 4 1255 95
64 50 41358 269
23 37 12507 165
63 98 4486 162
16 70 66722 112
84 400
33 126
71 120
74 427
98 188
58 117

11438216
