100 499 3 3
54 39 10382 168
54 4 8920 109
54 69 45665 346
54 63 15135 137
54 50 101812 185
54 62 46988 163
54 96 74125 642
54 30 13141 24
54 37 32884 82
54 71 30576 122
54 10 19092 669
54 76 28008 94
54 80 11860 200
54 64 4995 566
54 5 10861 350
54 34 50084 2009
54 57 14479 141
54 99 17034 609
54 70 100793 142
54 12 34979 633
54 50 66239 343
54 56 18786 90
54 38 17785 691
54 23 3713 155
54 16 32830 60
54 69 2312 144
54 7 15884 100
54 58 24202 188
54 99 13174 549
54 91 28380 183
54 81 85488 764
54 89 4360 45
54 58 20539 42
54 65 5803 16
54 40 7311 109
54 68 18624 188
54 81 91057 2755
54 46 2310 555
54 74 5690 73
54 68 49610 110
54 12 36898 300
54 69 4310 741
54 7 40589 571
54 98 15937 192
54 74 29590 441
54 11 52299 359
54 64 6425 158
54 44 19593 557
54 37 20465 443
54 8 30886 173
54 57 8978 84
54 40 81181 390
54 58 37587 209
54 6 17026 424
54 79 13319 28
54 85 6848 90
54 61 74213 31
54 71 40893 416
54 5 47620 100
54 1 15744 256
54 62 60446 217
54 44 1318 86
54 81 64239 189
54 11 39606 87
54 30 36511 31
54 92 16759 53
54 80 69163 191
54 51 157763 270
54 85 43460 275
54 19 28516 152
54 31 63844 64
54 28 15058 69
54 84 61319 277
54 38 7694 457
54 13 15734 24
54 2 19512 101
54 56 29050 577
54 33 2352 64
54 89 16641 121
54 90 8947 362
54 95 33415 28
54 55 13414 59
54 71 34878 39
54 80 59709 155
54 87 8624 131
54 46 45000 127
54 2 7741 29
54 37 247509 332
54 29 30207 114
54 17 17292 58
54 13 14534 250
54 38 9488 121
54 48 135314 317
54 43 23367 110
54 80 16048 326
54 96 10893 21
54 72 8878 89
54 84 28760 160
54 12 54348 642
80 23 1016 680
65 84 13868 109
82 79 43608 495
72 71 22282 239
77 38 12929 49
55 23 13159 252
4 77 43055 70
68 47 7649 338
24 99 50092 434
64 33 7750 507
9 24 42037 414
84 56 48952 106
11 81 6735 961
37 10 33602 341
67 99 35623 530
100 63 68985 170
13 89 17224 141
42 45 11080 236
50 5 88536 63
7 74 41315 148
52 73 7222 97
10 28 15061 183
48 10 21827 128
27 59 6286 62
2 44 11519 159
3 8 14012 59
84 65 93362 146
8 68 19151 327
62 18 26827 100
10 45 37276 419
13 7 67351 205
37 75 20652 223
5 75 10990 133
47 50 39833 50
96 35 33605 182
97 87 5274 119
72 41 24502 124
17 16 11442 69
97 66 25121 454
50 61 26773 86
52 41 97646 274
74 16 26187 132
51 36 299829 163
55 87 4343 106
29 96 4622 155
20 67 38213 111
10 76 5910 265
14 42 61737 4
13 62 54794 778
36 2 22217 585
8 76 27139 86
49 26 29654 249
24 88 28782 183
70 87 10275 63
95 96 81969 119
32 17 208001 75
53 34 140154 343
9 63 13308 38
42 40 18357 138
95 41 29433 65
86 10 14148 266
31 96 59601 276
56 62 26920 117
72 13 47383 90
95 13 65169 246
6 84 215638 41
9 2 25716 591
83 66 11170 21
87 75 7042 44
65 30 10897 147
50 64 69622 160
44 86 9312 286
2 48 11545 1494
46 81 42378 94
88 14 28701 87
99 59 20933 189
67 48 15360 2209
24 16 36217 270
2 34 10160 51
8 20 57456 82
64 47 12792 187
1 79 40725 127
49 33 20353 146
87 1 12764 153
82 76 22573 202
64 63 16002 55
92 32 68950 681
90 79 3124 41
2 42 30662 34
55 59 13036 189
49 95 18284 468
25 96 17295 58
8 72 64484 708
55 15 34580 209
63 39 27053 81
93 52 12086 364
59 38 11773 164
83 63 3538 295
84 45 153254 97
68 11 12092 242
47 15 24633 14
91 88 63709 154
23 4 26614 112
34 55 9650 261
88 24 7629 50
22 90 43130 121
55 58 53380 70
35 67 64304 41
23 62 22773 712
63 96 27593 49
26 31 97694 146
93 74 37742 975
37 46 52891 118
30 39 7968 272
59 46 8938 491
87 84 6975 59
43 34 4565 216
78 67 26784 163
28 60 37983 872
100 52 20855 82
48 4 6315 95
25 58 22638 48
6 24 24289 63
98 78 3277 183
74 23 26350 77
97 73 23189 125
100 30 80988 52
49 86 6268 21
78 41 19258 131
84 14 19317 156
82 29 22688 221
72 48 6934 234
3 79 31285 2722
75 77 14785 906
65 12 48917 37
53 73 44485 781
35 33 30418 177
12 29 5141 368
56 30 10227 107
26 38 50875 98
75 54 12762 221
81 77 37212 665
47 12 5321 166
52 56 32068 278
38 50 36085 259
13 25 50539 102
51 83 14772 466
40 17 44863 61
25 17 60253 103
89 3 8789 24
86 32 49485 153
86 15 26690 91
95 25 126532 248
70 9 21084 149
70 53 1613 78
82 67 19634 335
29 51 26127 179
5 72 20961 84
84 85 139648 111
19 43 96436 54
68 82 25083 428
5 67 57888 47
26 22 12029 325
14 80 18325 332
36 53 7505 141
3 51 42868 123
56 19 20311 191
60 93 26340 167
62 37 9460 52
39 30 39787 393
81 46 14835 163
97 39 3006 131
60 48 9599 37
58 32 46941 704
13 98 2691 614
1 50 19259 98
68 4 68239 381
62 57 369570 161
71 57 31842 110
80 38 12165 40
99 18 32645 349
45 99 21011 1200
95 29 16079 162
90 3 5711 147
67 97 8782 522
12 64 15849 93
38 56 20360 385
78 54 16234 454
98 82 39928 81
12 1 13436 35
12 13 24015 191
95 68 39338 265
56 85 25198 890
21 58 32734 252
77 39 14501 61
52 3 148744 91
15 32 16743 129
13 92 44999 125
17 45 8795 435
25 57 18237 985
13 73 14917 54
60 31 68105 84
37 91 7845 103
11 37 9859 408
96 9 17640 204
22 26 105318 2296
77 95 7767 43
27 52 58713 134
46 62 27155 1398
9 91 93693 55
98 67 5043 50
87 90 10381 279
25 53 19223 55
68 56 39554 67
48 56 47876 150
66 92 22484 427
3 28 5429 228
33 24 3195 232
1 11 78631 291
11 90 25933 277
23 8 103244 166
26 34 39802 341
21 98 14354 54
19 38 5300 110
31 32 12946 15
8 43 5822 135
94 74 49452 75
70 54 5783 47
17 72 76502 73
58 41 82664 144
79 33 70031 173
37 77 23528 83
2 49 28603 416
43 73 7756 70
38 89 13371 111
6 78 79239 119
14 69 14822 40
25 54 10624 93
94 2 4128 32
50 85 46983 214
45 50 53834 88
85 17 178543 159
63 54 5389 45
5 93 19482 171
65 41 21457 96
37 69 7496 296
28 61 18811 111
61 81 3400 36
18 74 36659 80
62 17 22590 35
29 15 258432 160
95 39 20699 278
17 82 13237 359
95 97 12730 346
53 48 7760 146
39 75 47829 99
44 19 25768 48
40 71 31607 42
24 19 14994 100
96 13 9153 2108
79 53 6028 29
63 40 15265 94
30 84 46409 69
12 63 12401 2181
15 59 7900 299
38 36 15090 173
85 52 29216 257
84 81 16539 92
31 13 9567 140
1 9 30523 147
11 66 30859 1051
27 16 5763 77
65 34 8001 193
17 4 27713 1175
98 57 33371 932
53 31 37132 353
29 3 23979 23
41 99 13706 420
50 22 21560 390
64 6 4526 899
72 61 10031 155
10 80 105090 27
98 74 49712 144
57 21 13937 7
12 37 10670 107
47 68 111457 82
99 4 28552 138
33 62 11725 125
49 20 111277 250
78 57 12210 85
95 50 26227 68
14 82 24690 342
77 59 10806 60
83 25 30112 135
81 80 20140 209
3 98 24602 417
15 86 42539 18
19 94 6323 14
17 24 9446 366
63 21 75046 38
71 70 35397 200
78 94 17376 128
41 56 42835 97
4 37 11253 25
26 13 17228 224
21 79 19810 293
29 54 19727 53
50 53 27088 152
6 70 31232 82
7 45 52430 165
86 6 15549 279
59 100 32918 236
62 54 11258 37
43 69 12479 994
15 37 90036 104
67 80 6983 176
94 11 27522 158
77 80 17441 158
2 70 6040 142
65 4 49072 68
22 56 14985 88
39 50 53341 481
11 8 38101 43
84 88 21665 41
34 69 5348 49
71 6 90798 177
2 45 26067 457
74 66 65285 102
59 58 16332 617
15 51 48362 130
25 24 8395 243
44 3 137759 73
15 57 20475 753
17 36 59551 276
13 95 14421 494
62 81 29648 168
64 11 10165 295
17 96 50876 112
29 34 116577 72
14 1 14573 33
75 42 8347 364
19 11 76818 244
18 34 297240 347
23 10 140281 475
73 51 18703 290
55 22 14518 231
87 49 96750 162
77 81 19950 332
22 75 6969 245
84 66 84250 88
62 23 14665 74
52 64 10909 748
83 62 3984 194
54 59 17321 97
85 93 16428 34
88 99 19411 451
17 90 70335 147
38 96 50994 113
95 22 27286 404
18 10 17042 190
18 91 36549 3728
35 41 13068 129
4 32 19819 167
7 12 15671 183
43 33 20201 842
76 34 6011 296
28 43 58550 253
30 18 24407 132
31 2 3944 717
16 20 7320 431
34 43 5868 91
30 64 25889 125
83 43 13544 113
56 58 25192 319
74 30 12243 280
94 39 15076 177
90 12 42431 18
10 92 33791 50
49 61 10934 34
46 44 43095 660
22 57 16604 30
58 52 4484 272
33 85 46302 74
63 36 48590 403
87 19 26598 168
96 74 31851 72
72 18 12122 209
43 45 50076 41
37 65 18031 203
95 17 28639 472
89 46 9902 861
61 90 117035 79
29 75 23108 34
93 32 70287 137
95 66 27685 415
77 58 17598 146
10 77 3835 375
10 18 47760 247
65 90 65487 181
50 37 122703 375
54 900
95 108
17 99
96 324
81 396
80 387

25888321
