100 499 3 3
43 51 39361 48
43 47 20054 194
43 52 58558 14
43 9 167590 480
43 88 12517 82
43 86 31913 80
43 75 78062 279
43 81 27784 199
43 57 24009 913
43 70 5500 82
43 99 43940 24
43 72 85764 227
43 45 6865 94
43 37 43564 167
43 8 12561 282
43 88 36206 103
43 83 21734 442
43 94 71509 186
43 14 24617 313
43 63 29309 283
43 6 66195 51
43 12 16373 667
43 79 107831 32
43 79 11635 149
43 63 11573 55
43 88 27698 45
43 1 8037 62
43 13 16770 188
43 75 9581 151
43 46 49628 299
43 53 6718 80
43 19 247864 121
43 14 13150 98
43 75 8425 33
43 36 47737 288
43 2 11990 136
43 83 52450 378
43 99 59085 9
43 20 21341 55
43 71 15904 160
43 31 46523 95
43 53 4339 124
43 65 9303 327
43 22 27835 140
43 95 4488 66
43 62 30403 212
43 72 15724 22
43 13 11724 161
43 87 78221 19
43 21 62633 1302
43 84 28593 91
43 56 18381 182
43 28 20979 190
43 95 13974 426
43 16 34794 166
43 14 6906 219
43 80 11067 389
43 15 11684 336
43 92 111022 1204
43 60 127615 229
43 12 11100 126
43 22 81175 640
43 44 16137 160
43 70 76591 118
43 20 50949 118
43 90 16926 203
43 86 79930 340
43 58 25403 107
43 47 9055 150
43 88 9278 39
43 24 9464 122
43 66 50854 54
43 22 34873 62
43 92 23690 715
43 76 459998 94
43 5 37569 18
43 31 15053 306
43 15 117944 246
43 70 8127 101
43 25 12443 748
43 89 3254 544
43 83 38756 111
43 73 58070 341
43 75 106525 359
43 67 3336 78
43 29 10232 368
43 47 17273 25
43 28 5088 142
43 30 39454 497
43 98 71703 137
43 57 33445 1097
43 27 23982 85
43 2 28114 40
43 37 100833 10
43 58 37220 139
43 40 21313 400
43 58 24064 117
43 46 18994 228
43 95 12108 34
98 66 32947 171
36 53 26002 306
3 88 43587 84
59 56 65180 63
51 48 60101 52
20 19 75940 149
46 19 39261 215
79 73 124253 188
15 82 16270 262
27 5 3662 55
100 3 6922 282
11 61 24091 162
77 98 18145 49
31 61 37144 90
99 71 53252 332
8 93 20471 215
64 54 12183 154
96 87 83711 87
40 8 20051 240
11 77 21628 38
15 57 58416 410
32 12 3742 59
45 84 4357 60
74 19 93205 56
15 89 25411 96
25 13 43354 88
100 1 57631 185
14 4 125555 201
75 67 15560 84
52 8 11532 688
88 77 86213 219
65 77 34218 221
3 13 14201 106
13 39 177193 181
74 81 11483 27
72 55 8692 62
31 27 33513 105
38 76 22590 70
75 20 40420 1668
16 46 18457 270
22 68 24973 77
67 39 18898 155
72 66 95794 357
84 3 75086 156
100 56 50032 169
57 4 75378 592
39 60 7593 294
7 26 17478 107
77 56 20546 68
8 96 32601 27
47 6 16509 441
35 13 7511 33
73 43 13649 442
5 85 53958 89
77 8 21043 126
17 76 5078 101
66 16 21857 99
35 91 9205 398
38 92 73911 998
100 33 278412 587
28 9 6708 205
50 39 261509 153
93 48 198151 50
35 6 30557 106
96 62 14645 34
22 55 16297 414
35 76 10272 91
14 10 34548 91
52 11 24739 58
4 92 8601 106
36 25 20889 31
3 96 23628 96
37 67 134286 42
20 75 38870 1130
55 42 11209 54
2 42 21385 129
88 47 41352 653
99 50 32253 298
54 59 102003 371
5 75 20649 172
69 88 99681 109
60 25 20988 138
19 83 33041 108
78 71 18424 96
56 39 5594 20
2 61 5165 214
6 24 15984 719
20 66 21766 84
16 10 23071 1031
75 4 50689 269
57 85 11588 179
4 79 17903 515
49 46 14612 558
1 73 6477 316
74 73 54632 55
85 62 70546 31
82 67 86935 126
20 51 61470 39
96 33 8929 245
91 69 76622 148
100 55 69574 24
41 100 15085 1122
47 25 8017 156
58 22 16317 72
41 86 15499 173
59 37 7847 157
51 33 7921 53
98 11 53111 47
65 96 4656 257
44 9 58085 154
97 74 6987 29
53 10 98316 36
74 54 14071 231
55 65 41768 115
5 29 24850 157
68 26 14057 44
35 93 29444 58
89 40 24179 226
100 43 21952 21
90 31 15163 278
11 95 13724 73
12 15 17345 52
48 66 12139 267
79 86 14859 319
18 59 53624 200
84 68 24439 66
56 44 12482 72
26 91 21655 208
92 79 30621 163
67 96 6824 70
64 100 22016 75
47 63 25687 838
91 15 12665 200
24 83 49306 403
50 29 54785 20
25 38 33488 156
35 28 26613 186
16 19 7629 326
13 59 25118 660
75 17 17661 62
88 49 9668 71
5 12 203622 288
64 10 13437 958
5 76 27454 97
55 19 57723 73
42 30 2846 109
100 81 29081 27
93 22 19198 73
77 29 8008 96
71 57 8602 114
20 1 20090 148
19 74 37338 133
80 97 39714 268
1 98 24920 672
30 22 30882 313
5 73 15598 26
97 71 39621 519
67 75 14654 283
53 78 20611 139
84 74 37891 678
50 20 39941 109
20 87 88468 689
31 26 250486 35
99 87 21722 666
88 44 37110 160
94 40 13548 314
50 93 20568 214
34 15 8511 166
49 7 25391 70
40 5 163641 64
69 39 4764 188
84 80 30048 80
76 30 87019 1255
6 70 10028 113
59 25 19157 99
72 57 50633 276
36 22 76509 258
2 20 10911 311
16 81 123558 206
80 47 17230 40
36 65 3286 369
19 15 5889 754
70 18 8109 147
93 21 3188 236
10 42 69460 46
37 56 11326 254
23 76 130537 386
63 46 3149 416
56 60 14146 138
86 84 12180 35
44 65 25477 74
22 71 38562 151
20 72 26421 144
21 43 56638 80
29 44 31541 97
21 22 16368 45
74 72 44470 125
3 51 9430 260
38 11 26940 67
37 34 47925 41
44 77 9217 183
65 92 14979 47
20 62 17587 163
89 14 3981 99
41 12 32000 101
23 44 5363 24
12 25 3024 589
68 43 23167 300
84 20 6233 251
3 34 36987 115
68 49 38680 185
84 76 18438 504
7 40 91547 67
46 72 22834 89
62 28 12037 182
43 10 46365 254
73 90 55503 201
86 82 25685 99
94 16 35633 323
92 23 29476 51
56 6 3771 210
6 60 49419 55
31 53 6509 130
99 3 32014 102
14 88 7174 56
57 28 56890 260
48 13 94123 1111
39 33 12693 67
10 55 11933 133
58 4 59254 232
63 83 23181 214
71 95 160919 37
40 96 25685 355
4 62 21871 658
59 3 79116 759
70 61 126681 1397
25 23 42536 212
93 44 7124 853
1 21 3756 340
54 62 17161 119
18 61 37948 99
47 29 8277 290
82 38 2767 1322
28 32 22657 164
73 51 133062 219
84 42 45054 132
71 94 55215 335
3 56 7704 58
5 31 33323 243
52 30 19555 321
27 1 35505 49
89 97 29214 770
46 51 5171 39
18 41 13328 56
85 44 27084 439
19 27 20425 144
26 63 2982 200
70 68 60465 46
71 62 29326 240
58 30 23443 192
43 32 16407 313
59 61 65574 28
54 96 38835 55
76 94 23392 459
82 79 22786 120
88 45 8520 66
43 7 5183 294
20 77 14014 300
2 54 20915 41
67 89 11025 13
96 34 11792 405
18 68 13158 748
86 94 13905 516
28 8 3792 140
2 57 30818 18
75 50 3847 48
96 18 32149 2594
51 26 16133 102
69 91 29023 270
94 26 6249 27
19 62 9452 386
89 80 13756 103
61 14 272833 46
71 11 13900 170
31 63 68568 71
49 38 23302 80
63 29 144385 707
10 95 46254 111
56 83 12045 88
36 58 152052 151
76 19 5356 79
3 24 49777 120
18 62 6065 111
38 94 21533 140
80 29 7234 184
2 82 37839 39
21 84 6072 1884
88 28 121077 281
97 73 14617 297
44 67 136440 438
66 35 16136 113
19 18 45053 1082
67 33 103432 52
81 3 205608 165
74 38 12929 197
2 12 13387 121
66 79 13783 373
12 51 3567 483
70 92 54152 204
69 25 3210 52
91 93 32404 58
20 7 9501 83
99 54 41513 370
5 19 16437 131
35 77 74051 793
17 59 25269 12
35 47 22758 78
78 83 27122 44
28 65 7401 106
3 42 25582 77
57 24 44916 36
87 35 50845 11
98 90 21281 57
99 16 42036 235
34 63 7181 138
28 74 3937 96
55 32 52577 757
31 24 17545 98
18 26 12548 282
38 58 11315 435
6 66 174979 196
17 51 31413 153
29 12 35267 116
32 61 6695 25
61 68 271666 29
83 91 36709 113
67 86 9911 40
88 67 11667 51
99 66 80719 62
87 50 19191 108
34 7 80162 98
23 79 38944 616
18 22 17838 172
91 43 5207 28
92 28 59381 36
4 26 9975 113
1 71 82769 45
45 77 15317 429
64 25 4650 606
77 67 7659 71
13 35 48961 427
78 32 13444 530
6 13 18295 134
94 39 22563 29
52 71 27389 36
60 99 7182 216
38 18 48568 186
51 94 77393 307
13 96 12341 89
80 63 19977 49
75 55 26241 139
75 58 35817 46
8 94 8232 399
59 48 5127 418
70 24 21765 332
37 51 22781 420
98 25 29464 33
62 67 20538 68
97 62 51916 369
40 13 9828 210
40 36 98542 45
8 44 12782 10
40 47 26384 94
98 72 9699 219
34 44 8239 176
96 69 56041 443
56 97 27077 21
68 18 47528 803
70 11 34880 176
60 74 12808 75
31 84 36923 664
76 14 28544 666
26 70 4918 179
100 80 29732 58
46 43 3865 75
71 74 5433 182
39 79 67932 1841
16 67 60799 57
80 26 36532 42
3 78 76340 78
67 30 25977 115
29 72 28656 358
21 46 153239 83
21 42 24679 328
92 91 17446 185
36 64 35294 109
45 53 50482 2094
96 13 95824 149
19 80 11944 66
59 66 6993 235
43 1836
20 150
3 27
62 351
67 368
44 2828

77599408
