100 499 3 3
61 27 12855 59
61 67 92820 156
61 19 22193 118
61 41 5651 51
61 8 19374 1106
61 28 24578 115
61 73 4543 724
61 69 28854 134
61 96 26498 162
61 24 12536 458
61 77 4968 81
61 7 50736 325
61 3 67397 55
61 84 23590 426
61 80 124649 602
61 76 55532 227
61 86 34424 185
61 22 11407 196
61 19 8174 248
61 72 7678 40
61 30 11182 87
61 37 6467 71
61 12 11515 187
61 25 14620 123
61 86 8923 63
61 78 10420 362
61 44 2299 81
61 35 20790 92
61 41 14827 245
61 6 3668 104
61 18 39224 184
61 20 29238 89
61 55 9983 59
61 21 2354 269
61 11 72665 50
61 5 89707 576
61 56 6801 15
61 83 10299 42
61 80 10980 235
61 29 9122 131
61 54 4172 326
61 26 76344 291
61 84 33468 200
61 33 20528 134
61 24 18149 1842
61 98 10215 80
61 82 40320 361
61 97 17893 490
61 23 25497 787
61 64 16668 170
61 20 23863 253
61 71 13032 147
61 55 13405 151
61 21 15267 32
61 68 47662 107
61 31 17373 295
61 29 114614 74
61 3 8561 116
61 26 37784 420
61 71 20578 169
61 23 20920 296
61 45 55852 34
61 10 35881 105
61 65 11839 313
61 82 18819 196
61 33 11273 333
61 43 19228 134
61 17 8282 74
61 74 5996 84
61 57 5796 69
61 69 11324 551
61 4 8002 257
61 83 6156 339
61 4 71711 99
61 11 23447 442
61 60 19906 542
61 56 4027 1123
61 43 90265 54
61 10 91314 90
61 23 36797 561
61 65 32296 388
61 72 1211 65
61 33 58068 400
61 9 14412 231
61 78 12501 65
61 1 67268 407
61 43 43110 559
61 19 7652 524
61 62 84849 135
61 67 29625 144
61 38 26847 57
61 73 17098 179
61 59 4375 71
61 67 27095 138
61 56 70452 63
61 55 90353 89
61 56 8633 148
61 88 40485 95
61 67 18797 119
37 65 16728 90
62 58 52101 54
4 22 7408 863
74 91 32526 1389
23 43 78802 478
98 79 11514 207
29 45 36577 946
84 36 19810 247
100 5 84182 228
90 47 6261 123
79 26 19160 113
49 30 40963 514
22 54 12902 1137
41 36 19440 360
47 29 11912 84
91 83 15202 138
16 83 11359 552
8 74 20307 92
32 15 214922 82
86 31 7709 94
22 66 39145 127
28 48 11719 44
27 56 60930 233
54 20 36119 109
6 79 17471 305
1 94 16260 21
72 82 31758 396
7 84 26097 176
96 19 11427 46
83 60 71230 139
15 42 89700 617
80 54 93016 715
99 18 12099 70
47 14 30695 164
68 74 297287 37
34 79 12893 144
37 15 22652 82
14 57 161335 149
60 19 88933 25
92 84 19603 157
17 62 17282 202
11 41 139389 189
36 29 6394 39
72 31 24112 192
18 85 15297 1044
25 45 14179 58
89 71 15522 281
8 2 11424 208
34 48 185518 24
49 59 9263 78
60 32 18636 337
45 55 32429 82
74 55 169428 21
7 42 14307 820
17 9 148301 117
36 8 2911 49
18 98 12099 2078
79 57 44587 46
97 82 10414 789
34 23 27239 216
30 27 286277 530
42 68 28152 552
14 32 30753 547
44 10 13731 134
48 56 12542 118
75 73 1433 174
67 44 188564 72
38 39 26304 47
44 98 31188 677
58 23 16381 66
49 74 3635 80
37 82 13979 8
42 100 13194 562
3 60 33473 115
39 26 1560 190
15 35 7076 41
4 1 16307 187
3 63 40022 115
31 91 17002 155
19 66 35944 105
31 21 10781 1255
95 29 79271 87
24 35 20006 146
78 30 22641 185
50 65 7460 61
7 75 49364 92
32 5 3852 32
93 2 4271 68
63 70 126153 409
28 17 30570 48
59 75 61140 78
20 92 43494 159
20 33 14657 324
88 2 15610 270
47 48 14491 341
30 26 10262 12
22 40 10465 123
43 86 27878 84
29 91 43264 73
13 27 39601 120
66 42 12402 60
34 3 26624 117
48 25 17497 283
45 33 62974 64
51 100 41220 73
30 95 20694 46
72 79 125538 210
67 46 6767 294
67 95 95416 21
59 41 1762 196
8 22 49519 159
92 1 3116 100
55 14 13131 83
49 84 7764 366
60 70 19037 74
22 46 32284 17
93 37 11614 28
1 90 13028 167
99 63 91883 149
88 30 18558 1440
23 58 5774 19
19 63 9179 399
74 42 18240 163
31 25 25274 235
86 82 55126 338
25 6 3896 96
52 74 168816 92
94 60 91473 168
5 60 7973 604
80 13 23676 126
49 26 15084 248
50 88 31282 917
85 17 4971 60
64 45 24972 234
56 48 13154 228
71 46 18103 578
95 89 9106 29
48 44 22022 402
86 6 4246 252
82 34 44861 122
16 70 8515 64
17 58 24042 39
68 82 149487 820
21 11 45047 156
13 52 15039 460
69 78 77972 169
31 96 2604 81
91 62 40492 141
30 5 9015 39
54 26 17584 335
52 92 49524 372
59 67 23194 24
27 19 21720 80
31 19 62727 735
27 71 66344 30
23 61 11299 259
57 60 12473 265
46 89 21713 221
87 80 145116 348
52 62 17768 416
59 39 21539 238
58 71 35094 49
42 92 8099 177
54 66 50072 572
50 53 8052 85
81 41 28339 353
45 86 35533 34
1 71 14264 52
8 96 28093 351
98 45 79186 119
94 44 52999 79
73 18 15618 214
3 79 85625 1102
14 26 15045 223
75 63 42208 158
65 85 18218 67
84 96 17460 30
5 49 9625 9
30 52 11310 636
54 10 19672 425
50 5 360811 223
1 65 209153 136
100 86 22054 14
73 98 20605 185
57 44 16950 89
85 60 5411 31
39 10 53948 96
67 47 62332 174
89 13 28684 323
95 6 7883 1312
21 55 10635 33
62 24 12465 40
20 11 7065 69
34 63 37169 134
81 87 23325 536
97 85 57100 56
22 9 41663 14
13 7 12501 1821
66 5 10837 107
35 25 24001 292
81 95 5899 325
32 10 33750 61
44 6 47138 32
85 64 85568 121
79 3 79767 148
83 30 23764 556
57 38 32011 52
30 61 28300 229
66 71 32075 127
97 78 22198 389
8 26 24216 341
76 60 4665 138
28 84 3393 376
79 96 12451 245
90 88 45005 117
89 77 41261 30
1 73 64480 174
44 59 39775 24
6 49 199415 188
45 39 258962 7
50 25 86082 1657
16 19 100404 38
16 51 20029 481
33 93 75654 470
96 49 13685 85
33 79 13240 163
8 53 34227 115
93 73 36842 188
99 15 30575 81
21 81 43884 47
20 64 19614 232
2 41 54161 437
65 16 12289 20
99 5 56278 59
89 84 29071 61
35 54 17626 153
43 68 2233 28
82 49 5800 174
50 99 5163 101
81 31 63709 428
95 1 8995 389
72 97 14813 37
40 52 184993 450
92 33 119851 30
81 24 4033 129
33 50 43217 86
15 19 11131 156
83 24 6654 129
91 35 28162 126
42 18 18627 156
47 60 228080 119
36 9 55550 164
76 75 21194 132
27 35 17074 13
8 19 34074 11
78 33 13298 125
36 39 26234 287
100 64 275998 124
49 94 54228 413
70 33 2319 93
58 22 44848 152
21 12 12734 193
6 66 56404 480
33 7 17081 38
30 28 54903 408
81 43 23862 77
31 51 9232 310
57 29 36230 202
5 16 210836 263
94 59 8731 33
9 54 44771 137
74 65 5885 68
65 43 9084 421
5 79 54717 60
77 35 9241 259
56 25 59454 58
8 24 15237 132
67 78 8715 451
29 71 5010 143
41 89 18253 147
31 5 33729 42
81 10 45383 123
30 43 18371 681
4 20 4123 51
11 37 11084 82
86 78 20179 251
64 25 49359 368
93 15 24997 221
90 22 39802 464
10 22 18385 295
72 36 10576 469
2 26 19534 447
52 70 31899 400
5 28 2614 26
14 78 13380 174
37 55 17132 358
47 4 10307 79
23 93 28513 182
5 29 123326 112
80 62 70856 263
40 63 6949 80
11 27 4651 14
3 14 60291 193
87 69 33884 135
48 9 36626 27
69 89 27851 283
24 80 8062 84
36 25 26995 201
29 75 70377 201
98 30 7767 259
51 74 77854 40
67 30 32015 186
87 29 70255 778
57 5 15424 731
33 90 138215 256
46 97 4909 55
67 48 84186 104
92 46 46664 465
9 100 31846 233
71 66 8692 1508
43 91 13335 104
39 34 9381 106
38 1 11718 41
91 51 4801 183
81 72 25330 91
13 39 7368 61
55 78 55972 381
46 60 17919 274
40 66 12646 35
75 25 6263 278
66 32 17440 42
73 11 11908 230
42 66 19137 181
77 95 36181 15
95 16 24827 12
35 90 43352 234
70 90 10066 86
49 53 49076 67
69 75 12504 634
6 100 2101 4
48 11 32215 199
3 44 143541 88
96 2 13212 186
54 91 42654 457
87 34 36111 145
32 97 9809 159
75 68 51899 248
29 18 161422 125
100 39 27988 260
33 37 17617 143
100 48 25840 565
48 85 29759 129
12 34 14570 169
74 31 66415 119
64 59 247732 62
93 58 25648 87
18 87 44316 125
82 1 5826 58
42 10 53460 144
97 84 5376 25
87 82 2260 14
97 23 24644 41
82 41 64496 191
75 22 13842 54
93 65 7155 1077
57 20 16925 429
58 27 11639 169
11 34 273684 54
73 8 24186 715
98 55 23750 53
74 94 5222 61
72 95 21272 325
32 17 45476 183
33 36 71226 35
54 98 7104 293
72 61 32794 205
86 12 18316 113
15 77 9328 1000
16 78 49407 258
87 76 36796 245
7 90 97380 124
84 48 19569 85
7 55 64350 124
87 66 2630 620
49 76 13431 149
75 18 6569 428
22 69 174007 40
18 74 22227 231
60 48 7901 214
90 66 14111 69
68 21 51558 302
11 50 4372 25
40 38 62785 69
12 83 20801 202
83 40 7994 326
89 59 73509 169
69 88 17203 75
47 74 34622 39
46 16 75043 172
50 31 13585 194
61 891
81 104
49 80
60 828
26 470
19 40

23431643
