100 499 3 3
24 59 55654 569
24 40 33694 86
24 70 38415 255
24 17 66234 312
24 84 47665 261
24 47 6487 173
24 29 17025 385
24 28 11117 226
24 78 17922 316
24 63 27134 194
24 84 11021 49
24 39 28469 2555
24 30 8321 280
24 42 8626 193
24 8 20719 194
24 28 37887 174
24 67 7946 124
24 57 13466 178
24 76 17246 57
24 46 54229 57
24 65 7163 33
24 88 16127 22
24 29 5925 241
24 70 24179 322
24 94 55580 194
24 100 54744 463
24 82 4556 192
24 25 1163 132
24 44 37226 50
24 79 408560 85
24 65 47062 139
24 43 9928 139
24 62 14680 76
24 34 17141 78
24 89 9174 77
24 18 12849 215
24 64 9294 546
24 7 49209 103
24 47 28563 63
24 42 32504 26
24 15 28485 158
24 45 14493 34
24 93 24602 44
24 12 46335 76
24 28 35540 41
24 23 67074 259
24 43 70848 107
24 36 60144 279
24 86 46190 310
24 42 9796 151
24 11 18746 45
24 49 7711 107
24 7 8433 45
24 87 14485 115
24 74 56498 146
24 53 9852 37
24 25 6932 682
24 87 35803 105
24 10 26827 40
24 48 20547 216
24 85 27476 56
24 57 59973 27
24 86 14971 107
24 43 287057 37
24 92 5988 104
24 57 26287 52
24 92 15515 366
24 54 10703 148
24 86 15401 912
24 56 32083 116
24 11 85003 431
24 13 19005 317
24 41 139708 452
24 26 16451 55
24 37 10543 47
24 49 6501 55
24 19 27446 264
24 20 64447 11
24 96 14358 325
24 94 37857 154
24 98 69160 303
24 59 41560 26
24 84 15285 22
24 96 333052 272
24 45 35283 243
24 53 13263 116
24 52 9472 125
24 90 76455 45
24 100 20177 2007
24 60 15237 108
24 73 15845 340
24 79 31379 356
24 26 15486 460
24 29 19528 164
24 49 18648 242
24 97 15288 252
24 46 51516 38
24 76 10866 173
24 18 5241 298
23 78 13524 67
43 93 15875 74
15 18 15366 94
11 74 4005 91
47 30 26508 1113
22 93 284443 114
81 71 37318 296
76 96 30405 370
49 58 7924 163
84 20 11022 169
77 45 29794 271
28 38 40645 845
54 47 24195 241
1 44 43553 119
28 96 50540 174
86 64 34072 1295
29 27 3754 46
50 66 13030 137
67 17 7574 185
67 82 73270 64
18 38 10997 78
48 55 34498 18
52 43 5271 189
49 26 9871 346
89 90 76642 156
76 83 38383 411
15 99 14429 247
58 68 32215 190
31 41 21833 95
36 18 34764 199
71 50 41931 220
10 77 26803 170
40 44 156527 119
81 23 10183 277
2 12 7579 218
12 68 85934 225
26 54 11252 797
40 97 19951 33
53 58 28495 395
63 85 13014 332
92 37 31183 155
35 42 20626 136
69 54 16041 326
21 67 10755 62
29 61 11958 59
19 63 18814 164
9 26 19776 750
18 80 6972 24
52 5 4452 224
89 14 15011 19
35 31 12843 40
19 59 12245 87
50 3 57924 79
69 11 15667 52
56 24 32473 132
54 60 196685 184
3 88 16243 131
24 99 26285 292
37 36 8736 205
8 77 17022 109
29 46 42261 499
82 15 5337 115
17 24 17151 565
65 36 59208 33
88 75 29222 433
3 76 55773 94
72 79 11466 33
54 36 36563 333
40 33 13169 86
7 50 8101 38
4 59 9137 1276
95 25 10479 574
26 15 12454 219
98 23 101489 44
50 76 9199 465
73 39 15177 968
13 33 3603 98
9 5 19271 300
99 83 114638 80
58 83 11053 905
50 100 20722 33
53 87 13287 234
77 27 73017 51
20 81 6498 109
94 98 45194 167
87 39 38903 1726
38 35 15742 250
78 32 27126 390
91 60 12553 184
20 45 9741 384
100 37 37679 35
7 45 85883 46
59 51 8222 47
50 5 87220 125
61 18 17825 47
38 56 28087 236
76 22 6945 63
61 63 14771 162
47 76 24252 104
24 68 25579 65
67 4 42691 81
54 40 30417 13
29 26 4100 261
63 6 8811 240
5 62 43411 101
41 39 10569 351
89 51 5113 219
36 70 208708 44
28 24 2191 62
36 66 111509 41
58 13 8186 46
53 43 12830 41
23 19 30171 139
90 50 14218 389
30 49 34914 314
2 54 21523 241
7 33 14823 975
81 91 40357 142
9 42 10945 57
12 32 8210 174
27 22 104675 77
27 78 6803 311
25 65 14971 259
43 31 9745 211
19 51 29099 68
41 62 48675 134
68 76 81363 14
36 19 24021 138
51 8 20572 108
67 53 5520 214
21 26 19785 46
69 89 34881 108
97 63 29806 44
91 8 5261 41
93 50 95052 152
54 11 77401 46
37 12 129062 175
7 24 36229 111
21 87 59213 290
80 5 12033 493
84 78 9987 172
91 5 37246 100
64 44 51854 218
9 62 114086 4
22 88 31659 118
58 84 28425 306
49 41 43375 86
10 74 9010 196
64 95 90340 33
68 36 12223 42
69 44 13301 196
17 13 7211 461
13 75 53940 312
92 95 3845 400
98 31 16946 215
50 63 55067 606
53 22 46077 317
27 21 16293 94
99 68 12900 36
83 86 11594 208
89 8 33676 802
86 23 63992 50
70 20 84504 156
70 39 8685 297
67 1 17004 928
88 73 12966 122
90 77 6958 68
9 50 18674 94
37 64 9535 23
39 74 65077 498
23 59 13668 76
37 62 5051 47
32 35 19114 153
37 77 8834 89
40 84 23130 460
32 97 16450 230
9 67 58077 139
12 99 49513 77
29 52 9365 252
61 20 11672 191
86 48 6655 272
40 85 6293 224
83 48 9538 180
30 60 27090 102
17 94 8343 75
95 40 6082 43
98 54 31902 184
43 59 2007 272
21 39 5174 40
27 37 13217 28
58 5 39939 65
4 48 5701 424
69 21 38669 130
47 90 6656 247
60 16 5030 347
47 4 47740 71
35 67 5271 98
7 2 7352 136
54 16 8082 576
43 58 8074 262
36 43 173853 23
18 46 8371 367
96 41 14894 238
99 60 6765 145
86 53 67460 25
46 70 28964 302
9 12 6870 377
80 88 68842 22
1 60 1857 86
11 29 15387 17
59 7 9024 143
23 8 28334 65
91 89 29419 428
91 57 64954 279
7 22 42616 168
51 54 14243 23
52 6 2883 90
76 73 64334 112
43 92 20708 1080
38 3 12225 238
66 20 10794 53
61 49 49716 2875
9 3 5711 2341
20 16 125965 318
69 65 52517 165
91 43 26151 59
52 80 35432 158
59 63 20276 175
43 17 11482 369
8 82 21506 430
28 16 24472 136
20 7 5998 92
26 9 28343 1541
14 13 12708 643
15 1 20179 74
21 89 15195 62
49 87 57359 234
63 36 72657 181
31 57 32729 54
33 3 14887 92
34 29 32046 89
9 80 40310 48
65 28 31175 89
57 66 25591 234
59 82 5974 731
78 47 6155 44
87 9 34166 104
3 83 47389 114
37 6 4349 31
89 55 58811 24
48 79 19344 15
81 34 9427 78
91 35 6977 40
20 83 121082 1084
68 39 7728 225
51 4 22113 351
100 28 7600 202
7 99 47140 1350
20 37 86605 47
55 15 5631 49
99 38 10237 275
10 8 22437 176
52 39 25610 109
54 51 2371 368
67 5 6383 341
22 54 77829 114
22 52 87709 58
40 74 8344 135
82 12 21040 2597
32 67 218942 59
29 19 80671 253
84 52 92856 140
2 71 10652 56
17 35 26483 66
51 76 27361 66
51 81 12800 54
42 83 15298 612
65 22 55649 156
30 39 39247 85
22 24 48246 52
68 88 8114 223
7 20 3750 206
16 2 21638 90
35 93 13465 26
22 25 42550 80
31 38 5302 404
74 48 37331 300
47 73 83778 163
28 39 10316 140
67 27 12217 74
69 27 30278 20
52 38 35771 253
57 97 22747 134
35 1 21063 165
57 89 4995 86
61 78 25030 148
33 23 28387 87
61 40 6870 411
42 51 34843 319
33 59 37516 1383
90 66 4571 64
85 29 20598 699
61 10 3180 762
99 97 51643 37
51 60 18318 367
46 63 16919 105
9 46 22635 2608
16 38 40599 77
1 87 151655 26
90 73 52487 323
15 8 30217 77
79 97 3326 145
90 18 5548 1261
1 24 24788 75
95 85 10751 534
46 55 7569 54
4 8 20967 315
64 54 15624 157
27 16 29964 57
72 83 32750 167
57 33 4850 133
5 34 44589 353
33 70 17565 118
55 13 53487 529
16 61 6193 148
62 48 135145 165
80 61 9412 197
62 95 22507 168
49 37 55574 555
14 74 25117 1345
47 26 7874 77
43 3 15545 113
100 70 19172 438
44 28 17879 41
56 48 32387 139
66 96 52286 84
7 96 127005 169
55 36 39901 80
44 40 5624 190
98 33 16388 223
93 12 9149 23
20 95 24331 139
20 61 27235 105
42 93 20677 227
14 82 24246 61
96 89 28506 604
1 78 10398 225
66 46 10845 230
12 15 34640 41
60 22 4932 77
65 19 57569 451
68 100 40389 399
94 87 19471 89
68 80 23755 27
79 29 21990 47
46 62 34643 17
85 68 35323 198
94 43 14760 139
8 5 8371 239
97 77 21112 369
15 75 123469 68
66 28 61679 299
98 8 26303 89
88 69 18074 255
87 10 8344 147
87 66 3716 174
56 73 16597 247
44 99 30517 82
55 90 40818 141
12 69 85498 480
30 76 5425 119
75 91 9616 706
66 90 6201 58
88 67 67352 45
60 79 12213 204
97 56 9429 99
59 60 9528 330
33 7 13305 164
13 70 8117 209
90 71 11196 186
72 82 9129 81
18 89 20227 158
87 60 31113 288
70 11 10103 151
54 52 17383 51
77 2 35739 187
20 30 15909 161
33 5 8884 388
98 57 51054 511
99 49 9281 187
55 2 3356 662
98 30 7168 143
69 87 1696 77
92 46 134733 145
66 91 6138 31
89 4 6014 254
82 42 143719 137
56 86 10820 1959
78 38 20393 123
44 33 26286 347
24 707
9 20
20 36
39 544
60 178
8 220

18189040
