100 499 3 3
6 71 28041 194
6 58 44732 111
6 41 5056 412
6 100 76924 56
6 29 17786 75
6 28 20098 330
6 23 34549 332
6 64 6436 330
6 82 94551 496
6 90 124303 430
6 62 15828 256
6 72 17115 81
6 17 40742 34
6 99 4685 211
6 22 124487 181
6 99 10047 120
6 14 9115 294
6 22 197008 135
6 97 2423 56
6 79 68631 125
6 69 19124 509
6 47 258070 199
6 44 48616 198
6 63 4334 145
6 70 19815 74
6 23 3894 532
6 24 11809 42
6 11 10420 100
6 84 32934 284
6 23 8684 124
6 36 5650 19
6 18 10545 71
6 10 14300 20
6 31 65523 49
6 90 25376 238
6 4 12139 17
6 69 5713 217
6 69 13202 101
6 59 9170 120
6 56 10101 51
6 30 21407 69
6 52 46565 33
6 71 15288 276
6 67 14590 265
6 18 65964 29
6 12 3098 157
6 55 9586 19
6 3 25453 155
6 4 21969 111
6 77 75631 302
6 7 16096 736
6 47 128986 96
6 21 31512 52
6 93 54647 285
6 19 20178 7
6 8 20505 177
6 25 103265 603
6 15 79960 43
6 12 56466 49
6 32 27189 43
6 57 24325 164
6 29 80726 151
6 35 42960 299
6 54 43867 224
6 68 63037 167
6 82 39603 502
6 29 124621 158
6 14 168143 283
6 51 17915 82
6 98 108143 339
6 79 24154 475
6 33 28919 133
6 45 18654 301
6 97 13078 240
6 90 60537 155
6 44 120337 52
6 97 11752 153
6 31 28606 310
6 28 34650 246
6 75 26344 120
6 69 20216 116
6 1 22645 172
6 74 36773 108
6 67 54025 44
6 67 91660 44
6 85 69720 163
6 72 22434 178
6 50 36669 129
6 1 5444 1227
6 69 37099 448
6 27 46468 51
6 16 92685 29
6 59 47473 97
6 83 65559 209
6 81 10038 85
6 19 25707 73
6 51 23963 760
6 99 809908 87
6 1 8292 35
36 40 33801 629
95 64 64653 279
29 25 60356 115
88 29 35982 309
60 57 40411 218
17 55 10580 81
41 44 12603 174
7 95 20455 147
33 12 4365 133
72 8 182036 244
79 3 75872 260
49 30 89897 57
83 11 36517 2757
54 5 23245 186
19 23 38060 1121
5 17 19050 283
85 99 9341 200
71 95 16072 155
36 91 15012 1352
43 69 5578 65
57 24 5252 19
35 62 12552 82
86 63 31451 153
33 65 118237 818
45 39 18893 156
84 83 3919 141
76 87 14224 46
45 29 45062 89
83 60 125012 98
93 64 18355 1102
93 55 8585 33
94 44 6813 1650
62 73 2127 274
94 28 14068 363
88 89 20585 95
65 80 10188 54
61 67 4182 991
9 11 7556 133
73 40 12757 617
99 17 16960 44
75 68 57646 156
27 42 29062 161
18 8 8086 499
3 38 19498 224
47 40 215298 109
46 77 9963 149
53 13 26326 184
52 61 32710 383
79 15 34508 114
18 76 24067 128
11 80 7840 847
41 83 2472 616
36 76 37803 114
39 57 12526 131
35 99 9352 28
44 74 29325 259
2 11 4998 67
7 13 13355 185
20 17 54111 89
4 45 55629 174
33 31 18736 141
56 87 19768 16
47 81 9900 57
97 5 26110 219
64 51 5024 72
18 67 148388 250
16 86 15089 108
31 55 6095 2248
1 3 73573 169
56 36 7001 19
8 57 21046 125
36 67 36053 100
76 45 37398 882
85 42 41655 226
77 58 14786 237
13 40 114325 235
100 35 14433 113
90 62 43958 77
72 35 14062 106
100 56 45264 381
24 89 32818 96
51 39 36615 98
28 40 31364 89
76 99 35531 163
87 15 46920 49
64 24 17515 498
21 41 67530 333
75 43 16395 439
56 57 27056 127
33 34 31078 259
98 21 23296 51
47 54 7265 110
33 48 12764 498
5 78 68223 51
60 83 22562 761
73 57 22755 591
8 39 39071 111
19 38 5633 331
85 48 13114 91
32 1 212509 184
65 22 20321 311
21 76 47980 178
59 28 16158 22
42 82 16483 104
68 23 12726 320
62 83 14078 202
64 66 33374 56
32 84 16029 123
38 75 9162 77
12 37 21493 379
42 12 35987 98
54 57 3875 101
15 29 12586 88
28 84 23534 396
92 4 15848 1003
33 9 4770 112
88 55 5432 275
44 59 162198 155
77 41 87853 74
64 18 18918 169
62 90 4682 322
44 37 25119 27
4 62 46452 55
13 24 18059 830
81 35 253355 92
94 69 8876 136
26 95 170742 253
37 43 318388 93
57 39 21088 173
54 100 52713 120
13 93 9145 290
79 83 22156 214
75 44 10910 11
59 81 19968 230
64 95 2885 157
45 50 13627 74
34 71 26987 306
33 60 2166 533
24 66 5635 175
43 83 44335 95
52 92 14481 125
22 49 20881 84
1 16 4067 87
73 80 50038 15
100 91 14890 157
96 22 5813 809
96 46 28054 77
59 7 34878 203
39 42 39076 82
63 37 76524 76
52 94 14255 165
100 98 74972 49
69 24 12161 47
79 18 67197 412
89 80 30782 318
49 56 11479 692
38 10 10604 117
90 74 87432 594
75 83 53714 487
75 81 121069 103
11 30 4151 164
34 80 105538 61
11 21 11518 150
90 70 71265 97
41 39 12183 78
97 63 17639 24
57 21 11567 243
95 42 10593 86
40 98 39169 462
12 15 23595 816
33 69 18550 40
49 72 48789 145
19 27 40342 418
52 5 26714 18
22 13 11303 261
99 80 57027 111
69 45 53988 107
45 43 51285 138
54 82 17043 625
71 96 53227 141
67 89 36992 42
82 61 14048 1316
47 45 46511 24
23 60 25842 198
61 91 70095 65
87 41 26603 294
11 33 12420 430
34 82 109972 258
34 55 30508 323
22 83 38959 318
27 55 29050 234
74 64 47652 98
60 28 19180 192
36 34 13600 4
10 51 15054 179
50 80 20019 164
82 80 35557 571
52 49 14375 196
52 74 43305 34
90 13 26281 196
100 96 27942 66
85 67 14937 1391
4 22 38165 178
66 59 35727 51
81 13 35362 251
58 18 41755 94
4 74 56284 39
84 86 115879 74
54 78 34152 155
16 89 5579 443
19 93 6493 50
6 88 19243 305
93 58 3729 232
37 24 4745 221
52 30 15563 175
20 100 136473 264
89 13 43823 62
56 70 200150 250
5 15 12810 32
23 52 25907 62
9 83 17303 530
30 74 29159 69
32 63 3510 245
45 54 3914 139
14 80 12258 280
94 36 10116 81
29 11 12980 39
41 6 8213 158
16 41 14016 576
15 34 33299 34
75 98 51972 41
9 32 20518 301
21 67 19020 42
36 96 22738 66
9 39 46635 157
56 13 4571 32
12 49 3852 195
36 93 97664 28
9 18 21001 43
74 40 68760 326
1 76 156769 189
13 20 131886 155
62 75 19839 197
49 76 28240 65
79 55 145479 783
50 60 4124 244
9 70 9432 224
24 84 16939 197
81 76 5434 252
37 89 68686 155
2 72 2726 77
58 24 118745 386
28 93 119654 75
83 50 2365 440
83 5 97097 139
35 40 10150 408
41 53 53184 70
76 59 491367 110
35 23 100741 134
42 23 22550 2229
12 67 64089 272
33 50 38750 291
81 97 5258 96
50 83 6940 64
46 44 12597 241
96 43 12102 627
70 63 7753 65
26 77 22767 39
28 100 25772 24
45 100 146716 200
48 87 6927 157
48 7 16547 324
53 3 45661 501
19 24 68764 57
52 84 29708 224
64 92 59761 251
27 29 18340 748
12 10 203721 91
66 70 8451 345
67 41 7200 37
43 62 8201 249
72 90 3101 99
38 7 8244 989
64 30 10454 37
33 67 11302 223
48 37 26361 248
44 7 17855 1773
16 35 22869 135
44 5 4369 31
24 45 40270 65
11 46 6865 314
70 33 83168 121
49 29 19127 279
82 13 10421 319
50 90 9012 459
62 36 14752 72
1 25 61039 682
82 65 76500 314
56 28 8457 110
35 92 2863 2264
61 22 28023 205
24 80 494153 198
29 23 23647 59
34 57 12850 213
12 42 27905 590
41 34 8524 177
100 26 12847 93
51 75 3775 121
88 1 12704 257
48 39 122208 430
84 13 2724 33
11 91 96752 432
10 83 23844 408
32 62 15806 255
99 67 14316 278
31 41 184577 7
16 78 14381 102
8 11 24781 291
62 97 9999 52
17 24 11678 202
10 6 9955 537
68 42 31152 43
7 34 10971 464
27 41 17281 50
3 88 35264 67
91 41 37751 49
38 65 128677 26
9 82 37220 102
31 76 288760 186
93 62 3232 314
19 64 8879 198
9 42 52509 754
49 88 20462 32
63 97 89475 87
74 91 184599 86
94 98 7192 253
96 20 8122 78
82 89 17232 214
26 87 44060 79
79 84 29849 45
93 96 30025 227
44 62 21333 127
9 29 13676 82
5 2 40495 404
70 8 42466 143
49 61 70677 101
96 3 15262 157
83 39 8279 476
37 62 55681 124
89 81 5935 171
56 62 9992 173
69 7 60529 119
49 77 50659 73
75 13 78748 560
49 73 24882 90
53 28 17746 552
13 98 8590 85
27 11 25263 133
11 70 299383 41
81 34 26514 66
97 57 79044 58
18 54 15894 216
100 5 2916 142
10 5 10060 42
21 66 26996 80
82 12 29468 680
74 21 89770 35
8 91 228292 380
8 65 23243 100
96 35 9111 73
55 86 11494 169
11 31 22866 118
95 58 33403 499
35 39 81248 147
48 31 152273 24
92 32 156379 216
21 47 136900 234
54 35 1752 110
83 81 16672 122
99 33 44825 133
38 91 19953 459
10 40 17803 90
3 18 3829 183
42 84 3683 190
78 16 12653 449
98 27 110991 370
69 74 19449 260
41 79 32400 135
75 62 21488 622
51 38 46862 36
29 59 10394 203
16 27 7050 519
78 15 59694 52
55 17 6213 217
70 85 15237 730
41 77 8244 783
74 93 44471 895
37 84 25726 25
47 49 53641 58
29 57 89184 50
6 1000
33 20
49 63
83 140
67 202
62 1274

23527774
