100 499 3 3
14 68 24741 56
14 35 27122 35
14 75 29392 256
14 88 17339 175
14 89 24637 212
14 70 11678 879
14 71 91029 97
14 62 27814 233
14 51 51012 97
14 40 63241 97
14 74 37071 262
14 92 8071 183
14 77 14096 140
14 21 20106 316
14 21 64094 448
14 8 6127 63
14 45 10100 247
14 71 52965 228
14 20 18355 15
14 52 31661 35
14 52 30032 639
14 24 83815 75
14 74 150896 386
14 6 31596 199
14 49 9270 315
14 9 40855 113
14 88 4351 485
14 15 90564 112
14 15 23406 80
14 74 22365 131
14 6 82133 379
14 12 2689 44
14 80 6825 253
14 87 56588 117
14 60 5690 67
14 70 5878 405
14 97 12367 258
14 58 17975 691
14 40 25747 91
14 11 9960 177
14 87 27094 148
14 87 9784 403
14 40 18944 83
14 57 10979 62
14 44 21977 186
14 25 17498 138
14 55 84191 166
14 18 6378 139
14 41 32271 138
14 40 19072 279
14 11 29032 27
14 100 51393 26
14 51 11119 166
14 8 15045 89
14 39 7180 67
14 97 20680 60
14 66 8328 74
14 32 96986 188
14 72 11680 634
14 26 25616 44
14 12 26174 55
14 88 1934 111
14 39 12907 41
14 65 72530 310
14 48 33060 370
14 96 12029 21
14 49 31272 45
14 60 42721 66
14 51 57671 36
14 86 24999 593
14 35 20902 100
14 77 163944 257
14 79 31682 97
14 96 33666 473
14 30 7998 438
14 98 24139 100
14 100 33632 11
14 41 6136 75
14 98 4348 104
14 1 101424 76
14 59 35593 29
14 52 207485 121
14 27 28108 62
14 10 52550 95
14 35 46986 73
14 47 22277 1734
14 7 99250 891
14 83 53719 260
14 17 10896 161
14 65 84480 128
14 62 51132 162
14 97 104352 137
14 68 21660 391
14 83 12698 722
14 34 25273 160
14 95 43103 11
14 18 10182 213
14 67 5213 122
14 87 2921 49
68 33 96648 144
11 83 10564 1150
37 51 49196 29
46 78 19563 185
59 62 27288 156
100 32 22166 267
66 5 9759 19
28 86 42641 96
5 62 5013 67
43 11 140571 158
74 63 6118 93
95 69 16292 72
10 22 9555 242
58 22 12898 36
55 86 19506 144
39 59 33410 278
79 16 274153 2273
4 92 2034 555
57 2 18429 114
62 17 2935 16
37 49 8203 68
60 72 3662 22
69 25 18934 68
72 37 30548 349
38 80 21604 358
4 19 4481 36
82 16 17962 61
75 25 33870 192
64 61 9171 17
73 22 38419 209
65 90 4990 497
87 42 6833 78
95 76 60205 112
44 87 14737 262
54 7 51841 175
4 80 31386 107
84 24 16525 79
55 72 38704 70
54 73 9637 269
17 73 17184 584
88 9 64339 88
98 91 201176 154
60 55 19775 226
96 20 5853 97
72 66 37254 349
86 92 3256 206
35 29 45827 81
12 78 20392 55
98 8 68879 524
34 82 29039 185
24 49 33825 185
16 26 15255 113
73 48 1503 51
41 63 18970 170
80 65 34819 288
95 42 25245 589
60 35 39590 22
18 80 27877 235
25 68 3511 145
2 21 17393 166
61 18 19302 69
5 28 11221 175
37 53 33116 325
65 72 45498 448
42 22 75032 80
34 75 20017 84
47 69 66670 94
96 64 3637 242
26 80 17273 30
81 71 22605 734
56 27 3270 123
78 11 4384 207
69 38 136258 31
45 50 19493 552
10 64 10413 57
64 85 32769 111
32 8 20745 202
80 26 27227 765
27 22 75247 133
95 78 14538 138
54 20 24365 32
81 43 24375 232
55 67 29907 472
5 46 19289 371
3 63 35245 77
91 82 6858 231
2 74 2427 155
76 87 14923 58
27 76 4199 145
14 22 5863 148
61 78 9272 67
93 7 9962 29
58 30 197073 138
89 12 34489 158
99 43 53855 67
34 26 56577 1143
71 51 20219 730
76 22 132428 41
71 46 31394 30
79 11 89672 99
23 59 41034 107
95 84 68257 230
90 19 8696 258
77 42 65653 719
7 75 42631 247
24 88 55165 244
63 8 15414 61
11 78 7097 23
81 90 37834 114
84 93 11830 256
55 34 23135 266
13 19 20608 141
86 15 6598 50
25 22 35993 225
9 93 18042 581
81 33 7701 272
56 96 16046 286
17 95 4960 260
42 60 16837 76
49 78 45900 112
28 82 20124 203
14 23 28221 163
71 97 24308 30
20 74 45637 305
10 70 23650 409
70 49 20729 30
31 81 90508 82
87 12 15894 63
63 43 11971 320
82 28 8531 106
6 62 37646 43
4 22 7625 730
84 62 123620 359
60 80 93825 118
75 6 19822 133
23 34 6001 182
54 12 23753 138
77 98 27158 477
71 47 384799 46
99 30 15325 341
11 6 17021 508
59 89 61787 139
91 86 56586 107
17 37 26284 210
11 3 24723 384
63 91 8651 52
41 59 32018 122
62 9 26584 493
8 46 8297 18
91 64 36364 1438
46 85 29952 342
77 50 19408 475
22 89 65010 1138
57 87 23881 81
28 60 20242 623
41 55 26238 181
98 12 28171 865
50 21 21457 6
12 3 7662 403
15 54 6100 439
79 83 27339 1503
61 74 6287 163
86 47 9857 46
68 35 12824 1341
1 49 19937 100
10 61 33667 1135
58 23 8818 618
8 59 24293 81
57 60 25505 76
72 91 36278 259
74 51 6043 189
29 33 15513 768
16 17 78438 215
87 81 18064 104
76 39 56518 1203
60 11 50517 104
96 24 66051 171
43 100 23878 300
53 24 1337 143
68 67 6296 48
82 39 11094 448
67 87 18079 165
62 50 8582 112
100 64 23281 186
58 62 16633 100
20 41 59906 62
4 70 16403 23
74 58 15023 73
39 76 18794 50
28 87 19174 2934
45 7 7653 224
78 100 28797 552
46 41 14751 44
74 46 9843 277
78 30 20857 172
48 95 24972 59
47 33 8227 208
8 68 33946 237
80 52 1543 371
66 93 45534 35
87 45 22426 79
5 59 28377 69
39 48 3581 127
43 13 14835 56
96 13 15101 389
90 86 11166 100
21 95 110241 84
26 30 12813 1128
25 60 179801 75
17 56 15961 194
32 100 33664 260
90 74 12400 71
66 21 49095 33
53 61 53775 576
8 23 13522 113
33 74 54163 54
35 95 20750 171
31 69 26673 105
56 19 38732 186
89 79 94891 38
44 17 11612 319
76 60 35514 784
75 36 30107 174
5 43 1320 66
56 73 79293 126
96 10 13067 154
28 55 45956 451
25 82 65608 126
52 71 18991 267
47 79 190341 133
16 2 40622 64
70 87 74592 17
27 85 27452 20
7 53 36237 235
32 76 16428 218
61 56 29413 607
95 85 14888 158
53 7 11690 1336
94 95 20558 169
61 98 18721 46
93 59 21738 64
73 55 16827 92
28 14 11935 162
15 46 61160 28
47 6 6126 65
45 35 21412 154
73 84 3386 1079
77 71 8182 200
95 22 38892 107
48 79 116962 265
98 30 8949 35
17 61 31209 71
70 54 24760 52
31 76 11574 87
52 99 9549 119
35 53 47185 752
32 43 20894 42
66 29 24812 54
19 33 8121 98
56 36 39214 130
58 99 6297 50
93 90 64738 71
90 21 11461 48
9 66 8546 366
61 47 25231 187
97 29 8345 35
84 59 20178 225
67 28 9701 60
52 38 28707 49
30 62 12783 232
32 54 35812 82
31 63 35203 194
29 11 25963 148
66 77 23469 1311
19 7 77495 451
61 21 17264 53
15 71 1130 148
83 30 21839 21
10 19 7904 366
74 19 128387 57
95 43 68476 695
99 75 31321 514
92 75 15868 175
98 72 35376 203
46 4 11447 151
69 71 21922 137
29 79 128366 288
54 58 33577 1031
90 94 32012 66
8 60 9047 324
75 34 16209 64
35 91 25780 100
12 59 43162 419
7 25 7150 75
51 12 43714 163
2 25 31242 147
21 53 8347 9
36 28 16540 72
27 77 12450 173
46 82 86540 43
59 14 27384 49
47 50 16196 876
45 66 121392 456
90 85 172492 66
10 74 44178 30
14 46 23631 217
78 41 9837 128
37 7 19661 218
98 83 51428 804
71 36 3822 17
94 29 147659 188
60 30 9398 139
57 70 38911 1334
100 93 67662 556
47 34 90179 21
85 62 6316 66
24 62 34464 93
54 32 15491 11
17 38 13192 127
53 68 40968 183
79 51 46725 252
34 4 2138 230
36 1 18992 211
66 76 3633 186
45 12 7536 172
94 77 71084 83
29 98 17617 107
20 100 10264 180
83 78 7885 122
12 60 9605 26
28 90 42310 260
23 56 15222 1125
11 100 12269 44
6 30 18894 956
94 46 18183 157
30 33 3044 18
98 5 60712 57
54 44 40590 784
72 36 8657 268
64 44 13412 248
86 72 24203 141
45 67 38734 142
61 81 3554 536
79 13 33250 88
54 22 77710 381
61 82 6204 45
44 38 5963 14
79 68 132214 266
26 35 7189 138
10 44 13426 186
64 33 2989 655
75 4 20249 60
93 63 17234 84
90 75 80951 198
16 9 44729 174
94 47 11750 122
82 35 33178 285
3 15 40513 109
71 19 15967 261
88 11 62411 408
43 76 48331 524
85 30 56070 930
74 11 93314 181
70 35 15614 78
2 29 39393 73
29 82 12085 86
51 94 4333 491
22 5 46268 1034
29 39 16191 472
97 78 42423 194
30 93 25520 181
17 52 55149 194
94 92 18718 410
12 81 194144 55
58 2 22598 38
64 94 7235 107
50 65 83164 351
61 44 9328 33
32 18 5438 94
76 35 30900 440
48 21 41206 278
71 91 42403 18
74 69 37709 62
35 31 12256 74
62 49 17981 260
79 43 19004 126
38 86 4883 293
29 44 11913 167
19 4 99269 413
95 16 191231 145
31 95 44941 599
31 50 101750 334
44 11 24906 64
53 32 47255 176
75 9 19055 220
6 92 43562 181
16 20 168654 184
94 81 10063 271
99 78 50340 119
41 99 12404 129
14 408
61 30
95 153
22 208
87 43
62 611

11702712
