100 499 3 3
83 8 5666 86
83 31 118148 61
83 47 4781 219
83 85 37957 234
83 24 34009 71
83 87 51975 122
83 48 40724 25
83 51 21783 150
83 84 52809 96
83 14 95164 93
83 59 41946 68
83 61 18916 66
83 92 25781 173
83 67 37762 512
83 54 11679 26
83 44 39708 35
83 99 39478 179
83 96 12500 284
83 22 24118 599
83 49 26970 560
83 72 27639 34
83 10 2427 114
83 34 7614 79
83 62 30079 174
83 56 13118 48
83 44 9531 121
83 38 56206 284
83 78 52031 81
83 2 239158 68
83 80 72380 160
83 32 34655 275
83 7 13864 340
83 15 8284 48
83 46 19665 769
83 14 68575 64
83 40 4802 368
83 73 103135 61
83 86 7888 60
83 80 12064 57
83 49 88176 1145
83 12 19093 423
83 39 31395 18
83 52 56499 109
83 82 13551 356
83 54 16417 773
83 56 18780 111
83 79 42223 263
83 100 32263 488
83 75 16241 97
83 27 5042 500
83 20 68485 97
83 97 17930 59
83 16 19301 456
83 29 49482 224
83 76 33013 476
83 90 9170 64
83 99 19503 173
83 84 60231 122
83 24 11380 440
83 17 22939 65
83 67 158702 53
83 40 28964 459
83 9 59400 803
83 97 52236 283
83 78 31806 30
83 73 18450 887
83 1 18285 154
83 86 66694 53
83 59 38883 75
83 89 171869 165
83 94 32420 208
83 65 4383 26
83 12 11768 504
83 22 59276 71
83 66 30280 872
83 54 3604 468
83 54 71167 85
83 5 11396 144
83 32 4935 484
83 44 22233 94
83 69 17176 97
83 17 54803 61
83 72 30228 27
83 79 26901 229
83 61 18705 593
83 16 4957 875
83 41 18147 61
83 7 51514 214
83 69 9121 306
83 94 111246 142
83 5 65448 135
83 76 62269 116
83 88 40323 208
83 97 10628 341
83 100 20086 109
83 98 38619 248
83 72 7105 482
83 22 10964 58
83 56 56025 68
36 58 15537 70
59 45 21068 550
61 50 7239 221
100 50 9025 138
25 43 49158 17
61 15 3772 485
32 6 20933 195
3 22 32336 33
32 72 5716 229
63 66 14124 130
60 68 16840 48
3 24 19369 408
54 91 39014 89
9 16 15028 330
81 66 4718 25
92 87 36033 47
52 63 11135 291
6 98 26453 73
55 30 40794 738
71 47 16364 33
19 52 26265 47
21 59 14619 112
54 48 49665 26
80 6 23215 168
48 66 18004 445
61 45 30802 22
35 67 8428 96
61 66 12317 94
64 36 24176 45
30 39 19411 476
29 86 77138 136
19 75 24168 157
76 23 59393 55
17 96 10874 36
36 21 9458 74
6 74 21616 126
24 65 2276 345
26 47 30683 968
44 26 116993 704
56 21 26978 73
33 42 8261 58
29 89 95915 93
16 86 15428 47
9 48 9098 100
97 48 20266 134
21 50 11917 196
20 35 34524 386
73 50 5830 16
76 2 64360 298
77 56 24393 179
71 40 114214 256
25 57 9760 81
66 91 36365 24
20 26 14566 270
98 96 6104 38
56 65 29894 286
61 92 32410 52
52 55 8304 282
46 10 29426 70
40 26 17282 219
46 93 8002 234
45 95 10695 199
67 97 64624 61
77 51 3972 326
79 36 28893 99
1 14 21498 35
5 31 19345 35
13 36 8336 81
18 40 9139 101
36 23 71605 99
60 76 16353 719
45 87 117216 1433
85 51 47704 53
20 95 108155 50
15 3 18197 397
19 90 46732 29
73 19 27498 452
41 80 35505 80
95 21 3888 156
79 53 26250 65
90 88 65215 134
94 95 69297 213
75 11 36095 348
91 53 12347 153
81 76 20711 175
24 79 9425 100
4 67 18975 324
47 27 48163 206
11 92 17551 78
55 48 33220 86
79 26 8342 239
57 68 31883 355
19 38 39717 211
85 91 2458 84
100 64 2427 117
19 85 8220 257
55 11 3623 188
88 59 15802 98
32 82 8859 206
98 43 23961 305
29 11 41822 90
63 9 15543 907
25 8 12796 91
47 16 8749 268
46 3 33082 91
74 79 68095 355
32 8 45805 325
3 78 9162 104
52 71 21601 122
76 94 39235 405
79 56 144547 106
6 59 24658 60
54 97 85142 289
65 67 47272 213
61 81 36009 244
81 9 7319 121
22 18 19533 68
26 30 12256 171
43 15 16674 168
64 2 1719 114
34 74 7520 131
16 80 12728 328
29 42 437571 246
91 38 35600 171
98 11 20781 401
62 78 7889 68
97 37 31279 710
23 4 67571 1323
79 39 21742 418
37 47 9078 40
30 62 51201 159
61 89 22896 71
38 78 49008 117
31 79 44609 394
34 64 48582 84
77 12 14684 2584
28 94 11770 27
97 42 14889 439
25 68 44765 41
87 94 6436 58
20 88 68050 79
60 16 225078 91
59 64 21952 337
35 57 37147 55
22 34 3391 49
79 40 30933 79
35 32 7634 46
11 88 27638 46
60 61 18448 49
5 49 12780 555
84 46 13537 59
60 51 39256 118
48 87 49889 34
80 61 8690 70
28 41 6163 85
93 48 71802 343
67 46 26231 699
82 26 38084 166
79 87 8682 1479
88 75 19420 146
39 99 2637 85
81 35 25167 678
8 86 19883 305
31 58 64635 1266
4 93 10514 50
93 73 14716 84
34 69 5012 155
76 96 72205 117
70 39 22083 84
53 32 80347 65
83 91 12071 74
84 10 15836 89
41 1 6679 192
22 53 24193 238
65 75 44160 197
48 100 30000 327
31 7 41871 215
39 97 27475 16
99 28 14721 212
76 86 89323 748
61 72 60842 45
30 79 31416 78
12 64 14477 174
37 33 25260 349
37 38 8094 402
54 47 4374 107
41 79 5749 142
82 25 15002 176
19 67 189960 35
66 56 91984 933
68 43 12978 175
50 76 20086 91
70 43 40188 343
63 65 5808 108
17 40 17845 97
37 30 79695 207
73 59 12690 238
2 67 6794 239
71 91 33892 475
57 85 9198 204
4 89 50667 594
99 97 55660 159
20 83 30956 151
25 13 37385 296
51 89 36293 930
57 35 8327 130
49 16 31078 23
40 8 8887 125
55 20 157279 114
46 12 78106 265
59 17 25728 102
64 83 20323 370
75 24 32499 39
28 49 8038 2251
18 2 41679 25
22 35 16891 76
1 95 29774 87
32 76 100661 444
62 63 75550 46
80 4 23222 178
90 13 17940 185
12 17 44764 48
86 23 8945 655
70 57 33136 485
40 42 5731 554
85 89 2329 5
90 89 49216 56
94 1 9581 325
15 93 17877 273
53 68 18192 319
91 100 45358 121
25 30 41376 325
5 12 7990 462
12 57 16862 418
54 2 110401 164
76 15 37046 195
69 34 111416 263
81 46 68493 86
38 56 17825 362
43 88 6813 166
45 2 55238 133
72 100 22848 128
27 35 52673 312
46 52 50171 386
33 5 23641 204
88 89 23304 38
96 89 10412 301
10 21 83613 307
46 6 14561 124
26 80 6773 88
25 81 11919 37
67 10 37039 277
59 34 8840 445
45 71 17710 229
38 9 15170 240
94 88 11982 66
84 35 132955 213
24 86 28116 334
14 79 24370 104
27 58 1736 102
44 9 23237 97
95 10 9028 244
77 5 39187 662
87 27 57109 71
47 58 8200 151
27 90 3791 69
20 90 8560 39
85 57 3425 138
20 100 22583 491
96 63 25290 125
68 9 121174 140
30 58 11824 242
40 49 3702 49
96 16 7401 307
45 22 2493 36
100 98 53371 453
52 25 32802 2550
68 76 21116 51
94 12 9959 208
69 14 13435 139
35 64 22418 93
52 96 29967 50
23 24 13168 83
52 33 41692 150
84 64 48733 826
65 93 14130 442
34 89 12788 157
30 5 11133 108
83 28 12588 193
95 34 74180 37
90 62 51822 626
6 19 32105 65
60 45 45703 122
16 46 27402 216
35 26 41250 130
32 35 4372 706
2 95 49039 188
54 14 27747 253
89 99 18876 561
80 29 2289 21
73 15 23716 159
31 55 9839 23
23 39 8724 327
44 14 11172 800
35 95 83943 188
45 98 95433 282
30 48 13841 46
54 77 14584 81
49 17 27905 287
29 16 18892 41
64 82 38887 69
9 20 21839 50
10 35 4612 147
64 8 69420 444
33 11 47297 1197
100 80 30250 283
15 96 106289 126
7 44 18059 168
50 79 1373 99
42 10 72532 560
8 58 7466 331
44 45 48087 1066
76 89 37709 453
24 3 34889 78
88 85 26206 96
35 91 6627 174
83 37 36452 109
72 21 8363 127
49 82 18518 126
80 39 3613 77
72 29 25373 68
64 66 38199 137
94 58 38327 241
29 45 61304 68
86 81 6862 425
68 12 19590 65
20 24 31369 41
61 17 15846 126
65 6 14047 152
34 43 16958 393
19 40 28685 226
40 37 25748 32
49 79 29178 412
61 21 15283 448
4 40 142546 458
29 83 18281 1224
67 4 106588 624
10 31 6619 8
94 90 53783 60
42 72 6618 334
39 72 32253 177
81 14 18744 154
79 100 12002 732
10 20 56371 101
57 45 99846 400
40 67 12983 49
64 49 32924 96
51 39 62118 97
23 2 26781 787
75 93 19236 26
1 100 17755 14
72 65 13163 192
81 24 19906 37
61 14 12150 93
6 97 110534 266
16 95 4100 13
81 17 8224 69
14 51 186991 416
15 7 5718 304
98 74 68212 61
59 58 17208 168
29 80 6245 156
96 88 32453 142
43 3 2422 83
29 40 50285 157
39 2 21066 239
46 89 14948 50
1 29 99376 397
68 84 27013 33
13 11 72091 153
28 43 24551 419
56 51 71453 150
81 38 24498 1400
64 34 7227 67
28 13 6899 212
75 32 15853 218
99 42 14917 26
4 87 13244 1177
53 40 10535 160
30 46 10141 149
14 91 7773 129
43 33 13420 132
79 41 68771 465
33 72 11112 116
25 48 52232 91
61 70 35273 173
97 62 22756 44
69 50 56701 374
65 42 37598 480
81 55 5505 110
83 4386
61 24
81 120
89 2301
79 378
40 5816

310056958
