100 499 3 3
37 49 139305 1428
37 29 15332 85
37 43 46532 645
37 64 97187 120
37 84 13180 146
37 98 16371 47
37 71 41170 210
37 69 14344 931
37 62 10110 521
37 27 17504 195
37 92 55465 381
37 40 40900 312
37 68 26524 284
37 1 13664 78
37 29 43739 185
37 94 15433 54
37 85 17290 71
37 96 61881 48
37 79 21943 104
37 83 8825 74
37 24 46215 254
37 75 24294 279
37 65 48524 745
37 46 7259 201
37 71 6764 185
37 57 1398 245
37 20 21740 116
37 1 17731 128
37 40 52792 135
37 2 18852 251
37 73 203561 153
37 91 18133 112
37 74 77477 321
37 12 55457 56
37 45 19937 109
37 3 2739 65
37 65 94968 139
37 52 67300 241
37 47 56468 22
37 33 10403 346
37 29 113395 535
37 46 71295 253
37 4 9163 333
37 6 23639 947
37 42 49470 125
37 75 72559 83
37 4 7945 1252
37 87 18584 639
37 85 5859 28
37 88 10573 162
37 35 3527 18
37 52 97582 66
37 9 7921 613
37 51 78426 35
37 65 13963 102
37 87 8875 68
37 63 54371 349
37 86 28164 241
37 51 4474 18
37 82 10455 731
37 39 48422 282
37 87 386739 29
37 55 21949 112
37 62 55707 181
37 32 24732 526
37 9 24025 86
37 45 27308 573
37 44 8998 242
37 35 14070 90
37 74 32359 366
37 13 6615 50
37 42 8583 177
37 44 27835 220
37 3 8373 315
37 74 8815 143
37 92 10723 1002
37 39 41178 105
37 78 27153 295
37 34 60082 893
37 1 27756 91
37 57 24368 990
37 36 42073 115
37 9 37375 142
37 87 5420 154
37 60 14178 53
37 1 28261 225
37 95 36872 246
37 100 29359 157
37 43 15817 144
37 75 49320 29
37 14 19601 40
37 43 40260 384
37 80 4580 88
37 46 39748 819
37 83 17189 688
37 23 145871 612
37 80 21756 717
37 62 14790 163
37 77 21640 510
65 81 47818 79
46 51 51942 16
59 90 26131 109
49 63 27080 9392
97 21 29961 96
28 92 25229 2431
47 79 76746 244
46 62 21366 353
34 99 8203 874
70 36 36760 226
74 3 7637 102
73 74 151304 100
38 40 6341 39
79 90 3612 59
90 44 42249 84
44 13 5718 249
36 40 34900 424
40 91 24774 94
29 27 57744 42
53 64 39917 1406
23 48 45259 54
44 3 52148 121
24 11 39255 247
73 13 37109 108
43 74 30256 913
72 27 12398 62
97 54 70615 149
75 80 9513 18
29 78 19804 205
16 30 29947 95
100 82 15879 140
20 39 19530 684
23 92 7093 384
87 28 32817 85
50 3 13830 61
82 98 14077 520
65 94 33776 143
40 59 6560 566
46 74 1715 157
68 78 83554 178
67 42 3897 22
81 8 31813 228
15 57 19764 54
35 59 63665 53
54 79 10098 177
64 88 19728 834
31 54 20849 58
17 68 48803 270
98 92 22180 62
71 99 3263 282
96 76 26819 91
45 7 65183 200
97 32 8539 826
39 88 15453 31
78 86 21421 60
10 12 33216 772
33 18 25436 239
96 52 60805 35
90 30 25860 149
7 42 23747 222
11 63 177779 100
85 50 38549 481
52 36 43728 495
31 47 43970 87
54 7 4767 208
38 89 11198 58
71 98 13506 281
91 86 48718 53
40 95 27604 323
44 84 15691 330
84 83 8660 153
47 9 177336 32
10 92 42980 236
30 91 19390 138
46 12 64696 121
88 5 7622 441
45 61 2269 549
84 3 11213 73
88 89 7800 175
22 59 172603 118
80 40 17448 299
71 83 9424 242
77 63 67331 29
36 68 7149 240
60 73 10400 1175
41 100 39304 375
84 58 11487 90
21 46 10037 35
1 54 14736 36
14 74 16592 93
15 3 10001 206
31 38 37524 24
99 87 14452 143
20 58 22356 29
92 86 237013 122
96 40 13743 51
35 60 155388 111
42 40 4676 80
43 23 4004 152
15 14 16125 51
16 34 24411 1973
89 53 51893 76
60 70 7240 225
24 75 12035 161
57 60 3169 181
10 58 32579 179
91 30 67476 154
62 17 18436 575
64 84 7024 290
54 11 14693 128
44 45 10769 123
1 35 19385 157
51 23 19101 149
42 67 85715 468
2 14 61850 50
27 67 11577 282
61 92 138013 53
96 68 1602 80
97 67 75567 316
13 9 34931 424
83 17 9906 526
3 50 10666 80
90 1 6808 250
82 92 44773 2193
35 81 45818 39
72 100 30792 454
85 73 13765 325
73 36 26607 267
5 51 47764 217
7 44 9596 231
34 60 2737 95
64 96 43340 36
33 67 11442 61
53 39 6680 182
90 54 23246 198
10 11 22195 66
56 50 22065 278
65 82 5042 223
23 25 7998 81
8 32 4821 123
72 24 32301 257
55 16 12221 50
47 72 25497 307
77 75 8582 618
61 51 11994 252
76 17 19081 63
95 59 17041 176
8 70 6961 190
3 74 10204 278
48 60 62107 59
84 65 10417 39
20 37 23210 119
71 18 24874 187
19 15 53348 618
16 88 54719 480
24 57 45866 292
97 6 46465 196
47 68 5937 17
64 10 10054 461
48 62 167702 40
10 87 31549 887
43 36 123012 156
86 87 13255 276
64 25 13023 106
86 42 124576 352
6 29 10365 184
5 28 35382 187
83 75 76752 57
78 7 19751 340
87 38 13126 231
68 91 15286 27
59 64 19104 65
85 98 62432 228
48 66 40686 111
24 99 43176 289
74 76 30111 127
14 100 17075 44
13 4 21249 669
34 70 30902 365
18 93 8170 209
97 41 44808 209
58 37 73358 102
90 74 944 688
72 75 10310 110
73 17 35959 129
71 85 152309 199
18 29 18349 62
88 53 8943 467
47 88 32764 242
58 10 4911 139
93 7 7603 63
87 89 84013 138
63 71 6793 196
93 83 20447 43
4 55 174656 65
6 91 17234 146
8 1 18198 136
56 23 54248 200
42 6 5475 235
40 41 13912 491
29 18 41062 194
57 88 14742 185
3 54 7164 923
20 17 42803 112
66 76 10454 20
11 48 50247 204
38 17 9154 264
70 94 14903 100
24 18 48040 75
49 82 118579 379
98 44 6549 44
44 59 16202 89
31 45 26961 46
98 70 10729 361
96 15 7233 171
99 61 9763 192
84 98 30725 198
53 56 138915 81
98 73 5224 87
78 52 8804 171
100 32 83576 134
78 51 49405 100
51 58 90706 40
14 28 16059 200
30 5 34045 285
16 71 9419 968
95 53 9191 113
7 59 12886 218
95 16 6105 167
64 43 21146 470
86 50 6455 114
24 59 6757 680
34 21 21739 388
47 31 166933 369
50 93 7804 373
65 22 29513 196
51 47 18537 304
80 62 23860 79
65 67 49745 100
90 14 7554 124
55 93 73645 2308
53 2 198728 480
98 35 5571 62
67 41 23483 69
15 89 3539 65
24 62 15679 85
8 15 13753 204
42 77 10749 44
59 82 12077 1147
2 34 21597 96
69 81 76109 65
1 48 3347 230
54 97 13235 70
53 80 9859 55
15 24 10117 484
6 31 26156 50
19 33 23957 86
94 80 33621 102
1 32 44886 275
35 73 18102 451
21 66 10083 511
70 5 45127 74
83 52 4833 48
100 74 70285 1802
32 25 8455 69
30 43 28420 958
28 7 36957 220
64 45 70900 150
77 64 15079 73
72 33 15116 386
77 92 68540 461
86 91 51621 1939
92 50 24545 1040
12 34 43830 73
22 78 32973 294
56 88 10298 62
26 58 11929 103
93 56 81735 87
71 35 25234 614
19 52 35460 75
6 50 14214 108
28 31 37742 119
6 2 106497 382
42 96 105930 207
78 68 16607 184
20 53 20517 89
83 16 34640 134
22 36 15631 258
89 62 6969 40
54 42 15957 361
36 24 12325 206
31 96 4595 255
53 31 13360 644
16 91 4512 177
69 38 19125 56
28 69 5262 93
53 5 175106 106
17 65 22160 47
11 84 12702 85
39 79 6262 444
19 36 43502 292
55 79 74408 994
30 89 22319 381
44 34 9301 174
13 20 164494 362
61 1 50734 584
93 82 23319 135
95 94 40069 350
99 86 10620 5
28 77 64429 67
59 12 5532 249
29 89 28375 98
31 46 16116 386
24 28 23327 167
61 35 1810 134
1 10 3445 202
27 69 73991 96
80 53 14918 450
70 96 75373 251
10 8 25734 393
2 22 18047 74
24 44 9850 442
95 25 14026 188
62 21 31075 15
96 92 48833 175
70 68 46217 70
5 11 13382 249
30 45 19251 245
87 84 14681 1307
85 62 23221 382
91 43 17679 333
24 34 14919 65
22 32 49967 463
22 89 17010 93
66 46 84808 257
77 58 39565 360
86 53 25438 130
86 54 49424 579
34 41 7951 34
20 30 217000 130
52 10 7352 459
55 32 8219 210
48 10 29398 186
27 36 243292 166
93 16 10949 94
80 93 56286 82
33 65 20126 1581
31 19 7932 136
44 43 10609 50
56 87 16712 81
84 8 66028 122
50 69 160552 242
60 91 15175 507
44 25 27595 163
57 84 2105 523
31 82 3193 267
98 63 13433 331
26 64 6401 23
15 27 34396 89
50 57 50830 103
24 17 19030 287
36 73 4519 43
40 85 36159 74
16 13 12111 78
87 61 62368 194
1 62 23880 221
61 18 23240 93
88 56 80683 116
11 2 24934 499
18 75 125216 52
72 84 31049 66
16 81 70906 124
96 47 22352 91
91 79 20623 219
15 77 14167 23
41 61 58712 67
59 7 46688 246
20 68 320793 154
64 29 109519 42
23 39 11324 23
18 77 14013 117
27 90 22281 35
69 24 51728 319
8 6 17856 176
39 53 35607 500
8 24 15990 147
13 75 7267 87
44 4 52223 123
75 33 8812 312
56 94 41420 428
41 27 14668 52
11 23 34940 45
30 29 10497 81
41 70 67160 55
39 69 2919 328
95 38 99064 158
97 8 3197 161
59 40 54387 368
84 70 3242 389
46 3 73741 695
37 495
24 275
44 297
92 2534
74 414
62 2958

26036054
