100 499 3 3
80 27 38111 1152
80 16 11848 78
80 65 74409 37
80 4 30621 199
80 83 21118 201
80 79 29371 118
80 66 28349 64
80 33 15355 291
80 9 52570 125
80 43 76963 347
80 93 24085 195
80 43 42675 47
80 89 42498 166
80 11 54372 86
80 8 68221 79
80 95 43261 230
80 92 106091 63
80 20 14897 150
80 41 100939 786
80 71 15995 146
80 14 27179 42
80 14 7760 75
80 100 73766 250
80 24 104316 48
80 50 60446 318
80 11 18282 849
80 76 18684 90
80 46 10643 281
80 6 15425 30
80 59 4744 60
80 15 18568 384
80 16 41389 45
80 88 69982 273
80 38 12918 96
80 56 20583 397
80 100 26564 1193
80 3 5727 82
80 95 25292 69
80 27 63413 129
80 4 16645 987
80 8 14938 51
80 2 8366 22
80 44 44363 34
80 1 61840 21
80 36 17499 176
80 69 6376 577
80 79 33172 1028
80 95 30795 19
80 42 31904 19
80 54 27276 144
80 97 26139 35
80 56 159400 161
80 17 23479 119
80 33 13251 179
80 32 41362 286
80 34 6785 41
80 39 18214 261
80 52 4133 24
80 35 21510 204
80 71 2238 114
80 11 4514 26
80 5 11759 106
80 11 29267 60
80 68 20397 161
80 89 35487 41
80 13 41582 864
80 27 9005 616
80 25 20925 248
80 83 13102 266
80 30 5113 430
80 78 79281 68
80 85 20287 236
80 24 10890 774
80 89 15281 91
80 81 46700 225
80 21 18480 174
80 43 77881 243
80 52 75688 40
80 15 12642 136
80 83 29515 61
80 85 12574 992
80 76 21740 123
80 100 213582 101
80 98 4601 63
80 74 58423 54
80 62 36059 159
80 66 3005 96
80 54 8958 25
80 40 114017 129
80 56 33734 61
80 58 23603 65
80 44 4763 13
80 77 134183 481
80 46 34559 33
80 26 2230 169
80 29 358518 151
80 91 39545 65
80 1 68192 90
80 9 62636 249
82 14 28646 67
56 84 24403 21
30 63 143336 155
50 61 28825 8
89 45 31290 57
12 28 11197 308
92 19 23240 222
43 44 5486 138
30 42 19178 155
74 50 35287 339
99 89 29507 152
56 48 22760 16
66 85 159452 309
99 22 19857 95
90 68 37903 188
75 96 14358 625
18 56 12662 45
1 100 15134 75
24 80 13767 66
69 95 10727 58
15 3 12128 508
69 82 66164 202
24 88 16482 228
34 16 20178 34
52 90 120980 165
52 6 8227 53
96 12 26936 27
16 43 93199 78
88 45 4838 460
79 84 21283 251
34 50 9707 148
48 67 6508 35
100 82 5649 51
32 81 19423 141
51 70 76962 452
38 52 22697 418
10 27 3102 206
53 37 10515 357
12 25 32889 318
27 37 22329 66
86 79 108101 151
41 78 15644 461
27 73 41423 63
23 3 70677 211
68 36 47220 122
82 67 4384 194
61 71 30008 62
18 77 7750 226
31 44 47174 892
6 95 17567 69
88 84 33103 131
46 34 6157 83
74 85 38913 156
9 86 7050 142
74 52 44304 621
71 52 4214 258
88 6 32164 349
71 36 38660 195
8 99 71785 169
28 42 15625 124
78 42 33695 271
71 73 11231 18
35 11 29440 369
2 17 161781 553
6 100 16669 97
43 18 19831 195
95 100 26253 251
38 30 50375 278
90 7 60984 305
78 52 29212 768
8 53 86288 150
55 51 10438 18
15 43 39836 255
61 1 49742 47
38 47 16739 106
93 83 36081 187
2 39 26371 328
57 4 67327 313
94 35 42087 71
57 15 48037 1258
66 41 35950 147
27 16 4904 215
22 13 18539 242
35 28 41031 19
19 89 23285 279
5 76 11869 358
86 38 38716 73
85 44 18645 469
80 45 30197 205
25 76 11041 44
60 70 34906 91
52 21 21492 170
25 18 302793 202
64 16 57439 65
99 35 51518 67
78 1 40123 714
49 58 66870 27
3 63 13095 105
26 5 22198 515
36 40 37623 429
83 86 20257 56
20 18 19269 280
25 83 98948 104
56 94 42357 183
76 49 30790 240
60 72 27299 63
99 10 6004 204
40 54 11758 218
62 27 47686 69
87 88 3470 116
13 31 5499 37
68 78 19127 124
47 39 64195 84
47 66 13436 389
69 77 34777 208
82 2 7097 565
78 93 45983 132
90 33 11945 283
43 87 7268 153
17 44 11194 163
64 69 47812 13
16 7 12710 116
35 34 14903 16
78 71 17546 73
64 5 23531 263
34 10 29195 337
24 73 28002 104
57 38 8956 87
97 40 16311 727
21 41 17835 389
91 70 8297 77
45 17 11133 37
22 68 140397 243
14 83 3771 427
28 79 6473 567
89 81 54376 197
56 95 51128 671
53 22 18801 46
37 26 12866 258
64 46 33626 113
21 100 8750 148
77 8 7286 90
18 42 6617 1935
9 34 34828 108
42 58 5104 341
24 60 37848 250
90 59 31561 41
89 53 6250 24
98 38 5501 57
87 38 9180 38
27 29 24230 1491
82 6 65351 147
52 12 21659 66
18 6 72563 34
3 56 41038 93
100 85 33918 208
48 76 93675 90
3 91 11201 261
49 15 27617 69
85 18 5252 157
35 50 9402 973
91 9 11657 164
75 52 72739 134
99 47 69643 48
21 34 20219 98
11 32 58324 1344
67 40 5855 42
65 79 38294 86
33 31 4342 100
39 24 26759 35
53 78 49534 378
81 78 16501 714
65 1 14970 145
92 60 19993 134
38 14 66342 382
35 16 21777 85
15 6 18630 213
40 47 9604 158
55 3 14821 67
76 47 21155 70
11 81 17825 54
68 23 36927 162
89 67 52327 249
31 9 5731 104
44 51 11702 175
87 11 23614 120
49 52 8936 47
1 62 84738 32
40 12 15009 58
55 46 45154 67
39 78 7626 125
91 19 35156 52
17 64 10797 200
3 69 11829 700
85 38 13761 25
43 97 5948 111
25 60 15900 388
29 32 1525 51
67 74 51417 153
2 10 76966 388
65 42 12377 39
77 80 33925 1032
13 46 12718 178
36 53 27721 38
88 98 82775 486
65 64 11151 97
43 93 30811 417
15 90 18517 54
3 95 13720 458
54 97 31379 789
41 87 17985 126
93 8 39686 61
64 33 205799 198
13 99 219424 149
58 46 18024 194
8 85 29166 144
22 89 20848 74
94 28 44902 85
52 95 15605 190
52 49 42162 26
89 16 5740 39
91 68 4434 159
25 40 17990 203
93 31 10099 22
59 25 24806 498
70 66 127102 389
47 59 18337 246
58 31 11925 201
74 7 9522 151
6 59 3998 76
50 4 2476 421
22 56 25716 694
67 96 60521 285
9 15 80805 157
62 20 12675 274
75 94 18568 150
60 93 19493 162
15 79 36288 23
38 79 17222 266
68 63 40533 88
49 78 9941 153
11 64 10268 69
19 24 20021 93
88 30 34161 61
78 62 5430 234
43 90 7022 130
83 6 32427 65
86 1 22516 62
68 98 70792 134
6 40 13799 95
80 22 2396 41
20 59 9705 25
67 65 4920 637
39 82 85819 279
13 76 20272 89
8 12 40826 104
5 94 10958 65
9 12 145694 175
35 81 20419 159
11 24 11694 52
43 23 34180 220
27 69 49561 196
61 8 3073 95
5 17 31610 57
81 38 6990 59
31 26 15135 532
48 46 42670 87
76 74 63069 285
30 93 59910 485
11 36 14161 253
40 67 17245 748
98 89 34641 133
83 57 46756 55
32 54 27581 63
70 17 4142 96
45 81 42740 47
93 47 27098 175
39 57 17930 111
42 5 10501 22
57 95 53182 430
14 58 27265 101
67 70 44407 54
51 12 80283 503
18 72 15701 177
56 44 10341 257
98 40 129152 96
47 5 58505 123
28 8 16885 331
98 43 15849 14
15 56 10967 69
28 59 24616 55
24 68 7130 10
62 44 27842 556
58 65 4458 90
91 27 12153 563
24 95 25505 87
63 83 8472 184
99 74 21615 157
4 38 37442 218
82 88 59141 463
91 86 3955 302
28 26 34925 24
100 39 26823 817
74 9 37193 160
16 94 10332 191
85 35 140348 145
53 3 110262 180
69 94 12934 341
65 91 24862 243
81 76 11299 399
45 32 14318 208
2 16 8308 409
76 93 96225 28
62 59 17018 208
33 71 43104 43
29 5 17065 59
34 63 26201 135
9 62 140803 46
78 43 7093 106
25 14 34481 364
1 10 12478 129
69 80 12929 49
49 51 22848 173
35 51 30520 640
90 58 51610 82
50 24 35508 73
27 3 35960 28
69 88 12446 528
49 98 7540 38
82 9 1964 238
64 14 13884 345
11 1 7134 61
94 48 13442 216
3 67 36951 591
82 40 26348 595
94 26 13831 120
71 2 89087 104
14 91 34980 38
25 46 56071 586
35 10 6765 105
86 3 55220 68
63 67 21404 705
91 69 7956 129
48 96 22991 30
23 25 2171 485
6 76 58445 130
18 45 63894 301
10 63 4787 289
17 10 27067 272
17 95 131898 132
40 15 8596 299
52 27 9875 86
59 12 10518 773
94 34 25279 149
73 87 43274 460
26 13 25993 72
35 31 31782 101
44 3 1843 153
36 56 5490 335
100 57 51733 59
46 31 4048 211
86 77 5221 20
19 54 93108 1293
62 4 28710 255
42 27 24435 90
75 58 26486 109
24 55 26082 172
23 81 110908 172
30 46 3348 112
87 59 83245 1150
48 7 41337 233
40 90 10742 910
29 13 43138 180
57 10 50666 24
91 10 27733 61
94 12 54082 73
28 15 30314 147
81 69 21875 988
89 92 9504 95
35 46 18017 259
47 15 11763 327
41 33 9961 134
5 8 73007 166
100 28 38633 55
84 94 6378 70
70 71 33767 83
19 83 18265 541
84 14 7647 311
35 70 98677 133
88 47 14936 158
83 79 3305 154
46 17 15103 749
99 1 14824 121
44 4 43010 281
40 13 53562 55
1 32 17581 71
98 3 50138 8
54 37 14135 808
34 76 4093 35
72 52 62469 208
80 303
35 275
91 40
95 276
46 268
76 202

11366028
