100 499 3 3
26 39 40650 209
26 99 4602 489
26 98 2675 172
26 94 37703 92
26 51 16278 229
26 50 72183 96
26 37 58028 328
26 7 18187 247
26 70 19301 157
26 1 133067 55
26 28 10338 31
26 81 7677 183
26 57 5332 93
26 85 35896 172
26 31 3267 379
26 65 13418 35
26 29 10259 178
26 6 61206 323
26 97 32019 103
26 60 17801 246
26 79 7719 131
26 7 23455 29
26 14 15726 474
26 96 18915 275
26 50 11316 155
26 22 39562 265
26 55 14141 323
26 90 13409 280
26 16 59682 434
26 83 7886 171
26 61 16935 806
26 80 6855 344
26 19 6858 95
26 55 61282 84
26 22 125134 63
26 31 1998 144
26 12 2613 41
26 59 26647 128
26 40 68566 25
26 64 27842 219
26 93 13255 334
26 55 92487 1602
26 83 20510 68
26 86 16099 63
26 8 3340 113
26 83 18040 175
26 68 8679 56
26 58 20731 107
26 55 37215 149
26 27 46697 277
26 62 35441 218
26 99 7066 98
26 67 62739 146
26 15 15730 41
26 68 14614 53
26 51 24364 72
26 98 23424 494
26 98 7373 302
26 2 17219 535
26 88 21376 111
26 23 51319 610
26 67 13260 130
26 4 58921 216
26 4 34455 266
26 91 23413 282
26 35 74665 98
26 71 15631 303
26 40 8244 32
26 99 15412 229
26 1 8434 254
26 69 20996 96
26 16 5191 508
26 98 33114 291
26 30 12052 29
26 34 4903 4
26 77 101683 67
26 57 57353 75
26 36 5320 78
26 33 36830 124
26 41 62591 71
26 15 19547 69
26 96 27973 198
26 64 96903 329
26 78 32741 186
26 1 18142 63
26 63 9733 52
26 15 30234 185
26 85 15222 55
26 76 18740 143
26 12 82816 59
26 22 14712 330
26 63 3732 39
26 62 23284 99
26 53 72961 793
26 53 31698 152
26 27 23510 201
26 45 27669 139
26 86 8308 309
26 89 6993 241
83 34 8484 258
67 79 22020 521
15 81 12316 849
66 81 81329 136
72 27 81590 115
76 66 29863 173
100 69 53059 374
12 72 101988 68
32 99 12329 77
30 84 33801 125
93 69 54765 196
28 71 9261 15
50 28 296020 254
88 95 17044 131
87 18 52235 60
35 38 33896 31
93 97 6236 1329
45 1 5636 78
18 52 20117 88
62 52 43076 57
49 2 7181 548
3 92 22681 569
11 64 36086 646
93 80 84171 129
23 76 5139 122
38 33 6561 104
82 50 14380 159
2 60 32595 62
98 34 12647 128
42 66 60061 94
96 43 11652 70
63 42 9190 88
9 16 16651 12
45 85 24497 95
16 97 5784 96
43 31 36880 59
57 27 17868 185
2 38 43030 145
41 11 203197 28
65 63 29138 8
39 42 16596 92
64 59 37467 186
68 9 11873 328
19 41 119907 298
47 35 14472 46
91 8 81916 168
59 4 8969 77
85 37 11498 87
2 13 15073 290
75 38 18425 85
39 55 3615 150
35 90 12534 960
82 60 26630 64
8 47 10285 118
9 4 7626 118
84 59 22878 161
54 48 47357 147
92 67 18154 348
99 26 22357 96
60 21 32185 41
8 9 3226 100
45 87 120411 360
71 17 60091 424
34 86 13243 354
16 48 3686 45
98 37 29966 134
85 18 195223 419
5 18 30923 282
61 69 67120 98
10 71 23102 415
62 79 25174 100
92 85 46978 232
56 83 43934 273
91 79 8832 257
53 41 7760 237
73 57 87053 39
21 52 10139 180
98 51 34673 812
79 1 47760 235
25 44 7232 565
75 63 20052 46
66 11 92044 144
43 4 92063 712
55 99 7151 76
64 30 29930 124
17 53 21758 31
98 1 48474 82
68 97 18219 170
97 83 112690 265
69 86 7222 36
44 14 10898 63
9 91 59426 293
25 76 5385 250
56 5 4159 143
76 33 19095 84
47 79 7675 80
16 70 44196 51
70 36 9915 102
6 44 28709 83
8 49 48250 472
48 78 14292 258
12 47 16349 60
63 5 27550 107
55 4 82527 201
21 27 12688 79
82 36 6602 76
19 66 24300 345
53 93 35064 155
73 78 65482 295
86 9 8288 246
40 3 17976 391
11 51 18078 231
79 32 9180 85
37 23 23793 238
48 42 17537 224
87 50 52724 590
9 100 20055 464
92 55 25796 750
63 46 71396 82
33 57 2292 229
49 14 3017 246
34 32 27374 50
85 27 16279 668
6 75 31915 63
88 40 27187 81
30 99 41428 453
81 52 52938 103
35 89 69995 321
85 89 10676 98
69 40 27515 36
16 50 25741 187
1 53 8147 198
5 100 73949 189
37 97 66097 211
11 80 13246 385
41 77 19479 110
38 51 8804 670
41 10 6674 279
53 21 113249 104
22 31 54641 56
98 39 37783 193
70 77 19016 50
11 13 9260 350
61 2 41556 76
9 74 44778 216
2 36 24338 136
58 37 7885 304
100 72 20609 1761
60 15 14352 78
35 55 30771 107
49 8 53163 222
50 37 11479 199
40 44 116537 163
45 72 71326 886
78 66 11874 402
86 31 3971 146
16 66 11459 66
93 96 12419 13
6 28 17787 65
47 43 25192 51
23 37 27021 77
38 12 26460 96
4 73 13287 151
77 49 15803 409
25 53 7576 71
30 9 143146 78
60 48 4832 247
28 44 20782 64
66 94 502 1773
16 3 21753 478
85 11 13735 152
32 6 33562 147
97 42 14623 81
40 82 1936 320
9 43 47031 232
57 21 20974 281
63 39 62371 200
53 23 3728 435
88 48 20642 64
75 62 28589 58
7 27 32685 94
31 80 8982 50
80 33 9338 105
13 73 4079 186
20 2 9067 34
90 60 60368 156
20 54 13286 128
80 72 50826 158
45 2 21595 95
29 56 28381 102
43 45 20722 366
80 21 5647 510
44 57 8813 887
5 86 19968 116
69 48 37244 718
34 58 11484 150
18 67 59055 47
13 50 23559 52
50 13 17173 1906
99 70 60461 752
58 61 27997 114
77 33 9206 77
2 8 10645 722
6 50 51803 480
46 22 7483 104
77 2 4651 133
43 85 12953 89
75 91 4734 51
6 47 10584 743
18 83 11839 47
71 54 87042 151
96 78 19532 1065
1 38 4342 119
85 31 37479 143
25 32 119590 24
70 32 43743 104
6 89 17699 48
31 94 13205 139
80 52 17641 8
46 10 43331 521
23 50 23064 43
57 64 148709 940
54 81 11549 231
39 73 24107 74
73 3 17712 95
64 2 5811 33
6 16 82425 55
49 43 9886 297
19 26 39392 158
78 98 27393 119
95 91 81266 169
72 77 21018 222
18 53 17359 203
84 96 4205 244
23 32 55638 542
92 8 34125 75
66 9 16772 176
41 43 46589 80
87 9 2658 266
41 73 24536 50
59 2 6805 202
40 59 7465 296
64 83 13381 272
18 72 4971 80
85 76 45359 242
82 49 46932 205
21 77 19949 454
73 21 12456 316
1 70 15745 139
87 58 54746 417
84 79 14754 144
11 21 68089 1584
43 69 34403 167
21 61 78417 183
32 16 5069 179
50 49 57437 677
30 24 52335 713
64 37 5147 40
86 48 10319 92
27 87 113329 60
48 28 5693 175
30 34 5131 373
56 79 20026 343
69 17 18320 96
40 94 62786 78
79 90 17825 4
3 37 52231 587
60 86 29832 72
69 52 14152 483
56 10 23374 356
4 18 201986 232
73 17 21614 94
32 92 26491 53
72 29 5946 273
76 45 19214 768
33 52 29267 134
11 61 24640 298
100 56 6720 295
73 79 27620 41
75 64 13941 681
24 63 64848 355
70 99 57599 434
98 68 8043 394
83 59 18709 43
17 21 12173 45
15 40 7609 113
43 24 51563 343
71 18 69069 248
86 55 22454 177
39 80 14266 252
49 41 7402 34
25 52 11694 739
19 9 6250 181
75 23 39945 533
3 50 7740 97
1 73 48472 259
13 38 12397 178
74 31 54423 112
56 89 86799 790
56 45 15812 159
1 49 71451 181
24 92 10753 266
59 63 21327 203
47 94 8778 97
36 16 31922 18
32 47 38481 237
44 50 56294 211
81 16 14613 220
10 69 5718 245
96 80 112388 602
18 6 16232 68
35 100 11757 26
21 1 71113 157
40 16 65508 241
7 23 15955 197
29 48 46329 297
45 4 71830 67
26 52 81036 54
85 92 74545 114
42 5 37323 289
31 91 9789 191
96 48 25897 19
73 80 7353 1539
24 52 8404 145
93 20 51930 128
5 17 4739 639
88 50 9709 20
38 29 169788 667
35 27 26782 79
76 14 76378 106
54 55 52403 187
73 34 30295 311
6 91 117237 131
92 41 16740 74
20 23 17476 137
43 90 18055 497
23 29 5735 833
22 78 80820 403
85 48 20707 173
68 70 229256 91
100 61 9313 264
42 48 103149 370
97 16 18192 171
78 42 69046 99
60 97 21267 133
51 92 11315 29
94 50 47855 197
22 71 8152 387
81 44 17066 122
54 36 35930 270
84 52 42674 123
93 14 14663 119
82 86 13062 553
8 100 227201 70
64 26 13257 84
32 57 91494 549
51 20 2621 59
30 87 33741 106
78 28 31123 152
31 18 9014 25
99 20 41119 39
15 20 39418 83
91 59 24399 447
70 58 22278 62
99 95 91241 114
2 96 3419 155
82 85 29061 212
11 95 9439 547
91 16 43826 224
59 23 14316 307
51 70 5651 180
23 63 9670 36
51 74 3161 35
58 84 26961 190
6 80 39970 142
53 85 67213 44
40 62 37311 158
64 17 8299 255
96 8 12800 390
66 95 22336 124
22 10 40424 197
19 78 4976 527
85 71 8507 182
98 87 6924 66
36 82 37780 22
67 64 20266 158
72 12 182032 399
70 35 1471 365
95 55 26487 433
28 35 54555 75
99 28 6682 44
72 65 8045 60
21 4 1627 428
55 85 3293 178
45 38 16558 35
83 12 9921 120
69 77 57593 60
8 13 16534 54
58 5 9431 136
73 39 63153 934
26 400
85 120
73 36
50 111
52 358
55 657

11288285
