100 499 3 3
53 50 7284 55
53 25 3834 208
53 11 21409 52
53 12 23753 1161
53 45 8189 64
53 86 21984 113
53 8 63667 138
53 91 11441 126
53 72 60344 69
53 87 21111 64
53 10 30678 343
53 47 16083 469
53 40 6028 51
53 70 58343 131
53 95 29480 96
53 6 4390 309
53 30 9963 163
53 26 16328 350
53 48 56206 84
53 45 44305 655
53 37 5790 78
53 55 3852 75
53 76 13564 1600
53 52 12025 45
53 34 110452 228
53 31 13098 168
53 29 46246 77
53 44 30048 207
53 61 39646 135
53 15 9470 64
53 96 4304 297
53 66 44920 73
53 52 21062 170
53 100 10074 809
53 34 16205 104
53 48 27763 194
53 7 3877 50
53 36 33724 822
53 12 77931 281
53 94 10628 172
53 12 21686 61
53 40 37554 138
53 27 14138 107
53 92 4201 113
53 34 53020 193
53 86 12293 750
53 21 80316 422
53 41 4701 76
53 87 25635 239
53 99 9037 211
53 31 6316 72
53 59 8110 86
53 77 8567 47
53 98 29991 80
53 56 78249 153
53 21 14478 18
53 95 82107 103
53 68 10130 41
53 82 79209 26
53 74 22217 52
53 12 37552 608
53 4 22045 118
53 70 22545 930
53 24 37514 426
53 54 21019 66
53 36 9471 153
53 40 22854 176
53 23 61821 371
53 46 5494 138
53 38 5960 109
53 9 52467 70
53 37 11411 44
53 34 21109 142
53 69 63406 91
53 79 26059 430
53 93 25347 117
53 25 9712 93
53 38 81282 162
53 14 32192 40
53 17 9510 143
53 52 12708 227
53 46 15260 3016
53 46 18788 180
53 95 55679 240
53 17 15631 102
53 82 74291 113
53 71 178049 289
53 95 18426 295
53 83 18891 33
53 42 61838 284
53 25 36307 469
53 82 23310 117
53 75 11673 45
53 90 10224 444
53 17 20345 57
53 6 33316 344
53 89 32448 52
53 61 32976 82
53 4 6203 72
19 5 30509 804
66 76 19959 720
4 57 11953 60
39 52 8551 94
81 78 63088 85
56 97 53917 342
25 48 124219 452
70 3 24806 44
12 51 21331 719
94 9 9648 47
47 33 13161 34
2 69 23703 408
91 77 18995 58
86 52 9702 202
20 99 5264 461
72 41 49992 33
11 22 179848 37
49 65 15544 147
25 2 32374 127
68 84 10730 113
57 5 38248 659
1 64 26434 207
13 77 14861 179
8 10 33665 67
17 4 7712 46
31 54 20013 16
16 18 9887 410
80 77 68181 96
9 10 52568 100
50 38 19069 116
15 45 28672 382
28 46 46439 293
10 63 23153 49
75 87 8127 303
58 27 163379 1353
98 42 42295 296
7 94 19297 136
73 51 21005 122
67 34 33879 139
100 73 10325 209
49 43 21220 91
91 85 73130 32
87 45 7720 901
97 60 63435 80
30 87 46492 275
74 26 26679 186
80 36 132532 1124
60 9 12155 163
43 65 38988 65
28 43 102702 29
92 59 12331 288
40 87 106837 1336
74 13 140050 500
40 82 40338 222
84 72 21010 71
100 52 207171 123
7 42 32601 157
15 55 5529 271
72 12 25192 192
34 6 41519 244
91 18 74423 136
12 27 55889 245
92 4 253520 197
56 63 9152 359
18 44 9604 89
9 86 88047 139
63 3 15463 174
88 36 75084 757
20 22 20980 131
42 97 48906 456
78 46 62923 270
7 70 46904 193
14 59 73342 95
79 90 6833 234
33 30 18390 298
57 8 13944 529
17 31 20473 586
32 94 83123 44
97 49 16146 112
9 57 23881 133
20 97 27135 29
82 90 2085 27
83 2 6706 92
50 8 28794 407
13 7 24294 123
11 25 13640 206
40 47 9926 99
35 77 127816 156
97 95 15487 862
76 26 37827 416
42 4 14154 95
32 49 27433 179
58 59 52197 97
35 18 34497 268
51 25 2404 250
93 7 35411 109
27 87 7174 95
89 67 7804 779
94 33 106856 165
87 70 51227 29
47 97 22548 396
43 7 2224 302
45 46 15515 112
9 5 14426 464
41 10 3924 107
89 17 7585 267
8 42 4363 25
82 73 19443 99
12 94 14650 114
39 13 30950 307
6 78 21674 198
39 18 7885 41
92 74 3801 214
54 82 16330 336
58 32 8051 152
72 96 85830 279
55 48 27688 163
80 17 22668 588
82 80 51414 91
68 45 15810 166
71 10 33378 823
91 57 57783 1708
37 65 87268 649
99 28 28334 60
20 30 16584 132
97 31 32914 306
52 69 13160 124
18 19 3410 510
25 51 48549 15
74 89 15578 68
60 78 6886 159
16 51 26074 715
36 38 13253 491
40 67 20010 512
43 50 5864 101
91 51 12988 346
49 13 20080 80
50 93 9067 548
19 98 48601 81
25 83 123946 38
4 59 150021 444
90 9 187737 796
47 4 103318 344
37 44 48817 59
7 90 3955 112
78 95 104326 148
58 7 7842 199
14 6 159193 424
54 61 19722 178
80 53 3579 73
57 6 4299 85
63 51 34651 64
50 97 74489 91
96 75 29958 143
49 88 3504 635
31 53 34838 285
55 46 12495 188
44 46 107167 118
96 67 17975 824
28 81 23876 190
96 20 22314 185
92 6 32918 47
35 29 40620 150
10 98 23151 27
98 66 69169 125
14 13 14502 1099
33 49 23327 44
50 39 7150 24
51 50 18354 44
38 72 13641 159
31 85 5105 29
73 10 35474 196
64 19 34932 60
50 94 16667 101
28 37 19588 92
55 74 27133 27
2 75 12323 14
76 7 24145 40
26 17 60572 205
85 6 13725 293
63 42 14320 67
56 16 21552 75
100 71 22563 48
5 15 38107 124
60 67 12135 346
61 88 14865 24
20 59 35800 1300
70 33 24425 78
89 3 13991 716
93 51 14037 33
8 20 15100 124
1 52 23200 161
70 83 18470 420
26 40 6071 99
61 22 64150 36
79 41 9613 35
78 23 56113 189
21 25 17470 135
49 92 16681 1253
39 100 21441 64
63 53 14604 118
38 91 11198 76
93 87 20698 23
85 88 11746 2267
68 58 20796 25
4 42 45862 67
24 34 137474 309
48 75 42493 236
95 67 34955 44
39 42 15300 115
1 5 9680 401
96 87 1428 10
93 42 95850 154
1 99 9745 45
75 72 61581 61
40 74 98939 149
41 32 38568 102
30 38 27695 19
56 86 6178 42
38 86 144255 117
56 53 77208 139
31 24 11032 28
71 84 51485 215
1 53 29073 491
36 56 210367 349
19 37 5918 323
6 66 36972 663
43 53 30576 262
64 78 7807 670
100 80 53157 75
69 20 67229 82
91 36 41390 697
68 2 13278 55
14 94 16504 144
81 24 61028 268
12 80 154815 28
94 75 22432 75
33 71 11496 78
54 86 40942 31
78 29 18377 61
78 63 15691 268
82 99 5332 110
73 17 57340 27
99 25 72033 51
42 55 13501 69
100 86 76314 36
55 91 20538 427
71 43 13442 143
41 78 41777 162
59 46 24799 255
91 70 49621 95
84 59 48194 133
48 4 10249 73
11 62 36473 158
1 6 18460 673
89 7 21074 167
97 12 86629 233
66 63 35666 273
47 66 11795 296
39 81 10207 315
42 91 60951 109
74 25 9814 110
72 22 21546 482
22 86 103739 2557
58 8 7186 65
8 7 46518 61
12 49 15185 229
26 39 20847 92
54 13 25618 466
21 1 13395 56
75 25 23700 18
69 82 16336 22
45 58 50404 33
81 89 4213 136
13 45 14688 201
74 15 4821 256
32 52 3018 356
95 40 19117 29
96 64 26146 68
51 95 7030 155
83 73 17540 197
5 64 64630 115
54 38 140216 180
39 26 11878 127
86 2 37462 124
69 16 11882 60
71 28 22496 209
39 95 17369 177
70 78 46624 190
58 72 116142 204
61 15 23708 625
52 97 105894 107
11 76 19254 237
30 13 12244 66
56 91 19314 128
34 90 47622 24
90 32 11230 325
52 80 1654 75
85 36 18739 130
68 31 18168 132
36 73 61906 767
7 40 11992 70
31 70 17537 1750
10 53 28877 126
63 52 3580 82
94 72 12417 117
94 8 89944 210
7 96 92571 91
37 34 20721 111
73 67 23448 193
85 74 20194 192
87 49 5638 570
6 69 39433 59
2 70 7048 140
86 91 19152 36
100 91 114022 189
96 1 8321 415
64 42 5066 972
98 36 12655 239
63 37 12477 660
87 15 42596 94
25 69 13529 63
93 33 21594 100
29 95 160100 945
59 56 2893 643
49 80 55091 590
100 11 6699 430
98 23 14863 144
27 79 6070 58
27 37 58234 101
9 81 57340 305
52 20 10358 168
15 3 6323 152
84 20 10341 165
61 65 814782 50
62 44 8138 37
82 41 59144 61
10 45 73322 374
41 37 16184 273
10 8 10705 43
22 71 135191 63
53 39 56644 139
27 91 40909 94
91 84 12700 107
81 63 13225 195
37 5 6040 321
42 14 9035 1581
89 86 4528 182
71 20 73205 121
57 95 40040 177
30 49 30966 1091
99 48 49295 319
34 7 22311 108
78 50 6630 23
33 69 22750 98
4 9 23786 29
66 61 112484 91
12 55 21558 427
34 59 103266 332
46 38 62027 160
35 91 9143 63
55 37 10226 294
9 92 64326 150
69 87 72848 70
73 47 40560 497
88 59 26842 196
65 70 93405 289
58 31 49682 264
62 38 5766 281
22 35 9194 88
4 63 9055 45
89 13 10741 168
100 65 49131 108
98 13 25979 82
35 90 15483 199
70 37 37789 73
8 32 6620 870
38 34 80314 365
66 2 2299 89
91 52 17550 211
5 45 2264 27
20 62 7310 719
8 81 11054 1252
42 63 13630 59
80 70 34836 144
21 73 5003 255
54 77 42682 29
75 3 119713 795
97 4 42647 144
33 90 37396 94
52 93 9339 37
96 45 41764 343
62 97 56705 268
35 4 16108 30
9 63 3748 111
26 24 20710 91
42 89 37462 117
23 89 56866 28
49 73 50873 225
10 1 87869 210
53 4700
91 9
100 24
95 5632
52 953
87 6579

270890789
