100 499 3 3
42 61 15208 79
42 58 3043 93
42 91 31964 300
42 44 13996 68
42 6 48068 81
42 33 11856 41
42 77 7288 89
42 10 72121 173
42 50 11708 761
42 15 16367 322
42 85 11161 66
42 37 46636 265
42 53 20058 103
42 19 3364 109
42 93 145138 86
42 8 65356 49
42 7 89695 292
42 9 14555 352
42 52 13089 185
42 68 20591 110
42 63 11631 188
42 47 94387 266
42 27 23314 74
42 89 66873 33
42 20 3954 462
42 96 10712 86
42 84 11267 420
42 1 10759 50
42 4 16848 58
42 26 4714 1416
42 83 14389 110
42 86 19517 42
42 46 7327 234
42 98 24132 239
42 62 13850 35
42 45 18394 145
42 71 2951 87
42 23 28153 285
42 66 27754 50
42 90 18511 209
42 72 8336 56
42 80 53480 100
42 35 22200 677
42 30 27884 59
42 73 35559 249
42 49 8988 210
42 25 36472 62
42 54 24624 471
42 82 9204 85
42 38 59347 29
42 31 15841 183
42 40 15131 82
42 21 14104 284
42 99 46071 42
42 22 28122 325
42 36 106837 1018
42 17 22474 256
42 57 19619 210
42 48 127287 501
42 16 65048 135
42 2 9500 54
42 3 158837 17
42 70 18149 408
42 12 135022 90
42 39 16541 781
42 18 32192 165
42 28 28673 28
42 64 31558 67
42 75 170221 196
42 34 68919 228
42 56 53125 379
42 97 93290 766
42 87 163994 287
42 67 20317 234
42 5 13920 376
42 88 24428 315
42 59 188347 143
42 51 66111 153
42 55 50958 38
42 100 21099 129
42 81 14410 558
42 41 10858 706
42 43 66601 255
42 74 25946 387
42 60 15719 47
42 95 57902 42
42 24 4325 95
42 65 176976 161
42 78 69361 145
42 13 46916 678
42 79 17755 28
42 11 5885 409
42 92 35151 455
42 29 40185 173
42 32 127804 21
42 76 3029 158
42 69 238712 49
42 94 96950 332
42 14 8204 293
30 67 5623 43
87 83 3342 29
7 35 22005 71
29 25 15002 63
18 52 11877 13
11 15 23102 120
80 46 16909 83
27 62 7647 647
74 98 35385 55
97 49 75358 31
48 13 1302 157
9 38 17481 318
94 57 28479 214
69 93 69522 292
41 98 79863 110
30 12 27740 745
55 99 22968 96
40 38 17927 98
74 42 9576 60
18 58 16267 260
74 52 6318 151
83 56 12358 530
72 60 51397 916
32 77 20366 211
5 37 15074 98
51 21 55377 218
43 9 45635 268
32 96 21226 158
15 5 15344 483
72 8 41065 14
62 66 8025 114
17 61 68327 277
23 1 31247 203
88 13 4650 113
75 21 9576 182
30 43 15021 143
95 45 12183 316
59 81 16464 605
85 91 6943 640
68 33 11343 421
40 37 7693 65
83 20 55589 117
7 5 53161 377
95 41 75907 98
95 70 43687 346
93 2 4010 155
30 7 79321 372
85 26 25127 194
23 57 60248 480
51 43 53902 188
7 19 7622 80
4 57 59808 361
13 28 39769 99
23 37 172179 207
84 30 5847 181
76 68 15152 93
37 62 47699 221
87 23 8321 51
45 4 10334 1241
85 99 1754 83
98 10 15735 239
50 92 21151 108
30 29 42359 329
74 26 204508 61
14 36 10637 192
24 97 12635 287
29 68 211288 914
35 74 119883 110
26 96 124173 181
48 4 4102 78
23 36 94714 636
63 16 9451 35
25 16 6630 107
9 74 136907 13
25 84 41115 74
55 51 60361 146
81 79 93062 23
92 39 5237 706
10 1 22220 55
66 19 12945 450
13 51 43855 100
100 65 111115 148
43 80 37599 150
55 69 16962 37
31 10 16005 88
39 51 12597 86
11 64 13004 132
39 93 24503 195
84 3 28013 180
85 35 11297 43
67 78 3981 323
94 44 13876 283
33 10 18327 310
27 65 12107 619
19 8 12153 225
83 27 14771 147
82 69 13540 379
30 51 45267 82
35 45 12719 395
20 6 20313 78
69 4 21222 223
32 82 15240 71
3 65 27045 130
78 94 8527 88
45 21 6356 112
92 77 24482 157
100 15 5462 107
93 89 23810 69
24 27 20024 74
70 1 30343 315
75 77 211874 97
65 11 18825 107
71 77 11081 62
57 70 24634 62
80 34 11914 322
99 33 42498 323
69 58 23921 115
38 69 32011 210
55 81 13901 144
56 91 5016 108
47 34 13421 430
45 16 33880 158
100 85 21548 120
32 98 96266 271
30 76 25243 248
39 50 21274 215
91 70 6252 39
49 95 17950 206
21 64 23829 79
5 84 78243 164
90 38 20153 64
58 25 19731 44
55 61 39724 230
25 56 5568 117
34 3 9559 133
96 19 11435 125
7 77 3149 105
26 78 34946 519
28 9 27302 726
81 71 8440 35
2 8 56164 116
82 35 5992 715
29 94 40176 48
50 40 19886 85
22 64 2083 303
82 25 46507 255
57 31 6856 64
71 57 11132 1034
44 5 27852 778
55 37 5406 939
21 79 51742 651
71 61 15983 101
47 31 9477 709
93 4 28927 465
50 37 35167 96
99 6 1714 70
96 13 4438 245
23 52 8805 561
52 81 20006 174
37 25 55634 575
31 3 149408 38
61 87 16547 71
71 32 67194 513
19 88 12563 60
65 47 24002 88
72 1 33030 905
22 31 41453 284
78 63 8616 54
57 62 51938 23
24 83 11952 188
11 89 14018 169
90 55 30050 59
74 78 3589 13
34 16 14223 123
22 78 4110 342
9 88 16244 162
10 17 5523 82
68 35 31282 151
33 50 52856 948
85 39 4164 117
50 42 12168 51
74 41 26190 45
61 21 107443 75
85 63 17548 82
7 24 13732 76
32 12 22119 7
14 10 45331 504
52 58 28501 29
36 25 21280 371
77 5 30231 83
34 88 6500 93
83 12 10918 164
7 48 29620 147
23 35 25509 156
36 51 5121 305
77 29 121662 243
87 35 26096 148
74 54 5922 140
79 51 9071 208
93 27 152914 236
90 34 30053 18
15 43 15733 44
13 16 106850 470
39 11 65690 56
33 71 20975 133
66 14 6122 140
48 24 23962 103
46 93 44251 88
69 50 34032 196
100 52 12852 131
74 5 49133 148
80 53 29992 270
62 47 6829 140
37 54 26927 392
11 9 33480 380
89 70 27699 82
69 27 130499 190
33 20 11547 205
24 65 15571 383
87 15 19264 26
59 44 50591 1062
68 92 13939 35
50 100 87343 264
53 76 47046 90
67 86 32575 520
82 3 23388 73
54 68 28249 122
96 37 23340 90
12 83 16965 68
50 96 32988 14
17 88 65185 868
71 93 29627 35
5 83 33373 255
31 81 35491 238
50 93 145456 498
33 99 13809 277
57 53 11437 60
32 16 14917 118
18 23 5248 265
65 77 34026 56
7 10 34488 157
98 19 16748 10
98 15 106775 94
5 1 38059 25
23 67 13501 28
44 42 26152 285
71 49 37176 396
72 84 51238 116
86 76 24801 363
15 83 25377 1047
28 46 18889 255
3 99 198830 122
97 94 7809 164
2 69 9954 51
68 28 6852 176
73 53 18530 173
26 83 28583 21
11 96 82954 389
29 35 14697 247
50 97 137294 331
60 38 29224 374
88 90 9496 84
61 54 10075 96
78 73 9001 65
26 59 14444 420
90 96 4074 206
58 21 37390 188
86 24 82531 24
64 62 42264 165
79 88 80934 304
33 5 11423 295
44 63 27672 66
4 46 22221 590
30 46 24965 120
14 75 9725 210
66 94 1227 896
44 28 13826 102
32 23 63139 560
84 88 16752 233
6 58 9233 776
49 18 18038 107
61 2 3574 90
13 48 9917 207
77 25 11207 27
35 91 25295 135
43 5 5954 141
93 22 39840 43
38 34 4572 389
80 11 135264 177
9 23 84235 1231
45 97 4673 201
63 53 19538 66
43 57 35056 294
75 42 8990 218
81 53 19563 160
50 77 109863 213
88 54 51447 363
31 5 57563 159
17 38 20360 793
55 96 9495 60
93 62 8708 115
47 16 29488 933
14 48 137423 195
86 67 9950 140
43 19 47675 74
48 14 31115 19
3 94 13381 104
32 22 18408 272
33 22 16452 60
51 14 128298 119
71 18 5835 163
43 81 12485 52
2 51 22845 45
99 79 77286 260
29 61 7901 34
85 3 14661 182
48 6 23584 59
39 42 27832 465
58 3 22812 149
50 70 5020 209
56 36 39691 83
44 54 34394 100
53 34 18560 119
38 13 22523 607
100 89 79605 255
12 39 6398 41
60 39 4254 379
94 9 22586 140
17 30 5056 114
36 88 96135 341
25 50 41572 299
62 91 55312 103
43 64 76206 154
64 58 37508 60
29 49 50417 120
22 7 13859 287
2 53 211382 1087
2 55 87630 116
92 6 34027 590
75 58 3783 44
21 39 7879 134
59 70 21601 81
55 84 16764 338
56 23 10370 331
57 12 67508 169
70 3 21039 110
39 62 24667 237
17 44 4765 99
17 5 7848 73
54 6 15884 159
61 91 9209 168
8 57 11400 193
60 6 6996 480
8 40 309223 15
46 5 34102 23
37 76 33306 25
27 90 151769 311
25 46 28995 20
39 73 13886 483
67 89 14738 63
97 98 14646 134
78 54 24271 94
16 94 47294 506
12 73 10610 26
94 11 59982 453
58 67 7521 63
16 96 46228 28
31 25 8689 51
4 40 13810 139
19 78 54563 96
92 74 27076 682
73 27 21605 68
49 79 54059 214
90 97 20959 190
41 4 17292 32
91 47 5773 178
39 52 20922 119
86 91 23375 156
77 80 45176 313
86 80 43043 97
48 1 129340 113
2 25 35425 187
28 25 5433 386
83 8 16711 63
56 46 51347 44
86 61 13730 44
67 29 17883 95
89 34 45358 206
73 91 13311 156
66 38 41670 37
68 57 32690 29
2 56 14075 428
94 41 22333 181
8 49 12595 826
34 19 12421 38
79 34 16894 256
91 69 15083 58
62 41 59796 144
73 33 4732 199
3 19 44504 303
42 792
50 40
74 136
5 88
25 308
96 52

10429031
