100 499 3 3
67 77 3969 80
67 34 13667 508
67 77 40047 62
67 80 8947 327
67 52 48847 60
67 30 6506 42
67 48 57488 216
67 86 41196 143
67 12 5062 72
67 22 7745 1133
67 46 24612 225
67 54 25014 192
67 84 11286 154
67 93 14364 119
67 66 13320 18
67 72 65939 104
67 81 19826 145
67 58 11975 60
67 28 6246 89
67 94 8109 56
67 15 20693 43
67 99 7042 185
67 46 9476 112
67 43 34017 60
67 81 18994 839
67 79 9990 215
67 82 21847 28
67 33 20833 657
67 72 2945 89
67 16 122294 25
67 77 22460 443
67 81 123028 143
67 12 4854 118
67 14 41946 75
67 13 37627 105
67 57 14330 19
67 76 9124 1167
67 55 42869 188
67 92 75570 266
67 58 46142 64
67 89 94303 286
67 2 28138 200
67 91 62167 64
67 70 56605 705
67 33 18948 1243
67 11 6469 257
67 88 42464 101
67 97 6417 136
67 93 2485 796
67 33 67718 113
67 50 18195 299
67 53 12013 116
67 11 8463 78
67 26 21449 13
67 22 7636 80
67 83 11985 136
67 94 10617 171
67 6 11887 427
67 8 11039 660
67 96 14912 230
67 56 11729 41
67 22 22370 91
67 26 39534 90
67 70 14484 50
67 63 24382 252
67 14 28005 387
67 12 18420 1325
67 82 17939 268
67 51 61167 304
67 27 62666 272
67 100 66920 198
67 83 15665 96
67 11 18209 47
67 14 36618 133
67 68 4607 109
67 86 72917 131
67 51 45983 76
67 45 6292 574
67 53 37411 101
67 71 41820 80
67 76 86874 630
67 62 7592 36
67 90 63592 960
67 96 16003 944
67 23 31525 80
67 33 6843 110
67 35 10486 202
67 5 11369 50
67 23 26660 77
67 91 8448 261
67 56 2427 218
67 32 124923 174
67 50 47471 544
67 71 37989 78
67 1 56872 621
67 77 43138 188
67 27 28480 134
67 7 16748 122
67 70 36260 83
71 8 28521 523
21 29 15372 23
3 22 64052 117
37 83 15623 40
64 93 15621 33
24 20 2415 107
51 46 31590 64
42 77 80526 211
16 26 20077 1202
62 17 82960 35
20 64 23566 71
80 76 18044 101
75 60 20627 199
14 47 24746 63
33 40 6287 850
2 71 29710 71
85 24 6687 63
15 72 35692 97
48 34 20466 29
61 45 82149 53
61 81 33795 333
58 34 26001 209
38 59 54666 29
54 43 21973 40
84 75 8663 178
51 68 6104 89
88 33 40390 144
82 70 69091 177
40 19 28218 322
26 1 10397 145
99 60 21276 54
1 62 23610 29
78 17 125413 69
88 63 45271 458
86 42 19301 86
79 57 51713 535
53 4 2553 575
36 83 117104 68
84 3 40335 635
22 4 14750 903
91 80 3211 103
89 94 86782 933
51 54 13921 746
74 13 12220 37
74 94 752 290
19 100 2598 291
45 13 22388 234
65 3 6810 427
54 20 127160 58
82 40 6336 375
95 74 2486 191
85 38 14552 168
100 81 39522 152
95 17 15541 149
72 11 12061 86
61 49 22955 201
56 74 4531 103
76 1 31791 925
80 60 39916 189
18 31 3737 587
14 15 6980 34
77 55 22683 96
18 53 17585 43
27 60 34708 569
65 61 42069 14
54 78 48628 160
48 32 3619 124
9 63 15442 136
11 19 38966 78
76 82 38139 192
66 87 31680 242
8 89 6636 107
79 8 11274 99
28 95 207297 87
42 83 40375 228
42 29 116924 213
62 51 29904 117
35 93 2285 959
6 62 243016 97
75 23 159802 272
48 96 62751 136
15 97 16072 311
48 75 80768 217
92 15 5614 191
21 80 24130 65
100 86 56937 371
66 52 22267 133
73 5 132422 99
64 31 22738 813
17 19 35416 574
66 83 15380 87
15 94 109725 51
11 9 131305 86
16 60 102698 110
52 9 111521 160
55 66 21725 301
29 26 79562 449
8 56 17916 538
29 94 6207 307
98 46 18260 374
99 89 19115 139
44 58 1892 444
13 72 9418 345
23 57 41955 86
1 38 23593 192
94 24 33664 96
28 100 8158 217
5 13 28827 143
85 48 31907 201
70 91 2466 162
43 36 2609 76
42 21 133785 79
62 32 19579 57
78 91 3577 22
46 96 8870 209
7 44 47339 315
23 46 3295 56
32 36 24280 103
60 34 18103 417
86 27 35446 182
80 97 6336 173
84 61 31588 189
26 92 10370 953
57 58 9293 75
65 67 21054 1557
44 6 5955 278
76 81 54154 94
11 57 6770 187
76 56 48142 404
80 72 6875 105
35 92 18738 139
54 99 12512 184
82 32 19748 398
33 4 7456 529
33 15 13848 284
5 22 12757 81
78 72 21984 185
21 1 16170 53
20 81 25265 593
2 67 126666 496
39 70 1616 84
15 29 7924 95
2 14 202970 185
78 76 48224 361
78 99 11134 186
84 11 7644 211
15 91 53992 176
83 30 59128 30
7 74 81407 360
89 95 9065 70
15 21 9662 11
6 70 27631 36
94 56 4274 217
25 51 15344 234
31 13 3651 155
95 84 89108 126
14 36 12016 253
70 44 11109 27
4 63 51285 32
62 57 12755 520
52 35 39940 46
30 95 10207 112
23 37 78082 230
44 82 9601 304
16 81 3771 58
34 11 151460 58
63 39 24703 154
60 2 32067 18
63 98 14235 26
86 6 43162 75
30 35 38659 1054
21 82 5922 211
16 55 15182 204
82 56 43687 232
74 12 30531 388
66 7 116621 431
88 55 75838 323
58 83 3257 284
79 60 8515 134
93 96 10130 304
40 51 33690 34
77 36 25979 291
52 39 19436 120
36 6 10991 48
30 43 17142 171
32 65 15551 258
44 56 40354 168
65 16 25210 227
90 25 22513 1467
58 50 183494 121
73 22 43602 158
14 32 59714 102
17 55 29872 28
42 61 16334 31
72 45 14891 520
80 24 14644 1032
20 93 22305 173
41 29 56841 294
47 57 40898 56
1 90 24483 72
57 52 40054 344
80 90 6436 798
11 14 17761 46
85 53 14125 184
52 64 3402 373
100 96 32006 43
72 38 10806 113
20 73 30348 214
86 53 52679 1200
76 65 99097 194
2 69 20607 50
67 41 10150 14
91 85 67369 62
2 36 21854 195
79 35 27847 62
73 42 13641 212
52 26 10772 387
85 83 19730 95
70 34 9338 214
64 77 4800 172
25 61 79789 24
87 73 510766 406
97 10 90335 71
83 90 10913 37
77 42 21153 38
94 14 18302 201
100 35 7274 304
62 53 11538 37
42 82 54012 135
33 54 31920 278
43 60 126268 745
24 46 34545 99
90 70 23990 109
32 96 14178 556
66 30 51712 104
41 15 8594 293
70 39 95047 31
40 16 24438 176
95 23 25665 209
28 23 32504 374
94 40 16907 29
46 51 31698 282
6 44 16374 229
66 91 101100 1084
53 28 8484 188
8 9 31282 61
42 53 50477 66
86 63 33419 161
58 39 17560 673
33 99 27101 111
99 82 16709 247
69 25 12090 476
37 35 4962 53
85 92 41924 134
16 89 48446 103
59 39 8735 96
22 58 34660 342
18 71 32948 137
23 63 53243 152
91 27 7849 163
98 33 57824 61
10 35 21503 28
26 46 156913 527
59 36 22039 357
48 84 13854 324
79 23 83896 164
5 79 36970 251
72 8 37824 24
76 27 12399 13
59 45 73205 378
13 88 3113 140
11 27 18023 84
32 6 8763 161
40 99 10459 667
7 89 8060 198
51 64 12390 564
9 17 4220 178
30 31 34467 43
7 86 46063 186
85 64 17223 25
50 73 47520 104
65 17 10025 728
10 4 22849 74
9 52 11263 787
17 35 9861 85
52 97 21103 237
16 94 57406 234
23 84 43790 350
74 56 125871 112
20 52 11966 279
60 80 27968 295
59 83 22921 457
61 68 22090 92
5 27 14972 52
31 82 6626 360
30 8 56900 452
43 85 5788 33
36 99 38792 100
82 76 153446 682
80 67 30193 109
38 4 18432 210
27 98 14513 290
14 7 13281 10
89 32 28407 348
90 87 117400 105
2 1 23309 440
83 75 96511 93
69 46 17712 144
30 79 4416 503
59 68 27069 34
38 73 11360 127
51 53 9554 607
100 67 15796 255
94 83 34213 160
97 81 46480 35
91 72 19492 179
2 51 43419 247
2 79 7961 55
83 8 34985 178
57 28 59491 217
73 54 18301 173
64 2 94315 184
60 96 17609 61
89 74 64810 212
3 59 14764 164
62 72 123241 129
12 74 78468 387
74 97 4527 211
38 92 100015 113
11 33 31303 182
89 55 30981 221
13 2 6009 148
31 61 93367 14
49 73 24614 329
53 43 21440 150
26 76 17842 149
73 19 31253 94
44 24 15858 16
23 2 40310 34
21 86 31646 299
79 39 9863 108
44 85 29929 98
100 11 16148 520
88 13 15663 267
75 65 12145 857
35 51 27497 256
53 12 17365 44
31 36 30113 101
29 74 54835 58
27 49 77271 41
90 28 75576 73
87 29 51205 81
68 37 113634 420
60 52 6609 181
48 72 64024 263
46 82 18497 43
38 35 10273 263
74 60 184746 24
84 97 19554 287
97 53 4155 127
50 2 14914 299
55 29 28666 103
34 22 20690 83
73 79 54661 124
61 30 19928 740
27 78 9506 334
77 23 49570 205
29 80 21822 22
82 57 17587 210
61 85 106713 1331
69 80 52140 47
9 13 45042 77
75 58 11904 136
77 11 9486 194
89 17 61017 362
35 59 20758 114
10 32 15456 16
18 46 134790 102
28 58 49849 16
73 91 39860 66
28 88 31523 706
9 7 5649 65
91 12 12116 298
82 31 25593 306
11 51 86072 104
66 88 28151 116
87 49 8111 368
79 83 40811 149
19 43 23259 23
84 15 149734 390
54 59 20647 106
90 53 11969 31
80 62 50996 520
99 7 27241 164
70 51 52526 48
74 42 12105 106
100 70 25879 47
5 40 91016 42
93 51 167267 26
10 54 10573 129
67 1000
80 24
2 32
83 133
51 815
53 520

30759120
