100 499 3 3
32 83 47555 332
32 63 72587 1558
32 74 48823 54
32 41 23637 443
32 15 28818 1192
32 87 52063 25
32 23 15913 214
32 54 14024 201
32 47 27234 206
32 89 17182 136
32 75 46653 132
32 90 20326 265
32 17 31473 115
32 99 15740 28
32 95 4695 225
32 21 976 193
32 4 14211 416
32 29 14061 177
32 79 26393 503
32 66 2772 42
32 70 69619 97
32 72 15398 353
32 11 13735 109
32 43 14600 64
32 69 69376 111
32 84 24792 72
32 82 19897 312
32 7 16101 286
32 35 26145 471
32 9 86903 103
32 24 48009 61
32 92 6078 297
32 40 1112 139
32 57 26904 71
32 85 66252 126
32 80 5590 295
32 64 133071 133
32 94 74647 790
32 14 45646 313
32 45 10716 201
32 44 13271 52
32 98 28448 214
32 38 25708 89
32 50 30816 274
32 28 49289 174
32 81 83229 74
32 13 44533 185
32 78 90219 74
32 65 82468 143
32 68 3628 59
32 2 68552 143
32 34 53050 330
32 76 41125 119
32 77 19423 32
32 91 24953 473
32 33 43101 119
32 31 46761 66
32 46 5904 167
32 16 24989 270
32 30 46360 42
32 48 50076 318
32 3 41957 619
32 19 10902 201
32 61 9274 276
32 8 28319 11
32 73 61052 99
32 86 14771 115
32 5 51969 226
32 27 7240 23
32 71 53779 94
32 55 85407 80
32 37 20767 44
32 97 2848 801
32 25 1828 140
32 22 28545 173
32 59 13546 128
32 96 26225 195
32 62 24684 214
32 10 23769 275
32 58 29515 262
32 6 10138 364
32 36 20731 470
32 51 8016 346
32 20 13686 53
32 60 19431 210
32 1 9649 210
32 49 14068 141
32 67 11403 442
32 100 16470 59
32 12 32538 108
32 26 16798 344
32 88 63441 82
32 56 55225 154
32 42 54702 274
32 18 167814 21
32 93 46629 20
32 53 31407 416
32 52 45557 7
32 39 95003 135
46 92 15310 274
26 34 139520 194
24 19 42191 37
21 25 21161 62
60 93 186167 160
13 46 35007 147
21 8 60254 42
75 13 49781 687
59 13 21561 606
12 51 50096 141
26 78 35880 51
19 50 8301 136
47 5 38457 66
18 59 14428 34
31 33 32970 33
97 87 42613 69
49 72 13789 139
83 5 164392 105
73 9 43939 224
24 8 157602 34
57 24 34767 143
14 79 82480 31
81 10 11218 92
74 87 200791 39
91 69 8972 69
33 51 34003 67
24 81 24294 27
82 15 50903 197
88 20 52212 131
16 92 100895 48
2 7 260862 395
29 22 1689 225
34 41 129510 129
57 82 24820 262
98 11 22823 335
54 45 29055 42
48 54 84639 4
77 56 25459 316
66 45 67614 34
23 91 49748 128
99 100 4757 199
95 69 26158 269
37 33 17258 192
3 17 12330 200
37 87 39755 477
67 100 130355 476
44 65 51447 939
2 38 5154 58
64 60 6819 172
52 95 17167 307
29 91 23726 79
79 53 9812 37
36 99 131982 520
41 12 20038 373
17 22 8659 1953
16 82 41021 25
6 60 47611 67
20 99 29512 103
58 41 24343 39
42 86 13790 104
75 17 2128 808
90 60 3710 187
76 84 101107 78
87 67 32145 41
67 40 8708 373
37 67 40346 77
8 76 12251 107
13 79 56670 136
46 5 80594 626
74 90 59240 1081
42 44 17504 201
43 26 12626 23
27 24 83683 190
16 58 21502 83
63 58 29789 93
91 67 9752 230
1 74 16259 109
59 18 45911 179
18 99 29847 225
97 48 16482 274
5 64 8557 121
66 20 25035 31
94 67 33912 376
50 25 35587 34
55 80 8257 1214
90 59 16458 247
56 73 27583 195
76 33 3480 317
10 38 2990 74
100 91 5828 267
2 84 94404 224
20 75 34595 410
10 1 68663 106
93 82 59956 1102
25 72 10033 143
23 81 24338 131
75 6 4107 46
8 43 10631 89
62 59 29414 29
73 34 20872 278
16 14 17377 362
15 99 27032 208
11 81 66328 234
73 58 6683 12
34 69 63740 155
6 37 41385 48
68 54 19512 251
65 16 60282 517
44 31 38179 42
39 32 46252 266
3 31 15379 52
82 48 80564 54
80 40 13527 120
100 22 19970 60
42 22 73605 65
64 73 16119 189
51 42 12500 82
98 12 57700 36
93 7 38257 462
97 50 14723 119
63 91 27594 257
14 40 59222 19
26 92 84387 30
54 71 55782 73
34 39 44131 1410
97 34 19984 215
64 74 120909 178
7 89 39334 443
17 41 60144 205
23 61 28521 177
34 95 51849 302
36 87 11810 171
56 14 9673 100
87 78 39861 428
50 5 33036 633
40 57 69772 739
55 65 64779 160
96 80 6963 212
10 53 34292 30
57 35 159428 60
99 61 17185 466
95 47 10773 42
28 53 37666 262
80 95 15090 57
98 89 17826 225
40 51 183400 164
96 95 1948 100
71 73 118440 38
55 10 33763 86
38 95 211254 149
90 36 17706 129
71 89 97683 65
19 6 29498 666
55 82 9652 89
7 87 8428 554
71 62 10094 479
79 40 11296 315
40 39 14273 138
12 63 28298 76
40 89 3672 33
56 51 9968 60
30 60 51873 113
94 76 58219 187
82 67 53592 153
66 33 41723 55
63 21 18239 359
60 11 16519 21
73 8 75254 1484
44 87 45598 173
52 43 45567 405
12 93 8629 244
38 43 37623 4
77 90 5338 130
39 53 11986 314
89 91 19163 190
40 61 5016 508
13 30 71761 84
81 48 33648 266
3 53 15634 68
90 54 8089 252
17 4 7617 41
21 43 31042 643
61 48 36475 52
3 58 29341 160
67 63 21597 77
100 38 32413 75
34 73 11832 176
50 53 19043 42
10 75 39470 98
68 55 17508 527
68 12 54038 152
35 16 39272 271
82 17 54988 54
43 97 34016 235
68 3 84847 37
62 1 46172 80
29 8 13115 29
12 33 41148 213
39 12 33180 34
44 37 5613 340
65 50 7349 103
86 44 32086 40
10 56 24503 245
46 22 7737 288
9 98 10776 68
70 18 3565 98
74 41 26689 173
52 93 43570 58
13 43 60551 137
74 99 20291 459
75 79 35085 106
37 82 8791 682
69 94 1952 140
18 53 41521 339
48 67 3343 52
5 22 8319 270
61 83 5985 253
71 56 20387 334
99 6 15528 218
42 1 52196 117
63 3 10054 169
78 20 11056 154
96 32 26210 224
93 47 11646 99
94 19 63751 760
55 74 9723 129
13 86 6844 154
23 16 13787 226
51 43 67608 27
87 34 7512 357
77 29 10917 282
30 13 13734 563
69 60 7966 395
8 84 8918 645
57 54 81068 65
64 57 22909 202
76 12 3905 85
76 78 65492 1126
33 72 45473 395
7 75 56684 572
75 4 125445 118
11 37 45014 448
78 8 18418 272
47 6 10242 82
51 36 9846 27
35 84 18488 278
89 47 9481 1093
10 81 27963 93
40 80 16670 733
77 87 14152 165
65 61 8142 456
25 4 97922 562
99 86 72417 60
49 69 15499 111
68 50 6963 107
45 33 18290 398
92 69 43541 100
80 26 47061 285
42 27 4476 67
23 38 8295 60
65 45 5484 42
33 60 31462 52
13 67 24116 164
28 50 13387 73
86 23 21025 18
6 68 54377 52
65 66 37772 11
35 29 16947 12
16 53 87520 543
66 95 63610 434
12 45 35518 125
47 20 103455 88
44 63 15293 69
13 54 44821 98
9 63 11432 13
49 85 18643 58
42 59 12578 80
16 13 13162 160
60 92 1496 49
35 40 2467 87
70 48 12238 322
95 25 3087 86
48 55 51407 15
35 83 53257 241
62 49 18632 402
26 44 413201 126
24 41 38977 449
82 49 38864 146
92 31 23103 99
54 39 48886 1489
3 1 7421 116
52 85 20055 66
78 54 13385 570
75 63 72198 83
29 95 116524 391
91 61 12612 67
69 50 1898 192
75 19 14705 201
88 43 21672 338
8 33 10101 138
62 86 10249 88
76 29 14306 87
78 7 38296 198
60 47 13415 753
13 94 18502 25
57 76 11178 99
19 46 5605 256
49 34 45768 23
98 84 25513 129
84 58 40004 257
14 15 11537 1015
87 61 106036 79
37 43 173589 222
30 37 190309 317
58 51 6488 250
76 98 29092 62
36 15 4417 144
23 12 38839 654
69 55 23124 780
83 86 9833 25
92 23 3440 584
12 68 19218 336
75 45 9919 251
68 15 57294 184
91 55 52082 19
31 61 38813 201
53 72 3087 78
87 93 16226 100
25 95 19862 29
54 70 5484 167
37 92 21376 41
98 21 2534 308
16 32 19152 345
25 94 24408 97
68 94 9597 59
57 80 29146 98
84 74 29620 155
21 65 42268 139
29 99 13682 106
64 94 14646 37
14 58 24981 418
94 82 25954 154
62 93 2701 45
85 82 3794 97
20 89 36524 127
58 72 38692 15
62 100 46062 44
3 80 5686 27
93 22 176256 84
93 2 11876 69
46 56 23201 66
99 73 39612 165
67 22 58691 885
65 84 10864 66
31 98 66257 439
75 42 9071 90
61 86 8047 83
44 12 65935 32
5 67 15735 149
73 2 114203 127
9 88 99884 149
98 23 14560 109
8 91 88877 100
31 12 137093 455
33 13 1703 390
35 53 94023 48
64 52 152180 246
54 53 11060 29
20 95 6712 392
19 57 114157 1203
25 9 28181 79
75 87 7833 44
16 5 53537 370
25 91 80317 161
27 6 25521 47
55 22 25601 269
41 31 24304 145
37 42 7036 177
61 44 4146 65
38 87 15230 1700
97 70 1537 111
26 46 40036 35
1 90 42067 653
94 7 57572 64
66 85 67564 56
51 94 118830 60
82 4 137662 130
50 81 1650 90
65 53 96097 737
19 100 15469 55
94 21 3996 86
52 24 69288 61
33 5 24353 18
26 53 22152 304
22 52 18256 201
93 48 11142 147
28 5 74448 152
12 70 90139 185
35 56 8531 263
89 90 149737 788
32 2772
75 140
16 80
53 503
95 358
87 412

28748864
