100 499 3 3
65 80 4939 139
65 39 23455 148
65 81 11048 59
65 62 6099 136
65 23 48409 566
65 46 13128 49
65 24 8546 21
65 1 33207 62
65 16 11564 59
65 10 42829 97
65 57 64771 556
65 62 15485 14
65 31 38135 235
65 94 296898 94
65 67 19878 113
65 51 274646 76
65 25 35386 1150
65 29 69025 98
65 12 11478 161
65 20 34283 515
65 69 6610 202
65 70 26543 143
65 12 48009 13
65 70 42923 768
65 99 11018 35
65 41 7398 159
65 54 32356 75
65 91 36273 132
65 97 7588 465
65 56 15826 151
65 6 107928 56
65 45 2960 176
65 5 5916 115
65 96 48873 56
65 40 74220 671
65 42 44840 470
65 62 100228 51
65 17 16972 53
65 37 82824 61
65 62 4331 343
65 61 20396 58
65 10 53223 535
65 3 10830 188
65 23 16369 21
65 37 20374 21
65 62 23444 97
65 35 4581 325
65 21 9146 108
65 55 9516 34
65 9 16836 153
65 90 73163 458
65 33 22167 102
65 48 55080 122
65 33 15147 144
65 22 9180 203
65 92 69813 120
65 66 14458 449
65 63 23288 76
65 13 11262 379
65 53 34880 418
65 46 101667 149
65 7 63749 158
65 97 86879 177
65 38 26124 402
65 72 95956 774
65 21 3942 84
65 20 6229 15
65 98 17584 109
65 3 72258 560
65 90 37169 43
65 6 9495 27
65 23 5008 202
65 64 11262 23
65 92 79202 64
65 92 22885 406
65 87 313291 108
65 59 8102 90
65 53 2712 102
65 66 52393 246
65 4 4094 18
65 36 20445 58
65 40 19187 189
65 11 32205 211
65 40 27807 59
65 87 13640 210
65 52 38807 58
65 93 23538 27
65 7 3362 145
65 9 21236 240
65 57 58890 45
65 54 28408 642
65 9 7856 285
65 84 48242 148
65 53 5569 70
65 71 73763 39
65 60 38601 97
65 96 39964 112
65 53 5439 257
65 58 3364 262
6 91 9659 308
16 95 16500 31
73 77 58914 58
72 93 5759 74
57 25 80511 80
25 43 57359 13
95 85 84570 159
76 33 7596 56
83 70 2365 15
81 58 124522 105
64 12 35927 126
7 90 74121 572
4 34 32558 286
71 42 5171 5
47 85 83128 778
30 40 38472 190
34 5 59628 126
8 77 60947 340
70 34 69225 41
4 65 14631 81
92 36 29644 8
35 18 2953 460
47 26 116306 51
53 78 2552 129
72 44 14949 229
85 74 76353 76
52 1 98273 160
69 79 11719 52
44 5 22266 13
64 27 19296 534
76 24 8840 18
48 51 1890 239
97 9 39040 158
6 5 21848 271
27 80 13286 97
60 4 163561 121
6 84 12163 107
29 27 29214 68
50 46 10700 205
64 40 9938 77
41 32 61505 42
39 72 67397 497
65 79 5718 166
73 22 21037 132
76 34 5791 51
60 57 17334 113
100 66 6921 40
19 46 47455 184
85 56 99744 123
98 84 52309 75
58 42 12156 930
38 84 9102 83
97 6 10639 1186
58 93 3775 327
92 70 25403 49
57 40 27188 70
19 93 25303 309
9 45 7613 44
7 52 4597 453
12 62 18368 208
63 56 10781 4
19 66 21801 196
28 9 8889 329
36 97 7329 109
72 28 10122 58
22 39 20660 737
45 24 78161 102
3 61 4352 186
69 43 53273 54
74 3 20221 101
96 93 30318 213
24 97 9955 121
81 60 21470 14
43 22 20736 212
21 86 75504 113
22 2 35569 698
20 3 86581 61
91 60 105112 134
54 40 18916 108
4 78 19026 35
99 55 80729 22
83 61 6542 316
22 50 932 84
61 68 59461 343
94 75 38859 72
95 81 22786 36
17 10 32196 172
14 68 6989 348
48 63 100294 208
97 15 16212 271
18 88 16844 334
6 33 4092 275
77 10 11995 560
33 27 9823 12
47 17 46948 38
4 46 62660 55
86 7 96889 1024
85 83 43873 157
37 41 1826 1015
78 71 31713 734
89 58 45567 78
4 45 12829 716
90 45 1500 2390
28 32 7855 240
87 19 8713 12
66 58 3920 279
37 98 5107 136
5 39 79433 27
49 9 21501 99
92 32 61394 126
50 17 84522 313
38 18 23775 217
94 31 26168 34
27 84 19017 147
76 27 22387 510
67 33 7045 77
96 95 39356 71
43 58 22273 91
91 55 61196 187
14 16 27180 610
75 96 17754 246
64 32 28843 107
88 18 40017 40
21 52 29053 286
5 40 31736 168
31 100 56758 200
77 75 10144 75
98 68 23564 62
18 66 11815 30
84 6 12461 312
45 27 35628 189
26 57 13341 163
100 84 14745 30
34 8 11768 49
22 64 9156 174
76 59 23564 63
61 65 79260 413
78 43 196023 322
28 60 45747 24
25 99 14236 175
57 45 15562 1940
100 28 75059 41
94 83 36183 379
88 99 29342 122
69 85 38831 153
81 9 80250 20
93 97 35965 78
21 30 56068 65
46 45 20241 580
28 36 71225 309
61 4 3764 209
74 32 23362 178
88 53 8814 183
13 55 12244 161
32 50 27435 125
8 28 5722 25
28 43 5838 185
11 88 2054 126
34 69 18192 28
52 57 10434 57
49 38 16796 66
50 23 5762 94
40 8 27783 93
49 62 10459 42
92 4 29404 37
91 58 23884 867
1 14 78068 137
74 29 31755 106
100 36 9221 268
13 71 5764 21
30 2 25234 68
60 74 40396 32
60 93 17423 548
100 8 67913 420
31 14 7422 49
17 33 11289 65
18 72 18099 482
78 85 14331 153
53 41 11264 245
85 46 10772 31
7 6 66593 76
42 63 21276 162
47 92 9436 118
56 24 25035 1226
66 77 10128 431
2 42 24043 41
35 71 9572 324
37 93 188281 269
44 10 152657 125
41 55 14839 54
89 69 21527 59
100 56 17123 327
9 46 30519 64
72 64 61413 143
70 36 26267 216
28 40 23724 46
61 62 15645 372
22 40 44816 49
16 26 6362 94
22 94 38476 35
38 82 6658 428
76 60 10810 161
9 96 31009 62
25 26 23632 156
95 4 12549 70
56 19 56130 91
77 13 27439 177
86 82 14228 446
53 50 13082 94
34 42 14225 63
100 80 11993 47
36 50 21302 62
55 9 44783 141
13 87 15302 1423
55 71 13407 91
89 76 45126 36
83 46 76837 469
87 6 10066 583
70 75 180589 286
26 71 24145 138
42 77 7470 38
96 82 6095 730
97 69 7348 114
7 15 33749 199
16 59 86951 31
82 25 21758 313
62 9 9485 85
66 90 21549 220
78 26 18021 204
45 54 130344 596
93 46 14649 15
46 75 6801 226
43 45 40071 323
35 28 26137 21
29 50 27157 140
70 43 1498 126
68 99 55680 116
25 82 13564 133
58 2 20838 24
99 63 28432 172
19 60 59450 545
4 12 11199 223
76 18 7896 47
96 87 73420 163
33 25 55823 253
79 9 156873 547
89 55 111305 58
9 69 292637 323
36 53 27426 115
48 94 54812 146
4 6 36427 144
70 39 110276 60
9 7 63258 382
94 6 146887 546
83 73 28206 227
72 57 18480 114
49 66 19084 152
36 60 33069 426
70 97 11936 996
16 96 35886 133
60 19 20309 68
10 78 23741 174
22 16 33298 551
59 36 9090 331
48 66 26062 52
73 60 23154 290
33 81 703 94
57 80 16925 88
77 14 4884 62
90 68 7835 253
28 31 61145 615
18 7 73951 131
26 20 48696 134
64 68 10468 91
47 16 41576 264
11 59 2188 53
31 82 8761 190
2 66 35321 280
49 95 38321 11
28 50 6791 25
73 18 58142 247
68 59 25211 91
93 23 44225 527
25 89 13979 105
44 47 52771 349
98 47 4311 174
30 65 5692 58
67 30 42356 425
73 55 21842 412
100 42 20809 67
32 5 7366 169
86 93 5536 122
13 86 90939 781
18 32 8978 487
11 42 7316 136
15 48 11311 327
34 44 16471 337
68 89 58520 129
22 67 18702 50
83 60 9778 70
25 45 96326 1367
49 41 12696 92
90 51 4035 58
51 32 25608 22
39 11 34031 881
73 24 13639 169
92 60 92252 64
15 64 45201 605
80 2 101146 285
45 22 18607 1084
94 76 4166 189
30 63 4514 597
8 21 25741 11
52 5 23798 163
86 54 95400 173
94 8 1320 115
97 71 17704 589
73 88 31776 44
63 6 8668 26
22 32 9081 976
21 17 13576 569
86 78 23344 95
29 84 10259 921
37 88 15831 213
81 7 32440 117
45 10 20169 268
64 52 3105 202
12 89 24892 68
71 2 12319 187
58 67 20691 71
71 85 9136 438
99 5 7781 234
19 13 8151 415
11 61 62000 29
62 97 16924 57
41 99 31839 657
67 82 4969 295
83 41 27366 217
56 52 1351 303
49 70 14380 325
79 87 26815 149
100 70 15778 280
71 49 22649 45
56 22 4494 281
100 33 4015 108
60 97 52833 137
32 19 4699 29
76 37 35996 327
99 89 14039 188
35 58 98693 818
66 93 29996 114
80 50 14296 88
27 4 32320 489
77 32 69187 87
31 22 14501 111
17 41 11162 77
12 73 10844 46
29 5 72675 59
84 10 6800 189
86 6 12155 435
47 80 13857 158
61 54 4877 606
12 24 3543 611
57 27 4471 87
34 100 16870 275
91 83 13693 353
4 61 66323 117
55 79 44488 64
100 2 16293 703
66 36 37554 265
17 15 41976 551
59 32 23425 19
11 51 10958 1044
1 81 7293 663
24 40 19647 160
53 19 35541 86
82 61 10681 350
4 63 34739 768
37 72 9421 467
44 11 18594 351
45 81 21939 67
66 96 129120 159
60 29 96786 110
2 56 15089 174
32 27 66912 301
36 4 10893 165
41 83 27871 17
48 3 18644 334
94 71 29294 53
50 13 11844 192
21 39 11495 780
60 80 3945 77
16 89 34201 118
91 41 9612 54
85 63 89264 196
3 20 28534 64
85 84 13042 726
78 21 87884 498
54 87 26962 127
77 42 32637 452
65 600
100 121
22 27
40 526
60 89
32 1729

14351352
