100 499 3 3
97 26 6628 191
97 73 11203 142
97 89 6946 71
97 20 31484 452
97 12 58723 14
97 48 12465 131
97 24 55617 30
97 78 13788 100
97 93 55350 173
97 95 8002 126
97 39 23750 74
97 34 58647 466
97 26 10002 115
97 21 52315 583
97 69 3885 560
97 38 13118 42
97 79 47356 65
97 60 6623 194
97 39 26128 661
97 65 7343 217
97 43 7009 120
97 36 12887 88
97 69 148364 221
97 81 5253 543
97 12 49171 77
97 64 116844 78
97 40 14457 361
97 100 79771 190
97 39 123727 497
97 49 21233 127
97 2 6546 108
97 62 23896 99
97 29 133848 97
97 95 6421 775
97 58 15522 256
97 61 22569 165
97 75 22146 272
97 57 10319 278
97 81 98577 241
97 34 6067 268
97 51 62981 213
97 49 6710 59
97 36 19358 207
97 89 17177 375
97 11 16754 1159
97 10 128312 400
97 96 22403 167
97 16 19519 142
97 78 11610 381
97 91 72985 49
97 75 4246 35
97 73 12953 150
97 27 14143 633
97 76 250746 124
97 58 9024 132
97 40 16171 116
97 83 68593 105
97 21 11454 285
97 48 30487 101
97 77 49985 359
97 39 39154 68
97 37 18326 191
97 79 9222 741
97 57 63529 234
97 23 84284 138
97 10 48775 155
97 32 5457 105
97 81 25351 405
97 81 70347 452
97 54 14811 493
97 10 25685 74
97 40 9513 119
97 2 12116 127
97 34 23959 339
97 84 196393 73
97 4 5788 1487
97 11 26239 99
97 22 9974 333
97 60 24299 166
97 51 158319 123
97 45 38623 205
97 78 22897 76
97 14 32009 43
97 59 22901 123
97 19 12100 269
97 84 1947 462
97 55 30246 110
97 93 5315 65
97 79 8316 117
97 50 5704 44
97 29 18381 27
97 88 87701 22
97 67 8952 360
97 43 18861 66
97 31 81838 599
97 60 15137 232
97 93 42747 81
97 47 24766 84
97 43 23222 159
5 71 16342 300
38 43 28377 139
5 27 7930 40
55 83 76284 88
63 16 73502 330
14 74 138981 124
74 60 40211 475
66 62 57635 256
30 67 40542 421
4 49 29040 160
99 8 25693 210
27 26 7199 212
37 71 56851 507
92 61 46811 417
58 74 4316 33
41 20 118311 669
22 84 9954 86
91 74 6331 178
61 74 10172 67
80 83 49842 404
21 95 107210 281
26 14 21397 31
73 71 12207 1399
72 44 17140 89
29 84 20995 679
6 3 72946 65
61 55 17602 316
81 7 13591 37
52 15 64557 152
54 44 28573 148
48 26 8466 538
62 16 53538 34
64 100 36025 181
60 86 24441 272
5 67 21253 256
26 31 43390 48
11 84 18138 91
11 87 126426 60
89 78 19486 146
8 96 30061 55
70 79 38986 73
14 55 8695 23
48 72 9055 407
27 14 11629 337
54 68 10654 164
68 42 2135 528
18 92 23458 105
33 86 15787 28
98 32 42988 225
79 71 10761 46
66 18 18512 67
94 6 66350 122
9 100 13208 216
8 54 49411 188
97 85 6099 191
53 88 49059 199
2 25 2604 105
38 10 3905 191
69 4 14216 21
58 53 14646 16
64 58 32366 72
32 44 37337 318
100 64 8558 278
46 64 36335 901
45 47 19334 158
19 46 102024 293
49 55 11914 1685
27 23 13511 67
61 69 14051 139
89 13 28825 71
29 31 25445 1076
92 80 275896 114
4 25 24688 62
7 8 24644 62
91 21 14646 118
9 33 8771 118
86 10 17137 510
29 41 22859 247
16 71 62349 558
69 15 5050 349
99 69 35655 155
59 78 9411 283
25 55 72413 106
21 2 10077 491
96 66 6520 297
55 98 28078 250
25 57 70219 195
98 55 1404 57
42 99 2956 93
68 81 15542 278
43 24 22468 231
45 5 3574 65
44 78 12706 239
10 53 21476 53
61 84 8774 243
35 25 15605 35
15 26 132333 445
3 62 145319 56
24 81 74883 40
70 84 5440 68
71 49 32242 40
38 75 7315 72
85 94 11490 926
76 40 21058 174
28 86 13429 82
34 21 35129 171
7 72 29061 54
5 22 63565 19
66 81 8687 97
80 19 9627 170
23 63 14742 107
86 27 6457 68
65 36 23128 180
58 8 108201 130
60 92 10379 582
62 51 6469 310
90 12 9602 46
45 53 24271 44
28 72 28548 121
24 19 35938 241
18 26 40308 942
78 27 11197 331
77 30 9179 758
32 63 9282 127
37 62 8729 201
17 59 17317 337
93 67 28960 136
10 23 11733 78
95 92 7226 125
4 61 18519 114
82 52 63098 61
93 1 23936 197
58 30 239463 114
47 76 22135 32
26 17 10444 2203
100 1 20842 497
63 84 4291 131
22 71 94597 17
91 3 22265 701
94 60 19520 26
26 72 16275 70
74 31 14983 84
66 1 93821 116
99 71 92803 367
77 7 2018 115
40 31 63195 20
2 47 34986 49
83 81 29430 1069
62 29 4892 72
30 69 43812 208
60 38 45796 185
64 94 11419 62
12 13 8204 214
64 2 31147 579
22 18 135571 374
13 98 24173 159
23 6 6994 38
51 52 19475 87
31 78 5655 73
18 39 66340 349
93 9 58052 125
85 67 7558 66
77 100 27146 357
99 62 18156 18
56 5 7041 171
59 26 26811 628
31 11 44106 86
25 26 17037 320
63 9 7838 157
19 34 22755 58
6 48 35952 121
71 79 3765 85
35 47 43331 570
66 46 15340 62
33 46 186365 215
61 1 28704 79
43 28 17699 84
57 94 34527 376
4 94 27166 165
26 23 11464 43
83 4 162289 155
31 9 16430 301
17 8 2981 180
98 57 141547 611
94 56 19957 790
94 61 24148 217
59 13 16911 281
55 82 14161 225
9 98 16171 147
85 13 19194 102
87 1 21597 193
49 65 16273 31
5 14 14846 106
100 98 16006 162
4 95 32311 55
11 93 12273 59
15 60 61492 55
83 79 8663 83
11 70 31261 240
74 44 17034 23
13 76 15100 243
89 31 9827 349
46 14 3141 475
80 9 20632 399
100 40 7210 135
32 86 33499 76
75 50 39775 155
69 87 123537 175
38 19 5599 86
76 84 24055 30
84 83 18242 453
7 25 16421 261
44 81 23090 223
51 7 40917 48
17 49 19212 33
1 81 16427 109
71 42 35785 109
35 28 33612 113
91 86 13667 184
6 79 60560 37
94 93 6785 141
96 9 7547 681
82 29 19131 106
86 55 70695 260
31 47 10167 72
27 2 28065 192
79 38 38212 260
17 90 59284 95
42 63 28961 235
23 3 10790 356
47 89 28419 644
45 64 8234 19
52 11 22621 62
27 56 126421 48
65 48 12765 171
59 7 23608 77
31 90 20841 169
90 97 86338 178
5 62 16530 750
63 43 9346 242
29 42 33724 29
29 37 39794 1219
34 61 81841 77
67 55 197441 9
10 2 7304 15
96 49 21497 272
2 6 5451 194
32 42 36949 158
34 14 30056 50
56 52 74365 158
2 26 16933 94
83 11 16449 665
5 75 113474 187
62 90 59828 71
10 65 8557 46
72 32 28915 200
11 26 25028 804
98 92 38282 613
71 87 18243 266
3 56 20635 223
54 76 16909 682
77 76 110006 33
22 20 10299 27
37 79 14856 157
23 28 29271 666
79 33 25536 860
99 85 19266 130
14 89 43642 196
1 38 44275 85
10 27 38389 188
57 32 35162 1837
39 19 18448 164
2 1 5017 171
84 68 1879 36
55 29 8550 76
57 38 193279 225
14 31 8467 48
42 88 24274 264
7 17 3147 35
60 36 90865 56
33 39 12451 37
51 37 22271 184
44 85 36880 1638
20 51 16073 176
16 67 8210 211
25 10 58031 325
1 40 25770 81
93 80 5128 1020
49 79 18869 57
76 35 261017 296
90 6 10269 55
78 80 6613 477
35 5 6504 192
43 71 7861 37
43 36 25916 584
22 66 23494 43
43 75 21162 398
73 46 5026 218
98 62 12495 432
35 20 112732 34
29 89 28753 131
68 14 26165 409
5 45 43819 125
81 34 19856 54
20 34 10527 305
91 25 6108 857
38 88 14210 49
64 60 28330 114
43 53 3213 748
68 95 13333 75
72 46 31763 210
74 22 24498 135
42 94 5855 342
96 7 15953 107
59 97 198029 219
25 3 4958 1526
95 86 7195 80
93 22 12605 88
84 93 57392 198
80 27 10117 61
10 1 11733 165
48 58 57215 225
73 48 36947 65
18 76 7547 215
66 69 22509 140
48 39 15517 86
94 15 14582 252
98 1 31982 110
14 71 48744 169
81 68 22907 150
61 89 14151 101
6 22 19667 49
40 43 3275 326
36 73 35153 31
65 19 30806 161
100 58 33555 45
84 82 42337 183
67 78 48261 19
87 60 16546 106
8 47 60130 36
60 95 23363 157
12 72 22473 1192
61 40 22024 119
88 99 92021 269
49 24 15937 303
58 5 21708 60
49 11 8202 212
91 35 119428 16
34 70 24958 109
94 78 5790 132
91 79 7708 116
75 99 2793 121
89 4 11339 43
89 84 14042 56
3 30 11706 69
61 51 2646 43
42 45 22613 495
14 88 18282 145
3 32 22415 113
83 17 13222 176
16 63 15524 301
7 86 9881 97
16 28 6723 152
10 82 38806 558
5 20 2313 454
79 4 86426 287
82 86 36308 181
27 6 12702 351
45 41 21337 445
47 35 46587 76
94 73 36749 50
53 85 166223 218
88 70 40371 674
17 35 10908 285
95 88 14771 88
93 7 16752 44
77 36 10452 79
17 65 12123 214
71 93 22279 35
61 16 6199 151
15 46 54411 30
89 50 38193 425
85 61 12995 826
10 88 25609 88
17 46 2454 500
98 86 19601 157
46 73 23294 203
34 60 42244 104
29 14 75833 218
74 86 13178 179
53 12 16530 59
5 52 149897 209
3 7 11246 17
100 90 6345 425
78 85 13634 105
49 30 13225 93
37 45 11948 151
84 12 20336 114
13 58 27095 122
1 70 129660 138
97 800
5 110
61 45
86 281
84 638
81 272

8209966
