100 499 3 3
80 2 181366 44
80 63 17874 71
80 48 27917 234
80 88 8314 120
80 40 55952 86
80 21 14407 50
80 36 5826 86
80 11 23550 1008
80 75 12321 20
80 99 2516 8859
80 76 189736 291
80 6 15095 178
80 60 66502 251
80 45 12342 77
80 30 16720 70
80 1 1850 54
80 51 40272 79
80 19 145873 122
80 16 12824 88
80 87 9731 107
80 20 80188 362
80 37 46306 110
80 72 5707 64
80 2 21816 71
80 55 52124 58
80 68 84097 28
80 33 109089 333
80 26 120838 78
80 77 36992 299
80 88 46282 440
80 22 39544 44
80 97 14646 147
80 30 8076 126
80 12 37686 84
80 34 11275 652
80 3 5934 173
80 67 24123 1034
80 29 6381 272
80 11 6729 495
80 79 22419 64
80 21 5263 98
80 76 24217 98
80 89 48035 151
80 78 3072 225
80 19 10398 128
80 12 14546 71
80 47 8726 720
80 53 10073 112
80 50 48125 271
80 1 10675 588
80 21 67937 31
80 47 17001 143
80 20 45381 369
80 84 171538 275
80 75 7150 272
80 1 11297 101
80 42 8431 918
80 38 10702 1272
80 7 4061 108
80 74 9422 238
80 17 7699 286
80 76 49599 446
80 88 15198 118
80 22 63635 258
80 90 34865 367
80 71 3500 161
80 14 35983 77
80 14 29319 623
80 73 15442 114
80 69 11356 41
80 62 196325 106
80 34 44269 365
80 36 30924 59
80 49 14629 62
80 25 15281 94
80 98 7163 588
80 49 61703 118
80 62 18428 326
80 29 18395 39
80 28 16186 326
80 38 17719 64
80 3 36298 375
80 28 38037 127
80 55 20290 35
80 3 3861 482
80 92 6830 616
80 31 6023 94
80 13 43920 629
80 48 12071 877
80 37 15189 139
80 89 15961 336
80 50 21450 328
80 79 14683 68
80 54 11683 232
80 22 82662 1183
80 46 8564 143
80 7 12524 233
80 60 47028 205
80 20 20477 89
50 77 39580 27
87 100 59606 36
58 33 19604 145
10 89 80743 89
27 24 23873 494
92 54 15222 224
52 92 6947 209
89 34 19639 592
61 33 24290 125
28 22 46716 149
60 74 4317 658
89 94 35479 84
15 10 18956 160
92 100 31027 141
70 27 28019 174
76 97 18388 45
31 29 7956 165
2 45 12740 436
93 71 20879 19
45 43 6700 395
72 93 32574 201
88 30 26451 97
68 75 5370 101
23 88 88794 131
93 28 54334 61
5 52 90566 17
40 85 18877 86
17 20 53238 143
77 63 13132 482
50 8 29149 46
42 17 15146 179
49 98 92227 53
16 100 7788 104
63 16 198402 79
58 6 11304 101
61 57 12811 522
26 32 46004 62
67 95 37649 142
6 83 10939 374
42 21 3795 196
21 4 12711 415
18 44 9166 497
9 88 30223 267
99 48 21361 366
52 8 4685 118
20 32 291661 155
10 41 16489 37
41 45 16361 46
13 75 32228 116
64 95 6306 160
53 75 1170 84
61 85 5290 149
9 74 12968 117
60 8 51297 258
96 31 17746 177
73 45 13636 319
98 16 6532 398
49 26 36443 62
3 8 8452 181
88 44 33189 84
23 77 47543 113
49 73 8771 92
86 99 26429 108
67 24 7140 22
53 20 34034 130
42 2 5855 13
59 56 11781 27
8 37 12101 31
57 71 10624 150
45 86 7639 104
78 62 105222 35
71 86 12693 296
90 79 14654 34
47 26 63026 169
81 12 17790 95
75 29 14219 130
87 24 40621 163
82 96 8390 186
85 38 11943 140
79 33 15397 67
58 94 19886 606
96 91 6469 67
29 81 172231 279
72 70 31282 50
1 77 11537 57
83 94 3986 344
32 54 2432 151
63 100 96000 73
46 45 42962 214
13 12 36134 59
56 21 9523 379
13 94 51451 73
99 6 6341 146
61 55 215399 282
30 73 20760 562
68 91 6901 318
63 50 18816 12
17 92 23858 65
8 79 27265 358
60 28 4899 151
46 16 12245 252
26 16 36053 13
86 30 28915 1335
73 52 8690 56
57 37 10971 578
56 40 21346 388
92 31 32497 40
85 37 7617 157
9 4 19138 199
28 30 4199 101
20 92 18299 43
11 79 26755 54
99 37 62347 603
15 77 7884 206
61 67 29371 116
91 53 14843 118
62 85 12152 360
9 60 17335 108
47 82 4313 599
24 14 13591 103
81 48 16943 98
64 15 5092 117
89 67 19214 24
53 21 224211 514
73 7 27973 93
48 81 10610 37
6 20 10650 260
76 75 10499 163
78 95 4212 88
62 33 7274 419
14 73 10604 191
82 2 5574 59
51 90 36465 196
81 78 74340 350
6 35 44604 134
46 17 3183 32
63 45 18803 38
54 88 15177 384
68 98 22949 27
17 65 17145 497
66 52 10670 131
5 49 21971 211
9 59 42631 726
68 63 42790 62
4 19 52754 69
49 31 15888 615
33 23 10813 188
9 95 67376 51
42 44 11219 15
53 100 21314 398
63 27 27851 502
36 14 41827 85
34 32 27418 62
84 24 13711 222
25 30 9616 127
43 5 8473 553
9 15 19566 520
11 38 18464 191
99 52 11925 328
3 18 169310 368
75 72 29798 125
16 50 9381 40
57 95 12943 68
15 1 27325 155
30 7 21592 929
72 99 24969 60
6 72 559608 758
93 4 21049 165
72 77 17667 150
13 2 54102 39
49 46 126477 59
74 41 31429 96
60 43 53910 230
39 33 6044 86
49 3 17964 331
43 87 26031 1095
44 32 23332 142
66 96 73331 152
88 42 31920 56
32 39 16838 7
98 59 87265 64
50 75 40800 203
66 10 20314 76
73 96 33440 112
76 17 65966 132
92 28 38806 70
99 25 53174 1212
19 93 18858 252
15 6 6182 335
40 48 83185 78
47 21 22400 21
25 12 5725 79
65 16 78429 338
99 30 28634 507
69 76 133308 283
74 39 115873 72
11 53 56421 54
36 83 120019 27
59 92 7768 227
50 66 30548 199
3 32 18430 30
2 98 8081 56
14 25 4174 18
14 72 50543 83
22 73 17055 176
73 31 10412 481
89 40 1375 175
25 77 6650 334
75 68 9562 264
70 90 29189 84
83 16 60793 381
57 17 28538 421
98 26 27485 233
58 37 26961 316
22 31 55179 65
79 97 12358 148
54 50 22072 89
42 94 8243 88
7 91 60871 123
32 68 64639 115
15 20 126111 66
20 47 13991 139
19 20 104118 366
73 27 17035 55
75 65 71013 586
54 56 11833 36
88 75 573345 112
76 31 60823 37
39 75 26467 27
81 72 26206 63
11 19 19446 1101
13 99 7148 18
53 51 61222 259
58 24 59722 25
26 64 18182 78
46 20 96312 82
80 81 8902 53
47 32 120767 383
95 71 10315 171
19 13 18574 79
77 89 71815 83
81 45 49712 189
75 48 99668 19
75 43 11952 111
84 90 15733 162
1 89 10558 434
78 83 14188 117
79 39 18938 1332
100 50 27861 79
57 38 39996 52
92 37 12812 10
65 64 54541 89
1 87 13470 69
64 27 20216 734
79 67 18257 290
54 58 11644 772
72 78 127986 49
21 18 17389 240
15 39 18601 86
100 78 21897 96
49 86 12787 198
45 68 68426 162
100 57 18352 397
22 93 37007 722
8 28 23141 31
66 26 14241 115
21 89 72405 228
55 26 7494 116
32 27 43946 188
15 86 69518 573
14 36 93971 156
65 75 22693 217
96 12 14550 86
96 56 6146 407
30 45 11499 249
68 31 108919 321
64 58 25023 125
28 19 71423 333
81 49 24424 29
8 49 27474 421
95 36 44464 99
43 63 28444 137
90 35 20116 501
99 49 23426 205
97 98 11107 317
52 7 18092 59
62 98 52044 630
8 90 38124 65
82 71 55667 96
15 7 191786 259
34 67 15381 193
47 67 18726 475
86 23 67304 437
1 73 15825 95
67 99 100756 1217
33 16 7058 32
98 53 24438 123
20 36 11730 89
85 3 5389 404
18 42 4409 66
19 80 8913 154
78 68 38234 158
35 11 8929 66
45 70 23752 420
89 20 32638 269
94 99 107158 74
89 55 42768 354
47 60 16211 51
28 42 16463 350
21 28 11370 189
61 80 16647 259
92 81 16497 144
3 94 43044 222
67 60 9767 68
42 41 12777 131
96 22 24914 28
69 92 179005 171
4 89 30500 74
52 12 39209 124
5 7 32500 670
16 51 8236 81
78 40 22827 134
8 32 27344 150
17 26 9558 260
76 56 49723 132
77 67 13342 313
99 11 5021 259
50 72 90050 545
91 55 15525 259
7 93 14386 122
45 35 33832 36
32 85 15817 114
1 60 12901 398
1 70 146001 169
40 77 6157 216
24 97 17425 113
42 35 6183 206
26 81 57863 360
37 8 11405 171
41 96 75245 224
70 19 3539 449
68 6 14444 151
60 86 45633 35
12 15 53469 61
7 69 16333 226
6 24 21574 44
75 50 24941 249
27 89 38320 821
14 86 15936 75
27 98 15663 167
73 26 20742 201
47 74 49189 66
65 19 17756 276
64 3 13136 164
100 81 4141 221
66 27 9034 38
76 92 33567 142
19 65 9563 126
79 91 106563 197
97 58 59019 66
3 63 13792 212
28 68 23525 135
84 17 35677 64
42 38 10152 698
26 79 34121 331
94 49 24299 102
4 38 13822 196
68 70 29538 164
54 17 339666 95
36 67 9772 101
52 2 130975 69
25 26 24039 17
44 54 134692 63
43 8 11789 602
100 12 9216 228
5 69 12750 66
3 34 19981 259
43 81 41921 57
15 42 42199 248
39 36 3847 74
71 1 4717 130
28 69 103718 72
30 28 1445 223
45 60 7327 220
28 90 56633 328
14 15 6004 306
97 62 33862 465
27 3 21462 198
27 65 37202 406
97 35 18634 55
39 2 5297 12
31 88 28512 560
27 29 40469 137
38 52 22188 105
44 91 130196 77
8 100 13755 56
10 63 24465 856
39 66 23779 513
79 76 191512 92
45 10 79681 372
80 600
15 45
99 32
75 942
20 12
26 128

12299942
