100 499 3 3
79 91 16656 12
79 52 14279 398
79 6 10285 45
79 64 15596 23
79 26 17122 38
79 99 100696 87
79 19 16755 298
79 37 21271 103
79 5 60478 7
79 73 19660 31
79 76 11994 375
79 95 2795 97
79 85 19359 438
79 55 6281 46
79 16 16762 59
79 11 28524 871
79 2 16892 407
79 8 49930 518
79 54 110798 148
79 30 21350 379
79 49 6257 362
79 44 198759 16
79 7 34837 46
79 38 38038 131
79 53 121697 316
79 13 4310 89
79 76 5321 48
79 17 21619 208
79 73 41801 692
79 99 10674 552
79 80 19411 252
79 50 21156 262
79 63 21025 34
79 11 19265 216
79 91 40008 283
79 65 5329 177
79 17 1472 802
79 45 71756 102
79 23 14352 31
79 63 192361 44
79 71 47760 422
79 84 57776 150
79 54 2845 285
79 28 158661 414
79 97 32402 31
79 32 2508 52
79 68 18855 27
79 58 9549 34
79 30 53694 137
79 69 2591 172
79 16 19082 1186
79 4 15298 29
79 31 6522 174
79 82 33037 261
79 21 8151 218
79 9 33437 57
79 39 14211 114
79 51 19671 607
79 9 25842 84
79 67 31652 142
79 59 22331 151
79 32 26430 85
79 13 59835 271
79 15 23410 416
79 96 30288 139
79 64 36577 347
79 59 95172 633
79 69 12511 129
79 48 5565 264
79 35 14971 15
79 52 74053 81
79 38 85164 80
79 9 1668 129
79 19 36056 24
79 25 14637 112
79 56 63916 63
79 50 37576 109
79 34 11185 50
79 37 18660 361
79 77 15359 29
79 1 12761 138
79 71 59875 64
79 21 554131 53
79 30 9392 68
79 1 71167 152
79 48 24160 92
79 22 40621 85
79 21 3493 84
79 70 15046 96
79 12 29771 319
79 56 12809 213
79 45 6663 619
79 56 37913 165
79 65 150323 132
79 31 45717 42
79 21 10009 179
79 75 41492 299
79 33 21854 326
79 32 13974 90
80 7 14149 216
96 3 3684 181
97 87 24354 37
21 76 21168 165
96 90 13874 159
76 59 103421 23
34 31 12237 532
45 90 3220 107
46 76 15054 350
98 97 26647 134
56 3 14098 44
6 35 25050 391
84 53 180723 8
15 38 40966 47
52 89 7970 171
24 26 9265 127
29 94 11996 82
22 3 9983 425
85 10 31178 77
72 34 8298 1815
13 78 87231 683
72 92 21597 51
48 35 31826 170
20 48 14780 133
47 4 21479 84
43 24 202902 65
47 84 44790 50
89 25 143272 247
18 4 25181 309
21 96 49537 207
78 84 5251 516
48 15 11468 140
46 82 20437 66
23 67 4109 346
99 44 40168 115
61 83 12441 209
89 53 4660 245
30 88 10648 423
71 13 20497 15
53 67 37772 142
30 70 10655 477
63 50 9520 393
29 54 3312 160
62 72 28978 601
64 20 1816 333
48 8 40939 38
65 75 76968 38
67 85 15380 163
77 86 23954 750
64 27 5588 231
71 35 94107 102
86 82 75144 16
79 40 24581 120
54 30 13198 290
33 10 10071 193
52 50 8874 79
53 82 6669 108
36 90 20904 117
41 89 131076 444
43 65 127703 440
46 63 15484 314
21 78 11663 335
11 68 4115 147
62 68 5508 389
100 47 6140 42
79 42 33244 1031
99 10 26021 489
10 13 41410 128
54 46 4517 370
78 25 26326 151
94 63 14150 155
94 3 3396 378
14 58 7341 28
21 68 1498 57
3 16 19581 50
89 91 8363 219
29 74 24230 102
62 56 40577 181
83 15 8890 112
3 76 18239 546
87 67 4166 96
59 12 48551 595
49 92 8811 692
2 30 182462 299
53 50 7393 176
22 77 39576 246
22 46 58044 43
75 52 102165 270
56 88 8641 62
71 27 88565 58
63 49 32565 29
72 33 24078 346
9 3 285708 144
1 75 170278 521
19 68 22982 20
86 47 50118 306
21 7 7189 517
27 40 19619 63
63 22 7090 993
73 81 12953 6
80 49 38881 93
18 75 41119 18
3 39 6328 87
30 85 54153 32
15 52 9927 196
37 13 35164 160
90 17 65562 43
59 8 49741 641
33 76 34787 382
43 58 35557 152
66 83 117948 369
60 14 16914 121
34 68 37804 60
59 52 7240 35
6 18 17125 34
82 52 30106 852
8 45 11273 902
38 75 25597 391
92 42 3243 202
53 98 93986 163
26 46 10733 111
18 88 38159 113
78 53 37885 41
75 51 26624 127
5 42 125860 48
50 40 29340 97
45 63 8473 60
43 61 43680 278
2 38 5820 118
54 33 20473 442
24 29 28975 203
25 45 22990 167
86 35 67321 85
73 58 22411 35
59 90 32894 49
85 34 41758 7
55 5 7242 42
90 40 36383 539
20 75 32000 209
15 89 16110 339
76 10 185185 42
89 24 8265 152
84 90 14058 169
31 37 79092 32
100 20 8876 52
75 13 129628 193
9 1 3847 100
69 11 6467 68
59 77 3129 209
98 88 53711 125
13 55 41014 29
74 27 13670 225
81 34 12762 382
20 18 28455 159
91 46 23477 183
78 97 48834 397
75 90 4259 548
53 1 12752 57
76 48 33457 42
48 70 9492 81
81 6 28922 74
83 31 93887 28
23 65 7121 27
24 28 27405 143
71 18 163154 208
2 69 20441 90
60 67 13022 47
41 13 168315 137
93 95 20082 163
88 9 20944 158
33 5 21097 669
39 89 14976 454
47 97 12000 27
64 23 24622 56
4 58 16430 107
62 28 6734 142
6 75 5601 35
70 90 206754 424
75 85 8098 787
82 35 24061 63
53 57 10114 162
83 100 110901 528
23 97 316369 1973
31 19 11096 226
90 24 95545 53
4 69 4206 651
68 21 44997 65
62 18 27224 16
38 53 62347 239
45 41 7318 93
91 83 32844 183
90 97 26449 34
91 42 94199 108
19 2 4255 1037
60 41 9859 431
78 79 23475 75
96 24 36332 379
81 61 14198 162
75 15 15195 263
12 1 36856 68
85 93 24235 104
58 22 79229 765
39 17 23011 84
68 76 13021 220
3 78 124340 61
68 3 19405 105
91 43 7813 18
29 38 15115 105
6 23 40975 114
8 70 109357 53
43 66 1903 45
97 96 21364 55
44 10 21471 179
68 34 60670 185
53 22 1167 28
85 49 13632 200
89 40 27588 346
47 99 153200 72
66 36 8492 470
72 65 162506 32
70 10 10838 104
36 69 122151 153
36 9 22487 352
72 87 12470 69
89 1 12654 361
60 77 39475 193
22 65 100725 52
21 65 118531 413
89 95 6460 61
48 41 37226 35
37 79 56289 73
29 68 71253 83
12 36 22660 84
44 63 16179 96
26 49 28053 74
66 63 47718 140
30 93 6410 223
5 66 71194 206
19 9 17904 1064
98 89 16921 65
71 42 24195 332
61 28 11333 891
18 97 28532 59
60 47 683847 587
29 98 14267 36
51 94 7546 253
78 82 12528 47
65 92 11536 188
99 31 2043 206
74 47 6113 255
47 80 71381 276
74 46 56393 177
11 75 18435 599
3 80 19944 129
86 73 12592 758
72 77 35462 575
25 51 8436 178
91 85 19018 82
40 65 20864 36
46 75 24138 66
10 44 38330 582
24 43 18756 344
2 100 25763 48
60 45 38974 298
56 81 25348 15
49 18 38136 54
80 67 17950 56
13 47 305030 93
72 5 106458 18
92 78 93439 111
48 61 44790 81
24 41 73754 337
56 2 5480 238
58 90 45595 421
100 10 41000 1435
95 81 12671 107
53 36 42139 100
17 87 44713 158
64 28 170960 521
28 88 33451 1096
46 94 13375 57
85 97 14011 1157
22 20 14868 140
89 80 17890 93
88 14 12292 81
29 26 20626 27
8 11 86060 58
98 29 37717 88
29 28 18055 317
40 12 50711 172
43 81 8270 41
50 34 60246 126
89 83 72648 47
67 35 6349 138
75 53 28483 231
75 80 3489 167
33 62 7903 361
81 45 31913 14
89 5 46590 38
16 56 40197 173
59 25 6284 83
87 68 42375 22
73 61 17638 145
87 47 11244 244
78 95 103092 484
4 51 4934 116
20 78 37860 286
87 15 17241 329
88 31 127438 29
46 86 59511 22
65 63 115131 46
3 71 34513 14
44 37 95761 108
57 29 84522 743
99 29 33784 366
68 97 8858 66
76 64 9715 153
35 76 52433 55
82 5 19566 156
32 3 25021 315
6 52 11699 217
49 40 33197 174
63 92 16975 791
27 42 56237 126
98 91 9275 300
56 80 44257 23
75 19 21537 179
94 86 4938 39
23 81 10470 269
46 23 25346 123
45 94 16716 341
51 78 3412 88
8 32 44456 49
25 61 32133 78
17 69 59572 114
63 36 42053 77
73 3 14585 367
70 42 18581 691
99 90 62538 382
13 12 25678 99
86 99 20043 146
40 93 42916 213
57 56 16501 822
59 6 39426 421
91 29 33778 207
85 52 18095 141
64 89 95837 605
45 88 13089 808
74 97 52633 86
86 78 176180 23
80 3 35498 502
33 84 15598 594
58 13 13094 41
15 87 10115 74
30 19 27613 23
45 87 25935 133
89 18 22851 149
38 90 15331 257
25 65 88767 182
94 75 2211 986
2 79 131483 180
100 87 24685 457
66 74 4834 248
44 59 50378 409
75 21 17760 254
83 93 5441 99
70 38 12931 105
49 42 16372 202
66 62 15402 303
51 5 13144 26
19 67 32841 139
96 53 4017 84
10 4 16644 168
15 86 54299 149
50 28 31551 66
47 49 267779 106
58 35 13041 97
34 81 35398 88
2 73 10821 474
99 25 12176 206
98 92 7622 176
47 100 16748 92
51 44 16032 185
40 87 23369 191
41 82 103469 152
92 39 18175 154
89 59 10503 433
80 48 63544 258
74 30 84497 274
74 68 32603 710
92 34 15763 2170
82 88 71545 271
29 41 16879 397
20 37 2006 96
98 37 27836 25
80 42 21486 126
74 98 27262 878
85 80 49500 152
19 76 10518 46
58 68 7633 94
79 2424
89 84
75 50
97 321
90 1487
68 1217

89187884
