100 499 3 3
87 66 4308 337
87 65 20119 443
87 81 8466 205
87 98 26291 419
87 88 35951 436
87 39 53869 327
87 58 45126 106
87 54 59015 65
87 24 16782 1109
87 45 22476 283
87 22 5886 106
87 18 243642 130
87 41 16165 72
87 88 27446 171
87 48 35119 274
87 36 3356 73
87 93 14726 339
87 48 74387 120
87 69 23151 535
87 96 3543 127
87 7 11164 47
87 3 37900 100
87 48 15773 363
87 68 36669 164
87 28 40351 64
87 55 24421 44
87 60 11226 86
87 34 30453 495
87 47 7639 249
87 40 27394 217
87 90 15427 247
87 96 101028 220
87 31 38166 395
87 7 42514 442
87 86 3871 306
87 57 15895 221
87 80 240651 111
87 86 37362 477
87 42 9058 225
87 90 15963 190
87 94 12025 85
87 59 74063 579
87 42 13864 170
87 18 28531 595
87 98 17554 98
87 78 38344 481
87 12 20987 386
87 68 19819 117
87 35 6259 205
87 76 57800 78
87 16 39728 105
87 52 4211 163
87 80 43218 42
87 40 13153 431
87 91 42542 438
87 86 13637 231
87 82 30919 43
87 60 12409 317
87 54 9179 852
87 56 16304 68
87 62 19675 11
87 12 27352 24
87 13 46443 86
87 8 41805 702
87 3 69359 387
87 78 16632 169
87 8 46332 69
87 16 16716 222
87 20 45571 66
87 95 82109 1126
87 48 10057 41
87 55 12662 143
87 45 50236 104
87 46 95552 361
87 82 12858 75
87 51 7959 50
87 8 45926 566
87 85 29955 566
87 100 13470 46
87 91 55241 156
87 72 4333 410
87 70 11475 294
87 79 18174 81
87 73 79845 36
87 75 4704 105
87 94 10727 19
87 4 160790 254
87 33 12115 333
87 88 21125 52
87 29 13634 75
87 5 32572 409
87 49 39956 751
87 2 12241 9
87 99 60078 276
87 22 16404 46
87 68 6413 43
87 12 8407 106
87 3 7370 233
87 51 39741 774
79 55 16777 54
84 91 24639 111
25 52 63539 76
94 48 34322 13
53 32 15951 9
64 70 10395 39
84 94 7526 54
70 33 22317 140
39 75 61032 25
70 50 42067 231
15 48 11502 82
30 58 13784 96
80 42 65905 32
100 20 50440 87
32 74 23944 172
32 24 4196 218
9 80 23550 145
72 96 19908 59
30 41 55285 910
4 95 79060 199
53 17 22707 309
91 54 27894 313
91 16 10705 856
17 40 61164 454
54 88 25696 37
8 55 26253 300
88 59 39970 37
63 87 17011 691
36 59 48409 56
64 79 55626 686
63 99 54815 126
43 3 153979 169
92 40 20420 111
8 53 203092 239
3 77 4458 190
7 66 21684 167
18 42 17411 152
50 26 182171 63
36 8 22416 99
13 12 9382 201
4 8 50208 28
6 58 35746 126
30 33 3342 161
97 69 130257 292
71 82 76133 71
67 38 21987 394
45 97 44988 139
22 8 6593 30
22 89 79619 108
55 97 2089 1342
35 55 58826 152
98 43 3125 47
16 100 31307 704
59 70 45929 690
46 89 39854 11
44 72 5606 159
13 33 38691 119
43 98 65058 22
34 9 16356 34
84 80 13623 79
90 51 11956 115
43 93 15173 63
92 20 8235 18
63 74 7270 24
81 21 8879 148
87 61 26495 459
80 45 23528 54
3 83 6859 298
56 77 57342 85
91 60 17409 260
11 31 26336 214
67 53 14343 101
72 25 60801 30
94 93 7861 179
59 37 47537 43
2 57 9174 154
71 23 22926 141
64 24 19214 195
39 54 6789 84
91 85 37532 159
25 48 145999 29
18 45 20547 141
75 54 83390 176
7 49 33723 383
22 78 8569 139
9 72 11297 196
85 96 26470 43
76 90 41851 267
73 23 10281 82
72 75 20864 189
80 87 11716 45
76 24 53684 339
72 37 18644 998
59 3 9952 64
32 45 12859 1013
69 13 21807 99
36 15 42191 487
94 18 19856 404
48 64 34384 85
98 56 46329 399
7 68 37636 456
62 77 43541 168
53 41 20813 111
62 70 17440 281
93 75 54405 97
92 61 3873 37
28 97 5541 68
40 65 32817 353
61 45 31741 119
23 55 6886 68
56 6 75522 438
27 39 2016 64
96 77 23233 139
61 31 51783 104
88 81 11273 326
79 22 7321 29
49 16 42612 195
28 56 24644 81
45 50 96559 1517
73 52 21779 341
94 75 85021 744
18 44 8573 186
17 29 15727 172
45 80 276658 541
6 100 61144 113
25 55 78105 436
82 65 66958 94
85 11 107710 252
79 74 7080 168
36 9 21224 70
13 99 15325 185
81 31 39202 178
2 36 17072 25
82 35 30320 140
62 19 9997 201
79 70 16608 45
76 66 17753 96
68 1 159172 195
9 59 20769 202
7 90 192215 193
38 1 3863 914
34 47 124741 28
63 31 6450 208
44 87 14688 390
71 20 12925 20
72 83 12277 119
12 44 34939 363
96 54 15278 68
54 32 18189 135
48 65 25062 69
35 41 16571 73
8 69 16559 131
100 37 2285 294
27 55 8289 295
93 7 55076 46
42 51 22255 292
79 64 38930 358
25 96 15281 455
5 3 19983 346
21 48 3878 163
83 73 11988 163
67 10 46260 167
40 98 30715 316
12 22 19390 567
7 26 20779 221
89 48 74000 311
52 99 39929 250
68 76 6097 77
32 68 2988 142
48 24 59834 92
97 1 34901 268
98 94 9659 30
9 75 60351 259
26 22 6683 54
38 63 4874 26
15 93 12922 153
3 9 16481 35
37 47 15164 57
91 55 11419 96
62 79 68785 581
94 36 86557 79
74 34 37074 260
5 22 68694 589
17 7 1763 405
79 62 6578 96
17 90 22043 138
4 87 6970 269
8 12 109634 225
83 67 25090 68
66 8 37953 169
62 74 13720 232
59 21 17711 116
56 96 22658 226
26 47 14888 194
76 96 10850 237
59 4 16180 24
72 94 20424 106
64 6 353146 73
47 12 45566 318
61 56 105430 203
1 7 14037 48
4 11 24165 60
89 35 24590 116
96 2 19733 35
15 22 13690 137
7 54 5111 52
7 36 1500 102
39 62 4531 15
45 17 23541 241
29 8 15042 194
47 39 18877 13
49 94 17344 358
52 43 35215 286
76 89 10893 282
14 25 220932 708
98 40 13348 71
74 53 201889 147
45 96 35541 215
27 89 52426 42
78 5 135080 368
94 90 7744 58
33 24 137517 143
31 8 6650 111
67 37 12940 57
3 18 24230 288
56 28 1239 279
53 78 66118 285
94 21 22901 242
41 85 18913 32
89 86 15652 129
13 80 51684 40
32 89 290921 87
62 7 111856 76
84 17 11722 11
48 38 5304 234
36 55 24516 73
9 27 26332 1216
17 15 34293 52
20 29 98063 156
72 54 16166 677
94 76 38291 73
27 44 12077 175
92 5 189746 108
41 95 7641 185
68 15 24505 196
50 49 2588 166
8 35 17843 54
1 32 17029 55
80 36 35086 1044
28 41 116882 52
73 27 8013 984
36 14 67962 281
64 50 17439 74
56 62 6109 24
81 85 7123 114
10 16 42370 1209
50 23 23885 78
1 10 23739 486
1 13 11191 1253
67 28 46292 43
96 62 3268 341
80 34 18625 248
82 85 12925 103
88 27 17499 1001
1 40 53295 168
81 100 81998 101
63 37 64643 368
42 65 27311 53
13 93 19763 387
54 3 24419 87
58 85 28037 1370
68 85 43201 495
65 82 17554 114
37 80 15272 120
28 23 8424 52
41 80 30974 217
28 44 4774 213
78 48 20787 60
12 90 18995 52
56 65 6461 186
28 65 16709 290
22 80 11001 498
30 11 4997 112
12 24 19485 122
40 97 6282 134
54 8 7257 402
82 48 29204 89
86 84 4319 184
28 68 30668 32
58 99 5785 403
22 100 24050 161
97 93 31435 382
44 12 84498 55
20 12 7856 14
52 6 32584 274
3 100 50359 66
32 96 14187 105
29 82 1706 326
98 99 42443 1527
41 5 28164 87
54 50 25899 315
6 66 49853 59
18 28 8468 331
75 14 9702 60
37 43 15275 99
53 44 75263 382
74 48 71986 253
11 88 28033 63
73 74 7035 22
31 15 28514 108
75 30 10575 41
81 77 31882 292
77 14 2206 166
24 45 51801 645
60 72 4269 108
64 45 15433 25
34 80 47555 242
84 13 35031 275
84 8 215234 84
32 13 22433 201
40 91 61181 200
44 83 53776 45
99 81 98589 251
35 67 70528 120
62 12 91884 1021
80 63 5927 289
63 8 32029 51
14 67 25061 13
57 4 27878 473
63 33 50149 48
22 83 24710 194
51 80 19900 348
94 8 63648 540
12 67 32900 185
97 59 16426 36
100 32 67463 23
54 71 6337 1848
18 86 77530 248
43 17 6101 250
85 58 5754 132
70 30 13604 254
51 65 2869 749
24 74 41182 273
2 78 14888 223
93 45 7606 98
12 13 26980 501
52 85 1220 221
59 25 31391 568
37 3 176100 25
98 37 173025 432
60 93 11278 115
57 17 14907 323
22 74 67574 48
11 86 24010 297
35 40 12958 137
21 74 11855 84
99 70 108908 129
47 21 12400 51
53 14 14721 443
68 45 6704 157
65 61 10865 140
48 91 7037 93
37 55 10079 44
56 42 8822 58
4 78 678527 192
64 10 40882 651
97 22 33569 108
57 43 264970 281
78 88 15683 222
12 53 21969 321
90 41 8074 127
94 81 17059 559
86 83 59569 805
10 89 10045 78
40 54 14984 271
61 84 11490 427
65 10 25310 196
15 52 23981 170
67 78 54522 186
25 60 13695 596
25 76 8142 214
28 43 40963 101
77 5 19430 240
100 56 16781 125
40 33 65481 404
65 23 19036 297
46 48 7908 72
42 69 15616 282
53 75 20006 110
77 76 97493 344
2 1 96233 82
68 98 20915 120
51 92 11897 488
58 83 7552 177
11 18 12056 78
3 58 6008 45
30 46 7896 297
36 82 21745 1307
16 98 18438 136
86 17 6056 27
87 3600
94 10
28 16
48 224
8 1633
80 2862

155116474
