100 499 3 3
23 22 20606 367
23 5 17597 462
23 19 29286 372
23 90 127673 177
23 50 8637 280
23 65 15994 313
23 15 106516 225
23 36 31287 273
23 73 28593 37
23 14 8217 230
23 35 13169 92
23 42 23678 55
23 83 4326 126
23 54 9696 344
23 21 35509 291
23 43 11137 48
23 74 26095 1132
23 82 47411 43
23 97 44718 137
23 2 9070 102
23 45 25922 198
23 52 274044 113
23 41 288935 46
23 33 3595 241
23 70 16864 373
23 69 9261 164
23 31 8141 39
23 59 79107 97
23 55 47682 203
23 64 175150 31
23 4 31906 15
23 11 27028 81
23 86 18452 96
23 38 41217 200
23 96 56511 314
23 87 9551 109
23 92 17748 217
23 27 61076 318
23 68 17980 83
23 25 100406 217
23 76 48846 103
23 72 15391 205
23 56 13927 105
23 24 33573 174
23 71 178258 220
23 85 19358 244
23 75 9467 88
23 91 8653 445
23 1 20508 141
23 48 28072 275
23 79 57041 459
23 3 14080 28
23 16 12460 74
23 46 4872 136
23 32 11214 168
23 89 19528 218
23 49 23947 140
23 40 23038 176
23 6 113545 127
23 99 24194 146
23 77 3928 57
23 61 9227 144
23 29 17262 799
23 78 44238 146
23 18 20187 303
23 10 29985 34
23 63 2859 206
23 84 29825 44
23 30 30809 142
23 80 2802 465
23 34 37371 1090
23 53 172711 312
23 98 49671 660
23 12 78647 1044
23 93 15963 155
23 88 19990 1572
23 47 52767 88
23 58 7324 192
23 13 65467 365
23 100 59730 65
23 57 52917 390
23 20 27249 303
23 28 19590 272
23 9 35232 123
23 66 51486 224
23 8 30382 62
23 67 11182 184
23 17 15306 72
23 95 13303 57
23 44 78423 206
23 7 46933 134
23 60 8864 105
23 62 52353 88
23 39 7628 361
23 26 21617 111
23 37 21652 76
23 81 12525 91
23 51 5438 118
23 94 62591 491
9 50 48198 79
62 94 3824 283
96 36 37474 177
79 91 16650 262
4 56 26911 62
1 57 9437 203
1 6 7144 49
24 80 4569 406
55 25 17239 56
90 21 11808 149
65 22 130868 52
35 11 7479 197
16 77 5604 166
51 90 25395 573
27 35 62824 69
53 66 11856 54
53 57 7728 76
24 8 18338 247
90 91 85472 63
63 58 41033 108
88 24 102801 276
54 92 20381 43
11 65 11747 352
32 37 17804 40
51 7 18985 183
1 75 8941 359
99 61 12366 72
19 40 2937 1110
6 52 9840 113
63 83 71836 176
39 11 23764 176
30 47 62642 91
36 18 25900 108
33 9 4630 34
57 70 78159 769
82 16 8577 192
29 82 89718 755
5 4 2720 162
12 6 8804 333
77 46 101668 109
9 91 22927 15
89 3 133744 76
28 69 8005 309
83 18 8577 65
84 49 4188 224
13 34 56786 194
56 87 81207 330
26 8 7128 690
1 99 84918 46
50 94 8133 52
20 83 5964 36
94 69 83230 274
58 56 5972 547
1 85 75938 20
99 87 13422 572
26 66 20380 36
41 22 14263 106
4 97 93069 150
58 72 41127 283
34 9 99851 615
95 72 8213 78
45 70 26705 34
73 13 16357 266
64 59 32476 114
41 45 14837 642
21 60 58295 148
14 1 31216 201
92 93 359107 158
1 38 57032 374
81 59 34228 194
8 63 2599 432
5 41 15281 242
44 71 7808 336
12 45 13895 34
59 83 3310 232
66 8 19938 62
60 7 17068 46
55 68 48450 485
67 6 27118 683
16 68 48137 38
53 31 5806 22
10 80 6841 192
2 19 5941 66
83 94 26267 112
18 51 11293 270
50 39 27761 728
38 85 41196 375
9 90 10930 723
59 56 18712 214
40 1 41468 354
15 24 9653 233
13 23 9803 135
91 84 35137 185
42 44 5283 117
33 15 22938 56
69 96 173025 16
77 13 9277 75
45 12 5789 254
100 75 17626 97
95 25 92129 62
4 55 302266 953
87 20 25345 290
46 79 8868 463
78 30 17018 138
89 39 2943 77
21 49 27546 406
66 75 21496 106
56 66 35720 264
29 88 18435 93
15 20 23793 541
68 2 6916 39
84 77 16477 350
34 6 16483 122
48 5 20002 62
17 96 10179 74
21 39 7316 52
18 9 42188 32
35 26 22495 362
28 5 149445 97
73 60 11328 140
67 97 17987 242
87 4 22356 75
37 56 38308 109
21 4 97449 104
24 56 11443 106
17 71 20797 79
59 67 12118 920
49 69 44816 41
73 85 27004 69
8 22 34653 226
44 48 14226 206
87 64 34842 455
29 75 208638 265
38 36 18616 121
6 10 7350 97
10 8 76046 682
90 38 41917 65
48 66 24835 404
3 23 4147 147
75 40 7477 72
82 34 7953 316
55 2 12450 467
37 32 12908 70
42 68 65443 426
29 10 35679 469
15 10 19670 156
61 95 92155 193
75 92 24446 39
38 34 10267 113
28 24 5785 136
16 67 44935 272
95 41 25511 213
89 13 14688 213
49 45 9956 146
7 18 102849 829
89 14 37574 182
65 70 69088 92
73 48 71432 37
52 55 10346 764
97 56 7108 282
21 2 7895 329
90 100 5992 94
49 80 36555 168
52 48 5003 38
8 58 16866 151
85 55 37039 185
81 63 32515 122
61 96 7933 21
76 4 26887 98
22 64 37951 426
89 88 6729 227
57 95 25079 130
98 96 96610 621
64 9 12144 111
40 69 19789 24
9 98 11385 68
93 38 12184 63
40 76 22400 309
18 63 16926 66
87 35 10252 67
81 55 26441 99
65 48 183252 1453
80 59 17213 94
86 64 40377 35
43 77 16083 72
96 42 6929 50
94 96 14110 206
90 61 115412 131
91 71 27503 44
29 35 13694 276
79 98 335307 128
24 10 51288 312
48 61 89947 220
26 73 66971 375
2 30 43152 398
17 84 9271 161
7 17 65871 293
59 54 102759 256
46 8 7757 51
70 4 53229 93
22 92 31369 10
98 33 30346 98
54 29 11858 235
75 24 301482 321
100 94 5562 63
98 22 13982 752
24 38 7564 556
6 22 25466 24
88 33 42077 120
61 81 17963 51
41 13 3770 136
3 86 24766 175
83 96 39808 373
27 80 8778 33
91 73 23101 365
46 76 5361 84
19 63 15229 119
57 68 29957 53
16 99 14440 68
38 61 15828 210
50 67 27435 291
62 92 103622 18
100 24 6357 123
4 10 10667 226
16 79 10484 685
84 65 11528 25
41 44 13005 175
83 76 22862 88
9 3 23837 176
91 88 29471 874
33 38 8303 301
87 26 14247 767
4 47 5726 169
90 23 27769 332
33 68 6184 146
66 96 38970 320
79 96 33897 347
19 77 27010 179
92 78 8117 146
41 18 28466 2033
95 29 80163 181
70 65 72655 185
31 92 45601 239
73 70 2680 512
97 40 20648 50
93 34 17365 358
79 64 18614 476
40 41 62465 156
55 49 39284 263
72 99 44716 121
36 7 19697 97
86 4 53125 393
87 65 4666 297
17 5 25046 627
14 80 75417 171
88 95 21459 194
83 35 2075 181
54 31 8295 126
20 30 13767 436
2 61 5875 158
87 54 14532 159
12 67 10609 275
17 43 34162 147
9 45 15646 246
36 67 17752 88
49 76 8823 35
58 69 12134 53
97 88 20374 47
17 93 2891 340
49 71 12873 107
40 62 21261 238
64 52 65135 224
34 5 8444 260
83 40 26032 52
9 97 75099 119
98 40 5988 83
16 51 4979 108
55 89 14635 267
13 97 21246 59
27 72 39945 33
93 60 48214 93
21 96 2755 158
33 39 6755 261
68 51 37619 190
38 46 83981 519
56 7 39952 579
39 13 11652 409
44 70 8005 77
34 14 30130 89
84 78 61904 425
88 92 34667 61
98 2 8943 37
84 24 12254 232
93 3 258741 160
33 44 22128 55
16 1 24672 14
98 77 65523 294
45 77 2541 30
73 28 45177 31
99 20 5849 424
52 26 26112 197
2 33 141822 321
97 81 67093 387
86 83 32401 130
33 77 50416 103
44 42 22481 317
33 96 11882 379
91 58 22453 24
94 89 35918 889
62 15 11664 360
82 100 24484 37
68 10 47447 335
92 30 25471 991
45 22 12644 202
60 88 2279 285
82 12 13863 78
16 52 54597 242
21 56 30410 120
78 57 18399 56
76 96 36832 206
52 90 32731 93
71 11 18345 57
33 69 10434 79
43 33 9609 127
37 8 25226 124
55 31 12304 75
4 34 43480 272
100 34 22197 74
17 49 88892 25
99 48 38098 585
81 20 56829 198
9 40 13013 18
2 69 8540 119
48 83 20239 517
47 52 10930 45
65 74 20875 53
53 26 54125 125
16 40 34855 194
33 35 78003 217
13 19 8463 102
57 86 31894 145
81 9 11860 319
63 85 33511 158
44 47 98321 720
18 5 31600 55
72 32 7586 75
32 9 8855 106
82 43 27323 83
13 20 20740 726
82 9 32269 198
99 13 17851 255
97 50 28582 342
15 89 19814 318
11 31 6913 263
84 69 16421 192
22 99 112227 320
51 23 25320 282
77 2 16652 100
14 64 22108 95
44 92 15528 203
24 95 33105 418
45 99 9448 314
98 29 11783 767
30 34 49436 181
55 72 38263 55
24 66 40923 242
38 86 2539 62
50 70 1572 185
57 91 60191 144
4 14 9485 137
14 20 32663 88
13 1 20006 51
40 45 84868 28
87 89 117386 276
67 39 60039 37
29 37 5774 137
54 85 32881 93
75 14 18949 161
17 72 9276 160
11 32 8111 79
24 59 2039 285
67 87 47040 134
94 98 37229 126
31 55 12951 297
92 39 15375 62
94 5 117304 1252
75 59 21272 104
72 29 31211 155
74 48 22583 68
95 63 14759 982
53 27 25490 362
80 39 107921 97
16 17 48093 160
87 86 14461 112
7 31 7731 282
99 28 44450 192
21 80 4212 196
9 1 94328 270
57 80 62295 33
49 99 10244 132
23 2574
33 30
16 50
96 375
69 218
92 368

18646590
