100 499 3 3
48 4 25939 37
48 78 6249 88
48 82 7511 84
48 40 34019 258
48 73 8203 142
48 12 9153 45
48 89 12825 77
48 65 8966 685
48 42 12917 43
48 83 206728 205
48 49 20239 705
48 12 37773 30
48 18 34757 102
48 46 26498 531
48 65 23972 109
48 85 80925 218
48 17 32538 273
48 37 5914 296
48 54 9357 93
48 22 62422 311
48 26 8040 97
48 52 10844 189
48 65 6045 150
48 60 8321 144
48 66 40769 480
48 10 138869 141
48 80 13905 73
48 43 22673 70
48 6 8613 92
48 51 54900 112
48 12 23268 256
48 44 87641 118
48 74 147253 105
48 11 90128 177
48 62 48151 621
48 61 10519 177
48 90 8713 67
48 9 198551 124
48 55 6812 101
48 86 9541 103
48 3 25377 232
48 3 3699 69
48 86 35206 95
48 14 6323 244
48 89 46211 185
48 83 15219 72
48 18 38535 179
48 31 14964 26
48 15 20108 333
48 95 108255 511
48 19 32320 63
48 82 20708 326
48 90 10021 42
48 90 7656 93
48 15 55985 42
48 67 5191 674
48 70 40215 106
48 41 8243 269
48 95 2912 693
48 19 137693 13
48 99 5557 98
48 47 15411 189
48 47 29902 115
48 62 70803 593
48 38 3501 950
48 14 4046 47
48 16 33981 211
48 90 12633 75
48 67 11154 89
48 35 9276 67
48 22 9573 107
48 89 58781 71
48 83 5810 49
48 55 34099 85
48 15 6711 131
48 95 30498 131
48 32 5986 18
48 60 15687 126
48 50 29699 272
48 46 8523 40
48 33 14799 95
48 10 92580 419
48 21 11271 369
48 45 47199 194
48 77 8341 87
48 68 14477 303
48 90 115126 53
48 88 11666 41
48 4 47253 130
48 88 36621 178
48 84 79766 335
48 5 15589 329
48 19 17502 113
48 47 47704 164
48 33 2732 42
48 47 5481 472
48 100 15791 151
48 47 53195 85
48 36 7546 25
37 58 20668 63
11 14 15740 37
42 33 5304 90
98 99 56888 29
33 89 13888 65
75 76 9574 34
16 48 103982 58
71 68 9300 18
37 52 20227 505
16 87 43801 73
71 49 10913 442
40 91 4287 144
81 61 73098 588
86 44 7403 22
53 51 21896 72
9 4 22585 234
39 96 22962 65
86 47 15553 31
100 55 3933 209
82 77 26727 82
96 50 26038 19
71 13 6436 267
100 65 20482 435
70 42 29842 319
24 55 16217 166
80 48 12413 279
21 1 110818 118
1 48 39958 66
58 97 29151 103
40 93 20698 313
89 35 37749 348
100 95 9331 308
52 88 24772 36
62 53 28762 71
97 87 38850 999
33 12 18646 125
85 82 9432 113
53 94 453825 108
87 94 8004 941
52 58 35982 91
39 80 23482 75
35 32 15406 54
70 44 11358 209
100 48 54494 44
27 3 21441 132
85 11 2753 162
38 46 14202 421
18 38 8630 598
42 37 41387 248
63 95 13183 99
10 81 18810 37
53 63 11049 39
16 35 43732 155
25 27 45900 68
6 59 14943 335
89 43 8515 239
53 84 18272 21
98 34 403317 112
21 45 51247 356
87 9 113784 103
92 28 13652 218
27 70 46968 291
60 29 152029 330
55 49 2224 59
37 20 8404 178
51 43 19515 85
79 44 37882 46
78 4 70643 134
16 40 10460 65
60 19 4889 142
40 1 7244 80
77 2 19207 160
92 71 10888 141
27 45 52501 175
96 42 11181 104
55 95 20525 600
87 25 922 282
39 19 16736 107
31 7 6887 31
69 41 32416 134
73 41 41812 125
5 77 39752 160
49 59 18418 278
23 83 21187 231
3 79 28085 155
36 28 8822 194
79 1 6521 66
51 16 18694 209
96 48 7717 216
52 15 26399 100
51 24 31304 18
67 82 20868 124
90 52 21299 153
3 52 68398 61
4 58 39497 88
100 9 70086 442
13 29 23991 109
92 78 42427 264
62 97 45430 260
73 12 22630 180
1 28 96223 92
86 18 30033 344
78 100 9862 59
76 72 11164 46
61 57 344106 165
70 12 22456 171
94 22 42093 72
73 53 16478 109
62 55 24656 84
11 81 66265 56
31 21 23229 107
43 1 174824 866
38 3 21801 428
88 80 20888 151
39 68 17384 134
46 74 55161 248
30 74 37789 48
93 92 6502 19
83 12 12819 615
35 49 112610 1146
22 41 15217 58
56 4 4323 139
85 94 12602 91
51 76 58786 95
92 74 2510 126
38 57 6695 61
6 65 98840 375
14 48 7137 74
69 37 37265 74
94 66 18485 93
89 77 227512 236
50 71 26880 129
4 35 7728 49
60 91 78962 119
88 3 29185 112
97 29 7998 970
8 91 15241 1442
11 23 41533 685
26 73 62292 307
66 5 27306 220
100 7 14595 217
30 66 72345 47
36 51 27637 133
10 53 3419 133
58 42 69497 91
23 27 9456 430
27 56 34928 349
13 68 166333 105
56 81 15400 433
39 4 19207 61
55 41 279917 145
64 56 49646 264
43 25 33777 30
99 86 12736 245
21 48 12541 138
20 25 9234 680
100 83 11649 125
21 7 64588 177
95 50 6609 308
68 67 23155 173
100 97 25583 142
24 47 17054 145
25 88 26694 379
77 82 47222 44
99 84 16562 367
63 90 55056 441
63 21 43626 1001
14 36 21659 48
11 8 5974 26
76 97 9832 145
54 75 21398 159
15 91 46649 353
60 98 116805 96
28 36 32209 76
57 89 928 85
31 4 15299 246
84 54 17078 647
11 93 62381 441
52 37 41150 27
55 13 13821 32
65 23 4391 99
90 49 4791 85
27 4 5459 42
73 45 36669 217
95 62 18095 1112
33 35 27276 176
98 42 10728 67
13 17 45150 526
57 77 19900 208
64 40 17377 387
91 60 7626 159
95 23 12648 100
13 18 7158 100
45 64 32747 80
62 6 20510 20
97 89 59382 378
15 80 3253 123
19 97 32807 50
28 9 119332 239
41 13 60544 219
21 89 4760 210
61 8 33794 155
80 13 43142 240
4 96 13755 42
13 93 14120 313
90 37 85709 15
3 42 36038 82
32 52 8006 82
53 61 15946 174
1 22 58981 129
57 35 2992 41
67 36 41592 106
93 96 20714 590
66 82 5374 264
88 46 32289 68
97 27 126766 186
3 30 24069 172
17 24 42381 136
78 83 19126 391
83 11 5002 337
62 41 13452 291
18 61 35790 191
94 16 10709 171
34 99 33286 135
44 56 7127 107
11 4 71895 307
71 85 7680 161
21 63 1406 538
88 18 36761 74
52 28 42356 162
6 77 34840 468
1 54 36190 104
76 69 13856 111
61 70 17899 27
20 51 18018 380
98 14 4064 188
54 27 10957 221
9 33 21818 81
11 58 30692 292
98 27 27673 327
50 63 52772 42
42 9 104106 89
6 76 15066 47
27 98 4815 683
98 18 8297 259
42 95 71180 144
52 90 246003 63
14 85 55219 399
82 88 17615 692
38 31 31251 58
49 89 6913 148
19 71 177122 650
96 7 33298 77
31 94 112271 118
34 29 17911 762
82 75 81044 212
63 2 15843 35
97 22 11365 204
86 74 69297 88
81 4 9477 140
31 28 40083 73
54 76 38002 96
31 45 5939 239
79 26 37419 345
83 74 33632 137
7 98 122076 61
62 92 20667 65
17 32 69537 373
67 20 3528 41
66 76 28674 361
59 75 11565 17
19 58 19811 489
13 42 50530 228
61 41 6490 175
53 89 31692 702
55 36 14669 74
33 20 20837 340
92 98 14377 78
2 22 44268 114
92 10 12591 86
59 62 66418 154
25 32 23356 89
61 84 33787 190
94 21 6220 71
12 45 40305 163
52 64 12333 188
76 3 7660 196
10 43 16033 41
17 96 9200 554
17 31 6852 166
3 40 3269 338
31 93 7228 32
51 7 4925 174
97 65 8252 16
27 66 24736 389
58 12 8202 262
16 93 24848 382
32 93 99143 77
94 55 177227 76
38 56 76810 36
92 96 22092 203
19 60 14405 298
76 1 87600 491
65 36 7354 1140
20 15 27752 89
50 53 20675 59
75 45 66620 177
92 61 34545 56
10 58 12367 79
62 40 10475 150
14 94 133944 371
10 21 24201 224
94 14 5006 131
82 10 25423 26
46 58 8925 52
42 74 319224 61
4 67 77508 414
89 57 97227 311
78 14 20506 51
97 34 12699 57
80 7 89928 4266
35 39 15241 80
1 68 32963 425
51 23 18565 159
27 57 1748 93
61 42 41284 111
6 48 29483 277
97 18 13500 92
24 77 4883 490
72 29 53263 192
4 30 5462 65
41 39 21103 47
7 81 118446 141
14 82 31927 135
54 21 4239 157
39 69 6782 224
87 64 19865 371
11 25 9390 394
98 87 12794 334
70 59 50977 190
63 100 21698 71
57 9 36266 38
91 80 14720 123
82 92 7554 173
78 94 72010 68
59 22 75114 141
85 42 4997 570
79 10 20615 351
36 12 17705 1688
56 36 28529 117
5 54 21836 64
7 20 34449 69
21 76 89268 102
11 34 21444 428
93 99 39679 287
71 67 11961 189
42 93 21967 153
41 71 20859 228
19 54 49966 188
28 83 91099 92
89 33 21607 100
90 67 43386 489
70 94 10386 135
8 54 37119 601
31 71 14221 49
14 31 9164 24
52 2 21050 426
23 48 11584 298
2 85 10793 30
64 73 30980 266
21 34 4163 371
55 88 9555 227
22 94 37771 42
86 94 352624 296
79 56 239324 212
73 89 13849 202
14 61 26239 43
100 6 4749 51
74 73 40160 92
89 32 35581 192
32 30 8184 57
95 42 7515 132
61 28 21796 142
46 53 21295 32
25 17 39675 175
35 47 59164 55
55 7 15448 452
54 1 3992 438
54 13 14307 220
86 90 6630 67
48 30 740 427
20 44 3520 109
60 3 30825 21
72 3 10309 183
73 90 9345 29
13 91 21436 26
29 77 2376 163
13 2 51443 501
12 99 23401 71
13 82 33347 23
48 1200
100 135
13 198
89 1376
42 108
4 359

47268348
