100 499 3 3
9 63 16738 53
9 23 11338 246
9 82 4766 89
9 29 8796 376
9 6 38198 261
9 47 83310 77
9 3 29141 164
9 18 44348 390
9 33 58502 1780
9 8 7089 595
9 43 9005 450
9 65 6111 582
9 78 24911 336
9 62 48490 93
9 14 8100 270
9 32 261274 391
9 84 22037 461
9 94 46970 540
9 77 6561 18
9 21 12945 145
9 71 10454 66
9 57 49667 88
9 93 4510 655
9 50 8253 396
9 4 29388 216
9 34 15470 32
9 15 31472 155
9 26 12688 191
9 59 20877 38
9 88 2750 100
9 27 85849 123
9 41 23926 502
9 42 7766 173
9 68 21969 92
9 16 54772 504
9 20 77508 178
9 11 20904 60
9 36 24837 229
9 70 91774 41
9 87 17305 88
9 64 20694 795
9 55 16886 189
9 80 380695 211
9 54 5868 258
9 38 27968 215
9 10 12439 327
9 72 30575 164
9 97 257299 39
9 69 31436 903
9 2 16004 202
9 66 62999 110
9 92 40094 60
9 49 133899 440
9 45 15540 303
9 12 12789 287
9 7 11460 141
9 46 39381 503
9 79 15545 159
9 39 13723 213
9 28 379462 445
9 24 31860 43
9 89 2973 212
9 56 30814 93
9 48 15318 185
9 91 41400 25
9 17 32899 208
9 13 56037 54
9 98 30154 265
9 99 12716 285
9 61 232609 26
9 96 47091 180
9 90 12376 752
9 75 13742 279
9 95 11490 408
9 74 52974 46
9 67 20254 182
9 22 24262 87
9 76 68874 53
9 30 54117 119
9 25 16401 302
9 73 13306 85
9 5 40014 210
9 37 11270 101
9 40 18222 270
9 51 41766 103
9 86 131395 366
9 44 21302 349
9 60 68686 719
9 100 315357 612
9 81 45997 194
9 53 14396 47
9 19 40276 463
9 35 50031 121
9 52 4766 28
9 83 255952 48
9 31 18086 185
9 85 13160 260
9 1 10525 220
9 58 18414 653
76 35 62187 87
88 59 15115 222
30 1 8675 537
30 46 120901 285
66 76 5551 76
29 18 3202 590
1 48 29512 117
18 71 36727 18
86 39 12973 155
55 83 3939 164
47 18 14013 265
56 22 67651 818
62 87 20847 343
75 38 37729 102
63 46 25566 185
39 2 107087 49
48 13 42025 595
81 8 14737 529
8 64 8297 682
32 59 14147 216
80 25 64422 131
14 28 116338 20
78 23 29350 22
35 63 39238 271
83 32 6981 171
94 10 12751 45
22 12 38096 25
24 4 29814 70
44 92 13588 129
92 87 10393 54
24 75 20736 301
10 86 10900 10
97 77 47483 87
30 49 15207 48
28 81 30191 182
51 93 9026 154
22 38 15443 76
67 95 6008 99
26 12 13142 61
16 12 39882 212
88 12 7201 184
7 42 21863 546
63 43 28975 189
39 36 94059 603
59 94 24490 318
79 92 60073 62
6 63 31895 271
42 75 18844 97
17 85 48274 176
62 55 7159 11
10 99 8404 137
21 50 10712 317
99 92 39578 66
72 53 20881 171
95 19 4960 120
22 55 25570 107
27 57 14939 230
18 99 6798 124
93 36 7451 93
78 47 31314 265
77 31 33657 131
59 49 25693 65
1 98 82265 257
38 60 20336 168
89 62 34762 1611
81 85 4733 121
86 97 53029 91
96 75 24258 155
79 30 19076 205
54 83 4512 312
49 63 6597 124
19 78 5971 1468
82 66 30120 113
18 54 21530 12
56 64 10962 149
23 64 185098 59
75 30 47711 146
5 11 17582 133
2 77 4889 232
35 62 3921 300
85 42 23562 40
51 31 5652 482
5 93 24279 70
65 60 10584 64
35 42 15750 99
43 11 15212 59
48 4 207879 742
100 13 12645 32
99 67 4013 756
87 94 38217 30
34 29 6897 103
40 68 125032 10
12 15 10036 282
68 87 26960 175
89 45 51083 587
80 42 58121 953
44 15 13793 175
65 40 66497 447
11 5 29652 205
17 48 19043 277
2 9 31629 139
91 5 25818 125
55 32 48596 100
42 51 35670 58
84 64 58251 157
99 3 9346 332
65 13 55701 159
95 38 46533 161
14 8 11104 67
30 6 4571 381
87 29 9254 105
66 40 8862 294
42 97 10449 58
27 65 76119 263
26 70 9719 54
16 43 18245 323
2 95 20769 166
47 17 32932 84
58 45 12007 107
26 53 26701 135
91 40 83724 205
54 42 15825 78
38 35 31106 59
84 8 30377 76
25 27 17007 151
67 84 14028 128
47 90 63047 36
24 91 85427 158
79 62 28297 107
22 94 19115 135
73 98 61210 123
94 9 7465 1610
57 11 10214 26
17 62 26055 1422
20 40 37700 146
45 79 17621 81
11 22 2863 55
74 65 42909 146
37 46 17785 145
58 41 4400 121
22 66 101972 242
20 85 4410 120
98 85 11146 198
49 80 31505 131
63 98 8473 146
60 12 17545 325
79 98 18196 31
80 73 13949 739
14 58 44399 1214
64 73 148764 120
42 30 104721 90
40 11 14883 312
51 11 3956 9
91 92 24227 652
98 15 26962 317
57 96 23691 66
73 90 35600 39
12 50 42908 20
30 18 51630 176
75 68 12762 170
81 79 35101 28
27 2 2286 119
96 69 7490 164
89 50 26205 638
46 10 20821 196
50 25 8845 33
5 21 6421 149
70 17 24614 95
77 29 84704 151
8 94 26110 219
56 41 3228 229
76 39 4721 47
30 2 31739 433
94 6 22172 213
70 38 9090 206
64 92 11548 219
11 100 36317 43
19 42 49508 358
18 45 6125 117
80 31 87039 667
42 16 7011 964
34 76 8951 789
78 37 13892 354
16 23 14086 348
82 37 8822 120
4 17 15455 2138
22 23 30232 250
79 51 8654 1198
97 59 138021 290
52 69 55870 309
71 65 35650 45
26 25 12105 59
3 73 15872 113
92 4 11313 102
69 20 13235 144
92 71 2705 71
62 72 21599 148
84 10 146350 142
34 22 169524 78
6 16 41263 118
69 96 38669 65
51 45 15568 211
71 57 1518 79
41 40 387311 124
79 66 77372 35
88 61 8422 100
13 19 29304 263
87 67 18518 618
99 50 4119 306
22 32 37593 89
36 91 18270 376
28 50 44266 22
27 38 9456 243
17 65 81920 112
79 75 18091 95
95 32 2064 108
36 20 2820 156
96 56 31339 40
81 80 40436 1230
35 98 3756 85
14 31 42048 470
51 58 30936 109
85 32 28513 389
62 100 15247 33
21 25 7040 544
98 31 24504 458
98 1 25265 110
24 79 4687 298
35 11 12600 56
20 44 53553 75
2 75 4325 707
81 100 8587 80
25 18 3318 224
4 42 21498 67
54 63 12167 323
36 79 26244 51
73 45 10129 154
77 24 67503 271
49 60 10241 1656
91 15 26240 33
46 40 26966 82
92 42 19970 102
37 34 53385 71
79 42 32940 69
55 39 31510 145
53 74 35584 152
26 81 19426 40
64 28 99866 266
97 94 21847 452
54 18 12190 129
15 45 49948 84
8 43 39206 59
71 59 28856 221
14 26 33733 181
67 14 24644 158
12 39 10449 49
63 42 72131 116
60 92 181015 62
26 16 14685 122
90 59 46238 186
10 46 5263 51
19 4 5662 214
73 4 39282 1017
57 84 23613 297
72 77 8422 243
17 42 42408 194
74 83 11320 61
64 63 1838 79
39 49 24626 81
55 51 21813 85
25 86 13560 216
55 58 49926 188
81 19 14234 98
18 35 17813 106
20 88 86348 455
64 36 39162 57
55 10 3762 244
94 22 16548 386
59 71 46441 805
87 22 79414 62
19 89 30299 516
39 99 60485 429
85 24 7027 41
84 54 70146 156
58 52 18536 70
22 39 4329 40
18 87 47818 79
65 100 15831 130
52 34 14074 102
21 51 84744 89
43 44 4617 152
71 24 39317 23
37 2 38198 290
11 38 23660 29
14 66 45046 28
74 39 142889 29
93 80 61082 37
65 88 54705 72
60 24 41615 1273
12 40 29265 124
16 79 3228 269
25 55 52670 185
4 29 19625 511
32 86 22561 423
30 58 24212 520
91 45 21364 240
49 20 26528 686
57 36 23297 507
8 85 4589 65
47 59 20855 81
72 98 25310 72
40 23 37239 74
23 35 7957 127
92 29 40219 789
12 78 78686 99
85 15 2844 138
44 88 20269 64
53 100 49387 129
72 25 8463 62
65 70 15952 316
10 75 33008 188
1 3 37336 62
86 30 18197 188
97 28 14510 97
45 32 17632 170
42 80 25535 409
75 87 36257 185
53 81 21389 294
92 99 3843 190
84 96 48295 31
8 54 82335 422
40 46 4361 84
10 88 20523 271
99 93 25115 41
36 33 151813 84
67 60 47395 96
78 92 18920 1048
31 18 131072 368
11 37 21567 496
78 31 30834 170
12 30 6174 1103
68 100 23114 993
31 78 56635 40
44 2 105553 425
20 71 111172 327
98 61 72715 235
49 41 2419 50
14 88 6526 587
38 23 18543 114
95 62 9310 210
56 19 16805 332
29 78 158153 130
38 85 72215 310
64 7 43194 70
61 73 15688 177
52 2 31118 307
67 39 12649 132
96 5 112096 103
71 79 57837 29
56 51 16781 64
70 78 31433 93
55 2 3972 116
27 17 14454 138
86 83 812 107
17 74 4333 72
18 89 44424 79
34 90 69909 81
43 21 14767 148
61 9 5305 99
96 34 46645 103
75 23 6718 410
30 51 27843 331
50 24 103433 205
42 66 12721 545
21 36 36833 691
83 21 15940 72
45 82 15613 823
52 82 13959 112
74 29 10086 34
99 98 9963 48
83 80 119722 103
86 5 28425 34
15 43 21260 27
43 18 15125 294
79 83 42261 335
28 89 28686 91
35 53 83886 44
20 63 7977 627
78 10 5593 823
26 49 39911 232
75 24 26716 234
79 26 3549 138
93 12 30707 120
56 12 16677 249
46 97 37310 88
63 2 10467 375
31 53 7688 105
61 80 40344 81
26 27 26900 131
8 41 10131 52
9 594
79 30
30 56
42 65
2 203
98 189

8007749
