100 499 3 3
37 31 21440 20
37 99 98543 397
37 100 17610 593
37 6 19192 125
37 44 15976 63
37 91 39321 302
37 45 4612 229
37 25 4857 324
37 86 8372 75
37 2 62428 208
37 27 18289 315
37 28 21104 1020
37 53 20299 150
37 32 36170 73
37 17 3708 36
37 60 50669 358
37 98 2464 665
37 5 19394 526
37 57 12706 96
37 63 25594 76
37 55 4988 39
37 26 3644 229
37 75 67069 253
37 49 4955 431
37 92 34428 287
37 33 8371 16
37 76 52528 79
37 47 24305 47
37 84 25893 82
37 82 35433 138
37 54 12393 42
37 81 3638 225
37 19 8518 142
37 89 23656 331
37 41 38696 73
37 64 47637 370
37 65 6108 465
37 70 13104 280
37 13 34624 90
37 35 16206 384
37 80 12307 60
37 97 73839 125
37 73 181511 190
37 34 14216 174
37 95 2636 166
37 74 20676 184
37 4 13736 23
37 48 7325 356
37 79 20264 72
37 8 29268 58
37 96 8008 23
37 11 15386 117
37 24 15190 313
37 14 3682 98
37 59 11371 724
37 88 30964 450
37 39 15412 18
37 40 26974 255
37 3 138026 34
37 61 13903 92
37 77 36254 39
37 21 7525 131
37 46 27666 117
37 42 7690 77
37 71 4996 153
37 9 14135 138
37 56 15497 23
37 29 15355 84
37 78 63332 52
37 68 4190 121
37 10 21846 308
37 93 4763 349
37 22 25565 117
37 23 65334 135
37 83 68952 160
37 15 13813 166
37 7 18363 113
37 50 11230 71
37 38 22984 132
37 90 43704 192
37 62 5652 13
37 51 12671 58
37 67 34668 559
37 20 75492 157
37 18 160522 61
37 52 7974 120
37 72 13296 450
37 69 11316 71
37 87 20141 2051
37 85 29223 690
37 58 35710 105
37 16 21605 101
37 30 7375 198
37 94 26836 1198
37 1 13687 184
37 66 21870 252
37 12 36112 128
37 36 42580 516
37 43 103516 70
41 36 35954 103
40 73 13659 122
8 99 26014 184
70 91 8151 249
14 15 27832 248
60 78 19006 286
28 22 36421 383
15 87 12856 64
94 12 30513 88
26 53 6641 30
7 47 21094 130
48 68 15194 191
25 53 51076 94
80 52 27188 92
71 10 5696 68
74 38 5734 155
49 92 126662 634
25 55 8844 156
7 91 115595 82
70 80 28003 688
32 94 24870 98
30 72 10501 89
31 6 29361 14
95 64 25460 993
50 41 35794 59
30 22 19820 40
1 44 14213 496
99 41 21209 57
7 6 34078 222
92 96 9655 450
5 7 7173 34
76 26 29328 471
98 45 9305 140
73 14 100562 85
19 47 16377 541
77 38 3181 70
13 56 80945 2357
91 58 54067 249
23 21 45705 111
99 79 44340 28
9 100 181801 14
59 74 6553 53
24 67 8365 229
54 41 180442 174
35 46 20722 158
17 45 25674 816
4 92 25608 130
10 39 31015 630
30 55 66874 77
17 9 125004 744
63 97 31245 36
80 84 3855 125
94 59 84419 153
79 16 28605 81
55 30 19146 594
85 78 35336 113
35 7 39012 34
79 38 45100 520
84 45 27604 74
29 67 23999 34
26 31 16579 629
96 19 6384 241
29 42 28986 116
78 37 26369 210
40 14 14540 141
43 75 38014 69
89 45 25359 219
25 57 9301 573
9 15 10752 217
1 55 6854 78
55 76 12584 53
44 50 15328 51
88 48 84704 89
89 31 12093 216
83 81 19001 122
40 8 32683 326
1 53 24642 195
1 82 15390 39
14 65 4596 75
23 69 5573 45
4 14 54064 301
51 48 13807 116
18 71 12325 86
5 26 25647 248
1 24 15831 731
2 90 37343 246
60 35 3863 465
69 81 145440 422
16 93 58913 193
20 30 6437 111
61 80 14019 227
13 10 3002 36
14 1 40856 354
21 95 7826 205
48 20 12098 245
27 38 24926 21
99 64 14217 66
90 100 5477 537
7 20 14319 64
80 94 78200 329
44 76 42722 287
70 38 51813 200
18 9 10503 87
81 91 5930 50
91 98 26599 593
78 91 23757 53
39 9 14053 289
29 53 39849 104
82 31 14422 12
84 38 4354 293
75 23 50406 18
12 14 40288 118
89 28 39814 227
78 80 57298 110
81 45 5423 499
4 26 29005 259
52 63 3982 98
5 29 48748 56
67 62 11762 135
10 8 12043 120
52 48 8301 176
6 14 19248 174
4 97 21990 358
79 52 4792 324
78 15 44250 232
73 92 30993 147
38 78 67873 33
17 19 37520 262
49 95 247656 334
11 87 3065 180
65 30 12527 98
36 89 9438 285
52 45 11869 40
34 23 11153 32
73 85 46868 31
82 24 19037 26
42 59 14367 56
32 38 30572 54
97 92 15546 86
88 30 13625 905
31 39 21846 98
50 59 20417 365
45 55 18231 89
90 6 22908 67
67 40 17617 348
99 11 22569 41
51 45 259688 121
15 38 42470 142
87 31 38506 806
19 86 39978 136
17 8 35596 98
69 32 6621 65
1 87 46428 490
60 42 92243 557
79 70 80616 431
87 83 8358 14
15 93 106901 112
63 17 18054 199
64 66 23349 421
91 93 7268 92
49 2 65467 143
70 35 48081 70
85 51 1648 117
14 64 20071 112
88 65 24374 151
41 75 26395 768
51 38 4445 96
62 56 12155 234
87 24 2061 61
14 88 30517 68
65 34 37240 163
33 28 242668 102
45 59 7684 402
18 17 77021 116
24 58 19917 90
17 20 29249 402
81 10 25786 218
69 64 78481 1147
52 49 8332 231
3 44 9421 184
27 21 26373 306
79 4 4521 281
64 20 60688 136
3 64 10193 96
16 86 11012 88
45 82 87960 88
100 24 20373 84
57 18 31612 56
73 93 30303 138
100 63 9877 968
89 65 5205 941
68 66 79147 326
16 64 433928 60
11 3 18018 360
95 92 11245 59
8 55 282847 22
55 96 11050 41
46 64 53337 1862
29 44 38108 59
99 22 10155 146
22 49 192508 217
84 26 8898 161
32 41 60946 226
20 100 935 315
65 32 17836 522
71 42 22201 202
75 32 11604 37
63 2 44607 159
57 85 72127 630
16 61 13416 311
54 83 94283 694
61 4 61508 111
84 71 19418 109
17 61 43897 317
51 21 20677 46
55 99 77806 75
60 49 24675 52
93 88 4783 75
97 40 4495 280
2 70 8894 31
12 9 99717 381
49 71 14109 237
21 25 10356 66
5 43 103609 89
66 67 20164 104
32 29 10199 162
93 47 16979 154
35 27 6280 202
78 81 43043 226
76 82 15642 171
49 82 43647 575
83 20 6416 117
97 51 5914 160
31 97 8099 279
96 50 19121 100
79 82 22221 152
61 77 27392 42
71 70 19446 81
45 40 81398 146
16 65 24696 172
57 67 42009 81
97 95 18158 55
5 91 24552 119
64 78 20671 510
71 7 18353 53
43 82 60866 132
39 14 10585 281
69 52 19817 112
47 44 31489 70
58 68 20009 399
42 10 3563 261
24 42 40624 132
57 16 23273 993
96 64 79404 36
8 54 48580 107
87 10 28711 275
94 52 9915 580
3 74 18891 738
18 56 16104 611
65 59 10632 161
47 42 19432 689
29 8 18297 105
24 11 54310 653
7 14 34497 157
27 26 71170 110
57 81 9772 401
45 29 4830 19
44 33 131585 456
53 80 15377 105
97 82 22498 1123
2 18 62641 441
68 40 15508 35
36 2 30305 213
81 61 29633 114
64 79 66348 110
91 7 25348 621
91 66 7258 146
1 70 12735 427
94 22 16803 223
58 81 5017 200
77 65 18389 81
21 77 10574 142
71 20 34693 219
78 35 11505 327
31 74 46477 25
97 91 17298 58
20 6 5964 40
61 43 27353 801
51 72 30864 104
71 63 7581 75
32 68 38555 321
71 88 69262 224
91 44 5328 82
3 17 17872 872
62 83 164719 234
97 12 9126 128
13 71 34439 136
66 30 103883 77
3 90 139574 686
57 49 11671 521
36 87 19517 175
18 65 22320 237
73 72 25458 415
87 49 65611 91
79 62 24612 153
13 29 26342 156
23 91 19852 147
11 33 15656 1096
3 26 17363 285
60 93 34036 76
20 85 30987 340
61 100 9370 71
7 74 10298 122
74 79 17836 45
98 66 30838 148
31 89 40177 62
30 20 17372 133
35 23 116317 116
28 53 15328 13
21 9 17865 11
92 19 16078 147
86 11 7447 170
70 87 34878 149
86 91 22643 228
73 99 19990 84
25 90 8356 115
96 86 60713 88
7 77 34470 1353
12 97 55436 271
63 31 18485 355
49 87 264491 46
29 99 3837 68
63 11 15171 162
90 16 19118 206
35 77 11812 54
27 59 18223 193
10 11 86372 50
73 55 4393 125
28 11 7643 163
68 3 27541 112
51 87 55653 396
13 20 4166 68
36 38 12412 170
26 1 25282 189
72 94 10710 38
81 38 3261 151
66 38 13364 18
60 52 6386 317
85 62 50192 91
83 97 23625 159
74 5 108901 124
72 60 5511 215
98 16 54166 160
73 9 47115 382
22 8 22032 345
35 94 22381 16
70 17 21032 52
35 39 21460 84
100 61 22898 95
9 68 13118 36
41 96 38159 65
58 3 15762 205
74 97 8644 92
77 52 24257 278
62 25 41418 215
51 94 11408 59
49 14 116554 18
42 96 4111 51
66 54 29434 66
82 81 5662 404
49 5 36981 401
34 73 51418 268
78 94 10342 488
51 82 135198 55
85 15 18019 147
92 57 16132 167
36 27 76733 335
34 40 6766 91
80 17 4913 168
8 10 7225 120
54 50 10848 31
29 35 11238 239
73 50 44456 281
95 87 13386 190
76 70 44351 304
36 14 14505 169
95 77 9670 60
7 42 4585 423
66 80 64330 293
32 79 8321 1285
53 52 26353 121
3 55 44299 1485
48 81 27162 118
98 46 20365 28
47 45 12734 321
75 33 53912 175
84 65 7919 33
3 2 9737 256
2 47 12253 29
58 6 28761 121
37 1485
73 36
51 104
38 196
14 141
91 288

8338442
