100 499 3 3
15 37 17852 213
15 68 23522 255
15 81 53920 156
15 17 112647 387
15 72 64647 152
15 69 19179 290
15 48 58353 395
15 56 40528 75
15 50 110712 290
15 98 11775 56
15 24 7415 154
15 8 29379 382
15 95 20868 33
15 24 17035 3071
15 90 7915 49
15 1 27841 94
15 61 9253 41
15 46 92268 139
15 92 21191 157
15 59 69659 38
15 84 49514 76
15 65 13859 55
15 30 90851 175
15 70 46451 140
15 36 24750 39
15 71 80091 28
15 50 21787 159
15 97 7364 327
15 63 5912 1419
15 10 41623 279
15 90 45225 185
15 44 24326 168
15 14 64739 124
15 82 134018 80
15 83 48602 440
15 87 13754 94
15 87 28836 17
15 99 14944 81
15 3 15617 473
15 77 42507 187
15 88 5293 141
15 51 38759 121
15 12 15705 636
15 62 20527 111
15 52 8320 35
15 100 51727 142
15 2 9411 21
15 26 26669 287
15 52 61425 158
15 76 27671 133
15 46 19083 108
15 74 15854 72
15 89 32424 257
15 63 55019 60
15 69 68974 404
15 85 9388 185
15 23 32363 447
15 1 31197 119
15 18 58227 188
15 27 24997 173
15 18 4378 33
15 60 27699 141
15 63 6908 12
15 75 25337 261
15 82 5979 199
15 21 3695 486
15 28 18468 512
15 27 5352 270
15 60 4621 283
15 81 12791 106
15 51 52303 240
15 72 44633 158
15 74 75762 139
15 83 20258 26
15 13 4371 160
15 75 49912 163
15 56 1716 538
15 74 10587 75
15 72 31564 232
15 43 26011 169
15 92 28489 204
15 9 72203 112
15 33 46750 40
15 48 38716 113
15 4 41225 146
15 85 10963 400
15 21 108865 720
15 78 7498 253
15 67 32525 57
15 94 29398 240
15 41 6317 39
15 9 4012 30
15 79 35491 186
15 25 36202 66
15 51 20517 26
15 71 6062 132
15 16 115975 56
15 40 13522 145
15 67 191916 188
44 47 39571 174
34 96 15620 141
20 8 7515 22
46 54 17903 227
61 35 111931 569
45 63 21946 438
27 81 38472 63
46 76 57865 142
19 92 76482 283
62 97 12041 121
61 74 4549 386
60 19 6589 565
24 28 5949 83
46 10 10767 124
43 21 15500 446
71 76 13192 107
19 35 48087 194
49 45 14383 825
13 9 25279 102
92 91 19346 99
29 36 106217 129
99 64 17691 793
61 72 16619 223
40 85 11332 364
55 62 22275 194
42 8 13127 650
55 34 80500 62
51 58 65747 196
76 33 31597 69
5 82 9975 56
85 35 121073 897
34 92 156622 59
51 37 23938 51
55 50 58755 111
3 15 31807 74
46 26 24698 47
6 24 6888 65
34 27 10845 535
94 28 52628 83
27 59 5558 96
22 43 2493 951
32 50 19325 51
95 42 62182 405
29 53 41952 178
33 44 6249 279
5 41 11461 135
78 80 72782 215
50 20 26003 208
87 100 26375 76
46 39 51538 867
19 40 38663 360
79 15 26322 105
72 85 55189 430
74 52 28774 46
14 10 20421 118
7 38 8302 275
5 27 8009 92
69 60 8695 111
77 57 15184 31
95 66 131493 41
60 32 14753 829
76 42 15683 472
93 75 13729 65
10 86 20642 285
40 91 16796 38
90 48 33100 48
73 41 22966 81
87 37 18659 105
13 89 67355 168
71 59 3118 92
53 10 2441 158
58 44 20078 47
96 95 21916 319
66 56 71033 397
84 79 42953 199
72 64 47254 94
57 30 52135 116
45 18 8774 253
22 3 2405 58
88 30 4187 21
69 17 37583 224
30 71 397279 37
70 24 28384 109
51 33 7684 102
43 81 27657 149
25 75 58917 100
48 61 87348 294
20 95 25384 310
10 25 12027 202
46 56 16821 115
95 19 18260 348
85 37 2973 328
68 48 14654 69
89 82 77426 126
87 26 6749 105
64 53 9619 555
71 10 56768 77
17 37 4774 22
2 39 10356 477
27 97 4116 200
45 69 16260 104
67 21 26336 264
59 78 34092 312
40 5 20655 1218
71 67 22708 273
7 65 17955 512
24 21 36247 105
92 85 337213 30
62 86 18126 46
3 98 21693 201
16 74 14373 281
79 93 25022 1277
45 57 131490 63
56 39 18591 338
83 55 27912 177
31 9 5994 92
88 86 57981 206
2 57 20596 115
75 20 54597 138
68 98 60477 93
54 85 121542 147
93 40 131520 209
31 79 38867 633
84 56 5397 428
25 59 16040 253
76 5 205662 49
68 6 16741 43
25 74 25453 51
88 65 11890 23
18 5 66542 113
73 84 26335 109
70 94 16629 641
81 21 131111 238
99 11 82875 312
2 11 14010 110
47 46 46787 144
34 95 72668 199
85 84 102786 158
28 60 29427 57
17 71 22388 382
36 86 34373 67
37 91 8030 18
77 91 2538 94
44 35 12882 285
94 32 124533 297
38 60 26590 77
29 27 32981 346
27 54 52657 82
84 23 16597 308
71 37 5152 86
72 69 12002 257
34 1 26517 1011
47 2 51825 86
62 40 2435 258
89 31 27013 145
52 67 5118 89
70 36 107974 1028
5 73 36552 132
22 16 36618 203
75 5 10395 29
36 54 38203 98
46 4 73143 302
18 45 2661 34
20 12 46814 210
58 91 84904 22
7 24 39557 226
45 34 13376 131
52 31 11143 25
29 66 42973 673
25 67 2317 63
1 7 79767 127
43 62 25959 626
57 42 10008 349
36 25 11311 382
30 100 9406 661
39 66 57144 156
51 55 12352 2032
38 59 8652 160
52 44 18333 724
45 25 41177 106
97 45 32199 327
99 88 7577 436
83 40 42306 54
92 42 28488 36
83 43 17402 479
64 11 4501 179
36 51 12474 1026
100 47 22129 101
92 83 59014 58
52 11 10841 88
47 37 2047 186
60 87 7126 1745
35 71 28352 362
41 32 10420 163
66 67 57219 102
61 28 12698 59
95 36 8099 76
45 72 54697 542
89 49 5232 26
59 56 60713 159
85 75 26551 61
60 92 3745 80
74 61 15759 390
100 5 52448 166
96 81 130912 404
11 42 2291 230
77 46 92059 23
7 79 63488 178
57 3 11555 84
47 89 14603 113
95 27 12875 161
80 15 24025 62
75 81 46191 33
71 72 34389 24
13 97 2824 110
51 47 18459 586
63 26 47986 33
44 50 34834 62
10 30 3191 318
50 57 15031 373
21 97 17120 70
67 82 15007 62
51 74 12427 199
4 62 134574 280
48 19 8464 36
76 26 25923 1004
97 52 42394 81
74 29 17039 356
80 40 3690 83
84 77 156405 142
47 27 138478 23
43 47 16175 265
26 43 11959 804
88 24 36314 537
4 100 3596 29
76 16 11906 161
8 46 26668 88
5 32 28347 30
55 59 30562 61
64 29 48910 234
48 90 8794 52
66 47 172694 58
91 90 208158 352
79 81 2350 97
80 8 20206 26
52 74 17371 126
50 51 42134 403
2 77 10329 875
78 72 15015 62
23 87 35207 39
44 23 6604 85
64 87 16920 197
96 40 102982 318
51 13 17416 134
27 41 4354 24
71 31 14291 168
65 11 33383 234
80 24 36107 204
100 1 5106 323
54 41 28039 43
97 30 73035 412
68 35 3913 102
36 67 23498 428
65 47 9549 280
6 50 6840 104
88 67 9575 159
38 52 37987 86
10 70 7053 96
87 33 22517 33
2 4 175222 530
75 47 14219 313
80 21 106263 1404
70 98 16916 451
8 33 38251 36
10 68 21138 184
11 64 14334 265
87 44 3077 88
74 3 15236 40
37 62 8277 349
27 55 6796 237
6 32 27293 521
63 56 18785 309
44 32 296052 26
16 76 147629 98
60 35 95725 42
74 81 33021 81
88 19 38001 223
17 72 24182 48
98 60 24921 358
58 83 2394 30
77 9 18431 354
10 65 74605 463
6 44 5497 255
41 93 15820 97
89 53 17197 346
57 97 24563 93
82 63 32106 30
50 54 9182 29
85 68 11682 132
80 57 9428 328
42 53 96797 146
57 86 183205 79
28 72 14125 75
40 3 25848 141
30 92 2852 144
22 79 39895 69
2 65 5098 300
40 89 58265 71
38 53 21368 125
78 28 109793 8
60 1 48486 163
85 12 17898 197
52 73 3484 54
87 76 45773 114
67 86 25496 186
24 20 10147 384
74 82 17524 68
89 33 40210 47
57 39 22938 72
89 11 29156 128
1 96 20794 574
16 50 13770 149
27 52 9950 86
82 100 41844 39
34 87 12741 455
87 89 11101 96
68 63 9520 132
59 11 30214 310
55 85 47821 53
66 26 10506 31
10 49 7742 128
94 37 14563 64
24 77 27326 220
38 12 15413 299
69 3 20814 926
75 26 7338 102
48 50 73427 976
84 24 34872 52
18 94 23351 104
79 67 32404 407
22 9 41042 234
49 57 335423 26
16 20 12967 349
72 8 27714 242
19 43 21090 156
40 87 95672 942
99 89 17694 122
33 100 129848 167
79 94 21520 36
84 14 12652 283
78 96 26783 140
12 43 14427 540
80 74 37173 78
67 98 12268 96
3 75 54493 205
49 82 4044 47
90 32 3782 306
93 91 24548 141
19 29 44070 56
36 23 10580 63
92 37 5837 161
94 44 32399 63
1 30 4984 256
16 63 13408 224
28 56 28727 428
9 99 12876 207
34 84 18444 136
6 98 5679 70
31 58 2951 71
86 24 110462 283
61 20 15074 492
77 64 19088 111
79 87 12882 663
58 2 11673 47
64 36 40585 350
95 46 14930 394
1 64 23438 1434
61 89 7100 58
92 3 28144 167
52 40 19825 41
61 11 66157 133
34 91 18400 490
75 74 16962 113
7 90 29902 88
18 28 34071 55
35 37 65755 869
2 79 4144 459
87 10 16791 241
41 89 21636 50
53 99 26571 98
60 16 2544 33
22 10 33688 781
83 49 8268 287
26 7 8852 29
66 52 2475 16
21 93 14010 4
97 77 45630 51
22 51 10867 46
27 2 7818 150
90 79 16498 2060
15 297
87 56
34 104
74 44
37 349
72 149

8679104
