100 499 3 3
20 64 6666 101
20 18 72150 197
20 77 7678 115
20 97 22989 57
20 8 22142 64
20 61 52552 299
20 4 73257 395
20 69 15821 429
20 19 60207 248
20 9 4865 90
20 57 9174 39
20 48 37571 277
20 76 14795 99
20 6 47602 192
20 2 2678 105
20 60 9650 282
20 86 11298 18
20 88 9742 283
20 13 17593 105
20 93 29650 637
20 95 111036 139
20 44 13411 61
20 73 8562 398
20 38 345079 230
20 80 24407 1070
20 58 18768 202
20 87 178666 101
20 34 119671 43
20 27 52575 214
20 74 19235 115
20 22 41466 128
20 42 7540 98
20 28 28244 146
20 91 50163 71
20 70 42832 345
20 31 8365 275
20 98 50535 118
20 25 8890 11
20 84 10184 63
20 55 73049 18
20 30 78079 153
20 66 11748 346
20 68 86080 222
20 51 31582 55
20 50 1897 252
20 23 15371 155
20 33 10620 108
20 26 22615 44
20 11 32519 26
20 85 18770 220
20 99 40808 22
20 100 23870 87
20 63 117852 30
20 56 14466 140
20 36 6583 160
20 96 39695 46
20 53 11078 147
20 16 3770 57
20 72 16929 403
20 40 20007 158
20 45 8637 34
20 62 10848 105
20 37 5160 775
20 59 50774 43
20 49 14295 248
20 75 20032 48
20 81 13373 1508
20 65 40342 156
20 43 51540 95
20 54 18026 50
20 90 69970 497
20 94 3911 69
20 39 20720 616
20 24 5143 262
20 17 2575 109
20 15 3500 150
20 78 52366 61
20 14 138737 114
20 10 24804 138
20 71 13235 150
20 5 37896 153
20 7 6443 372
20 12 38841 351
20 82 55650 47
20 89 36821 292
20 32 836 73
20 67 23765 278
20 41 133179 279
20 1 8157 268
20 3 31355 416
20 83 25888 38
20 47 9649 217
20 46 14176 128
20 52 55090 106
20 79 8519 32
20 92 7377 228
20 35 21064 137
20 21 65370 449
20 29 46035 9
88 55 46740 183
88 8 50723 581
16 28 28196 822
3 37 40779 216
35 6 122073 370
42 74 38559 159
68 2 30435 222
55 31 12220 630
15 7 15041 465
88 35 2207 103
8 93 3783 82
21 83 60120 50
19 29 9540 211
56 31 20464 231
48 24 5442 71
58 37 10724 291
27 36 2774 526
54 77 23076 339
26 68 74844 92
99 60 45906 80
74 30 246963 155
52 24 24359 75
30 40 3291 200
92 36 12347 758
52 30 7205 184
94 7 10531 205
10 41 75966 76
1 70 45118 57
94 27 17771 114
12 43 47838 220
29 89 24788 364
66 65 64798 34
48 44 1833 133
80 29 144829 168
79 55 12760 1721
44 93 23767 44
24 23 57989 367
66 81 53327 109
88 32 3189 83
7 38 74186 333
81 70 16236 18
13 73 23668 1153
76 95 15160 32
38 26 63328 319
64 75 9384 170
10 99 21757 246
42 25 4828 78
64 2 29667 326
97 56 2415 110
78 17 39749 243
95 88 12002 244
44 88 36291 187
84 70 120911 818
96 98 27458 454
10 35 9429 36
57 29 91948 143
80 47 41456 76
4 55 12432 298
93 69 98965 89
92 72 19091 88
93 47 19810 263
28 14 175690 41
63 87 33261 42
43 58 4141 271
62 33 50735 295
1 7 23754 86
99 78 53847 63
93 92 58756 428
86 98 37767 132
34 17 32233 252
84 71 55079 36
51 28 126047 5
79 45 34702 135
56 29 65660 66
51 72 28706 134
71 16 7088 170
90 72 24388 25
62 17 64310 84
46 16 110267 29
56 84 10986 130
77 38 60002 50
46 45 23452 856
21 11 6871 216
12 38 24929 78
27 51 21314 106
83 14 16207 120
62 35 9215 39
23 71 8233 161
61 90 10906 66
87 52 9440 34
68 34 50284 25
96 2 13257 241
70 57 23618 69
42 20 36120 113
59 57 5324 315
77 90 29812 692
33 45 21695 49
37 85 96469 89
17 26 9426 717
87 71 25036 1816
28 26 10417 279
61 19 62212 94
58 22 20656 17
89 16 20643 140
99 12 62132 60
95 25 6751 373
53 12 49116 82
2 49 5595 85
93 98 46380 61
82 15 58413 645
22 21 38346 236
61 53 54943 1092
49 25 92716 86
56 51 15013 142
8 65 35981 214
100 96 25291 113
13 80 20212 139
29 45 26758 175
46 12 30714 76
89 8 14705 185
59 97 47852 78
72 35 31008 127
39 23 51096 108
21 95 24361 245
50 77 20945 185
23 54 60719 126
74 91 25469 137
55 92 50177 363
35 77 15818 40
45 28 40161 441
22 84 11426 16
25 35 7216 129
68 24 32296 192
91 62 9482 200
46 32 19875 57
55 36 11600 494
9 50 2177 259
75 77 20531 305
8 10 16646 346
50 59 9827 413
45 75 20512 23
84 95 149711 46
32 80 32691 151
92 56 16923 217
60 59 37722 436
12 99 96254 76
84 85 12274 109
35 93 23900 362
62 69 25381 43
5 93 12778 149
58 61 51823 104
46 47 39096 65
42 61 153730 219
73 16 70595 41
11 21 1911 835
55 58 33455 84
40 24 51978 66
48 27 2805 106
27 47 4445 66
90 6 13907 226
66 39 8943 88
16 64 30194 316
19 11 98065 173
94 57 11730 145
54 41 26341 377
84 10 110296 839
39 17 30975 162
78 80 13205 34
66 97 6167 581
52 17 67579 184
84 92 6982 78
79 44 5374 1304
97 47 18490 122
62 83 82189 431
63 54 13922 427
34 28 24007 218
63 39 30384 550
13 24 29829 137
43 73 34946 685
7 2 31676 36
11 99 149214 45
53 5 94869 314
4 3 65125 5
39 83 2409 91
31 15 17966 100
7 23 35621 248
83 48 48977 147
92 87 26149 70
96 44 23595 207
32 47 62021 627
12 68 29502 99
95 13 11245 451
10 100 24241 171
99 38 3912 324
53 26 12311 145
4 53 27895 42
15 100 38631 611
93 15 10475 219
98 59 207963 234
75 44 12634 183
36 57 43008 43
3 5 9483 335
86 9 24240 750
86 6 34000 158
38 50 12887 126
49 54 13443 346
72 81 9264 82
31 91 18745 50
17 71 17388 568
29 63 3862 64
82 32 47889 220
6 19 15129 136
84 26 32487 327
16 66 21717 874
8 11 10508 60
15 40 14426 2633
89 57 43366 338
10 82 16299 506
16 78 41907 180
39 51 10244 65
34 99 79574 188
10 52 11428 95
50 62 7436 48
95 49 130377 245
7 30 23145 354
90 58 42449 277
65 11 26687 25
43 12 6780 516
89 28 9097 459
88 25 13253 111
94 22 25260 149
92 90 15163 190
78 16 28179 42
99 21 5730 316
95 66 25699 739
31 60 10545 685
61 15 87919 228
52 40 31177 247
10 74 89899 54
81 93 177050 358
50 12 11651 270
24 19 8776 92
9 29 38014 82
36 88 21260 195
40 82 29626 321
89 77 4204 67
9 86 36368 140
26 55 30128 144
1 60 17113 109
75 15 4703 17
9 2 5160 74
25 43 16631 481
54 52 126651 350
74 65 16873 196
34 90 11335 51
37 77 16723 111
51 42 32067 40
12 59 8155 456
32 18 20721 36
88 13 21370 96
29 91 52158 193
34 1 211118 125
47 40 3042 127
55 100 14258 273
6 28 46217 50
52 59 5729 280
41 22 26759 117
18 67 46603 563
59 83 134314 174
9 53 7464 772
47 98 42415 55
14 53 8028 129
62 12 22368 710
7 81 1641 87
72 21 38632 302
54 24 6593 272
34 11 17817 376
66 54 68420 248
42 52 33816 83
29 65 18706 135
49 92 3746 205
74 95 13313 548
28 100 13072 268
46 20 21133 166
62 75 90767 118
92 95 22537 168
1 74 110404 631
55 86 38806 501
42 45 17573 66
80 45 30282 145
18 10 33571 37
24 64 74789 68
73 30 7195 179
49 12 28995 306
44 24 65961 87
50 25 12390 226
52 2 44091 170
58 21 38430 102
87 72 3339 44
63 14 19837 76
49 100 5476 42
38 59 19109 486
67 72 12972 469
17 44 3474 75
46 78 19653 71
97 38 144675 1363
24 54 30982 216
45 42 12563 101
36 48 47100 110
73 39 3288 235
26 79 31344 295
7 11 20648 235
100 25 36998 1468
26 64 69446 24
52 67 48424 42
7 67 14244 399
79 42 5118 671
13 38 15914 76
78 4 31733 74
68 73 74764 81
4 7 65275 250
64 73 113369 530
73 43 17143 49
79 7 44828 105
98 12 15152 330
95 77 11276 352
15 35 6405 132
12 85 50843 57
74 61 8483 309
10 18 88544 249
41 23 40772 485
32 43 14895 76
46 91 134906 260
22 20 28945 588
45 86 4683 83
6 32 8707 57
42 73 16310 397
56 1 35439 274
37 46 11425 32
25 5 13664 427
34 57 31684 813
9 83 30872 212
38 71 8652 122
64 90 17484 231
81 63 9705 258
17 43 18295 30
25 47 4063 172
29 40 14100 225
22 71 88539 272
69 74 57612 51
25 14 10062 137
38 52 41868 3490
99 1 6497 40
10 17 14604 393
12 24 24931 16
21 65 81637 102
91 80 24336 133
98 35 9101 185
42 80 38556 1183
74 85 13318 184
45 41 48746 851
93 11 13576 23
40 10 4197 62
11 61 30005 78
96 9 11910 68
79 60 8476 3449
92 68 18339 206
46 53 8429 240
86 49 24812 130
8 2 62987 237
89 68 23128 293
31 41 54508 83
16 83 13012 88
62 59 28998 43
21 74 31842 164
65 57 30817 42
29 98 83074 64
90 71 21050 265
40 9 4066 756
32 31 59778 37
98 91 49116 543
71 51 27564 47
22 64 15428 131
19 60 743 170
14 66 13997 48
2 92 64093 179
79 10 61403 270
34 98 4531 63
8 47 42048 493
86 11 15459 142
83 7 18715 241
73 10 74969 154
91 84 11340 199
38 83 21561 255
25 92 6399 227
72 79 19145 131
15 82 19805 210
42 94 11659 25
66 16 7246 300
60 19 20836 185
20 495
46 72
42 99
47 393
24 113
12 98

6932812
