100 499 3 3
26 86 59805 226
26 23 11477 56
26 98 10461 177
26 70 17089 592
26 30 10429 79
26 28 21276 119
26 68 28579 14
26 79 33074 441
26 100 11981 216
26 64 30281 107
26 37 11573 101
26 54 30240 289
26 18 38568 206
26 14 138583 34
26 2 88785 125
26 22 32205 1111
26 64 23533 338
26 40 16444 697
26 24 57914 269
26 71 72252 263
26 51 17206 190
26 24 36486 379
26 5 67616 168
26 13 55695 380
26 30 11129 27
26 97 52396 60
26 22 20614 148
26 6 18267 305
26 51 10514 91
26 93 33564 252
26 57 57900 215
26 71 9571 45
26 24 6245 146
26 5 63043 40
26 38 41970 846
26 95 8772 211
26 69 18423 128
26 18 9486 1283
26 100 46978 464
26 64 10621 127
26 37 2037 691
26 5 10635 239
26 3 87347 117
26 95 171040 178
26 80 233517 18
26 37 30920 1698
26 27 21875 88
26 75 9658 307
26 12 19623 306
26 25 3986 275
26 57 24541 182
26 68 9228 103
26 39 38565 117
26 95 17834 52
26 87 16160 977
26 30 28392 517
26 27 22696 184
26 65 22278 143
26 70 6921 284
26 10 63674 62
26 76 9605 200
26 83 20300 84
26 63 21877 147
26 87 29435 14
26 59 16750 193
26 98 12692 658
26 53 18668 423
26 49 34457 220
26 88 7533 179
26 32 9109 966
26 100 31270 141
26 96 32226 123
26 55 1659 175
26 25 22175 68
26 22 97388 39
26 35 33564 90
26 23 23171 220
26 17 6879 97
26 6 56356 233
26 89 49111 275
26 11 10839 768
26 4 20661 180
26 25 4991 193
26 77 20091 93
26 22 4072 552
26 44 6015 82
26 37 7085 322
26 44 9813 31
26 5 16678 76
26 72 52266 24
26 47 23687 441
26 15 108336 73
26 51 3296 351
26 90 15113 55
26 34 4310 34
26 80 9805 135
26 44 64261 142
26 18 14200 208
26 81 29733 33
23 99 4602 566
1 14 215418 1011
14 90 7736 649
46 74 8789 32
21 18 25891 687
51 46 89562 40
29 37 5869 81
35 100 89397 803
92 26 32914 123
95 85 252079 881
40 17 29485 160
86 10 255602 54
51 94 16730 1145
36 43 150440 64
67 83 48973 108
97 29 23816 191
47 44 14983 73
51 13 42377 102
93 37 23107 243
48 4 9435 434
96 5 68786 173
20 36 65250 14
37 41 144376 72
95 89 13994 107
58 88 5328 127
83 15 29732 69
12 90 33215 490
82 1 14441 124
74 28 10719 146
88 6 12784 23
46 55 28231 196
35 90 17225 218
60 35 4002 67
71 31 5605 58
60 58 13577 126
61 26 3857 52
72 69 11793 26
88 67 204601 184
22 10 13725 89
60 69 35650 359
6 55 12216 2187
61 74 21954 268
80 19 9094 125
5 43 8687 89
89 24 34826 432
31 17 10987 29
84 17 35736 13
3 29 1848 40
39 58 140390 34
93 5 14524 313
22 27 54256 176
91 18 3930 80
92 44 7381 358
66 18 16627 301
76 6 12573 298
36 71 122319 669
98 6 53614 107
23 96 31560 108
38 68 5385 155
39 24 7503 36
63 4 50908 448
65 79 24677 268
71 93 16867 403
60 27 8877 78
75 18 13890 52
15 37 12403 251
15 76 44466 183
19 16 5087 284
6 34 28909 115
79 89 287639 125
73 14 36680 19
53 88 82584 102
66 58 10741 58
75 76 33082 90
55 3 16376 157
81 78 54009 148
9 97 38119 228
76 44 9488 139
22 73 26019 409
11 26 29209 377
28 65 17038 204
9 44 14644 289
91 58 11135 66
13 37 46778 527
15 81 11060 30
8 25 11031 622
96 31 35386 182
17 46 52384 214
100 39 2350 314
67 14 36823 221
46 24 11098 158
28 64 25640 212
7 10 8737 47
23 84 10368 1104
21 8 29101 47
93 84 89551 192
10 26 28350 308
13 58 113196 138
18 98 22146 191
64 26 27507 328
40 51 115206 429
80 47 13635 123
90 15 8012 133
92 70 18958 309
35 69 35834 160
96 54 19911 247
24 91 51112 286
50 66 13665 70
1 6 17480 175
55 94 36462 555
69 11 30000 242
51 72 5884 258
35 8 12048 187
6 86 30078 167
10 64 9082 152
23 2 30127 92
88 9 16313 268
50 15 37018 83
54 32 20883 77
13 12 5013 493
90 76 5150 308
12 77 78774 77
5 57 45370 92
31 91 113960 76
62 6 74626 42
5 35 15903 361
16 68 13703 470
16 40 12571 437
87 29 41152 380
72 59 56014 105
90 48 14965 711
66 1 8631 65
74 90 10794 35
61 50 25497 218
8 21 11642 55
3 33 8332 96
26 58 9344 213
58 3 42688 148
3 47 83619 528
90 16 17420 20
99 48 56880 74
55 56 21773 114
10 73 14662 14
24 23 36498 23
94 56 9511 76
19 17 40449 96
39 32 83371 184
96 13 24122 146
43 16 92407 100
59 31 18392 221
64 45 46058 110
54 73 14774 134
55 42 37519 316
88 2 66652 468
53 28 9627 572
66 8 26292 27
14 54 20223 121
43 55 24363 24
61 42 11599 49
45 50 188882 898
73 27 23371 122
91 75 11762 306
33 58 7366 122
17 55 10626 143
37 47 32658 35
47 40 15523 341
94 11 17954 49
5 2 3726 91
73 32 21711 69
37 59 19714 53
14 50 7059 142
35 61 48650 253
53 76 59308 611
34 5 21903 107
2 54 45753 42
49 86 216471 24
62 99 35517 318
4 100 25905 63
37 58 10443 154
70 25 7084 75
36 97 19215 17
3 86 13849 63
27 11 14710 90
80 25 10613 445
62 96 83905 63
66 23 39557 872
12 95 57785 603
69 71 30387 104
85 98 47715 445
29 25 11769 106
39 50 58575 85
80 31 15272 54
34 12 12383 81
57 8 14087 654
16 62 9228 198
44 90 22642 659
14 85 30006 242
74 20 39277 141
43 25 8480 287
51 99 10849 810
4 27 13049 134
86 84 99461 168
81 75 34634 215
40 22 9841 307
75 35 28830 163
82 31 41823 244
16 48 37311 62
25 47 60952 113
43 99 32032 156
8 85 48006 334
59 100 147760 246
72 27 45685 78
60 74 33788 35
4 69 16665 100
91 50 17729 82
8 75 8962 504
24 72 26979 390
40 63 45841 280
47 2 5499 49
98 19 34353 273
56 24 1613 27
55 9 20482 987
100 12 16305 249
52 38 19283 1887
88 86 8162 282
93 64 30148 242
9 99 4941 120
86 43 29356 175
10 83 8696 117
67 96 116627 228
45 52 7885 561
30 79 8732 359
12 70 38091 227
84 9 3435 21
23 7 23829 102
75 47 14033 93
75 64 31738 107
57 13 55970 41
5 97 3917 84
80 29 4691 209
20 18 19432 331
43 70 18242 169
6 49 43953 191
65 81 49973 678
48 87 24861 139
37 90 7293 1048
66 59 7722 17
31 63 20247 65
60 94 12392 106
1 57 69756 107
88 46 10184 33
44 54 24767 140
93 76 39811 371
4 57 61691 144
63 73 39744 96
10 1 4966 150
40 95 23843 77
68 29 39202 32
36 40 15852 23
52 79 249803 173
27 45 3791 256
28 95 117499 171
2 88 5086 64
59 49 87526 162
90 10 15320 138
77 92 3383 25
94 43 73405 212
60 81 134370 165
8 53 79079 201
39 7 18001 80
40 69 8704 298
55 22 70535 163
13 75 19693 195
52 73 11339 127
4 34 9675 223
25 26 23876 203
54 96 99710 1002
70 64 6690 121
13 33 21258 124
37 89 15351 25
50 6 15682 468
14 70 7496 201
5 8 34402 92
37 76 26080 58
22 12 12244 1501
18 28 22154 145
53 80 17894 130
45 49 178951 99
54 85 16856 101
8 68 12328 439
86 28 13900 59
36 12 137831 15
50 49 177111 285
48 31 2669 146
42 93 17134 281
48 1 21337 221
56 68 61007 55
94 64 29221 1409
25 90 61606 60
24 93 100260 28
58 2 26775 73
83 63 7895 172
2 90 10395 80
60 98 18507 33
10 82 20631 140
64 11 30406 87
35 64 31804 71
15 25 73015 99
97 62 8002 79
46 100 30270 190
24 33 18453 299
89 33 48040 329
14 28 3182 75
11 61 39155 174
84 77 8158 1100
38 35 19428 491
30 50 43211 56
5 64 26104 217
36 84 69418 33
62 18 39872 100
9 64 11156 107
40 81 43710 143
88 17 18217 121
16 52 6344 28
87 100 14467 258
81 17 10271 140
13 54 85638 93
52 97 5642 221
81 3 5598 98
39 28 108811 20
82 63 19831 59
80 79 1853 96
74 79 26320 49
17 57 43788 80
84 54 21849 156
13 10 188406 20
59 89 28008 183
80 58 29288 171
3 67 8937 109
82 70 11414 73
20 51 60576 118
48 41 20346 130
45 31 20818 1025
77 98 17206 209
3 35 10569 87
45 89 14080 151
18 60 20812 1266
58 21 7927 194
83 25 27176 163
20 9 18560 273
27 40 37480 48
71 47 40749 38
29 96 70889 184
45 14 4333 74
27 85 40347 24
78 23 84548 42
30 70 7422 97
27 63 47769 124
25 89 17042 452
83 47 109023 109
6 65 18246 149
55 14 315942 56
85 35 13584 195
87 73 66751 91
80 9 17422 147
99 52 106144 273
80 3 17321 86
16 13 22199 115
40 32 53215 606
86 68 7890 218
54 84 51892 431
48 53 45914 414
4 72 12367 99
1 75 2174 26
44 20 127464 823
99 67 13258 207
21 5 47911 168
55 32 16059 117
38 12 6296 417
61 66 8661 78
83 4 11176 111
6 43 6333 673
13 92 62213 36
81 50 28765 172
39 5 14741 381
87 27 17672 68
39 47 19030 75
32 75 36451 136
89 61 16929 17
62 86 21070 80
59 9 32357 105
98 10 11035 336
15 93 78396 69
79 2 25799 57
35 53 26616 581
45 43 100305 374
33 21 64996 47
88 69 38868 383
57 48 4598 231
59 22 216786 486
26 200
80 45
88 24
64 333
25 20
90 87

3394889
