100 499 3 3
67 45 17759 84
67 84 9208 619
67 18 18508 229
67 37 15250 68
67 11 33495 69
67 38 36449 16
67 30 8897 135
67 70 40248 314
67 44 61817 718
67 26 144053 645
67 48 17492 218
67 34 3208 82
67 90 113044 229
67 25 29650 75
67 51 8584 203
67 21 25676 267
67 71 20387 92
67 61 135368 68
67 99 242332 981
67 29 5586 405
67 42 16405 242
67 96 50549 291
67 92 33420 76
67 97 14182 121
67 73 84409 213
67 76 9294 141
67 94 94225 647
67 8 13330 954
67 57 16484 660
67 12 20685 57
67 9 27686 230
67 64 17524 44
67 20 12692 73
67 65 2979 611
67 50 14681 176
67 58 21173 64
67 77 23339 58
67 22 19812 173
67 55 24245 141
67 79 208622 664
67 82 4516 73
67 60 42404 421
67 33 17928 289
67 54 27960 140
67 80 14062 108
67 66 23062 269
67 40 32604 213
67 4 30127 232
67 87 15074 35
67 88 65036 66
67 52 9569 47
67 91 92483 225
67 85 21273 1085
67 95 145512 198
67 86 21995 158
67 49 41544 395
67 6 127912 421
67 100 37203 110
67 24 14095 235
67 62 64526 41
67 28 5376 56
67 23 41406 1263
67 13 10698 192
67 81 21138 19
67 89 82739 83
67 35 4788 44
67 56 22673 77
67 59 31440 181
67 63 1647 125
67 15 27315 214
67 72 123489 410
67 43 5295 486
67 41 93315 75
67 7 18550 43
67 98 19695 57
67 27 46190 402
67 39 28411 224
67 46 3263 71
67 53 15913 71
67 36 11760 32
67 31 27841 86
67 75 32599 120
67 10 12729 997
67 5 9751 34
67 78 5802 156
67 14 10001 161
67 1 23087 44
67 69 34231 133
67 2 43711 116
67 74 53394 394
67 16 5888 135
67 3 13940 336
67 83 4034 142
67 19 17628 148
67 68 9877 400
67 17 38258 783
67 93 11627 146
67 47 10439 244
67 32 104502 17
40 99 20285 290
13 75 20729 103
12 6 33438 156
36 22 36206 111
5 65 72274 26
43 67 56077 534
90 17 46088 1049
16 78 18578 206
84 93 12412 37
36 68 92452 532
28 40 2794 21
69 63 42569 1029
99 75 32724 14
50 96 23973 119
75 63 21400 131
11 91 97908 349
25 46 23718 372
9 52 7789 249
36 41 9534 164
21 32 15914 1116
19 88 36855 36
51 8 23944 315
41 71 2921 92
9 36 50265 1226
50 62 197735 213
66 19 85278 45
69 41 17755 83
18 3 59491 186
9 34 94813 70
71 78 26614 246
79 56 117023 512
84 41 55881 1319
31 68 3719 310
99 4 7552 168
92 79 10192 153
41 42 3881 442
80 97 10294 61
29 1 34130 747
89 73 16489 463
42 39 14672 678
80 39 7809 23
54 77 13953 67
85 88 93393 274
94 84 4734 640
25 36 71648 59
41 62 6086 882
93 41 8419 1480
10 24 30129 636
97 85 9985 113
52 10 19075 1594
65 92 19092 41
57 31 7430 61
18 79 46584 11
40 83 18696 38
91 34 121962 118
88 7 10416 12
83 95 33059 501
66 32 52021 71
24 48 16220 219
7 99 19609 209
81 23 5028 192
34 51 31250 867
46 66 48400 117
86 94 279627 82
74 4 8399 1092
6 36 3741 712
43 71 3267 271
79 80 18945 109
68 97 11497 334
88 36 114083 661
2 68 6507 30
37 78 176981 97
26 10 9705 145
7 69 88255 82
16 4 24705 143
51 54 28203 76
84 34 5604 82
64 34 3985 23
20 68 18493 351
53 73 13613 351
34 99 18416 222
91 98 13254 622
8 94 20198 317
62 39 45926 66
49 25 4200 481
91 54 12253 90
42 15 17950 459
76 10 77161 133
62 17 53293 640
7 70 19404 59
57 18 18736 62
16 8 77347 79
9 75 83247 619
34 26 15922 500
88 47 39515 75
41 60 15497 196
7 68 51242 496
39 13 10929 183
62 52 47925 70
33 34 28570 39
34 29 50634 207
88 100 52185 438
48 45 39965 189
25 19 22697 79
70 72 65200 75
31 37 100801 520
50 42 12669 1238
10 94 55926 41
41 28 15647 172
50 45 100487 88
80 87 134380 89
1 4 17268 156
83 81 34944 355
8 85 2433 25
89 9 24311 216
91 69 89221 165
21 33 61270 178
76 4 43685 153
48 44 55221 69
30 100 169233 485
18 40 22142 252
61 80 8899 117
46 84 8127 94
18 74 19000 792
53 52 17330 47
14 26 14875 146
81 42 22249 21
71 45 63136 109
46 72 79742 308
96 39 15268 191
78 42 9030 865
26 36 87074 78
79 92 24868 63
26 9 48529 213
34 33 28827 318
35 70 267202 39
50 77 271342 1229
8 77 4004 76
20 37 42097 276
37 35 17541 400
47 84 2657 315
92 62 7739 54
41 47 15247 853
5 1 33560 91
6 73 16918 189
9 73 14337 41
76 23 27645 71
20 72 14331 88
34 5 11386 385
35 65 3295 727
32 87 5388 139
24 51 11254 670
25 50 24128 56
99 19 43755 98
73 17 21460 39
53 25 12969 39
35 37 58675 254
60 68 79844 347
74 38 9477 71
43 37 45779 214
98 100 45776 100
66 28 33364 159
59 34 75009 82
12 9 8097 711
81 68 11376 49
22 33 40697 61
9 4 28134 11
47 19 8055 461
83 35 50137 48
51 1 29069 146
5 91 24895 403
51 48 15474 319
52 58 21674 230
14 22 7217 187
7 42 15013 116
64 100 5271 225
90 96 14901 60
38 42 19655 84
22 97 68393 177
48 18 46280 41
70 88 8507 294
29 94 44796 1046
40 56 6772 70
15 68 10697 253
42 22 10763 115
11 14 2081 332
34 85 23340 38
25 16 19016 46
94 59 42810 50
22 21 56072 276
35 96 3726 223
20 90 52047 181
48 53 10553 1367
5 37 20628 656
92 29 125046 71
66 89 61176 571
35 8 1679 110
37 9 4824 34
76 7 42816 713
55 60 4072 843
79 57 12823 67
47 3 3451 54
44 47 26040 161
13 40 4328 133
35 89 24722 286
59 70 6974 77
50 36 8090 45
97 11 17318 620
48 8 77080 151
37 19 8057 373
51 20 9805 167
81 85 20491 64
13 50 20792 88
35 51 30264 487
62 4 6561 568
38 55 25981 112
41 72 48144 156
78 37 15778 420
56 14 16044 276
52 82 35418 61
40 37 10059 140
48 2 34962 677
73 41 11454 447
64 77 58032 32
9 62 9486 1968
80 30 37901 50
3 16 32666 43
86 45 41267 332
86 24 9832 112
8 90 6382 59
2 8 52935 631
33 87 22162 38
77 68 36476 237
75 38 15401 144
52 72 205405 142
18 30 28661 871
86 52 11698 99
38 99 47432 373
53 7 20951 1723
62 6 33589 287
50 22 29170 46
23 6 3703 336
30 1 129214 117
59 91 13482 19
74 30 133233 274
90 79 11359 260
31 64 35051 300
30 73 31407 341
99 49 50373 662
6 93 27563 885
13 39 74646 48
41 32 21221 61
38 54 11116 402
38 58 45361 2076
10 58 132536 126
56 52 8972 169
93 50 9844 80
78 61 27549 639
9 88 10070 112
64 2 26083 70
44 49 9762 171
97 54 58808 63
2 92 17067 341
59 12 15472 65
54 45 4139 174
24 49 25850 332
46 30 9392 300
76 15 207681 84
41 5 23241 376
83 67 89712 166
47 41 67871 248
25 1 17724 412
89 51 6377 105
48 69 7411 33
77 49 47847 903
66 99 10533 210
91 83 76022 76
27 10 52682 416
1 73 22127 84
13 43 12937 137
17 70 26218 65
24 39 90070 46
41 91 79537 82
41 73 13546 79
59 9 7334 214
86 70 107944 159
10 38 27946 425
82 19 47296 102
76 54 12059 496
50 17 29033 410
11 72 107808 190
9 84 10270 488
96 74 20132 724
84 88 43475 2798
55 82 17628 1006
40 82 9396 140
11 19 16833 321
44 19 7654 180
64 60 16299 62
89 92 9319 136
100 60 37279 132
60 26 9982 12
42 16 28906 536
80 68 10508 391
2 63 15093 644
16 49 63222 71
69 27 17810 268
19 6 7773 761
16 30 27826 79
49 74 57197 22
56 7 6818 130
100 35 116929 47
75 15 50278 112
92 18 50877 65
69 4 30612 114
3 68 11261 57
61 46 12648 64
79 47 15179 53
11 61 23304 189
69 90 112475 565
58 20 4682 452
52 89 26105 136
71 11 33381 42
65 16 5304 168
4 27 36188 251
22 69 24244 169
78 73 121216 18
3 36 4022 146
23 4 24856 501
41 31 75224 55
9 41 7179 132
61 28 4475 682
54 80 46614 53
55 51 48605 129
18 38 19842 102
5 71 187435 76
70 82 65918 123
58 19 220237 119
11 79 25157 618
28 90 11648 188
22 90 24403 192
100 84 10232 115
61 6 49681 94
99 16 13620 170
13 93 5750 65
5 13 19044 723
12 74 17304 31
5 3 12207 213
81 61 58584 73
33 53 12172 153
98 80 78944 1367
89 2 40654 159
82 79 18862 412
17 71 55075 147
41 37 54310 461
15 27 12716 344
94 90 54139 285
10 26 6071 17
48 23 28274 96
2 33 7593 72
83 73 28622 67
68 93 18902 33
8 60 2931 294
87 19 13348 64
1 91 29204 556
62 82 20438 302
28 8 13684 466
9 91 17651 37
26 100 75708 48
8 55 12009 77
38 44 3255 172
49 36 548911 231
74 64 5994 1618
80 77 38419 36
95 90 21434 467
51 31 20553 93
70 27 3887 173
54 74 34637 53
25 14 9257 100
17 11 31542 1427
86 60 53582 224
45 8 14658 228
64 67 509750 89
21 7 8918 48
82 90 21576 489
69 34 70276 155
71 76 99708 216
76 24 10040 83
36 7 29748 505
39 53 21329 21
41 69 5978 313
17 10 11215 1400
93 3 36474 53
29 43 65467 307
53 88 9393 123
30 46 50608 71
81 50 8526 212
72 38 122030 227
7 18 43685 86
26 96 3471 134
67 693
41 42
9 121
68 164
19 226
73 181

9395964
