100 499 3 3
57 9 28808 127
57 80 18059 98
57 69 9601 88
57 28 29470 29
57 38 7011 115
57 13 42579 210
57 76 6054 134
57 97 11150 140
57 82 34877 252
57 32 91015 116
57 71 21961 136
57 21 9917 216
57 36 12197 1086
57 12 36155 124
57 89 43596 356
57 88 14102 82
57 26 21063 2138
57 55 6393 317
57 94 30100 43
57 60 39370 328
57 72 24379 48
57 18 69277 335
57 81 46663 169
57 79 4811 72
57 46 367088 78
57 63 11418 116
57 64 90215 307
57 52 12777 171
57 37 4709 486
57 83 90743 201
57 51 29250 309
57 49 4323 40
57 23 5906 279
57 85 78862 129
57 100 50851 442
57 90 13042 100
57 96 97344 112
57 17 44689 288
57 48 6245 55
57 65 1675 361
57 70 65571 643
57 68 66331 161
57 45 23411 91
57 53 171013 186
57 42 105168 455
57 92 79520 136
57 20 6996 39
57 39 32255 115
57 5 8847 45
57 33 13683 275
57 41 71657 213
57 25 51639 54
57 15 58941 165
57 1 15107 358
57 43 10552 898
57 4 10301 494
57 67 10350 151
57 59 10829 38
57 3 13101 42
57 66 34439 152
57 6 5362 447
57 99 23196 136
57 61 14498 1056
57 35 82088 243
57 87 26343 166
57 8 4596 239
57 73 18767 398
57 56 29695 45
57 14 13023 194
57 50 32271 101
57 29 16967 378
57 40 24683 130
57 86 20057 77
57 98 9213 85
57 24 69285 25
57 77 30165 187
57 10 27569 98
57 11 9867 123
57 7 31708 103
57 16 22831 228
57 22 27102 256
57 95 72406 157
57 54 6769 210
57 2 4085 305
57 30 8817 126
57 62 47645 146
57 91 38136 30
57 34 12229 662
57 84 9346 134
57 58 29809 171
57 93 27625 70
57 75 46126 314
57 27 6766 273
57 19 5925 153
57 47 35824 105
57 44 224991 187
57 74 7722 131
57 31 23535 93
57 78 22695 81
87 97 15258 36
67 26 19192 35
70 73 8789 103
91 41 96215 3362
14 98 19074 97
61 88 36271 317
61 83 6811 117
80 57 4225 54
100 30 5974 491
6 3 18001 67
71 51 15442 26
77 62 8044 38
16 47 108246 146
23 92 22436 382
39 36 116050 247
12 38 7534 43
45 56 1836 183
45 70 5159 69
26 70 55447 109
4 54 15600 396
53 71 35483 33
71 28 20228 50
34 44 9681 119
9 81 15534 16
26 23 10565 260
3 95 62212 109
36 69 9430 168
89 71 15837 82
86 31 13769 132
8 100 9223 168
8 81 19217 443
50 96 17474 182
6 37 38425 52
13 33 56283 88
37 94 18622 1030
73 92 25824 47
37 47 33088 92
82 40 20324 52
42 20 10379 330
23 6 89288 30
31 47 5720 698
56 58 1035 78
31 66 68747 35
84 13 16794 123
86 28 74090 32
24 21 61919 153
88 20 30728 261
52 64 8581 973
63 67 13024 217
11 9 33221 279
99 58 75532 221
100 12 91844 76
97 86 20950 4
56 86 157801 124
3 56 56944 340
85 12 11388 150
89 90 4381 47
95 39 20492 162
2 83 87053 246
46 16 20100 530
80 91 62393 184
9 63 50854 89
6 80 28756 18
4 40 128755 86
14 49 41188 106
3 35 14645 327
49 38 20763 128
67 39 3838 161
97 21 12252 33
63 90 30541 268
96 44 87199 386
42 12 31054 331
49 14 9515 128
29 85 10515 199
26 82 34978 108
34 27 22724 116
83 77 6474 564
61 16 8374 148
92 87 30578 268
55 70 14008 103
15 40 15914 25
68 29 15604 483
58 10 30015 374
79 7 50686 621
14 28 17327 687
88 56 37699 330
94 16 9370 476
11 12 15479 25
60 15 38610 760
91 34 15836 414
68 31 34969 214
47 96 88119 259
17 16 27461 87
1 23 20675 309
52 89 34003 197
28 77 11634 902
28 14 5034 120
25 75 5431 62
3 29 33655 45
100 80 103328 249
34 92 23277 68
67 78 14109 64
45 20 15565 447
34 75 17507 119
52 39 15716 279
13 32 30526 1382
55 14 22891 93
92 7 4906 285
34 57 41887 157
94 9 13794 111
70 49 31187 176
51 16 38223 54
4 51 9901 141
88 81 2668 83
100 8 28381 233
88 97 14183 168
59 74 20406 716
67 40 5991 80
63 14 11875 61
95 36 35542 111
63 66 14285 353
47 84 6063 94
9 38 21588 171
53 43 104377 99
21 67 8591 25
35 76 6910 184
66 50 96382 107
37 9 124706 217
81 52 14081 184
8 31 254491 91
90 26 13410 343
4 95 132768 35
85 75 68932 201
60 66 11546 61
49 100 24298 69
72 69 5998 166
44 21 3333 107
4 49 32556 55
22 13 55106 128
58 28 67440 156
72 61 26833 215
37 24 20153 246
90 56 68043 94
48 50 52921 13
95 84 137690 223
1 22 5351 304
9 61 28111 822
91 44 1767 231
26 87 32054 327
29 58 141246 655
63 74 11056 106
9 66 3471 85
27 62 24893 216
99 11 4360 27
51 74 10264 246
3 54 13401 146
28 56 5577 15
65 57 8627 195
55 98 11229 49
23 17 66093 174
21 80 59736 282
76 59 30013 361
92 91 60672 62
15 51 10813 143
82 100 8538 124
91 42 14366 961
39 41 8525 12
12 84 51745 85
84 19 58600 493
72 34 8884 61
89 96 32910 42
43 11 12564 503
18 1 10503 312
90 6 1724 130
45 40 82138 65
85 91 19217 144
3 61 22366 183
93 76 385543 322
45 81 11941 111
29 69 5213 243
54 88 13415 59
40 80 31573 128
49 63 35030 1013
61 54 6649 601
32 29 55668 149
90 83 52502 680
69 47 58567 179
31 56 15770 506
27 89 8420 1526
43 89 25194 579
94 21 34988 143
46 95 42337 24
97 22 13876 159
98 69 18306 97
38 87 22508 398
28 91 17082 68
54 31 84362 348
93 41 18819 104
79 90 41160 104
83 18 19454 455
89 69 41990 267
35 95 17176 96
86 50 5845 53
93 4 10367 90
24 34 17063 71
11 30 127960 202
52 42 17645 732
21 31 52423 51
73 2 39789 180
28 8 12983 85
65 45 95310 43
89 59 86780 211
81 50 20998 166
11 74 66390 33
12 58 331390 118
35 31 16105 1010
6 53 25522 103
36 72 41241 182
32 97 67749 260
82 4 50849 179
56 60 91060 498
35 19 12229 138
42 85 39415 606
16 25 7763 57
73 40 6411 275
77 46 2260 250
13 43 14762 38
6 54 3937 42
69 58 28255 35
31 61 13137 173
15 1 34093 74
12 57 122957 36
60 6 6552 66
35 21 5232 81
53 5 189930 88
71 13 229649 17
34 71 18658 32
43 50 48920 324
30 56 94619 166
32 20 3691 31
42 18 63436 389
94 57 26600 113
58 15 19202 496
80 62 60385 293
97 5 22246 13
53 89 11843 123
61 84 25251 158
43 52 5203 111
97 19 23698 158
82 7 60640 351
28 80 46262 88
99 1 5232 139
98 81 18291 434
27 96 17030 85
11 65 51544 687
86 55 17965 306
6 77 15953 96
89 31 100137 414
6 9 39980 521
58 64 52029 159
87 83 42361 565
77 94 276223 56
31 60 15979 172
4 22 36087 88
52 88 14368 130
44 36 14594 67
12 19 12182 1669
95 61 37355 92
18 87 27866 111
38 62 8801 253
63 49 8735 320
36 18 12806 47
83 9 82104 368
91 11 31064 136
74 64 8645 83
16 41 320142 55
59 64 28427 159
94 37 105318 89
13 25 130392 270
2 88 4457 233
14 58 73851 252
29 54 78764 586
46 93 24054 32
87 33 15137 168
43 88 73805 132
97 65 44947 97
58 47 6780 187
71 30 8616 191
20 67 3270 57
11 23 17479 718
75 92 8114 233
35 29 15656 90
35 43 8101 145
65 62 6199 301
41 62 26429 182
19 13 21354 50
52 80 39326 129
72 12 24111 246
28 75 14392 63
44 2 15381 75
4 32 24982 487
68 18 56604 107
81 5 19338 155
28 44 22424 37
5 55 26464 152
19 95 37294 69
3 80 16482 64
73 62 17083 22
31 53 26037 48
62 73 7061 126
14 76 9485 241
32 4 26961 66
86 57 20178 87
24 22 10847 184
95 40 58074 107
19 38 7267 80
30 28 106488 570
3 52 5850 39
77 80 41436 660
27 94 6974 65
12 47 10411 1049
4 50 30388 535
34 61 6189 476
75 21 6127 98
53 45 12498 349
74 4 67417 74
20 2 9083 30
6 19 27726 138
46 15 48671 375
13 2 10593 128
30 79 29989 297
41 46 20137 157
79 29 8417 107
84 27 47930 62
43 71 78919 129
19 2 77571 234
31 39 33492 28
94 82 10644 41
35 60 18148 488
53 46 10468 168
16 70 37497 92
76 36 10826 157
24 43 40237 178
19 82 19917 224
77 61 55205 93
91 15 3749 322
28 54 46178 117
16 33 12598 123
28 58 218749 60
95 62 78004 84
89 56 27406 162
100 89 9698 96
8 3 36606 725
1 53 127629 284
7 29 38086 47
6 42 43221 484
54 76 24801 185
23 27 9033 457
4 28 42622 908
20 72 30701 248
75 25 27900 56
40 8 24098 1285
34 99 39680 818
67 76 16297 18
85 77 31351 162
8 62 114328 97
14 39 7878 264
42 89 113243 289
35 68 40284 355
33 42 27799 172
38 99 9557 185
93 7 17135 330
63 21 20243 302
2 89 56012 158
1 6 102352 893
70 65 22319 616
46 42 19894 103
75 57 61182 351
44 58 9423 5327
32 77 51263 329
93 28 14227 45
77 81 6176 83
10 24 17360 144
45 97 59755 247
44 49 39191 16
4 80 56067 27
17 64 15335 213
48 78 15915 36
69 15 60059 116
28 87 15017 1443
25 82 37916 363
49 85 8739 212
41 31 131873 59
76 64 54359 88
30 97 92934 397
4 85 55068 396
14 62 27167 288
90 17 66602 182
41 13 38920 70
99 70 21987 165
57 297
28 77
4 209
62 198
80 92
58 283

19438511
