100 499 3 3
66 6 40849 142
66 61 10088 96
66 83 39267 302
66 36 4996 66
66 70 7410 140
66 55 5096 292
66 60 49870 283
66 54 86914 103
66 90 1654 38
66 85 33318 343
66 37 8575 384
66 47 15299 128
66 35 76436 112
66 94 12099 60
66 35 46278 143
66 20 59495 274
66 23 6431 170
66 41 26078 555
66 37 12744 53
66 27 8795 135
66 30 12734 1659
66 77 21398 10
66 31 356696 53
66 46 3378 287
66 59 10166 694
66 47 54888 232
66 42 73795 318
66 39 73269 159
66 74 5600 376
66 82 6446 229
66 12 139005 187
66 2 72701 158
66 28 22880 314
66 24 27776 192
66 72 24994 69
66 97 39933 14
66 6 57254 251
66 97 43344 151
66 87 17450 765
66 64 16493 124
66 84 39374 167
66 43 10461 62
66 24 10416 165
66 24 54813 146
66 46 66084 256
66 41 9828 15
66 19 3806 409
66 84 26540 89
66 58 23814 91
66 64 14491 38
66 47 127947 58
66 47 10937 64
66 100 13876 351
66 23 83787 132
66 69 65795 77
66 94 16825 49
66 51 29564 171
66 69 6379 302
66 99 77100 328
66 100 43318 467
66 40 23020 56
66 17 30345 19
66 11 59416 125
66 53 10993 188
66 19 24643 183
66 82 65551 201
66 62 9193 180
66 67 16921 364
66 59 5739 376
66 81 90153 53
66 91 38031 58
66 18 62807 259
66 97 23389 1264
66 16 32991 470
66 8 13773 228
66 60 21025 33
66 79 81673 83
66 2 12986 169
66 54 32026 305
66 54 41959 2290
66 24 19649 104
66 74 20962 40
66 87 145385 791
66 7 86656 28
66 12 85021 205
66 92 18866 54
66 81 181770 311
66 12 16256 135
66 25 19326 80
66 76 25117 110
66 59 125686 68
66 48 11601 1572
66 42 13289 427
66 76 26401 14
66 46 9507 83
66 62 21898 1068
66 7 50987 142
66 83 16079 108
66 99 19535 189
11 73 20098 297
12 87 11850 392
22 19 30975 45
69 79 19293 91
31 79 8618 113
65 16 13917 156
62 15 5581 561
66 63 21028 53
66 93 12438 39
48 21 43848 132
94 91 31539 95
17 43 7968 173
79 68 4092 320
84 62 10336 72
25 48 153272 162
91 75 17105 126
9 72 60685 399
31 9 11308 83
52 41 23740 75
98 83 45182 838
41 91 129966 151
37 100 35164 70
57 12 24293 162
65 1 2636 436
76 97 13066 121
44 62 13453 131
47 92 49775 240
87 1 83762 134
35 22 13737 104
58 23 52804 115
42 26 8939 45
83 89 45687 436
63 82 38738 20
62 76 71893 211
85 13 21334 17
52 14 23182 225
12 67 7877 403
2 4 71300 58
74 99 17623 120
17 50 12307 28
10 69 5923 320
84 5 36351 425
5 2 12103 347
77 26 10249 153
11 48 4834 110
71 49 184711 2230
31 15 3337 17
72 96 16846 554
74 54 24032 31
7 55 12223 24
40 27 115233 151
68 25 12397 173
88 52 28480 319
47 95 31962 85
24 7 19489 271
13 19 24013 224
91 46 4814 47
63 49 19517 193
57 6 10015 43
10 25 11124 77
100 98 45625 678
45 78 5924 276
96 16 59061 285
64 92 20877 471
86 6 43854 75
51 56 275465 388
38 76 106174 90
49 33 99049 53
76 31 39112 121
47 64 58154 81
7 26 38110 276
54 16 4230 111
13 16 28976 124
70 23 36080 151
8 23 27755 39
64 93 5877 82
39 41 39519 39
34 85 8732 57
51 1 4402 148
67 95 11470 185
70 15 10570 59
86 51 11373 153
86 57 31812 172
10 70 58959 101
13 12 31550 360
92 31 5650 252
71 4 3154 27
42 67 14052 42
49 53 7912 433
20 59 851 113
12 8 18743 48
39 32 41336 192
13 76 72766 525
24 69 12669 55
7 73 39544 78
85 21 99933 182
49 98 36026 132
77 35 32566 656
92 48 8325 227
82 83 24000 148
46 2 29868 221
74 86 7212 69
49 8 31407 80
56 34 9599 130
35 52 90681 1478
60 55 31558 317
82 81 13630 342
66 50 12184 281
22 62 27548 26
85 28 18225 1230
13 60 21006 79
28 34 11934 761
39 30 33987 79
21 81 23608 57
48 44 9791 189
63 94 49111 123
69 38 51276 32
98 12 88848 147
59 8 14540 72
34 1 16673 499
14 4 9687 297
40 15 26551 220
92 30 21919 186
11 78 15523 233
27 39 27495 89
57 97 66974 215
70 28 16801 67
90 14 17109 94
53 47 33465 110
87 84 39137 107
16 58 15923 53
18 30 8423 52
26 51 88948 99
49 1 16723 73
43 58 14551 175
15 2 13262 103
53 61 55121 188
40 75 42358 241
81 7 6664 107
76 54 47763 99
83 59 35368 33
49 38 3880 90
68 29 69834 90
34 25 45511 1856
87 68 46355 90
58 38 7771 195
64 14 84232 394
56 44 23185 267
76 4 14602 30
36 24 22763 792
4 65 17202 94
18 73 104408 299
7 23 64960 1408
78 52 32870 260
24 98 21904 426
83 70 15795 48
56 57 21310 102
77 37 10420 147
2 40 7143 231
99 47 19032 103
73 61 18868 205
10 38 19729 304
47 2 5083 1975
60 48 98177 61
15 82 8526 69
29 81 5602 143
9 79 45474 97
39 97 41009 311
62 58 5878 704
58 70 72321 67
4 95 13724 31
84 68 88421 119
94 13 36163 605
9 67 7456 341
79 15 21297 196
85 18 20301 155
76 30 49792 44
59 52 6700 645
67 94 22294 164
71 5 14518 128
30 46 13953 40
89 50 41983 19
49 82 10407 223
86 4 18301 95
53 7 17701 395
50 17 17139 72
23 68 20764 398
86 39 2635 497
13 18 54573 21
70 66 49130 228
3 74 5636 29
76 83 7671 22
18 34 82153 225
57 62 28494 16
32 35 6370 50
51 28 47534 35
77 87 28274 97
7 27 83510 682
27 78 32993 164
53 30 19103 200
78 20 27435 110
52 25 14523 417
54 64 78334 1788
77 25 96427 478
80 43 17020 645
93 74 30135 237
10 17 66708 160
8 36 11238 475
63 89 6814 323
49 77 74796 208
36 11 17999 75
35 40 12364 126
27 47 39113 202
13 37 133264 11
93 7 32277 140
2 52 3936 108
92 86 18564 385
69 72 13100 220
45 91 52800 217
22 70 72165 54
94 4 5400 127
87 6 2391 230
89 71 10127 141
5 22 9760 199
9 78 16739 50
57 15 164388 175
9 82 23036 80
27 95 15296 115
50 37 27069 684
3 51 28725 36
29 56 12255 483
85 56 60751 99
39 16 44358 276
69 90 19106 53
99 42 10917 289
42 55 17781 20
88 23 179791 35
58 69 209522 47
61 50 7173 295
16 19 60924 859
14 88 39039 248
94 84 5101 213
66 4 302207 176
78 86 21565 142
38 23 51915 270
28 83 35862 121
8 78 46579 138
90 53 10570 133
86 41 8428 235
68 54 12977 64
91 25 15012 446
14 62 21888 248
77 65 30590 449
80 32 40256 477
35 33 59973 164
47 72 95376 251
23 42 29247 232
39 85 8488 413
36 1 1404 354
75 47 13749 125
49 73 5700 203
88 81 10560 144
67 98 35677 209
16 23 8978 194
18 89 14184 36
24 65 50917 85
61 27 61698 475
29 58 49341 700
14 24 6872 241
15 90 19714 153
61 55 18789 51
5 73 19254 102
45 55 7207 79
58 68 99042 33
56 30 109921 77
13 87 34863 131
46 26 17358 454
91 5 18753 190
46 23 14210 18
34 43 59609 70
98 36 15814 134
3 99 18336 778
4 35 45225 205
25 61 155821 101
59 74 22172 65
46 42 39854 58
11 27 18861 107
99 31 11174 22
63 25 107737 215
46 76 216171 88
84 82 11773 56
94 7 19711 176
94 92 20491 28
30 40 34179 18
58 31 30689 125
89 4 9139 33
38 2 19708 228
62 49 16730 104
67 72 31711 226
70 88 17165 272
11 96 10737 135
92 77 13280 134
68 77 23681 267
10 18 31214 222
4 78 11068 588
31 5 78388 93
13 64 10123 767
62 63 3828 249
86 37 50435 22
39 83 14224 516
61 51 15624 94
64 23 119485 47
53 100 37047 86
19 40 23179 373
97 64 13957 108
6 67 6845 80
20 29 63095 96
82 7 33127 168
44 85 2828 674
83 87 75779 302
57 77 18405 221
42 78 104097 370
85 73 48083 160
89 13 8124 252
35 10 12167 1076
7 75 18841 269
78 73 17542 147
30 35 34636 30
22 95 83721 97
42 70 77776 88
80 49 3434 379
83 99 5005 49
78 40 12765 59
9 17 23342 1128
11 61 6678 215
65 32 10210 172
71 80 23663 41
38 27 6881 175
88 56 6259 137
59 85 48528 628
70 17 113741 177
77 54 62954 28
10 94 16473 62
90 18 56301 35
80 84 21633 123
29 84 18141 220
23 99 31555 111
36 26 82235 31
92 64 9012 361
4 83 20518 111
83 33 56276 255
37 86 38519 21
32 15 14816 31
46 1 19943 252
42 93 54400 54
67 100 144520 46
51 59 184369 40
81 40 19417 85
89 81 17764 15
14 75 78761 57
14 17 28724 32
27 66 16303 34
98 11 253368 69
35 39 1448 271
24 92 937 68
39 47 10081 358
96 19 24010 330
26 5 46498 53
67 60 2884 56
80 6 39962 112
95 10 50355 363
64 89 5671 96
95 68 26874 87
26 54 39189 200
58 44 7391 392
19 26 39447 137
20 44 78222 186
1 80 6208 39
93 35 16937 33
33 38 14042 179
1 20 41582 226
25 57 21670 42
9 39 29791 157
71 45 4403 130
75 42 23227 562
97 42 10198 179
43 15 18468 307
60 85 106799 380
33 31 5512 39
17 30 7668 159
93 68 8954 368
56 92 12695 30
35 85 8073 172
75 5 39967 106
97 17 37472 320
9 3 131077 367
74 34 10037 47
98 65 19456 98
10 71 14601 64
80 4 18320 468
66 927
49 27
13 45
23 143
47 235
4 637

27362182
