100 499 3 3
95 80 2214 522
95 37 3661 101
95 36 80386 941
95 96 24605 311
95 100 83962 115
95 45 10209 138
95 28 21556 235
95 69 40498 258
95 65 55646 1216
95 23 14938 233
95 58 7952 39
95 79 18113 92
95 9 12046 38
95 71 29821 115
95 89 35170 29
95 55 3715 594
95 15 45836 56
95 87 3593 684
95 22 39370 63
95 70 5190 93
95 85 17799 770
95 84 39059 312
95 64 14510 193
95 99 6697 122
95 34 22923 109
95 12 5165 1331
95 24 11030 278
95 73 15154 136
95 94 30961 79
95 6 58512 58
95 60 19897 35
95 90 33687 76
95 3 13874 508
95 17 57831 54
95 40 11861 262
95 25 19781 273
95 1 21079 379
95 66 105667 136
95 46 114967 182
95 68 30969 90
95 43 26694 89
95 86 9225 73
95 52 24182 35
95 7 20544 31
95 41 31612 453
95 42 16273 84
95 26 8292 38
95 50 9337 109
95 61 158564 57
95 91 5944 249
95 82 9627 64
95 33 82514 753
95 16 5067 743
95 75 62051 172
95 67 33076 43
95 29 41189 119
95 31 23415 150
95 8 86337 120
95 2 6728 132
95 4 8266 19
95 78 26947 54
95 30 7280 38
95 18 13421 482
95 59 31492 211
95 62 8094 264
95 98 14654 331
95 74 76343 69
95 53 104990 83
95 38 2619 92
95 35 56660 124
95 56 11492 342
95 49 6103 68
95 92 7317 1196
95 13 31294 79
95 81 41568 648
95 83 6477 144
95 51 84192 151
95 97 15368 38
95 5 22171 1162
95 88 29842 99
95 39 52836 53
95 44 8839 82
95 32 23067 31
95 19 9010 107
95 63 10265 106
95 54 7171 122
95 48 2620 150
95 77 60325 579
95 93 10492 802
95 57 184726 139
95 72 12256 104
95 21 6490 126
95 14 13967 35
95 10 51871 93
95 20 6520 982
95 11 71573 1265
95 76 14751 129
95 27 65675 246
95 47 55824 95
40 98 2142 63
56 24 10820 52
31 84 41503 114
63 88 7732 272
48 69 7423 102
47 67 27665 76
45 42 15190 122
38 88 8435 149
1 57 16126 749
73 90 4777 29
52 8 15979 315
16 18 28049 92
18 7 10093 136
51 59 36553 211
8 17 2349 24
3 10 10044 765
98 49 58247 194
69 11 14319 84
93 23 123967 32
32 29 12088 92
68 33 39686 919
92 41 34809 509
51 98 52493 407
37 21 117604 99
13 15 3428 241
76 83 120722 27
79 70 3023 196
92 43 100958 196
87 85 61248 238
85 37 14980 543
54 92 53730 233
91 86 7073 1881
54 94 6958 44
10 46 53631 42
89 47 17064 63
52 17 10360 17
66 32 15558 478
97 66 6682 106
32 42 9964 67
82 33 82464 128
100 76 31915 173
9 2 40531 55
67 3 42211 57
33 11 10719 672
81 68 70002 1349
87 76 19128 23
52 85 17540 77
79 75 26242 217
12 22 98635 55
16 76 14881 716
20 70 50226 153
32 31 57681 161
5 53 31087 82
57 63 5253 93
65 29 16293 183
66 96 24615 369
16 60 11846 42
89 64 15420 1007
24 75 28956 87
22 40 17583 95
16 61 15678 171
91 9 35633 51
13 59 14589 108
64 16 38014 114
2 10 72604 280
58 14 129604 177
78 49 20302 15
35 58 2496 909
69 78 6838 110
75 19 57568 566
61 28 10854 956
99 23 20250 107
89 69 3713 247
23 39 37446 124
91 45 39781 325
71 83 40413 51
86 91 61564 109
51 49 7614 158
57 64 32941 164
14 93 13368 662
2 31 84868 29
47 14 16126 257
96 77 174444 114
88 21 14328 766
11 16 97569 256
73 29 12294 234
61 45 67111 139
21 50 58542 38
24 85 2000 144
50 56 13136 82
89 35 56632 36
61 73 16255 1186
15 42 5920 108
7 16 4787 110
15 60 30397 145
82 87 13050 173
32 92 19434 283
29 61 28950 506
69 74 11105 112
94 22 15007 1104
18 51 14255 142
48 98 6239 288
52 10 5733 99
77 6 29045 426
2 100 65069 22
58 78 7335 846
33 15 21043 136
58 8 7355 134
41 72 44139 1173
72 62 128980 89
61 33 9089 183
66 51 31492 49
85 4 9306 194
53 8 21960 145
55 2 260480 487
23 62 35533 214
67 8 121485 175
63 47 14302 163
33 7 4110 156
94 30 9996 472
48 8 20761 481
83 27 18188 108
25 19 31852 183
44 37 41138 143
69 53 74028 62
51 72 30478 300
56 67 11672 230
55 87 28937 90
15 80 6447 139
55 36 9013 116
19 25 8583 1299
19 61 117624 259
70 93 184111 259
35 90 47075 300
38 89 10769 497
25 76 33894 166
67 32 49937 47
20 64 5288 176
98 40 41193 168
77 72 71177 21
89 62 65791 726
5 66 127201 103
81 75 6071 204
80 26 16894 31
38 3 4899 541
73 39 9743 106
84 69 66946 582
98 51 13556 703
4 97 3557 38
69 34 117912 214
1 9 81888 217
61 10 19305 18
70 50 7920 54
80 45 18312 46
61 7 144295 457
93 45 46921 62
79 71 11870 314
96 5 22956 82
97 71 1279 444
11 55 53656 83
9 54 186294 64
82 3 12117 212
76 48 27621 146
81 10 2956 203
24 43 7632 237
86 89 8894 78
84 79 38907 374
49 1 13124 421
38 20 17335 81
81 1 35303 364
59 77 55798 118
82 63 676 89
82 24 58290 21
38 54 158897 185
27 12 34713 104
23 17 83152 28
6 27 13088 147
51 4 29187 32
86 95 15274 4683
2 55 5304 86
81 72 8012 42
98 25 20431 62
59 96 28236 13
35 11 17880 199
27 97 17748 225
79 97 59640 97
44 57 292912 289
84 94 234159 638
76 93 10468 1056
79 34 11051 147
17 28 14307 23
70 52 35483 130
92 7 6351 130
22 100 16723 227
57 39 18869 51
26 3 80477 19
67 97 125988 682
84 54 16049 219
74 7 12840 144
63 30 6738 35
61 80 10142 24
75 42 4026 244
80 29 7530 1071
32 28 31572 137
79 51 95449 550
6 53 3813 304
31 56 21782 131
22 75 20732 172
98 57 23353 203
83 38 56084 205
98 58 20246 119
1 83 17317 373
59 97 80810 725
47 53 69566 70
35 5 227549 240
15 38 46308 223
96 97 134850 103
51 85 15680 296
27 59 23198 21
32 77 4536 714
4 86 23168 616
19 68 24213 502
41 39 24182 43
14 15 19828 124
50 14 15781 56
8 4 4783 1284
26 19 24911 42
52 89 8499 364
62 71 124237 85
36 65 9641 277
24 95 29878 85
62 84 8281 946
84 100 27924 53
92 46 11002 91
59 48 10473 556
19 73 26147 62
63 6 10309 77
84 36 7478 591
37 28 18180 163
28 8 8174 157
10 45 50882 32
92 42 38148 377
89 7 22716 488
31 42 17500 169
100 55 16877 144
87 65 16533 196
100 61 23484 274
83 77 39972 57
47 58 41606 128
32 38 8972 311
8 100 54972 53
18 88 46059 133
29 44 137890 22
80 70 36484 366
86 81 14080 595
74 84 15119 56
66 50 33189 131
51 80 19191 226
53 17 15172 99
81 42 5466 209
15 35 23953 156
18 39 9974 70
7 69 68933 116
93 28 19552 346
48 11 91070 231
99 61 23964 253
32 66 7243 105
47 20 2189 178
82 18 25606 131
70 91 13096 384
21 71 14155 2055
8 98 18853 154
40 65 23021 60
54 86 17131 88
34 33 76668 134
85 7 51943 47
50 24 9146 43
1 42 27874 633
38 7 15152 203
45 77 6025 807
78 7 77860 482
11 33 10397 77
15 54 12381 105
15 55 14209 124
43 16 61697 36
64 87 40539 122
62 7 28166 68
87 24 4315 360
61 9 27212 68
17 18 37358 150
11 6 7600 667
24 69 1025 185
78 27 40033 157
25 1 16604 689
35 37 187690 98
51 30 16358 163
94 51 113925 338
29 10 13234 180
98 99 31263 293
86 51 11757 77
73 76 32954 44
91 77 19491 133
57 26 9165 214
41 84 7343 391
72 26 6205 210
52 27 12427 108
38 58 2276 208
78 16 6214 99
64 32 13504 45
26 81 22947 143
53 96 11794 86
75 84 115341 211
48 94 32097 282
25 6 9970 118
62 6 5591 54
63 33 43006 71
57 51 13496 953
60 86 110539 95
60 28 53287 50
28 97 16797 48
15 93 33953 130
69 100 7725 116
77 61 28834 224
59 27 115941 50
2 96 22555 403
91 5 28918 62
58 37 71158 18
82 41 17166 227
28 39 8995 99
15 77 20605 128
1 46 7190 182
34 93 3642 221
100 54 8731 98
67 88 12258 34
14 16 10628 24
63 56 6541 274
39 34 20068 126
76 71 31161 262
24 54 10382 133
62 47 29142 141
35 55 66951 507
62 41 9240 45
23 52 22895 133
41 57 16672 331
61 25 19112 9
7 73 11714 58
21 44 141006 77
37 3 22627 228
20 33 15875 555
11 29 74504 27
62 79 21685 235
72 56 21068 125
93 82 54742 79
11 44 20584 75
25 69 28024 54
22 19 19063 557
12 16 62370 78
50 86 33623 576
25 22 53120 32
54 48 29503 587
29 76 9514 77
90 10 12049 221
45 41 5499 57
18 15 110068 175
76 3 205425 181
37 81 55322 485
75 87 13946 137
20 15 54650 373
54 40 74054 371
85 55 15619 908
18 84 60570 113
74 99 31221 192
38 11 8812 8
27 26 9244 135
22 65 15133 88
59 75 12676 88
77 62 32794 91
41 75 14609 196
31 82 18807 231
80 12 8459 73
91 18 36379 589
4 70 7380 23
23 64 30308 49
84 93 35722 733
90 68 22925 501
12 30 16116 590
85 54 57290 705
15 12 26715 51
100 65 82023 33
39 84 20935 345
80 94 50262 793
32 100 4254 12
93 76 17048 257
80 89 5661 88
23 84 61562 72
31 72 7101 192
73 41 68284 1083
3 1 17625 180
69 88 46952 37
4 23 10822 446
95 1980
15 70
61 72
7 1387
84 298
42 287

66296254
