100 499 3 3
28 81 20663 568
28 24 27810 196
28 39 52924 285
28 6 6980 165
28 14 39433 272
28 34 10484 354
28 41 74382 131
28 73 80876 171
28 63 17859 22
28 100 24510 174
28 94 56013 238
28 9 53317 98
28 45 52693 181
28 35 20797 328
28 55 41052 62
28 94 24493 95
28 24 54380 317
28 93 9179 399
28 72 74859 607
28 11 9149 117
28 89 15198 97
28 92 8003 110
28 50 18189 201
28 30 6901 107
28 1 25052 48
28 83 6380 61
28 14 26210 165
28 38 11740 248
28 78 8079 67
28 69 84097 46
28 60 17109 85
28 82 23638 104
28 49 25416 34
28 99 30293 200
28 83 32189 33
28 52 3038 102
28 55 27950 27
28 63 35764 218
28 43 80404 218
28 42 115079 718
28 45 4978 173
28 63 31127 368
28 59 9757 282
28 87 13265 134
28 85 14906 29
28 57 5256 25
28 80 6901 387
28 20 23219 493
28 84 8133 195
28 21 2234 448
28 8 6302 664
28 34 93194 266
28 88 13658 33
28 60 21169 62
28 45 71547 48
28 25 40107 30
28 26 62068 40
28 69 74487 170
28 81 171337 196
28 100 26539 70
28 30 86848 214
28 19 29928 80
28 16 16155 67
28 35 39957 57
28 75 9930 45
28 95 33657 144
28 33 13347 683
28 54 37417 55
28 51 40981 167
28 98 44774 1019
28 32 177413 420
28 68 112486 235
28 89 51203 258
28 58 61229 99
28 11 13837 416
28 30 35278 239
28 80 6240 114
28 41 69167 76
28 32 24937 226
28 93 189197 84
28 92 5636 888
28 10 32818 535
28 98 148539 265
28 50 26947 642
28 92 7582 60
28 87 31597 63
28 30 18438 99
28 77 5942 51
28 54 11577 240
28 18 64850 76
28 87 28335 48
28 45 23120 251
28 14 23462 143
28 76 19548 210
28 99 6993 252
28 18 7304 33
28 64 11526 73
28 24 53979 37
28 64 53158 166
45 22 62042 27
99 10 104946 90
63 85 18410 59
3 95 82182 52
27 39 29613 1077
6 82 8670 43
40 54 17556 147
85 77 22147 144
22 24 137542 167
77 98 6471 41
55 36 23343 423
80 97 31080 33
77 100 17018 871
76 3 14512 93
17 41 12129 749
64 38 155908 26
13 81 61803 28
10 92 68467 49
43 65 66769 25
92 44 5563 1892
85 53 32493 374
45 35 12931 85
77 50 24141 164
93 11 38644 87
77 48 22692 140
26 12 22089 71
36 21 27989 927
14 22 12139 336
66 54 41256 219
2 22 110012 98
21 9 29786 10
36 63 37905 57
55 20 68493 85
97 18 16142 64
21 17 68273 140
10 13 81241 111
40 35 22542 253
41 64 65958 604
19 87 121993 243
52 5 18402 2482
56 19 12333 73
3 38 120282 797
6 40 2925 259
14 3 1614 38
23 48 62682 157
67 27 11024 60
61 44 20482 336
99 45 165050 61
2 23 10579 27
51 19 44555 207
64 100 4204 139
49 67 22840 346
95 51 46355 108
12 65 59871 120
81 72 10254 24
63 66 18379 468
9 29 3368 217
61 33 22183 375
3 44 57205 76
10 21 62727 41
13 71 21447 94
94 79 57487 5
51 89 32750 15
56 26 2037 95
55 90 27580 218
84 91 46654 165
61 59 6950 159
24 61 13614 59
60 7 18852 327
54 93 46830 258
51 69 36602 123
80 94 23609 287
64 41 4931 88
98 29 54152 54
61 88 20107 254
100 66 66095 204
89 27 18594 63
38 95 40722 132
88 42 19497 58
35 65 6298 145
88 86 23200 12
54 18 5843 24
44 11 17288 135
22 84 5506 52
26 79 2004 122
88 70 15655 327
27 89 20357 185
13 21 34012 328
96 37 110835 141
18 97 10811 53
4 94 4795 380
65 42 6348 92
36 42 73065 200
31 63 23676 251
17 31 29972 31
29 76 9433 452
82 13 27216 218
60 49 20679 96
61 42 38674 15
84 21 8624 51
41 35 1245 57
61 30 76379 111
43 82 26094 124
56 28 4675 66
82 62 9669 28
75 80 55273 247
66 63 31128 234
28 29 20180 96
35 73 4575 630
27 76 8751 293
76 8 28285 132
77 96 12344 1154
18 11 39535 73
32 45 32787 45
42 1 112349 529
74 69 29938 243
70 83 43690 44
98 33 16439 66
19 20 6552 227
31 65 38534 51
79 86 15095 520
57 88 70435 134
29 47 16502 50
38 69 141311 89
63 39 10994 376
8 26 5668 273
99 21 57493 529
32 48 5879 18
69 38 122261 497
3 53 21277 78
32 7 41359 255
79 8 29394 85
78 68 38045 246
19 60 61372 50
3 57 27428 53
89 65 88298 73
43 55 34947 327
76 77 14886 106
8 56 13638 322
10 19 6644 106
34 84 13221 99
94 84 1382 68
8 98 25345 733
92 1 20776 192
56 76 60671 29
51 99 9269 89
15 75 20680 140
27 83 10702 240
47 21 100767 219
96 63 38768 114
7 54 88873 381
28 5 5857 499
78 33 45027 97
46 80 59572 143
94 100 12661 141
18 62 41023 219
36 16 18576 775
78 46 18375 102
52 61 10477 162
14 33 4987 69
61 82 90841 197
72 74 22752 162
62 9 82751 263
94 78 25351 20
28 96 96874 294
34 35 47430 153
85 47 4231 147
13 96 18329 55
90 94 5066 272
100 93 8894 431
69 71 80588 40
13 79 69086 542
13 39 81940 88
18 50 42803 82
2 11 33940 97
17 85 44486 39
12 20 7916 145
76 37 19824 52
25 1 10115 98
90 96 79806 16
17 1 17166 69
50 6 35598 133
47 72 13311 12
40 80 1746 51
97 5 28745 159
22 45 18655 35
48 23 196146 26
5 48 11117 232
31 61 8134 110
85 9 24554 15
22 7 5777 595
73 43 24140 1033
12 49 70580 303
59 65 22387 111
97 92 35457 126
37 57 20798 87
8 36 13841 197
16 72 36702 784
37 59 13551 486
78 65 49033 428
99 51 38425 231
56 62 26466 343
85 6 44513 308
1 88 26096 165
20 15 6457 57
66 38 245962 427
27 31 29981 205
1 61 18975 410
60 83 92833 95
54 71 24405 174
13 97 20235 379
44 73 18297 38
6 11 8745 147
54 17 97313 11
47 81 18165 917
87 73 38885 145
89 53 33193 675
51 100 4086 799
23 81 21551 23
17 57 6737 485
7 47 48966 238
97 99 81567 249
55 7 3084 786
35 26 11567 60
35 33 25258 583
54 10 16154 74
27 55 27544 196
79 27 12832 378
28 61 30984 78
17 98 14101 120
76 100 10899 297
2 41 7247 246
65 94 5311 548
46 7 13357 59
93 64 25464 16
22 34 92979 649
38 56 21301 43
34 74 73034 94
44 96 21279 433
17 72 10853 48
95 97 13537 305
49 25 13656 171
81 66 6131 109
33 92 115390 79
81 28 14925 142
1 35 32184 237
5 78 29528 17
61 11 51515 86
1 32 13495 133
8 68 60403 108
74 77 52492 1046
14 46 13133 127
56 45 37379 203
59 91 27607 40
95 24 13983 38
16 57 4151 940
99 62 4246 831
41 11 15202 55
22 96 14781 67
3 54 31061 877
65 25 4739 363
90 70 28057 133
5 9 29501 49
85 24 9529 52
81 51 15099 255
30 90 8385 124
63 93 1924 1197
68 61 2955 132
24 69 24539 87
15 52 11901 128
6 59 62642 13
55 87 12291 632
84 76 45074 87
95 18 30625 41
67 1 3198 42
85 52 10494 1114
1 93 6556 283
70 14 68335 100
82 18 10228 27
31 55 18906 323
70 41 18946 1195
45 68 10572 850
63 34 41257 40
60 61 10790 40
13 67 71161 317
39 70 33508 263
47 80 145236 182
31 45 18153 130
54 36 1106 722
3 36 16025 133
49 76 17702 59
69 7 17625 488
37 36 57680 24
29 95 21155 39
31 13 3788 111
62 43 12106 190
35 85 34512 142
66 89 48661 38
45 53 18504 145
92 69 23146 212
64 85 20976 505
48 81 13264 94
93 10 6804 110
33 11 39396 71
72 91 2830 340
56 37 5517 60
29 70 29479 29
99 34 6666 226
67 32 84129 74
1 92 1873 136
41 56 31587 140
82 85 96070 18
11 97 73318 273
48 66 31022 354
17 90 54185 205
74 92 7869 171
12 19 16710 251
30 32 102384 128
80 31 8550 207
14 75 15890 154
69 72 20761 232
58 75 4087 324
16 43 29048 3589
60 25 13242 332
97 72 1618 260
47 5 8447 702
88 18 54183 530
100 44 8197 184
56 80 5412 118
7 9 2114 120
75 26 9162 236
20 25 50652 50
45 28 13601 514
15 100 20432 134
34 64 227594 16
61 64 21594 907
25 18 143544 709
83 99 39851 103
43 85 14344 179
12 14 48133 91
50 61 2277 173
82 10 48960 292
3 30 35357 144
8 18 65797 105
96 65 90465 88
23 1 78070 91
23 67 11029 161
79 49 5593 15
33 60 43376 114
58 96 33345 103
26 4 12589 145
89 40 26196 20
25 4 11703 22
71 28 33598 12
96 46 165512 79
11 22 23213 82
74 11 37656 372
40 30 15035 187
4 75 37225 273
20 100 91879 68
21 79 9095 79
11 90 17035 60
59 90 10267 777
84 20 40172 1061
77 67 10378 28
8 17 164326 41
97 57 25464 151
6 30 12560 54
28 97 16865 173
76 48 10578 49
26 30 69091 469
53 34 14532 317
92 33 16987 82
6 96 15721 214
72 97 39794 860
66 9 26851 63
38 59 106437 502
63 67 32424 127
5 1 48560 65
17 94 35420 657
3 84 13095 51
22 87 18932 65
7 34 95511 157
62 15 4458 321
55 59 51347 26
15 77 36113 123
43 49 24163 368
58 68 76173 25
86 98 21572 80
45 87 28479 47
2 90 13385 44
2 7 1736 406
60 52 13946 178
23 32 24220 23
99 83 40351 84
4 86 9623 238
63 20 72592 560
82 84 10771 79
97 8 15342 147
14 83 1520 649
28 208
61 288
17 549
11 195
100 866
45 520

44024603
