100 499 3 3
96 5 6772 143
96 2 3995 134
96 35 23374 592
96 58 47741 85
96 43 2554 366
96 94 10465 19
96 94 88679 209
96 66 70302 105
96 1 2619 105
96 93 12244 169
96 91 8247 142
96 46 29672 620
96 40 23171 32
96 50 17846 577
96 1 16247 3683
96 28 36470 155
96 87 7359 100
96 7 12538 94
96 3 16702 435
96 93 23786 73
96 86 12644 65
96 89 136539 101
96 63 73181 497
96 74 15005 162
96 70 26525 103
96 71 35743 271
96 2 2943 411
96 14 11745 117
96 33 24614 149
96 86 26484 88
96 87 69808 20
96 69 19043 592
96 16 33988 33
96 89 20664 1321
96 28 84810 451
96 60 33222 203
96 3 3566 424
96 20 10376 138
96 31 2334 70
96 21 22770 89
96 9 20024 84
96 88 3888 101
96 97 52198 150
96 52 6284 103
96 97 34298 124
96 64 17497 146
96 27 37387 348
96 30 23069 274
96 62 17493 21
96 76 76788 299
96 77 56487 22
96 54 8775 226
96 57 13810 30
96 95 26189 449
96 1 66131 568
96 75 72846 422
96 14 136214 483
96 87 8990 39
96 27 66549 63
96 19 31742 59
96 73 126044 88
96 55 26264 256
96 89 32843 175
96 72 50078 313
96 87 6231 219
96 14 5507 321
96 79 2805 133
96 43 5414 122
96 85 124340 31
96 37 21253 315
96 97 61066 350
96 16 255710 24
96 44 9307 1612
96 28 75564 34
96 70 18325 279
96 97 27929 528
96 15 31718 1140
96 34 7655 566
96 3 11184 128
96 39 9392 1947
96 84 128381 958
96 44 2544 42
96 17 19340 191
96 35 59555 807
96 32 5729 173
96 51 102550 465
96 65 12710 363
96 67 85752 394
96 47 28092 118
96 70 18714 40
96 52 31276 68
96 93 33414 248
96 22 127907 124
96 55 91504 264
96 38 50628 72
96 23 32651 200
96 20 19208 891
96 56 54033 489
96 87 33575 475
2 16 25665 424
91 75 4399 331
18 44 12649 58
51 12 97995 304
6 71 15325 34
24 79 14037 68
95 42 3652 112
63 31 17968 127
82 86 10126 442
55 65 14705 99
4 43 19337 149
25 4 30721 798
35 92 8636 550
56 63 176908 590
39 67 26244 148
20 71 77171 139
3 55 5528 2214
22 90 15422 111
76 40 18622 140
51 72 140586 705
84 89 36971 176
41 61 10569 592
15 16 12891 101
92 97 12927 331
10 12 17354 536
11 40 11624 156
3 73 36265 504
8 13 3622 18
8 19 16058 446
91 9 25703 13
55 51 5862 396
20 67 117405 330
99 67 2799 60
88 14 22279 160
14 85 101919 506
68 45 23372 6282
16 8 31226 65
58 61 13864 202
20 78 33354 239
86 56 3392 249
4 38 41358 302
13 5 18646 149
45 41 14400 203
32 41 7701 99
58 47 7959 97
15 47 41595 447
9 29 88819 221
90 45 29150 222
41 57 27939 108
3 51 80674 138
72 61 8779 423
85 55 13618 161
97 75 22962 339
77 34 40019 42
51 46 60263 162
69 99 2107 658
21 52 5889 17
78 60 10977 280
53 11 17427 19
97 11 34793 62
10 99 20342 155
73 91 13225 426
44 97 45149 193
39 91 77977 128
84 40 60658 71
97 91 5231 192
68 14 67083 13
46 95 73180 153
27 10 30904 96
74 11 23464 483
36 45 13945 366
37 9 25282 141
2 70 33261 186
78 81 20079 98
39 69 22381 186
64 72 32273 162
69 100 80802 209
2 19 38796 67
46 91 72351 77
72 88 22545 50
23 41 4793 29
66 61 10981 84
53 7 12006 158
92 5 4185 284
56 54 9814 206
70 3 36706 94
56 42 6277 599
14 28 197343 151
83 75 40935 18
25 70 12325 14
82 33 72338 361
31 62 40927 290
89 3 150392 240
15 70 35045 342
84 44 22838 189
42 5 28793 171
100 2 12939 29
22 56 60277 114
82 25 21948 515
90 79 34236 149
45 77 61845 474
44 31 4533 127
61 14 8096 100
66 23 7321 49
49 72 8726 188
91 14 4973 181
35 56 17090 44
65 25 11089 246
54 86 40370 58
91 46 9112 389
26 39 16906 17
82 58 32438 60
89 98 44823 352
100 72 19092 253
56 35 21301 337
71 15 21675 10
98 59 14160 724
41 21 13433 585
10 40 4297 63
12 48 21091 205
34 87 16853 191
63 83 85603 92
13 92 17285 100
74 81 18140 135
61 48 10786 1815
77 41 7642 33
5 95 8958 356
43 37 29475 251
55 75 15996 476
94 93 244467 840
75 25 3370 107
3 81 25370 82
12 89 29481 117
81 56 42452 131
21 100 18251 114
54 39 46036 50
66 19 13827 84
81 36 29909 50
39 53 22713 579
21 51 23050 95
90 1 28406 128
50 52 13245 43
4 78 4304 37
57 64 15353 577
94 1 71239 89
81 68 45413 1130
49 27 57480 76
71 91 61699 19
67 95 55859 366
40 34 161466 172
40 4 8325 91
30 85 15238 164
59 12 12543 41
91 4 36710 312
72 75 26121 36
26 52 30841 331
78 86 17123 644
42 76 22198 216
60 57 359012 179
42 86 43811 535
17 70 3811 302
47 26 26130 26
63 21 80687 300
14 55 25661 81
41 67 30460 97
90 67 7597 142
73 33 44120 61
56 61 24257 39
86 53 33511 67
36 73 16124 577
92 47 11839 140
26 99 20456 1744
78 45 4991 353
91 27 35626 983
94 100 7899 1542
33 46 37010 281
34 82 12082 429
47 60 149164 400
44 100 27333 554
51 2 23285 145
86 9 3627 178
29 80 61170 140
72 23 75288 417
3 32 10085 42
47 29 20957 704
32 87 53590 331
10 78 15252 127
88 100 27640 182
70 76 49354 136
19 60 2604 197
45 7 17897 120
12 67 2886 76
62 18 162810 198
15 7 79071 152
69 38 31789 67
47 90 10993 25
16 62 9021 106
81 50 27353 116
75 97 41030 62
94 30 36591 37
8 29 37324 216
58 3 81218 167
50 59 11007 59
49 79 35161 46
3 47 69466 440
19 8 21870 533
35 6 22514 156
40 8 23144 419
74 96 13183 125
14 90 12184 107
72 57 17587 28
9 17 8246 30
29 12 28175 450
34 59 6068 285
93 83 2518 216
98 20 16013 206
74 58 16977 284
58 46 47012 155
81 10 13359 198
10 39 30084 50
93 61 8908 37
24 1 48710 36
73 71 13891 120
38 18 5879 98
78 67 4182 329
13 12 17502 75
48 57 8214 9
88 54 90971 323
78 17 15785 84
42 47 28247 82
34 56 33389 194
85 66 67744 73
58 37 12090 40
28 50 43157 144
2 98 31151 75
84 93 82468 127
46 53 22611 33
77 49 3544 47
8 52 20943 46
9 24 13589 72
10 98 73262 121
72 98 9676 79
21 99 12745 79
32 30 143688 220
77 57 11159 112
28 53 18161 1465
2 31 6209 279
67 47 25053 94
1 17 69841 383
64 92 105912 95
97 30 23383 25
21 58 53385 140
5 79 11227 321
2 10 7197 166
57 65 8507 195
57 34 49302 85
54 71 5429 135
99 60 27238 36
96 12 10568 451
13 59 11587 138
93 29 97514 30
100 19 5435 495
22 10 62969 176
99 34 350576 135
89 37 15789 515
15 25 112908 89
69 75 14536 183
98 8 4852 103
70 23 17181 746
47 24 35012 121
72 43 24939 24
20 65 31436 66
80 73 6412 141
8 51 6675 383
7 68 23914 161
22 47 16686 39
62 33 26226 363
51 26 12118 510
39 57 7057 103
20 25 15335 789
45 26 47276 73
19 95 10699 379
82 84 71231 79
1 81 12657 72
55 60 23767 223
23 79 36587 130
78 12 59598 20
18 27 30474 82
9 69 38378 172
38 40 16775 40
4 64 63966 54
10 68 51912 70
41 17 26082 780
99 33 19849 79
15 63 4222 141
67 10 50534 279
43 54 34839 27
31 83 63004 43
2 27 14235 1043
47 23 51648 355
75 53 53433 68
87 75 85856 176
20 62 50101 451
92 64 8552 204
27 2 21370 40
72 59 4812 280
36 67 108619 2265
2 43 44261 26
80 31 55217 185
93 25 32334 49
97 13 58287 283
51 43 18634 73
72 46 3996 91
20 95 13159 72
7 37 3627 55
94 35 23205 86
69 66 42073 84
8 68 23580 61
31 93 38545 112
62 65 21439 91
92 83 54173 270
67 62 6212 154
9 68 16015 50
99 32 10481 194
15 48 3203 108
52 77 3037 331
85 28 26231 135
21 83 15114 48
59 9 13632 293
86 94 16902 206
25 96 25682 733
12 74 38731 138
89 90 7999 201
61 66 20711 81
43 21 97264 688
27 52 12691 640
4 28 3741 165
19 21 52088 442
33 36 18274 108
50 75 18670 304
67 38 7551 119
47 17 29176 114
36 66 4972 182
30 97 3720 212
2 62 8844 127
97 41 14321 242
72 2 16260 40
27 40 15465 296
22 7 6040 39
93 1 19105 380
47 92 29136 84
71 82 90220 104
68 31 13890 129
38 21 9084 145
83 69 7062 47
7 28 2629 824
99 51 13536 47
60 37 37919 27
75 10 175549 120
80 47 20332 798
11 13 59632 137
52 32 27864 144
27 12 39330 190
9 8 16663 113
94 12 28004 254
6 65 42123 690
97 36 18038 502
4 68 22399 135
70 22 34731 218
76 19 25378 1290
92 60 89573 76
47 79 24348 1202
5 42 7683 153
67 8 132980 124
45 37 6493 108
50 29 45627 27
56 38 9592 188
12 93 9127 184
100 36 91832 937
79 41 9976 249
25 93 30544 548
98 19 43811 149
8 77 33063 86
15 59 22786 121
92 13 40686 245
59 68 148551 345
1 35 73971 161
77 45 5949 148
94 54 51037 478
29 92 46593 483
92 71 47340 810
37 69 15124 110
45 29 29825 114
5 7 501006 183
46 11 20902 42
70 53 6105 308
71 36 13330 136
51 19 7552 38
45 50 9387 28
28 100 25762 29
96 500
72 120
47 153
75 124
67 853
12 104

22093979
