100 499 3 3
74 4 15289 69
74 17 75374 48
74 36 50740 147
74 26 42931 107
74 60 45748 184
74 9 2918 292
74 53 54243 80
74 73 96233 281
74 40 55926 437
74 95 43077 26
74 18 16701 199
74 71 42418 256
74 17 41135 180
74 43 29875 311
74 33 20246 28
74 59 21282 111
74 26 9050 497
74 34 21531 379
74 56 30814 59
74 40 142232 41
74 24 31543 29
74 35 108180 319
74 2 67900 208
74 72 95964 126
74 67 3210 45
74 97 26550 989
74 49 19364 83
74 34 73182 21
74 90 4226 30
74 77 6788 39
74 33 44303 22
74 19 63039 9
74 59 54333 38
74 32 19798 1419
74 20 22684 95
74 54 7531 87
74 81 38349 216
74 12 35012 266
74 13 6884 196
74 50 17669 73
74 94 1721 497
74 17 286215 69
74 48 13820 145
74 97 29932 77
74 24 42126 51
74 56 37067 484
74 53 86185 148
74 97 6407 45
74 25 10095 36
74 80 35891 85
74 48 70839 48
74 18 5812 131
74 87 5228 150
74 73 20398 140
74 36 26882 1227
74 71 83353 136
74 79 35767 11
74 67 19466 613
74 4 39939 77
74 45 9179 16
74 48 8958 62
74 70 44075 119
74 27 8817 756
74 21 11075 78
74 79 44240 101
74 8 49084 472
74 43 16546 11
74 5 51752 97
74 64 12761 238
74 56 81697 108
74 16 99908 27
74 48 60888 193
74 34 63958 93
74 21 8808 247
74 77 22203 232
74 76 10653 95
74 61 32963 40
74 87 170105 858
74 67 26332 665
74 64 49606 56
74 5 8651 135
74 33 19739 23
74 21 9993 1698
74 11 18478 88
74 63 14598 241
74 94 16436 178
74 38 19307 253
74 54 8716 21
74 72 23918 31
74 72 19299 228
74 81 11208 214
74 45 55113 259
74 25 14630 236
74 86 21455 154
74 65 7719 104
74 11 11348 180
74 63 28030 81
74 73 99367 42
74 34 15136 90
73 80 10943 44
38 89 18084 232
91 42 38392 72
98 36 205267 42
60 90 21862 1177
71 2 10887 205
78 12 22148 90
83 16 12352 126
13 16 11902 674
21 58 10440 10
47 82 19477 276
66 91 29329 17
97 24 47931 35
85 76 26807 68
76 67 70911 138
47 62 90380 63
76 61 15254 136
66 33 15363 94
54 58 19513 33
58 1 22836 116
19 22 13759 808
96 3 7020 506
38 52 31720 213
20 73 21936 317
23 94 28339 112
48 36 6754 97
79 42 26123 63
89 82 22717 127
29 55 16524 679
96 25 83300 81
63 60 99910 188
41 14 36245 77
81 12 48488 67
71 53 7144 81
63 75 21768 87
5 50 7722 262
84 60 161764 113
2 4 81492 118
5 70 38045 142
64 21 21691 369
66 70 93618 420
90 25 26983 81
42 54 17108 96
63 5 19033 229
1 100 32611 307
3 2 51412 212
36 73 25052 92
96 67 14666 347
18 84 30626 85
74 30 13242 134
31 8 9469 50
95 62 44931 245
85 5 39841 42
42 31 3469 139
94 3 4788 230
29 53 6399 55
26 88 10997 274
44 18 34385 155
37 71 24781 31
27 14 75687 199
14 53 15576 390
55 64 25808 51
42 83 4388 32
99 10 48310 214
66 60 13621 141
56 98 5585 623
10 94 129110 29
26 36 19560 258
80 43 8376 42
20 34 22350 109
86 57 181167 92
7 85 13519 473
66 8 11328 72
47 67 9320 663
31 39 13262 102
53 9 35776 313
5 85 9755 1407
47 91 370 63
10 92 9110 234
22 99 15519 74
30 47 22542 51
14 47 1773 115
5 92 12072 213
82 29 19247 304
39 27 12358 233
90 86 38113 317
53 23 3634 28
58 51 59804 556
31 50 25709 819
84 38 35487 91
10 95 32838 95
57 44 63190 325
79 28 78088 78
58 26 14975 271
88 44 25897 91
16 71 31452 163
61 56 16270 84
42 20 13351 339
62 78 82879 194
24 81 17745 93
18 20 31456 36
70 67 311405 93
64 2 34986 171
95 72 32085 31
4 91 208748 100
60 10 42663 217
5 30 3946 242
60 67 15473 129
59 49 33663 354
41 30 50002 39
9 71 6876 92
15 61 23771 798
30 7 24894 54
85 89 31917 131
69 77 33265 712
7 80 3685 39
17 70 3033 182
56 46 5769 194
7 38 206012 319
43 21 48340 241
55 75 15436 60
47 98 109446 79
69 82 21452 18
35 75 7870 511
76 53 75019 121
79 6 18675 181
36 68 31762 227
1 81 5179 1466
60 25 21595 44
19 11 22962 8
49 29 46600 357
17 69 33308 561
5 35 13689 858
98 42 15106 84
97 23 37562 168
31 5 47713 71
83 3 15601 67
39 64 79440 274
15 36 16425 172
60 17 1866 226
4 100 1180 64
92 62 19321 66
13 77 12985 127
53 65 5591 254
50 64 18237 57
54 69 20759 52
13 58 13798 206
62 83 22606 63
99 41 6431 197
31 16 58405 242
45 25 11826 45
98 54 53519 1139
91 40 23728 138
85 42 3431 75
93 58 176897 42
2 83 58453 84
28 3 13436 174
46 38 18868 60
4 20 41599 105
52 8 61399 358
90 22 10692 45
38 50 17184 40
74 22 116810 59
73 50 590285 449
32 29 42757 26
85 41 50868 766
72 16 43072 253
9 21 27713 230
99 36 12468 150
34 26 13645 344
61 10 9901 88
55 77 140948 220
72 9 12406 145
57 54 39536 391
82 20 9593 330
42 61 43838 75
21 77 10615 59
55 15 27827 90
75 5 15070 34
23 31 13846 81
96 34 27734 136
12 86 258112 13
1 79 10211 174
37 19 78360 154
5 74 26676 184
68 31 62952 346
60 77 32763 13
27 31 43225 80
66 6 6565 118
29 48 2990 34
70 28 9843 175
14 76 11466 92
1 11 20224 56
78 40 44874 455
23 4 19847 31
43 17 3543 68
36 67 24624 123
12 4 12947 25
88 53 64318 18
29 30 31905 29
65 32 39699 228
5 64 230920 768
95 74 10238 154
55 4 53268 18
91 26 49372 59
51 41 4514 195
39 58 4787 69
21 96 39497 545
15 92 6296 90
58 59 34504 240
98 58 64257 39
55 71 22154 234
41 84 26881 75
85 86 24827 183
98 3 46784 446
23 88 8302 28
48 91 33567 33
28 57 26517 42
72 85 117127 1091
96 40 152847 190
17 54 29619 147
79 84 44910 364
90 45 11033 83
47 100 12703 256
75 94 19972 1583
45 13 69312 202
43 58 84751 250
57 63 22251 734
80 92 84807 50
37 26 114272 116
22 42 8255 154
65 30 8583 273
40 28 8003 37
9 1 8507 57
58 42 10579 104
45 79 17158 40
97 43 24697 21
66 93 6261 191
44 23 13870 176
16 82 40216 156
73 89 13012 88
80 14 17276 421
94 2 34897 85
68 7 134711 251
93 91 8520 228
72 93 34784 1065
44 76 5115 24
97 15 31414 48
91 56 145231 55
47 46 68060 454
43 52 13252 74
4 79 17878 265
10 36 25726 107
23 99 5340 156
63 99 2373 138
52 40 10962 1021
59 12 20272 139
60 63 24633 63
81 73 11803 144
31 29 3805 234
66 29 80124 326
43 16 286808 241
33 51 10385 97
82 77 40043 147
97 73 7521 371
72 96 3470 185
36 30 54399 174
88 95 9837 29
35 94 100759 138
70 30 68946 145
88 33 146426 53
44 21 115257 307
11 83 17677 49
92 9 44978 272
24 6 18611 415
34 12 73766 76
97 76 5628 204
16 29 82846 79
29 63 30471 71
36 56 7082 118
10 38 11261 109
94 19 13701 602
59 80 15047 275
69 3 214121 145
42 64 48489 617
13 29 22505 58
28 51 203913 74
53 1 18812 96
87 69 15563 71
69 27 37682 124
42 59 26852 127
89 69 9435 327
40 34 25648 219
69 86 9643 70
79 88 19591 75
15 41 4571 163
13 48 7328 174
14 59 9235 49
37 31 19493 283
4 93 40727 77
28 85 27315 182
87 79 23458 126
57 33 23426 37
77 40 8221 120
28 83 27949 117
70 71 14526 35
29 95 45161 230
17 12 3863 81
36 69 14361 122
61 7 12682 25
98 72 27618 34
80 40 28829 56
34 40 102395 52
89 45 12223 157
75 40 24744 203
38 72 53045 63
5 14 6419 178
97 99 51031 114
95 100 156414 172
58 69 3416 76
80 3 5578 2389
49 58 9007 289
60 33 42849 143
36 93 12663 68
84 32 47578 24
84 79 16220 53
43 85 50720 597
84 52 118816 494
16 37 867 49
36 59 69322 43
28 36 83680 148
18 78 932 285
98 74 48672 340
66 56 27236 161
60 99 32908 203
4 19 11253 197
93 45 69064 73
61 93 18596 178
18 36 59431 71
97 87 77820 41
4 88 19590 129
86 30 372397 37
22 75 88856 132
69 90 12419 136
9 39 14716 2294
8 63 60557 876
73 12 18498 89
68 53 62768 33
60 87 4318 73
68 52 10684 141
21 86 31142 115
54 39 12660 39
5 67 47432 94
82 90 291277 48
78 1 9571 80
69 38 69600 2735
51 99 43152 74
15 85 1628 462
59 89 28488 405
57 30 25960 52
66 11 19269 75
7 16 70651 205
22 32 91839 180
5 34 9732 27
22 58 18975 120
82 15 33012 188
91 58 65182 79
49 72 30540 57
65 33 18292 48
35 23 140877 32
82 76 28677 592
25 17 12137 259
32 91 31309 169
52 66 22101 45
75 11 24073 205
56 19 49294 174
41 99 6835 491
57 73 24230 114
34 63 16043 190
26 69 11432 13
3 22 16936 504
7 9 13794 169
74 44 18702 52
84 90 24197 257
47 66 28840 215
8 46 5170 128
52 58 3014 562
78 24 75669 704
52 83 2409 433
15 10 50862 348
26 81 6444 103
79 63 153722 149
34 23 13973 107
49 42 24594 97
29 89 71333 123
89 100 12997 166
70 56 4992 68
98 57 21999 20
46 11 38724 111
13 32 11796 743
74 1938
5 132
66 110
58 109
67 1586
40 963

59572832
