100 499 3 3
16 40 52562 250
16 22 24700 54
16 14 26716 52
16 60 16641 55
16 29 47066 180
16 78 51348 115
16 70 7070 345
16 21 22548 700
16 6 7791 259
16 66 48373 433
16 3 15126 165
16 17 5384 330
16 40 3635 126
16 77 10825 140
16 94 38506 35
16 28 31068 315
16 3 17762 398
16 56 38449 41
16 46 1249 84
16 50 30365 42
16 22 35299 517
16 26 23918 55
16 37 95726 465
16 50 39263 7
16 56 47887 68
16 62 11729 1327
16 48 8074 190
16 32 12748 1180
16 87 17563 205
16 25 6348 178
16 14 14825 229
16 1 39549 118
16 24 16872 40
16 18 56096 63
16 100 4875 261
16 43 17285 320
16 93 177982 867
16 23 2343 403
16 48 27100 156
16 95 36003 27
16 66 29101 85
16 66 61674 99
16 85 13646 305
16 30 13786 82
16 30 14502 71
16 79 26059 437
16 23 5346 70
16 96 19993 349
16 80 5632 1069
16 44 68729 11
16 14 19252 216
16 35 28721 184
16 63 9065 635
16 9 97673 302
16 75 7270 84
16 8 21159 289
16 34 52623 435
16 34 168757 430
16 88 6673 38
16 30 46767 120
16 84 10672 175
16 90 21193 85
16 20 20076 109
16 100 8570 114
16 69 5275 250
16 15 11461 390
16 58 33716 139
16 3 40133 592
16 51 5482 233
16 44 40869 168
16 20 14710 1407
16 21 9477 83
16 32 8454 384
16 11 3892 386
16 47 2043 200
16 36 16614 320
16 59 32517 35
16 82 18248 272
16 43 91077 88
16 69 197065 836
16 70 126539 414
16 46 8422 222
16 74 60246 130
16 37 72649 322
16 86 17381 166
16 95 23408 43
16 30 32662 82
16 20 16952 153
16 67 5882 91
16 57 9361 231
16 87 68806 269
16 49 45863 51
16 6 102318 30
16 29 23029 112
16 5 18888 302
16 100 12345 384
16 22 4996 451
16 91 34438 36
16 53 1876 106
54 92 5710 303
20 75 64359 480
59 46 7051 213
15 11 20121 485
39 78 71840 88
5 65 14288 245
60 3 105234 128
45 48 21340 18
96 87 26102 165
44 76 2987 665
93 50 74425 109
17 97 19376 34
68 51 14003 405
37 9 74331 112
23 82 81089 106
70 82 13349 89
69 16 12222 264
60 88 5982 93
2 67 25679 468
94 14 54701 79
92 3 18321 269
28 10 21248 294
58 37 12129 169
23 75 6397 468
58 14 15071 70
72 98 41663 165
43 99 58103 17
21 90 62842 75
13 80 7794 22
50 55 18390 56
86 54 3515 373
76 97 10246 294
81 89 49497 3159
11 68 6379 43
50 54 185135 232
10 63 10823 209
69 30 5701 227
76 82 16612 123
98 14 84337 203
40 25 5746 77
19 35 11989 213
72 7 37632 387
38 77 11997 38
87 82 89744 216
57 74 12693 128
31 82 18227 32
1 51 69766 332
76 86 27417 128
26 89 41775 150
92 69 84894 501
37 62 62014 106
40 47 12562 380
15 2 170341 376
91 36 42866 109
77 92 3006 117
84 21 176874 206
61 17 23104 40
2 34 56966 152
42 27 73831 83
29 58 61930 236
5 42 4076 1275
73 53 8121 16
14 69 59914 148
23 8 61261 271
69 77 126331 132
83 96 17819 105
2 30 11895 390
38 93 44416 133
65 31 61435 184
10 66 18545 62
58 19 93830 210
87 84 14272 223
20 39 8195 2454
42 88 23723 248
97 39 10319 161
10 68 10784 41
47 11 28448 114
48 37 5219 144
19 29 4623 226
81 87 10888 627
5 15 122414 482
98 41 36096 501
94 22 9035 457
13 92 46845 88
81 83 6650 572
61 65 11326 185
4 46 12580 448
32 8 48528 310
91 54 67062 238
38 3 4683 9
14 97 8457 72
17 66 47643 160
40 30 1931 67
29 40 23572 163
22 26 11290 951
4 18 16275 86
23 89 21214 76
76 96 10589 90
35 44 59957 191
96 37 50215 141
11 79 68471 323
6 67 89580 142
26 44 22206 31
99 17 7159 43
53 17 37577 228
96 9 16806 40
44 19 2072 47
9 96 7813 61
20 26 28948 1039
76 1 70170 24
37 4 14394 33
58 66 12931 134
41 74 12161 72
8 81 11749 33
23 9 103388 238
36 70 79110 83
1 33 26629 406
26 12 1914 3416
67 2 12115 50
34 85 132979 124
85 97 50085 112
7 3 763 9
20 56 24412 55
13 2 33082 678
66 16 109545 43
73 21 21340 308
49 33 35954 81
45 52 58422 146
22 66 13882 382
48 9 18959 77
92 81 13014 283
71 89 7897 367
58 41 61220 109
77 38 4458 196
95 24 13812 363
22 98 50622 93
97 37 75223 192
24 6 11277 84
37 51 219899 298
48 73 49164 205
83 58 6504 36
76 95 15923 236
97 58 24517 337
37 74 26311 348
31 51 11525 1511
93 54 130944 1026
29 54 11989 104
60 48 9907 2282
70 65 15677 525
42 35 7773 55
4 79 106633 59
67 94 4167 388
32 14 12605 129
88 95 34542 323
89 67 4521 806
38 9 7537 37
60 84 68224 70
85 31 55231 85
47 16 11531 157
9 100 7651 1463
11 78 31741 80
76 70 58448 109
69 2 4709 382
85 57 8565 81
97 96 29385 151
7 4 12084 311
33 14 40049 261
46 33 29655 195
48 84 31118 131
36 13 7748 790
84 29 56979 1876
35 98 18398 61
74 98 17796 214
36 43 45239 410
98 70 36230 91
32 25 38352 184
100 16 18036 787
86 48 28980 300
2 68 15363 558
24 75 6850 80
72 55 12871 357
50 23 88787 155
58 35 75164 86
99 60 5725 286
93 23 45815 1396
74 91 4914 67
3 54 8050 172
43 81 11570 211
99 25 6588 142
90 99 3184 95
44 83 102489 75
9 90 8456 316
65 27 3892 82
47 19 109580 55
98 47 18897 78
29 34 67204 95
41 23 8869 49
97 92 24350 44
91 60 33080 348
95 16 12901 145
75 79 15543 63
5 35 16869 508
59 68 23753 58
60 25 76911 267
12 64 53392 271
71 14 25066 63
39 87 5128 6
25 6 2822 487
82 13 52973 75
68 9 17851 86
53 58 16556 329
90 38 79716 427
37 5 29767 26
79 98 15301 318
97 44 30688 28
71 5 17525 24
74 76 7655 320
7 78 47644 200
19 79 13761 492
57 66 13816 18
4 89 8844 216
82 34 29446 477
32 48 593798 84
43 40 131548 56
4 96 30388 290
6 32 38434 145
7 40 29430 155
50 92 26672 1315
97 62 15220 110
75 96 15783 128
44 38 9800 207
65 78 29737 88
48 18 27152 34
74 35 9174 203
95 23 26374 180
76 88 14410 124
39 2 4298 102
29 60 72266 62
94 34 23459 109
30 33 68959 169
43 79 78428 131
32 87 46240 311
58 39 53417 43
50 89 12226 88
94 55 18665 56
60 36 23698 15
37 93 15337 72
97 43 45662 167
21 1 74145 169
39 45 17469 506
62 45 7021 53
51 23 21343 128
54 74 34141 156
38 100 2630 43
26 16 11974 253
4 23 8277 849
79 94 27634 31
70 94 28975 147
22 68 33168 784
98 60 2733 56
89 58 17473 161
65 25 7298 1945
19 95 82358 78
15 58 11926 56
33 99 50711 45
72 30 63605 142
82 26 49383 62
76 29 16035 245
48 74 8612 68
19 32 10558 142
100 64 23962 729
6 25 102885 336
80 89 12449 37
46 32 163086 55
27 26 60995 59
23 69 9730 283
51 82 10448 101
13 99 58932 884
46 26 96188 69
19 24 18328 518
9 35 12010 11
50 100 50563 45
14 60 24981 234
89 71 84914 390
62 66 8115 59
83 35 9350 198
4 20 3189 129
77 6 6515 100
14 48 3039 744
79 83 40880 35
59 77 67657 179
1 58 10731 54
98 61 7119 74
21 40 16857 81
97 9 38678 361
40 42 14125 163
18 99 101434 97
84 56 42428 275
46 58 41856 124
24 77 23093 87
85 64 8271 1488
86 6 18197 291
25 94 59524 151
64 60 41257 66
2 7 20544 67
49 27 33526 128
96 11 61346 29
42 37 6283 17
56 57 75833 507
45 24 2430 145
100 95 23117 18
77 55 22268 122
72 21 34205 62
66 70 85471 126
98 51 4442 278
54 87 14175 65
86 36 109056 29
70 73 15697 249
99 40 10609 63
13 23 19377 45
62 1 3398 175
83 25 5857 66
11 25 90601 267
65 53 7942 34
44 51 59770 455
9 43 44108 217
53 49 24964 221
25 97 12592 172
12 15 30816 35
11 55 137568 212
35 88 317298 129
65 50 132988 242
17 80 19923 287
28 13 19747 232
85 90 17245 864
39 96 4801 803
54 35 43164 200
99 8 2428 48
87 30 31425 51
51 54 47767 35
25 42 38821 70
93 4 8618 198
40 19 27426 63
35 71 4176 71
81 98 24149 1362
50 52 13797 96
13 38 10068 562
26 39 21278 261
45 84 151226 116
68 29 36549 25
75 28 6778 402
46 53 39440 46
2 77 166445 69
78 94 75818 247
9 28 27153 117
44 14 42395 143
2 5 175020 43
34 30 6102 176
80 41 2771 137
6 10 9257 904
83 89 10092 228
63 93 23888 1251
86 9 22740 187
6 56 5232 66
88 16 21661 164
15 1 68869 472
6 59 4021 784
28 34 30750 213
20 61 71514 104
3 14 80076 24
53 77 23867 84
8 39 39104 116
85 94 75203 126
99 15 5732 519
89 61 30955 203
83 6 12661 192
79 100 57761 95
48 82 34955 204
42 16 25751 103
100 70 13121 1195
26 8 32534 73
83 31 21110 843
86 18 27767 262
22 82 45553 377
23 83 45533 377
50 87 5642 152
1 89 15129 265
15 29 97318 62
44 40 11257 208
55 15 12414 174
68 7 10813 152
38 83 5646 294
12 1 7789 265
71 26 10959 120
62 74 10872 48
49 69 23165 120
54 59 108619 12
34 17 39306 782
38 32 14739 130
76 83 27107 71
16 594
76 100
97 45
14 384
30 598
89 42

12098096
