100 499 3 3
56 35 2650 55
56 21 2015 456
56 18 73329 269
56 81 18038 285
56 88 70323 1268
56 83 119477 149
56 54 46043 192
56 30 33514 120
56 58 7690 44
56 36 15566 22
56 26 39212 622
56 83 4453 158
56 3 3767 147
56 29 10579 58
56 15 18253 65
56 41 17440 175
56 31 6214 504
56 72 25578 22
56 17 494383 405
56 51 16078 64
56 78 15146 28
56 96 22594 253
56 79 9478 61
56 76 17742 266
56 49 25130 182
56 39 8365 53
56 6 4316 27
56 47 16024 60
56 81 20797 266
56 41 29948 1112
56 79 17089 28
56 64 13481 128
56 88 74888 48
56 58 32702 54
56 40 50105 102
56 42 12316 263
56 95 23316 241
56 100 27062 175
56 25 44115 73
56 55 30955 253
56 72 3720 180
56 85 24029 104
56 88 5417 1018
56 42 50249 149
56 66 16432 90
56 63 6248 89
56 37 9440 818
56 71 10419 56
56 51 28088 103
56 58 7667 144
56 33 2729 471
56 14 136318 140
56 78 150223 471
56 84 24938 1060
56 18 7256 120
56 91 50007 31
56 75 12782 130
56 19 10721 138
56 71 10582 131
56 28 25076 136
56 59 31122 45
56 75 90598 953
56 14 65457 108
56 43 12080 80
56 60 9912 211
56 62 15825 58
56 96 2847 223
56 5 32570 52
56 39 52091 108
56 40 13980 598
56 66 10187 92
56 98 58065 27
56 12 28325 58
56 91 7500 88
56 17 33835 331
56 33 12298 83
56 45 12185 218
56 36 29722 130
56 71 49465 56
56 1 5113 30
56 84 67021 74
56 46 11924 233
56 98 16025 130
56 80 8365 223
56 19 77468 345
56 55 16719 34
56 66 26337 48
56 75 22955 165
56 53 51286 111
56 93 6489 127
56 77 40246 81
56 83 79467 88
56 89 6960 36
56 36 66475 144
56 94 219921 139
56 38 14458 119
56 26 13219 507
56 17 1324 49
56 96 7635 384
75 17 35818 82
37 68 18651 221
10 50 15660 264
39 66 5767 437
4 78 16665 59
59 85 43369 127
31 78 44282 486
16 60 8103 125
2 50 8474 310
8 21 29172 108
93 43 20978 88
62 96 26956 825
25 12 23594 82
30 6 20943 94
54 5 12602 386
87 48 72925 77
61 5 2869 220
68 23 2333 94
53 75 23720 469
47 49 11900 136
94 45 8730 216
99 2 14511 217
62 78 62898 59
36 70 9761 261
60 39 12161 141
66 9 6996 523
60 11 53677 207
55 45 11781 76
62 48 166144 43
74 53 15075 929
57 80 98616 23
63 90 6405 78
77 45 133851 355
30 7 9814 249
72 8 16215 100
18 61 34064 610
70 31 23953 41
64 90 144542 42
91 24 121111 50
46 43 40163 486
46 8 25283 229
37 25 78038 83
54 63 53978 97
78 56 105398 63
25 7 8877 287
14 85 7221 436
41 39 4696 411
90 97 16517 711
9 40 19491 135
73 94 169332 138
76 16 7456 32
36 14 94876 19
75 66 32702 244
83 29 48106 729
100 84 57064 95
71 32 51601 232
54 4 6936 64
37 26 31286 28
60 12 26281 85
42 7 51491 480
54 15 119246 71
58 7 134436 331
96 3 62329 42
49 93 18433 120
13 54 23247 148
77 53 51634 161
20 16 9223 1441
31 84 91725 102
89 91 14346 47
82 74 45595 90
17 45 3172 182
99 80 13365 133
65 53 57486 304
97 75 13543 44
22 38 29619 110
31 70 139963 239
19 34 37894 87
86 40 65409 234
11 9 64030 246
92 55 103050 226
12 98 84379 310
45 36 54286 294
39 52 10118 186
67 9 19205 18
28 31 34581 242
29 89 25076 234
21 97 219252 229
27 97 80251 115
88 28 8083 42
76 90 59927 264
44 88 12388 157
14 30 132165 228
33 1 34965 404
98 99 21887 286
45 26 34124 94
53 48 7654 90
96 83 6093 88
45 10 9993 76
7 68 40665 27
10 100 33546 65
94 48 40843 369
91 33 32156 172
97 65 26133 70
77 70 164391 42
98 63 106573 736
4 47 2016 371
51 12 15978 8
61 2 4155 113
87 91 16612 353
38 62 80917 201
9 70 15707 269
49 74 1950 173
34 19 33123 82
20 76 4817 122
85 98 55651 829
39 92 35010 221
46 44 185561 218
19 29 58405 317
7 25 44301 348
91 59 48339 91
76 57 33326 116
51 39 20270 100
85 90 7957 110
34 51 39965 492
95 1 8876 47
57 15 259869 161
94 73 40727 34
76 49 32077 889
91 63 6200 816
51 47 12850 53
55 9 51254 663
25 45 46024 789
5 32 45533 27
88 14 8800 1131
13 85 50074 354
32 76 14032 756
14 23 282327 185
21 64 24548 133
1 38 28168 32
32 56 6128 629
33 41 40551 182
63 95 95901 108
87 10 13394 210
47 71 5923 126
89 76 19496 56
87 98 78430 348
46 86 23736 386
40 15 55827 80
10 28 16123 23
5 93 80043 62
5 43 45270 312
42 9 31462 831
94 96 91216 704
7 78 115621 174
88 58 21457 620
41 49 2190 113
79 13 40551 113
53 11 14495 194
50 17 6419 181
91 10 16690 215
36 18 30957 226
77 59 385468 451
6 65 90672 18
99 37 29363 229
45 12 6830 57
99 77 39724 69
71 6 7988 27
70 6 3206 239
79 5 10060 16
96 49 30335 42
80 10 9623 102
23 79 39301 71
30 53 14525 187
11 82 20934 150
10 31 31005 103
11 19 26759 117
97 56 863 46
70 74 93568 77
91 42 76884 40
30 44 9696 106
17 36 12165 349
60 25 26493 931
51 53 21113 169
2 67 15436 356
38 6 31161 228
14 40 28072 11
3 18 9422 156
83 52 20472 27
50 77 7683 207
91 98 151845 53
74 22 7315 266
54 31 108452 82
65 87 19280 151
28 74 18601 182
58 60 13645 210
69 62 5829 346
72 74 4577 135
40 28 83158 65
85 47 22808 571
85 99 34521 129
65 29 8615 89
12 41 1895 364
74 80 23212 121
74 47 8813 74
38 83 2082 1127
82 7 97170 209
15 41 28968 67
58 53 2830 649
68 41 28586 67
99 52 15301 80
99 22 21892 329
78 48 35277 152
10 20 9195 106
68 62 6915 550
84 45 79386 41
7 9 48380 339
84 68 4293 190
10 86 75045 52
89 39 142423 119
28 96 22702 219
35 68 4409 169
99 51 37582 92
88 59 8058 176
45 57 17914 373
87 84 15999 36
53 99 95598 285
36 46 47933 156
41 38 84092 243
21 12 6142 91
72 35 31500 335
10 83 21188 133
99 50 18670 89
59 45 68983 660
78 66 35541 184
17 13 94575 15
41 98 52744 188
46 22 6523 1036
67 50 73673 354
42 21 55433 142
33 83 29378 327
57 25 33617 97
7 52 27382 69
95 26 51489 173
43 71 4523 95
5 31 49742 39
35 61 25739 724
46 77 41584 418
59 97 13787 121
16 42 1720 293
71 40 27335 100
19 69 29641 191
42 34 77090 1485
91 43 37323 34
46 66 17814 91
34 39 3822 59
28 61 15620 364
100 36 43918 166
33 13 13219 244
6 7 21114 30
88 44 9137 117
17 65 23351 122
3 61 117070 98
37 89 16964 66
20 30 3208 163
53 66 393481 309
100 1 15799 3557
60 100 29130 72
86 80 27750 354
2 44 7940 192
83 11 31428 31
26 61 38504 260
89 68 9707 477
30 38 34505 53
97 49 49369 92
90 33 78048 132
93 25 12010 131
50 95 24031 76
99 25 19261 324
34 40 9841 152
89 51 745074 1424
50 88 98593 46
14 44 33476 151
73 8 15088 117
43 80 20155 90
5 39 26994 38
22 52 141978 1405
72 92 43557 494
59 60 10860 81
98 79 11972 732
53 13 25799 413
38 81 53848 62
89 45 9912 342
100 86 6942 37
58 100 36445 552
8 6 8125 397
60 20 17778 815
2 32 12126 312
85 83 27544 428
33 17 15118 37
44 99 17353 157
70 89 13408 209
74 43 50505 245
76 9 14353 266
12 66 50728 519
76 36 5588 80
78 98 39554 135
86 53 25805 1033
99 7 10597 72
28 62 33334 416
52 23 49436 236
13 24 83743 122
42 94 17678 37
6 26 11075 449
65 84 18348 75
48 41 71192 604
13 56 40229 594
13 30 24236 376
100 72 16091 292
6 15 13609 701
84 17 22032 251
91 90 54436 60
82 70 15989 77
81 59 4834 439
52 34 13546 352
96 54 15361 71
96 97 35846 48
12 48 13050 85
91 6 9315 177
63 73 44929 94
89 41 28170 138
70 91 9782 431
39 73 8448 493
94 74 12125 105
71 83 28235 130
51 63 41602 125
86 76 57150 133
94 21 80599 17
19 32 12903 36
22 92 6814 116
74 62 9783 493
42 64 95496 187
23 91 60873 700
90 46 54435 48
59 2 34278 117
31 43 11457 151
28 95 10061 1132
70 58 130493 242
12 13 27074 195
40 83 9042 75
68 88 56600 155
50 89 10435 868
43 9 12528 42
74 89 25008 683
8 1 8209 51
30 56 41492 54
90 38 43912 187
17 78 20993 220
68 71 82515 101
33 93 2245 265
52 61 15539 537
17 97 35231 92
41 34 59925 152
32 97 20555 230
10 13 16746 363
35 62 25067 105
61 33 89462 102
43 96 24752 23
31 2 57369 109
91 30 24188 248
15 87 9034 98
92 75 21317 137
99 31 30675 161
39 38 64616 184
82 34 14557 49
29 61 4814 257
75 42 41250 974
70 73 12452 137
32 39 39877 352
89 11 109461 123
31 87 10071 77
42 73 25213 561
29 70 11220 34
99 43 30631 271
52 31 208132 73
43 69 17465 133
16 66 24661 1174
25 23 4233 71
52 98 17149 1268
21 30 60778 50
96 23 47074 30
73 87 11527 47
52 91 16117 354
42 4 35836 156
2 89 65379 106
8 24 12180 143
82 83 8008 92
25 2 31845 159
62 34 51049 71
92 22 12148 63
98 73 11658 156
56 198
99 48
91 11
83 39
66 210
98 10

4385570
