100 499 3 3
56 9 5323 8
56 39 58075 64
56 54 9859 618
56 63 44793 339
56 52 39750 660
56 59 33071 232
56 40 321675 86
56 21 18609 225
56 30 32304 57
56 81 43142 129
56 25 9827 46
56 29 9214 448
56 35 12937 1248
56 43 19406 102
56 85 24095 255
56 2 194460 359
56 49 20769 190
56 41 30413 81
56 87 97170 56
56 12 20168 79
56 91 7830 33
56 51 28810 157
56 83 37761 345
56 95 5511 46
56 4 32770 48
56 99 166434 280
56 53 43742 95
56 77 7701 142
56 45 12481 142
56 13 33791 119
56 48 50257 273
56 15 29611 252
56 6 14212 75
56 61 7230 121
56 19 56272 29
56 58 5111 59
56 24 46324 122
56 65 78986 89
56 74 4445 315
56 18 22241 247
56 68 148139 9
56 78 19498 63
56 89 35579 35
56 94 22719 272
56 42 17813 144
56 37 26108 46
56 50 11509 42
56 71 10250 121
56 96 13217 377
56 16 18914 73
56 97 7823 39
56 67 4900 17
56 47 15880 93
56 84 6290 267
56 5 4727 238
56 46 2852 249
56 55 12943 184
56 23 17372 69
56 34 95824 125
56 80 19530 382
56 75 26876 49
56 28 108750 237
56 62 11678 76
56 1 2283 25
56 57 149359 30
56 88 5514 273
56 100 6478 603
56 33 47955 106
56 44 70972 3599
56 14 31099 68
56 73 399408 473
56 11 49009 113
56 98 38442 1108
56 32 58689 129
56 60 1724 51
56 7 29479 250
56 69 4178 420
56 90 22949 13
56 26 169711 65
56 22 4992 72
56 82 8524 745
56 92 93927 35
56 20 12332 101
56 8 9811 344
56 72 21522 445
56 93 12434 510
56 10 8858 222
56 31 52966 413
56 64 28377 158
56 3 43449 103
56 27 21971 117
56 38 72917 64
56 86 67392 97
56 17 28904 255
56 79 60517 635
56 70 29449 750
56 76 1669 239
56 66 11295 214
56 36 24878 421
57 27 14996 280
33 23 17850 147
30 8 36993 461
47 21 5839 148
20 23 20044 38
71 57 64323 417
38 19 164836 284
59 48 36262 200
2 59 5714 117
36 19 10361 64
8 63 46182 76
25 34 4368 538
4 8 14549 3226
49 83 36469 123
10 80 58015 163
21 71 22805 247
28 51 21040 504
92 87 67857 99
42 60 267673 381
44 67 33190 103
18 66 6528 142
61 3 4042 252
68 10 106613 44
98 56 18290 90
86 45 47578 17
23 3 131269 379
39 8 14538 26
45 57 8227 37
52 89 26537 779
24 72 11200 123
45 23 7982 87
78 97 47044 348
25 87 13893 76
69 84 12153 217
66 95 69705 86
10 4 18760 90
95 27 13538 45
100 68 5618 98
60 28 36148 279
77 61 18488 310
89 52 40283 31
41 54 6066 94
20 51 43205 341
89 22 46874 36
100 60 129067 97
62 63 6596 107
31 86 39731 420
59 79 15760 306
67 39 3272 102
95 84 33474 100
34 77 22698 54
29 41 10916 98
32 10 36605 483
44 8 17681 142
97 71 20215 2802
81 89 10090 196
90 13 159595 160
40 74 7029 382
57 2 42846 337
30 88 6975 378
28 14 17597 161
50 8 27873 54
47 80 80199 79
31 25 32857 173
17 66 8317 25
48 44 23407 100
9 61 9781 148
31 27 133961 234
50 19 28762 107
37 54 18722 201
55 64 50318 298
40 82 7830 111
26 3 22535 62
16 18 37026 50
92 46 5511 304
46 60 37339 91
14 19 6971 433
70 6 19125 84
57 51 5820 17
80 93 9146 100
94 92 35117 442
94 90 7497 207
10 95 81514 154
51 50 21273 130
91 51 60730 124
94 60 142919 469
16 15 7052 201
28 93 4202 277
57 59 23148 99
77 36 8756 588
66 92 10655 45
58 70 3305 101
73 41 25213 37
54 60 18264 1016
77 84 38743 420
51 39 7438 328
19 83 24608 73
12 23 23249 27
28 31 8730 112
29 81 9649 738
51 65 6982 19
41 85 4576 549
31 73 3752 423
61 28 2492 575
52 18 4518 738
49 33 16413 41
50 94 25392 112
51 57 5156 95
8 31 343364 168
25 6 6573 257
21 70 7520 92
96 58 23468 435
98 20 15382 64
45 14 220663 144
86 58 87046 84
47 37 22597 45
84 57 8748 285
81 73 75028 98
77 81 17255 108
95 71 5423 99
88 94 18436 232
2 61 22266 18
100 10 23606 170
50 93 34768 517
75 82 129843 235
70 100 8252 221
29 27 3139 177
9 58 7485 255
58 8 162318 498
41 38 23332 360
50 21 24202 100
12 49 37108 244
94 73 17417 92
9 71 24960 594
7 60 93739 132
76 28 37030 196
71 46 27679 59
43 58 35223 102
72 94 6310 184
100 17 49172 25
8 1 3122 220
17 13 12994 65
32 28 30564 172
18 70 213716 208
71 45 9447 577
66 88 10858 125
98 9 1338 21
10 41 31814 65
17 83 12120 577
29 67 37869 875
34 72 6337 296
91 28 13675 62
90 80 23447 198
68 98 40582 100
59 74 13353 759
54 14 21625 59
84 80 19715 183
45 62 29306 253
84 78 20505 129
49 47 7363 68
100 92 64105 80
3 62 20035 152
93 36 161358 293
7 44 6403 344
90 30 42422 271
6 11 94088 516
5 59 10508 691
98 32 27806 25
53 49 2264 77
81 13 113307 381
69 45 264910 95
31 69 43734 87
23 55 2692 209
2 93 35033 251
89 36 2348 272
66 45 15591 64
94 28 135449 375
10 35 49769 56
9 39 18450 23
44 71 45777 44
11 12 45328 44
48 53 7559 81
14 80 27193 308
23 92 6303 161
77 39 14843 80
84 47 1546 557
51 74 4661 97
8 53 15173 229
93 22 74233 256
82 11 41008 238
2 58 10098 183
41 35 58511 76
97 58 69750 226
92 14 26422 495
57 4 27191 119
50 38 23884 48
8 23 23514 71
94 63 8735 214
87 20 74252 359
63 20 15358 82
98 14 24005 853
81 30 38397 209
32 48 91780 43
16 62 10610 165
10 6 29139 456
72 53 67661 470
75 71 4663 48
70 72 27457 98
41 68 24213 60
59 32 99557 204
12 52 11524 190
32 68 26561 118
88 46 37895 174
86 87 54150 71
41 37 14680 494
95 96 10977 183
55 66 20749 3314
19 20 15409 398
93 67 8994 191
32 33 5587 209
15 90 16899 51
44 68 14721 37
14 65 2677 111
29 59 10681 75
46 57 4508 25
66 100 6041 77
65 75 8222 67
78 11 10379 172
63 6 15373 99
99 48 17087 80
83 72 12135 237
38 65 66042 221
51 62 5076 441
18 57 29282 102
73 25 10464 295
84 33 11104 109
24 36 50334 157
5 11 401743 504
47 53 34037 28
88 83 72233 712
52 9 38557 58
73 21 28761 170
57 72 14740 78
63 81 37654 56
2 49 24103 51
43 84 33456 977
40 79 14193 36
36 52 13019 77
76 50 3478 54
72 91 46250 94
95 87 32928 224
72 37 10396 55
49 22 15278 118
90 95 71523 184
25 31 24091 1285
58 80 19850 264
7 55 3724 779
49 3 31123 80
66 99 10560 56
41 9 54485 40
52 53 24286 349
90 43 645 356
98 12 43625 449
27 37 33570 71
8 56 36095 483
92 76 18991 33
63 99 44273 570
92 84 21151 107
80 79 95934 39
42 44 27884 1018
43 30 3530 399
31 23 21449 128
52 60 11550 124
95 93 74721 327
100 47 28949 26
87 89 9361 83
65 57 68456 1478
35 27 19447 50
20 80 5527 177
73 75 96554 93
32 26 7246 83
22 10 10152 227
7 56 30603 556
85 57 4787 258
25 64 41339 86
17 70 24479 152
21 51 76564 122
91 35 20451 145
5 4 62952 144
80 61 23274 175
43 57 75391 21
59 20 11845 145
62 50 22635 53
26 92 16264 43
70 41 10797 37
35 62 40128 136
46 72 20661 472
46 67 12199 608
87 25 18936 525
94 68 4887 49
22 46 26811 582
18 75 30135 56
79 42 5497 404
26 22 33342 122
69 96 42126 100
98 57 28767 144
55 47 30848 47
94 81 21000 142
89 15 9984 214
67 82 129105 118
29 68 22713 41
61 12 63483 377
7 85 51975 66
40 38 7604 15
46 78 19510 711
93 19 5244 14
75 11 4294 248
34 85 58229 76
4 9 29822 136
37 36 5382 55
25 65 60599 426
55 90 8307 829
86 75 2181 296
81 39 15126 418
91 32 114382 227
36 66 29251 90
20 48 22097 176
89 4 7521 315
50 25 270204 131
48 92 61118 40
94 4 9639 297
25 44 80754 200
34 35 3007 193
73 23 12375 237
33 84 29163 34
63 18 17930 223
95 29 39307 308
36 94 18026 84
59 37 200457 18
18 93 108327 51
62 60 33631 186
44 25 49054 197
26 38 11685 177
83 94 29285 218
30 7 199540 234
7 45 10731 395
42 80 94544 205
95 63 17769 140
42 30 21045 54
59 23 38183 236
97 65 39154 41
54 44 10153 22
30 23 23492 67
28 8 13817 108
4 73 14363 92
15 76 7159 36
98 73 1346 187
91 29 97377 60
46 2 28902 117
85 99 36532 17
67 31 31985 150
40 59 13902 282
41 45 33907 232
55 46 15947 58
46 76 37243 128
38 3 57559 112
73 87 9207 55
22 8 20079 835
12 5 33412 35
100 73 63994 211
8 67 40536 589
47 48 25093 91
61 86 5458 49
32 85 20125 32
71 90 6730 42
72 42 16876 40
24 52 13520 98
99 19 22706 3493
75 25 119025 221
83 28 32628 1134
30 18 22821 604
15 75 46405 62
84 85 54916 63
69 5 17836 233
46 47 21680 52
16 72 8766 230
22 75 50328 181
34 100 82268 662
88 17 16671 392
1 72 38406 20
38 77 30827 71
69 41 15895 534
38 27 31330 55
28 61 27759 235
32 99 14728 227
31 36 11260 106
1 13 2054 76
64 23 16289 162
92 48 39315 440
17 11 25104 143
56 594
94 63
98 120
57 18
23 418
80 154

12112145
