100 499 3 3
49 9 30508 154
49 84 13094 81
49 5 16360 1456
49 33 125089 255
49 94 59299 46
49 6 100820 64
49 62 4007 37
49 77 64333 21
49 30 135590 581
49 76 6925 50
49 73 10647 266
49 84 6182 91
49 7 20153 224
49 81 90832 78
49 43 15795 81
49 51 9360 428
49 57 13814 237
49 89 2942 397
49 38 7908 150
49 43 58993 155
49 34 8783 186
49 6 13365 91
49 33 49522 56
49 57 94286 299
49 85 54299 541
49 94 10522 76
49 29 62121 135
49 92 12837 55
49 31 25420 178
49 6 5413 59
49 81 26597 401
49 68 7092 376
49 80 8952 109
49 54 55109 30
49 68 29541 360
49 47 24196 832
49 57 9442 52
49 75 226810 136
49 2 20833 45
49 51 79748 133
49 54 183760 124
49 96 24914 46
49 2 40407 108
49 56 23831 288
49 46 67124 26
49 24 18785 610
49 1 4882 128
49 25 88614 496
49 72 2047 146
49 82 39075 37
49 87 19042 145
49 73 13192 628
49 69 19162 161
49 82 11647 61
49 3 3254 64
49 92 19427 353
49 36 7340 512
49 50 12029 36
49 43 8906 59
49 44 3959 103
49 73 15841 88
49 86 11516 62
49 23 89873 296
49 68 92073 27
49 47 40074 38
49 62 31168 64
49 24 62048 133
49 4 109503 540
49 100 30428 1141
49 38 10163 119
49 94 10965 65
49 68 5932 46
49 65 10909 228
49 26 114558 462
49 51 30590 133
49 81 1520 50
49 32 44765 232
49 75 99618 406
49 95 9420 620
49 51 16863 65
49 33 28320 69
49 32 11489 17
49 69 4948 1534
49 86 7222 151
49 71 34313 152
49 42 82695 66
49 26 8566 517
49 4 13435 35
49 15 26421 205
49 44 156253 41
49 18 16708 83
49 92 13659 36
49 52 5210 94
49 44 27935 708
49 87 25968 33
49 18 31709 517
49 37 3370 612
49 52 9638 21
49 63 26338 170
12 72 36172 303
74 73 20886 149
68 36 20168 375
40 63 11248 180
59 67 6124 178
91 29 3513 90
88 65 48580 123
9 73 7318 155
22 86 43199 545
87 99 51172 386
74 92 4942 46
55 30 5662 182
46 88 65686 79
74 12 770 31
42 75 5729 48
23 41 29028 458
59 84 26996 52
3 100 21888 85
17 47 55632 64
6 50 68371 379
83 37 10388 138
40 84 78809 304
85 47 28061 66
48 69 11753 205
59 57 146703 225
31 3 15804 98
39 24 8175 74
44 48 5533 1283
31 76 5917 93
51 6 16769 138
54 46 6095 152
97 87 22679 426
57 77 6605 110
76 1 38437 207
4 97 16885 485
16 80 32373 307
37 69 5365 84
5 79 194745 828
55 85 58713 59
72 5 13730 249
56 32 28980 53
34 86 45884 477
80 32 16200 175
62 63 20123 364
54 33 136263 86
68 53 11283 92
86 28 109756 388
58 66 9819 275
93 94 14925 203
84 70 10807 793
85 37 17665 117
3 55 7180 20
93 39 43012 331
22 56 110863 62
55 87 50584 53
66 93 8481 139
100 99 84871 289
4 37 11023 478
10 35 70965 94
16 60 17056 501
46 42 12142 87
57 90 13226 299
98 8 108843 224
25 20 94497 91
66 79 69884 39
48 43 23831 141
34 22 34415 175
66 23 38509 50
26 18 5465 131
94 32 10702 83
7 73 14859 43
38 62 113136 198
85 41 12493 115
26 84 20441 56
21 53 90445 89
96 79 54937 16
56 99 21648 468
36 13 77856 456
28 48 13184 75
31 66 21234 277
19 87 8318 126
23 73 36516 78
68 97 12204 106
100 44 15929 696
69 33 15896 155
45 62 72577 364
87 56 64209 71
28 12 30834 403
42 48 12302 251
56 9 65932 151
59 86 5713 83
15 99 83072 936
45 5 32556 120
14 37 29834 51
24 40 21342 718
89 41 14193 69
82 77 23849 87
58 5 153317 338
2 30 31246 263
50 35 21356 324
71 89 48030 78
16 63 27325 320
96 92 44039 36
44 73 8568 141
63 57 17873 283
62 7 16623 69
23 59 66216 92
69 18 30461 396
1 58 15199 41
59 22 33268 8
87 37 124945 180
18 60 20530 52
13 84 13973 207
38 16 5746 95
15 48 146233 29
59 8 19534 78
39 5 19168 63
35 45 8225 92
76 63 16630 307
17 56 36219 527
54 81 39229 317
54 71 57964 111
54 55 26714 53
60 58 26395 23
11 67 3583 202
59 39 26361 3044
47 30 7845 454
44 20 21544 32
38 49 9074 59
97 23 28772 363
4 50 6031 89
54 70 14041 125
95 78 78609 66
34 80 10487 40
59 44 45353 218
57 25 14754 79
62 78 47275 150
67 76 111334 66
22 19 6710 105
8 100 26101 116
60 72 5208 135
49 61 15254 66
77 82 47799 23
32 94 51150 213
61 59 69347 91
21 67 7875 27
50 91 8452 83
41 83 60392 196
64 74 19334 464
59 85 27093 106
48 38 10118 238
28 7 13215 299
2 24 54736 41
37 31 15873 247
14 46 63846 227
68 41 23329 58
4 6 31795 66
94 55 19272 423
81 10 7943 239
73 87 88484 1147
85 3 25924 13
60 98 31676 32
67 97 37629 115
39 33 10140 86
36 22 3524 663
86 96 6034 95
16 23 259348 144
13 67 2904 56
75 35 14303 125
47 42 198989 55
13 93 16333 33
22 100 61304 169
35 37 27683 73
60 48 18310 31
29 18 7549 128
16 8 10054 168
81 88 8050 184
2 27 9373 327
47 87 13188 73
57 83 17864 177
92 11 15242 128
34 98 5842 192
81 86 15733 347
64 40 7625 334
62 84 74451 553
85 71 5770 197
100 21 4952 102
57 67 106561 234
67 75 15652 7
26 28 10103 313
62 92 18153 159
33 81 82006 154
17 85 8702 168
78 49 30034 130
8 87 4297 189
21 44 41565 322
97 85 36981 169
72 43 6420 172
69 36 106434 608
38 22 12442 32
96 31 2600 98
44 4 6278 168
97 68 36078 61
35 66 52725 1120
51 8 32022 281
3 57 174249 332
27 57 103627 150
61 72 133214 157
98 43 2664 744
56 49 52422 114
78 19 11905 339
34 23 10503 1270
20 55 83988 155
50 61 29352 217
71 87 11268 118
4 59 58557 47
44 34 97285 334
79 17 31903 187
27 70 477141 479
88 25 41034 44
42 32 32671 65
34 53 10441 245
24 94 3751 239
28 56 98841 194
26 96 29626 191
53 31 3483 62
28 22 30104 159
61 60 60587 267
50 30 8236 68
71 18 15353 188
67 55 8735 369
5 37 71890 71
42 94 19049 70
4 41 10006 86
80 60 5549 166
46 41 26229 110
93 3 4302 339
91 47 5551 1881
23 18 26370 96
15 72 12788 104
25 86 16058 83
82 70 26676 50
20 42 76009 35
99 4 33219 199
2 54 10558 53
34 77 21193 55
70 10 78950 228
24 22 17496 176
96 11 11125 149
14 72 16237 134
72 40 4521 209
46 74 23108 187
28 96 31397 147
30 43 22549 195
36 16 16843 101
52 33 1809 129
5 2 28205 30
45 31 4983 73
63 71 39095 97
54 100 3572 140
70 63 32389 53
60 6 2554 407
76 20 34331 643
37 88 45938 20
28 97 56755 40
9 13 25739 94
22 92 14426 236
25 30 54189 285
71 79 48366 191
3 11 60831 160
43 10 9475 67
90 91 11788 58
44 8 58903 70
78 47 25943 149
49 58 62052 240
10 80 5004 50
22 9 71658 17
66 87 10856 61
71 56 14141 171
95 56 29975 213
55 10 26077 78
99 21 5232 749
18 62 14602 391
5 15 15794 109
42 16 4011 22
47 40 32504 73
15 6 66611 87
71 30 17340 149
31 79 45079 128
82 50 21947 282
38 9 152118 53
70 78 2913 131
53 39 34514 71
23 70 111675 114
2 10 8501 173
65 42 21781 43
83 72 5021 203
54 98 11415 772
41 2 10740 536
59 80 11046 67
93 25 52436 210
57 17 33066 364
40 93 16585 721
90 1 9923 281
69 28 32705 129
65 4 75294 20
28 34 6976 78
69 47 32147 92
33 14 10895 183
70 31 50256 1746
12 86 33707 171
58 24 108585 36
34 88 10373 127
60 1 7701 230
56 93 5440 108
99 96 93735 114
6 70 13831 976
60 2 77678 152
9 40 63003 330
62 64 7069 588
39 98 30954 674
42 90 19104 72
42 50 16103 127
45 71 42539 221
65 13 36632 134
4 22 103752 114
43 33 7512 181
8 88 49080 1293
95 54 24602 218
5 31 32919 203
74 95 158506 226
59 83 10500 511
26 82 128807 678
82 15 13084 288
55 19 11353 284
76 92 44042 198
51 96 6145 78
2 84 27983 53
1 72 5193 28
14 70 51968 135
15 2 6618 133
5 61 9383 82
68 4 6398 115
93 67 35871 178
16 85 23167 363
98 95 18355 64
31 38 13733 150
75 22 81674 123
99 100 7368 596
11 66 79620 166
80 1 6609 148
58 41 13291 427
9 85 27889 90
70 66 20480 59
97 70 23726 310
63 10 1566 204
17 11 41479 256
46 75 17651 293
67 96 2068 279
82 94 28137 126
22 75 27543 254
63 19 26895 807
100 37 7076 61
88 60 5683 922
78 93 36923 30
20 7 11614 21
30 16 42872 164
8 25 5124 936
84 33 603 1475
95 37 39495 97
41 46 21316 498
44 40 9589 235
40 55 33726 105
26 58 17088 98
56 46 6817 48
19 90 34518 22
63 8 93309 59
40 50 108874 98
36 81 61588 76
65 83 34014 159
92 59 68274 73
5 93 2968 173
61 47 20371 2341
39 91 25767 91
48 75 23904 79
90 5 33354 20
56 73 16370 76
38 18 80482 110
70 68 13106 52
46 30 16795 184
68 38 37507 374
52 63 12309 113
100 66 11644 358
94 93 39862 211
36 68 30736 76
35 76 13624 16
74 31 6645 217
25 87 4120 30
54 11 68288 180
36 2 46336 73
49 1818
59 88
54 36
87 2081
37 149
73 3526

33661359
