100 499 3 3
59 73 8663 219
59 45 14049 132
59 70 3841 350
59 12 29154 439
59 62 8586 243
59 27 31364 35
59 65 5859 87
59 46 7914 359
59 96 15282 34
59 38 157497 212
59 32 13779 353
59 68 3967 123
59 17 31863 293
59 78 250694 206
59 90 34818 70
59 82 3922 43
59 100 17893 22
59 11 24575 332
59 36 42587 44
59 28 46433 282
59 97 10677 707
59 14 19646 129
59 79 19926 63
59 84 29973 13
59 76 139623 437
59 53 10703 104
59 50 21209 38
59 5 19088 33
59 24 8712 337
59 16 113255 88
59 39 45154 177
59 23 34115 212
59 98 26250 224
59 64 88732 158
59 63 22438 228
59 69 7383 190
59 57 32119 109
59 75 32602 582
59 77 29892 759
59 40 26418 1315
59 71 4602 58
59 18 27001 147
59 10 30578 1424
59 43 20571 139
59 56 23334 308
59 72 8462 117
59 29 6395 33
59 31 7351 110
59 1 27144 159
59 55 150101 572
59 58 13216 124
59 85 80781 184
59 30 18515 131
59 7 12215 1359
59 20 22358 61
59 33 27289 334
59 8 4360 50
59 74 51399 51
59 89 12426 39
59 19 49269 278
59 47 93378 411
59 66 22139 57
59 6 60041 54
59 4 29826 122
59 91 37873 155
59 41 93396 24
59 54 64878 400
59 92 7411 299
59 67 19066 201
59 9 9623 161
59 26 31704 148
59 37 26298 350
59 80 66615 364
59 61 8767 215
59 88 1933 498
59 42 2990 22
59 13 21333 95
59 60 8273 141
59 25 19043 210
59 94 28701 19
59 35 86894 32
59 15 3502 309
59 83 64129 385
59 99 5518 96
59 51 22059 448
59 93 105403 94
59 22 38668 177
59 49 18676 255
59 52 45319 252
59 2 56528 75
59 81 6731 79
59 44 54472 672
59 95 24058 212
59 34 8073 166
59 21 23139 30
59 3 48603 93
59 48 15427 326
59 87 10507 196
59 86 13435 99
16 44 47706 85
21 97 4108 1193
57 44 14389 311
65 44 22191 137
3 37 3449 102
75 81 37869 118
21 91 14426 241
63 29 62076 143
73 40 37275 157
75 56 5068 574
77 91 57369 157
5 99 2314 62
83 70 11285 148
42 51 87750 1005
40 79 152268 151
7 11 14397 425
50 34 141891 21
73 62 492123 294
43 53 35130 118
75 89 22197 280
86 15 3942 272
68 65 23947 257
67 64 22499 146
100 15 11597 518
27 66 13721 106
90 70 1630 348
4 97 346877 996
2 63 7519 418
9 96 54427 48
12 33 22257 354
28 5 44341 167
3 12 45478 502
96 87 79120 256
48 22 4045 66
4 45 44562 395
82 16 8743 119
65 47 3570 134
46 3 13027 909
35 17 37329 18
52 95 8520 90
73 13 16262 211
29 38 12828 42
72 40 7733 142
88 44 49929 229
29 85 12328 1446
32 77 11375 163
3 94 29667 81
43 21 89594 533
83 66 83637 83
84 63 45229 109
9 38 407932 395
75 34 14372 304
65 74 15404 484
27 10 64389 121
89 30 12172 703
40 26 30182 539
69 48 109632 174
36 45 5127 126
21 59 33306 108
42 21 20657 432
11 99 26772 711
51 91 8707 122
37 93 26488 251
60 16 12291 112
60 79 13147 550
71 79 47863 483
50 77 43671 230
31 80 2999 104
37 82 54522 443
2 39 58007 95
35 86 5796 1089
64 41 19713 111
84 39 72716 137
58 6 23740 111
60 68 2976 72
21 71 48903 49
23 5 59827 40
3 85 28983 112
25 72 36987 47
36 47 39130 215
20 23 11509 52
9 75 30658 193
86 11 36455 22
43 68 13585 126
2 98 5681 234
99 79 20391 74
86 16 55124 73
54 22 4625 251
11 57 4001 68
67 14 21773 77
80 94 56615 34
95 52 19642 17
75 64 59608 160
24 81 18459 326
43 49 32316 47
1 84 4292 2477
18 86 13468 173
48 94 24232 58
86 29 82208 82
61 13 8327 1005
95 39 19236 24
19 73 19298 146
12 94 166070 25
71 67 14376 346
64 82 16624 585
42 40 78301 174
55 84 5573 359
47 16 15059 165
100 96 11839 487
93 55 23915 119
16 83 16777 181
15 53 27314 664
36 81 11222 17
64 83 37373 68
77 72 21967 189
16 89 31459 195
27 51 53954 170
61 56 43790 396
1 17 27438 817
41 84 10298 55
42 67 8078 906
95 97 106564 326
39 55 24186 133
83 11 2642 116
94 100 11524 656
66 86 19519 129
71 82 20756 53
27 73 11118 144
14 25 34455 147
44 61 5499 30
86 23 12998 24
22 5 42983 145
3 7 17254 36
6 38 8850 66
11 66 3891 413
91 26 16851 552
4 87 27635 45
54 27 8397 18
3 45 17298 14
40 7 6145 85
67 96 6995 506
12 46 34347 52
49 46 3913 92
2 6 4191 69
82 2 46701 17
52 9 19439 206
65 6 34274 33
94 34 16030 387
67 62 11272 127
19 40 42491 170
95 42 14624 102
100 22 51249 28
83 10 15849 532
77 4 43354 234
81 50 70709 119
19 60 23318 88
17 65 25360 54
66 60 27779 251
35 98 28430 622
54 67 16617 67
44 66 22724 79
14 64 8550 89
26 49 45046 203
9 87 32239 88
91 38 129179 381
26 61 15583 29
47 3 52136 168
85 81 19781 196
90 74 67475 142
71 10 7487 174
80 61 4627 99
94 39 35136 53
94 2 2992 65
5 24 31303 116
46 76 6077 188
16 81 28188 181
14 92 176605 91
38 54 28723 227
52 66 4476 36
34 52 3231 131
48 1 113082 94
18 8 75850 366
72 19 59451 123
1 77 33996 164
85 14 13280 13
72 55 14417 85
24 37 28091 203
14 91 3719 315
73 67 84043 1097
70 71 29622 95
49 27 159702 210
1 15 60708 320
96 66 5414 34
36 85 131737 472
55 99 2887 955
23 52 32274 195
90 28 13962 206
94 67 46116 107
73 3 7239 24
81 93 35030 80
42 56 10844 263
30 55 48958 53
5 93 25586 894
86 65 31459 44
94 64 2558 268
92 63 8611 103
29 92 27802 158
22 77 42738 39
76 18 27089 110
49 78 10623 131
26 33 10583 163
47 77 25198 552
97 33 21834 392
54 49 10102 86
79 43 57672 198
42 71 15380 362
11 10 67179 368
78 39 17202 147
81 91 20002 24
63 35 28664 736
7 39 32410 434
60 52 76983 51
31 8 58467 422
42 98 15929 434
23 34 22309 186
28 79 41798 102
2 13 109058 156
31 90 33529 193
38 23 50227 29
85 66 2881 210
10 54 727142 39
92 45 10709 148
75 59 3907 61
71 12 77741 442
32 30 14802 705
36 16 12852 417
76 64 16639 696
54 8 65698 258
54 100 35407 478
69 18 22633 150
85 34 39137 365
11 60 21474 1417
19 89 15653 455
96 67 14880 614
9 17 24038 169
66 10 31893 252
96 33 23622 931
89 54 32736 637
7 64 16565 328
58 79 46732 136
42 84 67556 236
44 27 11618 67
26 57 27692 454
23 33 5216 268
97 87 267156 90
43 89 38075 70
25 51 38631 223
68 20 11958 49
85 89 15862 44
9 91 15384 123
75 21 33321 248
21 50 36996 24
7 19 9017 63
87 5 19510 41
53 67 8446 136
3 97 21816 234
94 53 29216 194
80 100 1404 274
35 10 86825 159
51 59 13255 190
16 22 23735 71
95 50 16790 149
64 4 27520 67
46 74 26605 149
38 40 5334 521
78 50 8197 70
17 62 27909 509
89 23 4382 90
88 65 3941 117
56 4 15232 117
42 14 8922 368
52 86 29105 546
1 38 27104 38
25 71 7240 73
77 61 56215 103
99 1 149369 308
68 85 19165 280
29 35 74285 50
74 30 3103 181
62 9 9884 385
3 95 82155 149
53 85 14731 78
52 75 12276 126
41 40 22006 166
77 95 23392 151
60 50 118728 144
52 94 17028 116
58 62 50041 60
32 61 22122 170
45 40 17848 291
18 36 18803 463
16 99 81913 431
49 55 45838 214
24 62 52726 115
53 27 5132 51
7 35 57572 185
84 47 50123 205
37 40 25659 56
49 86 42841 98
98 68 22635 153
32 43 9052 85
20 27 62944 236
67 5 50921 188
24 46 69637 296
50 39 43600 36
1 23 6691 121
37 55 103487 76
73 84 17914 166
13 74 27745 74
10 37 113390 35
18 47 60744 38
40 57 14092 70
12 100 15869 80
34 79 14953 358
57 40 15186 179
8 99 125447 88
41 43 25251 286
97 13 39098 68
94 90 7330 1591
19 54 29643 40
63 20 10010 48
99 78 20917 302
32 24 111424 746
82 34 52035 655
50 48 6741 30
11 85 8854 86
50 87 55793 60
62 39 16933 338
18 7 26239 86
29 84 20866 360
64 30 125532 122
74 76 11651 219
34 81 25301 85
71 24 76088 223
83 48 74006 62
9 24 17741 168
24 32 21596 363
22 81 81644 92
23 92 11432 67
71 42 61775 190
55 77 145636 26
53 80 101108 419
73 58 9132 104
36 9 134434 64
93 9 11909 73
23 26 116522 126
51 48 8528 953
99 19 10463 315
69 54 21398 1472
82 5 9142 177
53 60 20415 52
98 62 11887 170
87 54 318237 78
52 49 51123 404
33 30 4337 327
76 83 121882 108
62 41 19730 30
39 100 16370 307
82 64 55943 959
100 4 80184 393
18 94 35051 49
56 13 6890 227
93 42 47637 48
55 33 125274 466
94 51 99862 91
47 27 7398 130
94 50 5854 2603
54 94 52825 323
4 67 19428 175
100 61 38815 61
83 98 33913 64
97 23 32118 210
4 89 14857 124
28 85 8275 485
38 94 13715 376
86 13 34592 39
22 27 49225 681
76 11 17770 575
99 95 2795 277
82 27 238610 1987
19 34 38638 92
10 47 3714 438
10 2 53246 462
17 98 7887 267
52 83 89141 1986
89 76 114441 67
30 89 52688 158
42 24 7542 432
95 32 8852 1640
31 2 69973 51
59 297
94 80
42 40
40 48
67 68
39 114

4367010
