100 499 3 3
21 54 8959 329
21 20 41285 204
21 96 6908 58
21 5 39859 140
21 50 16605 75
21 65 32116 10
21 27 3256 187
21 99 15153 194
21 26 50290 110
21 53 17954 107
21 94 74736 248
21 10 8602 118
21 85 4581 378
21 69 126410 367
21 80 54330 95
21 83 27890 91
21 23 13536 172
21 70 455407 115
21 62 96446 242
21 11 30915 227
21 88 19877 635
21 66 10438 188
21 9 74471 213
21 12 6361 183
21 90 34565 240
21 18 154831 160
21 3 4226 70
21 29 9953 791
21 48 16341 30
21 15 31071 188
21 77 28164 847
21 49 28782 115
21 8 90370 544
21 68 11681 141
21 45 11896 332
21 2 44188 333
21 25 48785 528
21 37 29210 439
21 76 11673 1085
21 36 25513 185
21 89 24467 845
21 47 4514 124
21 39 823409 41
21 1 34425 225
21 71 15247 390
21 40 29590 44
21 4 8811 222
21 73 5298 371
21 33 22490 357
21 55 22478 55
21 63 33596 109
21 13 34695 26
21 60 10222 46
21 43 9592 345
21 93 17620 104
21 61 46034 69
21 59 44224 158
21 28 45539 16
21 30 9244 105
21 32 15996 276
21 14 20415 438
21 35 32032 82
21 86 26657 835
21 91 88970 9
21 57 5809 308
21 67 33445 190
21 81 94587 245
21 17 10780 277
21 64 10192 31
21 51 29960 26
21 38 91937 344
21 92 21410 196
21 79 22184 60
21 87 16178 173
21 31 72083 210
21 97 13230 36
21 6 15047 147
21 56 14545 107
21 74 28918 371
21 41 58761 1023
21 98 15450 288
21 44 55269 7
21 82 30620 95
21 24 81490 132
21 95 108030 41
21 42 56257 139
21 78 68202 38
21 34 67492 660
21 75 4317 232
21 16 203734 32
21 84 9835 173
21 72 28919 49
21 100 31143 1139
21 22 23202 49
21 19 6271 111
21 58 28960 176
21 7 9291 193
21 46 18452 3248
21 52 17119 181
95 14 6098 125
9 40 20982 625
92 43 8950 169
46 6 4484 52
38 7 46404 305
93 17 11923 17
63 44 41104 58
83 1 44347 70
39 64 15521 64
62 79 6486 66
85 29 25578 40
63 21 2909 22
13 4 30166 311
27 72 10712 53
40 58 67681 612
92 24 16740 149
45 66 2536 152
86 91 38575 121
58 30 17290 59
28 61 188165 232
100 91 42901 57
53 55 17757 79
93 58 19270 11
26 57 156190 218
19 1 74523 117
28 46 126494 70
30 40 38596 636
88 97 6271 47
49 82 193256 185
80 30 23075 320
30 51 29802 94
57 46 2119 325
82 33 65447 622
53 89 20620 392
70 47 109996 665
7 38 28327 101
70 57 16234 593
99 66 40759 217
36 78 24755 226
83 58 30515 43
15 74 28558 279
29 79 15818 179
70 38 15635 20
39 78 7149 162
2 54 5168 92
30 71 32968 67
8 49 29069 164
34 99 7421 207
65 79 56287 47
55 31 22849 51
18 12 3274 328
30 6 21533 45
89 46 2788 37
55 52 32314 61
78 23 24224 172
4 19 66438 16
51 55 2011 204
68 14 7055 156
43 67 39594 20
8 16 108271 266
56 88 32704 71
30 27 14677 87
19 79 20119 165
64 11 78911 65
90 66 40445 205
75 8 80841 57
87 17 4229 1136
66 37 18051 111
98 68 30654 59
45 90 65792 207
40 7 11370 354
20 60 28519 141
63 77 13075 81
48 41 46851 181
28 60 38478 345
8 41 18480 329
25 70 243021 108
61 52 13319 94
37 47 4904 36
85 16 48638 34
2 29 7045 66
61 21 32959 61
40 59 11023 166
15 76 116223 19
41 2 14842 31
100 23 34863 218
73 2 27979 104
55 84 63777 280
55 25 9885 1073
75 52 36047 179
83 60 11176 94
67 23 7243 69
40 20 158233 349
10 15 50346 198
58 1 38268 107
45 50 30277 25
86 68 51636 1313
87 40 54665 107
7 76 60430 206
3 30 70189 213
75 83 17360 276
5 95 18178 112
52 45 43294 35
1 20 25851 142
63 11 2133 56
46 34 16337 216
92 66 5436 299
46 75 14485 55
12 19 40675 110
66 8 51978 125
96 23 24431 107
45 23 13292 428
29 58 22477 351
57 42 28547 23
73 72 21162 283
8 2 5492 50
49 74 34685 614
29 51 13702 893
26 69 8019 717
34 56 16943 201
18 99 40088 296
93 47 28929 297
49 77 13700 86
12 41 25178 309
14 74 14828 489
83 96 36089 69
92 54 8552 234
91 81 10208 462
11 65 11627 71
88 65 60981 159
90 30 149342 211
52 79 3827 36
55 72 179324 212
9 93 24468 53
24 92 27229 166
60 48 13279 335
90 48 124948 213
16 58 27256 27
31 51 13231 218
12 42 13550 258
49 66 8203 78
79 64 20725 150
100 84 43870 262
2 35 87488 375
42 26 18623 411
27 19 163246 986
33 100 62904 32
85 3 6374 53
76 64 23367 20
80 57 179261 217
17 19 45448 209
93 75 35914 53
52 7 61859 272
100 3 7856 78
10 85 169041 43
90 7 53744 53
29 12 44960 178
73 66 19016 800
13 72 6669 155
64 68 5852 92
89 100 14860 28
30 26 87276 573
14 51 9601 81
37 58 66528 247
62 2 4264 128
87 46 5538 56
91 17 32511 40
64 37 20799 167
32 94 3447 566
46 69 8035 149
86 57 36333 196
80 26 11901 628
89 22 81898 177
71 14 83395 52
15 85 63468 85
99 42 54974 27
32 76 20745 274
48 23 42663 456
64 69 12110 130
79 58 32343 92
90 82 237550 227
100 49 9122 542
90 27 11955 38
80 49 27092 521
34 20 21943 151
97 36 5180 53
48 85 15654 93
56 57 20494 253
55 99 26827 409
88 75 11497 272
39 23 21778 309
38 22 20647 60
40 81 37915 169
20 16 55132 401
88 71 69586 111
91 4 3259 2091
74 26 80894 165
27 57 40974 180
23 14 13747 116
51 15 7252 600
78 6 10822 70
97 44 11573 1250
37 62 4213 182
3 83 13626 108
45 46 4224 134
15 89 2937 482
29 37 56736 103
73 92 8388 45
46 65 11289 83
85 75 12113 57
73 6 55686 33
40 46 41673 31
43 14 64755 25
39 96 41562 37
19 99 9116 76
36 74 51564 55
85 63 58012 618
41 47 12275 85
95 81 7187 34
70 91 16974 107
53 100 43739 136
49 13 4202 64
17 86 18554 29
61 15 21813 589
91 59 38043 67
40 44 18188 257
14 13 9197 910
77 48 5899 80
26 42 38810 239
59 70 19627 63
51 28 60872 365
81 57 10188 135
53 2 81476 83
2 47 83642 115
44 1 24378 204
31 62 10613 71
86 98 26710 261
98 91 5090 871
59 81 7660 41
2 66 8077 249
67 68 31912 405
35 95 20960 136
17 63 6424 405
50 66 10912 644
83 53 11211 113
8 42 11782 77
99 57 67915 126
78 2 27626 543
30 86 59692 93
12 8 18993 718
27 84 33081 97
55 46 5292 1124
8 99 13213 51
11 57 11838 160
96 26 142200 182
26 39 32508 74
95 12 86313 80
86 74 18225 303
54 72 99032 185
26 27 48714 282
99 68 7878 237
13 65 25904 228
61 82 56818 591
78 77 124500 151
93 41 4795 337
31 90 33328 35
68 33 159891 30
12 81 32612 159
15 5 38499 268
41 88 12570 208
36 27 30875 51
31 84 10025 64
30 8 2050 1123
4 48 30526 143
44 3 11769 164
84 62 25146 90
70 93 38489 270
60 95 23770 123
60 56 7815 201
33 30 10626 86
33 21 9714 127
46 38 38583 34
62 48 14119 244
99 18 26995 116
49 32 296473 163
7 85 23145 795
71 87 9648 80
86 96 18472 20
66 16 21549 75
68 18 13308 229
70 84 12218 370
10 66 9050 152
17 62 197743 535
60 41 7503 85
53 46 48706 152
17 41 67015 172
48 15 38180 223
77 29 28814 325
67 55 18057 303
84 79 18115 300
90 33 5887 482
68 9 23428 38
49 43 6877 154
53 3 5249 507
88 25 18917 113
4 65 64830 102
31 99 29676 281
72 36 16301 31
53 96 52914 483
39 81 72389 625
39 3 193411 255
92 23 9274 276
8 51 12534 488
1 35 25776 22
33 48 18396 49
17 3 21140 274
83 6 7582 126
7 18 5900 98
53 45 13201 78
29 43 75599 156
88 22 46479 247
10 79 29099 644
22 21 24468 63
47 6 90700 465
66 35 20784 306
25 20 10092 78
76 58 9908 207
70 10 44063 93
23 7 20509 48
75 15 11259 343
15 3 233087 572
87 61 39947 378
96 90 43738 251
15 9 17018 2723
26 6 19073 110
99 30 19813 329
28 6 7630 448
1 30 49302 1866
16 34 191039 270
34 73 2678 247
56 39 4405 13
33 28 80213 1101
39 1 19614 15
83 61 13290 149
92 19 29941 101
54 100 1853 66
18 40 6249 120
50 10 7458 86
77 81 76476 37
64 45 116637 271
56 95 37020 135
89 53 22018 49
15 64 47945 74
23 10 59180 301
40 32 47329 191
34 74 19189 104
98 29 38261 76
64 55 153533 98
20 80 86215 62
61 13 45232 119
6 13 91608 298
88 40 9609 450
40 25 13079 85
12 30 11775 293
55 6 3455 643
95 42 8898 33
57 21 28202 400
46 49 15201 155
72 70 10118 113
49 81 16374 387
56 3 39683 139
71 36 13595 138
94 33 30529 224
82 6 33602 193
30 95 15970 285
46 91 30514 59
12 89 11851 100
11 74 18811 1615
89 77 27359 446
29 53 69403 310
52 39 11830 318
75 98 28655 31
20 6 9576 67
8 98 37311 114
4 87 124068 98
60 38 112439 223
12 99 15649 104
85 37 23374 33
40 89 27385 173
86 73 23332 63
77 30 54371 59
18 25 135539 627
67 42 8761 100
35 70 80199 139
82 58 12071 69
13 26 44588 82
69 75 11336 178
43 74 6752 54
57 82 52630 433
29 84 17896 15
21 594
40 50
30 18
6 134
66 37
58 56

3474020
