100 499 3 3
45 3 11217 989
45 79 28864 55
45 40 16199 260
45 4 16204 60
45 9 8164 52
45 35 46867 626
45 52 4106 141
45 62 5761 125
45 25 27852 722
45 75 61885 150
45 30 10629 606
45 38 23627 954
45 20 10670 1412
45 33 6665 26
45 61 20653 109
45 74 2667 192
45 5 31088 285
45 50 23692 234
45 63 10570 74
45 39 9693 98
45 24 36251 78
45 42 7795 797
45 100 15412 606
45 84 20563 156
45 17 15374 237
45 11 94400 63
45 43 21648 197
45 56 34952 616
45 98 2635 115
45 76 40390 118
45 31 10548 67
45 97 73028 476
45 89 5497 262
45 28 38056 751
45 85 71389 217
45 16 13776 22
45 34 19842 192
45 19 96280 195
45 72 51211 45
45 64 26094 96
45 90 7222 39
45 67 8184 39
45 2 17720 221
45 26 4724 317
45 68 96326 100
45 49 57290 240
45 47 4440 104
45 86 20303 338
45 88 24526 17
45 46 84869 279
45 7 79577 88
45 54 24782 23
45 44 15775 233
45 69 52896 194
45 27 94385 26
45 48 26306 57
45 92 54072 211
45 60 75958 634
45 41 70019 481
45 66 18157 178
45 53 13746 54
45 32 43764 147
45 15 6450 91
45 93 83417 68
45 6 23072 158
45 58 29053 121
45 1 5411 78
45 59 16443 148
45 95 22421 23
45 99 18884 78
45 77 169375 91
45 10 19496 19
45 65 28232 1774
45 29 22215 52
45 94 33255 8
45 91 28723 72
45 71 28967 424
45 13 21661 192
45 18 43868 155
45 23 32595 174
45 8 14178 877
45 96 38891 59
45 14 13707 215
45 57 36801 136
45 36 25099 57
45 21 17816 32
45 51 9918 136
45 55 75461 60
45 37 18907 53
45 83 4113 258
45 78 79617 195
45 82 7798 28
45 81 86223 132
45 87 28541 136
45 22 19151 1089
45 80 101676 131
45 12 9121 90
45 70 68577 121
45 73 92406 1385
96 32 11107 157
54 18 15604 153
85 25 5806 497
10 38 11220 163
16 69 79611 291
55 92 4115 139
62 74 19511 88
31 28 31431 179
97 69 6433 92
21 70 14155 297
4 16 17399 207
92 77 13997 55
87 94 17077 77
100 67 5642 101
59 88 68190 162
21 26 70073 353
24 82 2156 441
28 81 41273 253
93 50 16691 177
84 17 14251 59
42 69 10717 157
69 11 15382 91
55 35 7932 311
51 3 66436 983
5 92 19347 126
94 79 18526 164
74 49 137965 39
41 46 105483 97
8 98 87357 319
96 87 21529 1801
93 84 12649 50
29 63 42177 105
98 100 5477 140
22 90 47112 32
27 24 6434 362
6 96 106798 198
50 68 23517 161
93 97 6967 144
55 83 6720 411
95 43 43207 110
65 85 3089 459
64 92 100926 297
99 12 27491 141
49 30 12074 122
74 75 22040 307
56 93 18141 156
86 46 5987 628
67 46 30554 103
77 65 178779 147
54 40 25630 115
84 22 28275 190
91 94 33001 587
86 99 49575 274
86 23 11245 71
5 6 35409 55
1 63 10306 200
79 48 5932 32
3 22 86272 167
34 21 99838 271
34 63 14511 45
72 53 15237 103
73 34 13113 113
19 35 3390 29
22 91 12740 347
35 96 43902 91
22 71 5396 87
75 74 11402 193
44 45 16381 108
10 73 3184 101
66 67 2909 635
74 8 20979 33
92 72 74825 75
26 50 23984 49
58 51 17205 263
53 94 10110 29
7 93 36387 109
8 94 20909 371
93 5 4036 359
53 44 3926 52
98 46 59990 323
64 82 14966 308
5 10 23267 85
62 25 146641 215
3 16 98412 65
17 84 11485 201
4 25 13927 47
55 5 4664 283
41 83 36161 49
59 39 3027 138
44 20 13597 623
48 4 38882 1620
60 63 22855 414
28 74 20852 137
96 11 20387 66
40 81 22875 51
62 26 42334 354
67 89 15426 170
73 89 24506 131
72 44 28695 175
51 29 46949 78
60 52 30262 200
24 78 16488 615
53 46 36313 267
73 37 56783 25
60 47 27016 126
34 8 34182 639
73 45 24337 5
30 51 85490 523
82 73 21542 79
73 46 112891 67
26 94 6438 185
68 72 17258 82
65 40 25721 166
10 98 36668 27
31 11 15741 86
24 34 180728 654
74 23 17092 78
39 34 10980 256
31 82 10047 406
49 74 7020 254
24 44 16739 348
4 43 33425 177
64 56 39884 475
78 4 27861 103
2 49 32010 121
18 36 13627 23
85 53 60903 85
88 90 12894 29
80 94 5733 161
99 52 56904 48
73 90 20224 633
50 58 61742 337
100 82 16532 189
99 81 19789 254
79 55 90025 237
7 100 12462 69
42 61 66194 283
23 99 15616 24
81 51 5989 131
64 29 31894 232
69 18 15484 12
27 96 13181 965
94 93 12805 116
32 98 10099 179
34 52 40166 1036
67 11 68624 47
44 65 39804 687
25 51 7173 410
95 39 15216 184
22 17 11268 198
54 56 66247 284
80 40 99893 55
54 55 14399 39
5 40 5293 57
33 35 10118 140
92 71 43630 291
93 80 11215 61
72 95 70593 70
82 3 63088 52
74 71 78101 230
7 26 6556 107
92 74 27730 915
5 98 4721 37
77 78 27767 215
89 78 614691 526
63 5 32041 33
82 72 34568 86
95 7 64435 46
34 22 79431 144
4 30 22055 142
91 35 8517 114
40 84 64317 101
44 97 86336 58
39 96 29070 24
20 53 9279 27
22 56 13685 239
18 65 63413 133
14 80 41302 113
88 20 23750 514
75 69 54197 391
82 75 3597 353
91 4 65099 384
34 19 13735 192
33 52 53480 389
99 68 3967 20
10 31 16973 200
28 86 33451 61
30 10 10241 159
15 30 1093 37
59 4 175059 37
28 39 33891 116
53 69 8376 239
14 75 9928 30
88 98 50902 77
69 78 18751 121
12 79 50133 74
24 31 10293 182
20 1 15083 130
70 15 22480 39
7 71 9571 135
85 17 16654 377
49 55 32536 386
52 67 37472 232
70 27 5828 52
19 5 54218 39
21 63 54251 122
47 76 14338 165
23 70 132350 84
30 85 43527 483
59 47 46618 167
12 3 53917 341
49 68 14136 84
87 24 5464 552
85 29 39157 155
65 61 97397 16
98 36 35451 151
18 47 49919 714
10 93 20999 79
31 22 10954 327
78 82 8501 377
1 13 33087 250
12 74 8667 50
99 50 17840 634
32 22 31527 725
72 39 33878 49
69 13 60177 387
84 25 20769 34
93 12 14750 464
51 5 89985 200
70 69 30202 75
89 21 11085 212
95 30 10452 308
78 85 43066 98
50 79 26322 272
23 3 42572 128
22 78 38385 315
15 12 71127 71
25 68 1213 292
60 82 40421 308
72 43 20646 350
44 42 22551 131
50 18 42935 913
69 97 60568 509
70 82 19938 962
61 94 7037 67
13 93 16506 272
46 67 37120 318
6 53 4256 68
47 37 63342 983
81 61 4347 265
52 59 5062 327
98 22 20156 122
80 20 175532 48
25 88 37390 130
56 55 39195 115
29 41 21571 191
60 48 72787 123
76 36 19237 115
63 52 14442 174
47 30 11741 156
1 79 2132 79
2 55 6565 155
57 76 5864 193
98 37 14835 608
80 68 41028 58
85 60 6562 61
8 85 19833 161
43 40 14902 211
46 84 35438 432
100 92 98157 420
95 12 127231 62
29 46 34606 130
20 14 28201 56
89 17 10590 198
38 61 9111 739
49 57 31277 469
1 82 87516 285
68 78 23936 121
92 39 41531 554
73 36 13109 333
100 3 11867 246
48 97 37745 2100
99 60 32052 105
17 42 53722 43
27 94 12740 663
88 31 17280 129
100 22 33277 32
22 12 9212 204
40 77 27731 76
20 16 27583 408
61 5 11899 76
8 55 8702 102
19 50 6443 48
50 20 47848 272
21 83 50409 671
47 82 18904 283
86 67 38383 68
69 47 12505 90
60 10 103851 57
15 1 60660 133
23 89 30231 153
11 75 74243 162
68 38 18067 157
57 10 9095 436
75 55 22563 192
49 70 31478 271
26 7 9889 369
91 2 8733 89
57 4 18647 246
5 72 43967 183
59 60 1989 70
31 100 29521 48
27 61 5502 203
77 82 171047 221
35 32 23068 160
72 25 11358 193
8 22 29446 218
9 98 39611 586
14 56 123278 109
57 34 13239 200
64 77 6800 195
70 56 63724 259
86 68 14166 108
92 37 6599 91
47 68 28282 246
87 7 18584 145
46 31 2986 233
81 1 17787 144
94 81 9576 62
10 75 38269 300
36 70 89154 86
50 100 38493 57
25 2 1369 229
8 30 17867 125
93 74 30154 926
79 94 13167 150
16 50 10930 158
2 97 35222 822
94 9 58014 240
90 4 22372 155
44 28 8986 75
58 84 30543 371
44 74 13820 209
86 95 96151 143
7 47 31470 69
41 72 65347 92
29 19 62687 234
19 22 3888 40
47 70 25206 273
64 36 35019 386
30 65 32362 230
29 44 4168 488
25 59 308053 80
14 9 8483 75
62 63 8020 348
83 75 82576 63
4 83 83087 108
93 10 51114 190
58 16 10631 338
8 7 6236 424
18 99 22658 126
86 15 6399 39
58 56 122913 24
79 37 5225 194
32 27 55088 257
20 99 10658 566
27 82 31317 109
24 69 22679 74
70 43 24768 168
12 56 14242 151
33 5 32823 174
27 21 495096 173
27 93 26687 199
46 41 25589 138
25 47 40578 687
48 55 32849 176
23 82 19317 40
94 50 40692 368
46 79 5855 66
83 42 16132 116
30 27 48810 82
46 48 24906 92
19 84 29942 1534
62 32 16340 763
100 23 97979 93
52 71 12563 76
38 20 11185 128
11 93 8418 199
51 90 8606 39
82 23 2975 454
79 42 26266 495
2 34 47468 112
76 77 69700 313
79 90 8807 72
95 49 8274 164
57 18 17565 173
24 29 19360 36
72 2 9112 41
32 37 30707 571
72 74 13846 58
45 1485
93 40
72 592
82 675
94 603
74 330

37056505
