100 499 3 3
44 2 27450 83
44 15 13872 117
44 42 23576 182
44 22 73507 618
44 52 19016 113
44 87 45777 51
44 45 95819 83
44 87 10980 382
44 8 73032 85
44 94 11905 89
44 17 135873 925
44 51 3583 201
44 24 31297 297
44 13 19356 220
44 4 59907 2901
44 33 7855 270
44 76 528751 71
44 99 16799 242
44 97 14204 49
44 95 5146 232
44 31 25394 1403
44 37 85108 546
44 41 26801 644
44 64 41032 71
44 11 8525 56
44 95 92776 294
44 43 54259 376
44 88 18594 634
44 80 44130 22
44 42 24627 223
44 17 35139 293
44 25 4581 52
44 52 6820 199
44 35 243924 324
44 16 6122 597
44 41 51008 227
44 96 43815 1410
44 42 30546 812
44 25 4405 809
44 73 8940 49
44 55 2740 125
44 3 18629 113
44 40 11331 312
44 12 64512 248
44 54 5732 706
44 83 12526 272
44 77 91562 27
44 48 19923 134
44 27 10730 106
44 45 9958 289
44 46 27841 41
44 59 7631 177
44 51 27904 235
44 1 19861 345
44 64 19495 866
44 11 15182 63
44 9 8825 201
44 100 29192 150
44 4 10501 177
44 76 17975 15
44 97 11219 221
44 75 69084 173
44 13 11876 45
44 66 17478 277
44 50 47979 78
44 6 37779 209
44 3 35324 345
44 93 15552 204
44 17 5224 918
44 5 22728 93
44 57 32580 313
44 99 19416 313
44 14 6903 20
44 39 41785 159
44 37 13753 215
44 45 36530 258
44 25 13033 133
44 37 20869 38
44 35 27892 270
44 57 63769 361
44 85 3577 28
44 4 26381 190
44 50 46525 62
44 37 29546 326
44 16 32416 136
44 6 15777 146
44 9 28263 39
44 54 24871 52
44 34 234325 5
44 10 8334 12
44 34 63800 105
44 21 10454 148
44 93 14177 104
44 57 86056 293
44 12 104004 165
44 3 13353 133
44 29 12966 277
44 66 14772 28
44 87 151400 520
59 4 6906 77
34 46 13410 105
51 52 8432 185
47 4 13443 525
65 44 13978 294
34 61 35078 423
49 50 17283 75
29 8 6642 327
32 56 10400 311
99 89 12470 159
28 13 10183 592
61 77 14767 685
35 16 27193 15
83 43 2325 44
91 26 16304 137
31 79 8679 930
79 69 2776 180
78 99 19085 182
96 29 27342 273
20 32 29030 148
65 26 10031 41
34 24 15207 476
64 11 16786 240
11 51 45148 1650
83 1 10975 103
6 61 73973 295
23 28 85910 89
1 39 21053 390
56 9 12640 341
19 91 37901 113
44 53 32127 57
15 59 77724 382
14 93 7754 245
25 69 20144 95
34 86 24922 297
56 90 3078 176
58 99 19220 10
77 17 143878 47
19 80 15093 119
8 88 33728 1364
65 45 11213 72
69 100 35769 149
85 11 44283 70
61 72 23542 278
80 73 14199 244
20 78 9047 2391
5 79 24741 44
67 94 16544 246
41 35 7338 155
60 4 12975 446
16 5 8169 276
7 65 9752 95
38 100 5069 211
68 55 17539 84
75 38 33730 31
82 93 11777 102
70 46 18466 282
68 1 34069 5279
6 40 2140 176
83 78 15707 121
23 66 41906 755
94 41 36358 79
82 80 3758 104
61 32 48648 538
32 5 13522 110
63 55 11432 128
42 58 12579 138
36 73 12052 137
35 50 26639 107
21 8 5812 984
84 55 17773 485
42 54 29675 573
23 22 17196 262
89 77 15868 226
15 22 20716 146
66 56 160267 54
24 59 96759 357
11 100 29792 55
75 90 51524 163
41 74 19809 1732
73 52 41219 199
69 6 90644 280
20 42 19604 95
70 18 84652 1905
20 85 25164 256
90 78 17568 178
82 57 33331 165
6 96 4877 53
73 49 161046 269
58 40 49495 585
98 89 63002 132
87 21 213678 84
7 64 30480 344
15 87 43439 231
4 39 6978 849
63 31 8945 158
24 86 47140 441
13 91 79874 185
68 8 26875 13
85 98 20525 248
46 73 12699 32
86 97 52462 460
71 53 25642 216
87 55 86844 531
56 81 41129 206
28 70 11001 136
95 84 4698 250
45 26 48816 75
91 94 22622 167
26 83 232928 194
74 92 10632 499
82 56 61007 106
41 97 44818 49
98 41 63014 747
6 15 8867 86
56 93 59152 299
89 61 29702 404
37 49 43231 107
89 86 3399 383
76 77 17527 1003
55 16 9790 290
98 64 60834 186
95 88 63030 202
28 38 81926 42
22 12 45009 388
77 82 9594 32
89 98 10684 267
14 25 27567 49
53 42 39527 36
21 59 176596 318
84 46 9731 96
58 11 24102 90
63 87 8807 76
21 9 43358 98
93 96 10093 46
25 67 20071 222
97 86 4956 79
52 100 8292 85
26 39 31071 218
80 42 124342 147
51 62 289570 181
80 88 11562 81
42 26 11606 199
62 22 21374 58
13 37 48980 592
95 76 21936 164
71 17 167716 83
10 32 6186 15
87 83 46112 398
47 26 47429 133
74 72 5201 66
94 91 13290 446
78 93 5454 314
25 16 13717 90
2 78 35406 57
11 60 12825 97
88 41 15831 54
1 91 15665 229
70 10 11734 210
61 3 3049 203
5 62 43294 885
100 8 31045 257
25 90 14318 508
15 86 152397 176
7 94 47193 216
41 61 296033 221
36 68 27575 25
11 40 36196 261
17 69 16371 69
46 23 39454 198
100 7 25313 37
4 32 129383 54
19 27 81098 110
92 54 46871 26
1 35 8384 216
1 20 6076 271
67 2 6027 51
25 2 56730 159
66 92 20668 65
17 11 56015 459
18 75 20323 132
58 67 37170 30
34 42 104907 214
77 69 14617 502
57 8 3493 1221
52 63 39458 183
89 59 44593 150
50 41 77028 774
7 8 10774 14
73 23 32149 369
95 61 33517 9
11 33 30036 47
11 3 27334 174
72 70 14530 124
14 58 45033 183
75 30 18779 362
84 82 7678 85
94 59 51780 124
17 46 56524 14
45 37 11681 197
52 18 50768 69
11 90 39279 175
96 77 69853 137
82 69 15256 575
10 11 21928 265
66 60 8154 81
45 44 117497 152
7 3 17537 73
64 47 56760 199
7 58 8676 29
38 6 15488 72
33 35 64148 72
37 16 26480 369
73 4 50201 91
95 20 3261 82
14 4 29177 197
81 48 23570 113
74 77 20993 48
69 95 91177 265
1 55 2125 269
75 23 69919 85
53 83 24966 734
50 91 9884 182
29 92 4292 93
6 36 23824 459
92 77 15362 382
27 80 39673 437
36 65 15503 343
40 41 47004 28
60 63 2639 310
52 36 96171 533
58 64 26790 49
99 56 116786 154
70 49 21330 502
76 13 86661 58
19 28 7297 141
37 15 25779 95
58 57 10031 276
4 84 7852 471
71 63 67179 498
87 93 4579 63
69 47 13442 291
68 97 49500 54
64 100 3553 137
22 92 36544 270
72 80 29714 133
23 36 5462 202
50 21 64359 239
94 71 45630 99
59 47 43206 220
7 29 8859 19
86 7 43731 119
18 69 35220 127
70 95 15967 252
26 49 12592 661
70 15 66898 495
63 73 56223 105
87 88 9439 123
48 72 17561 108
28 87 67674 358
86 3 86621 404
68 60 13615 82
28 2 22347 275
36 28 12603 625
51 100 4822 242
46 6 10799 365
89 74 41622 52
12 78 69862 165
85 49 13444 422
65 78 4688 85
29 86 8035 53
37 91 13699 49
100 39 2028 481
78 23 12962 120
39 10 69959 225
15 3 59099 137
96 64 31844 78
36 45 1371 109
78 13 33360 113
76 66 8423 40
33 50 34328 3055
34 21 52649 63
9 38 42781 40
1 21 20423 68
26 43 6412 96
3 74 16605 150
27 77 5867 1040
11 5 22236 32
36 57 279956 21
32 26 62230 88
88 21 108070 66
62 16 39592 64
32 43 14701 173
23 56 42023 149
89 53 25989 133
73 50 3972 25
27 95 57103 60
10 19 29264 292
79 32 93996 189
84 75 7578 299
16 97 138375 373
76 38 68170 170
72 69 27597 97
16 70 13247 161
32 29 48474 247
9 10 58796 44
73 83 12222 121
47 9 47858 157
52 97 40414 300
24 25 5018 100
27 72 66940 46
40 39 1075 45
32 4 25909 88
41 38 9638 26
39 21 12501 18
48 29 8302 170
41 67 51997 19
79 68 12339 64
39 1 3665 8
34 1 10018 24
40 10 3944 170
20 11 26653 661
6 32 6806 835
74 80 92227 324
88 32 15011 852
79 5 14163 17
4 79 54988 290
63 89 7298 426
17 89 98896 115
8 65 3347 375
88 44 23729 120
73 20 7178 119
75 71 5402 61
56 25 18175 779
8 14 8687 168
52 68 47886 43
55 47 4424 429
80 27 20550 115
28 30 462998 160
4 36 38536 488
5 54 11204 220
27 20 14769 9
86 69 3293 57
59 64 3946 20
22 61 6584 853
27 94 7253 248
55 7 67669 53
17 49 14449 214
100 23 10893 106
19 72 30061 372
68 20 6378 71
25 46 9538 78
99 8 67378 121
100 79 51452 55
3 8 18653 710
61 6 22295 68
80 65 28002 129
37 82 5320 149
42 89 30544 235
52 23 8849 47
66 42 21403 67
46 97 17902 452
37 59 49376 66
7 59 31305 207
83 93 19161 206
58 4 47643 147
90 22 65167 181
23 9 123079 143
33 45 12363 176
49 19 17918 642
57 63 361223 257
90 14 101641 117
16 42 12267 175
38 76 3195 40
65 74 41100 70
81 26 12620 289
2 85 102020 350
3 95 9646 301
8 64 12911 260
54 34 7456 142
77 74 25904 187
56 61 237721 334
89 10 125017 115
13 33 4075 34
90 27 14974 245
43 97 45242 682
96 65 5590 75
92 5 3278 1006
24 100 26461 197
80 62 4308 86
68 84 52874 25
4 9 19941 38
86 49 21587 381
36 7 171365 92
82 18 29953 64
13 15 41621 177
27 73 15308 170
32 53 61306 49
44 18 34451 139
85 46 10732 171
44 1111
89 24
11 56
4 314
97 293
42 738

21870354
