100 499 3 3
3 7 42008 140
3 75 27773 137
3 77 10112 554
3 4 3252 50
3 54 10713 385
3 84 69828 85
3 4 6357 157
3 30 3250 144
3 64 27497 53
3 37 1317 433
3 1 3772 22
3 20 24510 98
3 67 40403 197
3 5 23902 188
3 94 2645 60
3 54 67352 28
3 56 36999 116
3 23 134833 145
3 96 21103 376
3 81 12495 96
3 44 20949 119
3 19 89820 85
3 5 71875 573
3 100 8536 367
3 84 2360 188
3 52 50085 112
3 61 137567 88
3 46 49754 305
3 71 33703 243
3 62 2056 119
3 25 10947 409
3 88 19364 140
3 80 11297 149
3 29 1375 247
3 20 41054 424
3 15 17381 547
3 88 199005 157
3 21 101829 139
3 99 7942 63
3 91 102453 37
3 94 8379 237
3 65 9065 288
3 89 13515 53
3 10 27410 35
3 33 72747 302
3 13 90491 175
3 10 42160 124
3 21 35435 363
3 63 2901 105
3 67 17692 178
3 75 31446 114
3 69 17083 24
3 100 122425 201
3 77 4875 44
3 70 12346 39
3 35 59577 22
3 31 20667 418
3 1 15195 170
3 28 14848 215
3 16 11380 59
3 27 138793 100
3 51 12227 276
3 10 2156 142
3 35 14874 16
3 98 28698 91
3 76 6919 229
3 19 4868 618
3 82 23812 79
3 75 69397 59
3 100 114908 11
3 42 8742 90
3 24 57510 132
3 47 6868 393
3 36 17568 97
3 28 182450 107
3 65 27876 110
3 34 176096 194
3 18 27341 126
3 17 6001 447
3 56 31401 91
3 61 10309 230
3 12 5636 50
3 13 17825 1096
3 8 48245 129
3 10 84213 182
3 70 66925 547
3 68 3365 122
3 6 7632 100
3 41 99257 720
3 82 22186 111
3 46 28084 180
3 54 69463 73
3 97 28665 19
3 42 47533 41
3 9 5018 115
3 41 196814 114
3 66 18812 268
3 58 14708 138
3 6 8796 177
49 24 115869 164
73 67 16169 148
47 50 16160 70
49 4 7744 65
88 90 23817 49
65 12 5769 1050
100 46 15064 44
66 10 28179 11
41 31 86214 192
7 28 20084 124
45 7 119888 271
59 38 36595 81
10 48 8629 166
96 19 11830 310
30 28 4948 223
66 47 136994 81
9 24 10902 40
24 71 14154 296
5 44 14122 1613
96 13 17489 64
47 87 22134 23
50 23 14202 98
54 45 37778 304
59 75 3122 91
33 12 3125 317
16 2 4754 33
44 3 8848 119
74 48 52270 1723
92 99 24325 79
18 70 4733 598
40 34 19262 112
28 20 10902 199
79 18 7710 82
82 55 103359 160
79 5 23020 513
77 54 58050 157
41 27 8848 76
91 8 17850 159
70 75 12929 611
23 70 158632 170
26 50 16270 200
89 90 18378 849
2 94 126052 271
93 57 8372 236
61 53 30193 93
70 30 31230 512
100 39 49386 190
71 49 180022 152
86 63 24168 111
83 94 21595 121
52 1 103305 107
55 20 20015 616
56 29 8267 195
80 74 11354 25
36 79 16576 60
75 46 22078 135
2 57 59715 185
94 6 116297 86
76 81 4216 480
31 17 64003 522
93 74 55988 82
79 4 57583 469
87 29 18441 395
72 27 10906 111
70 4 3992 52
62 21 20246 97
31 62 13107 409
62 32 16150 95
30 56 32626 132
44 45 19526 101
60 8 12026 49
65 55 108062 46
42 44 3114 242
33 30 9361 158
24 44 2931 364
76 35 59862 28
55 68 18743 68
35 62 9973 366
14 42 4450 88
58 18 69036 78
95 58 39807 23
8 11 17424 570
65 64 202562 539
99 56 27438 100
52 60 37458 132
44 37 23258 112
58 64 44563 100
72 53 27291 541
38 97 5539 29
24 20 32378 73
5 35 24185 232
31 41 22520 4024
80 59 13034 243
44 99 57584 52
99 61 32083 159
87 81 61472 20
96 7 55050 139
86 97 36545 64
31 59 72891 887
51 5 11097 391
69 83 32557 1302
69 38 36940 14
76 58 18322 115
90 57 39448 59
40 88 21569 202
51 53 71783 8
74 99 12335 280
38 78 1550 226
97 88 7477 73
93 22 21893 197
9 92 8426 142
87 2 14463 261
58 13 7347 819
94 98 11995 249
65 73 18757 839
63 86 8448 68
63 20 14431 1404
32 52 28268 242
50 72 39785 111
16 41 4110 499
60 97 8183 77
6 72 68063 596
100 95 10715 161
52 86 109374 81
2 90 78830 68
40 68 8550 69
96 26 6883 69
2 19 17269 66
82 76 115661 50
72 51 5504 154
17 21 69287 61
71 18 13292 99
90 97 29961 139
40 30 41465 70
69 79 39924 118
53 59 28484 75
8 13 10786 36
7 18 36279 588
52 24 35975 11
27 52 12619 70
66 46 30100 385
15 3 35585 27
17 71 294066 47
46 70 1483 42
95 39 4990 100
51 88 98853 210
85 86 10243 226
97 99 37888 293
47 63 11175 508
93 5 19021 96
18 38 17511 310
87 27 14935 63
95 70 13017 68
66 13 34331 356
91 81 15164 77
95 6 9677 248
32 24 25578 123
64 23 23234 137
2 84 16525 70
48 27 10813 205
55 44 57983 920
42 53 44992 175
51 83 31804 174
35 97 165998 130
94 49 8249 108
43 20 1631 126
75 73 10310 244
56 70 21913 142
27 21 67888 163
84 97 14066 220
52 51 11224 397
47 61 80761 355
74 94 22388 410
38 17 7768 127
70 66 5469 115
19 10 84631 264
24 51 8967 503
31 21 8203 60
65 70 15836 114
60 98 8564 284
80 4 14767 66
73 36 43724 573
45 91 32260 249
85 72 86498 14
24 2 32206 138
62 39 66934 66
73 24 15520 49
85 55 49516 34
26 54 39969 801
32 35 25430 121
16 56 7582 187
9 39 11418 180
48 10 11032 146
62 16 83468 68
48 58 8289 119
43 62 69194 531
75 14 11828 68
30 25 46141 32
59 79 6364 200
33 99 22127 72
44 60 7541 23
99 3 38769 366
94 58 6730 169
71 12 37403 44
35 1 43008 286
27 42 25943 333
59 54 35788 10
10 5 12576 117
53 11 73451 112
74 71 22485 298
37 66 23217 110
82 93 42184 150
47 94 26164 120
16 91 10616 89
91 89 6987 86
56 5 5480 57
14 23 36566 171
8 32 5377 77
50 66 22909 329
13 82 27657 452
45 41 3150 193
93 55 66565 131
100 63 95830 859
78 52 15368 141
31 64 92059 404
14 73 19307 463
73 32 3871 287
70 14 16251 667
52 72 24106 967
77 60 20298 201
48 100 61811 269
64 63 70015 21
64 35 33613 212
16 89 49036 639
78 77 6504 93
19 24 40083 54
56 38 8908 86
29 89 10718 215
10 70 30732 60
38 31 15125 218
79 50 21895 712
82 8 10227 231
9 41 68038 138
67 98 46938 511
2 61 23718 190
40 4 71887 113
58 25 2633 278
72 15 11728 83
13 41 32400 125
62 65 2338 28
33 21 5512 124
23 63 4346 460
81 22 15235 161
99 87 4362 39
75 100 23705 74
96 67 41496 399
85 27 25425 275
49 95 10976 93
41 71 78653 276
3 74 23603 25
51 20 7299 171
75 50 21782 157
4 11 35724 125
49 41 15928 169
70 68 22332 893
44 2 8969 299
73 92 5033 476
76 97 2158 53
49 19 33534 26
33 78 3858 42
92 70 20708 132
71 27 13420 145
44 41 4002 167
64 75 39134 100
34 23 12501 240
65 14 4501 352
5 98 39499 240
81 64 10182 71
63 21 4640 158
31 61 22766 205
59 76 6046 825
76 99 4331 37
35 72 28806 90
39 20 44873 116
24 56 53173 326
47 76 3974 308
99 96 9150 377
96 76 8781 55
4 38 72736 359
90 95 15736 58
1 33 12184 76
89 8 4595 168
85 57 9091 271
2 77 106303 129
24 36 33537 214
78 70 17080 703
26 92 27035 22
79 77 15979 330
37 83 40763 24
84 61 11000 84
59 4 19628 248
18 44 38531 486
83 33 7622 30
82 46 18503 152
76 74 10372 258
58 76 35971 206
76 16 2447 130
10 77 5531 25
96 89 17552 76
96 74 71642 184
38 16 116204 42
39 7 15002 39
36 22 8996 94
88 56 2677 308
46 11 7821 112
79 29 19184 511
36 43 46824 1319
34 80 21400 192
55 4 36108 248
8 95 33419 37
37 1 8498 433
39 16 15627 110
99 27 17833 595
25 14 4462 90
86 96 36490 909
55 51 3134 345
2 55 23031 192
49 40 16684 297
1 32 20647 87
84 78 30787 14
61 27 137049 77
4 13 5574 93
89 64 77739 315
75 27 19051 306
86 83 3886 89
3 78 41435 104
15 8 35693 82
63 25 46559 100
12 63 3895 38
98 42 28878 402
74 36 3446 316
9 93 8520 165
44 70 19223 158
96 29 39985 128
54 86 13549 213
83 6 44860 143
7 98 30234 297
43 21 53868 100
9 79 47892 26
13 31 18049 363
19 36 2926 281
46 96 52867 229
46 40 140843 62
50 47 18260 26
50 84 26401 261
5 45 85318 305
20 72 46874 97
15 96 13300 461
46 81 16920 173
100 17 16563 82
64 84 28549 152
50 8 91101 252
95 91 11543 87
84 33 28133 399
75 57 59739 711
73 3 28579 168
84 11 83875 34
42 14 23165 143
4 54 23191 271
21 91 93364 49
1 34 12062 124
24 48 10542 175
24 55 122229 294
100 28 58615 60
85 88 113034 32
46 85 15716 329
4 57 27502 547
83 46 16321 117
51 68 240080 321
2 70 94729 101
12 43 12248 87
56 54 3880 242
14 40 14087 97
99 29 8253 17
21 29 51469 296
44 89 25289 293
54 53 21933 216
74 43 10111 303
99 14 27279 444
52 95 99001 802
85 73 28325 324
33 83 86225 145
7 66 16818 15
21 81 32535 293
88 7 15123 86
84 26 6073 168
50 67 7447 153
74 54 39739 96
95 29 10179 382
9 48 10193 56
3 202
96 36
44 369
70 77
27 449
54 127

15214340
