100 499 3 3
63 69 51706 380
63 95 4893 119
63 50 49939 50
63 53 14057 68
63 96 29588 103
63 77 3579 361
63 71 12179 38
63 82 43175 14
63 91 6371 299
63 38 41051 48
63 29 3595 63
63 21 108083 74
63 32 52602 708
63 43 30794 522
63 5 20514 142
63 59 33930 3116
63 98 12192 320
63 94 19095 727
63 85 7520 190
63 80 26600 198
63 73 11946 34
63 83 24962 297
63 88 17140 148
63 56 51450 149
63 34 13077 241
63 23 17426 381
63 27 40983 210
63 37 86039 244
63 72 18790 281
63 7 76577 64
63 42 16561 440
63 33 26847 179
63 54 82379 215
63 55 42677 65
63 97 23908 265
63 35 24898 114
63 15 63550 374
63 75 21978 559
63 3 37123 88
63 46 83908 175
63 68 75015 234
63 90 6856 491
63 48 11399 27
63 70 40440 31
63 65 3127 59
63 60 28266 306
63 20 1729 500
63 86 29805 201
63 4 10503 132
63 66 37419 423
63 41 7959 214
63 9 5344 140
63 51 44038 98
63 13 5591 341
63 18 9836 224
63 61 10942 876
63 30 39662 917
63 57 72562 35
63 58 38241 1185
63 76 22823 200
63 93 15611 151
63 16 11561 7
63 26 59572 439
63 2 21937 472
63 79 9437 149
63 24 8706 146
63 8 37260 239
63 22 37761 825
63 47 12270 278
63 10 40051 801
63 45 33525 170
63 11 12565 615
63 49 25142 174
63 28 14567 297
63 99 121294 555
63 36 18054 363
63 62 15603 78
63 19 5310 201
63 39 37065 264
63 1 23785 283
63 81 38829 19
63 12 49145 209
63 74 4331 78
63 14 67715 39
63 31 14222 480
63 67 50543 116
63 64 55159 1122
63 92 40942 484
63 52 32422 116
63 78 26080 134
63 40 29421 377
63 89 36134 97
63 84 69060 136
63 17 19394 331
63 87 43871 637
63 6 14067 125
63 25 20288 244
63 44 13658 164
63 100 6994 174
84 42 79473 111
100 65 35416 50
19 81 3457 39
42 51 4324 214
94 37 7617 88
25 70 120442 185
91 81 19047 206
97 47 13493 33
45 29 181329 1093
37 65 25398 2113
40 88 32304 99
55 45 20223 159
12 85 6740 266
38 93 30995 302
56 58 24411 385
3 89 19408 55
61 27 7562 125
71 13 27640 45
18 34 115604 1573
22 60 62335 38
5 8 40487 28
40 46 13913 128
30 46 5221 354
75 23 16253 57
34 75 11728 84
42 20 36279 571
91 10 14120 124
95 82 19217 422
1 40 68066 67
41 98 31325 387
95 98 35380 14
55 76 58146 96
88 71 2006 110
69 55 47452 199
34 6 22656 188
31 34 177535 288
75 54 17151 216
25 55 13737 429
93 21 15195 153
77 32 27503 212
47 29 27247 1018
38 98 82657 45
82 79 2885 1070
51 3 8350 91
50 57 117569 147
11 59 76027 804
87 86 90344 232
49 21 5530 56
20 98 6016 114
73 28 7587 65
68 53 26179 337
93 20 46252 189
18 95 26463 185
84 8 58698 1328
73 9 172855 185
59 4 7406 88
88 70 35670 42
95 85 28663 23
11 61 38916 85
34 30 60124 330
96 51 17608 798
49 76 7213 138
52 38 11687 153
7 15 21099 80
41 20 3804 36
18 26 71212 378
66 9 30922 172
16 82 37101 74
36 57 65080 87
69 17 38260 185
55 94 69964 26
5 77 2136 151
45 19 31187 34
65 70 26986 125
15 34 11950 48
66 11 14401 37
58 90 12856 36
41 35 228034 124
24 62 13611 185
62 77 26305 30
61 80 21923 20
67 50 1800 183
54 62 12001 2226
2 76 41706 255
58 75 4591 20
29 96 5317 283
8 49 9919 146
19 56 25905 284
34 22 23073 37
53 4 14778 89
74 44 12047 1046
59 55 66047 43
87 62 25154 122
100 33 13897 123
4 52 72373 289
14 39 55113 887
51 2 20538 40
45 2 23468 114
32 72 21931 96
12 48 21865 144
50 91 99823 202
54 96 1764 67
87 33 9677 284
20 58 122253 248
23 6 10986 188
76 70 9890 414
79 82 17865 42
60 7 31058 45
7 13 11002 714
38 68 13956 70
16 32 20555 197
81 1 748453 665
8 28 11810 364
95 84 3684 42
4 59 10951 97
71 80 87097 136
8 9 31859 74
74 90 117047 202
88 99 32459 174
20 90 49384 207
41 23 47656 55
9 6 11118 157
75 52 14841 63
23 7 11669 24
42 15 14435 424
56 15 140583 242
36 19 70412 213
84 66 22018 68
88 56 11678 80
69 24 9061 224
33 96 21415 79
99 47 44610 77
41 64 71612 555
29 50 4641 265
28 8 28172 189
37 38 159082 65
90 45 29533 152
33 28 22997 335
91 53 16295 458
95 23 61184 320
32 28 40756 101
79 70 62971 113
94 19 180572 280
20 73 18087 46
82 2 12450 84
76 90 9547 85
46 34 23289 377
23 75 9958 761
50 35 4416 60
61 49 16641 58
74 26 13247 84
74 22 9074 234
45 88 115399 160
48 79 20287 38
32 17 12752 134
3 72 42280 164
75 66 4206 271
22 54 31118 679
2 6 31154 87
94 76 5220 135
82 33 45536 313
11 53 13561 44
43 78 15906 89
96 88 30933 145
24 28 28697 550
19 64 15362 134
45 56 27076 3194
15 56 7324 243
67 99 34086 89
53 85 3881 238
74 9 126108 563
77 30 4818 225
66 75 34429 140
6 44 9662 76
37 15 37028 141
19 58 16910 61
91 31 119604 886
76 89 29704 276
97 86 148660 315
72 85 111339 43
43 45 8788 34
10 55 14805 16
58 82 24711 68
28 95 19966 437
11 15 21265 44
21 31 78724 448
68 81 17570 105
9 42 10492 1577
59 75 8661 334
67 65 32069 172
73 76 9939 390
86 57 14016 1057
41 5 75114 60
30 61 20396 275
25 49 8346 144
70 73 27256 42
57 8 42627 289
72 37 6333 201
44 17 29385 41
37 42 23163 116
2 68 39016 62
18 16 99385 920
80 48 34842 300
97 77 11361 289
1 91 9647 810
94 51 57791 19
41 47 96937 132
9 1 14379 158
87 56 32226 84
36 30 35439 125
42 90 2568 94
32 30 64102 176
54 47 26534 414
97 33 20909 106
10 49 25270 71
49 59 23420 33
15 20 7596 156
53 5 15970 40
31 66 81565 274
97 12 63305 139
32 21 12420 119
88 84 176713 116
11 8 78044 880
61 69 23050 42
73 55 34466 627
91 56 18587 81
4 77 87229 112
34 84 9476 30
77 99 39245 535
70 26 55275 58
74 60 76683 41
90 70 61781 70
49 8 58062 538
23 44 8875 159
16 58 38548 529
91 27 19253 272
7 73 44502 121
80 93 13186 285
41 1 13554 37
64 46 41732 104
86 36 28254 72
18 77 11570 33
68 25 16213 149
80 74 19455 352
26 12 5315 273
78 80 42974 20
70 57 102593 27
15 27 29216 965
96 25 256886 136
59 30 15525 115
4 97 6677 18
21 23 14467 316
10 98 8742 226
80 2 19194 568
3 64 28172 51
34 70 89481 709
58 14 11710 343
20 1 17093 38
50 24 26541 23
52 66 17080 196
25 20 9787 610
65 18 140927 208
59 82 148793 186
36 87 20535 104
46 24 19310 916
46 93 25774 427
14 23 31509 146
15 96 15191 271
45 87 17790 250
20 36 17502 230
65 83 10273 98
86 29 4427 163
12 69 18849 589
56 63 5369 1915
2 43 17029 314
100 52 5497 41
4 41 5646 270
94 15 3717 61
10 4 12706 563
56 41 8438 362
61 94 7129 773
77 20 31938 81
93 55 13223 79
98 39 3798 71
17 99 55925 95
45 11 28445 1995
17 60 33774 68
99 90 65787 134
6 92 18535 401
46 60 10419 165
34 37 35231 223
6 81 9722 352
21 85 95981 178
42 70 38775 10
86 34 42705 116
19 84 32696 122
68 23 45459 210
49 31 8107 234
17 83 45175 146
21 13 22142 83
37 98 14650 422
15 55 94959 257
93 71 25769 70
61 67 10554 169
33 24 39756 62
38 67 50325 764
25 50 16362 53
30 71 16836 38
22 76 35519 200
52 75 28540 73
91 34 38839 139
41 9 3486 152
22 15 7196 226
89 18 17416 312
13 61 39857 124
47 61 55526 57
97 6 31085 12
31 38 56559 21
57 79 11763 257
32 61 30691 257
47 38 47121 94
97 93 19325 151
48 43 6423 151
52 80 11931 106
7 3 6466 61
13 7 28153 27
62 18 6677 32
65 52 53716 537
84 54 15126 45
44 92 36593 118
88 23 19380 89
2 39 8914 485
86 45 57555 69
32 68 32481 342
19 35 4291 603
67 86 34823 45
19 70 43248 37
80 6 16355 153
47 90 8121 174
49 71 8617 279
57 23 18396 665
82 55 4437 180
88 68 27462 63
25 16 3852 39
64 15 26302 51
96 29 16694 296
87 80 10193 53
8 23 61674 528
26 4 23523 596
25 46 15961 186
52 12 17230 131
58 51 43046 128
54 76 117901 923
70 65 7605 231
5 22 731 560
37 61 26366 240
67 89 28767 142
70 13 4535 91
76 21 2430 134
1 76 5163 354
86 78 7965 102
71 91 6408 787
35 51 63142 78
52 47 35700 174
38 94 38478 134
52 24 34025 1091
90 73 34995 386
75 80 5113 112
75 93 58304 188
39 70 19117 128
83 4 17517 409
29 23 42700 1656
47 73 28100 185
3 62 36590 356
26 23 25298 592
75 45 10960 126
94 2 23793 178
58 28 26914 177
56 71 89438 269
67 48 36121 174
27 79 24788 93
59 68 55713 311
37 62 13111 146
21 88 26632 32
79 72 12624 125
43 58 4707 204
38 64 7507 295
42 87 49270 259
72 24 51711 201
96 53 3985 332
16 93 28567 1240
54 50 46309 87
7 40 11865 1141
91 84 21315 128
11 5 12063 262
10 69 42563 93
91 95 23685 230
71 6 3107 94
82 85 14641 95
98 46 13186 377
63 198
91 36
41 63
23 80
70 86
76 6

4049414
