100 499 3 3
62 35 28894 42
62 9 52795 1047
62 42 2335 65
62 67 17702 208
62 91 26188 34
62 80 31481 710
62 100 57656 281
62 88 39221 68
62 51 38777 481
62 44 48586 87
62 60 4953 122
62 16 15051 460
62 22 18296 917
62 96 24354 99
62 99 44097 229
62 92 13494 170
62 85 5030 88
62 61 17539 90
62 52 24807 1230
62 94 35448 171
62 33 23530 1042
62 86 4019 119
62 63 22907 491
62 7 29856 79
62 81 30895 21
62 45 26124 59
62 20 22725 754
62 53 26342 228
62 12 34453 20
62 90 26436 79
62 77 82618 175
62 95 19741 255
62 75 15706 534
62 2 265142 239
62 46 14712 174
62 8 5412 1017
62 72 5593 749
62 66 9432 129
62 21 9407 643
62 64 9236 157
62 37 8465 123
62 93 66789 103
62 5 133301 143
62 98 2220 311
62 4 11467 1662
62 59 34885 182
62 6 8343 88
62 15 67293 262
62 13 73503 290
62 41 15302 173
62 82 59088 92
62 17 18678 313
62 54 8891 203
62 14 19100 577
62 49 16541 106
62 39 16825 99
62 65 13862 236
62 50 41500 65
62 55 70071 67
62 73 33497 47
62 29 36854 181
62 32 70765 134
62 24 44249 151
62 71 49530 153
62 58 4622 438
62 26 46139 116
62 1 58627 244
62 74 19513 89
62 70 12041 29
62 3 28033 147
62 47 19087 63
62 48 36301 428
62 11 9291 421
62 28 91727 39
62 27 28424 720
62 36 46548 124
62 19 13379 535
62 87 15733 121
62 76 161165 329
62 10 183511 453
62 25 59602 57
62 68 15842 76
62 89 40290 40
62 18 102621 60
62 23 57892 103
62 43 57389 425
62 83 17493 170
62 40 17950 526
62 97 25338 108
62 84 15737 117
62 31 26608 282
62 38 18722 3072
62 78 22225 132
62 69 93417 564
62 79 6982 200
62 30 12230 64
62 34 8844 189
62 57 88120 88
62 56 51623 78
89 56 57722 71
36 47 19456 158
21 49 23506 41
75 50 16091 39
11 45 46277 216
15 9 4082 89
52 23 39547 65
9 95 13613 803
47 26 12023 43
18 2 15630 595
14 69 21303 391
27 37 81503 107
88 98 48327 275
53 80 54363 309
7 91 9868 121
32 92 121892 794
82 63 8253 58
49 25 27657 468
41 36 5669 65
3 19 7407 78
34 19 7909 401
77 76 4585 45
31 16 19443 339
59 23 17941 152
100 97 20936 130
22 40 3720 651
51 20 4920 99
58 36 589 329
19 75 27160 68
25 20 7458 85
68 44 16704 204
28 30 7698 179
53 44 21950 344
20 36 9483 294
50 74 8746 78
59 68 35323 93
63 73 52481 337
3 44 110490 887
45 78 3703 47
91 30 22336 32
38 22 13741 302
23 93 14653 235
65 99 2237 1600
6 32 20174 10
29 88 23475 132
89 93 19896 1124
38 35 10150 623
78 68 7077 107
90 21 46209 265
78 49 8307 125
12 38 68006 127
75 20 59438 70
13 57 29663 32
18 30 66962 106
83 55 211756 74
4 49 16550 316
59 50 31460 268
85 78 14093 125
42 32 36095 79
14 6 1498 57
34 9 22879 375
43 52 37365 39
88 14 54928 64
10 78 20446 370
11 96 127428 933
87 10 21614 69
77 44 4136 39
20 24 6310 1465
3 58 84361 150
57 8 18950 165
95 45 8081 438
4 43 11481 152
88 56 15485 152
95 93 51171 315
78 48 41504 412
95 99 15474 63
34 99 35553 111
43 34 29174 84
28 72 59281 162
67 81 11556 63
54 85 8905 1606
59 5 25276 223
18 91 8134 90
39 31 62174 53
58 63 11504 105
17 58 20181 249
48 8 19595 44
44 1 10459 533
92 71 70710 109
91 5 9781 82
84 6 36268 388
53 42 6870 93
61 70 7914 338
80 77 26319 23
96 79 5345 243
55 71 28796 79
37 66 16229 77
51 25 7451 117
95 38 8138 12
45 21 39215 41
51 68 40988 111
88 94 22151 50
93 73 30637 87
86 15 18920 286
93 49 9839 166
80 37 78538 106
72 76 68600 451
48 58 4319 417
58 77 21221 73
9 33 99353 239
60 86 59350 84
53 66 24407 334
46 61 188808 141
96 92 28815 52
99 98 16270 108
89 82 55226 73
83 73 17848 223
6 92 169007 309
44 92 2248 295
99 88 13583 297
55 77 15528 842
1 46 8411 382
24 39 17146 282
50 14 82064 223
2 77 34287 207
96 4 4086 361
99 73 53359 213
71 24 4271 40
54 71 24887 65
43 78 50825 34
30 90 53704 56
64 38 21202 628
29 80 24483 147
98 87 7616 300
58 12 61111 65
81 80 40733 954
89 99 20101 458
76 56 22219 637
85 74 66849 2145
67 59 15703 81
20 40 17418 253
69 1 5092 1112
57 64 50682 422
12 41 35086 51
60 50 12376 385
67 22 15623 268
29 9 39803 68
89 12 10393 1518
92 58 24258 132
91 56 9522 78
59 94 8895 129
7 75 70760 11
61 23 1280 86
87 37 66249 170
46 83 17172 66
90 60 19476 157
64 63 5915 48
14 75 7231 402
26 93 6442 173
95 30 79159 46
29 56 41397 31
69 32 17025 55
82 61 10874 112
30 92 20025 341
2 1 5762 284
15 84 77892 66
52 100 3392 62
76 67 9475 74
6 9 137472 268
4 92 34811 100
7 72 23312 112
87 1 7869 107
20 73 32676 252
84 49 12999 34
35 80 26394 81
73 94 32369 476
46 16 33087 174
94 43 25305 346
8 92 3894 103
5 42 8407 399
75 87 12777 303
51 28 32245 49
51 44 33804 37
90 38 42418 102
5 94 23272 170
86 46 13501 116
56 100 100788 423
78 77 10318 76
22 4 81178 453
21 31 19437 220
13 34 11992 589
48 73 133719 38
25 34 10943 30
39 71 7903 94
80 40 13369 284
75 43 27061 677
59 90 38789 86
71 19 23356 82
19 36 131104 136
30 74 46350 56
39 100 30452 155
15 96 5509 669
36 76 22362 36
75 59 29775 110
63 29 3560 211
10 60 58095 365
78 28 24264 110
22 43 4203 155
67 20 8395 75
37 98 67178 88
61 50 21689 506
48 2 7923 42
41 24 6233 376
37 62 17669 121
45 4 99141 43
49 38 56583 55
15 88 7016 624
21 85 17830 460
76 33 23858 277
13 22 45790 448
77 38 13243 239
49 51 6307 131
33 26 55870 150
57 16 1516 47
18 84 144232 348
5 92 243069 121
31 11 298779 169
45 99 33688 226
56 8 38925 113
23 33 52767 57
22 13 4621 161
13 78 71679 1396
25 81 14818 279
75 37 13942 51
54 52 87950 137
5 69 5708 81
81 31 30342 99
10 32 19605 212
71 67 11749 37
36 22 36688 47
48 29 19723 114
59 12 120577 288
32 52 83736 1638
45 14 13384 176
61 14 5664 481
87 34 7226 147
53 37 3505 40
98 71 89465 53
87 95 76357 54
79 3 20654 482
48 50 9779 226
79 91 17690 79
96 29 26020 565
58 2 7659 63
34 70 37603 1001
54 31 134154 223
49 54 44154 829
93 79 34625 6
60 28 51341 612
38 36 3331 241
61 9 101996 199
30 14 8026 76
83 100 3839 42
47 56 45526 81
84 23 106041 250
84 79 32880 444
59 84 7829 91
53 11 43494 50
22 73 56255 9
81 87 49024 95
48 42 52684 14
69 88 27835 176
88 82 33434 676
28 2 11929 119
70 74 38411 54
100 95 45419 294
56 42 15656 211
24 66 35175 35
51 41 14541 77
50 80 77413 50
93 19 15452 80
19 33 99992 80
50 97 84858 740
43 27 10956 16
28 37 41946 193
100 9 34869 309
85 91 4680 68
47 24 23183 136
66 27 14031 476
65 97 37558 52
73 70 17088 679
79 41 22779 470
49 58 17242 47
23 80 5056 231
80 89 13130 1434
94 38 7289 80
25 24 9913 133
76 5 17262 115
24 63 19450 190
21 36 8543 125
18 6 2503 274
38 60 26280 61
52 35 11820 1339
65 67 32571 644
57 44 11156 225
58 56 25771 1235
38 46 137626 18
35 37 4584 202
72 86 5172 54
26 82 20746 66
4 13 15817 36
23 17 50892 46
34 83 6435 153
24 48 2785 33
94 100 9039 103
6 60 11331 161
61 21 4664 376
55 45 9898 264
70 53 11278 199
96 93 70944 169
74 97 946 69
66 93 2439 46
4 47 71646 24
86 14 131408 369
48 57 14863 87
68 81 28232 49
69 68 26691 52
26 32 15338 214
51 59 26681 32
56 65 9563 262
25 6 10265 185
61 82 43527 694
44 47 26656 197
68 6 9072 34
12 57 27329 941
83 64 24837 146
83 60 14900 80
18 100 64767 480
5 49 10380 68
79 70 34632 98
69 55 7635 170
23 79 25923 666
54 93 21596 85
47 1 23062 427
87 66 38750 303
50 30 28542 330
85 82 54120 103
48 32 112694 208
17 91 7758 102
97 72 23500 768
27 75 61515 83
89 17 4622 170
64 50 84778 25
64 1 22661 244
72 28 19620 338
89 24 6353 867
7 87 17113 159
18 1 10657 103
2 12 63267 156
15 7 28464 113
68 65 9014 235
14 49 4153 69
92 87 49878 128
36 49 18395 107
71 85 49841 417
35 90 12457 69
24 50 3260 83
30 40 9219 706
3 45 32144 1197
2 65 79479 227
32 95 30645 75
1 51 22584 8
53 59 29303 249
66 85 18541 120
51 96 12226 142
35 54 21609 377
42 70 21468 139
79 65 56948 98
34 92 205607 145
10 79 38548 219
29 44 190148 145
98 61 24760 139
84 45 35026 111
20 92 39432 82
90 41 16221 385
53 49 25142 28
54 14 18278 83
6 37 40620 281
31 73 5676 306
39 96 15584 1494
83 43 8034 601
60 34 3780 199
61 65 13793 633
6 73 130971 237
17 18 12280 72
38 53 50876 33
6 94 47788 538
98 36 78665 70
77 98 61151 1114
86 72 33488 47
62 594
48 36
61 56
92 95
73 229
49 88

9356170
