100 499 3 3
36 60 8909 249
36 5 53489 89
36 57 14571 605
36 61 5283 100
36 64 78315 175
36 56 24464 123
36 76 9123 2383
36 41 13949 181
36 14 417415 37
36 54 46778 13
36 24 5580 97
36 92 1303 14
36 80 60561 49
36 18 20611 39
36 17 11201 113
36 70 55011 112
36 40 17877 96
36 9 10968 91
36 96 10016 76
36 34 35675 29
36 82 12936 394
36 65 4230 152
36 73 19605 105
36 49 27697 254
36 68 5711 228
36 32 12724 777
36 29 13943 103
36 4 7450 313
36 66 66245 40
36 21 31784 30
36 50 16001 56
36 67 51668 343
36 97 5916 62
36 75 4369 114
36 62 110015 60
36 71 10532 257
36 93 138128 71
36 47 13253 67
36 78 16944 128
36 89 18652 48
36 44 13026 75
36 20 26686 18
36 51 3803 149
36 85 33448 124
36 26 93095 777
36 1 70286 234
36 16 25978 145
36 10 21319 614
36 8 3475 253
36 59 21327 178
36 12 18340 36
36 2 23751 29
36 84 11807 24
36 11 62127 310
36 58 49319 164
36 30 12121 80
36 87 29263 97
36 23 101201 23
36 77 7885 42
36 79 21264 108
36 13 12234 49
36 100 1777 71
36 74 14939 865
36 69 19111 1336
36 15 14211 102
36 27 11157 81
36 38 35324 430
36 53 18612 41
36 99 51356 462
36 46 8194 242
36 7 41015 57
36 52 15531 48
36 81 25503 135
36 39 5769 113
36 35 7139 24
36 72 6885 1547
36 25 27675 92
36 22 12181 285
36 91 80940 19
36 55 3172 89
36 19 1369 73
36 95 45656 179
36 3 61737 217
36 86 23871 220
36 63 47484 69
36 31 38686 154
36 37 74962 813
36 6 44993 131
36 88 20605 148
36 33 5738 231
36 42 22466 30
36 98 11896 108
36 48 72893 68
36 45 27858 75
36 83 16504 79
36 90 1331 174
36 28 111427 1171
36 43 8839 214
36 94 19635 112
49 12 70873 579
51 55 10786 274
19 12 26482 71
33 50 42866 75
99 21 6075 1234
9 27 39239 28
27 63 2136 100
2 51 11961 140
74 49 14356 23
31 37 38829 67
65 5 32809 74
19 45 51869 58
5 79 13672 661
2 56 24466 47
13 14 201437 65
28 29 18778 50
95 93 43479 333
11 65 6939 137
6 81 39294 78
11 52 52974 153
19 78 33967 129
56 45 25186 204
46 82 17887 937
51 12 5632 328
40 16 22126 141
58 46 18802 246
59 9 9006 346
97 45 31119 34
72 31 36518 148
39 54 7348 180
1 57 24958 41
8 80 5526 10
44 13 74018 161
2 1 22681 468
38 25 14578 102
10 23 71263 175
87 35 81365 22
78 46 11032 48
100 41 30674 775
33 81 32368 12
30 80 65348 211
76 34 35176 69
44 88 75336 143
85 22 20228 205
15 63 84484 649
63 68 33149 198
21 3 57339 18
39 21 34102 682
19 74 4915 179
69 73 74898 143
79 67 38898 24
52 54 39100 107
15 12 4342 54
47 31 31099 152
75 14 20226 80
95 10 29607 427
66 18 159250 953
35 27 20468 19
91 25 85762 205
43 10 31432 98
48 79 327540 128
85 21 75037 149
80 34 47141 227
73 65 5508 32
64 57 16616 34
18 74 68708 599
13 25 27675 137
55 71 2770 41
17 77 28057 50
81 82 3756 138
61 19 49559 194
87 25 41656 632
13 15 41905 124
51 57 11892 108
87 24 8476 434
55 6 11754 98
13 54 50569 216
69 71 12039 297
1 94 1465 238
50 15 36592 167
26 38 15789 7
64 86 985 629
79 43 9176 30
82 94 39125 102
57 29 32346 284
80 26 20918 101
19 55 62682 81
49 22 14651 160
69 54 49918 271
46 37 8891 108
51 7 204272 84
37 35 9738 236
93 75 25738 504
28 54 14159 15
31 70 12758 317
61 91 41760 316
84 91 7025 360
3 14 79800 144
94 75 6024 221
44 52 3912 395
41 49 41648 219
2 49 15958 144
85 62 18118 20
1 25 28617 24
51 3 10629 107
68 82 17733 391
72 8 37562 161
24 67 1076 32
76 31 13371 140
84 55 10747 367
82 39 19921 286
14 38 12042 192
31 43 14379 140
75 87 87499 96
48 83 91685 433
91 33 1875 67
88 41 6185 328
98 53 52951 680
32 33 16593 69
25 99 18699 8
19 44 86241 442
50 1 76465 408
30 5 34879 300
92 10 49826 199
29 31 93929 129
75 48 6093 180
72 16 3368 196
75 78 61354 51
68 69 17211 66
8 84 18567 1498
70 56 7078 308
57 22 4410 27
92 81 22359 59
5 95 21415 197
54 30 45699 346
3 57 24531 131
88 35 65042 290
64 75 2931 156
52 26 20115 581
17 69 21297 252
79 16 31470 144
47 63 8525 83
11 23 24261 358
15 13 45071 176
93 91 11695 31
39 12 15402 187
32 94 32620 64
31 30 60423 117
69 89 68291 314
38 43 12098 36
43 18 40685 332
55 43 10577 34
73 13 4982 320
97 27 6439 96
52 76 109900 54
9 57 23529 390
22 58 65622 80
42 44 38765 326
87 81 92115 54
43 73 26347 81
1 96 86140 90
39 60 48977 351
41 93 24050 952
14 40 10653 510
96 97 84299 75
30 13 7932 148
63 94 32608 237
52 82 122535 408
18 39 30174 411
32 48 1519 101
70 33 44590 347
61 99 67060 121
88 56 3948 58
45 8 1398 2388
11 59 15318 72
5 67 10035 251
56 4 19598 191
44 16 23485 238
65 73 29038 153
90 24 17311 68
94 48 1270 63
93 77 50984 124
20 30 18675 16
63 59 48143 293
30 51 15593 174
75 62 30464 103
72 18 97417 697
41 45 17702 138
1 85 13828 105
99 98 18182 113
79 73 29692 359
31 40 48624 49
30 92 3127 394
5 3 457267 45
25 35 32515 355
82 43 25086 187
10 76 35337 259
98 77 57180 66
38 69 12873 97
75 19 16998 109
91 42 53900 420
18 61 50059 60
68 2 2323 129
82 23 4737 53
69 65 23651 62
32 29 14293 100
56 87 10535 332
54 8 8041 281
33 22 9178 525
80 69 45651 272
98 16 28697 23
31 60 19942 122
84 33 18625 41
54 11 54954 80
9 87 3200 217
72 32 13400 107
21 62 31265 182
24 29 20680 642
70 20 3267 110
15 16 24201 130
49 81 71023 258
51 34 29646 211
24 40 95015 92
5 24 64280 232
73 16 8229 134
52 87 8746 651
98 21 71879 113
83 25 11005 1152
99 12 7756 144
80 59 45560 86
70 45 37434 340
40 9 28066 14
28 60 10081 66
57 46 38343 211
80 6 16736 89
14 87 11924 687
44 43 77929 26
42 2 17825 30
88 43 12341 252
14 61 19077 54
24 54 45695 101
39 98 5269 216
93 42 38060 40
14 12 8970 61
28 92 23210 16
95 60 44488 272
63 69 3574 284
7 95 12001 1159
13 46 9921 117
5 26 9336 93
76 25 14188 468
21 87 13450 55
46 53 49003 32
79 52 21465 109
23 29 61376 385
87 14 7011 240
9 61 37225 1813
6 96 129406 77
14 28 7679 117
97 22 15955 157
81 95 5618 92
66 55 258215 227
61 15 5577 1509
11 85 58785 182
67 82 47610 27
67 45 43319 291
25 2 12730 905
58 28 16142 58
67 69 9946 524
64 31 21186 99
29 66 41743 80
93 56 35058 204
45 99 19422 81
45 95 40032 67
28 21 2781 56
9 16 16166 371
17 49 10231 229
50 81 50569 40
37 49 57701 145
60 32 10570 35
52 49 28946 2
2 18 23889 72
35 30 20559 1193
98 7 35077 119
85 96 32813 145
82 74 13765 301
47 18 33872 305
91 60 7339 185
27 72 73811 95
63 42 13178 110
37 52 91036 417
20 88 207360 146
44 32 13485 792
93 47 24550 118
17 84 9172 88
83 82 23200 68
83 65 14427 93
90 9 51115 70
97 48 10172 399
67 42 38163 226
8 36 6455 245
53 21 15097 49
74 85 14509 700
13 29 61701 52
32 42 12898 291
45 100 37142 234
96 43 32268 965
43 95 131294 126
69 82 28643 264
46 45 13421 11
41 20 9215 562
30 23 4089 193
35 85 11909 67
7 75 94572 141
20 48 4621 84
71 44 11410 295
92 98 38214 30
29 81 5848 40
42 54 43252 143
71 42 10423 174
11 75 39528 157
53 67 7989 359
2 68 46261 35
81 75 33021 640
2 35 16555 184
91 26 64651 93
10 70 13782 246
43 32 46622 889
67 27 85434 286
86 27 14051 181
45 96 7656 89
90 87 5877 281
70 71 56012 867
34 65 8890 103
53 76 25256 43
59 31 18195 223
51 53 12109 123
54 82 207861 88
92 32 47459 946
76 52 11974 43
50 40 115732 483
1 66 19060 97
73 30 76594 107
79 9 20670 314
59 72 9942 1736
87 94 38224 199
11 80 19586 53
15 2 67266 30
28 69 48360 1095
66 40 9253 771
22 71 45215 231
62 33 1600 1369
4 10 17464 161
57 39 15891 91
55 96 25983 796
37 95 58552 119
4 34 17058 88
34 9 98700 60
24 10 78890 140
54 49 37010 398
77 73 5270 66
98 20 253387 129
4 43 18825 621
31 83 85824 390
58 7 8815 68
29 93 85570 37
65 93 16173 494
17 14 12143 66
70 53 17432 654
62 72 4303 148
65 4 23428 147
43 35 22721 561
56 49 29903 26
15 91 18026 260
39 1 5423 423
27 70 31971 115
89 22 110896 109
58 54 49295 106
17 88 25638 280
23 25 3844 146
85 79 43039 147
9 56 81519 564
6 99 11010 52
83 30 14414 142
79 33 16460 114
21 10 13904 111
63 62 140645 480
2 36 78720 24
93 61 9956 63
17 33 505169 362
50 72 91231 207
82 54 2768 84
69 29 7914 38
54 9 7999 140
59 47 6047 421
10 73 4126 205
84 31 3372 82
15 78 14358 276
30 8 14094 261
35 25 50208 1708
36 693
2 144
93 154
54 82
43 306
25 52

6001364
