100 499 3 3
77 64 7932 178
77 61 33871 160
77 41 22047 35
77 72 8369 149
77 12 30282 62
77 58 5421 539
77 31 21610 176
77 99 47734 79
77 91 14185 598
77 2 34733 138
77 14 17319 128
77 55 209449 74
77 22 15120 583
77 5 35050 161
77 51 15892 327
77 50 53919 157
77 28 3729 267
77 17 101633 528
77 66 112479 181
77 62 3899 78
77 89 7890 18
77 75 4069 16
77 85 71471 195
77 76 43383 133
77 44 11336 141
77 59 10185 45
77 43 16852 188
77 67 4656 317
77 9 17584 37
77 48 56821 102
77 56 7564 49
77 11 23745 59
77 97 4103 688
77 27 21815 425
77 10 13365 103
77 37 30370 308
77 39 1525 207
77 18 9435 281
77 26 7208 173
77 60 61397 128
77 42 2836 348
77 35 55021 114
77 100 7179 53
77 3 31568 466
77 73 5167 36
77 36 33362 29
77 29 51868 340
77 74 55971 223
77 54 81907 34
77 69 20982 785
77 47 43930 188
77 53 9691 89
77 21 5034 412
77 81 37762 89
77 13 24274 773
77 40 12107 811
77 45 81401 29
77 79 5860 665
77 4 1001 23
77 78 6510 142
77 63 87856 312
77 46 48540 289
77 92 18733 881
77 83 45154 214
77 87 12015 95
77 93 12011 30
77 33 32591 2614
77 24 34734 30
77 30 97420 16
77 49 55483 667
77 8 42598 481
77 16 9482 55
77 94 23053 66
77 70 7896 64
77 88 3094 239
77 15 5321 44
77 80 6445 186
77 84 7645 98
77 52 27961 1090
77 95 6203 402
77 19 50460 270
77 96 1846 545
77 65 5575 477
77 86 50525 336
77 98 152719 17
77 1 14878 33
77 23 35668 1518
77 32 13272 940
77 82 21746 666
77 71 67483 68
77 38 15225 47
77 7 85869 42
77 57 30115 124
77 25 17478 243
77 68 4097 200
77 34 44572 323
77 20 146426 361
77 90 20105 89
77 6 17109 112
60 94 38337 634
15 35 21795 33
52 38 57537 464
36 53 53842 249
46 22 2422 322
8 46 48302 58
51 36 10342 247
81 22 22466 26
73 27 45280 157
46 4 128918 179
28 89 29992 67
28 83 7635 141
99 50 18484 231
61 8 26767 586
38 86 5148 202
47 9 8508 144
20 44 72787 103
63 8 40709 217
27 90 41740 198
25 30 8043 147
21 96 4132 47
34 31 35660 59
79 59 12617 72
44 2 24979 70
88 37 12252 1231
35 24 15079 69
41 28 11992 79
84 85 68816 1279
97 66 17352 90
43 13 15237 131
12 68 39203 501
2 9 21451 39
81 36 5749 264
24 51 18635 126
92 27 69198 287
100 83 35538 458
19 16 23964 38
40 95 15153 218
44 85 24313 351
21 38 40027 313
13 14 104938 480
72 11 12629 77
8 18 7792 101
29 8 16278 323
15 1 52929 69
70 100 13443 172
57 46 2999 96
69 51 72533 507
81 45 10334 504
37 2 15221 231
30 28 19330 41
62 16 27947 225
63 34 10060 45
61 90 28780 18
92 49 73456 379
18 85 50006 56
64 20 3141 126
19 4 13327 218
57 38 26726 101
66 74 5774 323
3 58 23313 119
57 47 13245 82
26 28 75179 65
85 79 48988 28
19 22 15924 58
82 20 13131 557
5 10 80392 127
91 13 90103 34
6 53 54744 45
15 45 13714 123
18 36 53397 106
80 33 41679 516
71 23 9234 77
53 21 44824 83
15 20 23559 82
79 100 15791 134
17 75 15035 243
93 56 2908 170
95 24 8070 163
37 20 22992 146
44 15 15005 234
50 94 18341 34
84 8 25821 92
84 89 4825 114
16 82 15648 147
35 17 10908 309
38 99 3392 42
45 48 3637 166
28 18 36636 102
62 13 10558 183
95 12 24940 1247
99 88 61322 455
52 45 89057 68
8 93 6551 1005
43 22 72275 93
80 20 14783 160
73 90 3981 386
60 92 5463 125
26 62 12903 37
86 42 4139 46
25 62 19100 2670
97 54 22786 50
51 38 60941 254
13 45 44342 26
52 84 91342 104
61 21 9195 146
25 86 6163 111
83 2 14700 45
98 30 8507 134
37 4 15057 101
29 15 8084 465
64 15 81208 1216
15 88 18060 23
50 35 6519 101
76 36 14676 140
23 34 7022 570
73 26 9504 193
47 77 6591 122
92 40 32068 250
11 36 55316 60
5 53 29349 1568
3 23 10087 559
45 39 18696 462
11 40 12163 301
7 71 54019 360
82 79 10615 95
43 100 33528 237
28 93 40562 405
81 67 30947 366
89 79 12193 63
97 96 8512 204
59 14 19298 333
7 1 3602 43
70 42 32766 367
25 82 51880 22
97 70 66958 76
88 83 40558 161
53 100 5352 549
4 36 44589 787
82 89 37042 75
93 49 24630 190
54 62 12701 331
94 73 25080 164
33 70 3263 230
8 16 61159 44
65 47 51076 64
63 45 8898 42
96 18 49783 243
17 77 53511 77
98 47 11605 177
2 73 5853 758
1 50 48181 51
36 13 1225 167
40 72 19018 171
75 27 48097 42
18 51 2625 403
22 86 65491 262
94 55 35618 77
44 92 72025 104
95 88 20066 177
33 62 11518 139
29 64 26563 162
57 65 60456 79
46 63 34938 134
78 100 33946 91
38 19 107568 225
16 28 44192 107
36 82 78950 97
58 7 11578 1009
80 97 45986 152
80 26 6661 448
41 13 11298 85
26 59 14432 225
87 29 14204 71
61 56 33548 584
52 46 21192 168
48 59 10024 125
74 51 59449 127
24 74 17620 79
27 93 2838 69
43 46 39693 161
92 43 9767 69
51 5 24912 168
14 58 19003 378
41 94 32009 81
31 11 19171 283
5 48 40537 397
66 19 15769 20
38 66 50750 44
16 26 24115 211
36 51 2768 115
35 73 19379 215
47 34 32586 154
89 22 27903 54
40 23 3288 189
66 55 28214 78
7 8 16170 170
48 18 11679 605
84 91 40421 36
79 10 6886 47
13 81 3147 119
46 10 10602 121
14 31 23598 108
29 34 21355 51
65 80 19002 234
20 100 226900 843
63 14 35671 165
69 27 40442 190
96 60 23875 54
74 66 11736 73
89 25 40575 246
42 25 8044 92
43 75 17144 924
21 67 130409 133
68 21 154223 130
61 94 8581 88
71 58 14204 536
34 86 6581 222
45 24 11497 14
56 36 4488 110
23 38 16235 51
42 79 37850 81
85 92 93201 381
36 96 58127 39
15 96 2704 67
10 44 11910 78
2 15 20418 498
95 79 52138 221
94 27 2267 921
38 4 67253 376
33 32 21230 181
78 59 6145 357
48 75 115096 156
30 71 27716 117
43 26 2550 247
75 89 11577 19
54 83 13672 265
23 33 181748 86
91 51 11658 463
22 69 89732 811
88 93 134814 42
3 73 31286 87
55 82 9952 53
34 55 16125 187
55 97 5420 263
63 85 41043 266
71 54 8405 144
22 50 16437 85
35 53 5692 89
92 6 16372 189
59 54 40766 2048
36 33 11188 76
98 24 40295 455
78 83 308361 663
29 14 13395 429
89 2 16213 174
79 68 7472 240
94 57 14359 272
2 34 6310 116
52 81 19815 24
65 14 11676 916
64 86 30918 294
83 64 18897 661
42 18 12619 39
60 95 4281 64
66 30 28272 252
51 8 6326 90
91 31 3422 113
50 45 72885 322
31 22 5737 119
55 96 11583 133
84 3 3280 166
17 1 22567 42
69 52 44797 349
25 85 24539 95
18 34 121955 241
73 45 46695 242
58 3 71604 672
67 22 13303 117
73 72 16382 197
79 15 15728 46
38 44 21571 122
13 71 53691 255
86 94 5308 29
84 4 56725 130
5 54 55087 103
16 65 47491 89
68 10 91975 913
21 22 55605 350
75 45 17473 55
100 22 17098 397
58 86 2287 47
10 54 52157 237
17 41 128805 484
92 2 43301 552
85 31 35250 82
11 6 70846 98
56 53 72279 229
11 45 32116 234
78 69 8892 407
6 82 23459 119
80 58 8372 242
70 81 15487 242
87 44 2407 237
61 79 14463 29
100 84 132467 159
30 16 20700 150
36 73 47067 104
80 29 8426 270
37 44 66490 411
44 76 15405 137
17 52 51004 37
34 10 78779 31
36 92 10551 231
10 52 37779 48
65 66 3807 1184
7 26 19139 102
14 28 30364 171
73 44 23864 384
12 2 92979 55
40 52 22115 29
85 34 18248 111
92 71 29040 74
82 81 4415 37
30 7 25903 192
79 86 13460 113
85 20 9343 461
45 44 49593 279
9 55 26313 186
55 40 28296 338
88 17 8674 24
3 13 19043 73
36 70 109029 78
51 93 44197 215
43 60 37247 733
31 15 68272 178
28 58 27053 1848
83 79 8794 219
91 5 68609 129
20 87 6364 20
31 80 51743 197
87 4 10675 158
68 88 30542 24
80 95 18575 130
7 30 59013 272
76 75 16229 532
35 33 56212 543
78 88 25307 186
72 42 24634 240
50 3 151990 287
96 54 42621 237
8 81 26989 100
52 75 19327 131
36 41 9726 988
53 40 7060 70
16 71 16271 14
42 95 68472 362
61 43 16246 439
44 6 6994 964
42 61 5884 174
47 36 4460 596
54 77 29935 182
78 72 52516 44
45 50 11434 37
59 67 18983 91
59 83 25480 395
75 43 16295 176
56 82 34370 253
66 18 21658 242
82 90 9276 403
15 73 28739 520
61 4 8588 96
88 20 42367 992
40 77 47624 601
70 43 9702 103
34 84 32593 34
87 69 9386 568
82 77 22017 427
97 71 11771 41
78 39 17217 68
37 29 14573 207
19 33 9070 25
93 61 5907 281
2 50 3082 103
13 39 5642 201
19 46 26547 51
97 81 8170 1123
60 71 36524 601
61 47 34211 94
18 81 20739 117
40 43 51632 1397
33 15 57322 23
95 6 12723 164
32 22 11214 80
9 44 52075 96
42 4 31444 143
90 99 5509 101
66 63 16893 225
18 8 2870 796
23 18 7557 249
77 2376
36 140
61 72
22 360
45 151
44 315

12629812
