100 499 3 3
43 48 7973 239
43 31 59708 29
43 96 8743 26
43 56 42758 41
43 74 100295 143
43 52 44852 109
43 34 5820 303
43 91 24000 90
43 19 35151 95
43 57 52336 247
43 73 92879 36
43 50 8025 322
43 100 49229 32
43 21 11829 512
43 15 13266 178
43 29 11234 212
43 92 125016 144
43 5 3672 1136
43 84 2689 402
43 20 105235 172
43 8 40715 439
43 67 35408 230
43 2 16021 235
43 94 94591 84
43 85 54153 326
43 76 11951 165
43 65 49262 69
43 10 28598 355
43 13 31010 73
43 90 67239 236
43 98 65276 17
43 26 21178 236
43 72 17893 402
43 49 11125 57
43 66 5509 438
43 51 6427 238
43 33 47986 280
43 35 19060 174
43 88 27908 322
43 11 6867 128
43 53 28647 139
43 28 14024 105
43 40 36280 278
43 17 12863 105
43 82 8990 332
43 77 81441 286
43 78 8731 117
43 30 156116 515
43 39 4446 212
43 12 6028 208
43 32 1734 452
43 79 16975 77
43 95 3774 335
43 63 35572 49
43 22 282332 169
43 62 45513 201
43 99 25078 109
43 18 21951 339
43 7 7512 95
43 60 3682 112
43 75 21755 36
43 23 25659 733
43 89 131305 166
43 14 22738 513
43 45 13272 1041
43 71 32545 252
43 47 5894 163
43 42 24411 533
43 54 301928 3290
43 81 52176 274
43 69 20723 173
43 58 29944 9
43 68 11225 99
43 41 13954 72
43 83 2951 307
43 55 51098 44
43 4 83825 209
43 46 13812 65
43 9 7269 104
43 38 102810 1291
43 64 7827 231
43 27 32070 179
43 59 237674 232
43 44 3132 92
43 86 6821 725
43 3 41469 64
43 70 28877 51
43 36 8235 249
43 37 4311 43
43 6 94919 21
43 25 14982 10
43 1 17948 490
43 61 22787 485
43 93 93291 442
43 80 217861 147
43 97 16354 56
43 87 20258 82
43 24 29393 224
43 16 59929 124
86 4 13677 242
88 48 52255 290
93 83 19817 113
100 18 22424 161
74 63 70337 76
74 84 84978 180
20 78 60309 114
100 90 6195 116
38 55 21852 259
37 36 5763 29
96 23 23983 553
9 91 19122 32
58 18 10713 113
58 19 67816 135
75 35 33477 91
58 100 7267 99
29 28 23136 201
81 70 42534 217
39 90 30641 239
25 92 9613 45
6 49 15546 185
39 53 12130 1212
19 33 14636 153
13 94 18740 31
61 45 4062 280
59 13 4274 209
32 40 35775 92
63 66 8621 121
48 45 9305 115
5 59 210995 294
74 36 72617 148
28 44 27414 120
100 28 9530 119
61 59 102690 1676
74 80 26928 92
52 22 23755 130
21 29 31454 62
32 64 10708 982
97 35 6298 131
100 48 51993 95
39 51 24876 375
91 100 48379 108
27 63 9291 72
88 5 32891 177
65 42 13034 510
73 53 52839 412
7 2 27126 347
21 30 15739 150
11 48 16538 254
80 9 5877 50
95 11 66584 251
11 85 43099 114
66 18 461733 95
6 26 59920 616
15 33 8176 37
97 15 12934 154
62 80 7962 60
35 52 30568 314
23 15 29284 507
77 34 6073 69
28 9 8304 37
93 91 5824 52
54 29 63078 179
34 56 19140 253
98 52 12668 262
73 17 15965 107
84 26 82304 106
49 15 31283 372
44 93 41650 26
64 29 26619 535
68 60 50855 160
100 24 37001 81
6 73 71850 24
78 63 51345 382
15 50 11309 337
64 89 8034 157
79 51 4020 675
84 100 6102 306
9 83 36103 50
97 50 3750 363
98 58 3735 196
7 80 2183 32
9 89 10864 89
2 72 6987 93
8 91 124903 8
34 72 17793 159
80 79 13397 141
61 8 35284 359
26 54 4343 196
63 84 2951 445
79 67 10184 268
93 56 12790 98
77 48 80542 264
37 28 23815 24
15 74 12315 85
65 46 21382 1451
87 40 11679 121
2 15 10118 393
3 63 108175 202
85 51 12216 107
30 73 13134 104
30 53 26232 153
28 26 13635 135
22 66 50338 53
58 91 85451 212
76 60 47895 541
18 92 33368 55
71 36 12298 162
54 63 16634 60
47 20 130095 269
97 91 14189 205
13 58 99445 239
98 15 6634 623
45 21 30985 17
64 72 3202 28
79 97 53198 61
70 74 10511 322
66 35 8103 660
26 73 9262 63
11 68 96353 74
41 53 70807 128
28 86 32011 158
44 58 319602 116
92 12 2698 28
33 10 10947 959
48 36 39209 113
39 78 10613 121
77 15 62096 38
56 24 43441 361
6 30 25506 310
48 81 50959 77
50 76 110620 194
18 68 6534 616
14 84 33745 374
69 8 20901 76
35 67 9042 924
84 87 16199 50
85 31 2346 695
26 38 6134 21
13 33 32369 219
65 38 40876 98
36 62 13222 145
28 79 26344 81
17 74 83662 101
21 56 17036 265
47 46 47598 279
58 50 22454 836
95 23 44666 24
88 7 7475 47
45 76 85225 673
39 27 58872 833
28 33 105624 118
98 40 22391 720
60 3 41264 159
69 5 7661 161
36 15 8313 69
29 10 33122 221
17 91 19600 230
31 44 24487 29
38 68 31834 306
58 10 26124 677
58 92 103040 304
58 72 19171 55
98 4 6656 52
94 59 9593 127
35 57 23005 163
34 1 15073 290
35 88 14524 61
30 90 49474 43
80 17 22770 157
37 95 6264 467
86 62 50260 138
3 38 7852 2176
23 16 41795 289
24 92 11086 410
95 46 34834 152
88 91 27272 49
63 45 71725 112
79 99 29540 431
37 22 38285 74
63 44 15209 64
27 70 30352 66
61 42 26543 54
77 26 26025 7
45 77 6158 96
64 59 11033 458
12 5 6556 120
37 31 33784 154
3 24 42780 1014
27 35 7435 853
21 77 25442 117
30 48 8189 153
16 21 34866 1550
52 47 31387 217
7 61 15893 49
6 34 25944 62
69 41 33580 189
65 53 36866 65
72 3 17407 459
63 15 50458 227
20 4 34163 453
18 100 31221 69
46 29 27861 91
61 90 37463 741
68 98 14278 161
30 58 22417 490
28 4 5132 114
23 49 17835 233
17 24 11301 109
36 31 7866 44
47 6 46408 166
52 40 50332 114
84 17 19612 237
19 100 21318 135
36 4 12513 178
60 53 17922 274
79 53 31785 161
67 87 90794 321
2 43 70202 180
28 76 12495 199
30 36 34505 106
74 51 69810 33
10 66 37411 86
14 25 21611 31
29 86 9512 196
33 9 3651 701
22 53 10573 479
99 11 16112 369
58 32 33201 139
24 18 28237 1172
90 85 65078 30
7 69 17371 204
29 92 10420 153
35 3 16327 9
60 74 22637 158
57 22 8400 486
23 69 58143 20
18 85 24109 1263
87 64 17317 29
61 15 32113 1267
95 13 1929 68
34 84 13395 29
42 54 38756 5182
35 47 28539 223
9 67 41770 153
81 35 294254 1613
36 94 159945 30
40 84 25733 749
24 96 28242 273
58 23 45779 91
48 5 29301 84
53 52 29778 563
19 13 65037 162
96 12 5846 515
61 75 7582 220
80 41 48639 264
30 71 153561 64
77 96 9269 314
39 14 4062 126
90 7 39898 276
58 26 16158 74
98 5 12463 196
63 32 20724 222
99 65 15110 188
55 84 47709 103
85 60 15692 62
62 61 18027 19
55 79 40407 179
82 68 99587 50
3 34 26146 292
83 100 102802 597
76 19 10759 55
80 38 147728 303
21 52 17620 73
1 4 22894 57
72 80 18080 49
4 46 21098 61
37 45 4588 216
90 82 5415 145
51 64 22181 129
44 32 55173 608
91 35 7426 215
90 74 17439 191
14 41 22578 116
5 2 41608 71
98 42 57788 121
58 27 8811 158
41 33 3987 1557
73 44 7619 802
76 66 196980 63
79 29 64740 201
65 68 140135 46
84 22 31074 61
54 41 8556 140
13 74 29856 112
41 24 53612 276
10 11 53340 271
75 70 24393 263
54 4 181559 28
40 67 37525 123
30 34 14953 251
15 7 79100 82
57 27 4996 30
47 41 5076 28
36 18 10606 61
39 98 34889 98
21 44 13416 126
18 67 178137 126
50 40 6974 466
1 13 95711 422
82 60 28892 63
20 42 27782 242
78 89 20524 698
41 44 32220 74
52 61 47766 36
73 77 238277 408
21 20 9707 573
63 58 6834 132
95 44 14049 430
94 99 24949 37
65 82 13856 322
28 88 6381 88
20 84 21644 426
53 95 7637 110
64 19 20273 51
84 27 4358 578
10 77 73011 5012
96 43 69640 472
7 15 49319 367
15 66 33057 412
83 95 29102 314
11 92 47387 356
16 47 7429 77
79 22 15428 393
58 1 21397 122
3 1 47413 150
28 50 28937 67
9 4 12928 33
49 19 57076 174
80 91 17276 363
51 37 45929 355
90 15 47977 50
62 29 24683 81
27 6 10655 84
94 42 48000 227
2 98 7170 49
11 86 30232 129
92 21 84841 228
4 87 54497 45
85 62 1803 746
61 86 26802 107
83 73 54437 189
27 76 48123 550
31 1 5613 398
71 73 10470 78
100 77 14315 237
73 70 34745 121
51 77 42985 161
25 55 40518 1227
86 14 17406 82
56 54 42566 136
6 89 99072 118
17 25 16714 424
63 42 17406 166
12 41 4665 152
100 93 6250 486
74 83 33704 10
25 98 5132 129
10 51 3509 111
45 5 26101 100
85 55 19761 46
85 96 39053 147
52 76 22865 147
85 12 71905 53
12 69 11370 191
48 56 44796 549
96 53 43956 126
24 89 23706 183
68 41 2099 61
76 28 58715 242
78 73 26697 171
100 52 13415 51
85 57 31906 472
48 17 19998 130
12 3 19396 867
89 49 192077 247
40 18 15236 207
60 99 53383 836
4 48 52230 650
59 87 175354 154
17 82 13142 12
39 6 6478 28
95 68 94668 1055
17 23 224843 58
21 62 33919 224
24 23 18989 60
10 6 21425 210
54 96 192299 214
97 2 10694 20
71 81 17480 47
43 2277
58 39
28 310
15 987
53 419
91 325

47759387
