100 499 3 3
25 24 3349 75
25 91 24817 187
25 84 24609 174
25 89 10982 34
25 9 51060 64
25 75 7585 574
25 43 29954 154
25 37 15030 350
25 86 2528 252
25 20 28418 169
25 52 37022 73
25 23 12229 166
25 90 31404 107
25 75 8523 327
25 92 46279 520
25 8 12203 294
25 11 18857 74
25 63 27711 344
25 16 65105 602
25 22 7899 304
25 71 15356 90
25 18 26960 523
25 36 12863 72
25 99 17499 145
25 100 13116 113
25 8 32034 156
25 18 26266 251
25 41 28442 30
25 16 84005 275
25 39 4857 95
25 53 84813 472
25 22 9258 322
25 76 16183 570
25 18 16191 66
25 5 80052 79
25 52 39464 53
25 9 5651 487
25 46 97683 68
25 90 3620 18
25 72 30029 53
25 38 6799 368
25 21 41307 732
25 7 10880 727
25 39 37570 178
25 9 5273 135
25 32 26797 326
25 85 5323 74
25 60 32825 132
25 81 11749 454
25 76 7087 183
25 34 21539 97
25 98 10347 247
25 47 58082 203
25 91 75308 472
25 70 40480 100
25 80 13505 289
25 19 40172 68
25 32 37280 1440
25 74 4229 360
25 16 9797 41
25 46 13334 927
25 83 28470 81
25 46 94469 84
25 24 51198 308
25 2 24453 234
25 22 9830 32
25 45 27339 95
25 60 6332 612
25 44 47533 129
25 1 9546 221
25 96 55709 406
25 46 6070 153
25 94 10766 126
25 77 29178 898
25 63 108137 200
25 38 3758 162
25 94 42909 227
25 47 18721 103
25 89 9661 420
25 98 8186 535
25 22 66002 130
25 99 30824 170
25 100 11783 252
25 4 34491 39
25 63 18179 194
25 53 18748 449
25 4 56331 545
25 52 27234 438
25 80 29465 229
25 20 45436 94
25 6 37907 373
25 49 17372 44
25 48 11215 136
25 64 50734 778
25 43 30864 152
25 36 47357 147
25 40 4362 59
25 30 52459 91
25 35 21976 239
38 25 193607 412
83 3 4178 326
64 85 34695 127
42 100 3993 715
94 69 17182 34
18 45 3661 148
98 83 38616 84
96 100 12022 111
8 42 21562 285
55 12 71605 196
16 58 15001 71
51 87 9962 150
29 40 44413 94
96 45 2058 251
60 4 20803 301
59 8 36595 74
56 25 15632 48
18 62 42948 542
68 96 27728 83
97 17 20866 395
13 53 99002 428
88 37 38435 188
22 83 9790 38
48 84 5034 123
73 93 18067 234
10 54 31330 156
60 62 18221 165
100 34 13032 244
65 91 32016 1406
71 17 3623 262
75 4 9383 305
93 84 49620 25
6 32 54986 173
71 32 54210 95
62 82 64070 174
71 100 83946 117
72 44 14226 114
36 32 77274 1038
54 48 14315 47
98 55 38473 498
14 45 65773 287
35 91 8112 37
2 82 5697 67
61 92 16631 87
62 45 38562 377
20 89 47595 360
73 26 11128 97
96 47 86702 50
75 42 4119 57
18 30 6852 262
43 47 44595 617
80 65 114668 421
81 24 12311 157
74 6 2168 104
69 28 73204 402
57 20 109300 148
41 14 18485 62
53 63 7138 213
22 77 225046 57
56 92 65531 290
35 37 41116 569
90 56 22943 207
72 16 22480 78
52 49 72841 236
83 65 26012 113
84 29 24717 196
42 16 24806 100
51 5 47027 41
90 94 34735 68
10 60 52367 517
55 62 4022 564
59 15 9702 159
32 82 21347 207
80 29 7865 48
77 37 5477 1170
10 81 9042 99
36 57 181421 10
52 68 3908 2470
60 31 5278 262
47 58 13630 379
46 84 34911 438
52 11 141069 525
90 24 10650 134
51 9 82034 175
38 88 2613 2065
16 50 94793 109
30 8 97906 98
43 2 45999 205
83 28 2535 137
93 36 39851 155
77 46 12120 184
52 35 7145 97
67 45 23183 58
16 44 17190 72
93 91 20438 887
6 70 86643 341
12 90 14227 53
100 35 100564 493
67 22 20354 157
90 45 49067 196
2 42 130732 63
85 59 117538 109
65 69 7800 353
4 73 292827 20
7 48 5252 76
51 50 70681 68
69 72 55613 56
35 79 16362 51
94 18 6699 384
41 65 13516 59
63 48 6291 175
43 94 6885 382
79 45 23852 80
42 23 466839 142
1 33 7710 343
19 68 34149 37
99 78 280270 177
20 62 3368 347
76 1 8967 124
46 79 26857 273
66 6 14570 43
9 76 77993 153
57 38 7955 589
30 34 18761 20
39 5 18760 59
10 64 98596 359
41 74 13390 266
5 59 48992 320
60 2 50241 92
22 46 25438 63
59 35 62126 66
30 4 14227 345
64 60 32791 68
36 93 3520 68
41 29 9579 303
54 88 4544 820
47 9 37364 56
85 32 10325 754
47 34 32252 63
58 51 17329 114
84 32 43248 153
22 42 88453 101
24 46 4482 30
61 2 52529 203
30 23 11376 90
78 16 18970 306
30 95 50812 41
45 63 35037 121
6 90 10825 760
54 9 13089 1165
7 61 77730 516
100 99 24312 221
20 71 25447 162
54 42 10135 324
95 86 10353 232
33 46 2271 32
16 31 78886 58
39 89 63090 204
35 49 56631 211
38 32 105062 166
89 7 20813 75
84 53 20004 64
84 37 20755 32
66 17 38654 365
55 82 20246 207
30 96 7435 418
100 84 65199 193
37 19 3321 259
40 58 282253 94
38 19 27405 67
17 78 90699 216
20 74 18092 189
94 52 16244 64
37 20 56991 981
58 1 19197 25
28 81 56699 77
44 5 7699 218
14 53 26929 52
75 44 9655 376
71 8 16966 130
57 2 32379 72
57 88 70330 243
88 68 3545 100
66 54 6205 123
31 53 31873 36
24 77 40743 51
70 1 46835 29
86 29 24800 366
62 18 38270 246
24 33 16308 322
67 30 3649 303
95 2 30935 314
20 1 19423 291
31 27 94609 86
1 31 117224 156
47 11 40052 848
24 62 24944 665
7 34 16503 363
93 13 70548 159
29 68 93515 79
31 25 18583 177
42 98 136228 116
14 99 38376 110
93 29 8486 59
48 87 63353 94
44 78 27200 179
76 56 87821 262
88 35 27449 389
1 8 7966 164
51 44 33163 28
3 55 27063 136
68 6 120974 99
56 6 23070 74
91 85 15250 57
37 45 22959 82
31 62 29235 138
65 85 60785 237
60 91 23069 37
52 70 15248 415
24 55 25241 474
31 96 5542 331
5 72 93930 88
51 43 5637 114
7 68 15652 55
94 45 41653 43
18 41 25668 202
66 26 48081 215
61 34 53382 77
91 89 17482 280
36 82 24387 465
37 31 10035 135
54 94 30039 124
62 59 14645 64
4 22 27768 574
13 35 5740 122
47 17 15772 105
47 30 3018 199
26 24 54293 34
44 40 44589 202
2 93 2497 416
70 79 8493 158
97 63 21452 61
52 21 44929 59
86 26 26955 178
88 91 102891 88
89 82 9783 119
82 53 31297 85
81 20 30812 44
99 92 19352 143
46 54 42815 155
22 90 5836 351
48 12 22592 699
21 55 19981 318
60 54 7754 70
26 84 23534 109
7 29 11948 180
44 26 4204 61
65 63 60728 76
14 80 18339 221
45 3 7729 118
34 13 26026 52
39 8 16989 88
55 90 3743 24
72 93 73119 1833
31 7 96351 121
4 91 35290 64
98 52 167688 314
77 31 72585 53
84 48 5991 191
20 65 12951 82
51 54 39946 96
22 10 77868 52
10 50 52708 35
8 53 32890 94
22 95 6405 196
52 79 18131 30
11 93 72784 233
64 69 22511 282
18 67 63255 626
50 57 5735 241
13 98 27819 173
1 83 23093 511
77 22 29379 258
91 26 75429 105
70 36 16441 66
36 33 32208 218
91 13 95275 250
41 10 4306 240
31 46 25720 97
49 98 25178 230
94 13 19508 138
40 15 26357 531
93 3 8596 121
81 71 6561 242
78 66 20261 707
50 59 33666 396
2 90 9682 263
14 56 24963 326
29 5 8493 127
57 68 67948 136
74 10 24677 358
4 40 10356 73
18 26 7461 86
93 68 3659 50
30 17 9926 24
30 80 2195 185
45 29 49900 31
81 70 10637 251
73 75 58934 177
65 30 18508 167
64 56 29791 78
95 51 33431 227
32 50 22805 47
20 18 17161 1100
83 15 109639 102
43 20 11431 194
5 27 65122 108
88 33 10893 185
5 32 6129 95
7 69 14520 119
15 7 8941 144
56 8 28424 129
40 65 7103 369
80 63 6972 82
31 4 6579 437
64 70 29789 88
6 73 22540 247
77 28 6771 257
34 9 40857 138
69 29 16462 68
53 59 6322 47
55 59 9009 195
23 14 44243 45
51 20 71721 205
5 69 29135 126
89 93 6030 124
3 10 157206 68
4 98 4176 153
63 58 17701 270
36 6 8256 122
95 63 6926 890
88 17 250912 83
38 12 34205 105
81 29 71192 352
74 61 24407 102
71 43 40212 225
90 3 230657 334
86 63 398572 112
49 19 12486 271
99 81 17677 171
71 93 7390 366
66 9 18991 169
9 11 29164 344
86 53 57629 1590
67 98 65563 75
91 4 34984 178
31 23 8655 37
42 75 10020 89
45 66 3770 83
66 35 28808 88
92 99 30092 138
8 78 12620 453
30 15 48912 387
6 82 134843 648
6 23 16328 198
60 70 115369 179
31 12 32787 216
95 96 24475 561
69 27 9045 81
2 64 5654 86
66 25 7359 156
21 75 19489 111
12 73 22521 40
61 37 29358 34
67 58 53058 64
79 49 60026 46
37 85 10896 299
72 79 27662 227
74 2 24574 381
46 45 7669 396
45 55 21517 87
41 19 31635 123
2 51 43002 398
89 87 30621 434
15 18 12341 746
56 85 39085 56
75 77 41054 297
25 59 40044 469
63 51 65608 132
3 48 11145 100
84 14 17834 372
58 69 9572 77
28 64 30944 260
27 53 12639 90
84 67 16434 207
54 5 8807 684
30 28 10629 226
98 26 55362 127
76 69 53897 73
88 32 45853 67
25 1200
31 20
30 80
45 177
63 1280
53 410

25072043
