100 499 3 3
66 67 9618 1694
66 98 30362 30
66 99 44084 123
66 100 55821 261
66 75 147582 173
66 76 9843 87
66 43 419925 37
66 78 5467 108
66 94 19217 95
66 11 4732 130
66 10 56172 92
66 93 31753 22
66 21 35157 230
66 17 29129 939
66 82 3622 303
66 4 73036 81
66 15 6863 620
66 35 22349 241
66 48 125220 188
66 34 16230 15
66 56 3488 196
66 4 11564 125
66 8 68678 425
66 71 23835 1116
66 59 15510 415
66 5 5048 89
66 41 17554 395
66 23 53345 54
66 52 14876 223
66 52 7155 77
66 62 4675 245
66 39 6785 249
66 58 42326 429
66 63 26635 197
66 45 19411 47
66 59 75444 34
66 5 4366 92
66 80 54711 188
66 91 26361 347
66 88 20986 267
66 12 8398 105
66 60 86087 64
66 40 73206 86
66 32 17371 18
66 10 17707 158
66 34 50609 40
66 95 132790 137
66 95 3182 292
66 100 31357 71
66 15 45714 401
66 16 19762 32
66 97 31456 139
66 57 21353 168
66 27 395448 171
66 50 61116 108
66 20 8202 235
66 3 26809 306
66 48 11436 278
66 33 63618 112
66 51 28506 489
66 5 45334 970
66 24 14674 46
66 79 31849 39
66 37 13603 9
66 43 29111 47
66 18 19127 448
66 76 19556 100
66 67 3511 27
66 43 6748 255
66 35 33217 1115
66 38 28373 19
66 87 29774 78
66 7 45206 116
66 25 58537 228
66 25 187376 483
66 9 30611 126
66 30 59932 497
66 39 8090 49
66 78 5005 480
66 36 32502 81
66 68 91744 121
66 23 30029 126
66 57 40802 267
66 91 25694 50
66 59 52993 691
66 37 17747 271
66 47 32300 83
66 43 22291 186
66 9 38504 217
66 91 8333 227
66 18 37490 57
66 9 10506 72
66 52 47923 624
66 59 43658 68
66 89 6635 85
66 64 8444 344
66 94 20409 202
66 100 13321 121
66 44 13521 1713
41 37 18968 146
84 63 2453 272
82 73 23660 134
84 82 58703 206
61 100 18156 399
47 93 430108 155
47 39 17876 250
82 88 4313 58
86 33 21584 315
33 39 12397 48
73 70 18709 33
44 48 42534 688
40 82 9724 65
48 19 8900 128
37 11 25301 786
4 13 5471 715
94 93 17171 24
68 72 47702 122
58 45 4910 121
10 90 20149 93
87 52 24779 57
1 29 7270 718
32 4 23118 412
4 45 2880 231
68 37 45595 235
10 88 28647 131
12 19 46494 124
8 26 1618 279
14 78 105976 507
59 71 25974 182
44 99 15127 130
51 2 48887 325
21 73 66350 71
100 66 8078 300
68 14 14011 77
12 97 38720 41
29 98 55808 59
79 15 16999 59
98 60 37072 41
55 43 7605 1029
77 43 52577 167
84 75 37150 457
79 91 17507 202
20 82 4969 131
87 65 114623 28
22 47 9490 288
31 83 13176 158
55 52 118443 25
12 38 6006 166
48 49 11460 95
72 61 21945 64
57 38 41318 68
58 47 10408 50
31 71 6478 139
78 33 54063 126
39 90 35768 258
79 72 22450 384
23 26 40942 222
74 8 24037 33
37 2 228253 177
97 68 11629 63
42 58 30576 616
78 11 90904 44
15 47 41351 143
18 35 60502 167
29 47 37124 352
99 24 2156 51
40 58 15779 162
78 29 31962 365
65 68 18826 510
62 51 13127 151
97 85 8854 172
51 48 18544 393
87 88 10424 672
23 9 13386 628
36 68 24963 119
46 1 34712 48
10 51 22413 94
52 79 28118 148
37 26 29830 41
24 30 41966 60
47 56 12474 32
80 62 10526 14
58 42 6343 212
34 26 12278 109
60 62 61323 71
24 29 14201 475
92 62 24902 16
21 14 9546 156
100 17 21024 181
25 7 55457 102
19 57 28763 246
59 94 55047 236
75 59 22564 22
71 46 117326 79
90 41 43013 635
91 95 25619 167
93 17 7262 247
84 94 250907 79
43 69 72068 175
5 35 26085 48
17 25 71389 197
45 73 4543 202
34 45 78686 163
52 51 11343 52
4 67 279270 334
18 14 17502 62
62 15 62917 9
3 46 13472 155
38 43 6894 98
30 11 55786 75
45 35 28880 106
59 81 571644 56
48 100 14436 144
18 2 4729 137
39 3 9426 68
87 61 15270 101
47 79 48262 227
90 28 61411 109
35 99 12517 28
50 63 33951 15
75 96 120838 124
71 53 38313 35
79 92 31015 886
93 65 22099 312
59 23 13036 123
97 93 90208 31
39 92 36232 394
50 26 368374 204
9 23 16877 241
26 37 8416 63
34 42 51096 473
87 9 5201 101
99 67 167711 219
71 80 64315 235
96 85 40234 73
46 62 2872 99
39 46 13170 76
90 67 205473 76
52 42 30959 291
24 5 5192 570
74 26 114208 63
82 36 27949 459
61 92 19137 93
92 16 9782 104
36 67 3868 99
62 61 79761 272
100 47 31153 106
90 95 28170 176
91 8 101484 24
87 6 88184 26
53 48 21907 239
24 88 30700 649
34 56 38864 270
21 47 48153 32
38 13 10764 24
37 43 37922 113
73 78 50022 236
52 60 14979 90
99 26 11521 129
77 14 28313 455
28 5 32238 1068
17 83 2575 200
49 41 38561 58
8 69 33041 342
73 82 21068 762
88 73 15344 264
9 6 25601 559
17 64 9985 214
58 29 3290 588
59 45 32906 341
49 68 2694 107
81 57 9307 210
3 83 16785 3548
29 65 119521 103
89 63 21056 2249
78 21 4450 77
90 30 10669 103
59 35 6445 46
30 62 15484 77
50 80 7435 108
100 9 13237 385
24 17 111795 203
39 2 120902 5263
87 29 3828 122
54 98 39218 13
52 74 82050 281
11 12 25451 59
75 85 65355 322
39 94 24578 186
9 79 28014 204
85 40 14518 120
74 62 30652 65
47 4 30628 438
18 78 65560 52
31 89 62073 340
32 57 72195 78
10 9 28858 219
43 2 180744 331
45 56 22063 57
6 95 309008 178
65 1 34047 190
25 87 180633 82
2 40 100487 215
47 51 8450 118
39 12 25579 127
5 15 27462 75
19 44 2926 151
65 61 11792 701
90 70 6902 196
22 34 16605 21
35 67 10317 108
36 20 14811 1513
84 79 6676 691
88 62 63210 1414
71 40 36939 151
51 77 12654 70
45 55 41581 234
53 59 70149 121
34 93 28523 673
15 24 5780 116
19 35 87982 750
42 13 32088 125
12 16 9258 525
84 50 43046 54
43 26 65072 174
56 48 30872 71
22 100 43766 560
24 74 37307 57
63 5 74904 62
100 48 22674 148
16 1 24128 340
89 26 117318 225
5 1 37946 29
27 49 12353 775
24 49 16871 84
68 34 6850 81
57 27 21382 91
2 10 21150 209
29 95 18016 132
55 88 34981 142
31 97 174846 190
48 87 9508 349
9 12 12234 68
1 62 42855 143
43 94 20360 256
13 14 95111 357
85 36 95944 163
82 59 22318 628
90 85 148833 237
87 67 11099 171
23 16 26601 506
99 80 13630 90
92 94 23514 508
2 37 64750 109
12 84 6061 281
50 19 81425 182
20 75 5045 248
77 27 27280 77
41 88 64013 309
36 45 105728 476
44 42 177464 371
46 75 45635 262
90 94 17655 106
4 89 16912 1562
57 9 6950 111
28 9 26562 56
8 70 180002 85
14 39 7457 48
33 60 3132 51
49 56 48830 76
59 93 6671 509
85 18 193383 25
72 2 5963 74
41 42 7836 111
61 7 99034 231
32 53 10583 277
92 38 12799 139
69 76 11437 58
74 100 6626 205
94 13 15386 133
92 53 47466 104
7 52 9190 872
19 13 4549 1292
88 29 9467 72
25 33 31271 135
22 1 24447 34
49 12 22535 59
28 66 44319 363
57 1 13254 192
73 5 10806 165
85 39 27665 224
8 5 36438 29
80 50 17863 292
92 27 11374 229
94 28 73906 511
16 98 57224 448
33 5 18310 88
86 39 42342 607
47 86 41169 53
29 59 10862 153
29 1 22975 474
72 57 52566 387
57 95 18515 155
48 63 10553 181
68 19 17141 78
79 29 62601 539
68 35 27331 450
7 42 2495 167
81 25 26088 61
100 86 37692 84
29 4 16853 119
36 72 4471 429
13 18 18657 57
100 44 18278 167
50 95 69831 59
62 9 9296 523
75 12 7020 26
94 49 27031 309
75 66 7113 93
77 20 3346 72
24 94 232455 18
40 92 9140 149
1 97 53419 122
95 58 4385 32
5 28 8441 241
63 7 3354 63
2 49 20535 87
2 60 15985 64
61 19 13179 160
40 98 31235 102
81 20 11083 110
68 30 116415 67
9 33 41746 23
19 22 22523 43
76 69 10632 129
76 15 6150 351
11 69 33280 218
41 7 6516 401
28 72 61545 25
82 7 97788 280
59 72 30651 102
1 94 86571 229
70 65 4292 328
34 84 33501 662
87 92 8812 157
41 65 78296 245
6 16 16671 82
41 69 89583 177
37 17 7560 167
32 36 11590 544
19 67 20403 301
42 39 68454 132
19 21 26695 77
30 48 79971 104
84 99 45322 111
28 50 23075 731
21 25 44309 207
37 20 19962 88
57 96 34385 23
81 2 21530 103
90 79 127491 100
41 78 4489 1314
56 29 30690 894
2 63 8792 235
99 43 12860 229
25 13 123037 159
90 27 32000 815
98 83 33298 343
88 20 40497 97
18 29 11235 290
46 49 53095 300
20 91 111569 54
21 68 9227 41
86 15 150841 286
97 4 64031 317
98 25 36991 266
27 46 9535 296
31 92 18047 2766
6 85 149259 94
67 24 83072 219
55 25 132286 314
37 31 7757 615
35 81 16169 176
12 44 4876 151
74 34 15076 143
10 41 81403 159
4 31 19775 106
74 91 13980 441
93 4 15538 142
71 25 132113 206
97 47 61011 41
72 52 28060 149
37 48 7618 104
7 96 37758 338
92 37 160744 217
49 19 7288 112
8 43 45658 230
65 81 64018 59
70 34 64353 102
66 891
90 30
87 144
94 1090
43 87
9 90

25739929
