100 499 3 3
14 92 20629 9
14 9 3069 114
14 96 122093 85
14 93 23750 108
14 13 25745 835
14 41 6924 33
14 52 78531 162
14 45 97983 216
14 21 21346 123
14 90 5702 121
14 48 123448 95
14 4 9791 132
14 83 12483 278
14 17 132738 123
14 79 28708 119
14 19 25162 790
14 87 16657 232
14 40 22585 46
14 65 23885 123
14 97 38550 665
14 8 17316 955
14 31 92740 12
14 18 54881 522
14 37 7841 155
14 62 24417 67
14 59 16528 67
14 56 34774 126
14 5 5182 170
14 73 218186 30
14 54 75090 303
14 89 33981 60
14 24 5932 99
14 86 10758 18
14 23 3189 101
14 70 13288 276
14 84 19489 36
14 68 35242 376
14 71 95969 197
14 82 19349 426
14 33 73513 36
14 53 199625 91
14 55 29791 118
14 49 23994 353
14 43 74701 467
14 88 62767 172
14 76 14221 111
14 22 11151 64
14 3 17452 57
14 50 24802 309
14 100 18307 170
14 85 116763 28
14 44 29296 297
14 63 35641 118
14 67 6235 93
14 7 74912 952
14 91 8804 234
14 34 23269 142
14 81 41514 243
14 12 69643 169
14 26 36496 474
14 25 112713 19
14 29 104218 34
14 11 35791 157
14 30 2969 261
14 51 39927 50
14 95 9353 168
14 60 65268 64
14 72 20590 178
14 75 5810 114
14 69 24343 280
14 10 7217 213
14 38 15193 538
14 39 13130 619
14 98 22621 91
14 2 16755 178
14 20 6091 81
14 66 7484 267
14 58 10517 77
14 94 19972 68
14 36 33588 1100
14 16 43782 284
14 61 1408 127
14 35 12529 88
14 6 8490 123
14 1 25536 652
14 32 39903 78
14 42 5445 224
14 77 9605 615
14 28 3562 144
14 15 10809 129
14 57 38712 70
14 46 30351 495
14 99 48369 90
14 80 5046 96
14 27 16810 164
14 64 2788 25
14 74 63765 43
14 47 129555 135
14 78 40815 97
82 33 14498 138
71 10 36935 553
97 58 53555 221
32 35 53366 518
3 17 15959 35
46 76 23106 119
3 32 61799 104
48 9 79202 374
39 69 67946 253
35 41 194257 335
63 61 11497 45
91 40 66017 80
5 89 22448 145
36 73 37905 143
58 33 76754 188
30 78 13239 380
40 56 52394 115
87 11 10279 159
11 51 43668 734
100 38 39078 141
94 89 10111 99
62 95 7579 46
20 80 10984 239
2 9 26854 1842
18 97 9680 452
92 67 80965 69
51 41 34914 252
19 88 202975 445
73 87 6687 83
73 67 48222 265
67 47 83979 428
99 100 3088 17
29 82 19571 201
90 91 3669 67
1 86 10302 79
96 86 53182 175
76 80 23037 131
32 26 26651 192
21 43 22181 182
1 25 15562 96
89 40 76670 364
19 65 37954 74
55 39 21953 49
9 68 16903 35
84 34 12459 98
63 22 13048 109
99 34 33776 44
41 58 38802 24
31 4 27396 237
3 18 39865 131
4 69 117673 265
78 3 41685 135
11 98 35583 166
97 72 449850 341
2 18 6370 144
85 16 27820 299
44 3 20249 232
69 8 15210 497
25 79 22868 828
15 10 21712 968
80 86 16222 78
36 28 7076 348
99 64 17499 92
44 29 68030 1025
19 80 54282 200
40 46 7910 387
97 23 24217 183
77 20 23542 477
47 44 18437 29
33 60 8187 261
24 42 5600 70
32 6 37345 806
27 39 17811 309
89 79 10582 112
23 16 58096 24
21 100 10663 252
27 52 12319 54
87 32 52945 280
48 31 24092 293
18 63 9577 237
91 81 36600 95
4 78 119118 538
5 73 19551 597
51 69 8390 147
3 53 17999 81
8 6 36563 229
57 37 1831 36
4 79 6798 114
46 81 25681 71
80 8 11197 67
72 16 14948 219
94 9 103826 244
19 20 12964 373
93 28 59946 204
63 33 15443 69
74 53 13379 335
44 9 11390 115
9 57 6425 553
10 52 189573 254
78 30 17263 1023
68 2 6015 79
92 73 9905 154
84 26 16306 106
53 26 59141 35
23 43 8132 62
5 24 3601 217
62 77 63833 55
28 62 5124 66
34 30 7537 292
57 63 57744 1009
61 13 8713 182
2 44 15103 127
92 90 19410 203
55 88 63444 163
86 25 13463 248
44 59 31111 377
11 48 11497 30
52 47 41838 87
53 39 12615 176
19 42 9575 84
27 28 34911 379
73 8 21841 458
100 16 4976 220
38 87 20310 103
65 66 4918 211
93 6 4991 564
57 79 8579 196
55 59 65559 338
67 94 37330 30
45 50 16027 164
94 45 20810 334
61 87 13901 123
63 92 3268 152
40 81 3305 1856
17 34 25339 59
15 13 11324 514
53 7 17918 35
59 69 11540 21
95 76 50509 117
40 43 10535 219
66 54 36147 68
80 14 18722 130
22 9 14838 248
90 14 6274 52
97 36 49698 124
17 48 37207 67
5 96 15576 135
46 61 18946 115
57 28 33221 165
15 38 168658 326
9 17 36584 323
35 75 31974 44
50 69 19069 123
91 37 8192 379
35 31 56976 38
61 52 6698 86
70 1 17397 176
65 55 30093 210
80 68 38043 58
84 11 23042 163
99 48 4275 535
9 50 21425 102
83 79 39425 1329
31 12 29909 35
85 73 15393 293
51 24 40631 902
89 97 18354 59
45 23 20138 325
21 69 5763 365
76 42 10080 1423
62 65 77974 194
15 65 5698 388
32 15 12760 151
25 4 13189 238
77 5 19804 111
63 94 181382 158
69 90 45322 54
68 52 23502 41
66 83 5063 710
81 64 33375 412
7 39 14752 133
30 16 42728 110
17 33 28374 28
10 9 26855 53
25 69 26759 58
82 13 40976 428
4 19 6605 65
63 77 29016 282
55 20 74653 113
59 57 29731 125
94 65 23303 170
37 34 30278 684
66 69 38957 62
33 93 192363 795
34 79 55288 146
37 51 25066 437
76 89 13608 78
4 95 68076 214
80 10 5592 402
36 54 15600 171
38 76 46539 53
9 29 59333 149
42 100 4142 665
94 70 2161 626
24 6 18140 51
92 37 55242 42
30 77 38722 151
49 68 15226 551
97 9 72613 165
47 38 17188 22
83 26 20359 55
98 29 50716 150
90 80 3937 43
81 66 33279 84
65 35 16426 24
76 92 19984 211
60 8 120808 63
35 64 63814 189
79 21 26305 38
6 65 16402 48
8 11 7683 33
65 73 42353 139
79 49 18410 115
81 96 11675 283
18 35 28791 82
77 61 16393 22
22 55 13537 262
2 41 11221 25
32 28 14389 98
61 3 8784 32
97 92 88866 225
65 81 93290 290
7 43 89036 38
58 80 43131 37
44 85 4224 18
94 60 85205 1061
24 65 36767 28
81 93 35935 183
78 97 13762 139
65 95 31811 116
94 5 144357 128
22 97 13479 214
20 83 55930 50
9 18 34966 89
41 12 59743 76
49 56 16027 256
43 21 402515 191
44 94 27903 44
7 38 31805 75
65 23 10110 89
15 93 50206 141
57 51 43178 78
88 82 16808 285
72 26 46536 55
81 59 8753 47
100 85 44674 147
100 48 11515 1088
41 86 31523 529
57 13 6574 141
66 82 46844 45
26 40 6680 525
65 62 25676 23
39 63 15106 333
79 71 4550 186
31 23 15575 280
92 55 48479 107
80 88 54868 53
21 80 16193 76
10 4 28274 191
49 32 164688 198
91 13 34104 19
20 79 55605 373
25 46 38055 541
28 89 98887 369
19 91 5461 227
77 53 3707 673
88 77 18682 54
81 89 49434 112
81 36 27686 278
1 29 10499 78
71 73 13733 618
39 7 11944 25
34 96 10152 78
5 100 65269 41
63 40 277924 103
85 18 35149 349
55 15 30914 244
32 25 12957 660
38 48 13474 11
71 13 31872 357
89 3 9858 68
84 45 17894 285
98 38 7767 45
75 53 10047 171
12 38 12967 127
34 97 98399 317
8 17 11006 51
87 23 3880 83
16 23 19764 210
72 11 65140 194
8 65 9232 154
72 41 34646 12
54 3 14858 139
9 10 19028 202
44 61 67661 307
15 74 39262 120
66 23 55058 34
53 57 20369 259
70 15 11292 585
7 30 33100 301
89 78 34071 362
56 28 7550 64
75 65 67148 157
84 32 6720 649
42 50 5585 16
13 70 48134 304
51 46 188091 129
100 55 4870 93
59 4 27626 508
16 41 26251 34
57 61 60105 316
26 98 42815 663
12 43 6000 911
68 25 26643 2620
33 35 17420 56
80 11 19720 120
57 33 23655 149
1 59 26276 57
10 20 16375 12
34 62 11334 466
82 79 6090 102
74 44 4115 36
73 68 46260 104
87 42 18873 245
39 77 25993 61
24 41 9176 187
58 23 85251 89
85 98 9269 660
30 22 18085 25
83 40 14038 382
27 46 40425 355
5 49 9291 242
23 55 21079 129
26 44 7352 87
98 75 20027 115
78 76 19818 339
87 94 109583 159
18 87 57809 802
42 77 29975 157
93 42 1097 299
17 85 13977 358
92 40 14422 35
98 1 14826 186
72 28 7804 85
32 64 3561 1049
46 60 22788 215
99 42 3806 341
8 94 8460 293
6 25 41704 333
42 90 2560 70
60 54 5679 870
20 84 19456 39
13 47 73786 207
61 53 8181 261
30 68 47241 92
78 47 27510 70
54 48 46530 31
84 95 58359 43
90 82 17251 89
46 64 16326 418
63 16 36051 207
29 16 17329 105
52 69 13062 187
4 5 5875 93
39 75 9353 893
20 40 14449 428
99 71 17536 885
65 70 11688 329
9 37 31427 259
58 85 22897 148
44 64 16315 102
50 25 15545 251
38 53 7786 233
90 79 87950 124
44 11 11160 279
22 45 8816 488
12 94 4463 402
43 45 11328 68
15 70 58160 164
25 33 58620 130
94 16 9596 29
19 7 24984 56
9 5 5304 234
84 21 9225 18
30 62 25269 258
89 60 26953 402
92 70 74310 101
90 95 52033 114
2 35 28679 27
65 10 15798 88
14 495
65 150
44 54
79 61
69 229
23 207

7861518
