100 499 3 3
26 67 7911 124
26 56 41419 423
26 92 6005 86
26 43 38013 472
26 97 13044 53
26 95 40419 202
26 83 24830 124
26 4 75253 326
26 54 13352 167
26 14 65566 90
26 61 169332 1568
26 23 67644 435
26 68 3746 199
26 82 2881 188
26 19 39390 133
26 29 24199 111
26 1 33855 371
26 25 24801 1211
26 91 23452 420
26 50 38760 352
26 51 20949 20
26 13 8494 1233
26 75 29063 188
26 79 67039 191
26 3 20652 74
26 47 89538 24
26 85 3687 69
26 35 6797 431
26 76 48395 271
26 9 5299 86
26 89 89181 121
26 44 7316 107
26 45 24526 330
26 69 49091 128
26 81 19197 289
26 49 72508 389
26 94 15196 143
26 93 19756 49
26 7 2973 391
26 66 61360 258
26 18 30575 47
26 28 11952 163
26 2 5656 17
26 22 25103 396
26 15 139779 136
26 16 20797 79
26 21 3467 45
26 80 15796 24
26 62 4734 1938
26 84 4722 242
26 100 33882 187
26 72 10838 133
26 59 2359 154
26 34 143010 108
26 24 55028 281
26 6 68920 2873
26 58 23773 211
26 74 13121 74
26 30 70602 140
26 40 41752 50
26 27 58104 120
26 88 7096 110
26 8 55624 909
26 90 29911 150
26 41 52349 310
26 70 28262 121
26 48 94224 102
26 5 8323 114
26 46 14582 324
26 32 30663 144
26 65 27628 240
26 38 19815 381
26 53 27264 510
26 98 31250 131
26 20 25807 215
26 36 23781 65
26 11 20419 133
26 86 7578 169
26 10 20498 124
26 78 34739 194
26 57 83589 164
26 52 74146 316
26 12 14543 449
26 99 3934 204
26 63 26900 181
26 17 30668 98
26 42 270859 30
26 31 4855 98
26 55 64439 147
26 64 1916 94
26 77 3076 344
26 73 187659 8
26 39 132619 918
26 37 3209 34
26 87 6114 98
26 60 8463 149
26 71 110743 243
26 33 6042 49
26 96 196504 709
97 37 14018 25
92 74 29529 52
78 72 21543 72
83 76 20246 341
31 67 43805 99
13 40 12033 253
32 53 14009 307
19 2 183991 58
52 80 19480 361
31 79 106727 291
7 15 9639 126
55 48 102229 91
21 82 16997 17
1 36 4232 24
78 67 12940 257
56 59 15414 218
40 63 20087 210
73 36 40265 339
5 62 57531 99
42 12 324448 437
73 82 33285 689
76 49 1646 50
90 71 3556 48
53 44 34944 211
53 63 1604 8
28 15 2938 228
5 91 54175 163
83 52 36371 65
91 86 102046 71
69 23 24338 100
28 22 76928 75
47 45 20200 700
13 62 14739 654
1 64 34544 95
97 14 8879 84
5 35 61797 124
49 46 6511 259
2 70 26702 178
22 91 29407 247
39 80 39575 238
57 33 45429 124
37 100 151361 240
39 70 250302 52
22 97 28080 47
98 9 24068 511
91 59 23317 45
69 18 17850 442
97 21 4506 54
84 41 18871 70
27 49 9134 156
41 37 9965 118
53 21 11697 229
3 91 14053 365
58 53 10457 364
84 68 9889 1020
24 52 44713 21
9 91 27424 499
47 96 50979 280
6 78 10644 16
41 98 8413 97
23 3 3936 128
67 24 21305 129
74 83 112529 121
47 15 11025 62
18 92 12785 129
99 98 10438 513
4 19 28670 51
56 71 31926 206
2 49 37054 270
83 93 29437 117
30 82 8257 815
78 45 25724 122
43 46 16176 74
31 42 64667 341
37 48 10246 503
69 68 5089 36
2 98 29452 425
72 7 43411 347
72 44 178313 34
97 92 35417 144
60 13 45725 510
92 37 23645 221
78 63 36732 23
72 3 35505 583
10 67 50925 30
92 51 28748 161
52 32 102255 109
48 61 18833 52
11 26 22487 309
33 19 12516 75
63 82 65111 101
54 6 22714 604
2 6 10019 75
90 7 4936 729
38 64 33495 87
11 74 17063 154
47 2 17200 299
9 67 8376 101
41 21 7725 137
51 20 19935 150
50 24 20053 69
21 71 32475 882
56 73 2499 290
77 10 14919 35
77 83 11318 219
97 87 17292 161
24 60 24303 398
68 10 61346 128
16 43 32246 268
33 1 16604 62
62 11 16371 258
84 24 29434 381
48 58 15178 60
52 47 12256 33
98 46 22767 133
1 11 20934 319
31 95 33641 477
54 14 166149 136
66 81 16166 41
46 91 20066 67
56 44 81319 88
54 94 16879 14
57 86 135243 70
46 74 2588 867
84 16 12404 31
83 21 24548 71
13 56 47754 60
8 84 50140 344
65 36 58732 248
77 58 12194 139
60 37 80080 278
63 81 65606 37
40 72 14796 446
22 53 64130 97
14 42 46066 391
16 88 60104 185
90 32 9203 716
18 70 6022 54
61 74 3497 87
2 97 35269 139
63 45 36244 74
70 63 162360 121
79 50 39752 121
11 80 50571 32
17 24 5233 491
78 17 26841 270
66 96 36353 143
27 41 22658 82
80 88 3169 1688
63 69 31835 75
16 4 50812 151
57 24 21332 72
48 77 14985 107
16 23 12929 91
39 15 12799 60
41 1 2887 207
91 56 66910 79
92 35 18486 268
47 59 6316 137
35 83 27948 114
5 86 6446 59
68 74 4360 73
54 60 6874 146
53 24 318974 519
95 98 41935 49
98 87 19251 288
32 65 9416 60
82 19 68950 507
76 48 12298 101
96 14 6279 177
41 65 19430 1738
18 20 32632 72
68 38 44966 310
11 67 22206 120
65 28 13767 50
96 24 10710 257
7 24 19005 253
86 1 21869 96
32 76 14022 186
85 65 11598 107
49 30 17821 73
22 66 20294 83
10 98 9638 93
38 39 21551 167
53 78 15890 41
27 6 37479 159
18 19 33072 43
98 18 187713 25
65 55 8107 130
28 53 29920 313
98 58 5854 139
44 57 11341 36
75 65 28837 30
55 70 4653 265
67 80 18653 26
40 19 2635 272
92 77 79928 14
66 95 28215 40
45 63 17537 47
24 3 11196 133
34 79 11541 274
83 35 244323 62
95 31 16385 187
77 45 100103 48
41 85 11328 523
54 46 462566 89
60 9 10631 41
78 89 22589 144
38 100 37145 239
30 79 7508 262
90 93 25698 54
87 71 36875 25
27 80 74779 98
84 6 7524 269
86 39 2095 140
61 33 17671 41
68 66 4450 171
10 57 17425 20
20 55 23208 460
1 4 15932 121
43 23 4227 149
71 70 16720 133
85 34 78737 179
47 93 89841 54
89 94 24733 109
14 33 61346 136
44 40 5369 57
74 36 81516 315
66 74 4919 47
86 12 12040 340
60 50 46066 217
94 90 17839 226
96 2 32235 181
2 37 24409 141
16 61 118913 56
62 100 304624 115
42 1 8579 151
69 64 7953 58
9 16 22973 412
67 29 4220 366
8 44 3866 95
57 45 5666 90
44 56 38355 733
39 34 5576 39
88 80 50282 107
49 31 8790 86
38 92 1548 29
89 27 13132 768
23 12 25942 273
42 69 2981 289
7 58 9696 188
48 29 37949 431
88 3 10806 1048
80 40 6595 561
30 85 11470 70
75 63 19759 123
29 64 8136 1148
29 54 32355 87
16 67 15669 102
56 94 3811 149
66 46 14591 340
7 9 33212 93
21 3 21432 482
14 84 3518 189
25 98 26576 31
22 36 60708 31
13 64 57680 157
43 100 18255 15
45 79 17940 97
33 97 27580 70
2 67 7221 161
63 31 26216 148
83 59 45085 269
33 35 39472 91
10 60 7956 109
37 33 15893 38
80 34 18815 269
52 76 10547 324
9 34 35686 125
21 29 248166 69
75 15 4521 826
64 30 6850 100
41 44 4978 448
32 94 38093 559
55 60 5595 382
91 4 54144 477
44 85 14972 370
68 22 3774 277
7 27 38368 168
68 44 11805 302
85 4 10948 321
97 79 26664 77
54 10 22150 283
86 52 11453 90
37 81 4301 110
93 83 23492 300
14 20 137007 135
40 36 18333 31
81 32 29530 468
92 57 281914 245
46 84 22463 317
29 48 10020 58
68 61 11022 651
24 82 16572 597
63 40 9999 215
23 88 25918 29
38 7 10611 77
4 65 27951 91
16 29 60786 60
69 80 38261 469
61 79 10842 307
7 57 16363 59
49 41 21060 76
88 100 5549 304
98 19 57918 39
73 34 65937 238
85 19 13002 47
65 63 132853 64
16 6 13150 132
42 13 29864 247
10 59 21734 43
19 85 21228 39
5 4 71833 135
29 33 26673 56
12 58 30568 232
23 40 13378 294
80 36 70843 83
50 3 5101 49
59 13 7631 55
53 77 5182 277
89 97 101567 48
12 73 88877 197
100 3 47781 43
99 3 48098 71
72 90 27281 260
14 15 9758 68
21 30 46548 207
53 100 73387 170
45 39 12448 127
63 1 11496 73
12 10 54180 75
1 72 12792 1023
87 23 4100 237
22 57 15255 236
55 6 20540 73
73 93 3855 99
62 29 80617 69
9 38 13127 1230
99 51 26268 501
71 31 3193 87
60 82 51176 552
70 96 8578 57
78 71 53647 29
46 7 13729 141
27 93 6390 18
36 38 11223 327
95 73 3259 48
50 66 16938 56
92 27 11536 58
25 23 18047 184
61 91 11164 78
80 5 80581 519
47 98 30278 155
15 58 2102 76
65 15 99038 161
63 49 26466 108
35 3 9057 882
40 34 25268 300
94 69 23887 42
69 71 22611 166
84 93 7241 51
58 4 54249 110
96 68 19069 130
31 98 40989 181
48 21 30958 164
13 34 66720 446
63 36 16281 154
43 96 30342 566
64 26 82271 353
28 36 39695 195
40 98 71525 45
89 99 9084 49
82 54 40541 535
53 95 82862 197
17 51 8004 537
40 4 19713 325
29 79 5375 244
71 52 60495 114
33 45 49873 60
66 86 18177 516
30 69 71457 50
11 92 14683 216
40 89 22860 73
57 66 15652 363
75 85 149009 82
54 28 20906 559
99 9 17995 1665
21 61 4430 1345
72 55 37429 154
65 6 23208 500
26 990
63 81
53 56
98 69
36 497
3 131

22849743
