100 499 3 3
43 93 27614 140
43 29 23528 285
43 27 32986 83
43 94 20479 88
43 44 120918 270
43 87 33417 18
43 89 6966 43
43 20 2006 428
43 19 7272 106
43 31 28504 314
43 44 32647 138
43 3 115262 172
43 56 9037 86
43 25 15780 158
43 27 23605 246
43 64 17170 615
43 52 25254 270
43 27 381719 343
43 34 53888 749
43 33 41206 224
43 23 20380 1970
43 5 98436 298
43 23 13819 140
43 3 37789 138
43 41 9344 65
43 13 9761 280
43 34 6901 527
43 46 19417 97
43 53 10132 508
43 84 31110 157
43 98 60851 67
43 54 8419 76
43 47 51602 124
43 5 48848 212
43 33 18487 63
43 67 22037 59
43 15 18931 273
43 85 15746 303
43 96 19298 257
43 70 17485 225
43 38 23108 127
43 88 17758 75
43 55 4473 73
43 55 200786 69
43 73 287878 71
43 16 28517 250
43 54 15651 194
43 89 13965 193
43 100 3278 34
43 2 81566 155
43 29 20887 35
43 35 36223 65
43 11 9934 883
43 6 25819 271
43 83 20607 210
43 37 12725 1078
43 96 30431 1152
43 7 13186 197
43 31 14326 62
43 27 97384 577
43 79 10674 1001
43 25 5623 115
43 84 96954 135
43 66 13732 738
43 24 7062 101
43 89 7275 60
43 48 5909 725
43 72 158612 427
43 98 35572 255
43 71 73900 166
43 20 23362 1969
43 81 8630 86
43 27 13851 136
43 3 75554 68
43 97 16369 516
43 70 111310 70
43 80 18611 36
43 12 60177 431
43 73 6500 593
43 27 35220 135
43 69 2399 158
43 79 29657 411
43 2 40038 136
43 9 70991 37
43 70 29344 222
43 88 7390 201
43 47 65439 363
43 57 11810 106
43 64 4510 291
43 36 49439 91
43 55 18804 95
43 60 50544 32
43 93 6783 147
43 20 89031 103
43 65 18499 251
43 20 55088 215
43 79 5716 105
43 80 8622 322
43 83 88691 117
2 29 7432 114
79 2 10519 2152
85 86 98429 248
59 67 8461 329
78 81 30134 166
14 23 12244 874
78 71 39493 540
39 98 47484 89
10 77 8102 60
64 19 5634 249
61 12 104035 14
97 43 54831 3077
72 53 40767 75
96 39 65827 120
59 8 4092 471
57 74 14783 1054
17 7 468 35
11 34 118405 753
4 66 11202 412
26 29 11600 259
10 79 2800 208
52 58 207103 153
58 25 35862 300
56 65 17471 170
4 8 23894 166
34 2 10193 273
93 47 25669 158
6 96 75064 165
52 46 64163 242
99 11 21200 197
100 43 14290 95
32 23 81433 657
64 41 186989 386
40 7 11421 17
63 22 6409 225
65 45 7032 82
77 25 10386 23
9 53 144506 1025
12 64 21905 87
9 74 4923 85
89 54 83545 55
61 22 3989 106
37 73 25545 52
76 37 75824 41
37 83 59208 49
61 42 20350 542
52 86 10496 124
69 88 22087 187
3 80 19979 714
55 37 15036 57
100 72 56810 224
45 9 47568 4025
84 62 79063 302
31 50 63413 48
24 62 19313 436
72 3 14223 42
10 3 14317 144
20 44 12234 262
15 3 46258 1490
36 74 6100 459
100 89 35323 223
70 28 9321 69
3 97 6818 561
42 2 2850 188
2 72 24283 1181
11 22 17092 291
92 97 16370 1166
59 36 11863 199
85 39 26186 201
60 69 22811 405
89 67 24270 381
36 6 18408 502
57 43 14674 326
20 46 3106 585
58 55 93026 112
34 7 34424 423
68 15 14246 243
38 8 10797 136
99 1 30263 244
46 82 55230 32
82 1 4068 33
7 69 7084 30
89 65 7810 417
37 66 14387 123
64 35 30158 151
31 25 29113 103
7 23 3359 418
45 66 4269 88
78 36 10148 54
36 11 70202 70
99 18 10211 232
89 29 28819 132
97 9 65694 56
41 62 10004 360
80 86 43647 97
81 40 19258 313
63 46 20995 200
31 39 11632 361
14 65 18785 108
64 57 94967 40
37 82 47654 70
84 20 15605 93
46 63 42215 222
2 6 10621 156
10 86 18839 226
54 77 68348 116
52 44 16237 327
100 52 14604 20
92 65 23265 263
91 2 62142 36
85 53 39831 82
41 74 12851 99
80 1 15391 11
6 14 25369 51
47 55 7834 333
50 17 22102 91
10 8 76598 690
60 30 31705 597
40 51 34910 31
17 55 44653 61
50 51 43605 187
16 65 14246 280
74 49 3252 1108
33 72 33976 193
12 53 47519 60
90 3 26009 80
79 66 31339 345
28 5 7107 313
26 93 7236 571
86 98 17283 63
15 28 15818 88
83 52 9877 242
70 59 17596 325
51 94 19503 507
31 26 35182 41
31 8 31636 73
28 8 70016 407
19 88 62595 236
26 52 5211 65
51 38 10036 212
40 95 18593 51
97 47 5198 104
78 42 6890 27
7 68 5809 32
84 8 52378 68
72 78 6405 56
50 9 14828 43
23 40 18156 33
33 34 4233 332
27 100 18254 451
79 38 36538 92
18 93 22360 285
47 63 17625 116
17 63 93402 94
14 56 15982 345
36 89 15544 40
9 43 25249 73
76 45 16101 295
21 58 20535 444
66 36 57188 59
14 83 2678 989
92 34 22093 77
40 52 63082 1526
65 76 3656 83
32 24 85986 467
89 97 9395 92
31 70 11533 107
52 92 25176 375
79 82 35946 181
75 17 136700 55
27 68 76909 53
57 69 192361 168
96 22 21013 73
60 51 16848 353
37 87 54190 192
41 30 104216 153
8 44 38447 325
22 10 80886 158
68 72 78351 327
47 100 10993 860
72 61 64433 191
64 66 6171 40
5 11 28402 188
57 3 13223 101
100 84 147848 64
78 5 22516 168
45 80 41194 66
10 98 31736 163
24 58 34005 105
63 53 10282 24
51 23 13399 31
5 22 11962 223
48 9 9742 29
66 49 29877 93
96 97 98797 82
17 35 70868 215
98 26 57170 119
70 71 17281 82
72 99 7636 323
9 55 29573 477
94 49 15979 495
63 20 9874 249
96 52 93730 94
22 41 20223 299
3 30 2310 66
71 40 38278 212
17 79 13735 123
94 98 91154 37
74 17 5736 69
92 48 25017 31
58 24 3344 45
29 67 251930 314
81 64 162771 66
39 86 5056 309
2 50 30769 250
69 95 73453 20
17 64 17424 44
51 100 101434 107
79 29 10944 466
86 76 18616 169
46 19 27914 80
38 29 23264 99
90 37 29532 484
54 73 2738 23
8 13 5200 1572
23 96 5730 109
91 10 14590 140
4 90 67110 30
58 51 8627 576
55 42 11857 161
57 82 10389 49
21 85 51448 128
34 60 47523 109
37 69 81981 360
73 40 18161 32
61 18 111747 53
12 4 26694 112
50 76 44974 98
39 69 2943 196
76 74 9545 192
4 7 11249 56
18 87 9861 16
92 12 7489 47
35 38 31983 13
18 65 7319 342
23 100 22430 228
37 27 11825 305
8 32 20184 265
57 93 197986 112
32 80 23274 190
46 84 10106 89
68 97 248034 415
75 38 4774 73
73 71 29647 238
91 77 218479 296
65 17 9080 210
11 77 6359 30
58 89 10211 58
93 49 7200 66
96 67 29311 391
1 70 12451 38
68 52 263305 193
32 83 27680 213
75 59 59125 56
78 82 13889 595
71 36 13369 124
24 75 11558 79
41 43 31352 210
11 100 73715 458
11 61 92237 81
60 13 9267 179
39 44 23011 317
7 99 19522 86
98 21 8742 116
28 43 5152 570
43 58 10799 508
60 45 212259 97
25 35 5963 19
55 98 8434 135
62 64 92529 96
12 54 7536 644
44 39 16920 344
66 60 8185 415
25 5 21053 57
89 95 5732 125
94 87 84133 136
47 91 51864 83
72 59 22955 100
25 69 39171 488
19 54 43612 215
18 46 9109 103
25 86 23075 172
96 82 30323 207
42 84 9242 147
84 64 29775 402
23 19 23290 342
56 41 29806 73
54 66 10155 68
75 99 8056 1137
89 34 179192 378
69 1 4260 106
11 63 23307 33
31 96 9009 512
18 99 7808 36
88 53 16571 162
79 58 32459 108
37 56 19888 338
77 76 24049 425
32 49 18182 59
54 48 45647 328
61 36 5568 102
56 22 15991 115
69 50 5823 180
41 97 41318 114
25 26 84015 274
27 26 19356 127
40 61 17045 132
68 55 77226 21
61 95 148109 73
79 46 31939 17
45 26 20737 175
50 56 11673 39
87 31 40866 98
26 6 30141 207
25 31 9713 73
69 28 16170 194
47 79 29000 87
69 18 215489 98
76 10 132760 49
91 63 35921 21
42 8 79040 179
5 38 71885 51
87 49 4397 44
100 8 129320 317
70 5 7615 58
45 43 24153 274
42 12 11871 224
62 33 39995 83
48 52 54412 118
25 12 49740 921
24 36 2318 84
6 83 38158 141
69 77 12272 129
100 24 3914 433
18 78 49089 2428
82 31 12302 75
92 81 31200 52
39 36 2924 742
24 54 23884 377
48 61 11311 110
93 97 63211 451
6 49 52696 63
99 10 22152 53
82 22 9881 111
69 31 41462 210
79 39 14605 170
27 99 5378 99
10 4 10021 44
92 10 2870 101
80 95 58637 323
2 53 8844 476
68 76 7860 227
38 43 26925 74
55 9 23240 238
31 68 19483 33
27 71 116338 83
66 40 12367 41
30 90 39390 403
14 16 160504 91
37 84 24130 217
42 48 251295 221
61 23 46182 35
95 13 74123 357
65 70 19571 47
100 29 32756 53
45 10 19005 854
32 69 14825 228
76 78 153568 111
34 83 39582 67
54 55 34059 90
71 35 11288 470
5 87 29568 410
52 62 60199 198
9 36 13453 143
78 6 14088 860
55 51 1345 166
72 66 8694 100
49 74 21470 335
83 50 6187 141
85 25 28642 223
60 2 28211 250
88 90 7028 191
90 95 13788 93
80 42 46833 545
2 58 13279 103
68 71 62236 167
19 11 60631 105
71 49 159855 874
36 24 124023 78
56 18 14211 198
43 600
37 189
100 216
55 635
36 115
8 730

36418099
