100 499 3 3
27 52 52628 206
27 19 16168 90
27 83 11391 54
27 33 20985 546
27 50 23738 325
27 48 37332 50
27 77 9234 440
27 36 55029 55
27 88 19575 38
27 26 34020 45
27 7 14357 278
27 71 38627 320
27 89 38402 340
27 96 60624 91
27 26 14015 316
27 71 16744 196
27 63 8294 190
27 25 15318 107
27 97 5683 114
27 91 62084 236
27 67 31653 187
27 24 218723 113
27 85 54268 59
27 23 25650 138
27 54 9349 456
27 70 15380 78
27 2 78184 197
27 64 42857 329
27 65 36445 331
27 60 76710 44
27 95 31358 230
27 93 44042 175
27 70 11598 174
27 3 44582 51
27 57 11108 59
27 64 36555 195
27 40 15201 220
27 58 31389 468
27 20 21538 391
27 36 20390 1602
27 54 19378 56
27 55 19210 216
27 11 31650 34
27 31 8727 37
27 18 14400 121
27 68 88982 113
27 90 67980 226
27 44 29044 128
27 87 7406 582
27 42 38523 34
27 38 13754 29
27 85 24691 31
27 74 55807 178
27 84 17735 339
27 53 26483 553
27 75 17292 120
27 97 104805 1278
27 82 127273 189
27 50 40262 107
27 56 71325 1130
27 12 14917 162
27 16 6361 168
27 96 10047 99
27 21 6416 181
27 31 6740 150
27 87 38450 23
27 76 8163 379
27 85 82278 271
27 41 87184 205
27 29 5622 42
27 48 12026 320
27 69 45224 180
27 83 5535 142
27 88 123198 633
27 21 51740 120
27 84 27828 400
27 21 110934 383
27 46 15963 147
27 40 35690 227
27 59 18146 58
27 44 20097 98
27 94 69850 295
27 73 17354 47
27 42 5103 172
27 57 22227 159
27 76 60378 117
27 41 13999 48
27 51 25009 58
27 34 24326 38
27 18 8306 87
27 71 3461 117
27 30 186775 57
27 88 17435 34
27 12 25703 40
27 72 84847 134
27 19 25577 99
27 63 47987 143
27 100 8991 38
27 76 67429 31
46 67 21354 85
96 50 25296 703
21 59 46665 382
39 97 27057 2319
8 44 16696 75
17 29 7067 56
35 28 71961 264
6 90 27878 223
10 39 30697 157
59 78 195598 910
40 31 8916 26
47 26 44053 54
7 74 40073 157
8 30 10140 964
73 58 5826 138
73 20 47337 113
55 25 17340 196
53 85 7862 409
2 72 59404 145
61 9 22361 117
30 7 54863 282
100 67 20829 61
62 52 6119 15
6 57 19345 130
60 34 12438 499
50 92 18925 162
99 97 26308 520
34 5 6492 107
86 70 2317 438
82 97 42534 32
65 2 15552 154
31 23 40559 59
82 95 121038 46
47 96 5482 33
6 41 71278 162
4 68 61551 727
50 75 9076 158
22 2 35224 139
35 61 51211 97
21 58 17718 313
13 41 31952 85
2 68 11578 43
24 23 49990 77
54 72 16419 76
72 46 12120 551
43 47 151531 98
5 80 9490 106
10 73 22956 432
67 66 5807 156
5 60 14740 1455
78 80 70955 155
26 60 38835 256
65 39 4920 120
25 27 14023 835
21 67 68169 393
70 97 31070 98
8 66 16930 218
46 11 27245 181
25 24 17068 301
81 58 16391 328
89 51 23389 374
43 71 79107 106
43 84 34725 49
59 28 20679 49
38 95 45440 54
71 70 35525 47
23 20 3431 85
97 48 9742 67
1 15 36353 100
90 22 249633 116
83 72 16941 219
70 69 8144 230
48 96 21966 147
94 56 50894 237
8 23 8310 199
21 94 83098 54
50 16 11942 270
7 18 43499 136
12 19 27739 90
49 4 6061 91
84 19 247194 352
30 90 12633 319
62 19 29446 222
73 90 3596 115
62 70 12756 800
84 83 2250 255
50 51 26710 349
6 86 204788 21
43 78 21708 113
71 35 27377 94
28 53 384970 67
79 58 23316 266
1 85 17463 174
44 2 4935 50
80 78 14587 176
73 37 19521 169
52 31 33296 71
32 66 89474 76
1 54 127759 103
18 83 11034 126
17 14 37274 46
100 13 50710 95
43 7 147881 484
66 36 14775 75
28 86 91125 59
61 71 31139 196
11 23 6329 70
15 61 4465 228
7 30 24338 68
43 23 42023 114
34 62 5017 244
20 26 50775 160
92 9 38955 128
91 87 15110 732
69 88 250132 90
82 25 12123 43
45 63 5523 53
68 71 9850 147
41 45 8121 255
15 71 22141 376
2 30 5435 481
41 56 34653 62
18 32 2985 767
7 59 42559 54
36 58 44617 27
2 48 108288 28
59 79 25026 53
23 31 11926 154
12 48 72753 42
21 23 13745 106
97 9 14548 35
26 81 15190 44
62 66 13392 635
82 9 90702 329
83 30 56601 612
25 62 48477 511
13 26 65177 189
65 99 192054 88
11 19 13788 169
35 32 30297 25
24 74 12922 52
94 95 17065 126
90 77 13782 99
97 5 23088 104
97 34 26705 290
17 65 4485 62
17 68 57453 20
91 51 264703 46
31 28 27486 93
75 85 16496 606
51 54 7209 665
17 62 56996 104
93 80 56386 17
59 54 91550 39
59 52 2421 485
51 65 17873 36
74 77 23703 84
73 92 19520 117
1 72 10462 186
63 15 86372 215
92 6 9800 78
47 78 14880 195
48 29 11389 117
95 92 87819 761
94 58 17182 42
59 95 8920 174
66 59 42210 55
64 71 3562 1750
77 48 9525 253
70 87 23697 73
55 18 42036 156
29 20 21245 97
68 27 17876 44
75 16 34957 428
39 89 8845 50
64 54 8615 77
67 2 22063 96
87 20 72580 67
9 44 18275 117
4 2 5380 18
15 89 15697 209
37 2 167156 1003
41 40 4804 63
57 34 20652 393
62 46 30674 91
49 54 5845 55
86 41 11299 579
71 26 80317 17
64 81 19131 38
83 38 28807 212
61 46 145675 370
58 24 11079 107
90 64 10179 500
99 13 29807 176
75 99 2696 197
6 62 20255 102
36 53 9027 315
14 24 7398 492
53 20 71151 687
58 16 1754 214
88 54 62957 96
58 19 50436 149
66 43 26795 110
74 40 55242 168
38 24 86360 42
56 71 17475 239
16 23 23472 1024
45 84 18415 134
37 77 31493 82
71 42 12413 65
34 70 12968 223
7 14 89838 62
74 99 15529 86
44 40 36670 825
97 38 14273 487
18 61 19307 333
94 1 41452 64
22 74 4097 97
22 92 34523 97
76 75 8725 850
47 17 36174 43
74 37 13027 27
75 93 98632 18
48 14 88749 403
28 90 17148 149
39 21 72206 25
94 20 26613 69
31 71 11443 339
41 31 4760 285
53 11 30390 577
15 28 38192 682
51 72 19311 371
98 12 30078 195
98 11 37591 126
89 96 35546 1319
28 58 7514 269
26 77 16270 155
65 47 15752 346
44 17 17846 220
59 4 12175 212
23 41 9101 105
87 73 115565 19
84 85 185495 113
72 95 62968 113
83 65 3632 233
82 63 12523 401
80 69 220198 56
81 74 6367 101
61 27 58460 308
81 91 23312 119
60 85 97185 144
96 29 29068 43
82 27 50162 157
96 41 8963 177
67 95 46783 106
75 28 36818 801
26 12 58251 44
93 18 46449 59
63 43 51891 516
72 36 14313 100
4 31 26803 262
17 28 84411 88
48 4 44187 39
21 7 12755 479
24 26 17168 28
58 4 59027 326
9 26 15991 2637
10 38 3027 103
8 7 7807 156
17 64 4816 35
95 16 39603 708
69 72 119449 94
51 14 54934 103
37 83 25302 42
86 65 42334 34
26 88 14130 83
30 25 20970 131
31 77 26188 127
41 72 152993 37
42 63 5414 75
9 77 39685 321
16 51 3312 56
10 79 126212 93
3 80 9534 28
41 48 20543 231
52 41 12699 430
79 83 14728 82
68 63 27880 85
15 70 53947 79
36 22 17082 222
47 99 27751 487
61 12 15282 893
67 27 26356 682
11 61 53814 84
64 13 9977 171
11 57 14263 56
6 42 86597 291
26 31 34059 117
23 16 14023 92
55 56 106776 205
24 17 13777 41
73 17 9187 125
50 41 47464 108
44 21 4046 45
19 100 91311 59
59 64 66992 247
57 75 6044 193
39 55 5475 1041
60 97 26617 109
59 94 20608 172
53 70 29916 42
87 10 15445 42
19 99 6163 1051
52 92 498372 247
29 7 94896 162
73 67 4493 29
20 36 8012 223
58 90 30958 70
64 94 14300 88
40 86 43441 542
46 4 4868 300
42 61 5246 172
12 24 38790 181
68 97 23419 193
12 8 97914 90
35 100 135847 559
2 61 17918 173
34 42 11061 231
39 19 46186 63
45 77 51114 458
50 23 4304 217
51 24 6960 98
64 83 8516 348
4 99 31163 197
97 64 9169 81
10 80 31972 101
15 59 39416 140
46 77 48373 350
74 43 2668 390
17 52 15191 271
28 52 28197 443
71 96 13416 96
68 14 64230 71
75 70 58737 108
58 94 268811 118
86 83 21580 105
29 97 23442 45
99 32 13605 242
29 71 13714 216
10 13 9603 986
72 48 77529 65
29 88 20697 156
62 60 8516 40
36 87 360037 68
56 64 13935 34
61 31 96272 101
62 32 54081 286
11 27 26168 619
7 32 14395 560
48 62 63522 96
38 23 8341 31
89 95 22207 195
28 7 27488 413
45 41 19901 185
94 6 8196 105
61 14 80051 2126
11 17 5950 762
76 65 2701 147
67 93 13652 715
3 33 2411 345
9 34 40425 348
93 85 11980 168
33 99 17132 267
80 24 5321 89
100 21 11110 136
68 98 4811 82
2 39 48802 180
96 33 14756 43
52 98 30811 16
8 95 25950 531
83 50 119717 97
17 35 21985 126
66 53 50811 727
95 37 15744 278
54 21 12533 67
53 6 8701 86
33 22 560305 111
77 98 19647 591
20 53 25992 95
86 81 8164 76
99 86 21348 284
19 97 123577 37
80 9 72820 81
53 50 850 146
76 16 99222 112
6 21 6924 38
16 64 12357 27
26 5 26551 105
24 76 17454 220
32 51 3156 316
27 396
59 855
17 207
71 336
97 71
41 1154

49996543
