100 499 3 3
67 74 35481 221
67 6 13691 21
67 94 6739 308
67 54 7731 139
67 80 118986 50
67 14 90514 43
67 30 37263 252
67 11 96618 21
67 19 22990 134
67 20 54966 550
67 22 32742 177
67 3 14533 65
67 61 1582 678
67 79 6800 70
67 86 61291 341
67 42 9630 249
67 55 10999 16
67 13 11440 13
67 43 13415 82
67 70 14556 57
67 1 6476 414
67 68 4328 68
67 87 76862 151
67 64 11281 127
67 12 50383 221
67 15 113766 291
67 93 42380 504
67 59 66675 239
67 34 5412 48
67 8 3139 846
67 27 24930 71
67 82 16256 168
67 36 44626 100
67 95 35158 105
67 99 32585 4147
67 98 11323 78
67 66 48371 259
67 52 50979 43
67 38 3343 44
67 72 12994 92
67 90 14270 246
67 58 14844 708
67 97 12386 45
67 50 1786 229
67 23 39951 22
67 21 28754 54
67 48 61352 197
67 89 21039 71
67 9 13825 261
67 7 70156 95
67 40 7984 33
67 88 3273 137
67 71 14642 80
67 46 175522 161
67 45 73939 113
67 5 78954 956
67 18 61156 110
67 53 27754 158
67 47 31492 772
67 39 23882 283
67 69 20179 155
67 25 23137 219
67 29 24748 77
67 26 40857 457
67 78 44989 52
67 91 16438 188
67 84 17525 69
67 77 25256 381
67 32 32724 167
67 35 32502 147
67 96 36056 852
67 4 15785 255
67 63 59462 276
67 92 27991 38
67 10 25267 737
67 56 91785 114
67 60 33076 237
67 2 129760 153
67 44 5859 390
67 85 27516 60
67 65 13232 280
67 81 42922 202
67 51 12501 343
67 16 2409 152
67 83 62589 67
67 24 8452 186
67 57 172617 80
67 33 15190 252
67 41 25372 840
67 100 13798 280
67 73 9491 368
67 17 9527 171
67 62 15004 271
67 76 99436 275
67 37 17971 123
67 49 34778 380
67 75 34839 28
67 31 12253 302
67 28 19636 280
80 64 4002 171
13 17 8028 85
97 18 12469 78
31 71 25904 204
3 22 25510 678
44 78 9454 60
40 99 130872 133
42 7 20403 130
25 99 15501 44
2 71 29008 79
40 39 30551 561
17 56 6957 57
16 86 73136 366
12 63 13904 407
3 64 26709 79
91 23 21289 149
19 31 35308 214
72 4 18367 11
22 76 46411 70
65 9 6105 161
56 28 32135 184
82 51 115074 430
21 39 102279 163
85 34 15736 70
26 67 22732 45
65 15 34965 147
12 37 72522 65
30 72 41018 159
83 25 53986 539
93 42 16394 942
61 24 9789 38
35 79 130866 517
21 89 32614 86
61 88 6551 247
75 39 93444 87
26 46 53739 14
99 87 21201 81
28 87 10747 167
87 27 25204 89
17 52 39437 103
36 79 43634 448
64 52 17903 209
30 26 114941 74
100 30 12457 171
63 14 34846 106
47 31 58664 80
51 42 109579 38
54 27 2715 187
37 63 47130 165
16 51 45375 61
19 3 15506 653
37 10 6653 196
92 46 69428 173
97 82 5541 349
96 55 7476 287
91 97 93812 42
45 2 61676 545
26 43 13806 130
85 88 19380 358
83 66 31892 199
64 89 53937 110
79 54 12234 67
1 91 68896 80
93 36 45132 272
83 35 8174 357
38 95 10328 49
85 18 23235 201
47 54 37343 244
56 47 12576 81
1 32 21518 132
48 82 50571 590
37 65 15552 531
33 73 15855 433
52 47 126876 101
2 52 39950 65
92 63 17111 76
18 37 74706 257
57 14 39426 141
79 31 21468 478
42 74 172079 1001
8 10 10940 334
25 73 50713 57
8 15 7472 85
92 70 46546 1312
85 11 24049 147
34 56 6148 11
95 76 41741 128
19 65 23272 558
69 35 53930 463
60 68 13654 101
93 75 5948 154
64 47 45088 245
47 84 59412 1572
89 16 41644 483
44 61 17524 204
22 82 38007 277
50 81 48886 209
89 21 23333 36
68 15 8378 539
51 31 3595 205
99 86 93100 104
100 37 11495 39
26 87 49360 88
42 26 6105 164
49 69 28205 268
46 29 49271 210
91 31 58941 136
60 56 6241 224
77 10 49440 87
81 53 1455 555
26 68 22640 803
42 33 35931 67
97 5 6707 236
74 61 14484 441
8 87 50577 20
97 45 21629 505
11 9 15991 89
8 16 5324 288
66 96 43214 9
52 89 15315 19
91 25 13122 84
60 51 11406 84
4 93 23135 188
13 80 1759 253
86 95 6277 37
10 82 39764 149
79 56 53594 179
77 29 30870 149
82 81 5333 211
21 68 52853 164
28 57 9324 194
44 72 13274 724
17 90 5002 155
72 63 42365 531
20 43 43171 64
57 80 45746 44
83 69 13139 201
73 69 26217 68
30 62 29475 1261
80 93 15696 241
93 74 8245 49
28 69 32740 121
96 27 147815 45
52 82 29298 92
85 51 89682 139
12 47 33633 217
46 75 16158 684
46 11 7116 862
77 9 20504 26
7 41 21638 102
27 14 3935 875
50 33 42926 294
43 9 3396 67
61 14 40255 231
44 71 19276 522
53 96 92324 31
29 8 23705 343
40 76 29668 554
54 7 95580 145
40 26 4401 533
13 53 33083 32
3 63 16201 151
6 93 20838 338
50 53 17138 117
78 93 24298 48
59 37 8072 81
95 47 13939 293
17 53 47293 120
23 93 10626 376
10 4 8561 69
73 56 222452 399
6 50 156607 218
40 4 11014 404
56 65 20520 172
73 9 17899 137
78 100 38513 590
15 3 3209 359
7 79 122407 98
88 82 19735 398
41 51 15784 116
29 24 23763 37
83 88 38595 113
3 51 71840 28
15 87 6765 53
17 22 5803 93
76 13 28636 78
35 11 21346 481
62 70 18498 456
74 86 33430 97
12 34 3789 541
3 31 5985 1341
2 59 2304 138
98 56 41515 72
39 11 91729 343
18 59 17463 154
21 61 79216 175
30 51 21488 66
2 27 26469 23
55 69 26168 60
33 98 19811 44
96 36 12500 348
9 18 15896 93
40 71 8924 67
59 67 62965 37
48 11 15244 198
100 22 15312 34
15 12 5298 573
5 15 4362 834
43 40 96476 48
88 89 25491 238
96 75 15537 301
56 25 12888 750
88 21 19139 629
98 29 24021 182
85 37 13156 492
57 84 48930 49
58 44 10310 427
60 6 4871 342
81 4 9709 74
10 55 46325 65
40 37 35772 360
45 73 29047 3182
65 67 109873 69
80 22 10122 440
69 79 16299 1529
65 45 30394 108
2 91 67613 147
90 3 10411 281
92 35 13953 91
41 50 258012 86
99 63 48991 258
78 99 11551 175
5 49 30774 25
9 54 22317 547
28 83 26241 160
45 8 30905 62
21 99 16615 100
53 27 10966 508
68 53 164232 1001
14 89 10256 496
79 13 61185 36
70 57 4661 229
13 58 5202 249
40 78 51604 38
16 43 9732 500
79 50 10133 317
27 46 10722 603
85 1 56839 329
45 51 25160 1197
89 22 14100 54
57 33 48394 97
61 17 8620 107
60 79 24982 584
38 5 54910 8
50 69 10834 108
87 53 18694 111
37 69 10874 70
63 9 9206 125
32 63 26995 99
33 75 20047 118
18 67 31193 114
85 54 29847 323
2 24 6772 19
37 31 46362 7
45 23 150244 36
91 7 32239 113
78 79 13579 213
47 86 17254 785
40 58 4140 125
69 99 3714 71
14 20 4748 36
38 37 11618 96
88 49 9955 1134
73 16 3230 673
87 81 15122 63
50 21 118862 182
45 61 32318 34
3 46 122184 73
37 93 14612 234
87 83 14428 45
1 14 14296 602
10 48 134593 157
44 46 16833 47
14 84 149075 67
26 58 1592 114
50 17 9029 71
20 2 19773 213
66 5 167100 291
52 12 3575 44
17 100 23900 792
85 69 6071 179
43 37 14118 21
50 46 56157 86
25 75 21141 169
23 26 16735 744
17 89 13487 26
84 96 40030 60
93 53 14198 87
54 55 12280 395
42 53 6261 44
93 27 84078 179
12 30 48191 256
78 22 16592 90
70 18 5878 75
68 5 237574 205
44 80 19933 143
89 94 34216 325
8 32 1427 52
33 30 3255 343
34 11 43972 838
18 53 24419 30
50 91 49777 31
12 9 4159 205
24 44 167713 25
93 69 56045 88
14 52 205503 40
41 99 15852 60
51 24 31189 51
45 98 5451 125
60 42 21771 163
65 8 4873 31
32 33 24553 292
21 91 63364 116
93 47 21885 99
62 69 55640 16
75 40 23770 257
66 44 16411 48
63 92 40041 147
62 9 32990 150
35 59 31532 507
77 100 7084 90
3 88 66214 482
28 38 10199 118
9 22 26834 376
54 59 19832 271
64 81 20761 265
78 98 37129 493
52 86 105564 87
84 63 83070 349
55 75 86629 291
99 48 22266 533
26 27 40016 206
51 100 29620 94
54 72 76723 119
42 3 67126 309
72 43 31058 2201
68 85 9847 247
80 16 119182 558
84 53 5867 216
46 84 31647 44
4 61 66542 126
100 71 39682 39
16 57 13097 47
82 46 49731 166
46 25 10016 35
57 63 10638 377
81 71 12113 86
8 27 3808 76
11 46 37461 46
43 38 24507 969
45 40 44207 140
26 1 7271 1016
49 1 52971 127
29 90 9020 87
18 28 50124 59
70 78 10231 329
50 47 36026 48
95 73 5905 166
34 80 22941 108
90 18 32468 393
14 41 40104 488
10 2 28447 388
27 57 3469 210
64 20 3680 77
31 15 11992 112
86 81 13196 74
54 46 15642 92
66 25 35499 114
98 68 22803 100
32 74 21992 171
49 62 49584 505
96 97 23672 251
25 81 13195 139
81 85 33753 76
15 1 17045 17
74 91 8734 231
86 100 24559 52
47 24 78081 109
100 4 20050 1205
55 100 70304 40
47 65 9811 189
44 2 24902 184
72 90 5478 158
1 67 16577 63
24 63 36714 112
16 5 20056 179
47 96 11289 45
48 77 10259 131
42 65 43299 115
91 58 22497 502
67 792
85 36
50 144
69 183
63 151
53 149

8239116
