100 499 3 3
53 45 2638 172
53 63 13484 103
53 94 107340 69
53 11 3602 68
53 58 24599 45
53 15 22844 56
53 77 22542 149
53 83 29276 149
53 8 24071 31
53 72 66474 1000
53 71 40356 181
53 39 3655 265
53 56 49226 66
53 95 175972 284
53 64 5573 59
53 27 17757 57
53 49 25745 227
53 74 16623 615
53 36 72157 793
53 20 40460 178
53 57 11292 135
53 42 27722 84
53 43 14177 848
53 65 17433 1179
53 3 5993 270
53 12 14251 1047
53 5 7233 106
53 33 11422 186
53 52 2761 94
53 22 4447 113
53 89 48465 573
53 82 514 47
53 54 60158 647
53 24 27436 165
53 4 52716 576
53 1 63584 384
53 78 12803 70
53 87 12031 127
53 67 26956 250
53 13 10088 64
53 62 71797 401
53 91 2680 148
53 23 21902 69
53 81 165610 69
53 100 25512 15
53 76 71283 1047
53 34 3029 247
53 35 65209 24
53 61 31991 81
53 7 4608 167
53 66 10178 64
53 47 61280 94
53 32 15009 142
53 48 25529 556
53 69 46940 27
53 70 72220 34
53 90 9530 291
53 96 19551 342
53 41 84229 307
53 30 126003 499
53 19 7566 42
53 31 17570 2595
53 17 14634 232
53 16 28321 140
53 99 33658 128
53 60 12310 44
53 84 8697 31
53 21 8654 46
53 44 55617 540
53 80 45979 235
53 38 32606 145
53 18 21480 38
53 28 17933 77
53 88 45691 40
53 50 23911 327
53 14 31603 1345
53 55 17830 32
53 93 7391 143
53 73 26140 297
53 6 64449 142
53 29 6314 99
53 9 12855 14
53 2 15985 111
53 85 15982 136
53 86 19459 199
53 75 5544 164
53 37 12474 624
53 79 36774 374
53 59 32650 120
53 25 19379 1234
53 68 12948 90
53 26 37822 110
53 46 371756 121
53 98 42656 208
53 92 4947 23
53 10 19891 64
53 40 141836 183
53 51 4663 504
53 97 27369 336
74 16 16498 44
14 89 25436 406
37 2 60037 139
46 43 16238 668
56 24 11920 125
51 58 35742 85
25 95 5479 760
8 63 23318 196
27 82 51767 57
48 15 10986 78
70 9 32348 409
61 77 12184 281
55 79 27492 59
88 82 6387 144
5 44 13625 149
76 5 56290 149
84 26 86005 248
91 55 44587 151
96 47 42829 155
10 8 29920 506
10 81 40889 24
63 80 5671 65
88 67 18802 467
11 84 55891 438
89 10 14101 102
37 1 4102 115
54 16 24512 215
77 12 7024 282
44 46 39035 355
72 90 41464 813
75 29 2949 179
94 26 9391 288
82 24 28849 212
59 43 30435 64
34 1 25581 79
11 45 48412 41
5 93 16231 168
1 52 11901 740
94 34 35966 629
87 9 37212 49
94 82 38996 124
2 63 43633 495
62 89 11185 262
41 23 2943 112
73 47 25030 127
89 21 37667 24
50 64 26127 181
3 15 99844 106
45 24 44063 169
28 92 71595 29
86 98 3838 263
64 4 45262 118
49 75 58028 139
52 45 13881 904
55 1 31264 245
23 25 10024 30
29 57 42954 45
22 70 45012 120
88 3 41673 231
16 36 27242 32
37 61 19893 141
7 75 18745 86
39 32 41190 273
43 8 33867 687
74 47 61131 719
34 2 25671 24
4 52 16821 671
71 52 17701 137
9 26 17242 84
56 61 50658 498
25 65 51596 240
75 86 9322 139
26 100 73502 125
100 25 5473 169
87 73 14938 113
97 71 6546 190
100 78 53185 97
14 85 16065 205
23 81 121170 126
47 75 37247 143
94 65 22704 1524
86 57 6853 15
44 26 25268 74
58 34 14646 51
26 39 10541 337
90 51 8632 103
92 12 45370 76
51 14 3464 122
57 92 12749 612
71 22 15559 340
100 10 21844 184
42 58 9029 53
85 77 7334 93
4 93 11824 328
32 61 13626 48
82 90 6293 688
15 75 28884 129
71 54 29754 110
84 89 28099 276
62 88 2314 461
66 33 30713 390
12 37 9761 182
42 34 45775 86
58 49 45762 183
3 72 32770 121
34 6 39213 132
40 17 91926 244
29 18 19966 189
7 19 38523 147
21 95 42018 572
81 2 33064 39
23 78 57664 689
13 49 9418 430
32 13 159097 258
88 27 17965 125
63 25 35687 128
16 48 15074 65
12 16 76890 182
90 44 95101 21
50 9 21274 37
58 95 4926 96
29 11 5672 93
66 7 10146 95
30 75 3520 277
17 90 60494 73
73 91 22875 395
49 34 12674 331
55 68 112012 48
87 52 22148 147
13 14 70970 369
72 64 15912 41
28 34 2865 270
57 55 24182 223
6 95 43109 72
36 62 18732 171
15 35 20777 196
90 2 4823 103
67 58 17238 177
65 52 9828 33
62 22 194225 165
10 49 88211 532
40 24 26454 85
12 7 42607 82
57 87 14924 119
92 96 36105 278
76 92 41454 152
5 41 27829 56
74 72 30053 236
33 47 9519 808
31 2 69229 37
69 54 13889 111
70 82 22229 56
85 97 10139 52
89 53 18039 200
58 82 86329 490
41 85 57950 73
47 42 39218 1401
39 17 5350 1327
47 74 5586 92
47 40 67885 123
13 21 54358 64
4 36 7659 62
65 6 14273 154
90 10 49880 80
44 80 11260 432
26 18 15180 50
59 21 95834 167
63 53 14414 76
7 1 11364 2216
1 79 45097 68
65 60 25504 518
74 68 13818 35
63 11 4471 234
29 54 11949 134
58 88 16467 379
68 79 8163 586
41 53 77396 124
85 37 50941 52
87 62 4475 98
96 32 62848 148
97 94 21006 110
6 98 149865 198
75 48 40150 299
35 13 101191 237
27 92 19510 437
29 93 20634 528
94 56 92889 36
90 61 91818 146
79 59 45458 20
46 54 9048 92
33 95 39409 143
25 88 62836 1243
6 78 139075 74
100 35 23888 295
73 11 23746 1293
97 63 14587 35
88 87 6168 376
14 4 60027 830
92 99 8480 72
5 18 18771 118
40 7 3547 518
72 87 4364 269
18 22 42293 27
49 100 4870 417
77 86 31829 137
95 80 103239 133
55 97 24516 275
15 45 1894 466
75 54 16367 398
100 51 49940 39
36 37 33284 40
24 68 14748 219
31 1 4515 291
87 7 7650 100
7 83 6135 108
73 23 11699 160
80 19 49998 189
94 28 43768 97
45 17 37454 170
64 99 3044 490
61 22 6625 120
36 58 15274 421
1 74 24829 210
93 79 7768 239
3 18 32619 150
48 17 39427 182
13 64 25578 61
12 70 9292 173
87 79 17941 375
29 76 18794 53
75 47 9688 311
23 44 38411 212
89 97 31012 140
18 3 11276 261
93 29 52170 1222
10 15 76732 444
52 41 19053 383
81 37 19129 22
44 100 60194 187
79 97 44922 426
47 87 26221 63
93 75 8745 91
15 77 21358 410
12 88 22643 186
71 82 70307 122
56 37 5265 240
71 55 15376 504
46 37 33425 148
83 91 24558 91
90 60 209566 94
51 21 7641 311
95 14 8158 290
99 39 74387 311
47 56 13414 633
45 6 5142 70
3 79 18706 66
77 11 39821 135
77 30 21898 295
80 90 40236 32
76 98 24142 236
29 79 43375 205
55 2 66635 117
24 48 27946 127
16 5 16251 115
76 22 12000 56
76 45 5761 179
12 29 48989 182
65 74 10838 411
74 22 22287 267
61 45 32487 36
92 88 17476 63
77 66 31044 130
60 23 34156 108
86 45 14511 21
37 75 7469 699
28 72 14852 269
11 16 2061 98
31 61 8773 599
30 82 106912 53
26 89 13492 138
64 30 53525 703
3 94 60661 219
81 15 15286 144
78 81 152040 234
72 94 96292 81
87 20 24235 248
21 52 4526 108
78 13 4651 98
100 85 14271 84
3 19 14367 214
71 45 11815 105
75 64 6697 99
42 74 14903 313
59 9 21178 71
16 2 82417 106
50 66 24334 47
59 72 83627 407
85 10 45097 99
100 18 19784 87
79 92 7082 53
70 39 16422 127
25 53 13815 177
36 47 35289 191
96 27 12518 9
90 47 17392 104
30 93 13003 104
63 39 5720 151
47 60 6814 143
3 9 16657 53
1 34 31480 295
5 2 9391 271
84 49 41626 43
35 57 46451 125
66 53 13850 528
20 33 10702 37
33 12 43054 233
34 29 28175 303
46 47 11032 88
14 39 75387 93
84 36 31641 177
23 41 28234 52
52 81 17170 141
11 82 33279 567
23 60 11849 264
29 73 5277 138
35 39 83128 78
92 7 31013 45
9 17 29953 291
54 49 25411 577
49 19 25886 148
82 44 25035 54
45 81 14084 468
70 31 2365 278
22 75 6691 246
97 42 66905 11
77 85 34153 118
43 99 54672 128
4 90 8688 248
11 8 10720 64
41 20 71652 274
89 8 45917 211
22 56 3909 60
17 41 14718 498
51 50 9479 54
12 48 7771 132
32 55 101740 216
43 27 32346 42
73 55 11399 346
61 95 21698 202
86 62 15868 405
36 21 54016 1759
7 55 134620 231
19 91 15106 65
67 92 8574 32
43 49 47890 60
89 33 9419 81
29 45 18844 349
81 95 149716 117
75 4 39134 430
63 32 2049 56
51 5 72277 77
72 84 134097 262
70 44 49519 10
88 61 43144 137
23 48 119475 42
96 40 40709 33
7 72 15396 399
44 90 53761 257
28 21 37944 122
26 7 10360 310
35 33 4784 173
52 97 9346 132
86 16 67412 138
84 67 28947 406
86 44 74896 161
23 98 5359 67
96 79 42784 109
62 13 12060 211
96 15 38974 131
73 69 15420 325
75 7 4552 160
79 21 43350 62
7 32 66722 25
43 24 8332 1060
37 69 67352 313
60 4 48880 246
45 60 26403 180
43 39 21606 159
69 44 48919 1886
11 59 5957 72
50 86 48399 23
15 89 30024 111
71 77 28870 107
52 24 59376 115
90 99 38735 66
25 98 2473 37
26 93 12541 709
85 63 12884 201
85 92 20377 133
82 41 25411 292
53 297
29 36
90 40
82 113
79 129
75 126

5861623
