100 499 3 3
98 20 11629 336
98 7 19011 110
98 38 11543 237
98 94 32255 364
98 18 12365 250
98 76 43671 148
98 99 16039 217
98 39 32545 25
98 82 102629 23
98 42 67639 80
98 68 17504 339
98 23 47720 53
98 15 23082 157
98 71 31934 46
98 40 9299 526
98 28 37923 63
98 44 8591 980
98 17 103237 244
98 75 76883 110
98 26 45088 10
98 52 7628 44
98 92 34395 58
98 14 10974 53
98 6 6906 115
98 41 9921 466
98 65 4564 466
98 57 7355 256
98 79 20521 240
98 55 7506 147
98 2 44647 446
98 77 10788 75
98 74 116091 165
98 32 44816 135
98 81 63856 129
98 36 25940 276
98 49 36675 41
98 53 13978 76
98 12 17251 69
98 86 8848 61
98 4 22732 277
98 91 46692 497
98 1 9754 51
98 21 16437 50
98 9 29622 83
98 85 13818 239
98 89 3821 79
98 48 11970 321
98 100 19210 251
98 59 24537 106
98 13 92083 37
98 63 26013 394
98 95 19361 693
98 35 20986 67
98 51 23494 148
98 43 13873 120
98 60 37821 153
98 8 43926 92
98 10 212554 1149
98 24 36888 94
98 70 18815 55
98 16 16492 94
98 34 37641 21
98 33 34994 133
98 5 33849 328
98 29 107226 803
98 84 72769 401
98 64 26292 82
98 11 29678 201
98 61 20260 62
98 30 15963 112
98 96 46506 236
98 22 5598 38
98 46 9629 218
98 47 49116 178
98 78 14333 1164
98 3 24710 575
98 66 60164 216
98 45 54730 206
98 50 99439 553
98 19 49113 253
98 58 32460 96
98 93 10656 108
98 80 28082 215
98 83 3567 109
98 56 21740 145
98 27 33186 207
98 73 29276 32
98 67 60437 98
98 37 7445 408
98 88 6872 71
98 72 37478 2495
98 62 58453 209
98 69 15175 72
98 87 11089 40
98 25 12542 131
98 97 42420 370
98 31 13578 146
98 90 8245 186
98 54 9408 459
29 62 49958 446
30 4 7713 181
20 9 63147 29
76 52 71208 146
16 66 52519 61
90 81 57159 40
74 99 5798 136
90 80 15206 312
18 74 16599 90
12 19 11752 293
52 2 15844 108
99 38 139778 314
45 85 8097 221
100 44 44066 155
86 37 18372 554
61 25 15490 144
70 26 73311 312
89 25 32731 133
80 34 19137 303
17 49 9231 135
86 33 6519 135
59 20 13110 218
11 4 65769 199
49 42 78588 203
86 24 1483 84
65 92 30384 28
85 37 79889 75
38 50 34021 628
41 22 33737 181
48 81 45894 410
46 15 4614 96
57 14 6397 32
55 71 19151 125
17 40 24424 283
41 92 98731 238
47 80 6725 184
19 82 34586 38
18 54 31332 408
5 23 43055 160
33 12 67634 63
10 77 16682 303
2 35 34257 126
70 79 13556 153
14 47 71311 107
25 74 5625 242
63 33 52956 283
39 28 42952 82
97 43 1656 196
52 5 17058 29
33 59 6507 34
44 10 15379 76
59 24 4925 321
71 88 115888 91
20 40 21763 186
96 72 4678 96
53 23 16445 62
58 31 20478 33
29 36 7276 52
88 14 9962 435
72 37 13440 151
24 11 25025 255
60 43 144348 106
54 95 14218 61
96 90 3936 1325
76 87 41367 152
40 42 17168 49
95 90 132210 86
12 97 63998 56
82 48 31160 103
60 67 17286 524
38 64 7734 97
90 34 180501 297
4 27 28148 39
9 93 28202 48
65 54 10730 136
54 67 2733 935
76 30 68117 102
79 95 12816 201
61 69 4560 78
68 72 19871 48
78 64 18279 249
6 37 13966 217
51 47 11120 105
3 51 5773 161
30 11 17921 115
56 32 15402 49
96 8 5763 163
65 37 3661 490
84 59 101933 181
88 85 88724 45
100 64 63548 224
32 79 55178 25
46 13 22629 353
48 61 19140 340
24 79 23751 165
51 25 13582 450
61 15 29867 476
15 84 238693 55
59 98 72365 105
31 11 22650 87
23 68 146875 413
33 84 13164 24
41 23 59595 85
80 56 24796 109
27 98 18850 112
76 49 13556 206
4 22 8660 112
2 90 15611 16
10 3 59664 256
3 66 38554 149
79 12 23738 342
36 100 39059 221
84 99 10894 889
69 13 14940 77
4 64 7838 154
90 62 10470 297
4 78 22051 289
13 3 41772 75
37 82 4095 627
74 76 18437 254
27 17 44998 349
69 93 17863 65
77 52 19178 30
46 8 19674 348
60 75 27250 195
99 30 66476 224
19 32 50886 145
89 76 8898 49
29 33 4555 498
88 75 114348 86
78 21 18946 248
3 74 10823 309
69 23 1635 78
91 6 1103 416
52 7 13598 92
94 74 25284 373
11 90 21440 222
63 11 79965 67
71 10 13524 1185
92 65 45381 558
48 35 68107 23
22 71 25709 240
51 33 25755 63
79 9 3982 256
6 77 8107 137
78 91 112991 120
44 28 19573 126
85 29 23002 97
6 35 19475 108
1 91 52027 517
23 98 17720 266
46 40 49228 236
54 19 8962 300
78 24 5542 2036
94 29 15713 60
22 48 39310 80
31 72 75504 53
51 80 18863 62
62 34 9544 48
57 85 41590 457
1 7 17269 98
73 36 41321 144
70 28 2279 118
33 35 21008 32
26 45 14009 81
13 8 51814 30
86 20 10950 79
63 77 111234 22
72 14 19293 2773
80 99 10677 70
92 88 14528 37
14 77 3851 107
39 78 32810 306
23 44 4994 130
73 59 31634 261
74 32 19089 43
61 14 12122 258
60 21 53837 126
15 33 19807 395
79 19 15778 264
15 97 93130 409
67 73 52117 512
81 25 29678 52
34 41 17711 123
24 7 91930 77
96 66 141130 54
16 24 43862 94
63 7 31059 548
53 90 156191 191
21 4 72266 201
40 58 71589 81
85 97 9803 1235
80 17 47272 791
44 32 36285 77
34 5 259505 147
37 78 4756 274
35 60 23005 33
88 34 23812 48
54 10 6599 54
66 67 7811 552
7 68 34097 96
24 69 19200 118
22 67 9325 135
25 2 17222 140
34 18 118129 627
88 73 22361 118
9 1 40704 904
52 30 44069 197
2 93 25104 263
97 84 6258 191
30 81 9340 81
18 15 27941 125
15 56 59100 128
53 41 5184 87
84 47 19127 45
7 10 16179 291
78 11 7972 178
72 50 12623 152
67 89 1941 77
81 87 66504 753
62 63 12038 52
38 68 3906 203
46 83 19251 121
88 55 6972 108
49 36 31341 143
41 80 85310 23
60 20 98021 215
53 1 29249 168
17 98 23657 112
43 78 228960 50
43 44 11287 56
11 48 35204 106
64 71 20701 36
12 93 168534 89
37 70 57309 109
41 67 18595 106
97 16 17187 70
77 90 40127 296
38 62 19435 72
18 25 11322 43
12 55 24792 14
50 87 57712 71
69 37 4605 57
1 76 80708 114
22 65 22572 100
92 3 92426 300
37 5 23061 1753
14 92 46642 191
57 44 28090 236
29 79 72475 308
89 21 7702 126
71 40 71887 123
65 41 67992 13
20 68 13308 279
14 65 10653 165
70 100 15879 51
76 85 15101 64
44 95 22456 651
18 36 37155 51
67 16 6466 626
87 100 3306 141
100 80 21616 147
79 80 32062 405
8 23 27233 129
99 8 12085 66
59 84 6564 286
92 41 14655 61
31 9 12097 275
7 82 14646 839
33 78 3054 35
83 20 27512 198
87 85 8330 26
3 77 11548 204
50 51 113103 273
65 29 8297 230
42 31 18520 155
68 37 8264 181
14 6 39810 518
14 69 14954 33
79 57 32229 631
40 34 14585 81
1 70 35816 348
14 24 42693 152
93 53 17487 51
41 18 18815 433
8 100 51229 134
11 82 42673 169
57 1 22038 36
57 31 24006 199
4 2 31307 60
19 54 16800 55
66 10 16990 53
70 65 10744 440
66 40 111719 405
88 80 16538 221
75 95 91464 279
53 25 37243 156
39 83 13947 121
78 31 14599 141
63 25 14270 40
33 47 7148 23
49 59 158964 527
95 49 61662 318
60 5 56770 249
49 11 139384 146
25 6 14384 99
14 84 47848 59
99 9 47810 49
60 25 6420 144
43 26 9506 123
92 74 70476 83
76 86 138681 464
29 7 34684 66
17 57 10078 76
30 98 50416 81
5 14 3367 20
16 41 17991 213
100 20 2460 15
76 13 20391 38
7 2 11486 29
90 3 18100 391
1 28 32423 137
85 91 28090 155
33 66 18516 51
65 11 98377 109
50 74 12730 122
67 33 35640 111
11 29 5569 265
22 43 62100 231
75 46 19044 237
78 51 45200 326
34 75 153947 219
97 73 3626 189
13 41 13562 55
67 59 4546 225
15 16 10372 309
52 34 9629 566
44 82 105757 870
16 72 53013 98
8 81 51206 108
3 82 31891 119
78 4 41357 108
93 6 25300 172
81 80 13490 82
83 82 39721 98
77 8 16816 101
38 28 23264 70
52 23 12696 126
55 97 39498 1028
64 46 52334 53
7 27 8731 32
92 11 14078 61
57 8 20474 421
73 39 41840 27
50 35 44838 297
77 33 20887 1490
11 23 9356 32
12 35 17775 83
15 8 3552 449
63 59 56898 134
76 11 48130 118
32 8 120931 197
37 91 21237 35
28 35 35930 65
70 46 4929 85
32 28 65065 76
54 50 8772 1023
92 81 38438 9
6 17 11327 131
6 45 40861 257
79 36 76571 308
63 16 11013 208
53 40 40721 54
26 54 85744 89
22 70 11442 88
97 22 13726 70
36 38 2911 293
45 24 14690 429
36 57 24548 36
65 19 5471 92
4 28 43850 1082
65 70 6980 157
49 29 9980 111
5 37 52045 106
5 12 33301 920
45 88 3781 119
20 28 8483 343
45 62 43998 466
85 52 61357 216
32 37 17630 296
35 17 28040 205
4 77 24634 273
10 1 19521 189
96 79 57076 33
80 82 16753 418
12 30 38442 128
56 22 8728 134
63 18 69187 52
91 69 7397 29
29 46 9315 354
98 396
78 48
76 192
37 77
11 200
82 65

4981427
