100 499 3 3
66 73 93308 183
66 31 88016 61
66 79 17087 223
66 73 75148 147
66 26 16764 116
66 68 11769 73
66 63 15269 797
66 21 45863 37
66 20 25120 38
66 22 48921 33
66 23 2401 485
66 59 29203 63
66 14 34988 564
66 27 14774 387
66 76 61660 87
66 60 4506 267
66 86 31850 62
66 73 5161 77
66 96 13363 581
66 8 75874 1096
66 98 28570 166
66 28 7416 200
66 58 56714 153
66 76 4536 140
66 7 9463 62
66 19 15210 605
66 9 15520 123
66 32 116928 71
66 50 15989 39
66 10 10578 265
66 58 22093 174
66 31 109218 28
66 81 14179 39
66 10 16070 1463
66 33 8163 100
66 62 214460 185
66 100 53143 18
66 12 140383 124
66 12 25942 1069
66 40 21660 178
66 84 1704 69
66 36 35876 40
66 93 122063 253
66 100 31509 720
66 11 10976 32
66 95 13280 51
66 83 28538 485
66 72 10562 61
66 58 55976 70
66 85 18740 253
66 32 8908 296
66 4 44088 151
66 72 47616 517
66 48 126232 304
66 21 250225 577
66 17 17942 26
66 70 23889 48
66 83 39134 392
66 24 17792 705
66 77 19504 510
66 91 29648 124
66 60 9036 240
66 88 24126 572
66 4 17148 65
66 81 23123 279
66 100 28690 126
66 45 34775 92
66 26 77898 117
66 94 13917 192
66 18 29188 588
66 98 32211 77
66 29 5419 864
66 1 65831 660
66 68 116800 233
66 60 35928 383
66 21 19578 39
66 32 5775 62
66 8 135171 44
66 62 56070 135
66 92 5780 30
66 11 41899 624
66 34 13228 70
66 49 19845 59
66 67 12785 213
66 64 140210 217
66 68 32486 191
66 59 13626 42
66 45 11248 52
66 74 5952 20
66 84 8240 182
66 63 71584 69
66 96 24538 158
66 93 13077 329
66 50 10041 135
66 6 3938 380
66 78 55089 1214
66 64 11091 89
66 90 26871 268
66 13 22115 650
68 98 21707 161
79 13 14233 161
48 80 19310 39
40 77 50009 421
46 2 20196 257
53 62 1333 135
76 28 2679 104
43 48 15404 36
4 81 24447 305
3 15 39791 200
36 55 32352 278
71 21 125337 429
63 8 53558 79
22 90 17834 392
6 55 28742 32
27 75 4775 322
100 81 97416 507
59 70 52963 107
16 86 311239 193
88 66 6123 315
52 60 4146 37
93 26 15870 93
18 50 6070 63
94 49 87534 70
98 40 12773 108
84 21 14776 12
50 76 26147 161
89 26 70138 29
81 78 12901 300
94 69 50369 139
76 89 46507 29
82 88 32324 466
9 84 12622 1301
37 4 17147 342
77 66 4767 447
74 54 1866 515
13 89 4395 91
61 30 28414 127
72 66 20991 211
95 9 22914 456
82 58 58117 18
94 79 3121 79
99 76 4488 470
13 84 38357 44
22 99 27846 695
43 76 7095 470
89 64 16811 278
43 15 18741 270
36 31 18964 99
29 53 7027 57
23 4 30864 71
29 56 4359 207
2 65 6464 102
22 2 6188 606
88 6 91096 38
91 82 18838 53
38 47 13491 56
47 84 79098 82
16 85 16601 74
58 2 15665 10
64 42 53679 83
68 55 32189 80
81 52 1867 125
59 30 19198 191
86 39 71231 48
17 85 6430 47
85 96 18732 170
83 45 22684 90
46 83 32434 117
29 68 10741 202
62 20 25268 261
63 76 6678 545
93 62 13165 587
53 98 11145 485
4 76 15816 155
79 47 140620 80
49 4 21604 163
75 16 13256 56
74 53 10156 19
71 27 20170 55
72 58 46542 261
88 42 30125 296
23 97 120753 106
47 33 19013 173
14 35 83071 307
51 53 17425 547
83 8 61751 622
14 40 10137 1355
57 100 3073 143
49 86 33301 175
59 10 5573 66
95 45 21174 237
81 40 42020 52
64 51 22609 395
99 5 37768 95
11 40 37088 163
45 1 12363 432
52 45 5561 80
87 45 26645 442
86 24 45527 792
3 64 50499 412
18 53 24500 268
8 45 5698 876
98 82 73104 374
40 14 4516 159
63 9 44969 63
77 18 42675 305
16 43 56269 90
20 97 2845 250
27 13 108271 327
72 37 19016 28
32 16 997692 215
4 96 38423 127
76 94 19932 134
71 25 8563 378
38 10 4266 69
85 73 20680 122
94 54 5184 478
82 76 64454 23
79 18 179323 30
39 96 71315 176
86 26 37793 370
97 38 41228 63
46 77 20164 50
55 94 13069 113
4 28 50968 239
14 42 20300 139
37 47 29526 194
17 74 48609 61
44 94 12689 484
12 78 10930 222
85 19 37957 777
59 24 9955 55
22 43 139176 136
68 41 42485 134
32 58 5250 68
4 21 12217 108
41 28 5571 297
25 38 9166 96
66 46 12536 47
19 14 96705 581
7 39 2463 44
54 62 12224 56
52 55 98768 98
99 62 37766 93
34 3 1890 369
27 39 22726 554
70 89 9207 37
73 100 285791 99
79 4 60142 131
99 10 16478 80
27 60 30034 359
1 12 28769 83
99 2 3034 343
80 16 24956 1006
60 80 5693 168
20 21 17474 177
8 99 138005 591
53 72 40301 90
52 74 6390 2324
66 99 7041 1055
61 23 22598 116
70 25 21998 441
20 32 15473 111
11 38 15622 335
96 33 44543 682
12 52 19485 18
98 96 6372 746
96 83 38583 126
76 91 35777 620
2 62 89527 107
14 88 4455 807
23 95 9576 127
77 1 49531 476
9 69 49319 114
85 13 7756 73
88 78 7040 67
98 60 6397 105
60 5 10514 49
40 9 26561 91
44 31 9649 276
83 43 54315 169
91 77 3373 96
23 76 39692 125
38 76 51102 65
46 16 15392 47
51 6 15749 652
60 1 16997 530
33 74 6898 184
35 15 22352 180
59 76 21083 87
87 34 12447 43
40 37 2810 119
9 21 8455 152
74 48 16501 45
44 78 24764 95
77 76 18172 75
92 31 21697 472
71 60 81003 46
93 72 5672 39
64 85 21867 300
42 62 31971 248
65 3 97261 317
65 20 18661 136
47 73 72649 231
81 23 49381 25
38 96 8315 87
57 92 13496 102
59 86 7667 41
77 56 9390 41
81 55 26926 252
85 64 223359 264
54 21 11145 147
32 73 19436 223
4 36 17240 61
24 17 68485 350
27 59 31070 21
63 93 7922 52
83 82 25106 277
81 80 27213 348
69 25 8437 133
27 86 28659 58
39 80 8162 40
36 57 54221 62
92 22 806 860
55 84 23721 256
63 19 10592 95
48 98 39439 319
77 72 49154 141
89 20 2586 50
23 25 27336 468
29 15 38503 98
75 25 40794 223
64 57 62872 53
34 57 30492 206
19 31 20171 190
100 92 195013 529
14 24 24260 66
68 52 14019 41
67 42 19079 648
61 18 8028 279
43 35 33003 208
27 15 59986 171
81 66 21426 102
40 1 29609 170
90 17 51471 82
94 48 32644 97
63 77 99804 181
10 58 32548 106
92 50 16131 128
68 77 17883 80
52 27 16047 125
94 31 6873 58
18 40 23287 84
21 51 64871 36
85 7 7435 422
97 75 17323 149
25 75 67952 122
41 12 4141 64
29 93 14031 76
15 33 6285 451
61 16 27967 112
20 41 34237 52
84 41 38762 149
28 14 33778 22
49 69 29161 39
20 46 20310 219
14 44 25483 280
49 3 132423 75
74 71 13927 246
33 28 56296 247
5 85 17575 67
12 26 26659 110
25 58 7603 362
62 86 14536 121
12 15 22320 87
78 98 48331 257
18 13 25244 754
48 69 12760 120
50 80 155611 596
35 48 17639 156
20 18 6100 88
4 74 44417 173
38 77 35362 500
89 13 43691 511
44 83 101169 104
28 64 15126 37
64 65 81785 232
74 5 51996 39
42 24 28866 701
91 83 10563 150
98 53 35531 148
97 29 30706 110
96 53 10342 229
63 50 23654 95
57 34 12677 112
75 18 26172 66
62 22 25413 171
91 65 10786 191
97 69 36678 115
76 21 33494 38
84 100 10320 168
10 88 16290 48
45 69 47190 198
68 92 8735 13
45 95 107363 86
11 88 38135 55
93 100 11915 401
32 2 27998 339
20 28 55052 168
54 75 4828 213
51 42 41052 28
64 4 13490 59
19 86 11566 111
99 56 87745 56
75 41 152283 98
19 20 6767 320
32 45 63922 127
99 73 22391 72
12 80 5065 79
12 59 27641 480
68 74 50642 83
62 72 8250 962
48 55 13950 77
87 90 1679 919
51 35 4265 108
31 58 47122 376
19 76 30491 204
28 89 497804 95
80 42 12715 210
26 79 15029 209
82 36 23725 888
100 43 9172 13
28 27 6370 94
100 35 33623 33
14 55 13269 102
63 83 41520 306
78 67 15939 448
49 14 10667 90
80 20 33709 71
97 42 67991 88
46 55 54284 243
51 87 32366 82
13 72 13280 32
50 92 68764 116
20 74 24189 641
54 46 13726 27
22 100 53170 109
39 3 9706 30
73 53 9141 199
42 25 149565 91
92 65 50309 17
23 37 18648 276
12 33 39832 95
13 8 2133 114
74 10 165157 42
33 6 5324 353
32 17 13567 81
33 45 4147 72
8 35 46269 523
6 86 125535 115
5 15 6258 449
7 82 34167 148
19 78 58358 103
95 63 18636 120
45 34 29872 589
26 80 34894 200
49 60 150953 493
73 74 40121 278
12 86 20969 45
26 34 8797 189
63 49 44975 281
70 21 15896 4
90 6 46644 53
13 69 120139 30
16 89 137273 813
8 74 29800 397
67 17 18228 134
84 61 87839 21
12 96 36409 66
41 8 54946 294
100 94 35211 113
78 22 16903 227
33 21 16221 121
26 6 26332 45
27 19 7400 190
1 83 28654 437
79 88 20998 442
24 44 35281 210
98 30 9931 32
99 22 20347 158
91 24 5522 38
9 50 68540 151
26 23 16042 18
27 17 12540 181
92 37 27526 147
6 57 98647 146
79 75 75059 382
42 15 8513 34
85 78 52279 243
66 303
63 171
27 198
76 133
21 922
86 1012

13717477
