100 499 3 3
81 26 10029 62
81 1 54095 706
81 56 48644 492
81 20 33645 99
81 15 8540 17
81 2 153148 1495
81 29 46675 49
81 79 6140 245
81 86 23943 150
81 69 69998 108
81 3 19144 76
81 99 51503 81
81 10 20423 576
81 38 73887 67
81 85 8832 138
81 6 23864 65
81 89 11461 57
81 48 5071 167
81 5 35974 218
81 73 23958 139
81 92 76585 25
81 87 28565 174
81 63 58278 193
81 76 33953 476
81 72 95314 15
81 48 5735 141
81 82 23261 50
81 62 10640 489
81 6 10749 663
81 86 26658 243
81 79 47537 103
81 43 14590 350
81 87 14269 213
81 38 10003 52
81 43 105628 494
81 59 6531 186
81 26 40364 50
81 88 3100 67
81 94 4777 53
81 100 12838 25
81 45 6366 190
81 61 61815 393
81 35 8118 31
81 15 21258 224
81 32 51392 336
81 30 6261 64
81 9 2240 75
81 89 22499 363
81 67 12063 56
81 98 4140 165
81 96 20196 189
81 80 6055 179
81 47 14961 99
81 80 43349 84
81 73 34442 361
81 84 20991 61
81 58 23568 85
81 58 29889 31
81 64 66120 142
81 97 9513 111
81 50 70658 223
81 48 160070 287
81 2 70239 332
81 32 130587 189
81 35 50700 455
81 18 86997 3
81 12 45850 1005
81 71 18795 186
81 16 1574 41
81 96 10680 207
81 64 9786 101
81 45 12149 57
81 12 4756 61
81 46 95667 502
81 78 29712 266
81 79 7179 168
81 25 9100 93
81 83 8013 73
81 13 16615 339
81 11 4046 91
81 72 36551 31
81 29 21999 193
81 11 52064 47
81 70 121238 13
81 64 8124 231
81 99 13072 349
81 11 52690 114
81 4 25508 74
81 5 49356 229
81 87 43502 47
81 91 93352 171
81 91 33944 378
81 2 23072 71
81 95 98015 54
81 74 12825 273
81 58 50232 647
81 16 38155 450
81 5 6037 69
81 65 129175 101
14 70 17043 53
40 66 34330 51
48 13 88920 445
8 62 40711 179
11 57 11256 75
93 47 40985 486
17 15 14533 136
89 39 54529 127
9 75 29906 257
83 11 32949 12
1 20 16224 88
65 92 16747 255
85 34 64654 182
75 89 41560 311
93 36 15756 85
18 80 22732 659
55 32 32456 29
30 1 30449 45
66 20 149767 314
66 94 41324 43
16 86 16990 20
98 23 109572 375
23 37 7753 97
11 9 6787 409
38 79 20391 495
91 31 8387 366
3 4 23338 212
32 78 33431 375
49 81 7632 392
89 17 73857 75
59 14 64333 1660
5 58 13025 1354
43 1 42769 61
66 93 13224 64
90 74 80933 116
75 21 26321 417
14 96 14147 173
66 75 5372 15
11 89 40691 502
26 84 19789 1746
84 18 30469 76
69 68 33580 315
93 99 24796 415
53 2 260381 122
83 67 8023 146
44 53 13170 131
99 67 25823 2222
3 75 5629 1607
20 73 37448 91
40 48 182445 218
12 13 9874 180
80 50 46261 458
37 15 26029 39
55 53 21587 97
23 25 23375 318
73 2 17058 109
9 86 14329 49
22 95 22510 33
52 17 12802 516
14 72 67598 305
97 16 8440 350
32 25 15944 214
90 73 3537 63
52 39 2535 42
11 10 28576 121
47 67 9833 1535
70 12 44174 514
60 5 18564 48
34 91 26227 115
34 45 519170 36
7 28 10776 191
59 18 12093 18
20 95 12489 176
47 31 23537 44
80 95 27041 33
6 53 75796 85
41 87 42405 304
51 61 43275 460
35 83 9493 576
82 99 75661 105
35 79 20270 168
97 47 4469 33
53 23 37537 138
94 4 6898 613
44 77 29163 283
66 26 19691 21
25 1 13973 108
93 95 40158 24
16 25 14458 551
64 47 51740 144
27 38 18255 166
48 68 16691 117
84 87 3529 66
60 15 17940 64
91 32 12065 39
96 67 19735 192
19 62 97976 143
69 80 47014 54
38 92 10844 576
18 35 16490 157
6 86 21525 182
18 53 33350 214
82 53 23531 316
71 40 14188 692
6 72 33246 57
95 57 19941 357
72 10 35681 182
75 94 10081 70
30 37 19540 195
33 1 12905 243
9 84 91540 180
10 55 16186 30
51 13 30394 35
63 22 15643 496
28 33 30823 518
59 60 75438 52
33 35 52063 30
96 24 140047 210
48 90 63027 95
7 37 14317 129
69 60 6098 155
41 6 9776 24
21 34 12750 42
78 92 25588 94
51 79 32873 72
96 59 4368 475
29 81 68906 1708
95 90 13117 234
66 8 11165 186
59 43 26462 514
32 45 35910 128
64 17 53404 194
14 15 93300 142
9 21 23311 37
62 34 12026 553
53 66 43925 98
64 4 15525 68
77 57 8262 74
64 78 10957 116
98 94 25403 73
46 2 40879 510
60 4 11015 377
45 54 91640 40
77 91 27213 34
1 71 15411 46
40 49 14409 66
7 48 108921 70
56 89 72452 96
21 35 2204 19
4 15 26840 129
100 93 7470 137
69 31 3196 383
73 12 25382 50
97 63 12135 2751
55 97 31175 39
8 71 48069 144
38 50 20630 38
64 44 9256 481
68 19 10861 197
39 75 7095 108
3 60 3201 59
15 50 62331 114
21 52 32160 335
64 73 16270 58
59 90 14792 24
26 11 20329 112
76 15 26455 226
3 26 72390 132
30 93 28124 34
73 49 8496 422
68 10 11779 68
40 82 135928 736
68 20 14050 194
8 31 17791 514
28 52 38211 135
20 59 51239 561
5 17 18245 114
67 7 28214 182
96 86 24005 88
9 1 57036 41
27 84 28623 2295
41 37 20667 143
83 59 19515 308
29 82 8687 39
66 77 9347 232
55 54 18006 42
37 51 70139 79
54 28 11680 265
27 55 12256 467
6 5 34711 271
36 3 266014 85
56 6 116355 257
70 55 4280 276
81 23 35112 102
21 30 7659 456
16 36 6106 144
7 18 3413 273
71 25 26248 105
80 17 177868 284
64 10 20393 214
11 79 15433 217
26 71 5379 53
81 39 35412 133
37 94 5735 37
1 43 3810 458
23 16 21179 379
10 96 36252 125
9 28 3107 126
100 59 26279 193
30 67 36526 305
24 69 60797 24
37 5 9412 280
56 93 11572 317
87 30 25482 701
100 60 33274 633
42 50 43373 722
75 42 62085 91
89 77 16316 305
72 4 61835 60
96 35 286685 158
57 73 7917 362
92 88 51055 355
29 96 74375 42
50 93 12765 235
48 98 26289 167
78 14 32135 630
4 45 2357 82
29 71 8936 163
62 12 43019 85
31 30 4112 718
21 99 16570 43
1 82 1343 159
33 66 10979 116
69 46 13573 317
42 75 13521 94
60 36 40942 36
58 69 20895 18
76 73 8146 260
41 38 7908 452
89 15 16112 79
24 84 35609 58
57 4 34326 63
8 34 6027 51
21 50 34204 554
23 30 42298 59
18 56 6968 49
54 55 203262 32
24 13 53629 382
48 43 26156 299
78 29 10451 211
60 14 33604 36
92 11 103320 259
89 28 20587 103
74 35 27666 264
29 16 22602 188
67 86 72743 64
70 42 109902 95
39 24 39971 123
98 51 3756 1095
31 62 2184 18
99 88 10633 151
61 98 88854 466
66 19 17795 238
26 98 34600 155
72 11 54475 70
91 35 16765 188
39 42 136218 157
57 64 11255 170
84 34 22257 405
100 1 4824 209
38 28 17067 599
98 39 4666 354
34 89 47887 94
79 86 8798 27
52 91 30156 30
40 11 51043 210
6 47 204471 356
12 39 15840 434
61 67 8968 103
93 25 8176 180
14 28 15095 357
97 92 5273 152
53 79 19469 45
77 3 4084 50
53 43 7743 148
41 86 50893 175
83 73 18712 133
44 43 20946 359
9 2 26649 271
37 75 143066 161
30 5 25374 697
37 85 5277 130
87 6 10447 108
42 74 45600 253
42 32 36996 47
64 24 10059 180
25 95 47206 142
63 64 41456 29
61 77 46277 117
98 81 24639 60
66 82 13028 44
45 65 17838 166
88 41 34704 227
88 34 13235 161
89 70 17218 137
6 52 13310 317
55 90 18471 807
89 19 13665 232
72 81 3833 551
70 58 5503 212
70 61 1254 244
15 13 65229 63
87 8 13342 1125
16 85 9108 173
25 53 11635 93
61 4 133486 281
15 32 26646 61
18 1 5444 196
91 22 9236 157
23 85 3279 218
47 74 16232 184
85 76 10394 67
27 88 40016 473
45 32 78215 56
2 27 4809 143
14 63 61541 32
29 1 17452 193
51 16 19324 42
31 97 35750 89
91 92 10511 124
54 60 28269 332
34 98 15060 151
82 63 34943 629
67 72 10259 416
92 23 11369 304
23 77 42267 190
82 91 109292 51
94 52 25288 42
91 64 127551 231
15 46 2740 39
49 83 49562 64
7 91 12534 57
72 25 11243 215
19 30 15971 59
41 83 6071 48
75 29 102445 134
17 52 13062 690
31 68 21150 67
4 57 23692 63
39 55 36393 429
5 90 20592 131
27 21 10491 185
20 86 8651 221
10 47 25584 211
44 67 42818 231
64 33 53190 130
91 74 4827 107
43 13 5710 106
6 51 9453 134
97 15 61247 172
75 71 102845 131
83 34 5059 44
95 1 69787 78
13 83 22975 19
48 93 16826 735
73 37 36217 287
83 14 15620 140
74 94 64497 88
50 89 42636 125
63 2 57136 333
27 35 38533 552
50 8 37327 109
56 81 23100 44
3 33 47839 74
12 96 9082 375
59 73 13839 241
12 95 38972 124
41 72 15858 105
80 22 53074 66
89 75 7513 174
4 66 532072 289
23 84 11751 18
45 18 50282 114
77 25 15466 82
57 42 14113 116
19 13 30950 521
94 37 39753 138
84 58 11707 96
34 87 9321 93
79 55 66536 74
91 68 26231 826
16 91 11402 134
60 69 25178 132
51 35 6872 15
8 36 21296 109
76 24 41097 106
100 74 41030 141
59 17 15976 257
38 5 50724 41
15 54 37919 297
81 404
66 252
64 117
86 305
35 71
15 599

26772801
