100 499 3 3
89 68 24462 161
89 86 14283 213
89 8 55106 107
89 53 145869 81
89 35 16487 53
89 7 15369 195
89 63 25092 213
89 32 41632 109
89 16 24521 66
89 22 31047 39
89 35 8886 135
89 73 47118 378
89 66 16484 418
89 27 82202 114
89 39 17129 52
89 25 89083 53
89 94 17023 214
89 75 162096 218
89 6 16096 271
89 15 152113 853
89 84 62721 337
89 41 16445 991
89 39 12788 42
89 45 14650 31
89 45 11396 238
89 51 10227 74
89 19 11805 226
89 83 22708 148
89 82 160887 111
89 60 30486 582
89 68 79958 406
89 21 45375 43
89 27 128413 38
89 59 18983 35
89 12 14538 70
89 100 10583 36
89 57 27410 178
89 78 22570 79
89 14 22484 18
89 59 17297 106
89 5 6419 82
89 87 15853 182
89 73 155629 51
89 17 27847 578
89 19 12753 194
89 27 17310 545
89 37 48352 43
89 54 15279 109
89 12 11132 19
89 61 4305 58
89 96 11606 42
89 8 118341 174
89 92 14855 105
89 27 174831 110
89 100 54440 74
89 68 73155 67
89 49 54025 53
89 71 22721 404
89 46 23405 348
89 94 7114 423
89 11 122153 1238
89 96 16020 159
89 10 31648 1692
89 84 19933 34
89 41 54927 116
89 50 95937 394
89 28 3489 130
89 56 15779 132
89 52 44092 62
89 71 9948 266
89 92 14587 570
89 29 3219 210
89 61 24521 180
89 93 45591 204
89 83 7063 59
89 62 28798 38
89 3 33775 423
89 2 53820 170
89 22 55246 26
89 80 13837 298
89 41 6804 781
89 8 14444 48
89 40 13162 120
89 30 9059 201
89 82 16020 9
89 36 114658 301
89 1 72461 392
89 33 35225 168
89 73 24318 133
89 61 18340 75
89 31 13140 393
89 80 3801 124
89 45 8350 146
89 34 2626 80
89 25 23168 65
89 26 93546 147
89 6 25449 582
89 6 21403 454
89 4 11309 368
74 68 9975 232
70 37 15880 265
25 87 26172 253
7 10 74704 917
47 35 66312 244
2 38 30056 214
40 48 90960 362
13 33 69820 24
9 86 13551 7
47 92 58080 74
20 33 75507 116
58 41 17912 130
21 54 64142 24
38 44 27914 63
23 2 13839 252
31 89 58820 145
34 12 18018 40
37 69 9190 74
56 47 94003 96
67 55 45260 786
54 97 10735 85
83 87 15317 143
48 13 8762 26
28 82 30572 93
88 82 99666 774
42 27 45633 134
15 44 35447 22
59 74 36621 90
74 6 46524 26
9 18 7553 293
21 61 11063 80
4 78 10291 242
27 64 20890 93
96 71 33991 53
85 77 55089 59
91 29 18195 191
35 55 90927 118
27 29 51010 100
50 20 265564 17
35 18 11311 186
21 14 10644 5
30 3 10930 131
11 50 23119 368
3 55 72929 575
23 99 5901 249
72 29 42558 236
7 60 26483 95
14 85 45760 24
85 60 9495 65
85 49 8336 324
3 84 19137 43
10 73 3614 45
70 34 25663 480
18 95 87014 282
56 60 11237 189
16 4 81594 73
32 75 20227 19
31 57 25128 107
37 40 30031 25
4 6 41164 73
38 24 18143 44
40 13 32633 211
91 72 78237 238
69 16 12088 36
81 54 47311 123
64 49 27298 46
22 43 7704 273
29 87 10727 122
42 17 18067 44
56 70 239057 180
54 15 19348 43
33 92 30609 104
4 66 58739 1151
79 84 15540 214
25 68 14702 83
72 25 23054 462
4 79 101084 45
37 2 24262 18
19 74 9391 229
71 35 66626 227
8 1 19646 431
2 13 12382 309
53 61 17336 132
68 18 24305 59
13 63 6567 247
20 30 33105 54
78 55 57724 464
34 96 86595 255
94 34 13147 35
32 52 37856 88
75 74 61440 126
52 48 53475 83
47 83 3221 107
3 57 33105 20
87 3 59052 928
49 35 15234 117
40 31 49879 96
97 1 40842 1141
21 44 92154 232
78 28 50165 155
52 44 8069 161
28 86 4648 40
84 1 12177 147
56 23 96035 736
54 98 9140 97
33 64 52103 114
18 49 21692 284
44 23 18209 142
61 40 16050 145
85 86 30148 1347
31 1 28780 34
52 77 19535 192
76 94 40176 534
18 64 13455 125
7 49 19692 219
76 25 14369 91
2 54 24681 471
57 12 5739 744
71 69 13783 206
62 68 94016 227
64 51 90882 101
2 76 12042 340
66 31 59758 84
77 43 10194 101
60 34 19037 305
83 17 22202 321
50 85 77218 74
94 91 42506 99
14 83 21721 59
20 88 7932 65
84 50 6479 350
71 58 7226 236
84 34 11316 473
5 67 11378 63
41 76 14740 119
13 52 105811 299
28 72 14171 307
76 40 26220 791
97 96 17703 104
61 4 27442 311
77 13 88855 127
10 65 38918 84
43 64 28831 332
16 54 11556 36
5 61 39621 591
32 46 28025 55
91 26 74785 123
9 56 39588 157
58 46 41080 131
69 28 5570 30
30 69 25064 51
16 46 38463 123
38 4 17459 1496
26 66 32059 118
91 16 4453 174
24 81 11578 175
59 98 36379 93
57 80 19623 350
47 22 62260 126
59 21 80347 228
54 74 52552 359
44 30 40613 34
95 48 20772 63
72 95 5110 54
41 12 38074 592
44 36 6590 310
56 29 19680 24
48 17 52437 270
18 100 21841 276
78 96 22167 421
31 84 32528 566
54 27 7192 745
46 64 86025 69
85 79 10830 86
93 18 45390 47
26 29 62139 134
6 8 30756 58
33 58 21523 34
46 20 23613 128
24 66 9902 483
86 70 4928 54
3 7 29772 34
4 97 15524 87
86 60 17122 77
1 93 16507 67
64 98 21876 123
17 65 7150 119
40 63 10505 114
91 73 113279 405
37 41 11018 390
59 40 15878 134
47 97 55826 259
44 58 15186 136
52 19 110067 1255
6 83 32007 404
81 60 14356 105
92 54 26595 187
16 18 18127 76
45 11 30289 664
51 29 4373 196
68 49 23077 86
48 91 8882 705
93 45 6751 110
79 72 25715 174
98 79 3184 234
72 14 29144 380
80 3 29758 143
12 29 29691 60
17 55 16658 77
67 60 17790 174
64 58 159084 282
5 47 10734 41
33 50 36794 95
100 88 44022 108
71 87 19753 681
50 100 71046 39
92 59 46426 532
31 64 15191 50
49 98 23338 1099
88 43 32766 369
9 50 6870 291
18 96 27152 81
53 83 83895 395
17 72 16048 84
67 77 14628 30
29 18 39323 15
10 9 103869 316
4 72 24508 599
1 82 7212 156
25 75 10476 111
56 90 24731 66
88 15 8761 377
11 6 23275 39
73 40 17268 512
6 12 35036 46
97 12 3538 79
76 65 19969 126
58 100 60576 999
54 86 67774 239
69 82 77183 105
23 52 8785 669
61 19 10325 110
94 74 41710 103
19 65 35544 38
23 50 7282 250
61 6 10722 379
39 23 25077 26
23 89 41837 245
28 31 2893 70
8 92 66145 114
7 68 40285 86
69 88 4254 270
38 65 8218 228
91 1 7045 26
93 3 13080 125
18 91 22363 63
82 95 52295 524
52 39 33564 284
20 45 18353 63
26 3 30745 70
81 30 12211 104
53 20 32525 562
92 86 28939 30
62 15 73751 230
86 55 29622 37
32 60 73367 297
57 73 15946 43
72 44 27641 719
22 96 21827 58
36 85 18783 47
82 45 11721 24
1 58 10322 35
1 2 66145 645
78 67 21483 86
99 42 3960 378
24 79 6233 24
92 58 85943 46
83 42 6992 262
67 46 19849 329
70 76 19552 276
18 42 130508 119
18 41 108778 150
11 94 26535 125
26 69 27813 674
83 7 12252 340
14 49 57755 366
88 80 11061 593
95 69 21056 1056
8 53 78136 44
31 54 97468 101
66 96 5185 176
12 51 36587 885
71 44 2113 61
21 96 6836 53
13 3 97501 1263
45 61 60415 115
97 44 6737 229
84 58 48998 413
3 99 32678 131
16 52 6525 241
52 1 8839 975
42 77 31097 748
16 85 10549 147
53 44 56048 653
11 39 13462 98
93 84 10189 236
80 67 3546 54
19 15 20365 537
94 48 8989 138
21 85 8650 8
12 49 14810 55
9 22 22826 99
99 36 252941 282
30 54 27957 412
84 49 19361 360
10 15 47483 84
12 11 6311 131
66 46 43779 207
74 53 38125 89
19 96 17634 311
52 22 24379 73
8 73 27202 170
42 3 13855 17
58 70 32704 111
34 18 51522 32
41 65 22527 204
22 71 37062 349
76 8 11286 36
43 59 40261 131
34 2 9611 17
72 35 27957 228
88 26 15660 78
35 40 62542 378
71 80 45182 73
26 77 9474 75
65 45 15973 224
82 37 5226 52
13 26 36984 141
8 51 8095 276
44 80 16596 241
44 89 2555 35
93 13 33654 36
33 48 30280 136
23 38 62153 601
94 82 36933 201
2 71 25237 182
6 30 69071 319
3 83 5825 51
20 24 20941 104
52 56 79774 813
71 54 15086 180
23 60 9771 324
59 97 64751 161
69 40 71970 56
12 82 5003 13
75 87 11841 307
27 4 8572 142
31 27 23694 1122
6 17 11886 252
38 52 28481 147
58 74 15110 488
23 36 49787 132
36 46 5626 82
54 65 28222 84
48 99 112980 134
35 22 4282 327
71 13 7804 184
57 26 20544 118
21 57 35076 298
59 51 31905 293
4 49 10058 118
80 62 10385 170
15 32 15355 293
74 31 12112 178
85 2 69901 928
61 38 51773 271
58 51 19160 702
40 21 25073 87
35 32 8269 130
85 61 10557 53
73 46 37039 135
34 62 19371 87
26 15 8128 70
69 98 67796 49
88 92 38469 154
14 96 42040 146
85 15 134452 167
30 46 25555 71
51 56 67267 958
61 5 28121 630
14 8 18239 64
95 61 91026 39
60 26 22398 58
2 41 3272 246
7 55 9818 257
78 26 16370 83
28 68 1892 105
7 35 9532 250
67 78 7663 112
19 24 6488 197
89 198
85 72
71 304
96 128
49 472
61 98

15161479
