100 499 3 3
32 2 30481 34
32 70 23536 598
32 35 101696 234
32 19 9944 90
32 13 84453 58
32 3 27870 227
32 13 26332 50
32 60 28162 67
32 94 52412 903
32 99 72814 778
32 27 13623 1733
32 52 5250 173
32 22 22573 118
32 18 19145 321
32 87 10668 36
32 56 31569 40
32 82 3104 43
32 37 7248 53
32 87 20235 214
32 88 10773 235
32 95 72450 160
32 6 43180 441
32 52 48790 136
32 74 99866 69
32 76 4246 437
32 52 21011 47
32 63 32788 22
32 80 32550 388
32 14 16775 407
32 20 47470 104
32 10 19760 205
32 30 15280 107
32 95 23420 193
32 66 23253 167
32 51 62002 45
32 66 8069 200
32 3 5049 283
32 40 35204 177
32 89 32811 147
32 90 29548 110
32 51 49342 199
32 82 5127 233
32 55 19812 367
32 96 186152 222
32 81 29265 49
32 68 21478 412
32 74 42662 1632
32 74 50821 19
32 63 20890 53
32 76 99579 29
32 61 30155 35
32 54 13099 29
32 16 85839 647
32 34 7227 46
32 34 32064 67
32 33 28469 323
32 23 81840 223
32 93 26890 467
32 61 9344 36
32 10 50109 17
32 96 19852 221
32 50 36343 98
32 12 4135 429
32 44 5662 142
32 26 7581 114
32 92 5711 73
32 91 23980 500
32 62 33820 255
32 12 15197 360
32 8 38311 421
32 61 41689 107
32 74 38449 187
32 21 22628 105
32 77 6722 86
32 33 7342 12
32 6 24341 145
32 22 12327 124
32 9 23049 28
32 95 8718 129
32 16 13787 254
32 88 91236 414
32 5 18766 142
32 23 21870 233
32 81 39023 242
32 76 12305 391
32 12 32004 18
32 75 68836 54
32 83 33592 31
32 82 4134 788
32 18 19250 60
32 19 12007 194
32 34 8697 18
32 64 51296 466
32 76 37782 202
32 52 14820 342
32 94 11710 177
32 6 26706 178
32 77 11479 143
32 81 16406 136
36 20 20869 42
34 16 17225 114
49 82 76333 290
98 64 13921 387
71 21 25018 78
88 21 56023 2713
96 1 51055 294
87 76 19709 46
93 66 55260 134
19 47 11604 30
7 4 25398 44
21 92 92287 134
19 35 29255 91
6 70 13255 320
74 60 7400 402
18 65 69905 32
10 89 51917 248
1 30 47422 306
20 11 185561 161
17 77 24231 53
21 75 65873 151
23 97 28509 49
57 74 24908 52
3 17 26866 404
67 33 19441 654
24 94 36367 148
93 1 29312 172
81 3 32240 647
12 97 65239 187
8 42 42144 140
62 27 18591 71
65 26 5010 598
65 85 16071 122
43 65 7409 362
41 18 13547 133
4 63 39607 232
50 97 5311 302
11 93 14394 317
38 15 55545 73
26 36 5142 131
75 95 1645 93
24 13 74483 105
42 82 94662 179
50 38 64664 29
17 91 33049 305
59 9 80197 121
67 66 17730 342
44 25 11912 47
31 61 23865 94
7 86 32327 99
37 7 23362 179
51 5 75825 68
43 5 59643 124
34 40 65222 56
3 57 3806 391
56 23 44038 788
96 12 43392 47
2 50 9454 311
74 21 13678 401
68 92 7658 75
42 87 6498 334
45 67 103943 57
78 21 24361 346
95 46 4066 909
59 19 144582 38
37 20 5777 343
17 80 9426 64
99 29 8329 141
29 36 11373 38
59 96 20670 90
46 53 75206 177
9 50 5224 62
5 40 13031 225
19 91 59691 128
32 49 4913 196
72 63 87305 137
23 49 17400 170
22 92 10135 63
48 45 9986 260
51 33 56277 209
11 78 27534 124
22 33 10828 218
78 63 4874 532
28 34 58874 100
68 24 44347 222
88 86 12826 173
63 84 7718 156
60 95 11110 172
76 8 12402 375
84 87 109237 422
39 25 129325 170
15 20 28889 155
18 5 17252 76
98 80 23662 218
60 49 6688 550
21 3 6342 189
99 36 11047 1376
45 41 54006 109
97 73 8310 127
19 73 8275 147
15 62 33165 142
58 38 38324 86
10 50 19250 474
96 3 90421 90
31 84 11529 240
96 97 23671 82
51 32 95251 1377
95 53 44888 439
42 95 48266 860
29 40 36336 391
43 6 6792 157
41 48 22661 112
80 88 15440 126
71 5 7041 55
93 13 56983 79
65 58 83286 264
85 31 1882 38
85 32 5030 230
5 19 10796 200
72 14 9612 60
37 56 21174 342
66 89 12261 65
22 5 9580 425
86 56 23568 41
82 50 12492 122
23 46 37247 210
11 59 6910 34
95 24 75823 801
74 67 18016 29
31 87 3193 726
82 74 64296 30
36 99 93825 428
22 68 51695 229
30 62 24760 242
52 44 9266 365
93 34 27857 178
59 81 162766 31
85 42 41549 163
6 25 5763 42
97 9 69684 235
80 26 36586 69
7 94 23953 211
67 14 2712 140
21 27 25512 707
43 79 2716 26
26 37 4326 477
21 59 38187 73
30 32 22783 68
41 76 14388 575
47 9 36754 440
76 16 31939 268
53 47 1233 403
96 19 17057 15
90 72 44136 159
1 6 61032 84
16 50 17016 126
32 85 279088 174
95 13 110367 1609
96 17 50907 144
55 11 18221 619
13 29 46074 142
69 45 7908 1069
67 85 22422 1111
1 91 16335 123
67 58 10990 208
14 36 99432 50
23 16 16012 58
86 52 11739 455
56 29 6510 149
36 41 30304 256
11 87 47003 25
7 85 19883 28
57 30 47156 45
46 33 69019 224
13 46 89290 196
66 38 23412 11
27 78 16731 62
47 15 76561 70
55 23 100960 261
85 41 115675 17
36 89 23822 222
37 81 14724 50
60 97 30455 246
46 31 36804 842
52 92 2205 153
50 17 51753 86
8 15 53455 382
33 97 6189 351
11 40 24044 271
96 61 98081 297
95 94 46702 332
37 60 33733 113
21 16 14004 280
58 57 13436 128
38 33 27352 144
51 45 11705 225
93 90 20299 184
62 84 21747 180
94 92 11143 155
58 18 7088 135
80 74 24668 92
70 86 3864 46
82 81 6192 404
4 54 8477 327
35 59 159626 71
81 51 45069 81
14 18 6724 238
13 22 37565 58
20 74 52679 48
53 38 14416 782
62 51 5519 70
37 39 4414 319
69 86 13948 441
33 26 80176 93
60 19 6958 363
15 36 5632 29
60 99 66633 68
2 76 134091 198
49 67 9515 65
81 84 44984 149
7 79 44536 554
56 42 52962 493
94 11 180935 68
87 34 10177 33
6 41 24443 104
89 50 28991 208
7 43 19031 32
86 96 38654 2004
33 16 13956 85
1 49 38820 117
42 48 44173 69
22 34 11151 143
5 27 17716 111
3 80 6358 54
87 2 21467 76
23 42 12636 30
41 55 33614 217
34 57 66581 295
77 14 119982 26
41 63 6848 464
75 4 64848 30
55 38 24731 62
96 11 87291 367
17 57 33682 76
98 32 144240 268
81 45 67549 322
63 57 9489 432
4 90 43050 307
4 65 6428 371
47 74 2875 75
16 48 5724 64
22 75 168799 233
16 6 33663 155
51 16 44062 44
50 74 36100 59
21 44 17074 85
53 95 6355 146
73 14 4128 112
98 86 30719 117
20 89 17496 1080
83 38 3630 414
93 7 21228 162
31 16 22059 211
97 98 51696 113
90 25 31067 72
91 35 28224 313
48 8 4440 86
67 99 7452 36
84 57 5113 373
69 99 14539 109
91 50 18749 225
77 10 24725 63
28 36 2672 328
88 52 11067 998
82 45 27110 53
74 76 57379 194
51 100 8868 56
23 78 83735 269
61 75 32076 280
93 44 8478 100
10 79 17205 563
77 92 42721 130
99 26 93195 366
57 72 134034 141
84 14 48197 200
17 18 14021 69
70 58 4539 545
3 13 50091 249
97 8 9061 344
97 96 91942 368
9 54 34628 1424
97 42 46446 123
76 38 36344 84
24 3 3900 509
85 36 5397 158
55 62 38940 1317
93 50 18248 271
76 37 24593 77
47 24 22098 121
54 88 23469 133
6 57 81541 27
99 19 5673 131
63 2 4164 461
64 23 16304 393
15 69 24888 219
75 18 8020 38
54 96 13700 193
1 81 19485 262
49 93 99946 553
14 37 31642 124
75 21 15099 74
7 98 7326 288
64 99 14208 257
89 29 54361 107
55 24 24280 73
16 8 5263 240
26 5 19574 179
77 17 21893 46
66 2 21695 124
92 69 17648 535
58 76 43573 15
76 87 12687 147
27 68 56341 431
46 15 20274 276
21 26 36101 49
50 53 59038 84
27 6 16967 145
25 41 88708 353
3 43 7655 265
84 54 40948 468
52 5 74136 203
35 28 13205 13
4 5 74618 82
85 86 7522 358
58 47 67139 99
27 46 4433 67
90 29 93911 99
40 67 59505 154
57 14 18307 33
53 42 1722 300
53 66 2576 194
83 61 58362 74
60 36 4642 261
29 67 12268 118
16 89 64470 173
13 87 10228 177
94 75 60950 182
53 34 44179 65
72 21 25035 163
86 90 25266 747
92 15 5964 114
26 30 7585 200
84 55 3771 634
8 47 14030 373
63 93 28491 143
74 15 29462 121
15 89 7543 70
74 46 58034 61
7 52 6277 48
19 26 36723 113
66 8 12337 169
5 96 5132 194
49 22 9316 130
55 80 45927 307
29 77 43984 40
1 2 11640 574
79 10 5591 28
44 58 36104 195
91 79 15896 60
88 16 113967 147
64 72 46309 1248
97 38 112462 121
3 29 254484 82
14 87 20118 213
100 68 5355 230
63 71 20447 171
92 99 92897 92
83 55 9395 66
85 8 20614 288
25 83 4851 217
20 49 37533 347
23 82 18574 74
94 97 15153 56
26 92 13039 22
83 87 7090 26
39 46 24190 349
88 43 16555 568
65 21 3561 70
85 14 18465 423
4 21 91077 469
31 3 27508 275
33 81 5160 76
65 89 38275 61
46 42 5632 47
28 23 44113 75
69 90 35676 411
9 91 14514 29
45 88 5626 67
84 53 40307 65
93 31 112292 204
32 1212
93 18
96 24
87 552
74 507
16 524

30656926
