100 499 3 3
65 63 58682 154
65 35 60955 85
65 57 79091 147
65 98 33823 186
65 39 9401 239
65 61 65261 133
65 91 83370 105
65 43 23087 197
65 81 5331 433
65 68 31139 234
65 19 38834 291
65 82 90733 61
65 71 29767 160
65 62 52349 490
65 27 141437 517
65 88 119240 44
65 46 7382 1785
65 80 14373 416
65 77 66162 182
65 85 24403 73
65 14 110763 275
65 22 18613 57
65 37 19829 44
65 79 46433 389
65 69 15782 71
65 58 2750 145
65 17 122941 38
65 97 190289 135
65 33 16278 71
65 84 8563 299
65 25 2090 244
65 96 99263 2253
65 49 16856 916
65 94 18715 249
65 89 46387 46
65 100 12121 281
65 12 57864 223
65 76 25874 666
65 28 6328 190
65 78 21079 89
65 11 138031 162
65 47 46019 137
65 48 17233 487
65 95 2976 1015
65 41 15469 33
65 53 22929 667
65 42 83880 54
65 1 14729 39
65 51 14350 54
65 29 352589 73
65 40 4759 335
65 54 10220 229
65 93 6870 142
65 86 68000 378
65 59 48620 168
65 56 32051 589
65 38 25330 41
65 44 29349 64
65 20 14858 122
65 60 51021 94
65 7 17029 179
65 72 27664 264
65 75 90102 36
65 32 12750 103
65 3 22305 283
65 87 74697 192
65 34 15698 104
65 24 75197 97
65 9 75915 223
65 45 5177 35
65 30 108840 324
65 26 8532 35
65 6 29679 242
65 83 1558 171
65 73 25254 29
65 18 15610 112
65 36 57763 108
65 4 47410 189
65 50 10493 66
65 64 6446 610
65 55 63873 340
65 31 78351 341
65 10 29751 84
65 16 8258 709
65 90 18883 610
65 52 5763 101
65 15 114465 340
65 67 19171 82
65 5 40248 550
65 8 5224 133
65 2 12091 139
65 99 5968 175
65 92 23522 40
65 70 61640 226
65 66 286403 185
65 74 53194 305
65 13 12989 46
65 21 99686 327
65 23 9579 198
69 67 14575 173
74 98 6627 39
96 61 50373 135
69 51 6231 333
12 20 9974 61
28 5 60327 126
35 24 32199 406
25 4 20876 123
70 14 40863 81
27 93 26505 82
12 3 35284 200
59 62 13345 81
84 22 1747 153
37 11 12512 99
3 91 26519 602
62 67 134898 74
14 24 16202 184
98 74 196992 253
16 42 83865 103
68 24 24780 447
26 14 24296 95
75 60 63886 685
79 26 6185 164
21 74 81345 118
66 8 11864 371
37 63 23807 151
44 53 55631 161
10 90 3642 160
99 98 50887 40
23 25 19165 512
13 58 38082 249
92 37 45224 198
83 20 25528 45
79 94 69195 163
71 36 86026 36
34 36 81586 143
18 37 65511 192
43 59 233593 56
59 40 9867 78
9 80 49469 137
75 37 6639 117
56 70 3400 197
16 25 5566 72
55 90 14248 102
98 66 16414 259
21 47 11877 186
78 88 23192 388
15 100 12640 98
3 93 38862 182
84 91 6043 205
63 93 126667 67
81 91 4241 106
73 23 14287 738
5 93 28016 606
62 89 71099 77
72 53 16095 141
87 77 18200 47
81 33 38079 156
79 4 93440 162
15 43 36971 15
100 8 62428 362
96 7 14072 156
32 9 4576 136
44 66 17968 226
82 29 16794 99
25 49 7915 201
99 75 177736 175
85 22 5403 434
30 81 132301 64
19 14 30871 133
78 42 11526 53
57 1 2781 400
76 59 47189 28
91 69 88970 297
29 54 3904 34
39 71 15436 210
87 80 42685 379
1 12 35314 235
42 89 9527 61
29 42 74008 685
72 80 4869 188
45 31 6926 133
52 65 10562 80
72 85 98646 81
40 7 6516 310
25 9 17866 673
34 30 124480 330
72 24 22350 180
1 38 24287 56
83 28 12572 34
91 39 36438 128
77 33 37665 103
92 43 10300 425
13 84 71445 617
54 35 12988 1562
25 54 16704 62
50 29 10379 378
51 21 18709 127
100 81 17188 80
59 14 8690 43
63 39 91234 359
55 76 15318 99
64 19 73551 72
11 58 11418 93
76 5 28039 122
41 52 2814 160
25 31 24108 83
27 47 4592 767
73 36 11597 94
21 67 85874 138
85 43 34319 133
66 48 20471 192
50 92 22274 78
100 84 14062 1133
25 86 1197 1201
86 31 21076 137
20 25 57851 44
30 23 84730 143
62 100 47640 71
58 30 8100 342
81 10 30598 36
97 41 59497 1240
42 28 691624 142
100 10 5090 1251
55 95 9678 126
41 32 8908 122
54 44 26450 107
35 36 10449 35
13 19 24663 28
11 28 6943 373
83 27 17417 46
57 28 65224 168
26 22 9156 12
99 80 21887 221
100 93 15028 1026
42 85 35623 179
97 72 11086 36
73 45 11197 88
3 49 13457 247
57 22 67452 454
70 54 2576 81
80 63 9795 67
22 31 45511 13
95 99 80256 92
35 54 7866 107
84 3 18747 393
22 14 35132 206
47 97 25876 195
50 59 22035 98
35 63 13464 158
17 97 5674 60
22 83 41211 122
29 68 3482 130
82 63 34739 127
20 70 7729 24
28 62 77753 757
19 6 16419 594
2 67 39509 1067
26 75 13246 459
56 39 21323 204
57 55 6506 90
40 84 9056 260
83 69 12219 92
89 41 3022 676
54 92 40338 241
54 28 27615 192
50 16 34208 113
33 77 7186 142
81 32 30864 12
6 8 37659 30
88 4 64971 176
39 24 13959 85
26 96 9202 23
44 86 27870 91
66 84 52331 35
57 9 28415 87
14 64 8976 652
51 7 13177 13
69 18 13882 1001
67 54 77966 44
4 7 11479 71
18 23 54290 513
34 72 3004 30
100 90 12046 20
81 46 4643 645
5 61 8005 63
61 38 29191 97
39 72 43431 122
84 37 17791 395
98 49 41414 249
33 36 99231 117
44 81 16455 960
31 100 22924 372
72 31 172133 81
50 99 48668 1490
19 15 14355 372
50 72 35769 420
63 45 17777 129
94 36 21858 26
27 58 62745 141
58 24 146169 439
43 6 7297 121
5 31 40746 183
66 63 19699 139
47 46 25435 335
89 21 10482 98
35 57 36369 314
92 52 52889 491
15 87 21420 223
64 46 5555 21
66 25 15807 209
15 72 9216 354
20 63 53632 352
98 47 22459 131
75 8 33125 51
51 75 34364 705
50 36 3612 110
63 41 31841 110
69 54 23481 118
10 75 126731 114
86 47 21650 2350
16 12 34867 95
31 58 10676 26
20 24 68642 31
89 26 24019 141
95 18 52643 221
39 58 48467 165
3 24 11627 91
22 41 4431 43
70 73 8702 645
51 63 17574 255
43 31 11748 380
80 44 25436 91
96 28 4413 87
15 79 25263 156
23 24 16697 454
81 62 26932 154
99 38 16428 132
6 74 24303 78
89 39 55469 58
7 88 26980 135
23 53 10129 63
46 49 16634 61
51 19 77944 12
55 16 6873 132
54 80 5185 130
41 47 79694 191
9 65 89045 108
50 94 15321 1229
22 9 11894 129
55 91 9569 52
94 90 5019 104
67 45 19627 188
49 13 8977 141
97 46 4631 49
90 61 39528 445
95 4 9448 151
41 34 27308 151
17 62 34947 297
31 61 21606 466
74 24 16396 218
51 67 6508 362
23 26 23491 21
97 47 100191 236
32 80 11300 156
60 11 46001 150
37 38 34872 100
90 39 27783 125
70 91 36853 478
36 44 17383 126
80 73 47732 545
69 73 41904 2630
11 96 10127 99
13 32 21577 401
30 91 6438 147
15 96 11280 39
61 13 25664 170
100 17 8205 91
96 69 7802 165
91 3 15202 170
32 5 90629 404
81 100 24710 40
77 63 11521 439
50 12 29628 948
28 94 7111 341
57 39 22653 680
46 53 13428 275
80 93 20862 183
31 4 12494 13
96 91 20966 428
77 56 14250 159
21 40 20691 93
45 28 30758 130
96 94 37509 1776
99 88 34695 406
36 46 39941 149
67 100 32412 118
76 9 180835 44
72 63 27449 398
16 29 22221 83
64 99 5235 403
7 84 24672 43
15 39 11899 211
73 81 46024 160
14 52 7121 155
85 20 116869 180
48 10 10200 40
20 46 9484 310
39 38 3432 255
59 97 28061 43
18 92 75640 68
85 31 5439 26
66 89 10597 136
42 48 15253 107
24 13 22551 157
67 77 346762 35
99 74 13402 365
62 65 11435 89
47 92 4106 252
87 54 84843 151
50 49 4573 154
33 35 26101 83
34 70 68566 195
17 6 43400 151
81 80 15997 16
15 49 16779 510
26 78 40736 51
20 50 61302 1896
53 19 38771 318
31 1 77900 52
40 98 48129 198
92 100 17759 144
96 43 15893 149
11 48 79997 188
48 24 17248 763
56 76 56180 53
19 26 38847 187
2 80 21834 247
34 13 23820 100
22 77 21239 513
67 65 26610 84
73 59 22224 355
57 11 69737 49
54 95 123816 31
73 70 17534 332
13 44 4613 401
69 8 6353 70
49 99 19937 88
5 43 113294 223
10 21 33820 50
34 94 310380 829
87 97 30490 126
28 48 13071 268
89 65 141058 27
40 64 125316 1223
6 12 2863 298
90 72 194721 41
75 94 12340 682
55 57 4674 231
97 28 219969 185
60 97 10257 1363
83 49 14733 391
16 88 24256 132
94 18 33915 64
99 48 67349 449
70 21 5603 191
42 27 6956 676
97 52 36014 225
6 63 5295 393
24 41 7977 82
28 41 34838 613
59 96 38135 253
33 63 19939 95
55 41 5952 367
44 54 27072 208
66 38 7420 109
90 96 11211 198
52 64 8928 140
26 9 7596 615
22 100 18280 79
78 3 42594 32
67 6 66156 408
93 45 28208 91
19 96 8153 44
42 90 17451 314
13 26 241211 204
30 47 23768 431
38 81 4771 161
62 16 31279 236
64 65 107009 80
77 96 5857 121
57 58 31191 494
81 43 51264 83
39 95 2476 106
49 48 29810 245
36 60 61350 265
70 81 7115 135
15 26 17559 283
11 30 40768 322
79 91 21936 229
65 1188
50 450
81 9
63 204
24 270
91 479

20447631
