100 499 3 3
50 20 177648 151
50 13 10599 48
50 89 8965 87
50 19 14628 323
50 39 62809 160
50 52 7061 265
50 90 38933 123
50 26 5353 279
50 71 7485 375
50 3 44728 502
50 98 43054 173
50 62 11255 153
50 68 35969 869
50 54 9887 33
50 93 42742 86
50 92 8680 43
50 41 18742 341
50 73 10832 99
50 58 23132 135
50 94 14152 102
50 67 979 63
50 34 61344 150
50 61 27139 150
50 9 14376 15
50 96 9394 461
50 86 10421 282
50 76 22600 76
50 4 60465 19
50 25 9249 120
50 74 22135 385
50 99 67452 230
50 66 121090 32
50 27 78351 183
50 21 4570 223
50 16 15794 90
50 78 3241 1011
50 12 3773 73
50 47 4460 70
50 8 35651 56
50 91 68402 240
50 43 11219 92
50 33 46333 210
50 53 16507 114
50 35 12527 423
50 72 9202 186
50 77 163012 70
50 85 8723 323
50 5 70610 257
50 38 15181 252
50 100 111447 172
50 81 18271 119
50 18 253209 122
50 88 51926 29
50 59 61187 364
50 44 20221 444
50 42 87658 53
50 84 35259 114
50 82 10297 46
50 79 28028 329
50 29 86911 200
50 97 11349 40
50 45 185176 339
50 87 44420 214
50 37 40263 103
50 31 23686 183
50 17 27177 126
50 10 27482 94
50 40 26255 348
50 15 7455 1381
50 24 4647 59
50 51 11942 67
50 1 3182 210
50 95 21093 112
50 2 27374 187
50 65 11410 22
50 23 5057 111
50 64 5054 270
50 55 36595 89
50 30 192236 127
50 6 17924 371
50 32 71202 95
50 46 156942 3043
50 48 10935 43
50 63 59728 45
50 22 22120 167
50 14 65433 117
50 83 15790 19
50 56 28752 155
50 28 186330 83
50 57 47219 49
50 36 139200 360
50 80 21030 112
50 75 16664 501
50 7 206481 591
50 60 18855 43
50 11 87402 1098
50 70 10096 1017
50 69 30146 103
50 49 17473 79
32 31 31789 117
61 97 78372 274
78 48 10613 99
17 55 7635 105
67 82 219311 37
66 56 127077 256
36 60 14032 37
16 51 7712 48
29 61 83982 275
41 84 19458 71
66 64 59290 286
55 98 14768 142
78 27 4665 60
80 93 20423 73
88 72 24186 141
5 90 29270 23
88 10 58012 104
70 32 44764 95
7 73 6255 162
74 20 98607 163
30 49 32837 382
42 48 34478 102
54 49 3024 158
34 46 12630 211
57 52 11553 149
76 65 59117 270
57 29 14612 51
100 45 25264 53
1 26 50857 21
69 11 28846 125
81 82 46185 119
75 64 12907 41
92 13 6096 95
18 31 10682 144
16 8 17703 95
9 96 42128 9
77 2 142361 155
15 7 81733 57
28 64 12308 1486
84 78 28980 1411
34 41 4529 120
57 77 11025 102
95 56 32538 92
9 6 35860 445
40 3 12178 133
78 90 24992 177
13 22 9508 1359
49 96 19974 95
76 25 33591 43
76 80 15446 509
48 23 15242 25
18 25 45195 393
62 75 12594 516
95 81 14496 140
44 83 52634 239
52 94 18297 59
42 83 57626 180
45 28 31767 698
46 71 5602 62
24 36 7848 143
99 75 11875 231
33 95 24815 51
64 85 16470 80
5 38 14589 590
48 20 16685 104
62 96 37972 583
22 82 38172 112
39 9 16577 329
67 17 7384 133
77 36 11134 421
84 6 82721 93
33 12 11272 21
98 23 18047 240
63 37 83026 920
75 22 1933 161
96 92 39937 23
28 37 11302 57
44 11 4384 92
30 81 28966 289
15 98 11918 499
81 34 4372 345
40 100 9668 485
35 98 13458 671
25 57 11865 498
75 13 68592 45
46 26 36509 351
6 33 45487 395
88 36 3429 72
40 95 14941 896
74 29 8875 827
16 22 49153 201
35 68 5554 823
17 80 12627 1299
10 4 3154 168
30 1 43951 176
27 6 86039 484
95 21 10833 619
77 20 66313 342
49 93 11513 711
21 75 5133 16
27 88 24901 98
92 56 12030 74
92 27 30077 92
40 72 8881 305
86 4 189767 175
8 52 191569 137
5 67 22068 19
7 67 33623 80
74 5 31519 27
63 64 29076 86
53 88 33969 37
76 12 35127 58
76 82 7607 372
5 4 3267 73
66 17 27561 85
96 91 68349 133
55 35 8440 50
43 21 53940 79
32 24 9404 175
21 39 9068 374
19 48 7301 809
97 83 132617 589
8 79 32127 213
15 94 61510 266
3 24 14460 605
88 56 14446 89
64 44 29235 323
18 46 89708 507
67 16 11384 130
62 100 3117 768
29 19 12740 63
57 83 22745 23
95 3 104500 35
40 89 8675 106
35 6 5160 256
44 25 53925 332
22 12 3817 134
15 51 6928 193
7 92 15123 130
10 24 5653 154
43 100 48310 70
9 2 4827 515
8 36 92274 101
37 57 3799 99
83 13 18189 267
15 76 32654 229
62 42 16744 272
68 95 30788 64
69 35 4151 51
12 44 11859 134
22 46 7155 212
76 39 15714 521
21 92 11246 97
64 72 80228 112
56 18 77780 1483
97 36 26244 216
47 31 6503 89
73 30 31610 26
34 36 117675 488
7 50 47152 129
57 25 3184 64
77 13 15346 63
29 48 10387 145
1 75 3269 53
87 5 10661 101
13 52 22162 101
48 52 8283 394
23 59 199184 353
18 37 4562 58
93 18 22643 209
25 9 20967 239
27 42 23054 234
74 1 4331 46
73 68 52423 213
99 69 41484 120
38 18 29458 122
24 9 20913 23
7 59 29082 203
11 26 378298 49
82 65 33516 113
4 44 40352 146
62 76 2659 104
43 65 5883 154
83 63 154577 222
15 22 18208 39
47 78 20412 94
33 35 10614 95
4 2 96437 65
55 95 14392 165
21 43 35343 192
18 66 3943 108
23 15 74309 133
33 1 5007 44
54 64 18926 75
78 59 40096 225
42 86 16660 121
20 6 20309 284
36 65 31038 172
58 90 121513 308
81 79 29979 51
1 76 80312 914
63 85 35932 178
67 30 32589 348
40 4 66456 171
57 30 5971 193
93 6 38725 66
90 80 18195 1064
4 91 54047 441
77 73 53819 397
70 25 24860 752
65 25 31230 64
22 97 28197 51
51 23 27477 1756
71 81 26134 94
28 10 19900 113
34 22 15215 442
83 19 96199 181
79 72 39353 574
66 45 19580 468
67 86 29584 257
14 7 78263 154
12 48 19020 58
44 99 18107 280
34 68 16345 30
27 68 19698 108
4 9 45437 753
96 6 8533 529
63 59 15380 323
48 84 2344 346
87 1 4998 213
38 29 81579 356
78 70 34276 554
30 67 73171 168
98 81 211903 234
74 60 9967 314
67 95 82456 90
41 39 21890 539
70 77 7555 54
26 55 22845 403
78 84 375041 99
8 34 24986 44
45 14 44924 255
18 34 3672 156
67 69 12686 421
97 77 48993 25
91 23 15691 119
74 9 3760 139
36 14 21044 51
63 89 13135 794
21 9 7667 167
7 8 56072 1019
5 29 36073 140
65 32 47260 834
4 21 14773 169
31 30 13001 66
100 12 42657 113
19 37 5076 96
28 40 21892 239
24 39 26308 281
17 21 90442 92
58 35 5640 52
87 80 12553 31
100 57 160893 57
3 51 19762 51
45 79 7435 327
13 39 11910 46
21 3 388518 189
4 36 18963 93
41 55 28869 109
56 93 10810 407
52 56 30134 86
28 61 11892 144
44 58 39225 369
1 90 19390 286
6 26 11589 535
20 8 43538 303
2 5 4913 97
66 40 22224 116
6 63 2818 188
46 44 26654 121
14 15 41710 390
27 4 10648 482
68 89 55379 175
52 38 6180 294
91 92 5090 587
33 79 10424 26
57 17 15438 153
63 4 8554 57
38 60 31119 36
95 22 16731 364
91 13 28003 437
45 77 17903 76
12 79 40172 5565
71 20 30297 78
95 89 9105 141
58 37 9625 103
21 28 29578 230
55 66 21271 158
31 51 35535 384
17 15 11353 266
22 14 22355 416
20 44 2148 786
23 1 139623 117
34 12 6765 96
99 37 89713 93
70 45 6998 179
84 91 28702 334
69 78 19667 148
72 59 309569 132
67 66 17117 223
96 63 37027 38
37 24 8222 51
5 18 7798 204
49 74 45785 71
41 9 13223 44
42 7 36592 156
41 53 68481 123
13 78 389977 541
86 69 44388 360
53 58 34519 114
99 33 155854 137
90 62 59810 217
31 32 112148 81
93 13 31132 194
78 94 52076 170
8 55 18674 682
4 26 11957 1399
70 96 15355 58
19 14 5559 54
71 50 88351 129
82 85 94209 1047
76 27 10091 96
4 12 430454 102
58 65 22288 95
17 49 14522 310
73 19 16994 369
84 27 18633 927
68 34 153854 159
63 40 26184 117
90 78 19076 389
63 76 46843 140
81 95 13651 210
23 55 12190 47
54 70 6373 164
86 30 79451 420
40 24 13773 87
53 70 107126 117
68 87 17492 200
99 70 34774 275
82 51 22330 88
40 54 3684 122
23 80 94685 146
48 97 14919 367
45 93 26686 311
19 74 19814 92
17 74 39707 314
82 71 13393 538
97 41 9202 89
94 51 15697 231
17 57 33317 191
90 24 928 99
86 65 37452 102
44 88 63887 615
84 92 83262 217
71 28 86141 119
71 57 27906 1004
2 75 55597 89
17 53 31470 475
59 81 20562 762
93 53 172003 208
44 93 15288 106
94 91 73634 434
91 21 8737 111
94 96 74462 142
94 20 51281 44
12 62 39738 3401
71 86 9601 71
21 12 3595 34
90 2 73502 34
11 18 6639 266
23 96 62958 240
88 51 6911 682
44 69 93692 266
48 58 13266 82
79 80 6000 53
22 90 40417 99
54 35 2076 92
93 43 31704 34
47 52 29253 62
5 93 19818 209
77 11 86769 105
82 69 90947 26
2 10 61363 59
9 68 67494 280
35 100 19050 644
63 92 1833 119
2 44 67609 100
27 99 14676 79
49 45 30063 1634
40 58 33980 58
50 2376
63 126
40 117
51 848
36 396
12 244

41607458
