100 499 3 3
94 7 13025 23
94 25 10850 340
94 44 23987 67
94 55 28168 75
94 43 25811 71
94 90 10120 32
94 97 61449 84
94 5 24031 119
94 48 13814 58
94 43 188969 40
94 28 6651 47
94 91 7257 53
94 37 2711 455
94 14 14578 239
94 61 32910 106
94 47 35566 451
94 61 47574 155
94 61 201241 51
94 22 17462 296
94 64 6925 250
94 9 26532 317
94 50 17358 132
94 70 7388 24
94 83 78188 200
94 16 38570 286
94 51 5784 55
94 61 22879 108
94 39 15595 87
94 42 30136 16
94 89 59885 127
94 49 172704 363
94 89 18734 165
94 2 11151 2221
94 27 23651 420
94 75 6973 238
94 38 54228 28
94 6 3937 96
94 70 34425 1210
94 62 31516 227
94 55 103780 122
94 40 104991 79
94 4 25975 105
94 43 31761 1370
94 6 12096 62
94 35 10127 78
94 68 21489 46
94 67 15189 46
94 71 3708 547
94 35 108203 331
94 89 11988 170
94 5 12871 210
94 21 21734 63
94 23 29362 76
94 89 26663 854
94 82 4614 341
94 20 9829 249
94 62 5130 167
94 86 19288 478
94 38 8128 74
94 97 99702 166
94 97 20540 288
94 42 18041 19
94 23 44989 350
94 75 18801 46
94 67 29049 1128
94 43 25152 1363
94 23 38122 662
94 33 62952 285
94 74 11739 88
94 82 6224 502
94 32 8024 378
94 47 8799 158
94 51 23463 114
94 100 4914 318
94 97 97487 301
94 95 7112 114
94 59 32575 134
94 38 41397 894
94 50 7823 1009
94 46 5381 296
94 40 7079 199
94 23 5439 91
94 87 3136 199
94 90 10562 201
94 16 24340 70
94 61 45729 45
94 17 15101 156
94 81 14988 73
94 80 53383 360
94 7 3659 115
94 79 37918 111
94 15 13692 103
94 87 30684 428
94 60 16459 1357
94 38 3725 1662
94 62 54125 55
94 77 10264 142
94 82 20992 148
94 84 39491 229
70 46 67373 118
84 55 60220 128
44 55 10291 63
44 34 18132 511
70 58 25039 501
85 56 16995 193
4 13 36536 233
34 26 17639 76
69 37 8219 121
16 22 4140 363
87 8 4433 225
61 18 56261 17
89 54 17865 447
66 21 54716 579
91 73 80756 85
90 19 14774 254
39 93 59670 97
75 97 39574 272
97 85 11480 209
91 97 7093 31
75 83 10115 570
97 58 21510 366
96 28 11581 470
89 82 3663 18
14 99 15102 72
15 81 204536 1610
24 72 25780 206
5 80 27088 180
95 34 33161 74
15 19 6182 657
57 71 6406 23
27 67 12626 45
72 49 32975 108
95 57 24062 2297
96 32 28719 117
63 46 37233 79
92 97 21370 160
72 58 48958 159
30 64 42182 1120
74 56 4913 999
93 48 20695 492
92 2 6026 82
90 79 70112 272
53 20 34251 124
39 33 27405 162
71 26 12684 443
68 14 49624 260
34 40 128219 434
30 82 26363 27
44 61 15935 243
7 46 26464 75
8 18 40033 116
63 31 24564 162
68 12 16033 295
46 91 5381 101
81 6 9424 50
9 23 9872 1070
97 18 26254 843
90 16 15728 166
59 73 4791 542
19 37 65158 36
62 94 56226 732
96 72 7443 69
39 85 14501 45
88 80 82855 383
71 33 36253 260
87 34 105961 411
10 1 5553 104
30 69 9579 656
74 29 13271 54
12 37 6920 198
63 35 7544 97
98 50 117304 128
1 61 46475 129
78 86 4779 594
91 53 13710 61
12 39 27892 182
29 87 15937 133
34 82 120623 257
8 34 64337 1011
69 3 16748 242
55 92 16885 475
40 46 10266 99
89 83 77338 111
2 33 11428 245
34 6 10729 256
59 84 38392 195
80 6 39025 610
13 85 57596 252
7 43 2903 349
47 31 13566 200
93 6 8676 120
36 89 42170 181
73 15 98956 147
36 22 20113 129
19 79 62940 159
85 22 24292 78
49 51 6103 192
35 69 17711 517
25 71 95925 160
60 12 8587 232
41 25 7957 1613
86 53 24122 119
27 53 20171 344
87 56 17332 103
52 70 20624 147
17 12 81451 140
95 32 117724 154
34 99 7941 38
79 57 139396 143
93 27 14820 67
6 47 329727 335
100 20 11326 33
63 99 78799 156
61 35 757 69
30 5 117944 32
27 89 34801 401
86 33 8533 146
80 55 6793 386
80 46 11945 122
85 23 32087 223
37 72 3734 200
46 5 1933 89
58 25 33709 61
93 11 30935 37
2 44 65161 283
95 52 13431 172
26 32 17604 732
66 83 3494 164
77 56 35693 1430
21 63 4359 198
54 42 13062 87
81 31 11657 172
91 43 9727 22
55 42 4647 156
37 4 6268 117
11 32 86886 88
6 33 20975 118
33 21 36126 43
83 13 10618 29
53 62 18607 184
24 47 14442 1262
30 7 111352 1453
78 10 2074 259
49 90 36675 121
45 50 50929 115
92 14 41992 635
28 42 4287 58
50 15 12718 128
20 81 8142 281
52 25 58184 169
81 21 39765 597
88 55 4989 145
52 68 37521 83
64 68 75396 386
5 47 12153 181
55 62 2412 719
69 41 20751 426
5 24 9822 120
77 47 27414 378
49 45 5694 440
71 42 14657 43
88 35 32381 76
71 3 120980 234
20 92 21538 189
13 71 47121 189
7 67 100261 28
49 93 61208 33
32 76 43608 283
80 87 45993 43
16 17 63404 70
37 66 35705 47
92 7 2984 235
34 1 5309 35
62 98 10978 33
16 35 34056 367
83 9 12601 171
65 50 22864 30
45 5 28256 176
10 60 94022 274
87 57 8531 182
16 76 14763 77
1 70 24532 261
63 78 6709 283
77 83 46028 185
69 93 18556 456
39 79 26829 593
25 16 74626 101
41 32 47247 86
8 12 5185 104
74 88 70911 192
36 29 16783 24
86 66 7160 53
65 52 60271 295
94 69 18262 27
59 36 30341 106
19 57 15928 76
91 89 62365 56
61 87 64719 248
74 16 19322 229
15 6 33712 724
42 72 13809 435
88 47 20643 255
90 99 16060 420
56 41 8340 33
61 37 18368 146
48 71 6767 475
2 28 29948 495
51 35 17020 199
95 86 23869 211
19 81 6844 230
92 83 323840 34
53 31 6466 114
84 56 44149 136
98 10 11357 103
74 99 4236 80
74 58 73276 358
39 1 266893 232
72 71 19849 172
71 49 9621 141
47 76 17657 160
26 33 66016 289
24 37 26212 87
29 41 51122 1139
31 48 18374 506
16 77 12999 895
83 77 10986 88
41 78 16399 58
30 74 22656 638
89 88 47134 66
30 63 156240 391
37 88 23170 278
51 68 3966 284
28 73 36097 1167
45 36 18014 100
89 14 6074 59
28 61 55460 49
48 25 38996 56
36 45 79109 531
27 19 26769 129
83 46 24496 36
11 44 37478 421
96 40 5886 528
92 30 41127 105
68 99 77344 27
28 64 4817 162
37 74 31797 368
26 86 96278 62
9 88 43739 244
34 67 9313 587
73 62 94681 282
46 22 52472 592
10 97 3216 280
66 71 19131 418
95 64 127713 115
86 2 23875 285
48 35 43251 680
25 82 9965 167
61 51 15658 63
80 11 3413 54
23 62 4884 203
95 61 6738 166
87 28 40294 128
34 69 21781 150
76 73 194044 403
90 75 1653 201
62 27 20563 622
42 64 30706 321
35 40 14516 469
2 52 74269 86
11 63 30225 152
93 21 11417 244
7 35 1040 108
81 8 58463 131
73 44 7673 98
67 5 44201 25
8 6 68864 59
85 11 4526 398
87 55 10050 118
40 10 25248 64
12 78 22927 109
71 91 22100 294
33 77 6724 183
48 51 6001 66
62 23 39195 124
2 66 21081 139
75 11 16576 376
5 27 43930 376
69 83 12504 152
19 99 1955 37
28 32 15990 35
65 39 5594 55
37 15 23861 65
73 65 13139 70
39 60 42053 257
97 36 9114 294
86 28 30106 67
80 22 20024 189
46 49 31601 43
92 3 15560 11
78 47 66138 106
20 70 37346 272
64 82 42593 53
71 21 18315 69
34 50 15933 75
73 42 105602 243
97 68 31807 79
28 14 34267 347
29 83 73784 147
40 91 54049 324
87 59 19741 89
68 81 11619 201
84 47 22469 210
15 77 30651 322
67 38 5845 9
51 86 68873 64
45 34 4740 233
22 62 11479 77
91 50 79082 260
43 28 6810 692
87 4 38420 25
13 2 31235 109
12 96 4882 238
57 11 27216 190
50 64 21085 104
68 10 38051 277
61 43 16335 123
89 1 13405 47
79 13 33938 60
28 13 20120 54
47 60 38922 99
21 16 9323 98
77 79 12609 259
54 45 14914 261
20 30 9215 21
88 18 14987 144
25 98 2089 276
42 35 6914 68
5 6 78902 212
67 11 7567 49
13 96 29554 172
37 87 32031 136
54 68 13206 82
72 56 41833 122
48 67 6305 179
5 36 80010 48
5 16 40942 258
8 72 31967 170
79 96 34333 136
28 6 18187 58
52 35 40788 67
83 53 50134 149
13 52 4372 1569
74 64 18470 300
91 68 1804 140
67 3 2101 346
99 69 14283 192
100 73 22440 1167
4 29 12731 94
4 59 6072 40
95 66 10656 106
54 80 172770 79
75 13 15324 77
80 13 11764 34
3 16 205600 44
62 71 5330 93
65 24 66403 91
59 75 30198 479
20 77 59176 231
82 57 6681 24
8 53 27784 865
62 67 28284 299
29 24 8561 43
44 48 59734 145
11 20 92208 345
5 41 48211 58
14 100 15780 132
64 99 22857 204
44 9 24973 806
47 82 51521 72
99 40 20027 209
67 49 289844 163
15 7 13366 103
84 91 12586 62
15 65 2798 105
95 83 19808 375
10 28 136388 64
3 1 7148 559
29 3 64776 59
67 2 19810 299
10 14 12645 60
75 27 55175 140
72 25 58767 300
69 19 3392 881
21 86 12137 65
40 56 96663 108
70 99 51412 291
14 12 17599 88
23 11 16339 316
13 14 75272 648
94 300
95 225
34 36
35 503
6 85
99 61

9882254
