100 499 3 3
76 37 68385 368
76 51 24636 21
76 53 33995 315
76 57 10232 80
76 72 61340 137
76 24 35325 165
76 33 21247 28
76 98 28113 127
76 89 2330 395
76 75 4670 43
76 48 5358 291
76 99 16753 102
76 6 32073 147
76 38 15921 119
76 14 74245 50
76 68 26671 66
76 46 6784 1446
76 2 29565 264
76 70 38984 116
76 87 9835 149
76 69 9483 216
76 64 24119 71
76 22 27476 1391
76 5 124266 144
76 73 16736 95
76 97 33907 129
76 43 13379 476
76 81 17256 17
76 93 12955 391
76 34 5102 383
76 92 9622 55
76 63 15804 33
76 28 50559 146
76 11 46946 128
76 29 21943 105
76 9 108155 226
76 19 102672 411
76 50 20695 48
76 61 16523 906
76 44 67721 93
76 23 8004 194
76 77 58839 49
76 67 2734 52
76 8 5691 31
76 7 73267 142
76 30 10081 112
76 36 23250 549
76 21 19123 328
76 49 32342 99
76 16 19990 182
76 85 90308 28
76 84 7942 198
76 74 4372 450
76 12 26054 338
76 25 25918 50
76 3 3241 29
76 54 22331 235
76 66 27232 197
76 60 18138 42
76 52 26453 59
76 62 11814 664
76 80 20819 184
76 96 4452 39
76 59 12857 25
76 40 6009 113
76 17 15831 133
76 82 14071 413
76 91 44621 833
76 71 77771 66
76 18 13051 122
76 56 29486 474
76 35 44132 28
76 47 34398 104
76 79 7314 162
76 42 24555 13
76 27 9899 124
76 4 30840 786
76 10 7325 742
76 20 68126 131
76 100 26279 85
76 31 151415 237
76 65 12466 500
76 55 14098 91
76 78 4958 18
76 88 34330 114
76 95 24811 143
76 83 111365 281
76 26 22322 378
76 58 29579 217
76 15 21330 1343
76 90 2995 177
76 41 34874 304
76 45 89765 346
76 39 3596 434
76 86 9007 116
76 32 4954 326
76 1 5736 124
76 94 125691 704
76 13 5099 468
23 100 19379 28
49 97 21783 612
46 12 13979 34
92 31 12538 10
48 27 32396 198
46 52 21819 50
50 98 56187 293
40 21 7090 132
43 29 1587 77
45 33 18003 374
4 26 1104 244
1 15 50297 41
93 50 4233 77
49 43 15442 71
50 52 10090 130
41 35 14179 53
47 2 92056 520
92 39 88262 11
64 88 6047 328
53 33 80353 183
77 58 63830 121
6 27 7107 219
65 11 35180 409
9 3 10363 106
49 70 49409 187
31 9 65198 14
65 74 19954 73
45 59 12451 60
21 57 2878 415
21 30 25445 73
95 21 20254 137
49 20 33753 92
5 23 92413 293
72 23 34288 76
20 15 49012 67
47 92 37756 13
39 37 10149 81
11 88 26075 103
22 1 26652 47
85 74 97499 366
47 4 21584 208
89 95 21446 107
11 40 162230 124
1 43 8231 1399
83 87 38085 372
63 59 8461 127
31 80 6696 95
6 15 74152 109
95 20 2908 60
17 43 8818 727
83 43 72814 20
73 50 62937 280
6 7 25090 164
15 62 22913 111
25 100 50053 128
24 15 8455 230
98 27 9043 182
2 37 54788 121
21 32 86403 466
2 9 49938 297
95 26 40699 65
74 35 20449 28
21 46 36837 280
8 82 24913 575
89 41 6938 49
21 76 30736 1035
28 96 12697 49
41 61 3943 15
41 66 219937 162
56 14 12878 87
26 40 11818 748
14 27 61108 72
93 37 114467 189
20 97 86451 425
34 100 48162 298
96 48 39956 115
82 81 25804 149
75 9 10175 1262
1 18 12699 407
18 84 4263 75
41 88 31466 709
54 1 21143 110
21 41 17559 264
43 17 29786 74
86 32 4272 79
39 55 66492 93
40 90 8706 400
65 93 6610 239
52 36 28273 128
2 68 21757 540
46 7 71005 438
8 97 26288 55
7 10 3016 411
33 6 11368 144
74 22 2797 145
41 98 22802 177
90 39 14533 45
9 28 10764 753
27 51 66808 123
87 5 38809 149
51 61 11346 124
89 23 45578 201
61 27 42938 59
40 18 35859 186
12 61 62811 219
49 94 38335 154
96 49 25924 24
14 34 48527 240
66 76 24361 297
93 42 112024 397
82 92 15320 72
14 57 10344 153
78 32 16095 99
51 27 15409 73
1 77 4824 9
84 68 3531 226
82 17 24883 175
12 72 3590 211
81 97 23616 148
32 89 6093 257
67 8 12567 55
90 34 69096 114
26 98 6977 217
80 82 19939 63
97 3 38957 112
98 92 41726 83
59 88 24623 22
24 82 46452 78
13 60 28172 245
4 77 56468 41
99 24 155324 117
87 88 198898 76
29 71 5693 80
85 33 139120 108
42 58 7176 376
34 88 13992 272
24 47 67084 347
82 48 111064 59
32 92 25413 75
56 51 111616 314
75 46 27333 127
99 94 66236 193
44 100 13942 169
14 42 34710 56
3 7 4046 64
84 77 4379 773
61 90 15528 639
68 96 28967 124
82 38 73411 224
77 69 6206 204
34 22 143894 159
25 50 7405 66
18 40 27586 115
81 20 21808 151
22 84 6732 108
43 63 48490 74
65 14 3854 93
9 2 5823 268
51 73 17180 1818
44 78 12850 64
48 72 47270 108
66 95 19253 243
73 72 50577 211
30 45 12487 201
94 2 61815 62
44 13 6499 1516
31 54 35490 153
94 33 40122 18
8 49 15516 386
83 11 15581 140
8 13 23214 459
96 3 19228 23
33 59 30660 49
100 57 8820 153
62 56 21574 64
38 18 13300 60
77 1 21506 472
3 60 64687 23
52 84 1850 54
49 84 33315 493
12 38 8575 354
59 66 26364 94
100 19 16995 194
23 34 10068 784
98 31 50087 127
17 24 16503 76
64 77 55412 196
82 4 37108 94
97 45 11526 17
19 63 18933 172
96 56 54666 165
51 50 9044 27
2 60 11744 666
57 51 43118 1002
24 41 88379 91
33 60 12164 353
19 22 6428 155
37 53 7653 131
29 8 24026 546
62 15 4061 131
89 43 8758 193
84 89 23726 137
71 5 41091 102
17 87 81424 9
56 58 26963 42
24 97 26434 1098
31 41 48008 775
28 73 40414 361
29 63 15902 296
41 1 8060 357
47 1 7565 94
72 69 13988 1074
54 8 20388 284
78 96 122610 248
17 46 11905 705
100 71 18043 353
3 59 70250 157
88 51 26589 99
35 31 9307 456
79 23 8983 1078
29 46 16690 413
23 53 31602 1657
50 11 21461 513
26 21 9037 451
84 52 38332 105
31 43 28753 301
82 13 38263 21
17 6 15806 1026
56 61 8698 25
83 47 39054 241
25 40 10010 348
24 6 8919 148
9 100 25127 107
67 41 9919 99
23 99 36476 226
39 83 62820 491
96 68 11790 118
43 74 8245 309
61 84 4274 19
80 32 5242 424
69 43 5139 309
85 23 16653 37
13 86 17652 208
38 30 29719 39
62 88 5527 232
23 61 49322 497
84 96 4894 99
44 94 12019 364
82 20 15161 11
39 25 27271 244
47 100 76633 310
85 52 33133 229
75 63 14832 55
34 63 26941 161
89 6 20287 123
80 3 6160 47
36 6 14539 180
58 68 7133 289
58 55 8221 159
26 31 11409 90
57 17 20335 34
84 100 43393 228
2 87 5597 315
12 57 58714 953
11 85 33161 42
87 71 52930 59
13 32 95211 197
10 39 19303 22
29 41 21223 83
19 8 272043 103
94 93 18033 447
24 33 8799 155
81 71 10401 124
71 30 31377 163
22 16 28196 203
93 8 58083 61
52 97 21857 158
32 80 29434 218
60 87 47082 196
15 54 77552 72
18 15 27040 155
50 96 180122 95
13 33 18118 49
83 78 30148 131
80 97 99685 494
44 90 6395 376
92 51 16561 537
69 45 49370 158
95 63 27742 78
11 34 74733 69
24 14 15826 177
68 10 20642 32
8 42 95691 77
40 58 168006 42
28 48 10524 28
24 8 5943 421
52 70 8063 670
74 80 26185 166
30 32 7403 156
78 76 8969 507
78 68 3421 63
47 5 10576 287
37 63 8018 148
32 62 96453 48
74 55 60648 42
59 47 135279 195
23 92 19640 271
12 7 9765 125
62 20 12997 60
57 21 14650 104
70 8 8427 91
22 100 18665 47
67 37 13300 507
47 73 5830 128
65 62 19171 43
83 50 4221 155
37 54 32761 140
89 61 35440 172
46 87 14900 72
86 93 39371 283
74 41 33140 362
29 64 1605 467
54 86 7669 55
1 35 2907 22
4 5 112384 189
30 96 141430 91
16 31 16827 152
79 16 7988 137
39 65 7212 741
30 6 15590 44
50 62 27225 70
2 5 74642 405
1 88 17578 72
52 92 41006 58
29 21 22308 358
14 28 5403 40
7 59 15138 322
64 11 17425 44
74 62 22344 18
13 18 10157 1763
51 98 19614 25
98 2 15084 121
45 30 14362 801
27 78 49600 24
12 83 18006 194
19 87 17022 349
61 60 10096 141
31 36 10744 61
19 16 57557 224
29 32 74593 29
91 69 8857 198
3 58 11112 134
71 96 75327 102
41 32 71071 160
57 19 16255 135
10 78 1847 326
54 16 25229 93
50 60 7842 162
47 39 57074 204
33 42 10556 40
5 82 9961 105
95 24 13448 95
18 33 8757 28
26 4 5196 73
38 37 24706 85
69 47 11651 85
66 30 5153 410
74 11 3238 203
38 77 89231 83
8 25 36211 145
50 59 44245 257
18 26 37694 282
61 46 16261 38
23 98 6893 103
39 88 12987 38
26 1 12646 485
69 9 26594 73
83 75 28375 165
24 25 7942 14
23 85 67891 550
43 52 51210 560
23 66 30818 67
63 52 42677 80
60 15 25291 72
43 33 30377 251
56 46 29791 185
49 34 49116 196
29 53 4210 45
65 43 29238 137
5 73 68912 158
83 70 14769 60
87 56 4276 234
98 57 197013 82
23 33 122539 158
67 51 19481 565
2 48 46968 82
90 89 4711 77
85 92 23541 712
36 54 14775 22
49 57 73125 165
76 297
24 60
23 160
88 93
33 26
100 149

5514139
