100 499 3 3
50 90 23065 44
50 84 61085 159
50 35 29176 42
50 16 22624 1336
50 7 17683 257
50 31 11081 377
50 23 15497 63
50 98 41462 363
50 86 6744 579
50 99 4064 20
50 15 42507 314
50 3 4375 40
50 72 31335 1138
50 67 3172 211
50 61 34293 43
50 89 25989 241
50 52 41246 142
50 43 38963 460
50 8 22653 98
50 28 43087 12
50 91 18185 304
50 1 61270 237
50 66 23319 557
50 73 9669 59
50 40 20059 450
50 19 36946 306
50 93 43143 15
50 56 10515 321
50 41 12196 25
50 45 59010 224
50 49 15795 296
50 34 71938 157
50 22 36143 2411
50 69 24491 342
50 57 21069 141
50 6 189681 88
50 71 12680 60
50 68 11453 202
50 87 15585 140
50 81 10344 230
50 25 22286 61
50 42 28477 42
50 88 57877 158
50 96 13068 83
50 36 5249 162
50 39 35336 119
50 77 4341 20
50 94 34332 128
50 79 10323 1548
50 82 4036 38
50 58 63988 27
50 24 27744 135
50 70 12263 107
50 13 61252 121
50 26 12228 113
50 5 180571 604
50 48 7843 32
50 38 81912 344
50 85 3102 169
50 46 69169 329
50 9 6096 441
50 92 62689 308
50 97 6711 100
50 75 40277 27
50 83 48474 99
50 53 30183 300
50 95 29443 179
50 100 47704 84
50 44 10765 755
50 12 37000 189
50 18 11651 578
50 21 17484 507
50 29 90414 126
50 37 35405 370
50 27 46073 203
50 65 28502 459
50 62 99995 255
50 30 36059 61
50 51 3543 124
50 17 5471 65
50 32 45559 18
50 47 33907 99
50 55 6314 85
50 11 12564 127
50 64 14151 330
50 60 6025 58
50 80 13940 112
50 20 9774 187
50 4 21561 182
50 74 7830 80
50 54 19184 71
50 10 14043 65
50 78 43738 1541
50 76 10220 134
50 59 7527 89
50 33 10623 117
50 14 268653 368
50 2 5860 26
50 63 40403 79
16 1 41892 24
41 86 19729 31
6 85 30031 196
38 65 29481 663
51 72 61529 90
66 62 11596 51
30 5 27995 66
67 64 35565 199
32 15 118493 125
15 2 276415 405
14 18 3548 141
8 95 20710 65
73 86 32694 33
25 6 28523 29
67 95 53922 68
79 14 51949 47
45 39 22355 97
79 58 42274 351
67 28 11234 593
47 38 20202 24
36 61 138746 215
36 73 38673 225
69 90 47278 141
17 38 47830 515
32 62 10309 686
40 77 20052 287
78 77 85526 114
52 98 35592 90
43 52 38371 320
78 66 34250 297
49 96 56461 68
48 40 8012 514
47 46 13636 508
63 98 8808 485
45 8 99125 223
81 96 24829 168
27 22 18079 264
47 24 24549 213
22 97 34913 182
34 46 6845 545
69 19 14338 131
9 25 11182 74
58 62 8022 102
36 70 11190 162
68 79 39859 92
60 53 35169 250
31 42 32002 5
83 96 5855 45
1 63 12882 133
72 62 41703 65
8 43 8138 159
90 92 10396 92
64 48 39059 144
48 42 13886 240
33 49 98798 222
33 18 12164 397
23 7 85506 101
24 16 5720 157
98 87 42685 205
58 46 5285 85
20 74 5703 95
10 43 13193 66
99 44 134648 174
63 40 6917 199
72 94 42048 188
36 13 67250 134
59 77 6092 56
11 69 21957 578
24 50 5594 52
57 9 61369 140
71 22 98472 280
76 5 35416 329
53 92 71067 59
19 22 25037 39
5 66 33242 96
37 28 8054 63
14 72 20155 448
24 14 14281 163
60 96 30171 204
83 12 22906 408
75 84 17192 1041
43 28 134417 21
51 12 24663 260
48 28 31205 99
49 41 32119 181
37 51 43158 939
12 26 16909 55
98 61 21037 96
52 14 10767 116
35 59 23298 150
48 56 11020 118
2 81 64157 326
62 17 58145 93
96 52 43499 135
70 64 30421 29
48 32 17501 45
39 60 29345 83
27 73 197796 172
98 13 7793 207
55 14 238875 232
64 12 63088 183
93 76 76815 160
66 39 42123 217
82 33 3422 90
60 95 36209 15
70 98 21836 1025
75 98 47436 80
6 33 8449 380
60 47 61794 196
78 34 15974 62
17 8 19067 595
15 65 31074 759
98 14 19774 189
30 80 12676 257
8 98 21208 152
27 57 4089 724
4 5 9109 86
52 89 17596 480
87 90 44993 89
77 75 38281 712
97 85 1554 136
53 30 63610 159
32 83 10171 354
91 60 5015 55
48 25 122660 600
76 31 7918 54
84 39 228069 22
49 48 41315 112
1 78 2791 233
8 21 63821 108
97 71 8236 392
99 89 6977 930
74 2 16675 97
31 57 12738 176
23 75 73982 157
83 80 21315 62
71 59 11323 131
40 74 14184 126
6 26 15910 138
51 31 45976 61
25 11 16217 31
35 5 101881 140
77 14 107342 98
8 94 122105 280
30 11 21450 262
26 24 12844 41
25 2 23082 170
89 52 12587 49
65 64 7547 22
65 51 11196 459
84 42 11580 175
84 28 8761 410
12 96 5869 210
40 72 3804 246
18 34 24387 529
47 77 10881 102
85 54 39867 179
11 23 20492 83
86 35 47617 517
4 61 49749 194
80 24 25864 230
5 78 24092 35
51 42 21088 689
1 53 2396 394
11 16 31887 189
24 63 33073 87
89 78 30073 98
85 47 88437 76
12 57 7535 1539
95 62 19343 78
78 61 76237 60
13 68 3799 230
51 79 12246 510
44 67 10144 97
83 99 20542 164
24 2 7653 101
86 38 17439 214
98 88 9816 49
70 32 34280 74
53 47 10021 286
45 6 25505 626
92 17 1056 113
80 96 13085 224
80 90 14607 348
80 47 9982 371
45 43 22824 635
14 49 4976 475
49 22 13382 201
80 29 10516 101
74 67 12539 62
10 12 480002 78
37 9 9930 616
41 30 17642 45
7 82 38821 259
76 56 25205 343
52 3 8644 532
4 93 55915 88
72 9 53226 197
90 14 30992 852
45 1 34835 224
53 84 8575 80
89 44 11210 522
8 80 40705 99
69 88 59514 123
31 50 39391 18
92 37 12843 177
10 47 9454 23
69 46 28741 303
85 98 37772 1345
22 45 26501 336
60 27 57805 1214
11 4 1891 281
65 20 23755 119
9 23 12964 584
90 81 12261 244
76 21 23275 1254
79 48 21621 147
56 31 14065 226
12 68 25289 434
42 97 14530 94
37 74 88871 33
89 75 66924 2537
29 9 16908 116
11 97 6630 958
90 63 58835 130
53 6 54637 177
81 9 22149 120
64 26 45323 166
70 36 14209 76
25 36 51647 148
70 13 46648 396
19 28 5768 92
76 94 57400 411
84 41 30274 285
63 15 23025 165
99 26 218148 193
79 100 41768 214
15 18 6456 439
53 60 8778 254
1 27 13276 1312
63 49 7555 36
98 80 34958 62
70 30 46593 950
29 44 29361 90
89 10 48599 135
87 5 15401 243
3 94 81669 123
30 57 22731 114
35 70 32044 84
72 6 42024 51
11 14 24171 67
41 46 1032 100
24 100 106988 33
12 82 13502 345
71 69 21754 87
87 46 41697 812
98 40 10519 31
13 15 4422 887
42 74 47945 27
5 97 28441 37
93 51 21681 93
69 22 5577 612
48 71 7092 285
5 15 22503 202
73 89 128309 75
2 54 4531 374
5 47 26604 114
44 84 58738 266
13 35 20618 247
7 45 42187 619
29 78 39640 451
30 21 34042 248
4 44 35599 430
77 30 10060 361
76 66 75118 139
74 68 12471 25
80 46 7065 60
46 88 83719 68
86 1 56898 266
64 37 49877 145
96 31 146767 50
30 42 82070 32
31 5 7815 135
37 66 5355 142
9 77 4916 422
17 4 1565 378
40 95 10782 118
40 4 12265 600
71 45 18480 65
36 18 42172 123
56 33 7769 20
93 24 28728 37
1 74 14736 125
59 72 6129 107
27 49 47582 195
80 10 13935 68
89 15 7608 172
96 99 28875 53
48 41 10030 284
97 93 206502 73
68 10 60102 515
85 33 105756 326
95 38 5749 304
76 97 11493 375
85 60 39119 43
11 84 46471 45
48 10 28631 314
16 74 45024 68
25 85 47865 96
34 57 31781 38
81 26 23861 64
100 94 185209 269
55 74 9786 576
93 33 41647 76
12 64 26088 265
9 82 21186 614
45 25 129732 345
63 76 12916 36
53 7 159767 106
17 30 12277 138
48 50 77580 102
31 40 30750 34
1 72 69310 96
5 40 10087 89
25 9 10064 521
82 55 28213 143
74 78 7404 216
100 27 31093 219
47 67 68549 43
98 71 10181 32
80 17 26168 344
90 15 19890 323
28 66 15307 66
73 44 14330 541
60 20 4762 28
66 2 2506 35
27 76 31147 882
82 21 98973 188
82 37 24941 99
3 18 33612 26
97 8 16468 200
66 8 26295 96
83 94 8807 145
82 42 18351 321
16 68 29237 132
20 71 21708 982
21 58 8714 163
6 47 48159 143
98 62 23391 417
96 91 5981 277
5 41 37794 275
38 49 26390 94
90 94 11820 581
33 48 2460 1760
21 60 11728 925
10 67 29058 52
41 21 2406 95
59 35 88253 186
95 34 71839 19
68 25 6543 96
25 38 8170 35
13 24 31146 221
13 78 6130 386
44 18 14153 272
2 18 8064 539
37 87 3565 184
25 78 20821 147
83 23 15740 426
60 43 6368 155
9 5 54675 65
58 95 45494 278
75 59 17394 243
90 99 2175 115
70 66 47499 22
58 27 48357 29
27 93 23206 212
75 83 21389 143
97 80 64104 458
69 49 27767 190
29 91 35273 86
67 2 30342 85
48 7 35525 94
78 72 11509 144
66 93 96598 369
90 25 6432 233
45 22 18119 129
27 91 3676 164
12 54 26467 193
48 15 20073 446
72 21 10130 1023
54 34 15297 194
90 97 7077 69
74 52 40988 57
15 95 5140 114
57 100 11149 131
96 57 7684 119
100 26 21197 333
17 42 16402 116
48 69 33537 137
72 69 25085 101
50 594
48 1339
98 45
14 734
94 664
78 346

99330286
