100 499 3 3
54 55 24541 360
54 64 123651 74
54 34 13847 154
54 62 23220 81
54 50 37625 542
54 58 7209 638
54 10 17015 12
54 33 33672 44
54 11 11226 540
54 31 27910 108
54 66 57257 274
54 72 50174 479
54 45 129978 283
54 70 98099 166
54 27 28196 62
54 43 10650 46
54 3 184877 381
54 98 34168 98
54 32 92661 669
54 56 33090 27
54 40 10862 71
54 67 4350 149
54 90 536090 234
54 83 10320 147
54 35 1829 333
54 75 25431 36
54 7 21602 335
54 21 35717 123
54 38 109112 1367
54 73 47164 155
54 18 19210 106
54 74 19044 18
54 44 13915 341
54 5 51643 60
54 37 5226 46
54 4 30719 103
54 96 5354 24
54 84 31638 183
54 60 92061 180
54 2 63859 208
54 76 6455 99
54 9 234682 338
54 6 22213 215
54 30 9085 57
54 78 28518 866
54 20 10808 99
54 100 66807 47
54 19 4482 30
54 12 42524 1915
54 99 16492 156
54 87 13088 1725
54 49 31016 1174
54 86 25709 165
54 24 85271 520
54 77 52035 240
54 94 31055 160
54 89 21014 387
54 82 27159 35
54 97 47887 25
54 28 32838 607
54 81 217867 44
54 80 26571 163
54 63 7654 322
54 1 27788 125
54 88 2511 1048
54 46 8829 41
54 68 29799 586
54 59 42829 482
54 42 34105 132
54 47 25288 85
54 23 52158 31
54 29 11963 160
54 51 48559 143
54 93 27772 487
54 14 68662 205
54 39 114929 100
54 17 6249 184
54 79 8151 66
54 52 41128 35
54 92 83576 117
54 91 20773 140
54 13 57889 106
54 36 43281 563
54 53 10602 418
54 69 15515 162
54 41 29362 115
54 25 7719 576
54 71 16271 179
54 61 13006 315
54 65 16890 98
54 57 12261 34
54 48 10233 30
54 95 32952 74
54 16 2998 75
54 8 9967 11
54 22 70190 49
54 15 37628 978
54 26 7286 168
54 85 43890 391
81 21 12937 928
44 65 3329 1963
81 16 9783 460
60 4 32761 428
7 90 20367 251
80 12 58896 163
79 27 34654 54
57 69 36416 306
23 85 23952 377
97 56 40055 63
3 72 90518 34
57 21 8223 156
19 59 53724 107
86 98 64795 191
7 3 35248 541
8 78 49524 163
1 44 12879 133
92 5 33022 12
36 30 150959 286
95 49 7625 87
27 45 13426 96
4 14 36602 277
86 24 2945 220
69 81 104530 31
59 8 27266 183
58 75 33609 824
83 42 56840 135
16 6 2943 232
11 59 101856 946
2 62 41246 11
2 55 14961 139
38 32 14241 83
50 59 58290 130
79 86 46141 53
2 28 26382 1278
57 35 40819 71
26 74 50284 320
16 2 7796 63
67 89 18149 133
92 32 26224 213
41 38 7845 556
79 45 81237 59
89 64 27448 203
61 42 40520 624
93 73 107345 469
21 27 12336 70
30 58 13782 277
1 26 8123 119
49 58 5258 253
31 100 5694 210
82 23 13617 209
30 5 38560 51
33 3 44005 81
70 19 32626 95
99 96 19515 153
71 80 27758 100
92 23 32217 99
53 6 8129 200
49 16 70156 125
7 5 7074 90
46 88 16397 75
36 44 24263 100
35 30 7530 288
82 36 22757 23
56 84 26532 41
5 84 16757 59
29 50 17354 339
12 39 15521 217
34 88 49033 189
85 27 28239 146
34 4 23419 110
20 49 32675 241
85 77 12110 45
9 75 54785 1840
52 19 37173 1376
34 39 41683 731
37 74 68108 339
49 97 50434 19
69 46 18197 183
82 62 8352 133
6 3 25976 345
21 13 155557 61
46 42 9730 381
1 13 19263 766
88 69 28813 373
3 4 34853 159
79 66 37688 447
2 20 56811 367
33 32 9271 743
59 40 16512 140
85 29 36760 64
49 88 17488 93
12 9 27068 91
46 40 53509 95
95 88 53527 97
2 73 113678 81
89 40 3863 75
23 79 41863 173
29 22 4814 195
52 38 45414 540
83 36 9271 69
93 8 25899 362
13 4 10401 52
57 80 21129 66
1 84 21277 111
93 20 65750 240
51 30 19105 41
88 4 8193 382
56 99 9824 205
44 4 22460 533
24 85 44117 101
82 50 56747 33
42 30 20413 98
57 3 10111 57
60 89 185567 115
2 86 22702 100
95 82 13841 144
58 21 117164 41
11 89 7710 252
4 57 136455 172
42 77 14574 35
82 14 6547 28
43 66 21488 100
71 20 15984 45
3 68 9863 209
93 89 25138 169
79 69 9431 326
63 34 17796 59
31 33 12332 158
52 29 33393 75
71 11 57365 27
35 58 15193 51
53 81 15803 226
32 66 29111 255
63 26 19981 179
6 10 5777 291
50 51 51589 48
32 78 17926 37
72 85 46678 60
21 74 29721 230
73 1 10580 264
73 59 2972 202
50 12 27788 209
50 33 21115 1008
67 59 23870 143
49 48 19861 605
65 34 189169 374
59 91 51775 45
77 78 5006 39
6 44 55281 74
68 32 39256 398
81 99 14207 237
88 78 53599 41
16 22 7177 514
100 58 5781 234
23 59 56992 36
65 14 3398 66
14 7 119479 856
37 27 35779 338
8 10 15226 345
44 39 89618 90
86 6 20747 332
84 74 36626 476
58 71 17256 35
60 41 10856 461
18 11 38098 104
85 34 38399 135
36 86 32182 227
50 72 10447 555
61 52 15302 469
6 36 31676 72
1 65 4659 28
95 38 91312 36
34 70 40753 315
49 38 4132 11
95 77 10130 249
68 90 6609 79
28 77 12126 197
77 13 35517 190
70 9 49021 27
61 36 10512 213
78 92 10494 292
6 89 27623 140
41 78 7569 303
67 52 31702 565
73 88 63299 381
68 99 111213 76
12 83 10532 274
72 17 15402 90
58 65 98248 53
10 22 49765 74
43 91 47052 329
80 61 7559 45
6 8 57609 162
39 52 26614 455
84 27 24309 29
12 87 6860 159
68 59 58123 210
94 15 2542 974
38 72 10748 174
44 69 6310 126
48 54 12538 120
57 23 11466 587
37 89 67517 51
48 90 5640 542
58 69 6567 261
69 86 54805 128
31 11 72600 145
97 43 8286 606
87 31 1451 464
82 53 41350 558
19 8 52098 143
51 10 6448 577
76 22 29816 362
44 95 9182 171
45 16 24433 186
42 20 31915 306
65 66 12930 215
99 27 11855 475
14 63 17262 276
22 49 46184 172
97 35 13816 163
99 90 15441 566
70 58 47042 170
9 29 233206 477
17 43 40070 662
46 59 186047 284
74 48 26149 41
77 76 39063 222
32 64 100448 242
22 97 17451 338
41 17 7571 108
18 79 75985 44
36 7 2989 165
48 87 10635 201
100 81 19556 320
27 22 23139 98
51 32 36342 39
24 23 3804 82
57 71 22040 25
22 46 8982 32
98 70 9714 156
77 66 41278 1026
56 19 173941 363
2 40 11415 109
9 99 18518 133
37 56 147926 150
17 2 12901 37
30 75 29394 39
6 67 19304 75
42 44 2248 163
58 41 25495 27
46 75 9521 68
45 67 28266 282
30 99 12019 13
58 80 30570 70
86 11 10829 111
42 53 6350 269
95 79 10529 32
55 41 43336 319
35 51 7552 193
88 89 66948 61
93 66 48748 70
35 77 6635 92
17 58 166963 85
95 61 5376 62
10 62 45341 170
52 80 34583 123
61 15 2274 144
13 62 28725 145
34 22 81410 783
66 13 13257 22
92 93 8018 377
81 96 43477 288
77 50 10623 83
60 92 36496 274
68 19 36750 120
55 47 31461 434
82 27 28416 104
32 60 11006 395
31 10 6592 107
36 39 48547 95
10 17 39383 52
90 79 33965 148
77 92 56750 97
82 3 6287 139
80 55 6302 151
5 91 15791 607
78 64 89299 152
84 50 39677 265
12 10 14927 156
25 76 7741 221
28 99 25126 240
82 68 56568 353
53 25 13963 149
86 3 29743 312
9 43 5253 259
68 80 60654 173
10 80 97167 169
73 97 122836 235
3 83 29624 4384
6 76 21158 235
29 18 24777 101
93 56 17095 181
2 72 27587 134
42 32 8217 389
19 46 15900 30
99 19 92111 87
67 94 11493 34
67 90 28149 40
95 19 9874 163
67 93 14731 152
81 14 13468 506
29 57 13922 335
6 41 66619 386
23 47 11819 132
55 30 51531 1034
14 100 26466 79
6 66 22879 107
16 88 6663 91
4 90 20426 280
30 3 50513 235
94 5 16233 606
42 4 8690 55
39 11 72801 112
58 16 17648 290
62 49 19362 28
17 10 25331 123
66 20 9986 41
95 46 36602 1181
40 8 13741 10
78 91 6722 147
34 47 14883 355
67 75 15973 294
10 94 69221 234
34 75 9388 93
94 39 3204 610
87 99 26350 115
55 8 9109 201
69 62 62257 534
34 25 28336 98
68 66 9147 883
93 59 9285 98
69 65 26843 25
50 17 51270 817
38 51 46906 212
15 14 19916 71
58 46 69445 133
67 62 15270 175
16 12 7354 169
8 21 1358 58
74 13 3073 68
25 13 36765 159
90 43 8287 1049
44 33 11093 110
59 81 22164 98
49 53 24275 432
46 94 30996 223
33 25 22204 346
26 88 8506 28
95 59 22768 976
49 13 22135 147
34 51 24050 1114
77 21 24790 325
72 97 1527 93
79 8 11367 77
83 89 36551 194
50 11 27006 81
39 90 11457 197
8 74 15601 77
2 51 9419 112
18 39 8456 210
66 52 8035 150
62 45 35714 345
6 93 13146 26
87 34 200024 67
74 5 184120 205
18 25 48769 87
9 8 5733 128
28 4 28901 195
83 3 45435 960
5 81 37003 338
41 36 49388 37
15 61 35177 1200
11 83 5092 128
6 2 66137 146
65 81 6842 27
69 18 6706 95
67 53 18126 389
73 30 369143 24
37 35 18271 205
19 32 67780 317
79 87 28505 35
19 34 16220 177
47 36 9525 238
14 76 12104 81
7 46 12319 190
2 43 16171 69
53 15 31584 361
68 12 29136 197
54 792
6 72
95 40
59 10
89 632
66 259

20434644
