100 499 3 3
84 68 106219 68
84 67 2339 52
84 39 207461 585
84 29 67744 43
84 47 4579 145
84 65 141008 206
84 75 10293 89
84 1 36846 143
84 20 11505 802
84 34 61965 292
84 45 7700 65
84 53 95390 87
84 76 19376 64
84 95 7609 358
84 91 10555 77
84 78 12623 1750
84 97 18932 100
84 26 29680 26
84 81 60970 100
84 60 52273 230
84 69 34273 89
84 35 11988 36
84 39 32983 28
84 75 80268 54
84 60 7619 547
84 26 32869 588
84 87 10703 110
84 39 3981 39
84 67 28572 472
84 10 32495 236
84 77 79571 373
84 53 24599 270
84 9 26166 327
84 14 41584 48
84 16 4719 105
84 47 10508 291
84 32 2875 137
84 26 26951 2808
84 27 37811 289
84 6 15171 635
84 29 21177 376
84 33 14891 152
84 72 30784 551
84 53 30521 54
84 1 16274 22
84 40 9929 847
84 19 93309 81
84 96 34179 76
84 69 33704 104
84 82 11091 612
84 24 15473 56
84 54 36011 275
84 32 6228 38
84 52 27145 87
84 56 20557 48
84 57 8414 99
84 55 20386 39
84 53 12814 65
84 70 3581 57
84 79 55962 37
84 55 21844 128
84 9 32481 146
84 44 5077 85
84 86 92704 93
84 83 19226 40
84 52 41204 42
84 36 4866 145
84 21 10564 26
84 97 3227 528
84 89 18404 44
84 25 25305 409
84 93 11946 255
84 45 4516 109
84 59 17180 268
84 3 23653 2044
84 83 96733 123
84 18 16256 144
84 80 7013 418
84 36 13539 269
84 45 86894 88
84 19 16938 17
84 23 17499 121
84 50 47586 121
84 36 298916 174
84 76 191955 94
84 100 13026 489
84 74 269652 247
84 5 6978 79
84 53 11863 315
84 25 79183 195
84 43 37083 349
84 80 19208 549
84 48 7683 97
84 43 28767 60
84 62 3244 85
84 28 20359 185
84 13 4628 187
84 34 59296 262
84 32 15362 611
5 92 84750 170
7 36 67615 142
72 50 7493 224
33 24 37438 241
21 64 22566 95
70 94 29118 350
21 2 12316 58
7 49 41557 57
36 12 9287 113
56 65 27604 70
32 81 3543 134
85 3 17602 136
85 4 61129 159
36 96 37204 173
90 20 8885 442
57 6 17957 297
82 13 14772 49
66 69 17309 279
2 51 20678 347
57 51 32622 439
51 6 223168 85
17 9 24249 47
89 37 13864 498
22 29 4504 26
4 93 3916 265
74 71 8516 555
7 45 19271 450
71 35 12772 69
6 63 33462 114
3 55 3514 916
38 32 98474 239
84 41 10626 348
9 45 28184 1171
45 38 35568 195
94 25 43604 936
10 71 18888 175
7 39 13109 463
19 27 10764 31
73 18 11875 224
45 58 25547 548
47 45 35214 273
56 87 16574 64
69 35 68353 106
40 45 106739 170
1 43 5621 162
76 28 15162 74
4 49 50170 246
40 3 20351 182
96 28 40010 121
92 62 70887 98
86 31 51075 420
5 39 67642 83
39 16 20501 452
26 52 11108 277
31 5 59116 244
46 28 23895 111
61 9 82019 74
82 66 10529 342
60 16 18916 246
45 76 13696 330
49 27 37862 85
93 11 6840 49
48 65 25450 31
25 57 5940 66
45 93 54916 180
23 42 40387 456
97 81 39643 252
75 9 42291 547
46 47 77203 243
94 91 21176 77
85 70 17463 66
92 22 27173 124
38 41 18534 63
98 57 39437 61
1 90 4534 135
9 59 11931 1420
4 41 10158 280
98 31 33101 284
89 21 25282 116
79 15 8456 83
12 87 27238 495
71 49 23530 2247
36 5 162368 130
56 23 10902 700
92 55 77140 326
28 29 48195 108
63 73 45729 709
64 89 32652 114
27 2 26350 37
95 68 12267 156
46 57 66949 186
37 22 11992 204
80 18 40043 24
40 5 21791 86
81 11 83068 596
73 75 51262 393
79 52 22715 219
56 34 69649 75
29 74 177182 49
11 93 31262 1465
96 91 39244 79
72 88 71143 307
70 77 15560 254
96 78 57725 282
87 59 21008 53
18 4 12256 346
89 40 5895 201
4 46 14783 91
17 52 35336 77
12 80 12571 185
23 2 7033 161
74 96 35017 368
53 61 28249 297
54 67 3966 22
58 34 52255 212
64 84 38570 170
2 55 101535 71
41 81 15389 102
4 6 19527 21
68 86 22186 56
53 71 4526 93
49 37 76084 270
33 76 73366 108
81 96 1295 39
43 70 17534 82
79 89 20904 175
9 74 9831 223
45 82 35604 173
9 26 34547 32
36 37 5675 233
75 76 10812 128
25 5 19859 488
70 10 23581 551
1 82 15480 155
25 69 15396 150
2 50 22223 15
9 24 2611 97
74 23 69712 104
12 51 64271 16
76 50 164204 144
38 97 52198 268
2 62 5764 57
34 25 9637 279
11 77 33748 37
95 85 17976 195
52 93 21961 1885
53 94 135234 103
2 84 26568 210
47 70 10749 160
45 86 29017 162
56 49 6739 124
31 4 10804 53
78 92 8258 24
46 25 10538 1512
14 69 29136 950
100 51 61272 144
56 64 16071 218
25 62 38123 1076
88 99 5323 167
67 29 13730 803
39 76 10938 74
57 63 34346 122
42 86 49485 59
43 31 26303 421
49 66 6460 86
11 2 45375 382
57 15 26851 20
22 12 54899 168
64 37 19058 53
17 37 76415 84
89 67 57239 218
60 40 7240 203
78 93 31974 226
21 1 31927 452
64 47 6157 329
49 80 21026 324
99 42 36422 255
63 60 34330 341
33 90 21091 102
73 31 52260 91
10 81 12926 49
66 9 13612 1247
69 13 42310 545
86 26 22522 347
91 6 7432 66
71 93 21592 102
18 22 125068 26
42 51 81073 33
7 22 9751 45
36 91 5877 63
87 40 8468 615
48 71 5563 262
82 62 102234 31
3 41 15893 699
35 99 8757 139
23 8 11845 31
86 15 63782 175
53 39 75972 53
6 51 36694 196
12 72 57313 42
90 72 56413 46
6 89 124823 1176
59 11 29664 710
6 39 3816 460
50 4 17473 48
69 68 249664 16
75 72 242054 162
65 11 7565 69
42 13 52937 55
8 32 47662 190
71 60 64938 20
89 76 9148 41
29 10 330029 220
13 34 35090 192
65 49 25734 708
96 9 15554 29
85 76 15272 154
76 59 67208 132
21 13 218656 286
47 38 9971 494
23 83 21666 56
57 53 18850 59
51 52 17435 376
96 46 22685 48
39 29 22285 284
56 86 2727 483
97 4 13331 453
28 62 28032 71
77 80 4889 725
21 37 13516 262
15 95 55925 128
36 88 22002 357
34 16 39002 1109
98 5 49828 270
57 68 2188 671
41 16 4181 266
97 15 64187 165
46 49 16421 65
29 5 5658 382
18 91 187074 91
51 33 7337 106
32 80 58716 56
49 4 12805 253
47 82 59588 181
12 89 12172 50
62 43 8474 21
36 59 110070 91
30 69 6222 46
58 9 41432 90
5 22 4521 60
24 8 24790 143
88 14 18718 196
28 70 7606 87
52 28 54207 221
19 48 120014 737
87 91 10443 43
98 35 6093 447
45 22 34850 46
68 4 13341 52
90 18 44743 615
22 33 3179 84
47 28 64078 212
65 42 13527 120
66 54 124769 100
22 94 30381 38
65 54 46227 117
50 38 14848 241
32 58 60665 2547
9 28 8409 24
19 22 51430 128
48 53 114615 48
83 27 69293 40
16 48 12227 25
98 16 16944 179
97 38 7886 175
3 97 12884 450
93 64 9868 202
32 14 66655 125
43 25 25271 116
88 50 14651 314
94 22 56026 92
36 33 6497 130
5 99 22672 47
23 90 108955 454
96 57 20603 329
15 67 21977 151
28 14 5358 393
7 34 38605 258
71 22 25477 542
95 74 40723 1253
16 18 11717 432
28 2 14849 95
39 67 12249 909
33 53 21161 253
71 14 34739 130
5 44 40821 111
96 87 10853 454
27 63 39128 386
30 50 16052 245
30 46 21288 1716
74 53 14699 130
15 37 5544 81
20 7 17089 281
54 71 2167 181
65 63 64722 246
92 15 13614 156
6 13 8135 104
55 24 46156 51
94 6 15450 21
12 71 58586 531
58 52 15229 47
22 45 61410 88
78 24 17091 47
33 75 117639 101
22 39 7014 1264
68 94 59959 180
79 72 63746 187
91 50 23282 434
58 86 50091 24
63 80 12169 541
35 17 10921 73
65 3 35528 59
48 68 7539 810
73 54 23484 94
14 17 57648 61
72 55 52386 291
65 75 7284 117
87 26 33129 66
67 84 236515 584
18 80 29198 692
81 55 17084 87
59 25 231764 51
76 65 7266 363
33 79 37675 402
99 97 3412 57
96 11 8595 179
37 5 12384 154
39 50 8720 332
5 57 20703 72
29 55 22293 438
85 12 19437 560
78 51 15408 43
82 44 30387 42
76 82 50983 56
95 96 15476 180
93 76 41053 83
81 14 15076 252
64 52 57994 172
98 34 6230 469
99 36 56339 1082
32 42 15720 78
2 71 59843 378
87 78 3749 375
76 47 41354 330
30 86 33730 429
75 30 10843 47
4 18 42954 1154
93 31 17011 52
45 64 13362 75
62 35 73865 166
5 7 41215 73
100 91 26377 119
7 27 4927 176
11 50 28198 531
39 1 65240 385
16 65 40009 66
66 11 14198 460
21 39 15329 325
2 28 20907 104
54 26 13338 654
92 73 13843 103
62 57 71031 112
96 70 6283 42
31 9 93439 61
5 65 168218 137
24 90 10905 259
74 68 10700 588
87 95 5828 98
79 41 31407 268
33 69 154324 152
76 16 26407 161
79 75 19799 69
23 33 30155 99
55 7 30345 115
80 73 32848 53
36 95 13290 73
35 31 6582 187
24 17 38823 101
28 88 33466 333
55 54 10234 160
17 53 33347 109
100 8 25079 1149
2 64 58660 403
10 97 6751 110
97 40 18213 91
63 79 17294 21
30 82 14851 488
34 17 39396 32
37 96 7420 89
28 42 9569 272
84 1200
96 18
36 144
53 1596
76 25
50 127

36193277
