100 499 3 3
6 22 5064 150
6 34 4106 123
6 57 38430 349
6 76 6841 99
6 20 6410 38
6 12 10903 504
6 81 93679 341
6 14 23545 164
6 49 9713 94
6 90 19077 43
6 85 28143 353
6 60 102128 213
6 84 8414 51
6 17 50997 74
6 55 43802 1233
6 86 34883 154
6 83 18912 91
6 46 60473 153
6 53 27748 81
6 73 26013 135
6 61 8814 346
6 26 1870 854
6 94 9125 47
6 36 10724 149
6 18 20494 252
6 62 32946 83
6 67 75805 30
6 82 18441 163
6 59 15434 114
6 16 132334 60
6 87 19924 630
6 54 21770 21
6 31 29266 298
6 52 7298 163
6 23 137957 102
6 7 10603 231
6 39 22083 41
6 5 11559 288
6 69 38833 65
6 44 3690 52
6 92 67743 59
6 78 17395 199
6 33 43989 83
6 96 218784 76
6 74 13932 252
6 65 8711 166
6 15 16457 183
6 2 25669 323
6 77 37679 19
6 37 15190 49
6 63 8511 286
6 56 8400 78
6 38 18660 9
6 29 40631 206
6 9 100963 110
6 24 6121 544
6 47 32119 1883
6 41 8989 60
6 79 38749 207
6 45 40732 24
6 97 39634 742
6 19 21581 30
6 8 32958 1144
6 70 16315 242
6 88 38826 102
6 30 16407 34
6 58 47772 80
6 27 4646 110
6 64 8864 153
6 98 11865 274
6 51 19110 70
6 48 63935 53
6 75 14751 147
6 93 24297 153
6 91 3856 416
6 40 12735 190
6 95 22678 167
6 66 23775 233
6 43 48167 180
6 1 38191 559
6 42 3555 733
6 68 25681 214
6 100 13983 142
6 72 184306 74
6 3 15017 48
6 50 22889 792
6 4 14695 616
6 21 21159 72
6 11 4849 103
6 99 11795 314
6 89 161665 168
6 13 9829 135
6 25 50605 73
6 28 21597 617
6 32 1869 225
6 71 23278 97
6 10 21115 300
6 80 3686 69
6 35 26246 102
5 72 13960 64
28 64 16362 134
34 59 74160 55
3 96 9951 62
21 47 16430 160
74 62 38197 1820
46 37 38375 544
59 48 65399 99
34 70 80959 218
96 46 12453 717
60 57 125229 109
48 17 7893 38
21 86 51030 86
57 78 30947 756
22 10 13821 30
39 100 96191 444
27 2 32793 23
92 98 26839 378
31 15 6657 365
36 2 18146 157
44 10 53828 24
76 58 30522 248
8 74 40985 121
33 13 6543 76
31 6 88689 226
56 75 25219 178
4 53 71645 1190
86 23 6189 377
83 91 20853 411
48 60 4463 258
66 26 30295 548
82 43 13250 332
15 23 29118 40
81 55 9089 163
85 18 17855 77
87 2 10551 93
88 34 21612 788
82 22 81154 64
34 23 11385 2010
30 94 1755 110
62 84 49063 29
27 11 14964 262
85 3 14467 177
87 30 47542 59
17 43 10855 287
49 11 34579 78
87 79 25282 207
3 69 9621 183
14 57 55277 84
1 87 7741 46
72 25 46203 105
97 50 18024 221
32 54 30460 81
73 70 14929 105
85 97 13939 340
37 63 37324 90
12 51 4658 82
12 74 15971 146
39 31 1064 177
96 55 7811 431
12 33 127779 287
11 55 25978 104
35 45 9485 996
21 2 54594 145
59 82 5411 60
87 52 19864 943
87 76 6600 535
93 94 58962 1393
59 22 15518 235
45 70 74627 36
2 66 12663 103
78 38 16160 36
47 9 9231 537
46 52 4062 55
44 91 2535 188
96 22 33105 981
90 52 37754 33
52 50 47618 131
36 95 10391 129
93 46 68016 104
17 40 35737 298
99 78 6516 29
74 64 20471 565
63 46 2599 91
95 57 6029 50
26 22 32551 198
34 22 11483 444
66 96 3127 297
44 98 8675 139
50 22 22374 13
57 96 23653 76
97 98 101964 423
85 87 77022 178
66 60 12689 65
30 60 11873 115
86 29 41457 154
34 5 12458 92
86 54 14859 355
81 28 24070 283
36 35 98189 424
49 64 68389 150
84 52 32913 124
53 94 189499 46
41 42 22874 343
95 2 20834 28
22 19 119378 28
28 51 5519 191
96 1 40725 61
43 87 5677 23
63 13 105432 222
19 67 9634 124
26 6 4327 165
97 29 31537 232
27 57 38274 260
56 25 26858 201
13 59 22869 154
83 23 10638 155
87 35 39083 50
46 88 126090 87
55 37 60803 14
82 12 44751 36
28 49 12246 289
90 23 13370 89
86 84 10130 29
20 39 107548 70
39 66 19459 579
79 19 50760 158
98 70 16892 58
20 100 37701 368
56 77 10707 382
44 83 26306 75
27 75 3201 2179
54 32 20440 299
84 80 47121 80
31 90 28119 200
27 5 41038 440
34 52 7084 800
37 24 26942 134
82 3 71586 51
3 49 7141 61
77 35 24570 666
57 14 61053 728
94 5 11996 1388
57 43 24372 40
69 96 77551 496
28 12 26675 130
62 43 56397 275
86 61 14052 454
68 88 61282 1468
60 80 17674 394
64 26 6523 75
24 19 17538 144
31 50 39671 225
85 39 14102 953
63 18 5953 186
53 68 31143 137
3 13 39019 307
72 70 15963 30
67 47 30775 66
78 21 42168 1329
61 91 6217 234
49 42 27137 111
81 96 9979 318
68 56 57109 761
29 38 18334 384
10 68 125540 30
91 55 31771 1024
99 3 16931 140
72 90 12975 108
25 33 2833 173
93 5 17665 255
83 14 99764 121
55 100 23089 614
99 21 17095 323
32 7 17027 89
12 38 31738 212
69 40 216489 77
34 82 30181 258
26 25 11622 235
67 49 21441 92
40 18 17312 142
21 50 16075 65
32 29 24673 121
68 40 7895 314
38 78 43306 128
65 18 27980 381
70 47 39967 42
42 84 31412 542
10 99 65817 268
49 44 13127 165
73 69 96606 102
3 47 7987 392
58 57 252313 74
47 34 20790 165
64 77 4388 330
59 9 87360 181
37 8 13847 567
98 46 11803 111
94 41 40106 181
91 14 31116 25
28 72 24134 910
82 11 13603 100
58 61 21208 18
12 96 40592 242
52 22 4448 1474
13 78 426896 251
4 76 13969 33
78 27 33314 296
54 11 19840 223
26 29 42990 463
48 55 11958 122
19 96 7290 150
1 78 27356 479
48 97 53884 79
76 36 8278 179
61 39 141244 105
25 14 43906 56
2 62 9952 240
83 73 9407 208
21 97 10668 459
48 18 18506 155
18 10 17904 24
97 54 11040 135
47 67 9847 48
7 86 2933 191
76 66 64602 222
69 79 42583 35
9 10 6698 616
18 36 43059 97
53 19 4738 100
2 27 14939 51
37 80 32510 77
42 33 28715 208
61 79 15823 112
94 73 14993 232
57 53 55699 77
57 94 27488 50
88 85 16221 100
97 16 14487 952
82 92 42426 69
76 87 485412 1471
100 90 44893 85
49 14 25118 502
31 17 6904 694
60 68 6079 64
86 57 6934 88
47 60 2928 65
28 82 111247 1316
32 99 17545 130
80 8 8792 321
82 38 3909 313
21 84 19553 915
26 37 7714 79
63 14 5760 58
40 89 10729 76
53 93 20959 157
79 81 18480 297
76 29 26876 120
91 56 61791 244
87 97 7674 196
59 81 8483 1793
60 92 26381 40
25 78 14603 38
86 14 7550 47
44 5 146761 17
14 77 8980 69
79 47 1192 427
50 54 39171 44
37 18 39591 31
42 16 8771 189
26 43 6490 39
26 47 31971 194
92 78 26770 172
100 60 213483 55
65 92 41953 336
74 29 17763 169
21 85 27032 103
21 74 9982 151
36 26 15600 357
30 53 6435 197
11 17 73910 244
77 51 39198 247
66 20 6331 26
60 82 22057 92
97 12 17755 180
79 26 12972 72
52 45 990 460
43 30 26545 28
31 32 2192 729
47 99 58106 81
69 94 5270 157
43 52 20221 55
40 98 55320 91
65 97 90800 961
38 17 18494 339
79 36 41831 52
70 96 42368 425
78 11 22422 20
91 2 13865 226
1 97 25333 141
51 15 18886 168
97 46 42408 889
46 26 22803 60
66 56 12420 205
45 100 57617 63
49 61 34981 84
87 43 36638 28
49 15 57469 113
59 65 37190 266
8 98 55132 80
47 30 17454 27
94 29 26097 106
9 35 44176 74
94 26 53867 134
79 91 54113 112
7 97 18764 561
4 49 8873 30
8 48 11284 340
33 9 54747 39
96 76 42744 143
10 30 15924 59
87 16 86613 120
84 50 24494 40
33 39 24817 565
15 18 5887 62
34 65 7353 315
69 15 12303 36
90 86 19793 285
63 58 148508 413
56 74 33620 26
91 20 41168 65
51 22 126404 105
8 41 29368 251
22 39 10929 1109
63 4 27450 68
4 72 65174 9
75 17 13288 103
17 86 2737 179
12 68 10065 1295
87 89 58858 105
67 98 15015 413
38 94 13974 477
10 38 21173 124
88 69 10245 902
72 66 15548 76
54 87 20090 165
14 33 30487 57
9 59 13853 334
10 15 3292 74
41 10 38232 755
72 99 17765 28
67 95 21636 133
96 57 28891 128
30 79 17995 375
49 88 15790 420
99 65 25829 35
48 89 12906 45
83 8 120726 93
90 10 7423 125
52 96 24130 732
11 38 18408 134
5 71 29021 114
9 37 31582 98
44 13 86180 1196
22 96 9638 130
23 43 15727 646
93 55 17520 133
3 17 22249 295
97 84 76608 93
54 95 96733 61
54 17 15604 207
39 61 12545 281
96 37 49044 701
55 26 28303 266
79 63 30402 337
40 83 6656 965
77 49 10618 69
38 43 15095 94
87 20 33426 114
100 30 15420 860
89 14 5220 157
88 54 24259 496
66 22 10247 327
11 83 6463 209
54 63 15691 222
67 45 82571 52
65 81 82210 195
60 53 5779 716
35 47 99974 452
87 55 22308 180
54 66 15706 57
94 83 41546 30
31 18 8784 147
71 31 102532 58
23 41 4445 126
15 83 2904 53
32 59 19326 19
19 77 7924 146
41 28 36128 38
53 29 44643 60
6 198
87 12
97 96
96 31
22 21
43 246

7968040
