100 499 3 3
63 65 10064 102
63 90 33573 76
63 17 13074 225
63 35 15597 50
63 18 64764 120
63 44 7066 384
63 38 9247 62
63 96 43708 160
63 56 41769 17
63 89 17660 186
63 33 76643 489
63 14 5806 174
63 8 5776 113
63 80 22097 325
63 83 1523 102
63 100 19202 59
63 52 248189 383
63 37 77390 46
63 96 10629 550
63 56 17301 351
63 61 34228 52
63 31 15586 37
63 29 3346 71
63 24 35906 54
63 38 36533 26
63 100 6023 117
63 31 163761 145
63 75 40463 102
63 24 80865 92
63 10 17448 91
63 34 156031 34
63 62 44722 161
63 35 48076 24
63 79 3839 305
63 29 26802 918
63 76 31365 129
63 14 1140 82
63 51 10459 109
63 70 122219 68
63 34 10338 78
63 67 157690 149
63 32 12625 53
63 99 24533 97
63 37 21638 211
63 19 62927 40
63 72 6657 25
63 34 39768 79
63 52 12386 68
63 72 16760 77
63 5 48951 99
63 26 45745 512
63 88 61883 69
63 51 31875 373
63 71 117974 298
63 95 15796 146
63 42 13898 254
63 4 72384 855
63 51 105600 121
63 1 44740 115
63 27 3441 223
63 16 34185 63
63 84 33415 427
63 32 3985 516
63 43 72061 26
63 10 13892 604
63 60 19828 1777
63 97 11081 124
63 83 17992 75
63 49 39483 172
63 45 31990 420
63 29 31820 119
63 100 39185 196
63 48 118985 98
63 8 23473 448
63 38 123729 26
63 49 6325 321
63 12 8489 157
63 60 19633 178
63 8 116314 60
63 70 14770 152
63 87 68399 158
63 81 12090 256
63 46 20631 299
63 84 48005 367
63 70 1629 109
63 23 5659 571
63 31 33054 49
63 68 58594 103
63 71 31538 61
63 25 33396 54
63 40 5042 13
63 77 101702 69
63 64 20606 160
63 24 169995 561
63 79 77868 70
63 3 13259 156
63 31 17325 520
63 15 18654 41
63 97 18482 170
95 16 21861 29
70 14 5875 262
34 75 67365 425
93 98 8005 65
83 78 11216 45
67 21 41613 383
56 81 173411 138
4 55 22068 83
87 93 1552 265
60 87 7493 13
62 50 45370 299
8 69 40008 73
92 70 42177 285
31 63 8663 87
72 20 5479 57
93 67 26096 243
96 48 70879 43
28 70 47191 381
63 74 14484 580
79 75 24370 112
31 97 9043 154
54 90 62471 94
53 40 9743 246
74 90 34208 110
46 31 99492 81
12 15 103982 92
18 70 11163 249
39 23 20051 26
44 80 3283 74
41 75 6193 195
75 22 14733 313
66 91 6280 355
87 56 92482 40
62 76 7754 135
52 11 80391 475
98 8 34527 185
18 31 28636 190
4 88 47011 50
53 16 53179 117
47 55 39280 63
28 60 50194 82
68 13 54252 296
79 33 15619 238
34 74 21341 114
53 33 123532 242
76 3 36661 219
98 22 14296 126
29 65 116783 267
47 95 9949 827
76 16 33545 44
63 9 9913 180
65 92 6798 183
37 98 4912 260
85 34 71719 28
2 73 24051 79
30 70 6004 299
71 10 53337 85
78 52 34195 59
5 31 6465 104
26 81 6336 363
27 54 17082 153
25 43 17259 160
9 88 11126 194
100 57 9218 90
60 37 34761 354
77 93 175546 81
99 45 29628 19
82 88 13414 67
2 16 10790 48
49 95 15085 141
99 29 44709 139
28 96 25162 159
9 21 13756 352
71 57 9513 95
67 58 9219 229
16 27 18722 31
92 50 17558 88
47 17 55414 339
64 7 32087 49
11 71 7417 1092
6 73 24804 102
8 2 4807 125
23 4 7160 101
64 90 2015 23
89 35 15321 250
78 73 94092 96
50 28 5386 95
89 82 12881 92
19 23 7317 73
56 46 37035 88
15 2 63003 109
15 51 74035 527
15 30 12775 133
52 19 40234 245
21 72 118782 53
7 8 23541 91
50 2 10829 93
64 85 58389 378
13 99 30818 290
28 67 5849 70
5 70 135944 371
2 1 28364 617
92 58 2153 572
93 55 24866 2224
17 50 78336 398
68 45 24452 167
71 61 65569 439
55 88 9604 78
89 90 24091 62
37 55 111363 73
72 66 4944 98
78 45 24399 277
45 46 4567 43
34 73 19978 56
46 28 31268 112
68 79 3608 63
78 69 19820 861
1 61 26635 267
9 59 28840 288
39 49 128698 81
72 49 8614 659
88 67 31456 724
79 8 79995 88
78 2 5040 188
65 7 28093 64
33 40 55424 80
17 84 15810 51
84 29 24845 204
78 53 45419 100
91 43 11440 27
85 14 4438 136
34 61 8227 144
14 33 28336 184
10 76 61718 41
62 43 14324 43
42 1 215691 709
36 28 13212 349
58 94 2856 372
95 45 9513 183
20 75 17346 74
18 86 25150 174
38 95 21417 79
84 5 20597 64
35 13 31311 347
62 31 41376 224
78 96 23326 370
1 16 3749 565
21 41 18461 55
74 79 7927 51
13 69 9957 695
54 85 5466 418
65 44 145584 34
18 42 122980 214
16 28 24329 56
1 69 13867 42
43 19 163152 107
82 92 18292 99
59 5 42215 76
67 9 15854 279
15 35 57567 42
34 30 39632 218
60 43 29523 38
32 50 5858 129
30 11 8042 31
61 8 25221 593
11 56 88265 110
51 82 73192 409
94 65 20735 120
32 25 12153 111
22 72 17461 1279
97 3 5227 64
1 78 1866 69
96 62 43934 166
86 61 5463 164
9 6 16739 63
40 42 66518 561
36 26 5338 16
84 12 2567 138
94 21 6137 298
47 35 108867 27
17 70 97635 556
45 98 7441 94
69 83 82679 76
62 63 30386 447
75 74 92487 315
7 2 31967 315
90 80 9917 52
35 55 29950 30
95 38 14133 918
23 92 20585 123
36 59 9860 864
66 77 82148 720
72 46 5306 75
44 97 38397 185
86 26 26705 124
50 4 68976 90
50 98 14995 54
40 84 1249 117
37 43 2297 143
70 39 44822 477
29 32 45862 284
100 59 19840 193
45 11 13035 283
9 87 17255 30
7 5 2963 86
63 53 17107 106
83 12 50623 267
52 67 18943 687
100 4 38122 47
73 31 17239 206
67 75 24837 564
80 44 15486 38
81 56 84648 171
35 93 15668 924
62 46 21025 457
75 100 87633 253
45 10 49810 743
58 88 85247 113
72 43 7377 615
35 53 26802 163
49 35 15187 126
61 67 3307 71
92 100 15898 915
9 72 1861 95
58 21 12425 137
79 27 75245 34
74 26 12517 89
4 81 2423 60
4 74 62663 125
26 57 61852 430
34 68 13657 45
2 94 4529 270
33 61 12395 38
90 54 84343 162
3 28 23848 326
56 25 17670 298
16 84 25903 144
96 78 15233 141
54 92 193417 30
66 1 9482 1130
54 53 1900 324
44 95 30630 702
81 49 20206 31
8 41 90865 62
80 34 6755 143
94 29 32918 262
95 77 22704 296
9 91 15153 333
94 45 37542 17
40 38 4988 67
5 80 34345 374
20 1 4942 84
67 20 107993 51
13 14 40357 70
56 96 13559 75
63 82 21345 116
46 45 85714 324
87 19 73310 428
78 56 17935 59
11 35 66403 675
47 14 10228 401
33 100 11295 124
42 52 20321 302
35 4 13526 502
45 21 7932 43
9 65 39516 210
78 15 65532 332
90 11 65229 163
90 45 38546 83
28 9 7921 96
17 27 277142 936
97 56 16515 42
54 79 57384 99
56 47 12916 77
31 23 19583 284
78 99 10472 200
20 6 20160 770
81 44 10035 141
96 89 55059 228
81 51 37191 59
1 23 54319 461
40 72 18107 46
65 93 9378 59
90 25 9260 85
81 91 5398 113
82 68 1477 890
16 2 32271 239
61 60 57270 678
30 46 27169 50
56 8 6149 280
48 84 88184 305
57 16 8511 577
85 6 124643 326
36 3 9618 78
35 63 245935 444
64 68 35390 213
53 76 33541 292
65 48 21980 30
34 97 16930 44
58 11 19544 553
61 35 8796 37
44 27 101792 46
82 71 26039 352
7 80 22940 23
39 30 37218 244
79 40 17745 119
1 70 1575 173
80 58 27531 337
52 37 5492 122
28 14 26608 91
82 3 39601 1042
6 70 7686 144
94 6 6471 229
70 19 14555 79
9 31 10576 299
62 94 76269 459
45 54 250736 251
52 70 31225 201
71 20 28698 216
76 40 65382 262
28 73 36889 301
2 61 28028 485
5 95 24725 900
83 30 26371 276
78 19 13740 155
50 16 65215 111
84 9 69699 598
42 80 5896 203
78 16 4638 1205
97 49 46116 76
90 42 170780 91
21 44 12297 510
48 93 6377 137
15 24 2129 202
84 58 180045 127
12 95 27522 339
50 17 88252 121
40 43 14999 161
38 100 9635 149
8 28 44942 77
15 14 7649 397
66 73 39378 109
15 22 13683 247
97 35 21556 238
58 80 11336 30
99 88 64026 640
46 18 27425 90
73 78 31496 46
53 90 18289 263
37 14 88647 642
11 7 64952 826
6 94 31077 2445
14 76 1699 118
31 27 168345 336
73 60 60568 151
78 79 26371 213
47 49 73396 1086
98 14 6425 26
84 8 21821 129
34 70 11758 254
11 20 33378 23
52 34 9782 43
32 22 47204 42
78 42 67774 144
55 25 7467 96
25 83 28064 13
75 66 13934 55
81 68 22645 175
41 12 155355 77
27 96 18947 191
48 31 13184 459
76 80 27212 134
1 93 18590 670
99 67 11934 210
3 58 19333 124
68 51 35740 87
23 87 191255 252
64 83 170103 220
22 40 14463 67
7 99 26871 103
60 67 18505 85
68 32 24063 178
44 92 17271 91
87 81 6145 215
6 86 9908 122
36 17 47925 770
76 86 22220 208
97 67 18753 92
35 10 7253 261
49 45 21825 120
32 97 73681 21
95 56 58250 289
22 70 63763 306
10 63 16903 131
13 94 4825 25
29 70 9093 153
12 61 20581 132
46 85 9717 515
95 50 11607 79
6 18 108214 108
63 1957
78 238
9 54
70 504
31 1636
14 645

47355194
