100 499 3 3
22 12 5682 164
22 64 11776 86
22 81 60783 1586
22 88 14976 40
22 94 35152 73
22 57 22726 880
22 29 67292 31
22 45 8480 45
22 21 42258 12
22 84 10472 511
22 100 26011 323
22 90 20892 40
22 55 9580 167
22 49 22346 78
22 25 24735 16
22 42 53789 337
22 72 17184 72
22 29 6950 64
22 86 8129 263
22 31 31425 417
22 79 5988 192
22 67 10717 34
22 69 9219 171
22 28 28312 198
22 96 27436 49
22 50 31122 60
22 83 34733 256
22 40 20452 367
22 6 117484 177
22 90 22394 104
22 39 24965 26
22 51 51728 212
22 72 9463 505
22 11 13061 104
22 79 42314 43
22 26 98955 495
22 47 61888 107
22 17 11436 78
22 6 9559 108
22 49 36642 28
22 34 56834 286
22 50 21009 295
22 89 4803 490
22 72 29862 234
22 7 9588 26
22 54 17444 110
22 45 14711 372
22 98 30037 236
22 25 12020 119
22 38 32421 96
22 51 6185 51
22 69 25877 105
22 39 38621 1519
22 71 5256 558
22 61 108641 209
22 19 11643 54
22 53 3166 35
22 86 43073 75
22 55 3234 92
22 92 29479 153
22 48 201407 238
22 36 14625 13
22 12 40618 96
22 1 18791 76
22 52 24553 63
22 8 21773 65
22 53 23873 122
22 32 19903 308
22 19 1426 62
22 72 10169 194
22 78 4825 138
22 2 12790 327
22 44 30645 133
22 13 32723 136
22 43 24231 93
22 53 13700 48
22 68 23230 315
22 58 37654 114
22 71 11956 179
22 52 23772 203
22 71 32858 69
22 70 8732 23
22 90 7185 89
22 5 21742 113
22 10 13628 277
22 77 17704 147
22 17 1487 44
22 12 20627 28
22 24 2585 209
22 95 7312 140
22 5 5332 227
22 1 20575 109
22 5 48894 160
22 80 36989 35
22 62 55167 314
22 19 62408 46
22 61 95293 37
22 94 16396 427
22 27 3084 308
21 76 20498 673
47 28 23258 65
35 67 16134 200
15 46 12806 100
44 37 8199 194
10 91 14106 47
30 13 15076 269
34 60 6940 73
18 76 42827 368
35 88 9193 129
13 9 42954 27
47 44 52692 229
19 49 11485 292
26 63 62933 706
15 22 3084 153
60 10 4482 70
39 75 20757 294
88 35 27892 132
29 95 84737 387
23 38 10209 281
24 49 15999 136
26 3 23732 62
68 33 43384 92
30 6 26469 120
100 24 43165 1548
66 64 43119 145
76 14 56061 79
95 73 4626 730
60 16 26804 647
9 100 18833 93
11 84 189988 221
91 53 13968 153
34 80 40713 146
41 70 19798 69
41 57 19303 123
75 50 7652 29
7 58 28443 582
2 53 5099 254
4 18 99023 810
11 87 44187 40
92 21 30365 12
28 37 14795 271
49 22 22605 198
37 6 35473 72
81 29 36144 238
72 36 63152 61
21 35 9113 22
32 56 24331 174
61 41 16098 274
12 69 16694 53
72 52 10574 1030
75 61 13161 604
95 74 14542 189
24 70 29039 27
63 17 65985 42
10 1 11444 73
29 82 3055 226
3 43 69376 610
21 22 8002 57
61 75 31137 62
77 83 21208 688
14 15 35692 22
73 44 20741 163
23 2 4170 188
62 96 9081 50
16 71 26228 165
80 49 165796 31
94 92 3878 201
47 39 20814 398
14 40 13296 262
64 76 11165 119
89 77 72358 73
34 63 18102 73
78 62 21706 73
15 59 25273 210
38 41 14504 581
9 85 6836 101
56 30 35070 215
89 22 29452 87
21 71 104065 40
85 19 23245 163
31 19 9907 127
39 31 12490 612
26 84 11712 297
42 22 19235 23
45 99 13634 86
15 30 23707 299
17 55 33580 408
87 27 36173 142
34 86 15273 78
19 13 51612 143
44 11 14133 118
35 96 8421 95
20 13 57537 274
53 39 17883 87
38 94 117601 55
70 19 4873 498
64 6 19422 98
50 7 32519 300
78 79 11806 67
36 63 52463 865
89 4 101517 135
92 17 41924 377
58 32 63033 22
4 25 23555 189
81 18 7928 96
82 83 25208 67
57 31 35432 31
72 99 13016 85
7 39 7781 83
69 98 34391 863
18 43 10894 71
18 26 30183 379
3 8 20507 80
90 4 12999 136
34 2 20281 162
28 7 35146 77
49 57 21997 394
64 81 10501 298
68 32 14430 50
71 42 8755 319
94 84 6880 70
93 27 57925 334
64 18 20707 93
30 58 22686 1051
83 86 49826 115
72 40 30057 57
56 88 21842 168
15 69 35763 142
30 68 68373 1651
60 13 9453 277
58 62 15999 53
75 63 9503 203
61 3 33168 80
8 32 16039 286
12 99 3869 387
71 5 80258 123
8 37 40614 60
43 74 3554 836
99 78 166557 100
83 99 28348 90
94 10 35687 69
5 63 79424 143
77 93 53149 244
40 11 10121 96
49 76 30154 42
89 44 16883 96
100 64 6506 74
23 69 91168 89
16 34 17142 148
47 55 13586 146
9 22 38520 239
93 33 35880 128
39 86 7525 35
68 25 30273 314
16 88 6745 110
43 57 11331 651
48 5 10109 132
85 89 20429 45
42 61 6562 54
95 9 27986 109
44 59 25581 175
47 95 132236 189
49 77 4262 104
51 42 16764 165
63 57 13877 977
9 28 237415 224
20 95 31411 79
69 71 6567 107
88 8 14121 405
4 38 12596 625
50 47 13419 162
70 64 9763 477
78 81 180704 73
22 41 49515 38
63 40 13269 124
20 61 23957 287
58 46 70394 674
90 82 49044 356
81 58 42410 355
59 36 15192 232
59 21 99431 397
8 38 68727 47
60 17 8239 86
94 78 31284 123
35 3 37168 694
58 19 8324 82
71 20 55959 47
97 36 19434 114
42 29 4196 127
14 72 69838 77
76 16 31407 1308
86 35 10029 693
34 30 2153 25
9 68 11463 31
90 12 35940 65
16 69 116845 151
47 79 60286 40
3 81 5791 41
30 33 43609 77
90 14 6891 37
42 70 3139 110
71 84 21205 60
48 49 50128 91
98 42 34910 130
80 37 11076 331
84 4 14730 63
7 80 5254 32
97 85 27136 120
20 5 14106 112
10 62 4877 114
4 12 49289 80
19 96 69958 165
6 79 4603 101
80 15 33041 386
57 16 4736 1430
79 58 160733 9
10 29 5288 43
34 83 12561 228
72 59 9591 26
21 87 34182 226
58 29 33321 133
72 28 7375 117
66 100 18908 360
58 15 26659 477
76 59 63556 71
5 100 76389 2599
92 20 75091 123
77 87 4043 127
10 5 16631 121
14 48 13037 515
95 65 12039 113
97 67 45794 248
99 71 18636 84
88 50 23456 377
16 45 43948 63
96 72 32846 391
89 54 30841 663
12 76 18834 107
30 64 73134 485
39 37 137768 39
73 28 63329 182
19 83 13361 95
75 99 37895 350
91 5 19378 316
17 86 87680 350
64 99 242990 439
77 75 19851 331
50 22 69665 223
87 58 14714 94
10 59 21892 42
51 83 21572 71
53 94 20178 88
12 5 9002 163
23 62 10214 224
60 20 33209 142
19 11 5715 368
15 66 22639 436
30 8 47972 195
75 34 16240 33
88 32 16410 787
46 89 2023 217
53 36 35147 117
42 24 96021 898
11 57 14059 66
66 89 6168 227
63 85 52844 45
3 23 30368 105
6 52 39136 107
75 14 57036 335
98 99 11427 2265
44 76 4217 45
78 75 38907 75
69 25 337940 385
17 46 127891 632
79 13 22554 40
68 46 48918 367
92 33 33767 614
45 76 13527 90
38 24 26764 205
1 13 5868 142
68 54 8497 122
37 44 70549 317
48 66 22702 431
82 68 13399 119
58 34 29204 88
13 17 10817 137
13 4 40732 811
69 36 9112 166
38 2 69285 88
62 39 10910 85
69 86 7809 303
62 34 50831 66
4 39 20361 189
87 21 19780 55
7 29 39636 21
40 7 24142 228
81 13 70039 411
53 66 43696 165
6 46 25194 425
86 76 51147 510
75 17 25643 204
29 14 18412 114
50 18 77052 84
88 75 99617 145
99 65 11456 35
94 18 54558 141
90 77 37176 888
62 67 10324 49
38 11 19355 103
82 59 61064 151
63 79 29247 185
95 38 27763 128
50 87 49774 67
38 23 12617 644
34 69 26768 161
2 26 142010 316
44 41 45470 315
54 36 823 65
68 16 17859 103
94 81 38777 893
20 68 16014 247
18 84 28764 59
59 50 26987 46
77 96 12180 77
68 15 14087 26
15 6 32335 269
55 8 12464 211
14 7 56393 161
60 72 11047 120
8 39 11141 52
39 24 32279 175
89 66 12349 243
41 56 11016 17
58 98 10645 33
24 81 13258 94
43 72 45218 1511
77 12 42615 224
87 20 23134 60
44 91 119471 134
56 60 11960 275
65 53 8772 223
74 91 23934 131
50 96 25004 598
69 24 19991 438
74 1 23997 470
92 49 38258 492
11 36 23278 105
11 75 2892 152
31 65 11543 441
12 20 16362 118
91 6 8280 180
30 10 15922 63
57 72 51694 83
65 97 2580 175
33 98 29236 460
84 75 69574 70
59 80 21740 63
47 30 7391 197
99 48 39008 322
37 30 18634 237
16 65 31037 64
53 91 138329 117
4 47 11249 326
23 35 125023 94
37 84 97613 839
24 3 55564 689
65 44 11910 596
91 43 159883 212
73 35 260011 58
79 64 30547 245
85 1 42981 156
1 51 60050 119
27 99 3039 84
46 27 24561 246
84 24 46846 22
98 94 116093 146
62 42 40038 294
26 16 12202 448
93 84 12805 310
100 2 1302 10
19 66 18893 438
70 56 20548 618
41 71 35643 129
46 18 27994 140
67 71 8469 223
65 54 67853 201
18 65 10699 349
91 71 11298 231
73 16 20644 184
62 45 41628 73
26 75 38146 2716
9 14 85816 397
50 3 5826 428
13 31 127282 66
67 74 36331 137
57 23 8156 122
9 7 39927 54
40 74 74061 65
100 57 6518 188
22 700
58 72
34 168
71 675
72 99
5 308

10683453
