100 499 3 3
70 12 20934 26
70 86 11185 157
70 92 27150 96
70 58 2815 135
70 19 52297 105
70 47 23414 300
70 78 9021 30
70 43 6405 79
70 71 61188 212
70 67 8733 288
70 72 12533 166
70 72 9913 114
70 28 55938 48
70 69 5957 860
70 53 5079 90
70 29 62770 114
70 58 185386 23
70 32 12547 640
70 2 23419 136
70 49 4144 242
70 54 11345 380
70 12 24532 81
70 90 10163 40
70 33 61190 296
70 47 23473 151
70 97 73854 49
70 58 12039 317
70 13 19264 155
70 64 55458 582
70 64 2611 342
70 51 14413 68
70 73 3139 256
70 86 29713 277
70 26 18174 39
70 2 34671 99
70 9 9495 350
70 71 24693 393
70 19 12634 46
70 56 8317 288
70 69 43124 300
70 63 17799 79
70 76 6414 256
70 34 227922 381
70 17 12799 85
70 62 18265 225
70 3 35156 200
70 98 1516 50
70 10 6099 200
70 37 41455 233
70 89 11886 328
70 59 48411 32
70 25 167994 1838
70 59 5702 38
70 82 9940 188
70 3 6703 791
70 8 32582 165
70 90 21073 17
70 85 274511 74
70 68 95093 441
70 46 7638 70
70 82 35526 378
70 94 18250 337
70 2 21498 319
70 3 15582 39
70 97 38782 111
70 95 30753 79
70 71 7198 483
70 89 55274 185
70 28 11922 88
70 40 13091 360
70 12 11709 107
70 35 39241 167
70 17 16305 48
70 2 5304 68
70 58 45799 70
70 9 18882 240
70 6 17028 151
70 18 13255 42
70 92 7109 258
70 4 204742 268
70 29 43746 37
70 66 32311 32
70 42 6803 239
70 31 63799 1019
70 24 101485 142
70 84 58042 100
70 76 104681 234
70 36 26871 79
70 94 20546 131
70 98 6860 192
70 88 77260 32
70 90 22120 106
70 14 35654 178
70 64 17347 38
70 37 29425 167
70 15 28303 380
70 11 24861 100
70 99 36561 229
70 99 14321 241
25 3 26403 135
72 2 20954 136
44 33 5927 87
69 16 82339 664
55 2 34516 540
90 51 24740 84
5 86 5994 370
81 25 60428 111
30 7 89774 27
55 42 103781 141
30 83 7474 288
14 18 6967 18
38 42 50539 28
81 93 19991 192
75 33 32527 198
57 10 16872 91
7 100 19537 181
97 91 20416 314
64 30 248152 294
21 58 7463 59
83 44 55344 192
52 49 33473 57
39 14 30877 188
31 85 56969 74
5 83 17155 62
33 96 21472 241
73 8 14883 58
44 54 143925 373
52 42 9250 45
13 35 7706 81
19 94 40560 72
94 97 13504 62
12 95 69329 772
16 41 1648 424
68 14 26741 104
58 22 15021 172
60 88 101067 43
55 98 54977 299
60 34 235748 50
18 23 107363 341
10 19 21514 183
84 21 12043 201
18 28 1333 33
98 12 34651 48
2 46 17109 288
34 98 7165 3645
38 96 44740 89
13 52 11222 611
64 60 21810 115
63 45 6848 106
99 17 37608 117
53 93 10245 160
29 13 23889 117
35 32 7383 564
63 89 10829 109
92 78 9975 244
36 75 9555 117
94 13 12133 134
23 83 14790 78
75 5 48958 674
56 49 91764 50
51 56 44636 45
1 48 15603 499
69 7 8652 116
20 41 5067 73
24 59 107380 25
87 41 31954 201
58 27 32212 267
84 71 9332 653
84 90 22775 529
85 62 38721 148
74 14 31810 151
14 99 18497 149
73 75 24764 140
27 10 15244 240
83 25 106178 639
7 99 65174 116
67 91 46187 126
75 13 18093 84
58 25 11326 283
33 51 82049 56
48 38 20249 525
97 39 12608 175
80 43 85004 756
65 4 4218 46
10 88 72466 87
8 16 18241 535
24 25 16127 455
80 62 7700 361
98 40 4631 266
42 89 48678 429
55 54 19867 132
55 91 20831 55
42 93 21187 66
87 78 20383 218
19 64 28491 717
76 51 11540 120
59 58 22358 263
87 89 28192 575
39 4 90029 118
61 30 51118 272
68 64 24050 101
87 22 39829 1028
43 99 33151 148
16 77 102902 240
52 53 6686 253
3 27 37486 208
6 65 10810 61
90 95 95289 133
44 58 159770 48
75 89 66904 346
41 96 27414 189
58 60 112980 12
94 69 173559 164
44 3 4347 111
7 1 28568 261
23 100 8889 153
84 63 89284 298
98 20 39809 15
53 84 11050 210
5 34 20680 405
97 7 32261 525
42 75 34819 115
83 73 31295 50
5 46 11413 57
97 17 15033 172
59 45 36073 51
40 91 4117 445
19 35 37685 282
19 82 4612 356
75 83 46743 145
25 91 9841 57
6 56 16737 29
69 86 24751 84
6 98 42411 132
74 30 62213 1220
23 89 7580 191
73 51 34858 44
86 75 61460 176
16 79 13734 135
47 87 17461 149
47 91 2374 118
34 32 28609 48
59 73 25765 1423
71 54 16989 214
76 19 75476 717
3 1 233253 42
86 53 2909 182
23 38 30580 221
97 75 20651 1310
11 20 107954 271
51 90 61954 134
37 9 11552 82
1 87 14770 419
9 1 22691 288
6 63 7948 83
57 47 13940 42
74 83 8287 331
80 49 3922 333
51 29 24370 320
64 50 37476 116
35 84 68668 207
30 21 26061 739
27 89 39280 364
50 26 24015 121
55 100 80354 360
22 76 73435 67
95 40 76729 347
75 84 52710 379
34 33 5749 191
42 63 22551 200
15 12 7551 69
44 89 63537 1359
43 24 9854 162
38 22 14684 281
47 39 2471 116
11 16 2165 36
74 13 19003 212
61 8 17580 148
91 86 11041 27
8 75 54531 286
24 26 2715 64
94 32 16565 350
19 63 30603 235
92 21 5540 96
60 58 27752 347
87 24 106549 63
59 47 10912 127
27 44 30134 81
16 86 79492 145
74 89 7682 382
97 58 11011 214
1 32 25615 306
50 63 13035 927
54 96 17129 126
97 31 72127 158
17 78 177944 128
77 90 15760 216
51 66 81228 91
98 29 48949 360
80 17 3006 116
80 9 65284 87
83 7 4679 178
19 48 29131 58
62 60 17176 438
63 76 70071 532
59 97 111604 474
24 22 45103 33
71 66 19446 118
64 16 21398 13
93 51 19967 317
75 12 74052 157
68 26 34810 73
3 83 25001 122
23 94 12114 48
72 94 30065 390
33 1 10696 46
86 61 30638 331
36 27 66246 194
57 84 166844 198
60 75 24943 88
92 26 48903 164
77 60 27311 338
91 57 16211 144
100 4 8733 247
75 14 8063 82
95 86 5244 254
22 14 25262 316
81 12 19051 291
6 42 47021 111
76 68 9494 426
44 6 1790 49
61 50 4885 458
73 56 20708 31
2 11 51977 97
33 88 82212 56
80 57 199485 356
84 56 16174 662
59 57 5101 65
78 54 34303 216
45 98 45021 144
42 70 29210 415
27 6 79511 32
34 80 15847 40
42 51 76229 204
36 52 16115 52
42 97 8295 122
66 40 11385 32
37 78 3827 150
14 42 27743 260
49 82 28274 82
48 91 138045 140
46 51 31521 413
67 44 39752 104
80 64 3189 325
33 45 17777 49
84 10 24522 190
96 100 49342 260
66 85 22574 269
16 26 10425 143
44 80 76256 50
34 55 5966 36
92 40 96936 1906
20 33 20310 101
19 49 34232 237
2 89 31637 79
77 57 27981 139
16 85 14037 357
61 11 2513 170
79 71 30513 133
18 6 45361 179
93 79 13101 305
74 100 42155 59
80 55 2482 56
13 80 16575 52
74 93 16104 383
58 85 17674 427
93 91 3889 154
94 75 6328 52
40 8 44495 159
92 69 17035 65
30 71 96488 45
91 99 6507 32
81 67 64786 167
40 92 7244 118
75 71 144726 125
82 58 188668 663
17 72 56715 1277
79 66 6468 156
37 8 47587 129
36 47 4468 225
55 90 37693 41
2 76 10832 136
21 50 237216 201
21 34 8751 371
51 70 29667 688
24 40 178224 26
20 83 46917 107
44 78 18797 280
1 43 7873 96
12 91 59595 42
79 33 15507 79
36 59 63329 90
39 72 11232 38
34 26 22625 25
45 63 6168 78
26 3 25351 899
55 15 14027 211
73 71 10741 237
82 18 28218 248
79 88 11231 319
24 38 24697 38
22 48 8643 90
55 35 40272 34
25 47 72682 409
66 70 24540 67
55 51 61527 105
11 12 43840 44
87 32 20677 164
19 17 117463 234
18 83 280087 32
77 82 63297 47
99 71 7978 54
100 13 14331 294
53 26 93973 489
20 28 11840 614
100 69 2474 150
39 75 9910 122
81 52 15344 479
61 98 16312 104
96 63 114167 49
1 45 24560 63
12 81 22014 85
46 44 10310 25
78 52 59191 1090
56 1 20641 261
29 19 11214 157
85 21 1795 580
69 88 50171 240
12 30 16113 167
22 27 106775 646
1 21 31627 454
5 37 1256 724
4 82 7535 91
8 39 12453 85
38 68 13840 187
97 14 12132 55
9 61 23889 87
47 40 19345 71
95 14 20298 25
79 20 9464 85
38 8 38686 90
2 81 19694 81
13 28 18498 54
38 93 110942 35
4 53 8758 554
40 95 51141 759
52 82 11260 64
20 21 10266 170
27 39 10091 99
9 32 6636 118
49 34 32024 272
24 31 71460 26
46 26 33671 156
40 36 2561 107
92 39 8438 108
13 39 10751 198
12 33 7880 13
64 85 37758 180
46 68 51336 411
90 24 3895 690
63 88 11688 114
57 77 15560 1440
12 18 9322 520
66 53 45517 178
97 88 24235 53
54 33 135242 383
99 48 4506 714
76 13 16265 759
93 48 6150 326
82 66 6855 24
58 86 2925 75
83 65 26390 200
47 9 8761 224
39 67 6386 60
71 48 74405 89
97 8 16043 99
83 88 11687 27
47 96 18023 198
11 37 12622 95
74 51 10584 44
40 64 2997 128
18 31 13389 201
36 4 5338 89
5 97 8505 258
40 13 13100 186
67 47 53294 41
1 44 6672 83
20 76 12068 474
82 80 33980 106
70 792
97 40
55 410
89 166
58 415
51 722

40589135
