100 499 3 3
3 88 5220 157
3 59 71461 147
3 2 80848 54
3 77 8800 1202
3 61 73014 143
3 39 29350 234
3 44 12144 118
3 87 15859 1052
3 66 22916 74
3 50 8447 1030
3 90 13885 401
3 99 10598 353
3 94 21933 162
3 15 9232 188
3 33 27771 102
3 27 21750 115
3 51 65246 1117
3 64 64319 81
3 9 23175 86
3 65 46235 155
3 10 25835 299
3 24 1879 263
3 47 45275 294
3 60 48455 66
3 43 11743 32
3 20 20692 18
3 8 18807 132
3 63 8306 202
3 40 17518 25
3 46 17724 339
3 70 5176 419
3 74 40817 153
3 55 89133 105
3 13 53828 229
3 98 35224 158
3 31 2499 42
3 26 53347 300
3 54 22807 789
3 30 34090 39
3 25 58772 756
3 19 25683 81
3 58 72838 26
3 35 21160 243
3 4 124666 306
3 79 6327 136
3 29 18539 196
3 69 1422 88
3 85 13331 220
3 38 24968 67
3 71 51392 232
3 34 71689 32
3 76 12059 83
3 75 33221 1085
3 12 32876 489
3 86 439322 482
3 37 15163 347
3 53 15871 116
3 1 1861 45
3 23 14285 118
3 42 89819 466
3 83 18914 25
3 92 6577 121
3 32 30194 233
3 93 30872 126
3 84 62385 2087
3 14 18544 28
3 56 52930 208
3 21 39930 250
3 78 7030 183
3 67 140074 45
3 57 5855 708
3 16 2019 251
3 17 5481 87
3 49 95338 399
3 18 21817 728
3 81 75163 349
3 91 11666 129
3 72 30786 39
3 45 5048 150
3 22 27938 391
3 52 30428 303
3 100 12139 224
3 95 73493 262
3 62 33543 49
3 96 27262 194
3 80 34398 141
3 48 18873 783
3 89 5396 133
3 5 22417 321
3 36 29197 160
3 7 11865 80
3 73 35071 150
3 97 6997 174
3 11 41395 130
3 68 20132 20
3 41 70883 43
3 6 17607 13
3 28 17227 95
3 82 18778 115
72 29 1475 203
7 6 18832 44
11 70 69076 210
99 38 16305 132
81 71 172289 45
74 15 15802 240
27 100 45798 83
19 67 55534 186
78 40 6872 331
19 15 15951 60
82 81 60310 90
26 49 39037 139
68 3 32255 493
90 41 33866 34
39 46 57858 53
87 14 51385 92
2 71 13558 79
87 81 18283 70
92 17 13552 36
2 32 8179 289
83 91 7311 115
39 38 4750 52
2 54 28253 211
98 41 23108 285
43 56 107165 212
98 25 27243 67
30 64 5322 159
11 26 16993 128
17 22 7530 69
2 5 2881 266
72 33 70120 60
9 17 15662 64
53 21 30445 223
61 8 8113 332
70 73 6090 484
34 92 71578 244
6 50 56842 12
38 37 28364 168
79 13 19735 233
60 2 18550 97
41 31 64917 52
1 45 7669 99
52 3 75636 88
68 74 39572 79
27 32 14947 306
86 82 7076 398
83 82 37655 291
82 10 35613 18
90 16 47786 25
91 54 7784 220
13 25 44977 167
20 84 157170 87
11 97 9802 190
11 13 13413 300
62 11 45395 83
62 99 329374 186
91 96 24782 747
12 33 52077 29
5 76 318626 92
56 55 79599 183
48 32 7913 481
66 45 5109 106
8 84 18635 135
99 5 26099 193
28 49 5581 61
22 26 3513 138
57 79 252189 41
60 56 5358 566
61 96 12368 859
18 14 21247 203
59 81 6630 60
10 31 19835 150
99 74 22811 531
7 62 79960 84
18 51 18427 450
21 29 39986 660
21 34 9303 64
84 65 21106 87
83 68 34055 122
1 25 14313 99
74 19 202965 304
93 91 31416 340
74 53 3722 165
19 24 18630 744
16 61 31732 69
5 74 17868 428
7 51 14995 439
29 98 13293 36
56 94 20146 77
52 40 14379 38
39 14 71777 113
90 20 23367 409
87 84 15652 50
42 93 122316 126
43 64 143889 194
41 74 3929 275
69 27 15170 77
64 53 24969 87
81 55 6076 199
6 39 31161 168
12 59 70114 18
16 74 12265 158
2 40 33843 19
20 56 639787 12
99 2 59435 566
51 10 47041 34
65 54 56365 213
19 32 7104 291
7 57 17020 239
58 8 9713 95
18 7 22317 120
98 37 6498 283
2 23 6317 134
16 55 21510 799
15 25 27662 440
61 62 300122 112
33 75 18057 145
94 61 27954 149
100 44 69359 155
1 57 3670 1528
83 37 59784 120
82 66 2660 60
59 2 12799 713
74 26 55297 129
31 39 71829 179
13 26 55931 110
87 59 45698 20
36 86 71540 60
14 24 71101 324
42 36 13589 189
46 49 17970 13
40 38 8801 208
37 45 15904 51
61 50 83387 723
57 68 35088 42
63 75 3848 171
18 48 16662 108
48 43 21551 85
6 72 31363 43
33 11 5792 267
28 79 4896 59
91 83 19066 345
32 78 20181 223
67 76 11653 223
9 73 11961 44
8 72 36845 27
55 47 116072 54
14 30 11324 321
17 94 16169 61
36 62 6739 124
64 34 23969 331
22 100 295279 366
79 8 31962 149
6 16 45047 175
90 60 17054 316
92 82 72219 486
72 10 27822 125
52 6 8795 117
5 49 36396 109
62 1 4817 196
39 98 17916 712
57 24 15563 240
65 81 29777 914
54 19 12120 87
63 94 15523 136
31 93 42951 186
61 60 9937 122
75 48 44116 129
73 62 4847 129
90 66 6701 278
44 67 5047 179
2 29 8842 13
40 91 40615 483
62 93 13905 618
54 39 107139 83
97 84 48715 93
15 67 4220 176
46 33 24631 902
58 85 28544 543
71 50 34847 236
92 63 10061 435
25 60 12971 857
87 56 13347 300
79 63 63875 73
91 50 14507 71
70 71 14289 108
60 65 151211 145
82 90 31589 430
92 16 15101 264
6 75 40695 7
74 62 43743 145
66 80 13303 57
50 3 7596 40
96 78 25026 120
75 21 68285 87
44 39 45389 163
19 27 69139 799
63 57 37409 216
36 75 16128 252
97 46 9299 606
90 89 13411 369
77 63 22911 179
7 83 31307 40
18 27 35292 141
75 78 25866 58
92 9 16718 221
71 3 48883 358
56 92 11172 163
86 96 8567 475
95 62 10561 281
91 6 47696 30
20 90 14459 729
20 5 29445 121
22 95 11282 62
57 3 22692 295
69 16 4053 88
10 19 1821 35
95 26 42070 848
38 68 107123 54
81 69 2066 1460
52 30 5092 384
87 78 6828 120
46 58 154276 103
28 8 38473 162
75 71 5609 942
15 37 15834 201
30 50 17616 59
91 57 4960 53
39 67 19465 696
72 47 23159 124
25 13 31247 71
52 61 49806 1522
76 32 61717 101
42 26 33285 406
72 53 12916 93
32 57 6591 13
47 32 44693 192
5 64 38184 846
58 44 20148 2307
20 45 15334 220
84 18 9529 62
53 13 24453 272
55 65 30977 45
27 74 41176 433
15 18 7982 144
39 78 47980 289
38 40 2657 317
15 68 15944 57
68 77 31184 255
51 48 80163 947
43 41 19541 292
5 98 15048 583
55 81 18701 808
86 66 51292 38
89 83 19712 153
14 31 48265 43
94 68 12380 39
86 80 158131 46
60 26 25451 106
52 7 3906 514
27 94 19138 164
81 82 19319 178
6 98 15658 592
22 92 13922 74
100 38 12808 299
32 40 57979 21
96 51 10990 78
22 43 31326 61
56 4 25794 269
80 67 15344 350
7 44 14148 59
66 93 130735 60
46 93 3560 288
22 69 90641 760
76 52 58528 186
42 91 14499 272
29 28 43746 500
77 64 5921 845
64 66 15396 227
52 28 29083 74
98 26 190343 146
85 19 132035 295
33 50 19527 25
60 71 46779 77
88 44 27559 170
67 21 170646 134
19 86 9774 47
17 82 28926 80
85 78 22828 77
4 22 20888 144
74 90 11465 52
63 15 51853 926
32 92 14912 36
87 95 64641 132
44 24 24504 228
80 83 50776 24
8 23 76068 488
75 86 12212 176
72 83 9027 614
35 63 14969 144
57 70 42898 436
15 47 31104 238
100 43 19331 457
29 40 8479 90
21 24 55470 173
35 20 14374 230
61 14 3726 104
37 95 5854 295
33 93 7427 58
92 26 27859 277
23 32 33566 123
98 43 80300 61
39 96 36181 55
14 55 47785 810
97 44 10011 357
12 36 19683 48
45 24 17330 150
1 52 6847 147
25 72 14939 169
83 52 38271 190
21 45 20811 133
46 2 12926 254
71 76 6976 81
77 15 13226 82
87 53 15848 194
92 61 39368 112
9 57 46077 210
5 100 26464 118
84 56 9305 77
25 100 35987 10
88 28 25393 1407
98 23 64391 84
10 45 36468 57
12 100 3431 51
42 8 18878 260
94 16 22540 254
22 84 150546 160
41 59 20372 52
100 54 78385 64
10 58 24407 128
38 8 41829 508
65 4 38597 77
49 81 32965 31
84 50 9904 193
99 80 24403 60
89 70 11733 418
56 96 26245 131
9 29 11445 75
77 22 5471 367
91 75 10372 1399
33 72 22735 94
87 1 60299 866
40 15 43322 112
99 61 23474 131
28 50 18960 625
31 13 1370 174
62 30 13279 200
52 85 47353 84
53 58 18050 106
36 27 19346 466
43 36 72166 366
89 19 55628 176
19 83 11714 341
44 98 17896 639
83 34 14151 215
11 95 9348 101
29 10 8611 600
43 60 21512 21
23 84 4185 171
86 17 16628 40
45 82 2634 292
15 5 280656 411
12 92 89769 63
12 32 161903 175
78 45 16217 222
57 23 3290 155
39 12 7344 81
98 49 311360 208
83 5 32344 10
79 34 59745 31
50 10 14137 765
77 55 12545 90
4 33 16491 643
98 53 44128 452
85 24 49648 109
12 45 6111 24
38 51 26328 39
88 74 6901 198
88 9 25927 287
94 30 97398 53
57 47 58037 120
45 76 233721 66
17 76 8641 189
70 3 6029 145
51 24 22925 369
35 30 16065 244
38 5 18537 241
16 31 40073 111
5 88 23346 28
98 42 40555 34
3 1188
98 18
87 153
26 224
50 23
45 515

14304509
