100 499 3 3
35 89 21128 366
35 25 19259 461
35 51 81957 144
35 73 75709 68
35 3 16566 30
35 36 16925 245
35 33 5057 467
35 92 113359 560
35 55 18194 62
35 30 37020 31
35 11 7561 42
35 74 12839 473
35 50 5679 54
35 97 19183 431
35 38 8882 102
35 71 75715 165
35 68 67387 26
35 80 8093 80
35 15 15466 210
35 86 105865 23
35 20 69604 124
35 38 11693 204
35 40 28556 1091
35 12 7578 119
35 2 5926 91
35 34 76588 169
35 66 65737 5
35 47 35994 843
35 82 49221 258
35 14 79091 216
35 93 83043 790
35 79 38523 226
35 26 138816 21
35 12 8706 133
35 55 4701 322
35 15 3295 312
35 93 5593 61
35 44 44526 54
35 16 12775 502
35 21 137664 79
35 19 16887 318
35 6 24017 146
35 36 16133 74
35 59 72050 199
35 53 34674 160
35 19 17734 49
35 58 17848 514
35 51 15113 259
35 48 21921 287
35 80 11072 111
35 9 23438 34
35 76 20867 22
35 51 85610 110
35 82 338854 85
35 1 24655 221
35 34 20841 98
35 14 106193 351
35 59 18263 85
35 23 16772 147
35 38 2668 517
35 77 21189 110
35 63 16412 329
35 42 19837 195
35 23 121119 255
35 83 51259 127
35 99 39925 136
35 45 11329 31
35 12 50934 157
35 82 9681 119
35 85 16400 315
35 54 17977 125
35 83 112795 28
35 99 47232 236
35 60 9752 110
35 36 11100 43
35 92 76193 398
35 19 196337 51
35 65 15579 31
35 93 71705 460
35 33 25355 1434
35 41 88700 122
35 10 36630 34
35 98 22419 71
35 72 6057 101
35 3 69547 425
35 30 15231 449
35 78 75246 66
35 31 63792 496
35 36 7226 36
35 48 8888 116
35 90 192779 260
35 94 36337 147
35 13 37974 484
35 67 23760 191
35 4 26966 187
35 25 31614 109
35 71 12861 423
35 59 5784 992
35 8 11131 128
36 83 26185 23
85 23 3067 470
18 4 100682 107
90 48 9526 274
10 100 18048 34
97 28 7450 352
4 51 34107 48
32 4 13674 58
26 21 20255 156
42 94 27143 196
15 80 3925 425
18 84 7897 25
78 70 53338 82
53 26 15431 162
73 3 137400 61
95 15 20996 754
40 36 97108 146
56 17 28484 168
84 60 9479 251
41 42 22334 889
33 43 10468 1623
17 36 38210 306
33 55 16554 454
67 64 33969 76
23 82 6946 73
94 93 20444 105
33 61 26582 36
54 22 20215 118
30 91 10383 505
98 79 37805 117
31 56 58176 340
58 34 16184 151
95 68 7154 188
61 59 4746 337
20 58 23026 98
90 72 60788 109
90 5 23923 169
80 85 12899 249
16 20 12512 350
29 56 26153 157
67 60 2786 69
20 14 5528 95
87 82 70188 98
98 63 42453 268
13 34 2269 306
27 68 10751 707
94 67 23017 113
83 21 44947 64
100 53 3690 109
94 41 50567 950
6 39 17149 35
28 44 52467 293
80 21 12767 187
18 65 33200 574
64 88 25025 71
51 55 5921 153
57 34 20219 73
51 56 8568 104
36 61 9400 56
33 25 30785 306
93 88 233690 101
83 90 26561 488
78 16 41426 183
35 61 35987 309
2 41 17325 37
8 14 53074 82
66 61 31092 99
71 7 8964 84
48 94 79721 683
5 27 24256 1342
5 97 73253 255
22 24 24975 86
97 81 8660 70
74 10 83213 14
98 45 59399 49
48 56 20022 83
99 23 81065 85
3 33 61058 307
62 92 7436 417
3 7 57845 1097
63 12 8878 106
70 71 32237 157
32 79 26173 79
9 86 60052 53
99 86 4094 65
11 45 28172 440
71 38 24066 21
21 38 14662 92
6 54 122516 138
41 79 25525 939
43 99 15772 88
90 2 40719 41
51 81 50101 215
66 81 28866 47
63 20 9712 137
61 44 11157 101
88 64 38782 444
14 43 9773 437
19 74 22913 8
97 51 80910 224
44 60 65153 62
71 86 21739 2299
99 37 95900 218
84 21 35367 203
70 21 199602 199
5 80 24174 167
80 91 15316 293
59 7 9098 53
81 34 7185 16
43 68 6409 58
61 54 18245 247
64 77 6405 55
49 67 64774 109
85 9 23540 112
25 35 8843 226
21 55 18100 97
24 89 6194 75
100 6 59926 103
100 43 203893 494
81 92 17811 518
17 79 9816 88
16 64 42974 1381
67 3 33628 195
32 39 11003 230
46 65 17325 35
5 8 71642 76
93 75 2711 41
53 61 19706 1893
13 27 21639 164
34 33 106389 62
38 5 27241 41
99 44 8690 187
73 97 82080 108
32 6 27920 134
41 16 6708 126
17 77 36680 107
14 30 31825 110
1 79 150810 48
48 74 54690 61
88 4 122859 430
98 36 43959 285
31 32 21324 47
30 38 43669 89
93 13 34180 214
22 91 6131 207
45 95 7779 990
77 36 87706 1550
89 15 26562 93
41 76 15521 140
26 35 133800 121
49 62 9491 37
56 39 40960 232
50 26 56132 195
46 55 196059 33
2 65 19053 138
72 47 80558 77
89 54 31647 87
33 5 5708 84
26 28 1000000 372
45 48 30350 147
70 16 252312 342
11 59 21895 56
66 88 160466 184
63 19 32067 181
94 60 14206 66
46 39 13268 415
86 68 17642 152
56 97 7006 128
87 11 37367 188
92 96 27143 242
12 16 19188 42
87 19 42559 223
64 82 26364 164
81 64 7660 74
57 98 11054 802
77 52 34452 159
75 53 13297 123
28 24 6874 302
1 97 22562 101
36 5 22165 436
67 13 201923 179
73 35 14932 391
16 85 4776 94
79 59 6002 215
83 65 24708 250
100 25 31713 131
34 35 58869 455
46 34 35528 149
49 82 8342 75
50 68 16706 493
97 22 11736 252
18 56 11866 94
53 17 11816 779
61 72 9482 397
3 6 7282 106
7 68 23792 80
20 22 4693 95
87 60 128376 14
72 77 31331 110
92 75 4943 134
65 57 22347 66
57 65 6612 714
76 4 13152 116
97 47 4737 56
69 46 78140 128
90 22 16031 145
27 69 19695 35
71 88 14904 124
27 64 5724 250
82 25 16078 1355
13 35 42713 877
74 51 33092 87
67 15 49091 143
20 11 81346 163
99 71 83556 117
34 56 22779 229
81 57 9376 610
58 87 7063 684
39 76 7888 281
47 41 25284 115
15 82 29853 114
60 29 157264 132
94 98 2308 131
69 65 27044 159
17 50 5714 94
56 71 15145 63
73 47 9672 851
89 14 61542 135
47 15 11239 41
40 56 11749 2781
63 3 29543 276
31 18 10604 224
79 88 11464 99
100 66 24422 258
42 64 7101 109
14 35 8460 136
81 15 27810 71
40 29 39637 85
45 22 21759 100
97 30 24220 188
56 20 16433 56
76 37 215391 18
28 10 7117 303
38 12 8573 270
70 22 13794 37
7 56 20619 88
96 88 2791 157
45 68 26273 27
9 49 22804 322
80 53 16369 233
25 88 7347 158
31 78 9390 17
18 43 6329 40
89 55 9460 137
86 29 7090 103
83 61 16869 196
38 95 65747 24
56 91 11680 178
45 15 5090 291
83 77 24341 109
50 11 35441 209
92 100 5923 46
31 48 58196 40
92 95 42707 545
18 31 7204 156
9 95 44738 212
91 35 77530 26
19 85 55291 77
58 33 36245 59
72 67 93390 277
73 39 17211 399
49 84 17441 81
26 57 105633 67
2 77 43487 21
25 56 9125 160
51 37 13913 1087
12 28 80745 137
91 63 20798 45
76 49 54643 458
98 33 10350 39
57 19 7749 220
27 80 26968 148
17 92 37768 300
29 75 11935 136
79 64 18404 46
63 43 24295 203
84 71 47609 41
3 95 7862 158
8 87 28724 139
93 33 17104 106
82 80 27135 28
85 98 79137 52
17 32 23953 220
51 90 12286 2639
76 44 13501 130
51 39 19565 25
61 86 29087 85
52 66 10805 211
15 77 14391 1055
94 24 36729 338
11 86 14689 267
77 18 34100 393
1 49 98657 264
19 22 184434 1061
89 98 8279 452
94 11 34711 125
67 86 46180 179
89 25 143445 93
38 41 6426 314
11 94 99408 119
42 31 7523 363
18 23 3601 41
61 20 47270 147
71 8 135270 142
72 93 9660 168
63 59 20260 442
76 43 43233 123
45 69 7478 54
3 80 15127 78
78 40 2169 521
83 68 13448 147
68 28 5567 115
57 75 109129 622
71 4 5823 382
48 96 15250 42
79 17 27372 83
19 35 30588 161
92 64 86867 419
86 95 55451 180
91 13 27830 49
78 88 90107 276
12 18 43743 27
82 22 22555 43
1 53 8964 443
64 92 26955 467
72 68 45560 133
56 96 81865 48
86 50 24781 84
58 72 4762 30
87 10 80073 101
25 34 35395 193
88 7 89587 227
92 10 12851 62
89 36 21655 133
95 60 45093 81
38 73 21623 584
95 63 6536 241
26 53 28221 56
42 28 30940 194
60 68 14298 47
22 40 16361 256
6 77 7996 71
93 3 14969 321
86 60 10660 62
91 81 33015 178
28 98 14343 304
9 74 101536 76
36 41 4716 182
10 47 13088 137
33 56 34578 90
10 43 2049 205
70 97 26468 153
6 58 15601 220
61 99 30610 237
34 100 15196 62
14 83 19116 171
52 87 25291 669
91 87 25186 89
38 94 20828 160
84 67 48519 199
81 71 33482 83
82 46 119155 86
62 40 3852 118
55 3 22513 210
34 59 16665 80
82 74 16334 444
25 91 4537 48
52 13 11377 277
65 29 27772 822
6 56 70493 85
28 55 4380 90
51 72 49349 31
48 92 50808 302
86 62 2724 192
25 12 8489 36
4 39 86145 540
12 23 61704 430
50 69 41252 672
31 67 7648 684
48 43 9374 331
68 26 10461 50
24 11 27310 319
40 23 22313 154
40 20 77928 709
80 71 22744 110
23 24 2798 134
91 94 28998 65
59 12 32860 389
98 92 37696 41
12 26 3612 184
35 3200
94 28
89 28
68 1369
56 4387
36 566

119083616
