100 499 3 3
62 95 21847 52
62 92 10650 107
62 100 7091 55
62 60 25582 354
62 65 79879 28
62 61 35158 544
62 73 51357 205
62 36 11680 52
62 69 65301 79
62 30 28844 472
62 77 29055 2771
62 2 19495 44
62 29 13572 382
62 31 17150 29
62 64 36489 77
62 76 22242 120
62 66 63861 41
62 44 59983 78
62 52 19095 288
62 88 34597 123
62 4 36244 186
62 10 10991 43
62 40 18852 2091
62 74 31928 24
62 68 12690 416
62 49 15276 249
62 8 10501 358
62 42 14337 79
62 53 96316 526
62 22 21978 273
62 84 39246 239
62 96 20907 115
62 21 5310 235
62 27 20994 923
62 26 43586 57
62 17 7921 91
62 32 16698 12
62 71 11107 95
62 11 3300 321
62 28 29521 168
62 99 18041 55
62 86 40667 33
62 58 1673 131
62 79 6922 47
62 48 38416 169
62 5 15293 232
62 23 64347 232
62 87 12029 514
62 85 13796 50
62 72 3531 35
62 59 5261 58
62 82 53212 181
62 9 24468 79
62 33 33916 238
62 67 16873 206
62 83 1841 23
62 13 93058 334
62 3 17298 375
62 15 9564 62
62 19 54750 353
62 54 17320 98
62 38 12164 215
62 63 10282 144
62 16 8454 124
62 1 29542 335
62 34 5785 33
62 97 11043 125
62 55 13289 21
62 78 10342 441
62 90 87153 694
62 98 41429 661
62 6 5238 87
62 12 52539 129
62 89 21822 147
62 93 22329 207
62 45 66041 91
62 57 20876 153
62 39 5071 325
62 14 34306 268
62 37 124539 75
62 51 18492 66
62 20 45152 370
62 18 12065 385
62 47 59161 49
62 75 5801 42
62 91 20867 61
62 25 50217 258
62 70 29718 162
62 56 4993 417
62 43 33600 833
62 94 49697 182
62 81 16252 37
62 46 15332 35
62 35 27006 158
62 50 73502 43
62 24 9715 84
62 41 40160 1061
62 80 28307 23
62 7 4340 1110
71 83 7053 865
49 79 11169 332
4 5 46799 77
33 90 30321 942
30 86 14054 618
86 37 7020 33
98 6 15880 53
34 4 95886 27
48 60 3642 70
26 82 33357 23
12 51 27320 140
58 76 33619 435
16 29 101643 978
86 22 29932 61
17 73 19208 316
68 52 18015 61
8 25 14453 57
97 54 153072 120
54 63 25398 870
2 28 6955 35
29 89 88950 256
92 12 34710 149
61 33 1517 30
85 64 27774 146
22 7 258817 156
81 41 7112 243
7 70 19090 51
61 41 6141 430
41 25 69130 579
20 90 5885 77
43 81 19640 49
37 3 78306 909
89 4 5527 84
40 84 13038 92
51 30 10400 267
71 26 43169 946
93 65 6342 466
56 65 6825 99
85 60 44388 81
57 38 13045 51
83 74 33921 308
45 82 15718 55
87 81 16082 335
86 5 38079 72
17 65 10582 147
45 7 7445 100
4 54 5532 153
37 45 41164 50
51 33 63397 427
56 31 70110 97
100 37 4758 18
58 9 11636 159
5 62 15985 401
26 1 37594 354
91 30 135518 264
1 2 10458 518
58 97 12809 45
90 21 31328 48
82 68 8874 75
71 25 26384 43
54 55 52435 49
73 40 194183 133
47 88 33100 69
14 67 23892 72
74 68 40000 136
89 86 5669 212
41 15 68490 33
47 49 49658 38
97 86 6065 141
42 62 8718 321
19 21 26243 187
60 49 33041 89
79 32 35809 250
42 78 2358 240
26 55 590850 97
57 45 9409 228
43 1 29243 173
18 24 10927 1815
80 9 65298 137
6 32 6946 475
6 26 26375 152
65 81 17590 313
82 95 3174 167
41 65 24317 585
95 40 66559 230
70 55 5604 85
9 49 6322 52
48 21 13995 103
38 18 46151 177
92 36 33662 205
70 12 11750 192
60 5 52031 15
93 97 81062 46
33 60 28826 94
98 12 2323 367
78 23 13332 30
71 72 66312 381
95 76 13610 242
10 26 147447 48
56 5 52688 171
57 67 4032 61
12 91 4920 266
61 94 13912 106
25 20 22243 281
98 31 20768 52
23 44 8967 25
13 34 16532 132
85 71 21707 261
14 41 57060 563
20 78 9679 126
54 15 22334 126
97 40 56763 570
7 1 30633 194
6 22 44444 226
24 20 4454 134
46 70 5747 46
1 21 37895 140
26 21 12859 124
55 20 50969 220
94 5 37225 59
28 27 24512 190
98 34 16115 289
91 18 10168 506
98 70 9602 289
6 49 3941 166
96 41 35740 698
83 71 6190 181
11 95 8324 164
6 29 8443 845
53 79 10191 367
21 42 132236 111
38 41 3944 70
36 7 28698 154
92 20 68372 192
14 33 52463 79
61 100 16435 55
90 51 3905 33
57 81 72120 416
5 10 35832 665
94 6 93767 316
13 69 167676 131
39 32 7834 232
14 96 5735 283
74 38 22125 176
19 90 58406 349
30 49 49337 176
88 14 2267 90
43 88 60752 476
33 17 19297 194
98 81 15649 23
45 8 8201 46
93 49 3451 30
94 42 7977 72
19 18 7993 208
84 50 4738 316
28 80 31376 181
25 83 22229 342
70 15 8810 219
44 60 15325 102
58 57 208889 161
30 39 22931 133
51 98 44669 212
43 45 15658 152
88 40 30681 148
81 31 23990 203
31 87 70807 271
16 60 19498 620
20 16 35913 40
8 38 44470 426
15 16 41883 38
64 18 6477 123
89 16 3829 56
29 58 42767 201
48 7 48054 2860
63 54 119289 2518
85 49 17747 472
51 77 134452 114
74 80 80196 70
15 86 29423 71
15 1 69673 24
90 52 16489 115
11 26 9828 648
4 17 28514 171
5 8 10572 294
45 81 46294 216
80 43 69509 49
23 48 229682 330
18 95 5856 96
50 26 34797 103
25 42 13847 209
15 42 95826 546
4 10 266869 95
35 29 13686 136
57 87 32830 41
88 68 5975 294
58 75 6579 205
31 8 24560 16
44 49 68555 148
64 7 23101 733
18 12 102436 334
3 53 26615 45
59 72 92946 485
70 35 12229 70
25 18 11531 104
76 67 1981 59
42 12 19412 581
69 46 27628 117
60 1 17196 33
54 37 19066 53
45 24 51958 287
24 95 44671 1258
95 97 7315 170
51 46 9038 520
2 65 22016 35
66 24 53962 60
16 93 18245 270
33 20 17798 54
55 67 19942 73
86 73 162590 797
32 44 6890 150
23 82 10910 255
54 70 83858 432
80 53 34338 15
51 25 54530 424
31 64 18521 178
85 7 13540 134
69 80 12304 392
21 20 56404 304
8 52 68888 26
61 7 7584 147
69 100 9602 151
6 64 33848 862
71 92 14467 380
88 39 38930 742
28 17 16827 165
80 8 27357 481
90 97 29963 354
55 30 50106 82
46 41 21553 144
52 35 36473 361
17 70 45979 44
77 3 20595 167
65 78 99074 55
52 60 3495 222
82 50 2694 151
58 59 37761 67
67 53 12950 112
53 24 28169 547
33 71 38204 638
94 70 103146 27
37 40 4595 1103
98 20 5194 471
57 42 35312 55
31 57 21806 29
87 47 24866 180
89 20 15457 280
57 1 8118 86
85 56 46570 298
47 26 19713 72
9 80 31015 101
96 99 18236 97
64 52 11271 127
52 62 18111 85
34 40 6885 44
31 30 48899 118
11 19 26614 187
15 38 19147 46
73 80 9134 1199
84 93 10192 48
4 57 29485 156
71 68 15215 168
5 3 9766 256
48 16 8680 93
1 55 55730 192
11 29 19009 77
88 22 36038 74
25 90 4303 52
18 65 37146 144
99 96 6771 281
79 82 22731 362
6 20 13852 51
28 64 66813 161
38 90 21566 486
33 21 13220 135
7 23 3462 694
85 34 39470 180
81 40 36552 62
92 94 10758 63
8 71 17005 1100
36 41 17477 233
35 44 15359 102
55 52 11410 224
95 83 38637 460
45 60 44976 473
83 78 36337 135
80 92 94648 127
1 82 206995 35
11 80 6169 208
13 58 22478 311
98 63 30146 308
67 73 18477 72
25 64 41784 217
77 70 9577 44
2 90 8603 439
86 51 19472 142
44 75 6866 26
39 82 12747 87
89 69 13773 69
72 76 14358 127
10 61 4708 300
93 90 3930 169
52 29 7847 68
16 32 6839 215
53 58 20716 128
34 24 27622 106
69 2 3676 119
15 12 4989 109
1 59 24505 119
75 64 15399 722
4 62 9323 22
34 43 28463 561
38 73 28255 171
48 85 125804 388
52 22 114679 628
70 1 36551 230
57 92 85762 1058
40 7 37652 112
39 55 7462 690
59 70 31269 331
3 13 55177 183
37 77 114327 63
79 24 16396 139
82 83 3126 30
44 88 21135 164
45 86 30159 435
95 30 157704 499
35 41 14153 243
45 89 20136 60
68 28 9236 119
68 69 15722 46
9 58 18660 78
37 61 53513 80
45 64 7061 177
88 72 85250 86
48 2 20610 118
22 98 4700 145
77 54 68383 178
9 17 19462 20
18 77 7276 45
61 95 18556 191
35 42 23623 120
72 90 12925 461
17 50 86945 826
15 58 10488 54
60 51 25060 295
8 85 97310 238
17 33 13564 93
43 32 98710 122
75 74 95185 130
6 43 19460 92
91 51 18004 592
71 79 22395 261
88 1 17217 239
79 90 7291 360
92 45 51555 109
24 83 18664 53
41 92 5648 371
47 34 47270 257
96 21 10282 36
10 49 32618 25
17 54 11948 19
35 3 16431 124
7 56 24304 42
51 90 28408 116
15 31 11022 32
83 2 4755 180
8 27 15736 140
46 81 142920 97
30 99 32014 603
84 86 41773 137
82 18 36294 108
1 42 17728 99
39 6 20481 193
88 69 3111 33
50 36 26025 235
64 81 5074 46
34 63 5803 151
33 49 52342 21
73 54 10803 103
100 8 132087 168
38 71 67272 49
90 5 9551 548
73 56 12797 213
81 100 4283 693
32 53 18219 381
24 61 24064 180
54 36 36823 276
34 42 38615 141
42 67 79041 386
45 85 7800 42
62 297
45 70
98 24
90 139
49 90
20 66

3839539
