100 499 3 3
78 62 149888 36
78 93 22573 19
78 67 5412 25
78 87 10628 59
78 26 22978 48
78 59 100012 148
78 23 5035 285
78 83 23804 33
78 84 179684 388
78 54 118407 198
78 11 2376 577
78 59 134429 252
78 86 40693 369
78 46 47073 193
78 2 9849 377
78 81 87144 284
78 49 15902 200
78 59 74078 251
78 99 12862 254
78 19 4402 31
78 74 10097 316
78 38 29567 427
78 68 5701 22
78 80 10082 470
78 10 59500 401
78 23 15230 162
78 27 7077 65
78 28 62308 318
78 49 86106 249
78 32 7155 65
78 57 14720 973
78 18 22470 286
78 42 5944 343
78 57 37109 61
78 62 49242 94
78 12 102541 110
78 32 46562 65
78 73 34970 75
78 92 15264 74
78 98 36600 700
78 4 4615 348
78 84 7558 215
78 62 15296 63
78 36 11027 73
78 85 3418 98
78 75 3667 220
78 58 64178 150
78 73 62816 440
78 75 7252 13
78 69 22179 49
78 15 7069 119
78 81 51187 385
78 43 76444 37
78 14 42371 81
78 13 21839 286
78 28 58199 40
78 74 21611 25
78 8 9887 258
78 21 13947 421
78 48 5495 133
78 34 23444 26
78 42 2733 125
78 8 34407 107
78 86 34013 874
78 10 64454 36
78 83 159841 334
78 39 81586 76
78 48 20013 135
78 86 32669 91
78 21 22973 280
78 77 29620 46
78 79 51718 88
78 56 29988 1399
78 16 53844 303
78 23 33446 53
78 5 4682 226
78 49 5294 130
78 25 5595 50
78 1 13575 172
78 67 10278 73
78 81 56246 278
78 88 40707 9
78 86 11302 43
78 53 10222 307
78 12 42799 126
78 29 3263 649
78 26 27209 50
78 92 64988 340
78 23 10713 153
78 65 10945 44
78 77 57659 194
78 37 7098 26
78 97 8946 58
78 98 26355 195
78 59 88623 220
78 33 50355 360
78 12 147601 75
78 14 6098 236
78 23 58389 265
55 45 130694 74
10 53 8732 170
44 1 26935 197
30 35 10825 168
40 23 13832 170
62 59 13928 183
51 37 15784 220
4 54 145360 23
68 97 8222 39
71 49 86466 125
16 9 23992 35
17 56 5328 125
3 55 110499 471
13 78 47718 49
62 3 40989 282
16 31 32446 108
50 5 39625 53
70 35 18754 220
36 17 22246 211
64 85 5059 206
14 48 18737 171
32 44 5150 136
5 33 2204 226
55 71 28305 210
22 3 9090 79
92 75 60088 32
49 5 56795 70
52 60 22375 55
14 60 9110 220
76 81 37062 98
35 43 20826 500
46 85 38798 245
44 9 9134 226
24 21 45397 54
32 78 13499 723
79 13 44132 56
14 100 37823 299
32 13 7342 80
42 84 11917 9378
63 99 44249 1466
98 42 36177 83
84 47 12702 293
55 56 2056 450
83 98 110061 100
91 64 39925 248
22 70 319876 154
38 86 6797 78
97 7 52389 31
84 76 5279 556
47 78 7273 48
74 96 10063 97
30 19 152738 218
64 92 22601 415
21 47 68001 324
30 52 21442 115
73 53 57053 310
43 85 25753 60
6 91 27176 5134
45 36 170949 97
46 66 5778 280
98 75 8229 910
16 73 6366 155
94 96 13078 20
52 13 29397 58
2 85 30977 211
86 47 119755 157
19 79 241610 327
33 39 40048 191
45 85 29228 147
34 15 45188 1475
41 73 32907 57
74 22 6649 460
7 35 79289 258
55 33 129812 80
76 4 28167 51
70 20 43223 369
65 87 94681 138
25 92 6084 40
18 54 8282 67
44 17 26204 218
49 30 14365 491
88 21 5736 159
75 68 28709 695
92 89 28132 191
76 97 181152 117
100 81 3963 37
68 64 85061 157
100 13 9139 139
9 81 55570 22
54 58 14498 237
32 14 58337 132
24 87 54834 146
66 69 22318 35
1 66 4412 302
38 19 4528 70
52 64 135582 77
49 63 8433 235
43 86 21949 62
74 98 22296 261
8 3 41502 129
43 19 41378 45
34 98 15686 166
12 91 6323 54
22 60 86145 33
27 55 1237 21
14 64 7248 112
14 52 38706 373
46 47 66629 127
75 23 14856 105
71 91 484659 218
10 33 13380 218
64 25 10286 133
4 38 77116 146
89 17 12176 144
82 83 19951 143
7 25 4487 395
98 5 16278 20
34 4 36484 107
60 77 3278 496
30 91 61805 25
53 17 7145 163
21 84 5651 43
11 70 20462 175
23 7 28960 19
28 81 8760 172
59 56 8425 196
59 11 12834 106
18 33 39524 412
78 40 32435 54
40 54 12494 205
27 1 4649 434
67 50 29156 67
69 56 21968 152
16 61 48713 389
36 13 5059 167
78 61 129760 140
37 52 3103 451
34 26 6239 106
12 14 51323 725
76 74 32565 377
65 93 80910 259
49 50 163265 105
81 22 23725 157
59 53 7082 178
14 83 9285 52
28 33 2707 72
47 76 10340 61
48 24 4640 88
13 71 20440 20
81 1 9576 430
16 90 43618 200
70 59 57611 49
46 88 39847 58
72 74 9732 95
12 37 16065 57
78 95 15951 108
41 60 11528 730
68 72 31064 369
17 37 21057 29
84 21 3465 568
59 30 11069 558
25 3 23885 286
68 38 63417 158
69 60 23412 54
18 53 12588 73
17 30 74657 360
66 22 71936 128
87 10 4847 199
96 87 22121 107
47 39 16469 1209
46 13 32794 122
96 19 11610 203
18 34 62581 95
83 10 11682 132
41 91 69131 62
4 89 43139 307
86 27 6652 228
95 58 67140 167
97 71 10155 69
40 86 47472 435
54 43 13613 131
56 38 231507 117
92 59 15375 252
68 7 7083 57
10 48 28714 273
17 86 18863 425
56 59 32109 776
32 37 53600 68
23 34 3658 40
95 73 43605 128
8 63 18920 680
10 51 28133 141
35 33 12897 193
67 46 42062 168
52 83 8144 287
86 22 29935 227
37 84 3480 106
32 17 75076 65
70 92 43209 14
59 66 10355 61
44 26 31759 137
36 84 19083 258
30 94 143076 138
51 50 6246 1806
73 40 23779 116
10 20 57436 47
37 93 80028 130
17 22 14745 376
34 97 119826 45
84 41 19180 874
91 96 15905 282
69 46 75783 416
22 41 6789 80
25 64 16560 81
42 56 13791 285
93 6 7356 1532
39 71 83846 598
29 31 6671 562
45 54 109564 163
97 17 7429 97
47 56 60935 55
62 9 39150 67
83 67 14624 77
50 89 31177 19
14 80 23295 56
92 4 74975 659
4 58 17194 28
33 86 38912 59
71 76 31109 175
91 72 20964 709
21 54 39732 301
8 40 6378 67
82 35 15445 493
17 75 10177 54
68 43 7531 31
91 35 15918 36
6 54 76396 107
61 38 34672 27
43 28 26629 2545
91 54 19148 718
75 60 30758 96
71 84 3310 39
71 99 11858 118
11 95 23028 19
54 6 19763 197
83 81 18225 42
1 74 3341 91
76 23 66457 123
66 62 11434 220
2 3 40955 101
72 56 56113 107
15 3 25808 31
18 47 46116 195
41 30 48548 56
72 11 74659 303
22 16 20845 470
25 23 27187 110
18 45 3749 107
93 67 5064 66
95 83 3261 308
2 45 106422 265
43 55 37683 51
99 62 12352 247
23 56 3968 70
97 35 16471 371
44 19 108872 456
13 81 7986 205
25 24 61668 765
95 87 17274 74
9 47 14373 109
13 8 20324 258
72 94 21573 81
21 18 1112 110
55 49 10287 170
83 76 11376 81
54 7 41804 51
50 56 30910 260
10 24 16045 144
93 97 12722 50
97 8 13860 90
2 64 55525 94
29 8 14232 66
5 16 19788 433
98 49 4387 257
51 8 17092 272
34 63 125948 57
84 98 181086 361
33 4 30493 326
73 70 22488 99
34 84 13508 34
96 85 22520 80
18 70 19774 269
10 7 8382 130
86 37 35231 212
48 49 101453 147
65 100 55240 416
16 55 3752 716
88 44 17130 120
74 27 55647 293
74 34 59295 69
5 68 18239 30
100 8 14214 1017
35 24 7639 266
88 32 29714 125
23 15 65361 70
100 5 7662 84
84 71 5984 104
49 28 13738 107
8 85 14997 116
100 84 19736 122
4 74 73380 62
23 1 10844 112
56 54 6509 86
3 59 4291 484
82 14 246310 493
74 13 7813 774
31 39 55900 710
7 67 5675 197
50 12 18639 328
91 21 16164 119
75 87 9304 93
36 64 6240 23
25 65 73288 564
36 80 39982 217
72 87 9566 76
93 31 8072 71
26 69 19040 44
95 4 7891 73
53 61 15530 170
70 50 185032 81
2 25 5406 76
63 73 14528 1974
22 35 8013 144
99 23 9679 316
50 60 9904 143
54 27 27564 10
57 21 12859 104
14 1 110587 97
89 34 36049 1194
74 1 42355 469
5 36 60783 126
61 30 43752 144
57 47 37360 111
56 12 200732 395
45 57 58779 162
33 29 124154 71
75 21 4504 64
52 24 84843 371
97 25 35767 63
73 29 41090 120
46 90 4666 87
41 4 29042 116
72 29 74303 41
49 39 293620 53
73 48 4871 260
87 64 47528 115
48 55 97615 218
7 84 80632 180
34 49 61646 188
14 40 13190 50
8 67 8349 120
5 15 56122 123
91 29 47439 153
2 1 30791 306
77 16 12193 87
15 6 46486 218
88 69 8488 92
31 93 15250 38
46 12 21221 95
44 100 13062 62
49 87 136999 245
77 19 22943 80
17 5 81871 164
18 35 14972 196
24 65 7587 85
49 37 40344 150
47 57 29037 118
62 100 22688 185
61 97 56749 24
87 30 12092 1458
36 72 22033 104
44 22 7544 113
54 95 15760 267
52 51 65204 258
54 81 96540 127
69 50 91588 49
78 22 8100 415
97 1 4543 164
81 29 12478 37
50 34 38162 92
33 32 8248 18
85 3 61804 261
55 72 54035 116
6 88 47625 85
98 47 10481 350
71 80 62296 154
20 12 6309 32
44 72 26785 50
3 41 129015 133
89 99 4867 73
78 206
14 675
49 24
84 643
81 107
56 278

39164045
