100 499 3 3
54 17 25341 178
54 52 54257 155
54 37 29139 52
54 28 11221 19
54 90 42525 103
54 47 6440 19
54 39 6352 406
54 12 125344 152
54 85 116104 13
54 32 15848 127
54 71 3966 74
54 44 5444 75
54 91 9272 114
54 13 11478 1848
54 35 86036 23
54 63 56720 79
54 27 65645 525
54 21 133943 339
54 42 11074 509
54 64 2224 62
54 80 12783 46
54 93 8217 58
54 57 42942 51
54 40 52793 132
54 20 7472 320
54 97 335320 283
54 10 15996 271
54 18 13706 126
54 41 31262 251
54 8 32103 471
54 6 7118 109
54 43 12126 596
54 99 17938 360
54 86 39140 152
54 78 24108 28
54 33 30901 86
54 92 16476 138
54 30 58809 37
54 26 10124 190
54 46 80495 564
54 74 25592 262
54 55 81836 140
54 5 38120 99
54 19 30268 175
54 16 29999 207
54 53 39509 334
54 70 6686 332
54 76 90804 1486
54 65 21662 109
54 11 56676 287
54 79 6780 396
54 83 27835 18
54 50 17957 801
54 2 39568 317
54 36 70256 816
54 62 14425 95
54 23 25854 49
54 89 40245 361
54 77 6967 282
54 38 9344 170
54 22 9978 235
54 56 89683 42
54 15 120033 28
54 34 15423 206
54 14 5980 104
54 59 10684 191
54 4 9611 544
54 94 20299 279
54 96 98482 227
54 68 39984 226
54 100 55699 481
54 66 4885 289
54 7 84057 191
54 75 35502 55
54 31 23533 144
54 25 3361 27
54 49 23817 166
54 24 5486 240
54 67 7708 623
54 69 80055 53
54 98 7564 74
54 60 19875 18
54 88 3290 92
54 48 204511 187
54 9 3743 453
54 58 17547 40
54 51 11187 138
54 29 98008 79
54 1 13705 18
54 73 39988 105
54 81 8265 670
54 45 28324 518
54 87 18687 350
54 95 13834 44
54 61 33641 768
54 84 11295 134
54 82 90627 160
54 3 28867 26
54 72 42126 40
23 38 104598 437
58 30 15954 81
100 24 6574 273
90 74 58624 51
72 87 4781 142
99 44 24107 174
87 95 9469 208
62 90 64750 8
17 26 25524 171
74 28 13045 71
84 78 74605 262
8 44 41915 64
31 54 22377 116
60 74 53938 81
30 1 1034 74
89 40 14250 94
40 78 27230 140
22 90 24991 431
96 93 8700 288
5 38 35106 163
32 19 55581 40
17 78 41010 69
27 18 6932 108
90 26 28733 65
38 63 26818 116
46 92 22258 35
4 35 121923 210
45 31 40701 327
75 13 21984 23
79 1 11812 368
76 5 3136 120
29 87 34192 33
41 67 4929 29
98 14 19695 115
79 74 32321 51
36 74 84411 442
88 81 10644 157
69 35 18607 25
87 17 3801 39
70 40 1980 56
60 19 24652 329
64 66 7835 92
12 87 34552 220
51 75 20825 84
56 4 109455 98
57 28 5231 19
40 50 71865 94
44 63 20782 57
39 42 28120 84
2 80 19305 81
66 36 82257 299
58 60 20449 89
85 2 24964 123
6 62 9778 309
91 69 40285 219
47 98 6653 255
31 74 44265 30
12 95 7376 170
21 99 1623 100
88 80 18623 151
51 98 7845 216
56 41 28492 33
50 95 15161 41
49 64 24283 465
42 92 38048 46
94 17 10393 731
7 52 49260 62
65 67 4762 257
29 96 11829 197
23 63 77043 92
25 34 15831 194
22 45 7583 49
42 57 112595 73
38 8 16851 62
96 74 8632 52
99 19 9920 211
24 15 15207 12
72 32 87670 500
47 60 6418 264
91 98 28687 1062
73 68 4436 73
82 48 9936 122
7 97 44098 160
15 52 28215 344
88 33 34355 92
76 86 26803 22
32 44 3832 169
31 65 17689 163
16 20 18264 216
67 40 17131 238
57 12 10856 58
96 19 95046 140
98 62 29980 248
32 14 4041 81
32 11 34385 18
58 8 50670 194
60 47 5897 54
26 1 75629 158
94 3 35135 13
99 31 55235 38
12 46 85628 750
36 61 16807 344
86 57 43682 1367
40 84 6645 706
72 78 53783 73
56 44 71461 107
23 75 25995 169
60 5 5782 425
7 42 11131 26
82 53 66967 164
12 52 110875 986
94 21 20857 242
32 91 35142 117
38 53 25225 118
5 37 9932 286
79 38 89243 184
63 87 30085 67
51 32 9646 351
65 36 15969 107
19 16 22288 36
96 36 3216 41
51 50 24988 996
36 66 11625 37
74 13 42206 98
64 98 35306 260
38 54 14899 240
80 15 88186 117
42 44 3894 54
2 71 63862 94
22 40 23163 2916
27 24 5535 145
65 54 25693 228
18 79 13280 156
73 60 26976 227
100 48 8329 139
89 7 17525 790
86 88 24091 55
66 27 66741 75
83 79 14022 187
16 7 5766 131
13 4 16719 126
42 14 8772 636
39 13 23765 197
73 86 23837 1622
58 91 54737 100
56 34 40876 240
73 15 14283 136
65 28 6924 317
9 55 27568 1162
65 97 8553 1096
88 85 10083 256
49 11 14993 297
27 17 8194 128
27 55 28931 348
40 18 12419 315
92 76 14949 46
88 94 17219 450
85 74 20543 141
2 20 252953 148
30 51 59674 47
50 30 178474 204
30 41 168793 288
34 28 51196 54
40 53 25338 1071
77 56 11497 36
49 32 6869 151
62 40 79699 565
90 55 11730 138
72 52 8089 141
94 70 25715 198
95 68 7529 364
100 13 8216 121
24 40 9604 46
38 12 22390 83
92 3 68107 533
31 45 13248 84
13 21 23716 201
68 65 283246 456
64 26 5347 425
34 62 5058 204
19 18 71602 58
36 72 9094 410
2 90 4619 60
92 90 49914 228
58 35 5910 769
4 55 5877 80
40 21 19119 375
63 75 4762 292
60 73 19184 346
47 59 11742 58
98 64 132354 473
86 13 109946 22
85 47 13423 294
74 23 21953 2731
61 42 4329 1305
20 94 4845 272
28 39 15715 93
62 56 44082 55
53 28 4939 58
14 18 23458 81
59 86 83084 225
58 12 5364 143
31 5 38308 309
6 68 9235 2587
65 95 18911 9
99 11 40027 98
41 93 21510 416
87 29 25410 81
15 57 53982 146
19 92 22391 352
35 8 163410 97
40 62 6242 10
71 40 16861 68
31 27 42496 157
73 94 22578 1006
27 60 9713 510
74 88 24857 173
93 17 16561 521
43 34 12699 349
50 79 36017 68
91 15 73223 48
97 26 156192 148
11 8 11293 1119
100 19 26399 62
64 22 171666 355
53 3 45255 331
26 21 14187 70
2 35 20185 28
59 52 76002 162
88 32 14312 31
26 53 37471 10
97 67 5296 68
69 10 81722 211
10 78 24853 520
71 45 1828 42
14 96 11028 22
31 34 26976 3148
84 4 113172 400
60 2 42206 140
83 71 93106 113
11 76 30479 75
74 43 45350 226
38 6 8295 908
65 93 51597 31
93 92 2648 84
57 13 14705 202
85 69 17333 22
100 46 38383 860
16 46 31043 361
95 32 16405 1173
98 27 5728 439
81 74 20420 1333
53 55 13952 89
6 71 22542 380
28 47 25485 125
20 34 95784 452
71 62 7577 102
11 27 13157 152
39 68 38771 136
15 35 6901 157
69 29 11637 85
60 71 18508 383
25 46 130224 189
52 26 31421 7
70 21 51393 55
84 51 59034 51
98 95 32260 103
37 30 34012 271
76 99 4984 32
78 38 86314 101
73 75 16105 119
57 4 56172 66
95 96 3550 14
33 40 20678 106
60 43 20458 96
3 48 35299 304
72 26 12159 300
39 34 5432 100
73 33 11734 781
12 44 3444 328
41 6 20338 120
23 90 693876 106
36 53 43737 142
86 66 18292 92
46 81 4681 595
33 99 60455 130
73 70 5589 231
51 66 177650 224
77 20 2599 153
14 84 40070 577
67 76 37841 150
91 52 34109 156
60 52 29892 35
87 92 6940 60
21 96 13549 108
33 14 23580 238
57 85 228394 610
32 5 67131 1409
82 100 14108 189
84 99 24494 34
94 13 2147 139
77 19 39743 56
69 36 8318 264
85 56 3042 217
97 19 34278 142
58 46 31777 8
74 41 159592 271
11 61 221570 25
57 34 34209 248
65 81 17911 221
2 72 90390 104
22 41 37045 149
66 35 29291 27
92 42 8872 280
82 47 10179 234
75 37 101076 425
41 28 12397 366
43 47 45797 97
32 97 4225 258
31 10 10937 523
52 84 25236 180
100 32 11405 633
1 36 18057 115
29 1 16871 232
9 46 269887 145
73 98 19597 192
11 16 11568 102
82 70 24764 215
17 18 79106 84
74 22 170504 48
50 64 27778 149
91 16 34043 33
63 43 37541 82
62 75 15077 370
77 38 24276 51
73 20 98953 335
5 71 5982 115
57 67 18786 25
15 36 34935 71
84 7 11613 109
18 20 20026 99
59 88 26118 425
21 80 34987 186
87 69 71821 71
37 28 7466 283
79 62 28552 687
28 74 32598 251
47 25 18685 108
14 4 114649 195
99 25 23207 31
86 30 49659 107
97 86 46400 72
56 18 21887 138
3 1 32250 326
10 37 23171 143
70 93 46949 27
67 59 34254 296
74 55 27071 93
84 52 6383 56
80 29 15647 115
81 53 5336 128
11 65 24162 117
93 49 17217 108
31 79 19900 257
96 68 10810 271
46 3 40877 64
91 90 7273 46
6 59 17213 70
23 28 27987 131
11 20 57752 279
97 75 14284 455
38 9 9514 234
45 5 92460 37
30 79 14537 347
25 10 24497 281
9 7 15684 139
92 25 54379 163
69 6 215625 1190
28 12 35676 61
21 47 3106 348
80 83 60871 252
27 84 23814 39
49 44 4567 155
83 84 50957 84
45 91 4783 364
1 67 4244 24
84 89 11837 210
81 96 78434 147
26 12 17746 332
78 13 23437 211
64 9 4548 24
4 66 5339 320
52 40 12508 94
12 15 19676 41
25 30 50569 712
75 88 5118 83
57 5 54589 114
10 69 2727 43
30 50 5005 19
92 77 13742 72
54 792
73 250
60 27
74 211
40 308
52 336

23799443
