100 499 3 3
81 67 95800 357
81 25 42897 148
81 29 25214 82
81 20 3421 307
81 3 44826 29
81 15 27063 96
81 97 21313 123
81 18 9895 68
81 97 12877 362
81 52 19618 39
81 100 1758 30
81 91 33237 724
81 41 4564 536
81 1 47371 117
81 86 8827 200
81 95 6370 131
81 86 6633 48
81 77 16802 146
81 4 15687 194
81 97 21700 415
81 41 6635 38
81 99 32902 904
81 60 83953 63
81 3 25211 69
81 21 4037 55
81 91 14425 244
81 32 21053 182
81 12 6500 581
81 68 34933 35
81 97 8384 237
81 64 6006 92
81 30 22818 482
81 69 12855 32
81 31 14617 468
81 19 79585 91
81 41 55423 106
81 58 16056 102
81 42 62296 68
81 4 49992 196
81 26 24115 113
81 7 27473 337
81 23 41551 138
81 21 23322 443
81 98 20988 38
81 100 8811 52
81 8 10799 32
81 77 3711 4085
81 24 21746 316
81 2 7915 24
81 22 55271 73
81 54 7839 103
81 47 72239 68
81 13 258255 41
81 30 54073 31
81 30 40220 522
81 67 35064 227
81 11 36662 14
81 35 4050 330
81 5 7474 404
81 26 113409 122
81 58 376994 332
81 41 22424 247
81 76 4103 155
81 88 12351 287
81 76 5306 136
81 43 6714 97
81 10 102829 254
81 25 18764 245
81 92 33428 47
81 67 10286 178
81 75 23707 163
81 95 6514 135
81 67 10005 82
81 49 163265 117
81 8 8358 127
81 16 53148 90
81 57 12379 321
81 45 39381 203
81 41 75304 928
81 98 10014 546
81 12 67711 40
81 64 13779 766
81 34 26563 279
81 53 11110 20
81 34 13684 126
81 66 10699 159
81 51 10285 58
81 55 29546 37
81 64 7074 35
81 56 9612 55
81 19 44740 265
81 55 3757 459
81 31 42859 189
81 92 27745 82
81 25 182518 45
81 99 20833 171
81 56 26788 191
81 55 63192 158
81 4 38965 80
34 19 34763 320
69 87 15435 364
25 10 27528 130
21 26 15136 132
89 19 22223 256
82 35 21117 377
53 21 13294 101
54 73 16075 90
1 3 55217 63
26 6 48470 95
71 46 29020 39
9 12 56184 63
95 52 15529 72
68 89 20645 23
30 71 74860 1027
73 68 13526 291
83 19 11590 78
91 38 9683 200
15 73 28698 243
62 55 21603 1095
100 55 14080 72
59 63 144653 551
17 18 14288 379
55 59 4161 613
4 21 31977 172
82 1 17055 33
10 45 25928 370
32 86 28050 25
94 59 111674 9
67 39 21502 302
9 74 2858 56
90 32 11745 452
80 11 83623 115
35 31 10345 376
37 49 2035 100
72 94 203772 702
67 46 47395 53
4 2 33157 270
54 27 34477 132
9 98 6123 229
57 10 28451 25
65 11 37305 860
67 29 103151 242
71 61 7399 53
21 62 17727 213
85 27 18937 356
9 85 10793 317
56 53 24506 194
33 84 8700 24
88 16 6552 78
7 46 15507 137
58 88 31957 196
42 28 84026 279
62 41 77629 41
19 80 20791 95
56 78 18848 53
23 96 5994 768
81 17 173943 147
79 42 19358 138
3 8 4598 77
24 75 26078 188
24 12 15231 391
5 76 339467 756
86 31 14567 82
27 6 69533 181
72 92 9813 477
97 88 34298 190
61 48 17629 321
52 55 198802 162
83 77 4722 902
10 17 13845 10
80 49 13398 57
20 30 26683 159
90 81 19667 197
80 94 60849 23
22 39 9567 355
7 16 15772 550
35 12 48424 66
15 89 34055 126
65 90 2385 331
42 77 32391 96
14 55 18909 19
51 4 24107 636
77 55 19404 196
45 31 36907 114
91 55 4120 663
98 3 5667 123
78 1 187219 457
14 60 11534 180
54 70 46177 237
54 69 35818 137
95 74 54733 151
73 36 29706 207
75 85 54333 162
38 94 44818 985
27 74 4759 258
24 42 10191 110
5 28 3996 151
59 72 25661 61
28 46 30864 983
65 67 14600 522
76 33 23636 317
29 19 5022 192
96 98 195659 428
94 35 10677 30
38 10 9021 410
64 34 20283 143
9 8 10169 46
89 75 21380 84
9 33 28674 352
26 38 14973 445
44 68 31236 83
51 57 6260 120
58 86 26250 143
99 24 27811 27
22 7 17106 266
53 45 38110 133
99 15 24526 747
75 44 20332 258
60 34 34985 30
20 56 30060 396
75 34 39905 75
33 21 7285 163
42 97 3776 159
1 88 200917 812
57 3 45537 96
76 85 6761 141
21 36 19968 388
77 33 34384 588
62 63 24072 593
71 88 67406 91
79 6 37637 27
38 54 11290 162
10 95 63267 45
92 38 40597 815
39 9 83301 98
42 37 10365 65
19 89 14645 68
54 99 4781 189
44 42 92175 51
33 60 6619 141
91 30 69982 68
51 68 16008 301
36 55 49170 28
71 7 20015 46
7 8 33414 73
91 39 80445 58
29 39 15142 30
96 55 19331 115
78 10 11705 28
32 72 15413 132
20 89 27483 281
91 77 3900 58
18 21 40576 165
53 36 12005 102
93 84 8798 282
12 99 18191 127
79 19 14783 1167
66 94 12199 73
60 9 7253 13
86 92 127132 125
69 43 42460 221
39 50 129569 98
39 44 34454 13
70 3 20791 883
59 76 41939 20
51 11 60150 557
4 88 4312 65
38 65 32336 196
9 22 19901 431
6 96 47858 82
85 17 37743 141
86 35 6320 165
12 7 27764 248
83 46 8333 75
49 40 7915 917
19 96 3365 107
15 64 106567 160
62 57 46850 1908
22 34 34690 386
60 95 18458 155
3 55 65846 118
8 81 8175 269
83 82 67361 227
62 96 30754 21
100 22 3715 81
98 56 18919 575
69 94 25931 198
45 73 22227 167
20 10 51507 387
77 63 13657 253
37 42 6205 382
96 62 34844 383
54 62 116211 33
86 29 26903 162
88 13 54518 73
44 43 38663 119
21 80 25641 555
69 18 16987 35
50 28 89194 187
90 3 2777 128
18 84 15655 34
89 14 13881 329
35 71 8160 266
77 82 14710 102
45 89 72035 23
48 56 13008 235
57 85 438693 123
84 34 14296 61
40 57 24787 431
68 1 24770 139
73 59 1227 53
90 78 18472 444
22 33 6087 60
29 91 22423 154
56 7 217075 171
38 26 135044 144
79 47 34806 328
67 78 13488 44
71 52 24195 157
33 57 12033 49
1 59 8273 349
99 45 15327 920
18 49 14895 191
37 36 133473 159
99 57 5529 17
47 19 96223 151
92 95 36489 936
61 93 13718 82
43 58 15017 101
21 31 35637 638
90 59 38660 28
79 63 31450 199
40 46 3177 37
10 31 25850 183
17 87 20189 40
56 26 26016 18
97 77 11687 180
70 16 55797 175
13 25 33386 31
59 93 51449 236
97 92 144075 401
97 47 17488 351
78 69 7403 27
4 39 86761 42
100 81 3404 123
93 22 107722 276
10 63 2298 552
60 14 31625 69
61 15 33868 112
24 7 37422 152
30 6 10189 232
47 21 15748 288
57 90 22935 184
48 34 18217 200
72 85 149373 32
28 54 28008 284
58 25 24357 100
8 33 18240 26
58 14 78042 53
99 84 6856 159
14 22 61262 135
48 93 142323 188
22 72 30979 347
55 39 20247 94
29 51 29742 105
75 79 22541 334
27 1 31062 76
38 18 10762 49
32 76 77031 132
96 46 39568 56
12 14 110541 157
70 9 28310 460
48 39 11275 261
38 7 20520 159
87 63 308784 16
24 17 34724 1024
2 17 8489 125
16 21 20760 121
90 93 69433 211
28 26 32065 30
84 72 31172 306
36 3 14477 1407
49 59 4103 31
6 8 8469 681
10 12 18514 29
41 19 75792 32
48 80 14527 81
4 44 127632 168
11 2 25715 644
47 3 4188 180
90 37 28530 116
75 91 2126 196
90 29 27296 73
24 99 170768 66
34 24 59144 103
37 77 122896 278
68 71 19860 212
12 11 42231 202
92 45 71643 88
59 54 7549 103
63 80 7489 286
43 49 67800 38
78 65 29133 177
74 84 16765 389
43 5 161315 557
14 80 20561 177
9 95 14078 112
25 46 19035 290
4 43 37404 234
94 43 13575 71
68 100 133570 67
62 13 52126 409
1 62 14657 57
93 18 9922 59
11 91 39832 307
38 88 59346 171
30 33 5305 320
27 75 9295 276
87 60 28167 74
14 15 36752 234
43 73 25038 199
59 37 34787 49
49 58 8009 740
62 89 20347 292
83 37 35132 1166
38 72 73885 197
45 40 48898 41
91 51 19889 50
7 98 4890 76
1 23 17451 166
84 57 13252 118
34 51 42762 203
8 6 38162 221
47 98 15785 647
48 30 64262 383
55 95 33220 145
16 7 17144 768
89 41 52715 91
39 21 28949 293
39 77 10416 56
59 56 27107 104
41 100 93009 830
86 23 38409 27
86 97 42509 426
74 62 31108 798
18 80 22243 24
74 47 14200 40
27 37 10627 154
6 34 18037 106
58 91 5645 194
37 57 655645 188
68 84 12365 152
53 95 11367 31
14 12 31068 85
32 22 35705 579
68 91 12609 175
64 32 25597 88
44 84 49189 108
91 8 14253 187
54 50 9747 65
17 36 14165 190
62 33 2087 46
95 51 130665 397
4 60 22212 23
15 80 40232 119
16 37 19269 107
78 55 73373 72
3 84 8637 46
22 1 8637 360
13 62 10742 150
51 23 15919 35
49 73 34811 406
31 11 89043 81
41 11 31134 157
41 60 86510 184
13 17 10606 53
90 41 33775 194
30 74 19130 105
99 17 89114 64
85 39 11361 301
74 32 19321 54
14 64 6208 655
84 60 26676 53
100 96 25738 169
10 56 14267 83
29 89 1485 58
59 11 38515 32
98 66 24527 55
14 84 5087 57
66 8 13554 188
92 85 9897 371
15 39 48326 90
17 97 14687 955
29 88 54134 282
19 93 5121 52
81 61 25980 120
74 56 15552 21
69 49 3927 87
29 60 19909 2090
81 707
90 90
38 225
55 656
84 1694
39 903

14554369
