100 499 3 3
88 40 25007 111
88 8 16888 66
88 33 10884 75
88 85 6346 100
88 53 12635 50
88 67 47203 49
88 20 51848 182
88 80 22164 120
88 74 93100 188
88 70 129085 105
88 37 22216 142
88 61 22684 227
88 81 11842 48
88 69 19858 144
88 79 41869 52
88 66 45108 427
88 8 7387 50
88 38 22177 486
88 12 3702 113
88 63 59337 50
88 12 32076 52
88 11 14985 155
88 18 40155 85
88 73 6361 211
88 52 76374 149
88 41 25360 214
88 32 5448 62
88 24 155059 410
88 9 18757 36
88 83 27004 170
88 43 16942 190
88 67 25894 206
88 92 21091 96
88 33 21777 657
88 8 12987 3391
88 60 139360 75
88 76 55470 81
88 73 16904 53
88 5 38488 119
88 13 31141 314
88 46 30122 222
88 48 21549 205
88 56 27897 294
88 19 37161 106
88 58 52629 249
88 93 5276 29
88 74 48410 41
88 5 64144 19
88 69 47551 69
88 27 19418 27
88 34 42677 93
88 60 11210 103
88 23 27281 511
88 62 50817 133
88 81 45419 52
88 58 24360 110
88 10 17494 592
88 22 39119 155
88 61 58068 659
88 87 10882 109
88 62 64554 111
88 23 8562 28
88 28 6289 194
88 62 15150 72
88 64 16655 86
88 42 60890 271
88 81 37667 90
88 94 17815 32
88 50 5571 262
88 11 35987 153
88 93 28079 47
88 19 31845 44
88 13 45426 689
88 74 15592 182
88 25 2052 174
88 23 44281 29
88 67 15419 120
88 67 36745 335
88 35 102641 90
88 17 97652 182
88 30 17815 193
88 17 6868 22
88 62 16570 117
88 35 30149 175
88 27 48756 250
88 12 4361 444
88 57 68115 91
88 91 20232 102
88 5 7176 367
88 54 9712 357
88 24 37883 132
88 77 29920 92
88 14 6191 66
88 18 2437 222
88 65 14562 557
88 81 10217 70
88 33 31191 554
88 51 6244 52
88 74 23736 216
49 44 21847 131
45 3 9163 18
37 96 34856 269
88 49 27584 64
34 79 52347 112
25 87 22684 73
59 65 16752 241
67 28 8729 51
65 32 12206 182
78 45 8525 19
24 15 36705 94
67 88 10280 42
85 49 35239 68
14 75 10831 452
46 90 16735 258
57 98 8940 89
44 97 35295 49
70 13 28916 78
18 66 36774 131
8 61 16772 668
95 20 60472 293
57 9 72240 442
48 98 2957 198
8 62 70363 250
1 26 40229 208
48 81 54513 84
56 32 3569 152
79 81 13618 845
2 92 7300 152
63 97 1712 1152
72 26 9467 31
25 62 24934 108
65 20 21583 50
72 50 4231 17
42 95 39213 103
70 71 21402 243
16 55 10642 1164
27 70 83570 468
17 80 9589 1234
6 57 3038 45
85 77 19763 485
90 20 10465 484
45 52 28567 137
86 51 12704 90
30 61 30272 306
33 83 25096 299
37 85 5634 115
59 32 28241 274
73 79 32160 74
96 43 11377 62
24 35 11133 123
79 16 27516 96
46 54 16190 275
62 65 13891 199
22 94 33019 1250
75 71 79759 198
8 23 10943 37
95 43 6901 336
81 29 170713 90
15 40 3290 30
17 67 47923 134
6 18 119679 113
98 51 116230 337
1 3 59406 44
77 64 4851 1021
1 84 62770 44
18 46 22600 114
40 95 3660 278
37 81 29361 615
55 74 12392 221
72 9 9881 114
88 99 7566 560
97 77 17398 33
99 34 27906 683
46 61 28946 81
40 53 264877 1640
45 8 31999 123
31 6 14873 45
84 59 101850 730
49 74 6504 889
39 50 6056 269
15 35 24133 35
69 13 74684 54
44 61 7482 1360
85 88 5970 54
81 66 40028 71
41 89 17023 469
21 6 54776 72
37 8 4390 335
47 92 43610 195
82 69 84324 89
65 22 6015 351
35 84 33708 30
36 78 11391 104
95 66 104058 263
92 25 39111 83
9 58 76769 171
14 32 12566 183
59 15 78168 614
84 2 8277 118
89 63 38115 187
52 15 172874 17
95 32 74743 523
16 20 4787 104
55 14 8348 49
52 46 32329 171
57 3 34870 49
70 99 26343 110
85 91 20594 426
59 6 153942 201
56 10 55265 283
90 49 15733 252
68 97 39604 263
14 90 65286 36
84 49 9896 701
83 66 45131 581
8 90 9929 67
24 42 3656 116
40 29 61775 93
12 16 8866 107
66 81 24547 305
57 63 38403 2324
18 84 39830 470
16 14 64753 216
55 100 15773 34
51 3 4103 636
39 21 20220 65
52 48 56735 86
58 46 6622 739
27 77 5337 47
19 1 16557 51
68 80 12286 324
30 67 31362 519
48 24 16289 357
53 41 5010 192
80 64 14741 48
39 97 12292 325
52 72 9201 276
55 19 56003 235
21 10 3719 185
29 71 10555 54
64 61 14584 90
48 75 15314 85
4 66 50287 288
99 31 12696 255
92 11 69010 604
52 24 4111 63
61 63 10330 1076
21 2 4738 90
39 43 8386 31
33 15 37604 379
63 68 61225 41
42 44 38184 254
78 82 40939 448
82 93 8452 130
22 19 132777 92
70 91 190545 65
29 36 13981 462
66 86 10276 115
11 73 44944 488
22 92 21539 166
63 81 105805 50
25 90 6265 244
29 77 9304 562
63 64 18634 183
19 58 1889 309
96 76 9811 109
31 78 32966 602
48 1 25194 342
78 20 9429 124
18 72 50514 41
100 81 134980 888
86 43 17021 125
53 21 49804 71
47 37 12042 96
30 62 7490 132
95 93 49412 155
20 30 110443 214
13 8 4075 350
11 93 8703 28
2 52 2366 196
18 20 26120 98
81 35 52680 316
58 83 8699 181
38 6 35475 68
51 94 19568 57
66 97 13841 137
88 26 19390 113
56 78 22411 90
96 31 18736 185
35 80 6656 525
19 69 5866 885
74 80 181975 157
4 63 20000 245
62 59 334268 67
10 71 13690 235
28 96 20588 33
81 53 10456 153
81 95 14532 218
33 87 15225 70
1 52 8082 235
78 31 47011 232
12 1 44466 1653
60 58 30238 182
54 21 15392 1186
6 70 8378 90
55 70 58710 110
58 91 54756 143
11 78 3346 69
55 93 5129 190
41 76 5693 83
45 35 7782 126
28 88 4781 929
10 64 5522 60
4 78 117109 66
55 25 15699 41
86 13 58261 1205
3 86 17422 131
56 75 69453 292
90 24 38560 53
31 7 6538 579
65 97 30320 428
22 12 33320 229
35 61 67629 137
27 38 20510 148
82 15 19873 48
23 61 40910 71
45 58 67187 73
71 98 36950 118
73 36 22017 519
30 90 43791 25
92 49 48840 68
95 80 26610 110
69 61 11256 93
10 81 7916 104
68 38 10573 174
96 58 44613 155
62 63 3703 74
37 10 104629 189
89 51 36133 356
53 77 51816 600
95 63 18203 83
8 22 43702 507
52 77 15130 159
39 84 21652 392
28 37 20777 70
35 90 50173 96
91 34 28620 141
93 10 27588 281
45 56 35094 374
83 90 15729 179
53 68 11441 489
64 87 38366 132
83 40 13591 266
68 20 35666 677
82 42 14553 346
47 79 51464 266
56 6 5841 87
67 84 31775 77
8 27 43025 251
41 68 11856 194
98 62 6186 19
25 51 90746 435
14 45 14857 361
61 51 11967 66
98 8 68343 771
99 17 32651 459
92 5 5928 203
72 14 68512 228
91 40 9771 428
26 88 12192 981
33 85 14886 225
81 89 79435 31
67 43 23286 531
50 83 16502 491
92 8 12771 39
54 20 9813 115
11 68 23581 46
92 1 18786 111
87 27 6922 41
52 91 24891 228
54 74 64774 190
48 12 5267 66
41 26 68886 167
70 83 119152 220
26 60 49268 88
57 29 21337 129
83 98 46875 616
47 67 11510 562
76 55 25722 149
97 15 25154 654
6 63 7539 86
22 32 23041 54
95 6 2618 52
19 90 113848 310
66 17 25684 533
59 100 17334 82
99 86 18255 623
68 100 52201 7
89 99 16823 237
7 29 6191 177
42 74 51857 231
67 66 27927 897
63 38 10962 145
74 28 128549 475
84 11 75854 8
35 29 35971 67
1 74 33206 975
10 32 66705 60
90 30 62298 340
16 36 14466 536
33 23 6071 92
52 7 16493 35
47 19 36696 172
44 86 65930 117
15 42 30477 59
76 14 104595 46
72 6 37108 88
85 70 11814 55
96 94 10875 30
42 81 5377 248
91 50 13451 136
58 37 15106 35
95 88 16541 222
74 100 43984 317
46 45 82125 144
61 24 26342 21
31 99 31207 201
83 55 16582 688
62 67 19775 18
38 62 28372 282
16 70 63706 161
20 37 11877 109
33 86 51748 563
93 72 8374 211
59 20 36028 344
22 30 23772 97
20 59 27546 83
21 96 28852 91
71 51 26945 82
11 70 135808 162
8 40 15861 153
72 94 29766 61
26 71 9835 132
12 37 13173 365
94 52 19418 129
89 47 6623 165
41 11 49578 406
18 64 26343 286
9 65 1267 84
44 7 8282 155
47 12 36290 124
90 16 45647 43
89 66 98428 211
22 41 15113 142
81 27 49900 166
21 29 5178 179
16 10 9479 342
14 88 18727 180
13 42 8037 530
97 39 42561 479
96 26 18584 271
96 67 32755 553
98 82 12128 158
3 71 21640 377
100 62 15256 270
54 93 21172 832
53 72 36899 74
23 45 118230 242
80 35 13737 26
7 49 7936 337
22 17 19055 203
2 25 5931 710
54 38 52478 131
86 32 2148 455
73 54 42731 216
33 53 35501 96
19 15 31091 44
31 12 3669 352
46 8 26405 159
59 74 86776 1082
77 56 162340 85
43 69 34743 148
6 4 3145 106
2 45 15521 205
27 32 57449 639
59 97 827 231
22 40 24425 46
86 26 73876 80
61 73 12515 54
78 60 8107 1880
69 100 14936 784
22 18 15135 189
4 40 16531 66
5 36 9774 44
61 59 22720 326
38 91 42558 229
88 97 14560 90
72 70 80333 153
42 61 5286 151
88 721
22 70
95 45
81 166
61 145
74 982

20367509
