100 499 3 3
26 79 18864 48
26 93 45660 76
26 60 21530 185
26 89 9796 412
26 7 8460 171
26 18 66870 204
26 98 14588 181
26 36 9248 131
26 11 42172 66
26 74 117696 82
26 68 15604 57
26 70 6274 974
26 19 149707 69
26 37 6022 220
26 34 62936 37
26 71 2517 124
26 79 9369 257
26 97 63002 23
26 33 72462 138
26 67 14874 136
26 16 33434 134
26 76 54514 282
26 90 60106 99
26 50 123968 62
26 9 12689 212
26 74 13280 56
26 5 37128 57
26 53 52976 320
26 37 14549 86
26 52 48801 301
26 39 5995 170
26 88 35833 352
26 95 37845 129
26 91 6883 5
26 37 51711 23
26 73 66646 231
26 83 8958 669
26 54 39597 101
26 50 55833 24
26 1 82476 730
26 2 237389 304
26 86 54770 213
26 14 36744 47
26 50 1550 64
26 39 21427 68
26 55 53764 93
26 98 44566 198
26 77 13971 130
26 20 15645 28
26 20 12479 510
26 96 20204 1100
26 30 70897 305
26 21 20704 83
26 71 39432 179
26 35 14488 254
26 68 34054 273
26 71 248076 108
26 40 38612 231
26 54 8708 544
26 88 18717 311
26 22 12265 1330
26 19 22704 108
26 64 26566 854
26 23 5722 3440
26 58 22547 136
26 48 27088 62
26 35 145083 51
26 99 15564 49
26 82 23101 106
26 12 47250 38
26 75 45240 150
26 55 10836 124
26 83 8844 65
26 87 56369 525
26 92 41595 166
26 95 9261 304
26 56 11279 396
26 54 7837 37
26 11 7921 58
26 80 29896 954
26 54 9245 371
26 7 43342 572
26 11 36394 198
26 25 48047 206
26 35 15145 369
26 41 28304 673
26 17 8383 81
26 18 78840 524
26 89 373624 152
26 11 14189 63
26 55 15635 96
26 28 62161 113
26 74 31849 257
26 61 6697 139
26 41 10652 223
26 39 83103 95
26 35 7548 21
26 71 53916 166
26 31 10828 774
47 67 6012 47
43 16 20225 312
100 39 44136 523
6 44 46009 450
46 90 32267 63
94 61 82280 218
49 54 5716 12
7 23 10936 179
23 76 62021 258
68 45 84584 7
79 72 18383 227
57 79 26003 64
91 26 2480 170
6 22 2918 124
22 48 22680 182
8 78 65788 3019
76 8 4304 313
92 99 25234 269
5 74 11846 113
31 65 15145 92
89 52 16712 307
99 3 36666 119
76 78 21228 363
42 26 12611 51
53 96 21343 34
80 83 37538 75
79 1 11844 134
60 2 56463 92
94 100 59910 145
34 45 16932 95
32 35 3631 210
6 51 84154 232
28 91 9321 83
95 44 5747 67
56 38 125804 463
29 59 27460 38
78 100 90712 12
51 32 19125 281
21 96 15091 162
86 85 28137 55
95 25 93128 402
47 33 30305 52
29 96 18268 85
26 27 8186 71
64 100 19724 93
8 91 7074 42
69 56 14056 464
49 1 14272 38
14 90 65268 240
45 7 11027 127
77 67 77512 50
77 83 18838 68
74 21 19155 31
76 50 16902 1051
3 21 33096 281
69 86 46999 456
94 40 7079 19
41 46 8441 134
10 39 2154 25
36 100 7755 18
16 26 72324 68
57 84 38627 118
30 48 99603 67
43 70 39609 203
84 14 22050 162
54 72 6033 341
36 40 6495 150
88 79 11549 161
73 86 25545 407
71 56 13486 95
85 29 93718 188
72 86 31458 147
22 77 93491 55
97 47 7299 47
28 63 75092 41
8 10 91930 200
67 33 24795 265
42 3 8136 117
78 88 6936 75
7 53 57789 100
37 2 4979 434
33 26 18427 304
4 55 24654 235
77 95 22676 104
52 29 64867 64
81 35 10114 43
97 29 27410 179
89 32 21541 134
73 21 177832 768
42 41 25530 159
34 40 95877 160
79 2 68853 385
35 76 12616 277
95 22 16250 65
49 93 72879 9
4 61 8171 202
11 13 34249 306
92 75 6328 116
15 36 328976 154
48 84 35174 268
51 60 9442 66
100 75 19756 118
38 14 44832 2234
33 93 7799 857
65 31 168023 100
96 57 28694 505
99 21 18386 56
16 22 407271 3935
20 39 39228 41
80 91 79226 503
92 3 25448 310
21 35 145143 42
89 56 29406 943
66 54 29357 189
46 10 16346 91
84 34 9649 44
32 12 22931 896
46 17 28504 605
9 99 45865 42
45 29 24944 73
33 59 20151 233
79 73 11811 39
71 59 50884 112
29 9 13793 265
62 35 12253 221
42 14 2927 794
16 50 44863 127
18 5 5747 230
10 48 32630 136
31 23 25098 426
43 79 11905 91
98 74 20648 43
35 83 15436 24
83 9 47361 58
82 97 50291 196
35 84 16659 210
71 78 50947 65
60 3 17928 351
91 5 284109 309
4 90 13943 144
6 17 8926 390
15 86 122455 43
34 41 11834 628
59 8 18841 423
41 32 5120 87
58 99 26345 116
85 24 75441 209
17 45 243930 473
55 37 14327 274
14 78 23010 1469
98 88 5183 599
67 26 32922 165
31 38 25320 114
20 86 35484 83
6 53 24372 132
47 37 9414 902
71 95 10929 2118
88 87 36449 228
78 35 37360 159
100 17 19197 160
72 13 38000 302
9 1 17041 110
71 53 333729 394
60 21 37421 468
20 48 44364 409
2 80 51452 309
6 80 5006 60
40 60 17041 249
51 53 10616 120
52 98 64022 214
31 49 68450 93
90 60 15863 205
25 32 3077 106
65 10 22050 233
45 37 20232 246
25 91 25273 1029
85 1 10019 26
90 52 256458 103
28 68 16983 42
22 49 27415 223
23 36 4529 52
7 97 35014 220
97 8 100124 494
66 2 3199 40
55 77 120762 123
41 71 18758 129
60 69 35429 209
99 45 5877 64
33 81 16580 39
30 84 17850 102
56 74 3911 124
91 23 58812 440
43 57 11588 411
8 16 4476 326
56 42 46919 616
56 92 26692 279
90 100 19872 373
63 56 3611 80
8 88 64400 61
35 60 25439 100
17 74 18708 778
42 75 10705 146
51 12 63030 40
64 42 22244 197
18 75 8146 84
94 18 20734 222
93 83 27025 34
47 99 27101 388
57 55 9544 385
54 79 5277 119
16 71 42181 18
24 44 11484 45
60 15 86921 245
99 78 8688 509
57 6 76512 744
74 14 14737 68
10 13 108367 224
28 49 11966 233
57 32 12088 24
98 9 82192 144
18 39 44454 193
67 36 77688 79
77 9 26513 103
32 89 24546 73
75 48 3883 95
14 32 32880 146
39 69 13016 109
20 94 21536 32
76 65 28316 78
39 33 78172 272
26 94 46100 46
43 4 5933 65
99 72 56162 60
86 31 37073 66
96 66 59047 74
9 44 36992 714
93 88 24844 120
46 20 75413 95
20 27 14722 205
27 70 23630 490
12 86 69992 77
51 47 10368 238
15 70 24188 383
52 28 160441 712
16 34 28018 192
6 41 52450 144
3 58 57969 142
7 79 12693 76
91 16 98425 34
84 37 42211 178
82 72 28088 47
10 55 19716 118
89 94 10880 167
38 42 25398 149
50 31 50052 508
6 97 7281 10
88 56 19309 676
39 88 12900 122
93 53 6631 86
71 50 24712 100
3 23 5804 962
44 4 180681 75
20 28 39011 110
51 70 13977 89
10 49 44279 2421
67 46 99250 922
13 11 341242 388
50 85 21764 124
39 4 7017 90
45 48 10482 785
4 50 10033 187
53 66 49721 387
89 46 300613 52
7 27 17594 76
25 14 5586 569
28 5 14961 12
64 68 1000000 76
39 25 23946 28
41 100 6097 72
79 99 6367 305
43 67 11205 89
11 64 30745 161
89 75 18752 21
50 27 5232 116
72 6 13880 77
36 84 35526 993
61 8 20215 183
21 5 104384 67
48 3 74305 37
43 74 33810 230
69 62 140891 251
86 63 2467 109
9 97 4614 152
77 87 14442 35
53 75 60024 40
95 26 5963 259
84 22 60695 113
97 30 5813 87
13 76 13433 192
64 53 8341 221
14 66 21367 327
65 74 6281 196
98 51 10179 44
97 75 10835 125
90 5 77533 51
64 11 4062 70
56 48 11140 88
7 48 23869 172
77 14 85841 747
86 52 12525 144
96 12 10881 1293
77 20 37895 327
48 64 16834 41
5 13 20759 56
57 24 59399 17
14 77 79172 170
27 80 288073 120
91 60 2389 71
25 47 12877 37
4 78 86297 66
60 19 42811 93
45 93 54884 87
73 89 6306 769
66 55 17454 587
8 95 12853 59
83 3 41552 74
69 41 11256 783
47 8 30385 275
24 2 11585 248
49 95 27292 41
54 83 5397 94
76 97 73876 302
3 34 78334 102
39 2 42704 62
81 8 8444 61
90 32 5338 263
33 84 17016 343
53 83 27270 144
8 44 9696 44
43 81 43283 322
18 12 72207 62
22 75 22630 359
67 31 54418 376
30 21 14682 58
2 48 3158 207
45 43 5208 1528
88 25 14537 305
57 22 6095 465
63 19 3581 830
74 29 3227 105
55 25 26817 48
91 2 19610 171
92 4 11565 208
64 5 31672 96
11 95 10782 51
95 45 5210 650
54 76 72568 1560
28 89 38437 196
71 80 830 431
19 70 17711 1244
55 94 6804 121
63 46 8729 496
29 16 12761 75
53 24 17742 127
33 25 26787 479
36 68 13424 292
39 44 122755 443
76 73 13940 351
66 58 2572 30
33 19 129062 474
92 88 4301 45
38 20 41571 42
94 21 14992 106
22 43 10102 244
32 43 19664 192
76 39 10696 87
22 9 3232 80
21 19 17838 416
88 44 23370 79
11 96 20532 778
51 88 22900 101
17 97 9351 292
76 13 56673 93
6 79 11590 41
86 10 4246 127
53 95 6013 5
33 90 51083 248
19 75 54771 127
99 84 43129 93
58 36 59906 95
65 24 33373 13
94 46 16252 215
45 68 31743 1229
20 31 7501 223
42 69 18419 623
41 4 2325 247
100 22 17749 346
54 5 51589 46
59 7 69426 105
30 52 15984 299
26 505
6 45
76 16
75 234
48 443
88 6

11780426
