100 499 3 3
20 93 22772 18
20 72 23412 32
20 69 7775 25
20 46 21295 113
20 28 895929 175
20 68 34894 371
20 27 32921 254
20 15 58264 227
20 53 7404 122
20 34 73425 1485
20 91 13953 83
20 81 8916 85
20 48 29767 78
20 82 36239 42
20 13 12979 124
20 77 24126 39
20 98 14537 85
20 99 19945 18
20 33 2710 13
20 62 67876 268
20 84 12112 365
20 85 25839 93
20 18 16471 225
20 95 24417 170
20 57 12814 74
20 54 9578 142
20 94 39253 237
20 10 16159 336
20 97 41062 57
20 24 71578 31
20 75 34087 91
20 5 18625 226
20 65 3469 18
20 35 48597 1253
20 45 2432 209
20 88 45088 154
20 67 90709 118
20 25 15563 113
20 21 17725 28
20 51 19030 309
20 73 3530 221
20 64 26417 377
20 58 21288 328
20 17 11680 417
20 37 29347 323
20 47 75350 44
20 50 38740 1010
20 6 55949 420
20 1 40640 375
20 79 34463 315
20 4 11765 1012
20 52 58629 53
20 56 52652 190
20 42 14794 95
20 26 29652 101
20 89 46704 560
20 29 29695 118
20 7 7449 39
20 39 21153 295
20 87 55520 443
20 32 30856 420
20 41 24455 52
20 16 2768 624
20 61 29621 260
20 14 9273 244
20 11 20256 184
20 90 22668 83
20 2 12007 84
20 83 17892 170
20 71 81087 366
20 36 17226 4
20 9 170655 195
20 59 88070 85
20 76 34811 160
20 40 6332 73
20 38 217464 53
20 96 17567 166
20 30 157851 116
20 44 19906 66
20 60 3042 172
20 92 42629 391
20 74 35537 540
20 23 20257 439
20 43 54821 42
20 8 7983 250
20 19 63931 82
20 78 76750 93
20 49 7874 826
20 63 2849 383
20 80 69628 338
20 66 19526 263
20 22 13008 66
20 12 5572 56
20 3 6380 361
20 31 52703 584
20 100 2633 218
20 70 58367 47
20 55 3095 119
20 86 10558 434
80 77 7423 145
15 25 13080 496
62 50 21175 68
40 93 36735 159
95 12 22542 281
69 82 27171 487
44 77 20289 102
75 52 10146 284
9 36 34835 95
59 78 41989 35
67 59 53306 166
29 59 8874 431
19 66 10546 31
8 100 64520 75
88 66 53263 344
3 9 27053 194
57 51 22642 256
7 71 136035 450
28 87 11935 353
53 2 3255 276
60 12 19289 245
12 50 35985 1190
48 99 88948 108
98 53 5083 63
5 64 10944 292
93 83 33928 49
49 31 40189 101
83 7 29525 55
19 49 1189 148
3 26 42683 100
27 75 10331 207
77 75 16904 88
71 14 35296 1370
62 29 16536 280
24 95 16476 360
39 49 64349 162
58 33 47338 45
16 8 13089 359
90 10 66146 182
67 87 20490 294
59 64 11232 251
43 2 20960 27
52 41 17479 282
19 74 10751 1015
32 54 20937 12
82 57 108692 663
12 55 16388 96
35 19 52999 151
5 20 30078 112
55 95 73719 18
62 83 18147 1059
93 19 30467 152
80 17 80448 369
54 96 10600 128
87 79 21368 52
5 31 39668 56
85 38 29093 309
9 93 25710 12
80 26 11854 93
75 43 25595 1067
46 60 512421 320
53 29 22069 323
100 28 4846 199
85 16 7945 1491
24 76 38431 544
9 1 97609 29
97 44 110097 280
100 11 29756 109
22 47 10855 363
74 49 39348 543
49 47 31441 59
70 8 4051 70
52 58 105639 204
63 79 126309 42
60 70 70994 208
46 73 35768 17
57 13 88598 216
96 79 37888 86
63 81 10461 132
44 19 216208 45
5 57 22132 48
6 4 21842 459
58 56 35200 119
36 19 6683 759
35 39 8864 85
22 11 38833 223
53 75 104476 120
34 64 39529 958
17 23 59984 37
43 87 144819 28
62 74 41730 44
84 59 50172 188
77 100 20819 196
23 42 8293 251
15 36 20876 258
80 94 39931 197
61 69 23838 79
47 54 42749 735
18 41 10106 45
14 32 23149 601
11 73 107985 263
70 77 30378 306
61 63 17886 253
77 51 7230 71
83 88 7504 143
89 8 82275 117
74 99 3576 158
51 42 112761 494
52 10 9108 44
40 35 67548 107
9 88 10271 337
83 70 9843 116
18 24 105884 113
92 6 62834 314
32 73 6344 170
58 59 36958 110
17 53 13571 857
27 63 12823 841
89 45 177784 508
100 29 7165 25
99 9 13437 96
41 72 43178 14
8 85 4239 210
48 47 52462 56
99 41 112768 400
6 1 102459 56
11 63 29679 120
82 13 31582 150
64 4 4779 149
45 27 10623 67
50 16 17938 72
83 65 6360 57
58 4 55529 109
5 43 10330 156
41 69 4938 175
57 7 10764 66
60 77 40615 41
23 15 53087 58
92 25 13802 47
86 6 38027 246
12 97 13989 569
94 5 10091 32
60 43 8173 2419
84 81 8082 36
24 51 10088 188
88 40 17290 32
72 61 12777 1260
43 14 32514 426
33 12 12404 655
50 29 28086 87
52 64 19666 74
52 69 30961 2816
76 27 7692 83
7 27 144382 114
98 22 35138 90
66 57 41934 583
98 33 9918 74
1 55 3962 402
50 58 8252 130
56 69 32893 71
78 76 23509 327
51 90 33629 150
34 22 19167 213
55 80 30517 74
94 16 19486 124
24 30 22827 97
8 43 9214 40
14 87 17808 108
55 18 100356 1454
53 83 3117 878
55 45 7886 371
21 64 10303 31
53 79 35221 62
13 61 9879 259
100 67 82612 219
22 23 75358 1099
41 1 63087 431
83 26 34922 53
66 49 29763 658
5 79 36697 204
28 15 17838 227
31 58 17407 152
81 8 24870 363
68 93 7243 128
29 74 4853 56
49 97 7006 183
79 57 7620 99
82 6 89165 83
88 61 23200 310
74 10 7084 476
10 73 52490 75
70 99 20672 1003
76 94 38328 68
94 100 42788 294
7 69 3531 18
66 33 49702 1811
9 37 43539 487
52 81 128294 93
40 95 6246 205
59 69 58909 458
65 68 6236 40
69 30 20756 84
87 27 13325 89
43 53 45596 32
22 40 25502 178
43 1 7309 380
25 11 104695 151
4 60 59807 1363
53 36 5598 60
25 27 15614 137
25 49 36812 38
86 10 32497 222
3 19 45658 481
64 89 6837 115
81 23 2764 109
50 35 21168 1056
40 53 222406 486
33 68 10114 205
68 7 9311 249
79 35 17553 46
12 63 130112 131
49 9 7432 49
38 44 10022 477
70 37 29034 277
27 51 218552 57
7 4 234795 489
65 4 22336 129
92 18 39833 605
91 33 18629 73
2 89 44803 1214
94 87 73937 232
44 9 23342 750
22 80 67410 21
44 51 12712 139
28 20 14937 78
23 79 34937 567
91 28 37707 34
45 84 158158 30
85 1 27127 1448
9 32 44339 345
16 80 10258 201
63 19 40581 92
28 33 35546 301
27 99 9691 96
22 38 28097 18
100 94 21111 646
25 20 5706 105
95 48 3043 1288
7 12 10822 79
15 100 12169 121
7 17 12736 46
22 94 22113 14
53 69 16744 286
28 69 21886 768
69 40 8281 58
4 32 8035 62
14 85 17815 435
96 38 13221 519
16 12 30207 135
91 94 63490 413
97 7 66014 143
34 92 10717 134
34 53 25125 28
43 92 8141 95
12 40 8378 59
65 1 29558 223
3 5 32809 104
67 29 120130 46
88 86 33937 263
1 72 27282 239
57 44 9438 95
49 37 6422 602
52 4 24684 101
74 94 8095 69
41 6 17697 116
38 66 11253 213
6 78 31385 82
10 75 2404 199
21 90 41411 345
49 63 58647 34
91 55 20422 60
57 3 22279 239
42 86 8019 669
14 28 15654 77
86 92 45606 34
21 39 55568 84
29 78 17714 22
33 74 35706 81
39 100 19543 138
7 39 25113 551
84 58 40931 131
55 53 16948 80
71 29 7812 237
13 89 4399 74
55 69 4406 1467
17 76 11758 55
98 26 75830 57
95 54 5586 102
21 67 13973 74
57 70 48699 247
18 87 80980 155
98 88 12517 71
9 12 26638 101
35 32 5823 474
4 10 12521 83
99 38 9697 46
100 96 93084 64
24 17 6887 1229
11 82 33193 112
2 10 3056 278
82 27 14940 74
45 58 12832 669
5 69 22453 261
79 49 39325 147
83 24 44000 89
46 84 67740 492
10 19 369026 130
90 81 17306 69
77 31 79811 126
60 82 7455 205
74 8 30229 478
21 15 27380 17
37 29 29828 517
78 8 22634 261
47 77 43127 130
1 38 15777 386
10 7 11344 209
10 100 33835 94
50 91 6309 94
83 36 15569 195
82 71 16967 76
98 40 110424 54
35 22 18217 58
7 90 44096 30
3 18 68564 19
71 68 10970 77
28 85 100951 550
1 49 11684 362
47 87 2645 67
93 30 10269 654
15 65 47361 57
2 88 26841 286
70 97 16020 90
42 40 358740 82
81 49 39246 2174
60 83 3020 27
6 24 15663 50
47 80 32618 1003
26 99 36640 83
90 23 29271 95
82 69 40467 142
90 66 44289 174
50 6 41653 205
70 40 29720 64
95 35 10893 161
19 64 47309 176
92 46 14590 261
82 86 20211 1435
67 48 44530 212
55 90 5585 34
7 96 3031 159
5 48 21717 54
89 28 19388 148
19 15 25411 120
36 45 12350 30
9 58 149576 693
6 26 15866 184
95 99 55088 104
82 88 38110 210
65 66 1824 831
51 22 24943 45
67 86 7056 97
24 10 19729 1196
94 47 55709 41
93 6 48755 488
23 20 43812 87
83 85 45508 108
70 51 18670 128
65 62 9673 1916
5 34 46374 151
50 15 372592 458
8 14 9646 577
41 54 13329 431
22 9 25365 33
53 99 29721 131
46 48 10804 72
18 90 68121 24
36 96 27209 258
55 48 30908 139
58 82 104965 192
55 100 6655 227
84 26 221402 39
31 65 49398 127
58 63 23147 138
26 91 13259 426
65 88 11962 75
17 83 33901 35
1 70 10776 65
16 98 25412 89
19 52 22982 28
20 891
55 432
7 306
69 604
49 124
100 309

7247921
