100 499 3 3
4 83 13060 195
4 19 50181 65
4 85 10426 65
4 5 19808 1557
4 21 33835 71
4 92 17839 728
4 51 39450 219
4 98 45032 646
4 44 41647 98
4 86 46426 43
4 56 40907 394
4 69 70090 139
4 73 72147 516
4 32 42823 39
4 38 22636 104
4 72 34213 359
4 43 53760 103
4 68 96937 31
4 96 9425 113
4 36 80875 420
4 3 78221 202
4 2 186528 686
4 20 9901 264
4 90 8393 73
4 50 43848 147
4 43 3680 122
4 67 17250 372
4 77 98843 334
4 46 32192 111
4 76 4212 210
4 19 29768 163
4 3 4317 134
4 54 66043 722
4 65 3412 82
4 60 7622 386
4 63 5572 25
4 29 18330 298
4 20 6047 217
4 8 11767 195
4 58 14737 14
4 7 27737 15
4 68 4484 2559
4 20 10179 198
4 3 39653 280
4 7 54460 72
4 23 5885 129
4 39 8801 94
4 76 5828 93
4 47 13998 1016
4 55 56423 91
4 7 7944 309
4 21 11734 40
4 77 5397 205
4 18 7047 265
4 38 103217 266
4 85 6995 53
4 38 19162 210
4 56 22956 180
4 78 10454 110
4 45 5827 170
4 18 80057 96
4 15 5345 240
4 22 68892 71
4 38 54313 85
4 53 49937 172
4 34 41631 90
4 9 64131 120
4 69 29733 213
4 62 60751 68
4 68 6953 128
4 74 7872 141
4 73 53452 241
4 56 39236 111
4 99 61103 166
4 28 21044 5
4 17 7739 800
4 90 17355 496
4 29 12997 32
4 17 22935 130
4 35 7235 312
4 36 17715 125
4 53 97931 119
4 78 19934 46
4 33 30478 207
4 6 7618 558
4 1 7880 622
4 75 6700 294
4 73 31182 145
4 12 25419 498
4 22 9659 135
4 58 159229 140
4 38 189380 119
4 14 17800 56
4 65 9411 33
4 32 20368 311
4 83 32582 148
4 97 66616 659
4 29 1942 348
4 81 18618 31
59 31 83419 99
31 50 16690 752
42 56 2892 41
72 37 19653 345
1 41 4297 75
96 28 10267 54
71 49 23328 166
29 36 23655 140
10 96 27083 19
14 15 115566 67
47 85 11683 134
44 92 17325 609
3 9 16639 22
46 23 5878 1103
21 89 87122 352
100 67 3767 48
88 91 18953 216
15 100 82331 270
95 2 20758 61
34 26 26732 281
78 77 54065 97
48 46 96281 375
41 7 38324 103
88 29 42394 985
56 90 24594 186
99 9 42954 231
82 75 18076 85
70 72 85910 130
93 52 145486 103
29 89 14869 538
48 27 7458 55
81 62 14504 77
74 55 43682 35
27 24 19436 78
91 93 1291 413
69 95 38227 435
50 3 83396 206
59 33 14312 288
61 100 11125 10
96 21 25794 55
90 97 29713 283
55 88 16540 27
34 37 17247 65
71 52 5425 81
99 29 16763 121
63 99 5252 320
86 62 2939 474
47 8 9545 85
85 43 35066 662
55 26 95064 107
66 90 1928 394
30 20 8818 122
87 82 11117 163
28 61 26320 92
69 66 71786 169
26 59 9450 41
44 67 255108 140
20 73 14949 54
90 52 30656 208
11 77 7844 1027
10 78 69622 459
89 82 118009 97
79 71 12500 82
65 62 56949 81
5 86 31778 226
98 47 40678 179
90 85 24637 552
42 36 24173 692
57 33 23781 251
41 89 9477 42
93 56 21486 83
16 6 14075 185
36 28 93438 74
95 23 7530 214
90 62 7832 519
41 95 51279 231
39 100 20654 102
82 84 33585 80
6 98 33349 16
43 36 16569 28
20 78 4328 201
1 91 3678 210
48 89 153067 107
87 2 220541 669
79 83 8888 217
97 24 22307 108
75 20 6712 37
55 17 4036 316
20 92 15217 417
68 52 33401 142
10 34 5107 181
64 59 4230 602
87 35 67818 269
13 64 42697 32
59 96 37325 770
12 17 23694 367
41 34 51500 386
25 98 15030 63
42 99 28196 120
34 2 312297 267
44 93 42115 55
8 56 57357 355
32 68 39072 81
54 13 7508 209
56 55 210070 333
67 41 8366 199
51 4 45904 393
41 2 43178 1403
52 68 9938 48
67 32 399948 113
82 35 38455 51
45 52 8497 402
78 45 5064 341
88 67 38678 350
58 51 62657 124
89 13 41327 95
51 61 32548 216
15 25 41483 199
47 31 17672 154
62 88 9102 455
15 96 24251 136
93 91 32927 97
10 58 22007 141
11 97 9394 226
82 85 27623 710
78 5 37960 792
23 68 15650 39
3 45 17602 382
49 36 13051 183
58 63 31676 453
42 16 5087 318
62 84 7120 138
11 1 34644 55
2 66 14965 126
45 49 40153 353
65 22 7149 276
50 85 18038 38
68 8 21280 51
53 73 26345 435
17 74 10944 408
1 99 13071 85
20 60 30969 259
39 51 15828 124
97 47 46019 526
88 97 186645 175
22 20 81581 90
52 92 13352 139
62 21 28719 55
14 8 41146 91
68 48 29714 61
94 58 48265 538
1 77 31897 253
18 56 4266 41
14 75 22542 136
44 36 38648 384
100 17 24792 102
82 27 46149 44
94 74 46323 757
6 79 33164 43
28 74 9587 229
3 62 93457 22
22 9 13286 214
43 58 29564 105
63 60 11378 13
37 3 139660 42
67 45 51897 28
52 48 79307 24
75 96 13129 75
86 46 35763 479
80 73 44654 129
55 30 51375 133
52 27 3945 592
59 67 11000 213
91 80 15964 67
23 17 31710 59
93 33 92687 453
23 2 55987 835
5 43 21021 70
21 30 9159 105
79 38 4735 313
32 88 2372 80
37 63 17260 117
1 59 20975 193
27 12 71521 107
69 8 46165 93
34 33 23519 229
95 44 9483 99
7 32 96725 53
86 25 163303 183
27 19 25533 91
13 2 40751 716
80 63 18504 181
6 41 36089 206
19 92 131612 92
95 77 16833 63
93 47 58173 158
80 29 8641 135
35 26 13027 272
26 14 32501 158
70 1 135719 77
66 46 86298 130
79 33 11999 116
32 74 23128 1291
35 41 16360 70
49 88 56795 99
55 37 16993 38
7 90 9318 191
74 98 61909 77
18 3 24323 496
63 11 350961 300
45 37 31435 229
94 36 9461 310
41 37 7596 229
50 12 22925 534
44 14 20152 30
95 33 165011 266
11 64 15505 224
80 36 24891 37
62 74 12450 348
87 95 27505 77
6 7 14844 59
21 36 6349 457
39 92 161081 71
8 59 3615 300
68 27 8771 310
22 39 67775 120
86 48 81369 185
88 38 48277 108
13 26 60700 112
38 97 28273 32
45 73 97149 127
71 64 21171 169
97 63 105478 290
94 30 89322 87
22 91 75837 861
66 70 163682 329
9 98 114192 200
82 6 28581 68
41 1 14170 129
60 69 28262 179
51 24 40360 105
27 35 5637 107
50 2 31498 182
5 41 20725 75
50 38 26256 287
71 18 20983 186
91 88 19293 577
93 43 7321 515
40 26 59058 190
27 79 24010 357
21 28 19877 721
10 60 17649 281
25 22 29287 97
25 38 10369 197
33 40 7545 611
69 47 7031 333
19 91 11910 109
49 32 25894 434
45 16 19540 33
36 64 54505 23
12 87 6754 111
10 69 38622 11
30 33 8318 107
58 43 8621 174
83 74 11437 294
2 57 6207 158
90 27 23314 428
56 76 12866 1776
30 37 15822 380
59 27 78038 1428
3 36 84262 465
32 39 22058 486
53 16 54831 211
15 57 28069 38
9 29 25189 144
55 93 16894 334
7 55 31334 190
28 6 52478 62
84 54 7262 523
42 11 22428 69
80 52 24325 240
90 100 25806 5210
49 12 341577 144
79 24 5109 217
82 9 20066 448
1 32 65345 23
66 1 17216 342
49 57 27828 174
20 27 28481 45
25 12 6243 409
74 94 9330 8
56 92 39597 306
37 89 80131 343
5 99 19660 210
74 69 22643 341
74 70 2650 25
46 87 2451 499
5 11 25764 26
5 54 28717 195
2 28 6057 125
56 17 24729 156
18 91 19630 13
61 1 32901 231
5 12 17191 32
94 81 24997 241
60 4 19383 512
98 7 22941 249
61 95 14483 684
95 31 11382 152
64 31 23008 298
52 84 4486 23
71 53 39367 483
3 8 35903 205
46 24 61790 305
28 96 15115 37
4 95 83696 100
100 74 8390 40
69 38 12637 566
10 84 12523 353
45 70 10092 118
30 10 33859 221
83 14 18700 25
3 95 45709 261
11 95 15142 192
31 56 51642 208
17 85 7188 707
93 29 17837 214
22 99 144735 55
11 81 58835 834
49 68 42695 78
76 92 13636 72
3 94 16999 95
68 92 3933 324
93 99 13189 253
65 20 18138 132
32 4 39157 167
76 69 11479 58
2 94 20853 389
15 62 11656 445
56 63 18474 291
42 64 1666 48
68 67 7953 53
53 47 11969 216
74 59 27551 153
31 100 11404 305
13 38 17892 71
89 55 83133 164
86 45 18091 182
57 85 37665 71
23 42 4243 319
62 35 6785 376
46 51 35178 186
43 78 46274 766
18 9 20405 300
20 14 41582 99
52 28 17011 28
99 37 16972 75
22 81 14780 116
95 7 8372 226
41 33 4269 126
31 29 24954 61
78 26 2392 18
41 60 35653 74
39 52 123343 137
76 62 159106 134
62 96 9177 688
84 28 52815 216
64 1 5476 143
55 20 17255 145
21 51 17833 154
30 96 8543 582
15 45 26583 745
74 62 24080 65
89 2 15210 551
11 34 18829 373
31 1 17200 182
93 13 28061 52
11 84 104689 374
33 2 14650 125
33 83 7105 208
64 50 33049 147
85 39 5929 172
83 35 13902 128
51 96 3154 78
37 17 19361 175
58 81 23941 75
29 20 9988 57
66 16 17211 90
41 9 64101 1029
25 79 70523 215
40 43 10298 167
58 56 17492 303
66 20 5302 372
41 67 7809 665
39 12 56744 35
77 11 18625 51
41 68 13133 245
22 95 27628 325
67 84 14382 1446
46 50 41295 387
4 300
41 180
93 45
38 346
36 45
20 520

10774777
