100 499 3 3
23 22 33751 84
23 61 38533 126
23 77 28732 752
23 78 56221 776
23 40 39238 942
23 20 26324 524
23 3 23768 196
23 97 87274 50
23 83 66563 40
23 40 2292 765
23 74 166024 27
23 93 23940 294
23 37 41484 124
23 41 79629 164
23 87 12632 146
23 65 25574 491
23 6 22175 255
23 96 28786 20
23 52 3546 217
23 75 54076 633
23 32 27254 124
23 64 6514 440
23 52 62347 97
23 64 30136 127
23 35 52337 50
23 32 94895 423
23 96 57361 117
23 38 23375 63
23 87 15329 207
23 48 10658 67
23 41 10740 179
23 8 12490 15
23 88 33198 66
23 40 8070 69
23 80 9153 149
23 68 13400 1576
23 18 3262 380
23 9 12519 51
23 35 44697 208
23 80 31107 119
23 3 6423 35
23 63 13297 52
23 74 45593 211
23 36 12143 73
23 5 9301 207
23 89 11913 77
23 55 17220 83
23 39 50686 152
23 89 19876 83
23 95 100245 262
23 100 19215 65
23 1 20579 110
23 68 2828 93
23 12 9224 57
23 42 43783 304
23 53 3481 118
23 47 6661 66
23 37 4670 347
23 64 4235 171
23 93 11481 90
23 58 2789 744
23 86 31932 509
23 7 45549 90
23 50 49014 57
23 12 20376 82
23 11 38685 439
23 2 4141 1095
23 15 43635 59
23 54 25310 412
23 46 3379 74
23 12 14496 516
23 43 8015 863
23 28 15555 122
23 15 246942 223
23 38 12052 2388
23 28 60893 61
23 80 145579 120
23 24 14594 62
23 37 15426 121
23 67 30870 220
23 71 66432 41
23 73 50482 120
23 6 17875 164
23 94 15736 125
23 66 33833 461
23 99 14321 153
23 31 98927 260
23 69 7363 133
23 69 45447 90
23 75 12150 158
23 81 29557 227
23 14 53257 76
23 90 28180 29
23 33 13270 87
23 78 53569 197
23 80 8705 128
23 9 12849 148
23 93 10177 27
23 60 16533 55
28 56 18713 328
42 15 19861 140
45 11 16993 67
74 36 35734 309
27 5 32234 172
40 34 11905 253
97 79 24775 51
29 71 3295 72
69 67 7543 97
27 20 110504 349
33 67 248269 463
9 1 22167 223
88 16 16294 17
40 37 14234 524
98 73 10777 844
74 28 4073 286
41 69 20677 202
75 24 34973 323
91 95 15787 160
42 44 30180 72
33 21 62194 47
63 20 46783 345
49 100 42265 65
5 62 31265 1280
92 2 11866 22
56 81 34726 342
100 10 10894 231
46 52 38291 501
55 12 16250 286
61 73 13038 113
43 34 53332 269
6 28 5519 303
30 64 12723 50
44 4 14058 176
63 41 39122 176
8 90 39357 90
2 39 5623 122
78 43 29157 425
18 26 6300 110
18 59 96082 82
54 73 13633 932
28 7 15773 456
52 6 29317 97
33 38 21447 197
24 52 23216 79
16 21 5812 40
34 68 8243 254
93 37 8261 214
68 51 71837 1297
28 48 39725 152
14 72 247791 269
62 47 4822 90
36 99 22430 1312
95 13 30847 523
5 38 5942 33
95 49 37743 410
33 22 7037 1218
69 51 19624 57
59 28 62206 131
17 46 9654 77
20 26 155170 325
7 70 10545 29
26 15 25902 316
56 95 45567 513
72 6 13588 226
9 27 38239 90
71 73 20663 281
46 53 42734 1936
18 29 45869 187
87 90 38399 122
35 96 4443 186
39 79 27745 42
16 88 68452 225
66 31 9376 154
9 46 4456 113
27 90 28780 60
81 23 17889 263
98 30 7763 55
10 20 32669 413
73 95 9158 45
18 46 6950 341
29 54 3470 816
75 59 45900 67
98 20 22799 272
81 9 7064 55
35 73 84048 65
60 53 16194 314
80 76 30869 197
91 2 121863 251
84 21 9426 416
55 66 14120 153
35 86 7744 91
42 69 12224 316
32 22 44290 262
72 18 113576 264
85 58 38792 114
89 17 19219 63
72 28 5471 114
89 20 10161 1718
33 8 15479 148
39 50 6608 37
54 60 5388 141
15 13 15643 218
94 58 32679 334
55 24 37627 561
30 33 5287 137
12 4 16783 604
64 67 53195 31
98 32 37858 80
12 45 40233 1044
71 77 5492 660
50 1 4472 377
29 10 5892 1005
76 53 61119 984
15 33 22117 144
27 78 10304 162
56 89 18600 266
7 11 120520 216
99 37 70153 809
16 18 30587 207
65 98 41608 488
36 29 7917 526
82 87 8345 270
97 17 39017 465
37 86 21744 153
35 29 4067 291
50 54 33512 522
79 58 5183 289
25 51 15902 152
6 51 15758 74
42 85 66142 178
100 67 24339 97
81 31 13251 110
82 96 83379 43
3 29 5187 371
54 36 17179 95
35 61 9284 256
72 31 118245 903
90 23 22807 831
95 69 22597 289
86 79 38110 66
99 82 49156 84
54 85 4737 251
45 49 37108 46
80 95 122366 39
71 11 37441 220
93 77 114051 423
77 82 24182 206
34 75 4488 56
56 91 12150 407
78 9 33872 113
81 58 18759 315
72 75 49420 84
53 51 2059 87
8 15 47341 40
41 19 109574 128
93 51 9634 203
66 55 176216 38
75 28 79240 132
10 34 10675 122
48 59 179068 103
1 10 9286 154
81 66 32419 272
95 55 6454 216
88 2 9063 138
21 99 14639 220
56 83 11610 72
16 86 137159 327
44 66 10346 73
93 89 22418 43
6 17 23137 397
85 36 17792 576
68 13 28439 35
57 79 39918 788
37 88 566723 27
17 94 59520 307
55 27 57244 94
52 57 18429 602
14 45 24618 57
37 48 3925 357
89 66 35702 187
97 95 25854 139
83 58 65520 360
39 14 28684 32
88 70 18577 51
57 31 28666 533
30 67 4954 19
21 80 34553 106
16 100 180100 100
78 23 47958 278
5 69 8067 100
66 89 21216 179
10 81 62803 132
65 25 28720 613
64 89 6051 106
21 6 25844 50
94 62 98082 84
44 94 13411 72
41 9 37142 81
21 61 10429 639
55 1 29665 99
81 22 43249 225
65 72 46731 131
62 64 15990 65
42 68 120287 332
47 68 41871 57
79 15 39379 112
64 43 6993 81
95 89 19317 509
38 39 124278 562
47 21 214261 113
29 49 9314 115
9 25 11665 95
94 71 10491 462
43 88 3746 185
74 61 4490 186
82 18 53791 60
73 24 22824 326
74 23 22671 321
24 94 50361 264
59 69 8456 62
53 32 5320 14
32 14 33580 474
7 49 106482 280
28 97 52410 250
91 51 11057 138
35 51 6830 63
91 19 16506 283
58 92 67198 296
92 85 6929 154
32 87 13859 166
73 90 29574 345
30 44 38049 60
87 31 36844 293
61 8 24734 327
80 18 25984 328
44 2 8174 65
43 20 16560 465
7 27 10922 226
88 63 12010 104
29 59 29603 92
2 93 7034 234
83 3 9955 257
54 99 2303 359
7 45 27021 178
86 76 8948 435
69 64 6227 124
16 39 45769 149
16 87 38838 535
96 68 9211 43
36 62 9274 124
30 38 22529 45
72 51 7103 86
24 7 24247 154
87 73 39239 102
52 41 169411 211
31 14 19612 82
100 38 7378 41
26 19 119669 222
45 28 7791 84
37 40 23456 35
87 47 24595 233
60 31 22179 531
68 4 17567 150
38 58 13209 117
46 66 38875 54
77 49 4157 1041
25 84 54010 1178
60 61 11076 91
81 43 20889 687
69 8 17996 246
79 43 26457 751
27 31 10909 168
20 94 30954 902
4 16 18201 238
69 42 55283 388
73 78 61880 205
12 16 17596 1323
33 12 19829 182
15 17 15257 263
20 75 27048 247
79 48 10079 240
61 65 17593 294
7 91 32884 61
50 55 32209 45
62 23 28549 358
62 11 27581 37
72 65 52029 474
33 88 74150 264
15 47 49051 226
44 1 46714 303
19 75 7853 97
28 11 52724 321
9 36 10185 243
77 91 7473 249
79 22 8516 615
99 24 48385 201
21 76 20046 546
38 95 9148 89
52 86 34584 1117
69 2 120087 118
82 25 33008 172
98 75 159472 366
8 98 10523 112
1 29 64498 330
79 78 13551 612
13 82 114840 907
40 98 151789 58
2 60 32146 153
29 69 36718 383
58 41 30308 779
69 84 70676 96
13 90 10322 53
95 28 17655 154
20 68 38199 171
45 62 101921 562
94 80 53561 902
41 97 52196 290
41 79 3463 750
67 27 47366 84
59 75 8148 20
4 68 27576 27
58 87 3297 67
94 84 9389 404
75 7 2924 55
92 98 1538 268
1 51 5001 172
42 92 11110 82
73 36 3500 417
91 25 9019 639
5 9 7131 544
12 51 130998 49
99 34 12874 168
51 3 4430 17
66 52 8968 314
56 48 72034 259
85 69 104423 116
17 2 85721 261
28 67 78198 49
47 80 37123 155
95 66 8568 107
15 85 7320 39
8 5 216417 192
61 35 14412 245
91 1 129216 61
60 82 22944 49
86 43 46204 352
8 99 10387 350
63 15 6585 62
31 43 13891 480
68 7 65746 485
11 58 115908 83
17 56 11481 695
73 67 137711 470
5 72 10148 292
32 3 14661 3984
67 74 11841 1122
35 87 7669 259
30 75 25324 115
67 49 51709 139
12 32 17977 80
2 83 99501 120
2 22 117434 52
19 99 6308 37
35 25 9309 69
26 22 20943 338
5 87 7497 66
56 94 6989 44
31 22 20172 972
69 59 4398 202
56 80 21593 898
52 28 22314 158
66 42 55828 92
41 100 26153 152
78 6 20322 21
35 99 4099 171
59 44 73329 381
11 59 14307 764
44 62 8142 371
31 91 39407 413
94 41 4237 206
53 6 13082 413
61 25 11954 763
59 43 12091 109
82 69 26403 719
51 19 76025 143
91 63 7332 208
30 6 71616 130
38 66 33772 19
15 52 10979 58
25 65 23609 62
67 40 33843 77
98 10 2057 166
7 83 32527 110
11 12 8970 316
6 15 84572 61
89 31 16816 314
91 80 5166 445
17 57 45272 136
40 57 66548 200
23 495
35 981
91 40
51 494
69 1409
28 232

59985682
