100 499 3 3
100 64 16566 26
100 35 9080 412
100 67 27280 551
100 13 26147 68
100 46 9129 170
100 6 49657 81
100 74 19052 225
100 70 2940 78
100 10 6100 218
100 73 42992 44
100 60 36624 341
100 27 4246 124
100 9 16051 139
100 16 11575 86
100 63 15697 59
100 4 57899 53
100 95 10572 84
100 28 24679 120
100 41 16835 242
100 18 8316 113
100 90 82707 37
100 93 61436 40
100 5 52720 2528
100 56 23335 80
100 82 18388 892
100 22 76020 25
100 62 34865 56
100 66 102024 117
100 83 45454 228
100 52 8145 210
100 50 11125 183
100 51 105633 130
100 49 6700 376
100 57 295968 19
100 84 11596 272
100 3 4938 71
100 17 8099 66
100 88 18844 345
100 97 97368 360
100 65 15728 279
100 92 13300 421
100 47 44669 295
100 19 25776 909
100 55 17489 100
100 89 13311 361
100 99 19034 35
100 39 2543 282
100 53 29869 246
100 76 25164 195
100 32 9254 194
100 24 36774 502
100 36 25927 32
100 15 12648 214
100 78 39524 575
100 68 9260 223
100 38 66676 403
100 61 11740 732
100 40 63822 164
100 81 34621 236
100 71 21811 137
100 58 9802 52
100 94 87777 113
100 7 13123 112
100 34 16486 43
100 42 20432 457
100 80 19628 75
100 43 9215 259
100 12 7113 610
100 98 15744 140
100 20 26337 400
100 26 18371 410
100 85 29522 599
100 29 33638 84
100 96 734 34
100 72 50306 699
100 91 21952 274
100 59 6084 13
100 30 14426 49
100 31 90291 88
100 44 8790 144
100 69 37927 494
100 48 37418 66
100 33 11139 145
100 87 52103 132
100 8 5511 63
100 1 13230 360
100 37 32122 154
100 79 11873 146
100 75 5146 47
100 2 46721 205
100 23 21455 91
100 25 21326 95
100 21 31783 108
100 45 34902 52
100 77 58103 41
100 14 48723 37
100 54 2754 178
100 86 10150 150
100 11 17883 695
55 79 26125 88
17 36 21700 60
30 2 4998 189
43 62 43322 80
28 9 20112 85
85 59 14625 353
75 16 20407 48
90 37 7796 532
44 39 45537 75
30 83 26638 323
7 52 33410 599
80 17 72603 22
25 72 66570 39
44 51 6018 526
36 65 1355 81
37 16 8977 40
19 90 27665 111
57 13 16604 138
18 1 5928 56
88 37 61060 218
15 57 21062 82
5 1 34329 136
65 23 58307 180
38 21 18790 333
56 14 18924 170
21 73 46400 483
24 86 10011 59
96 22 75982 265
32 26 25255 87
19 48 38726 193
93 17 19206 37
22 27 13597 21
55 64 9749 58
74 88 24793 217
19 18 77441 108
12 3 5640 430
97 44 6153 220
92 67 40841 880
52 46 40795 55
11 92 8876 129
99 61 86076 95
45 10 22098 46
63 4 2495 771
50 60 13492 264
98 99 52413 229
21 25 8070 433
43 6 2624 17
78 31 14297 184
74 39 24736 113
47 90 71657 189
96 84 27059 69
45 23 24815 139
84 25 27076 102
52 61 87835 171
22 68 33427 65
62 39 55782 111
25 55 26047 802
43 92 211828 299
16 25 35833 182
64 25 5260 225
9 58 70017 51
1 44 20408 1146
9 43 9425 209
89 96 27166 33
28 73 37586 183
76 61 10428 675
19 30 1778 282
42 98 19492 26
47 82 12503 66
85 35 20813 289
88 7 31668 38
24 89 23016 572
32 75 86070 52
4 64 6723 230
79 47 19897 1050
88 23 426 85
81 26 18893 210
89 17 22453 109
84 9 57793 351
54 61 15776 70
61 45 34961 221
6 2 25442 189
38 97 102281 299
63 69 20577 83
9 72 29722 875
88 46 14390 323
54 51 67417 519
85 74 24469 80
8 7 13369 163
96 92 2365 91
49 92 10505 29
90 97 2621 221
17 67 15960 58
37 23 11751 172
52 91 27361 15
20 24 8145 12
48 5 12432 272
11 71 18902 112
77 24 12647 108
70 42 35323 202
23 65 63257 356
94 70 32275 293
84 90 14852 114
92 35 21595 30
26 15 37970 992
74 13 27168 496
64 28 31589 191
46 92 20080 442
90 96 38635 175
8 13 22626 321
64 47 13147 186
84 69 6493 250
76 51 1069 49
24 85 91140 195
97 96 10952 187
23 56 38423 99
86 34 8857 208
19 89 3572 172
67 45 67438 34
82 30 10967 42
38 54 53811 75
61 12 192874 409
64 93 7999 251
83 80 15805 290
48 79 36125 109
44 45 60191 37
42 22 8397 96
36 34 63301 74
48 25 17363 131
87 94 14930 535
3 78 4824 153
17 15 9856 287
50 14 24557 108
10 13 11223 354
37 62 6261 78
33 49 84278 13
37 11 9057 463
32 83 12531 78
61 27 10078 127
25 13 33907 361
67 87 39245 130
48 31 48049 219
40 24 41598 23
99 35 40033 362
79 46 10367 172
37 100 5757 107
82 4 28076 76
80 76 27232 714
5 7 15014 139
10 33 158047 64
83 60 4535 623
63 97 3251 45
32 47 55814 2292
99 16 89017 84
56 21 2810 156
94 54 43301 218
5 70 13774 41
87 30 63175 545
95 11 2091 383
84 77 29114 284
47 3 64596 191
18 74 1746 119
78 55 6343 48
95 31 7904 508
82 26 59603 39
62 17 72631 656
62 40 26000 127
75 90 18235 129
73 15 4251 189
3 98 3326 122
91 78 14069 157
4 70 75936 227
4 92 54366 193
82 32 2218 128
18 97 44135 114
1 85 11833 101
90 66 36294 90
81 62 10855 425
77 5 39965 184
62 43 37085 52
41 15 11311 120
63 94 13368 213
20 10 35370 238
69 68 5759 134
9 56 276856 14
80 4 55041 411
2 82 40642 45
85 54 6650 100
5 18 15040 270
50 85 76088 95
1 74 86961 61
33 39 17443 267
20 31 100865 610
10 37 20284 179
95 69 16680 277
51 52 22039 130
89 46 15275 91
5 28 53424 406
67 34 42225 67
9 6 2838 103
41 48 69144 260
50 71 20500 68
22 86 4323 65
26 68 18207 79
56 47 32476 529
26 22 34847 50
18 27 168262 181
20 82 4264 8
31 12 18949 54
38 63 100115 83
61 82 34434 244
78 69 9083 184
6 99 12856 123
44 8 14085 140
24 6 3551 547
16 22 1373 324
33 14 33841 172
21 2 102917 3350
5 73 8694 170
64 50 9164 648
95 59 54027 91
2 8 24488 97
83 53 17576 81
66 37 42624 37
25 76 24488 184
40 31 32499 75
25 90 9376 26
61 41 26559 91
91 94 21549 214
28 7 16772 1136
79 72 15928 157
23 15 12696 188
96 64 31366 47
27 96 85877 46
84 55 16747 394
64 23 66341 51
49 98 40924 127
62 51 9862 111
31 81 24906 89
39 78 13398 114
36 50 31624 168
9 29 17488 204
16 77 65572 57
95 100 52999 70
55 15 3793 111
41 81 15895 103
18 22 29501 75
75 70 39764 948
21 46 7971 871
7 43 67815 32
88 2 61762 158
32 82 22691 137
15 28 18112 128
3 86 11117 956
59 6 8037 58
78 43 17521 368
19 65 9054 654
45 33 3214 53
18 38 14439 305
28 91 103296 37
95 92 17037 41
91 86 20468 70
69 9 13957 193
14 45 52644 397
24 54 28419 1597
81 57 7763 61
41 71 16238 18
42 89 37551 81
63 83 8897 55
27 64 13922 197
56 73 4132 69
86 37 18266 382
85 7 14262 318
29 23 99806 458
75 7 4751 85
67 86 20818 19
62 79 13524 37
69 8 23220 64
78 53 11024 135
11 75 44976 119
2 71 37626 1304
25 65 5538 42
17 64 9127 428
59 95 114043 179
96 82 14250 104
82 51 29420 106
88 10 32084 187
24 17 18696 102
57 14 71967 339
79 7 6226 279
24 35 7586 276
76 49 63788 278
33 79 94631 114
61 66 39088 1262
61 14 17578 226
3 99 15747 448
54 94 22845 89
90 15 123408 76
65 66 5029 1102
42 72 3713 71
94 24 12025 369
90 63 35463 662
48 93 22957 46
87 24 48672 747
99 25 6033 75
44 30 6470 119
25 58 383705 153
75 35 36171 178
45 31 51559 41
27 12 21001 415
90 100 10146 218
99 24 59780 281
61 76 3406 478
2 13 37196 33
12 59 9245 30
15 46 9121 165
46 100 150489 51
21 59 260433 249
19 25 29176 142
37 14 10379 368
95 67 32547 173
93 34 48984 410
10 81 57989 222
30 56 8043 325
35 52 40319 146
41 99 21129 46
71 2 47848 158
82 23 104995 145
55 47 9556 35
98 54 17677 79
50 28 50793 69
27 5 36980 118
31 70 30853 431
68 57 8236 307
28 86 18651 45
46 26 9390 214
58 97 92799 378
85 63 5893 33
38 70 23147 51
23 46 23358 119
94 98 27111 248
96 90 11805 479
87 43 13831 55
59 14 20289 588
89 68 83291 141
61 93 2033 124
71 30 23682 542
21 38 23023 233
58 44 48917 279
72 39 16130 35
18 13 17110 452
76 65 34957 198
91 95 10137 462
26 2 105443 145
70 78 29404 205
67 7 22186 196
75 37 23287 248
50 73 61983 27
83 4 96634 183
48 71 45959 18
47 28 19920 45
62 100 32942 697
37 10 17456 127
27 55 7633 55
35 34 30509 454
9 50 5674 177
12 48 23669 131
89 97 12437 32
87 56 92683 139
44 34 92751 182
16 13 37316 197
64 7 11940 145
52 74 9757 131
70 81 14948 275
66 65 52483 724
34 17 14076 38
65 29 12970 143
32 98 17649 65
29 38 18906 190
22 24 35054 91
18 60 5645 95
44 64 12850 88
55 45 44508 39
28 6 72069 31
4 93 46573 392
33 7 5577 367
51 47 28062 507
46 72 52892 516
39 19 25024 108
79 19 15190 107
2 28 7686 668
27 13 16538 167
71 59 3196 174
11 58 6475 335
98 82 33968 14
31 66 23209 164
32 14 88188 257
54 52 23949 80
47 49 3770 67
70 63 176000 212
100 2673
61 18
18 72
7 1906
13 558
14 254

87924537
