100 499 3 3
76 80 5055 615
76 14 235921 198
76 66 4065 25
76 16 56696 224
76 37 17807 329
76 67 9526 112
76 35 7480 40
76 96 28194 98
76 22 41733 87
76 25 15156 171
76 28 3826 127
76 37 21956 35
76 57 19453 63
76 13 11815 71
76 44 6446 262
76 49 26905 246
76 28 12165 47
76 26 64704 176
76 97 184601 14
76 44 28990 80
76 29 5163 75
76 100 33597 249
76 54 35629 145
76 80 4912 263
76 47 17011 199
76 70 1269 233
76 77 11356 78
76 24 24782 183
76 39 32742 53
76 22 47075 1157
76 21 6715 483
76 51 25757 581
76 18 15501 136
76 88 22557 82
76 14 5769 208
76 24 35141 963
76 4 12670 294
76 62 49590 67
76 4 20561 189
76 65 41841 69
76 62 10719 47
76 51 48992 82
76 100 132020 45
76 93 194606 20
76 18 12731 269
76 73 524993 64
76 18 4984 16
76 67 22277 140
76 17 13023 872
76 17 105044 150
76 55 10475 128
76 60 16769 48
76 90 9169 40
76 49 49065 43
76 29 69995 651
76 13 27685 403
76 22 28242 393
76 96 13566 111
76 55 36617 81
76 86 79739 55
76 39 89790 996
76 3 47413 196
76 88 32993 36
76 32 8903 992
76 37 95493 467
76 86 17118 142
76 33 17620 152
76 64 59693 229
76 58 10408 272
76 64 28096 229
76 70 17877 105
76 85 24664 173
76 50 13629 92
76 39 11307 58
76 88 9495 21
76 79 10245 232
76 67 34384 382
76 60 82868 195
76 52 69051 497
76 11 18498 33
76 66 13350 1547
76 72 11037 385
76 61 102021 355
76 72 190508 1786
76 79 10321 179
76 62 15208 336
76 97 11834 9
76 16 5337 415
76 24 61390 160
76 95 27125 23
76 51 10442 686
76 57 14414 54
76 97 20046 232
76 54 25910 797
76 43 33754 39
76 25 10059 177
76 67 38008 227
76 44 13043 445
76 31 102366 127
59 62 3803 99
27 90 27343 14
49 61 24079 681
16 13 21177 128
41 33 90565 268
28 19 17058 265
57 82 4216 61
58 54 10118 126
93 42 21392 151
72 29 13419 90
29 26 11455 302
28 29 63735 214
56 47 13910 95
75 77 16271 127
11 68 5367 18
82 32 17579 96
98 83 32992 128
49 92 9170 108
22 54 62632 225
28 42 10182 113
55 38 19514 20
78 100 21155 68
80 31 10942 30
80 37 28422 114
48 19 48561 511
37 92 25575 356
1 44 26944 324
14 99 64436 1064
88 24 14435 108
60 44 69451 297
13 98 62716 38
88 47 33854 121
62 17 33449 108
66 86 63216 148
40 100 179531 84
45 13 75273 801
89 94 9216 135
54 94 5158 26
14 34 9060 105
25 6 16890 179
37 82 17040 185
34 69 12497 2205
27 25 4357 1128
11 63 89258 109
77 87 11510 96
11 75 34449 51
28 53 32227 44
54 83 83352 98
41 58 21555 813
89 4 57436 65
41 39 33403 73
23 40 16420 39
9 72 27484 63
55 56 25080 193
76 89 12300 304
4 8 22568 175
53 4 6387 32
43 46 37154 210
7 92 9651 159
14 84 9223 226
59 9 10809 1017
46 23 8823 41
11 93 4192 72
45 33 154308 31
13 44 8034 546
38 36 50927 34
40 2 14521 133
16 31 15264 492
66 62 63411 104
4 51 38651 69
19 60 8912 193
40 20 43531 287
23 14 8914 23
75 48 68373 131
79 61 62783 427
69 93 4203 530
64 90 27103 368
40 10 4457 728
64 14 9334 345
57 6 40238 194
93 53 37016 22
13 42 29868 205
73 86 54224 218
32 56 13457 173
7 31 70118 56
17 75 16838 31
8 19 15705 196
84 60 15511 93
39 64 108998 337
4 37 81694 90
96 14 28259 537
81 51 11916 44
87 75 30719 78
62 73 39834 2588
36 58 10097 133
34 31 36603 748
25 7 64154 23
82 89 48126 72
33 62 2823 588
39 100 22393 341
15 29 20394 218
90 81 40537 61
38 48 8589 94
50 53 21655 383
24 72 30898 95
45 85 5317 270
77 24 13769 155
7 34 16865 154
82 35 46509 205
8 72 120857 40
38 15 26107 109
96 53 6978 25
45 53 178423 68
1 71 136334 42
31 53 29487 21
81 87 21425 278
11 29 18467 77
71 1 11425 554
91 1 26193 40
24 61 31055 356
8 43 30645 206
96 49 9552 454
47 62 20760 962
95 4 47187 213
82 68 28324 78
16 14 13838 67
67 97 29017 64
30 80 103945 113
79 11 43202 44
28 76 11120 50
51 94 28033 92
60 8 36418 146
15 71 5226 55
34 61 8668 170
84 18 86710 686
30 7 11281 69
87 42 4285 241
46 43 65107 107
94 93 9392 479
97 29 51841 821
77 94 18796 33
49 62 42667 84
74 93 86878 127
79 55 9157 188
34 63 15305 201
30 29 18598 244
95 6 23407 38
71 84 11402 20
97 82 15558 188
62 32 12569 204
21 12 18060 96
23 8 31155 1166
78 11 6014 163
93 96 17469 116
79 75 65650 155
17 100 22787 186
56 55 16196 1243
68 40 234460 90
65 47 12700 230
2 77 36126 67
6 77 72992 257
91 65 20368 417
44 2 42181 565
44 60 13076 27
98 26 56681 92
45 75 13538 137
46 50 18204 271
20 100 35666 231
41 25 44557 176
21 63 26158 511
60 90 73262 199
29 41 3483 261
85 100 10744 49
71 77 10425 69
89 76 38266 115
52 99 10614 105
92 14 8313 136
80 12 63866 8
46 16 51431 79
65 87 160105 119
59 27 6252 149
66 98 39211 136
25 58 51506 271
5 67 17084 619
52 16 24732 270
75 66 3670 518
58 75 4802 328
89 58 22541 92
50 73 19261 35
70 30 66755 39
97 41 14486 81
36 57 36968 77
93 37 21537 49
32 9 68524 75
38 14 17406 57
71 45 33282 198
80 36 20175 64
100 46 35575 190
38 46 15030 25
50 13 37015 115
9 76 119196 50
55 95 62149 80
72 42 7587 40
4 59 11114 59
54 11 27608 218
59 11 237687 186
85 72 11426 330
44 18 21335 97
89 75 188929 36
74 23 118297 60
4 73 35584 188
71 24 10453 342
77 11 26021 39
31 67 21339 505
67 80 250120 353
62 63 95377 13
11 14 22449 183
71 86 17954 310
15 66 7283 406
97 51 41292 51
82 90 14655 100
16 35 8284 76
5 97 86941 130
39 29 22527 326
16 70 16112 253
70 78 7031 381
10 15 89080 33
60 12 66014 183
57 30 21584 110
61 17 36992 96
65 35 39197 104
69 18 33131 735
55 5 8345 56
77 37 36454 151
70 90 18213 76
19 12 52982 470
27 70 26731 1148
35 84 57711 354
91 76 23830 426
31 42 19860 179
61 46 22947 86
56 50 31664 166
83 1 46977 116
60 6 25453 280
39 91 18810 63
60 82 30699 212
86 84 40412 31
84 63 15034 37
30 92 39372 325
18 37 8570 60
44 4 11499 60
30 38 26522 188
62 41 34979 163
100 94 72999 68
91 40 33032 209
98 4 55753 527
29 31 27357 21
85 32 9261 125
29 22 119936 33
16 57 35006 91
25 94 56721 25
59 71 53485 315
75 61 39556 75
87 96 3624 207
31 10 21486 82
29 14 27633 194
1 34 6754 290
40 54 18159 103
19 55 26421 153
95 89 29283 252
41 95 30197 478
27 59 20005 268
100 80 9426 646
65 44 16381 175
56 21 22660 108
58 61 21563 48
86 88 42811 1119
7 90 6392 157
19 90 22574 37
73 5 115718 2141
46 67 16422 196
27 28 25161 481
56 35 2587 87
18 24 12457 101
13 67 37387 166
26 14 21987 72
62 29 10182 119
18 92 20174 125
31 60 18084 311
34 98 17280 51
58 20 2627 1112
8 37 22326 317
21 29 23422 229
4 63 289168 94
40 48 16188 393
46 28 5336 629
45 70 33368 41
96 6 22102 202
34 70 61483 197
4 40 95225 257
6 58 65132 34
39 40 89026 210
15 70 8941 107
33 91 56519 36
9 83 15632 1091
1 78 22254 343
14 59 95773 57
1 37 30628 19
1 12 10071 46
35 52 47009 83
33 15 11789 153
49 99 46989 29
34 21 5969 97
78 70 31139 19
79 8 5355 83
28 18 17379 44
50 10 31911 66
19 29 56032 120
87 99 9261 189
99 53 19137 139
13 9 47009 556
96 39 227778 56
90 28 27055 320
8 81 24285 1234
62 1 33603 354
14 6 12950 242
56 87 20147 46
72 11 16725 95
29 27 57147 80
85 24 22991 836
40 36 44595 917
6 20 89531 490
93 36 22442 362
8 50 67932 21
93 6 6206 63
79 72 5700 234
79 13 6861 202
19 67 1715 233
33 97 79679 226
63 34 29703 61
84 1 11581 46
78 62 32556 42
100 12 13160 32
54 72 131626 42
20 65 50901 33
17 43 7088 60
39 84 25189 82
96 11 101876 226
17 62 3598 286
3 16 56029 67
73 69 65815 165
98 87 22096 104
31 89 96101 128
60 56 11119 593
61 44 6659 236
55 74 32975 263
94 37 23093 79
73 49 8638 806
57 64 14816 353
31 62 9220 17
27 24 9140 222
29 93 58193 402
90 82 27024 503
9 92 36949 60
11 15 56462 153
38 72 15259 292
28 43 67895 134
77 85 38871 132
83 19 18974 160
36 64 25518 130
15 74 17434 454
41 5 54860 81
16 64 44174 205
20 33 23889 322
84 76 51882 307
92 81 12991 989
39 44 47138 84
66 27 20481 1140
44 14 31668 58
79 67 5140 20
23 78 8158 156
14 1 31227 114
67 81 80903 230
100 50 110151 66
53 74 21177 76
30 22 84218 117
22 73 3420 318
50 9 8443 494
8 64 13176 155
62 12 2547 153
88 52 27428 684
59 64 6300 116
56 68 15487 53
87 84 11729 2220
98 95 20214 23
52 41 91634 104
80 87 62386 2035
28 96 15998 62
29 70 44075 62
59 100 12228 19
76 800
79 336
62 160
29 401
14 525
37 700

26450805
