100 499 3 3
5 25 127344 1123
5 60 5315 27
5 81 25233 89
5 84 50411 81
5 65 25247 44
5 52 12814 176
5 69 17437 247
5 56 8404 303
5 57 23097 198
5 72 23347 145
5 27 72070 266
5 26 4757 120
5 29 44405 86
5 50 22069 227
5 92 1000000 75
5 54 33584 142
5 88 15094 77
5 98 13921 107
5 75 17856 66
5 34 21966 78
5 14 105174 279
5 97 58154 104
5 86 43149 308
5 82 13699 45
5 46 111249 338
5 64 39491 53
5 15 35705 292
5 7 36870 460
5 2 47368 102
5 79 8870 131
5 100 23402 21
5 70 81712 60
5 19 7889 294
5 59 23219 161
5 41 13135 184
5 74 26711 165
5 35 4532 417
5 90 26340 617
5 33 27104 665
5 66 92709 347
5 37 111426 304
5 80 6160 126
5 85 24793 59
5 21 10989 64
5 63 19534 42
5 61 11274 200
5 68 15564 233
5 30 12204 388
5 71 25623 293
5 28 158312 128
5 42 61278 49
5 22 53630 390
5 91 10412 95
5 49 21585 62
5 95 17581 109
5 44 23048 450
5 9 10410 37
5 77 50389 81
5 38 81004 117
5 6 27494 790
5 87 64994 12
5 32 14747 88
5 99 13330 134
5 48 16437 125
5 78 1835 130
5 73 7602 110
5 13 18580 52
5 40 5362 419
5 4 8890 35
5 17 5005 138
5 23 41615 168
5 58 20556 266
5 10 33883 28
5 51 16699 117
5 39 114382 300
5 96 17011 90
5 16 42947 65
5 76 21784 146
5 8 47571 267
5 11 62860 74
5 83 41153 401
5 3 17899 195
5 67 20280 180
5 36 22979 81
5 47 38202 1049
5 20 18682 70
5 45 64718 472
5 55 2434 39
5 24 1955 62
5 94 15924 362
5 53 29954 24
5 93 53381 47
5 89 78336 198
5 31 26606 26
5 1 40386 638
5 12 32135 62
5 43 32980 393
5 62 27151 75
5 18 90378 40
85 10 26579 20
18 79 30072 209
57 44 17207 292
45 11 7318 89
75 86 90139 105
66 48 5877 255
89 38 18316 14
28 40 25110 677
59 93 24044 18
63 92 14027 166
80 54 65387 237
84 45 113228 191
6 51 4845 114
88 42 34035 441
56 21 19428 546
9 61 18472 119
61 100 20962 122
2 92 10637 167
76 89 23810 342
42 88 44547 345
20 90 63540 157
100 79 17316 450
4 78 5140 49
41 83 15692 1153
56 11 9261 497
90 58 24260 48
3 70 41874 74
15 60 6716 222
91 57 72101 63
71 72 2800 258
76 6 75207 95
33 2 16788 119
61 15 140120 216
4 64 35815 93
54 93 9671 58
98 80 9487 341
71 32 92122 97
41 23 11469 51
29 45 230253 49
65 68 15680 241
64 48 18735 103
65 52 26701 92
53 40 9628 166
94 36 20421 509
25 53 13340 9
26 42 14069 219
76 81 211517 105
47 55 33428 220
75 36 21522 883
61 13 12911 26
95 47 15812 401
73 95 67012 109
57 93 71268 171
71 39 32092 140
57 46 1271 90
6 84 3169 2512
66 23 99945 626
16 8 99772 160
79 85 9524 163
66 26 7574 196
31 1 27084 487
32 49 20620 150
47 7 63092 67
77 100 4041 195
93 100 51662 158
64 41 32484 201
43 39 12660 62
12 28 4835 802
63 24 99197 309
49 60 19487 56
42 38 12113 31
87 37 8487 63
19 13 42884 186
47 12 27786 133
90 16 19486 242
55 28 10377 44
80 92 46377 548
9 4 15537 118
12 63 5910 566
14 21 6158 138
31 19 46523 613
43 50 16756 90
37 63 25268 272
34 46 56958 675
14 85 38197 181
50 63 18638 812
49 41 2641 187
84 75 22232 134
28 8 11971 24
19 50 8839 68
60 66 17074 137
66 16 9834 274
46 41 46316 151
41 48 59894 300
14 47 64605 49
27 77 40678 216
52 38 27747 323
49 33 23825 159
81 8 6432 1924
37 17 16982 566
24 49 26077 122
55 42 11291 310
100 23 21305 69
10 42 8093 56
11 27 9619 308
83 27 7342 250
50 60 8024 630
76 96 25106 36
89 74 1365 146
63 35 67672 63
10 8 30908 182
57 15 22314 550
15 79 27501 61
36 14 7329 64
89 46 54845 165
97 77 44985 76
7 49 28022 324
69 84 61184 72
41 63 16682 117
10 65 10931 42
12 5 9567 282
97 37 27331 307
80 9 18213 329
28 21 45618 188
39 93 5807 146
51 55 26996 66
48 59 4551 2555
59 31 70181 683
82 60 10972 513
52 85 23875 357
4 9 10814 45
25 86 22800 124
35 58 21060 27
9 21 44557 29
7 72 17944 43
79 58 17261 399
77 98 82637 68
95 29 5770 198
47 26 12925 460
48 83 11290 65
88 37 21759 156
97 100 46512 126
10 100 5474 67
72 86 68171 110
71 1 21482 272
16 17 8442 227
88 83 14836 25
60 99 10427 444
75 18 212917 29
17 29 37819 17
55 81 13250 107
93 44 39545 234
80 32 36015 206
3 98 7168 138
95 100 75519 292
44 5 10738 66
60 6 25821 90
61 96 2339 170
91 16 94414 449
68 62 279426 113
51 20 6986 122
21 26 21786 271
71 27 24141 19
15 8 7324 132
67 30 21575 138
75 64 1590 781
29 30 21528 161
98 15 59654 43
22 1 12354 467
23 4 41679 133
28 2 30355 117
24 100 16403 141
99 33 10994 302
23 57 10733 1033
49 56 5660 1216
48 52 17722 111
63 21 38062 85
39 3 7036 552
71 57 21835 326
60 25 6925 167
97 63 12752 39
28 100 37213 122
77 2 44127 499
92 37 15301 91
43 62 60584 98
15 53 12750 220
48 9 16701 114
72 98 23012 1303
47 36 63855 258
28 57 10145 91
78 34 126316 17
74 43 93320 114
47 60 5850 890
38 55 4078 1078
33 7 6571 287
19 81 34425 185
70 92 51185 53
14 24 59231 192
25 20 12521 259
64 72 7538 351
95 6 8982 36
36 40 22575 47
44 96 85206 461
91 81 10748 339
86 27 15279 290
13 75 15373 89
49 86 15050 20
16 99 39331 259
97 75 3790 55
27 37 5450 597
84 14 18628 30
18 19 7724 89
50 31 17905 315
37 93 9733 68
43 89 18590 73
53 69 12479 87
8 48 19536 48
92 62 52866 362
58 41 53797 82
21 28 35892 259
10 23 12255 280
48 55 37060 448
20 71 6391 140
26 92 8564 368
7 18 29404 160
72 38 11820 232
75 25 14128 92
30 90 35639 357
92 56 10784 887
42 33 9778 33
34 28 11029 13
1 6 56445 434
42 10 2445 276
30 8 20192 220
82 92 10040 315
89 82 79846 113
40 19 151020 93
76 25 22361 322
14 46 24226 97
79 93 14454 60
22 59 11209 105
33 75 6975 401
13 33 133004 71
12 46 134104 117
65 56 24037 175
41 77 16730 41
29 66 37587 567
51 33 31840 94
88 17 83046 56
74 17 3876 50
12 54 3287 41
28 83 123516 57
83 3 4250 154
77 60 30948 232
70 45 7261 309
60 67 18538 34
39 38 149391 202
69 32 25593 92
10 26 2303 728
98 20 8145 230
79 63 4497 32
77 34 29616 285
64 8 7894 405
35 39 22259 128
52 95 36424 252
36 84 12095 261
82 32 58231 104
34 80 9111 913
21 83 22994 74
93 83 8497 50
78 13 128417 41
85 66 31319 550
87 38 12265 596
42 20 6279 103
59 74 26728 62
27 39 28416 539
86 21 10826 443
36 69 27639 251
81 86 41858 82
16 73 125507 104
41 96 92774 432
83 91 15790 412
74 35 190769 88
93 62 58327 62
32 40 14551 255
81 98 15180 270
83 87 38937 276
17 94 28547 323
15 14 15942 141
62 76 35986 256
36 47 42903 98
42 65 5461 105
52 94 13903 93
33 5 18589 154
98 1 89240 563
24 98 56003 89
85 63 15153 75
88 40 5915 42
65 98 343663 119
56 44 11067 55
6 22 104715 266
74 56 5767 70
89 47 24366 1331
88 80 39582 320
6 62 33588 670
16 32 10059 104
58 23 27004 427
69 18 34308 817
42 12 24544 542
97 5 7279 306
97 50 8074 145
69 25 7757 12
9 80 31484 68
82 91 135595 178
7 95 45837 138
34 33 39257 238
35 14 18238 242
33 8 19852 216
71 98 2836 559
60 90 16710 271
45 54 19270 223
79 8 33659 200
82 87 22338 256
87 17 17932 343
60 77 17769 49
35 5 47030 73
42 96 11915 192
66 39 17378 50
89 58 17564 101
49 74 16991 146
8 2 7251 217
22 7 20123 157
27 15 35137 116
98 91 8477 270
76 33 57552 89
16 37 64311 195
67 29 115957 59
43 78 30951 120
75 43 28281 93
9 99 65811 128
24 71 25581 299
79 60 8672 383
17 45 5275 28
83 49 32091 31
1 57 3821 574
33 28 19792 418
41 84 4040 549
96 67 44806 64
3 76 32844 332
8 44 22931 18
100 87 38211 291
28 70 11993 126
59 94 166119 420
62 18 6966 506
100 12 28650 220
8 89 29438 282
44 75 30623 210
26 25 60773 71
2 62 8867 176
58 56 29490 312
39 33 91762 109
62 39 15750 30
76 21 317231 82
70 40 41111 133
51 32 26294 286
83 99 17688 190
22 50 19301 590
39 67 2833 36
30 58 8810 580
80 89 38364 491
14 50 17392 87
6 41 105472 148
29 7 45832 104
38 12 8173 1398
85 99 129643 118
53 25 24207 212
8 4 24003 109
7 32 19688 178
87 26 34339 338
70 9 32777 42
78 29 10197 472
58 88 6893 131
16 62 54044 35
53 42 77432 88
65 1 5709 133
27 86 14852 251
72 61 32151 19
84 25 90232 268
40 96 9724 195
22 30 68531 35
85 6 20771 55
98 97 122698 1065
57 17 45572 362
64 21 7822 1063
49 78 6884 149
76 70 3810 135
91 74 25684 138
62 12 33175 61
85 65 37017 393
85 21 6909 137
5 693
76 24
42 80
21 203
8 363
100 167

17285607
