100 499 3 3
68 52 3362 105
68 38 49886 36
68 25 53099 33
68 19 74934 37
68 83 10311 406
68 23 20194 514
68 89 15294 165
68 3 31846 92
68 80 29377 64
68 30 14395 101
68 74 3637 108
68 38 28658 124
68 19 27398 238
68 24 3466 49
68 27 16272 111
68 86 112676 232
68 22 4362 18
68 18 34894 426
68 78 30979 437
68 69 3069 68
68 84 94325 788
68 75 53045 181
68 12 8073 55
68 24 29692 671
68 74 9153 72
68 80 102046 110
68 36 19558 27
68 49 18216 786
68 86 7816 191
68 34 19381 184
68 1 8432 329
68 85 3620 178
68 28 38396 844
68 81 1819 491
68 50 25002 143
68 5 45062 114
68 83 7744 61
68 39 80459 1028
68 52 45306 88
68 3 22775 1785
68 53 63018 46
68 18 5026 49
68 85 68460 484
68 1 17048 188
68 67 28084 125
68 18 20499 313
68 36 64725 172
68 14 46912 211
68 60 80296 828
68 53 5161 407
68 22 39506 115
68 85 8517 67
68 33 14512 149
68 91 48010 680
68 31 344163 330
68 94 7326 24
68 69 12672 165
68 3 42513 43
68 43 12452 651
68 57 26213 111
68 74 27827 148
68 57 8550 439
68 26 29826 102
68 65 13864 120
68 75 3501 191
68 6 23545 46
68 14 9489 117
68 71 13783 10
68 18 4525 56
68 7 50580 183
68 9 29847 59
68 58 84213 114
68 65 13888 183
68 37 3446 54
68 52 26232 65
68 55 8965 50
68 87 20542 187
68 45 46856 389
68 38 4538 208
68 63 6912 1387
68 20 58409 150
68 95 38821 286
68 77 9438 394
68 69 26774 138
68 86 34038 37
68 81 4258 160
68 74 29373 100
68 3 14520 258
68 73 14790 181
68 28 10345 52
68 90 186769 76
68 6 24899 72
68 41 30394 168
68 25 26583 157
68 26 14144 101
68 20 76391 105
68 85 36508 101
68 11 46271 164
68 38 21782 68
63 47 60583 161
44 28 37409 69
30 82 37892 78
74 61 14989 59
20 42 13702 54
41 43 963 406
86 45 6333 68
26 38 68905 264
79 66 17775 10
99 86 26235 21
9 65 12634 182
83 33 24698 149
56 98 47885 78
80 69 59933 1462
73 70 6610 101
94 31 52709 651
4 91 38291 15
65 39 17501 122
86 44 5167 128
48 10 17996 197
76 5 117057 471
40 90 15057 34
74 97 53896 36
10 42 135597 121
73 88 30825 42
90 54 58610 286
47 46 13404 624
81 43 18590 224
72 85 58982 157
22 78 2099 242
23 99 48986 106
1 100 50332 120
62 1 62600 99
36 99 26140 40
75 88 53249 184
84 75 11463 206
73 44 3807 303
67 68 68631 1906
60 55 97009 121
52 87 6363 203
64 74 14307 525
96 2 12450 287
42 69 4820 124
15 77 4070 829
58 36 25574 146
16 13 13749 59
97 88 18470 96
86 18 22415 2606
32 83 18436 92
36 28 77143 167
73 34 16696 141
53 78 16536 146
36 73 65401 73
98 91 87167 543
97 35 19551 477
17 83 93167 88
16 23 8850 544
61 22 55056 68
82 79 13337 410
96 78 17712 43
90 86 18116 31
77 28 17075 1727
34 77 49092 164
40 52 33925 1102
75 54 33027 99
74 55 10550 381
19 47 7380 93
45 89 137549 436
14 5 24741 200
20 53 34426 243
21 94 12253 59
10 95 27384 219
96 56 16772 108
2 18 342601 913
80 39 57959 138
90 91 47730 392
44 50 33011 355
91 11 17018 196
37 82 10935 257
89 64 2827 339
66 27 11313 149
30 24 24536 291
64 86 5930 34
6 66 135310 107
31 88 27060 143
5 22 12647 22
88 76 17865 46
36 68 71813 181
98 51 29823 72
60 72 42794 516
90 43 51647 178
63 90 4399 155
76 32 52594 212
57 29 129540 126
32 50 26381 100
86 31 41847 122
65 13 4845 12
92 43 72447 42
91 10 41105 156
57 99 15639 120
85 47 17367 303
88 84 19180 469
70 33 3745 30
86 41 22350 63
14 76 6676 50
33 69 24684 241
96 24 73932 94
99 47 83123 187
100 13 11254 258
58 57 16899 36
80 13 23556 68
26 53 35881 2576
66 14 21484 91
29 69 36982 90
62 90 119479 235
13 32 20074 83
85 66 2681 235
82 36 42672 456
21 70 54439 18
3 95 10569 393
82 59 8933 142
89 46 23503 195
14 1 27502 362
13 77 79928 93
50 40 39476 74
4 71 26333 143
73 65 12290 322
92 79 51293 40
95 46 25836 147
18 80 3519 46
66 81 395623 92
52 27 43353 25
41 30 14924 671
90 9 18005 22
40 10 12222 274
22 18 46511 70
83 2 6076 126
53 19 21779 677
98 39 4248 324
89 53 70946 256
80 41 16280 276
30 89 5138 50
55 4 31765 152
47 56 25001 597
34 97 15422 104
42 94 51364 50
21 71 6074 67
85 7 15626 106
37 50 28571 153
33 85 20926 217
7 88 47657 236
55 3 4418 152
63 53 2593 201
57 85 7816 1353
90 76 13203 1507
42 13 15913 1060
47 60 67504 151
91 80 39204 718
10 72 41642 85
45 82 12434 63
77 41 11854 214
51 61 70264 48
74 19 18961 108
36 47 16378 1017
15 45 32366 71
81 61 29301 347
94 85 144038 491
19 45 3314 77
58 13 21596 524
84 54 10947 402
100 2 13814 215
31 78 35767 215
39 22 27415 86
33 82 12235 279
27 9 8523 634
3 46 39907 58
92 56 23262 190
81 97 84522 101
24 33 33538 152
24 46 69324 279
82 29 12298 210
47 72 83264 228
21 99 26774 42
21 35 18715 27
1 79 22612 167
16 53 50147 186
84 41 40809 270
69 67 34075 422
17 100 18153 76
14 66 6252 231
89 71 42592 97
63 98 30491 89
30 67 48342 62
78 38 92951 58
11 98 17922 497
83 86 26183 74
83 77 17307 723
27 63 6314 160
54 53 13033 75
14 96 22633 171
51 22 26974 170
48 16 20176 1127
33 64 19437 100
89 13 4324 66
71 87 43983 160
37 61 28110 42
99 28 40822 577
9 79 38039 93
32 52 44847 328
40 72 121362 63
57 35 46868 586
80 64 62609 225
38 71 8811 223
75 65 27350 889
37 80 45965 150
40 23 6912 1178
23 45 47563 458
65 54 2726 427
89 81 133816 138
29 25 1413 956
66 82 23664 134
86 42 7748 309
29 80 37598 435
51 94 69610 68
40 34 22657 61
26 4 61712 280
91 51 195516 701
12 21 14158 173
35 100 32887 35
94 91 40975 101
94 88 4639 492
71 21 18765 60
44 42 10677 52
38 51 1823 94
37 52 72510 1196
35 95 17967 46
51 46 31117 132
1 80 14398 1391
56 8 60738 268
94 92 1300 147
47 95 45477 238
26 34 3161 67
77 50 14280 136
9 50 17676 93
90 100 33396 123
82 54 12657 319
84 76 15327 64
71 58 1949 49
2 79 18931 37
77 93 60711 90
46 20 6034 42
82 18 163088 178
91 25 34863 171
8 11 5902 144
95 90 7870 191
31 95 15265 44
95 22 59022 66
61 62 38475 428
17 1 34775 101
55 62 1096 21
23 18 14864 189
62 50 9674 165
35 83 11312 1597
44 41 79176 25
48 50 19153 62
5 49 18470 148
4 81 31726 423
57 10 21160 43
34 70 17375 43
35 98 9755 185
64 9 10443 393
58 87 29454 219
92 25 16654 853
70 86 222985 51
73 22 42269 320
82 33 246387 64
78 70 23268 123
66 92 8050 107
47 36 43132 1394
25 95 23973 41
70 2 99516 55
100 75 193406 24
57 1 9930 127
56 86 28002 43
32 72 5469 276
31 21 10389 260
67 98 6417 308
17 28 15479 307
17 82 14827 102
77 6 197431 103
57 32 26161 145
21 74 18841 189
56 78 208401 162
57 76 8595 142
66 36 15472 228
54 43 104605 100
92 8 7611 278
61 84 9185 40
68 64 15836 187
51 78 47170 21
91 60 48423 167
68 2 38073 757
62 74 46729 109
48 28 18266 99
15 1 6212 48
12 31 17899 650
43 84 36131 456
63 29 25669 906
62 69 8128 125
78 73 39973 136
33 43 77156 60
41 77 23571 158
85 83 21001 109
2 12 3112 799
60 25 46446 363
1 20 78255 136
17 35 7630 212
44 79 13015 557
89 80 12818 90
24 20 113493 220
48 97 10735 42
73 79 6397 68
69 77 7763 21
19 92 4202 88
82 1 9166 450
90 78 26455 775
42 63 21224 142
13 54 20012 42
61 12 6446 24
90 1 16654 310
45 67 24238 167
93 4 32318 134
27 44 17113 213
24 3 3418 49
43 8 13510 53
57 69 40070 85
10 84 31414 954
18 97 94481 216
92 71 31520 325
8 48 43746 28
45 52 23402 99
13 30 41377 67
7 75 6429 176
25 76 153955 389
83 14 45957 172
37 21 9096 86
49 3 27986 279
43 70 6499 263
34 79 131685 255
14 29 12182 251
78 100 6866 81
55 74 85504 192
92 81 14639 298
10 11 42855 57
34 57 37365 1023
25 5 67787 233
34 72 53061 35
10 69 24732 113
31 10 9255 104
30 80 51678 68
94 37 47704 597
93 73 192996 448
97 72 14411 633
87 97 58908 110
24 7 9433 72
41 21 53976 116
66 25 9356 62
54 59 13140 208
73 38 43106 179
20 16 92650 136
15 33 10032 382
12 17 11558 353
24 31 56535 236
73 14 24403 73
88 59 35253 206
75 95 13497 503
78 69 966 839
50 5 29494 240
28 55 32317 301
29 99 38887 49
87 49 7302 99
9 68 54474 163
13 74 22698 610
49 85 15447 108
72 87 46891 63
6 12 1863 103
39 90 99048 91
75 32 15137 732
44 58 15048 221
61 81 19588 100
82 13 33362 159
82 12 15052 430
23 82 52679 161
21 38 155879 46
69 51 2366 106
51 89 17906 29
30 76 8418 190
20 63 59443 354
73 74 17075 102
46 40 46209 484
68 1616
82 400
73 120
69 2671
74 591
86 62

59809764
