100 499 3 3
84 80 10998 170
84 18 22365 120
84 16 39017 188
84 32 9813 59
84 41 10573 586
84 3 7029 168
84 75 15563 106
84 38 19126 367
84 25 28702 113
84 49 20760 362
84 9 22713 271
84 22 17343 47
84 72 45808 161
84 51 1184 343
84 5 14515 220
84 30 39599 92
84 20 6992 253
84 39 44610 1659
84 15 13149 478
84 88 2723 373
84 33 19693 155
84 28 75519 27
84 58 2158 151
84 36 8992 264
84 59 17527 610
84 17 11979 73
84 71 32594 186
84 42 28282 117
84 48 36007 310
84 91 25770 624
84 13 35630 230
84 70 6896 270
84 8 36019 105
84 45 4364 226
84 92 38075 120
84 68 12883 364
84 60 85113 162
84 52 18856 75
84 65 17576 299
84 79 6619 170
84 4 33126 38
84 78 52494 73
84 93 20922 281
84 64 7172 158
84 83 23876 11
84 53 11135 187
84 94 57044 139
84 24 25980 40
84 90 9682 126
84 46 10356 1473
84 69 30872 1114
84 37 40745 73
84 23 49246 555
84 87 7288 618
84 99 42035 184
84 95 1561 58
84 89 26885 99
84 34 49172 174
84 6 13163 385
84 98 20795 555
84 56 24921 394
84 40 20944 82
84 100 14953 408
84 86 103310 83
84 76 64168 417
84 27 66283 60
84 47 22300 2249
84 11 38921 189
84 66 4340 35
84 54 11452 608
84 97 150428 348
84 1 29577 13
84 74 159187 110
84 44 20610 359
84 29 9662 70
84 73 32185 163
84 12 20633 192
84 21 21960 24
84 31 14818 73
84 57 67476 585
84 7 89104 591
84 96 7358 5261
84 2 33862 387
84 67 39268 211
84 85 15362 220
84 26 40928 162
84 77 2433 271
84 10 6511 345
84 19 157751 282
84 61 28388 96
84 81 3031 113
84 50 46200 2120
84 62 5824 113
84 82 11002 198
84 55 4096 136
84 14 45396 169
84 43 5525 25
84 35 37596 1297
84 63 6601 131
91 14 57903 245
41 64 8560 479
49 50 12436 120
97 42 3447 1050
54 64 5347 161
64 12 24709 92
28 66 18617 481
51 33 9855 87
22 24 47347 79
80 33 6440 240
68 44 13775 373
76 40 18289 36
79 56 12879 31
22 67 16074 58
9 51 17430 144
33 49 61724 14
83 51 249708 82
69 76 25166 83
91 43 15096 178
33 52 28960 33
1 84 156623 234
47 2 41325 20
9 43 53828 215
8 36 7573 25
90 77 19393 114
43 55 53633 46
98 84 11615 55
14 56 5458 71
83 6 15462 107
81 5 8166 61
78 18 12636 127
26 58 35322 37
16 94 20807 494
93 45 13095 286
61 7 26659 673
88 16 10416 107
65 50 29686 651
32 67 26574 256
69 77 33236 484
24 34 9382 550
7 70 9675 6348
34 97 14143 31
29 58 11972 68
27 97 47809 64
85 74 35281 318
88 63 8854 152
85 37 27132 98
11 41 29848 156
1 36 5521 55
57 29 10745 148
66 90 3478 73
58 27 34965 35
75 96 59672 126
3 45 28196 92
34 61 68082 140
49 20 33433 107
78 45 118989 227
27 34 73671 357
55 86 7612 142
5 54 15734 243
64 63 29639 335
85 11 16164 149
48 41 23629 261
85 22 91551 180
63 37 6474 159
92 3 11444 65
69 27 17716 356
99 1 47846 336
20 73 37320 909
70 20 10771 128
78 72 12977 53
76 91 23484 693
80 27 2340 205
69 67 3637 535
13 14 21989 106
60 3 41195 446
78 57 26220 113
56 34 10128 65
96 54 10105 17
78 1 15537 76
75 3 24292 81
4 1 11295 255
70 69 52877 78
31 9 14302 946
40 53 11806 64
85 73 16507 124
51 24 14847 125
62 57 4929 261
19 90 14886 210
26 75 33680 482
23 60 7872 344
50 48 7090 63
4 62 81302 136
62 31 95801 149
82 23 10605 916
6 37 6923 158
97 34 15944 33
68 69 17429 307
56 55 25824 714
38 26 20892 127
70 84 7350 205
1 40 43543 140
60 10 42143 67
90 92 37496 104
74 8 3139 110
93 31 13076 98
2 88 23499 71
63 41 1948 1836
43 56 3968 173
76 2 123575 127
60 66 32515 42
30 14 15038 147
31 5 11577 38
34 39 16365 32
13 46 32858 97
55 3 5540 652
38 48 21999 342
26 33 19589 212
47 40 65173 72
32 21 46077 111
58 49 8519 521
26 55 6974 148
76 88 26045 116
83 93 15860 34
71 82 122675 22
50 40 4979 164
70 86 59229 73
26 30 64015 63
4 46 35446 199
19 60 7116 130
13 83 16472 397
26 3 11968 29
2 48 8341 579
7 74 69584 339
61 39 6040 34
15 22 71785 131
17 33 16096 225
34 9 7255 56
35 36 1466 204
21 72 9304 41
7 2 7656 18
53 31 17776 233
37 9 22210 117
61 6 129493 217
24 42 54301 77
31 60 211918 152
45 76 46348 60
56 24 21686 385
94 37 25388 162
5 100 34620 541
51 13 39582 209
76 90 27994 164
80 84 12012 68
5 56 12723 77
17 92 14811 40
90 46 27640 21
15 68 12664 707
9 11 15277 892
62 32 22812 1994
76 74 8869 85
17 31 11498 402
16 69 22680 626
50 71 19303 88
73 16 26006 151
92 98 43068 100
58 47 7818 404
67 50 10869 40
85 65 6568 31
37 17 7958 51
90 89 26668 254
38 41 16359 78
94 89 135767 219
89 30 40840 149
83 32 9500 613
8 28 15008 386
41 93 49724 43
48 83 13592 272
9 49 54141 32
96 100 55924 153
27 66 14867 41
17 53 41330 156
43 32 24915 394
73 72 98793 30
41 57 17300 79
48 84 163277 108
38 46 92331 52
11 72 31993 25
6 4 22791 32
77 5 17758 33
82 94 17300 197
30 100 63554 687
55 21 27939 91
78 7 95144 62
39 49 3173 240
6 87 11619 455
65 51 64461 670
33 48 21462 109
58 78 87573 99
53 78 201798 237
60 98 69918 223
36 57 10351 70
28 100 37231 94
20 43 15574 194
67 88 60605 68
75 41 13925 97
98 61 8725 295
57 98 19883 166
56 17 11995 151
4 89 19899 352
96 11 10385 1084
55 80 2591 224
49 81 9508 95
18 34 48153 596
72 79 76849 157
71 29 75085 66
53 46 41891 28
13 22 5084 48
33 39 76703 35
94 3 4184 799
29 37 43896 243
69 5 33209 134
70 6 15264 26
32 40 190381 39
67 38 17534 81
57 94 105646 56
26 87 14718 395
31 21 42646 138
38 91 4841 1688
63 83 129255 305
72 22 143718 329
39 56 61787 1035
76 17 20414 33
90 17 50240 105
36 26 101282 298
51 46 15210 474
35 97 7495 805
23 65 7752 139
46 17 49375 198
94 8 3421 39
41 54 42324 273
51 63 38226 1222
38 74 12242 50
12 36 62765 276
6 27 41845 202
53 83 38587 214
43 78 331744 41
88 14 12125 110
1 22 15240 134
47 24 14037 30
55 91 10918 114
52 25 27725 843
20 42 5745 145
30 22 16515 127
97 37 5387 85
96 65 10893 59
80 57 15683 299
39 97 11749 167
77 54 105864 67
67 82 11413 195
79 7 18178 561
19 78 50277 12
15 5 363325 304
85 98 45629 126
61 68 30985 6
1 73 15867 142
76 51 50290 81
21 74 4914 102
78 73 22780 132
82 21 7700 46
41 31 11969 29
32 20 31716 68
1 88 71429 151
4 38 323790 47
26 6 60253 279
97 81 7489 149
3 70 25953 457
12 96 17602 82
73 4 21909 385
75 39 32155 1799
90 50 28445 269
87 53 8126 463
86 83 24546 243
42 98 41694 82
39 8 6626 27
94 20 14056 13
59 42 22993 333
97 4 10565 54
96 7 38974 34
82 83 36939 74
69 9 18218 323
46 27 27076 147
87 43 997 33
34 24 28851 442
93 7 47457 12
59 37 60924 69
30 4 37021 139
28 98 16403 643
70 22 4576 162
14 51 40447 224
80 22 114594 73
94 23 17057 60
11 90 20540 110
34 6 4880 33
74 33 7815 173
76 89 8311 266
30 38 29976 407
72 47 19679 185
23 73 34675 56
75 26 30054 248
75 28 24245 98
24 80 136150 40
45 58 16115 190
67 5 26856 29
40 21 26463 261
75 86 12432 126
20 67 9174 213
81 94 29742 24
57 72 2539 34
8 21 73339 934
70 27 82501 321
39 3 69395 302
4 82 4409 346
35 98 8364 109
61 60 3255 259
64 19 9992 70
63 12 109138 241
90 37 36102 80
54 97 70855 111
56 47 18960 131
100 70 62289 160
94 46 23280 154
59 11 11715 55
86 73 42678 331
67 87 24306 108
7 96 31647 310
13 19 13815 24
31 77 21253 200
17 82 47005 535
18 2 35675 73
54 70 2132 73
35 74 28393 510
39 76 6919 615
26 20 84693 66
27 88 17158 96
91 56 46850 113
61 72 30246 222
36 61 32418 71
26 100 16452 140
65 29 37535 1115
64 39 9848 70
66 85 30373 34
56 45 557252 148
77 45 5001 170
24 15 42301 273
77 24 16409 397
58 7 39675 54
23 10 58156 116
82 50 40581 71
32 51 34174 464
20 65 15164 249
60 83 9372 216
6 54 94089 889
29 20 13626 110
22 2 33243 117
41 87 6313 46
8 31 76136 107
41 79 32269 39
56 36 33230 405
56 12 12738 267
10 56 7967 314
75 60 32537 55
91 87 53909 225
93 57 14082 62
41 52 74180 125
5 87 27108 381
99 94 2661 88
23 85 27164 159
3 41 8968 126
63 61 106262 85
98 1 23438 57
36 10 38367 21
92 8 74306 31
33 92 13845 695
86 66 51907 185
53 45 11567 56
40 4 80312 21
67 65 34875 469
87 54 12101 210
69 36 24319 148
72 99 5818 379
6 50 47902 817
65 13 5763 100
26 64 69570 176
81 35 130109 218
73 79 54104 189
73 33 32328 133
65 76 34143 276
89 40 53357 136
53 37 40142 59
57 100 160674 186
84 495
26 154
76 513
37 121
22 29
98 798

33140351
