100 499 3 3
16 12 76170 117
16 58 49052 47
16 49 27538 2697
16 79 2003 229
16 40 9852 65
16 37 11691 881
16 49 5094 70
16 30 57852 354
16 32 155634 92
16 49 87112 81
16 87 4590 110
16 93 25301 611
16 6 39877 72
16 83 37235 571
16 58 7801 35
16 1 147270 133
16 66 26745 109
16 55 39156 131
16 22 7997 27
16 30 98082 206
16 50 29399 57
16 33 22369 457
16 70 11172 196
16 65 2838 30
16 71 19463 186
16 60 13144 253
16 4 54230 31
16 34 5537 53
16 12 31327 756
16 67 29656 78
16 91 39036 59
16 33 26002 291
16 65 15361 188
16 35 22909 61
16 95 71042 256
16 31 3115 267
16 51 6614 14
16 94 6517 214
16 1 6017 330
16 82 112051 230
16 2 50398 32
16 53 3988 68
16 49 8065 514
16 18 59680 321
16 92 6746 363
16 92 8206 71
16 24 46979 258
16 58 9173 29
16 67 81207 257
16 48 59194 70
16 48 32333 751
16 85 25166 71
16 89 17635 159
16 10 36679 81
16 49 4863 827
16 14 13214 498
16 70 12023 88
16 31 5525 85
16 34 5158 21
16 19 23138 124
16 94 5441 52
16 41 16643 137
16 36 4314 108
16 99 37629 418
16 8 55754 78
16 26 29408 24
16 53 23092 169
16 30 5825 167
16 61 9173 25
16 23 9030 136
16 80 66687 182
16 36 6146 142
16 76 13668 6
16 42 116661 166
16 29 30610 57
16 13 91316 384
16 3 5748 211
16 53 9244 104
16 31 19992 198
16 36 25248 340
16 49 5566 101
16 45 51476 140
16 34 14652 29
16 21 12302 41
16 61 35201 449
16 55 11176 77
16 95 31262 78
16 5 27652 166
16 79 7575 140
16 56 5229 163
16 38 16238 234
16 55 16024 112
16 26 20764 98
16 45 10727 676
16 62 2292 241
16 84 66957 1016
16 65 39236 75
16 8 22673 220
16 23 19953 113
96 77 23403 104
32 100 9382 104
7 64 5540 151
64 1 12541 173
70 56 200611 230
20 38 26707 38
24 13 97138 23
11 17 22576 124
21 95 33229 956
97 48 175914 122
67 37 76099 81
24 60 94617 75
71 69 236278 264
30 31 23055 27
87 26 11279 436
66 25 24495 218
86 30 7212 66
15 40 35574 398
25 17 11215 635
49 100 4102 522
90 4 19749 105
74 1 58861 1287
68 74 38431 74
80 72 16955 495
4 46 64080 193
65 67 15124 49
78 68 24413 421
96 24 14223 85
86 40 21102 356
9 52 103903 175
59 42 6050 282
88 49 6841 43
24 74 12749 400
100 75 18962 54
48 21 8954 251
4 65 35473 20
29 87 31360 80
83 58 17804 164
19 64 30621 216
67 59 5923 191
48 36 6738 48
97 52 2239 41
90 43 4740 335
45 58 27373 92
30 84 12179 33
99 89 9281 33
8 7 10826 149
59 3 17625 62
2 47 34276 76
13 70 49367 241
60 72 4119 515
4 66 7449 74
83 42 73513 67
81 79 10398 238
18 28 79518 466
5 100 17025 591
86 66 41573 984
99 22 32227 488
90 66 23127 52
11 28 9430 264
39 51 12820 367
59 68 43366 31
51 4 12990 113
64 60 24256 255
8 54 12762 184
35 80 14904 728
92 42 58351 84
36 74 3584 49
60 34 113359 92
87 91 21878 343
55 2 14977 18
33 77 17266 60
67 64 91536 39
16 96 20562 257
38 91 124598 47
99 5 9806 164
36 4 12567 46
86 88 88730 253
67 62 17182 24
52 59 52623 81
77 33 287166 165
25 80 25001 65
79 26 32031 407
83 44 16951 380
57 35 5047 407
48 49 3446 56
39 35 42639 515
3 51 90892 58
45 55 57203 757
29 61 15947 236
2 27 8217 226
3 53 119714 408
54 76 89159 250
2 62 14354 92
49 73 18167 73
26 56 23405 447
93 98 9123 176
22 7 18902 305
86 87 65529 348
29 43 35155 120
27 89 33295 77
46 66 57333 172
19 71 85331 311
82 57 49932 404
32 1 4719 1619
97 86 22099 391
51 85 49976 22
31 88 20508 174
89 23 4463 46
87 31 6560 65
52 12 79534 16
22 36 23370 22
13 77 42650 542
17 27 14271 25
80 100 5051 59
63 69 92915 54
16 15 43095 100
78 9 25406 23
40 11 25064 84
75 79 51961 65
78 23 70675 37
72 55 9946 502
94 25 22721 248
40 34 10792 94
7 24 471684 108
35 46 9449 100
84 68 41114 76
21 15 34055 44
37 16 11592 34
27 52 56534 281
48 46 35332 1125
40 17 39119 184
68 13 17902 381
73 69 13585 745
81 6 44364 269
91 32 14792 92
51 69 7607 174
32 87 9937 243
84 61 59611 37
45 18 3543 10
30 33 39531 471
43 57 29359 93
98 82 33639 639
25 79 7763 169
19 63 21672 459
40 80 1520 225
69 85 85273 49
69 68 87152 182
48 91 30119 52
75 39 6888 97
46 75 4308 6
15 31 20253 200
42 35 13398 1065
22 28 75423 153
29 17 47972 37
12 56 17276 197
94 26 114120 395
58 55 31056 41
53 12 2989 168
49 38 37239 144
80 76 53151 236
17 82 78699 57
95 87 16261 226
63 51 76063 59
65 33 11266 104
52 2 4207 113
55 10 16963 95
70 79 5337 219
92 5 18301 665
82 99 3392 19
83 66 5898 101
23 69 1235 2492
88 45 7470 390
3 27 4878 183
86 27 53310 420
47 76 48581 92
65 12 49940 48
19 99 22526 47
44 85 16174 170
83 5 17105 164
7 2 29225 107
47 56 12605 31
54 70 22627 438
59 93 43370 54
39 43 11984 75
61 35 94466 36
81 27 4615 183
54 32 12669 49
85 10 30438 729
97 43 16852 245
56 51 84902 266
78 36 2036 34
44 41 26554 264
40 67 30440 269
69 70 28409 19
48 37 31318 307
11 18 15900 295
12 48 51792 39
90 40 8166 727
42 1 6660 184
87 27 58307 60
3 83 21347 321
15 18 34079 307
19 74 15617 171
79 15 52887 119
89 73 12396 139
50 95 36905 735
84 18 64373 183
37 38 22914 648
73 31 31485 37
13 21 16376 137
31 72 9291 108
54 51 9961 111
81 10 34631 63
74 32 41256 280
4 28 40420 168
9 8 71564 124
26 77 14950 729
79 18 17237 527
39 21 5680 136
30 71 28520 1358
3 52 61052 303
43 92 4509 88
14 32 66662 202
58 44 138650 195
3 17 447047 564
60 49 15499 43
79 99 47556 1640
88 16 4796 20
72 11 164969 124
100 33 21516 61
80 11 19344 45
28 75 31666 367
77 58 13405 10
94 5 9619 85
94 10 18371 37
100 66 4164 529
31 65 17318 233
68 99 15994 58
96 62 60837 330
90 61 16836 173
29 77 54827 291
97 63 51422 181
49 64 5257 207
34 21 9905 116
8 20 95349 133
33 12 1241 199
17 94 27432 67
4 73 19564 89
85 6 9042 151
40 38 17826 102
7 23 107695 97
74 80 4768 456
23 96 21861 141
46 58 41324 306
68 76 19700 20
98 99 39102 233
61 55 18439 85
20 93 59603 113
66 52 13670 109
51 12 56557 25
57 86 30911 104
17 66 27691 242
100 26 3744 206
18 42 93299 415
49 4 12992 461
22 89 28098 100
3 39 15178 212
28 26 24190 186
49 2 42388 60
8 29 17749 127
22 52 13179 306
94 57 12238 284
66 65 6847 65
17 52 9602 70
39 100 13512 50
19 57 43584 289
98 81 13290 281
20 81 5772 1153
24 5 71826 742
41 12 8944 26
36 60 6591 117
76 50 24336 236
62 20 61924 682
57 72 78541 1258
14 35 35540 244
72 96 8280 48
82 72 75525 190
76 5 100052 53
25 76 19622 260
7 70 24570 31
51 35 14979 221
76 34 4311 574
100 84 25101 234
13 91 28935 151
95 47 43387 90
63 47 4617 42
3 29 20874 246
12 99 177036 302
40 16 18448 250
2 65 14480 223
100 30 90401 200
48 32 50475 117
52 60 6951 89
79 96 171324 583
84 78 59908 383
70 68 20486 23
59 21 15200 69
21 48 4112 73
34 92 12012 38
98 69 17657 628
32 50 60719 212
62 7 13417 66
12 40 7219 208
2 46 49315 115
73 38 131981 274
27 66 20019 64
83 65 40267 62
86 7 21027 325
20 96 30636 166
36 39 16822 274
68 90 13404 71
34 88 17448 124
39 6 49596 151
52 76 22686 215
40 47 8058 63
62 78 5832 427
58 46 11231 39
74 70 4673 200
72 65 33663 1342
57 9 14502 208
97 28 2065 26
72 2 87406 515
1 99 13339 61
9 58 5902 141
55 47 8288 159
79 88 34429 217
66 60 39135 42
26 22 44634 52
48 71 22008 126
84 45 7573 89
47 30 44978 81
73 30 20703 147
50 7 178696 114
34 33 6126 39
94 18 9325 221
35 39 83864 530
1 96 12090 144
37 20 19260 454
73 58 19007 298
42 50 21823 215
10 4 20972 157
91 1 5421 26
38 15 26017 1014
41 100 99681 98
7 19 22811 28
21 58 22741 643
2 49 12603 100
48 11 8691 200
2 18 12820 35
51 41 12502 402
95 59 20667 195
26 88 25639 144
89 17 45910 288
98 90 29851 14
97 16 8914 228
95 83 25109 276
42 77 21299 38
96 76 14524 1233
99 53 32789 322
76 36 250319 591
17 68 66218 178
87 69 40240 48
36 56 86273 191
95 76 101774 209
95 99 10869 48
41 61 45278 198
8 18 14812 298
70 5 51991 113
62 18 1809 248
60 38 27815 379
12 39 63690 268
38 30 175740 171
4 89 10756 45
13 86 8017 885
24 64 69308 47
57 11 11284 159
61 93 14723 232
94 45 28299 178
77 36 52113 59
12 92 106427 398
28 55 56258 136
2 48 18772 17
6 74 23920 60
78 87 24451 145
93 69 10229 25
11 25 166717 376
14 31 15739 90
80 50 32067 141
75 52 113628 13
16 505
48 27
40 40
58 277
49 474
18 824

3297655
