100 499 3 3
20 81 27570 171
20 83 20097 572
20 78 83145 595
20 37 32088 55
20 53 63105 81
20 81 155134 97
20 9 64973 395
20 85 101523 73
20 3 16335 107
20 49 43610 91
20 86 19810 986
20 29 23395 116
20 28 49681 1239
20 4 23051 176
20 72 14076 256
20 98 19079 538
20 4 5855 830
20 82 23303 65
20 14 10254 419
20 32 8782 270
20 54 16579 48
20 45 13196 562
20 7 16303 349
20 32 10185 72
20 89 80830 22
20 22 63517 170
20 64 10296 69
20 63 6661 104
20 71 33060 140
20 87 7959 72
20 52 25565 225
20 66 25783 12
20 14 23964 241
20 25 60078 303
20 13 49643 187
20 19 16327 314
20 92 246610 218
20 70 54717 737
20 50 40159 95
20 25 16132 215
20 92 34091 141
20 33 14388 60
20 49 10577 253
20 25 15933 120
20 91 22789 310
20 1 11411 127
20 75 9053 282
20 45 36037 274
20 8 10649 258
20 21 98356 151
20 23 13082 324
20 75 18440 355
20 15 5841 97
20 8 6608 58
20 42 10670 44
20 7 18813 88
20 17 8589 320
20 22 104604 102
20 100 8925 428
20 33 4173 48
20 4 407529 106
20 94 13514 231
20 80 25939 57
20 43 8812 75
20 2 275662 180
20 34 20688 242
20 71 52434 404
20 80 44344 65
20 80 36036 248
20 75 32379 69
20 30 173665 225
20 36 9033 260
20 74 41887 75
20 2 5364 106
20 58 6461 312
20 13 28319 239
20 97 18289 116
20 18 31974 533
20 16 10569 174
20 22 43715 242
20 12 100658 14
20 93 6112 803
20 52 24756 411
20 31 55926 152
20 25 12097 449
20 38 18767 275
20 30 7038 59
20 85 6246 15
20 14 17130 85
20 22 17312 254
20 48 21272 71
20 44 15880 53
20 37 64283 95
20 94 36635 32
20 10 78489 46
20 10 20829 229
20 72 85455 53
20 67 25873 221
20 8 15856 21
57 24 101194 165
64 10 42677 47
96 68 28597 201
65 91 9327 51
44 13 4274 104
5 2 10323 583
42 73 48584 184
88 96 33517 59
71 26 193155 329
98 29 43138 205
5 61 16728 143
5 56 55905 177
62 70 71844 353
23 36 12283 298
67 36 86259 114
84 20 21696 218
27 35 86146 185
49 24 33079 42
62 55 51716 63
4 57 47782 735
64 16 10611 1078
7 52 22075 437
94 30 12646 346
47 60 23575 255
66 53 39491 58
85 64 9462 54
47 88 23805 105
37 90 83334 68
7 19 16039 515
26 29 41900 202
11 26 25302 86
81 55 19021 345
71 35 33450 237
70 35 18775 93
86 73 47430 42
99 70 26452 130
41 66 10908 288
40 99 39806 33
79 95 44425 55
19 74 7951 15
33 68 4171 260
1 42 397406 433
60 90 50323 57
85 72 4886 313
35 93 82099 234
80 8 11332 162
46 37 15201 190
6 80 17338 39
6 79 31964 115
81 60 9118 347
59 42 52659 290
89 12 59403 47
87 82 37230 118
68 21 11136 265
32 15 6348 54
9 28 30726 164
74 28 40218 51
93 70 22402 981
6 67 11945 118
96 1 37621 324
32 70 17175 710
92 71 4112 68
55 1 18237 531
46 56 46795 167
24 88 6571 552
76 30 42989 150
43 33 10737 94
46 84 8693 215
27 68 12434 359
74 51 15816 153
90 23 137796 139
61 89 20473 39
68 69 7584 130
97 43 51601 44
36 10 61637 13
41 1 70959 78
48 97 34863 225
5 37 14110 133
63 4 47349 294
54 23 13928 1339
97 66 15743 59
26 71 17188 103
91 30 22848 70
50 76 16727 47
92 81 14523 1188
72 92 13105 120
11 6 14989 41
15 66 83242 797
100 57 12187 382
46 98 30328 101
85 39 8572 771
50 67 29726 233
44 77 194951 306
31 95 4826 128
56 5 4556 46
86 35 21837 25
85 58 25069 106
92 96 50243 51
96 34 17583 141
39 30 5824 248
19 99 50963 2233
83 94 33526 389
5 38 183236 284
15 83 25405 260
73 91 3416 59
30 47 11008 75
27 21 20867 76
77 98 2822 1512
99 94 12523 78
65 47 28020 53
17 6 19068 258
50 8 111888 643
3 31 6388 41
76 11 84074 130
77 14 17687 23
23 74 3156 65
52 74 92061 118
90 64 27823 184
35 57 11428 58
3 53 73969 107
73 82 42091 115
3 30 22787 48
49 90 4373 216
95 22 26699 83
70 67 6203 31
88 98 30211 29
13 67 17427 25
18 74 4974 221
17 46 41370 193
79 4 14321 327
43 13 2852 37
55 43 15252 190
97 19 36901 619
48 3 9377 98
26 28 10513 293
58 75 5271 377
43 71 15037 312
7 93 8828 44
25 10 128016 54
61 12 11210 511
19 66 144118 127
64 56 2819 36
39 79 4644 124
10 54 5514 696
14 58 14482 204
16 28 11144 68
98 18 95733 252
11 28 48953 519
50 100 6959 400
77 60 46898 947
75 54 21762 28
69 44 11870 229
51 14 43687 52
62 7 36306 498
64 87 14405 56
48 30 7469 203
45 77 19140 85
25 58 13034 698
79 43 19979 361
53 11 26090 323
66 9 11573 306
64 44 11491 140
91 99 31032 216
52 85 53024 878
29 20 103168 1042
20 39 32196 1125
42 38 13097 161
72 84 319677 211
24 74 10642 75
84 23 6616 101
17 2 638719 285
4 49 12094 423
31 46 14596 151
57 94 11447 221
36 49 26336 1152
43 86 38557 284
82 33 23018 214
86 97 32463 52
96 63 59010 516
84 2 95954 82
26 33 4157 180
50 14 48715 98
31 1 25209 68
56 37 22382 51
14 91 39064 88
43 27 31148 670
32 78 9456 492
67 9 13255 61
48 68 11693 534
70 93 12474 111
96 46 51399 42
47 92 12933 86
24 22 42695 381
63 39 75497 19
25 6 12017 83
56 48 12505 606
89 29 22977 241
83 95 6141 103
90 47 1162 147
95 67 8053 1068
29 12 22954 236
95 64 8295 74
37 38 47688 103
59 65 32146 19
74 13 31186 153
34 88 36021 214
62 15 36101 635
87 69 16825 54
53 72 15378 98
44 28 29948 178
86 77 21686 241
72 61 3524 187
61 65 21478 373
44 3 7762 115
85 37 112758 669
70 18 21591 428
70 82 36524 42
31 45 9014 74
38 27 3384 129
22 49 9208 120
59 36 73785 67
66 48 46753 98
40 89 225698 105
6 1 17290 326
97 81 5625 192
25 47 26974 369
23 56 39677 178
18 22 24474 54
11 78 38417 1114
11 84 40267 206
90 49 15151 66
45 81 1705 193
42 88 26896 555
40 81 137812 87
72 99 10641 509
86 99 20765 79
63 64 19010 109
49 15 159035 50
13 85 29284 329
72 87 62788 364
54 6 31356 135
33 21 26902 68
63 56 44665 16
26 54 46682 100
71 22 16637 76
72 80 15763 103
68 54 33046 1018
23 94 5510 327
31 35 39708 87
57 4 121107 49
62 13 26604 239
51 12 4804 90
72 89 48764 138
12 52 22935 1455
59 100 25649 200
29 97 36521 53
98 67 13415 76
97 47 16343 182
21 12 64292 226
5 89 60209 135
19 65 37100 203
61 24 6383 256
6 71 13804 656
19 9 101092 819
13 60 25056 171
73 86 122963 336
93 89 10619 131
33 92 11769 14
96 8 51002 134
100 21 56104 35
46 69 4576 481
74 15 30036 256
43 95 22671 231
99 52 11007 123
73 44 180471 100
36 85 9306 752
74 52 27913 252
74 16 31037 633
42 90 12917 79
66 77 18409 202
77 28 32188 363
21 89 5452 38
95 7 34141 32
80 87 13068 31
10 42 25700 1074
16 91 18150 109
75 89 13071 282
2 23 29225 35
37 41 8296 470
16 71 31256 63
30 32 20300 169
35 42 39080 514
31 64 61010 614
98 23 14007 94
62 11 21477 745
46 44 16850 72
33 65 30317 37
71 12 21830 593
56 40 41157 210
97 83 81907 169
74 56 3929 470
88 53 16932 124
47 37 36916 224
38 71 12018 272
12 37 25937 327
78 94 69662 103
13 68 29685 238
78 49 63203 49
33 46 14662 111
86 47 11963 147
56 54 4304 141
5 25 2331 545
61 34 91736 1223
70 60 20614 157
38 37 23752 1138
2 29 36036 288
52 41 18571 96
72 50 7526 678
75 87 7865 35
15 47 34936 197
81 73 80353 175
93 81 117567 46
53 55 11401 123
41 26 15543 113
83 64 47962 146
11 1 5939 14
65 59 70713 117
2 90 23085 745
56 16 18520 319
83 72 9144 736
54 42 138297 75
69 33 25240 121
83 22 68699 65
49 87 10767 130
68 2 25922 52
32 52 9468 18
90 26 17517 112
34 37 82078 29
40 56 15254 411
54 33 10719 87
99 80 2950 182
79 73 10263 353
35 84 13222 30
50 56 50503 112
26 98 16156 183
31 50 26181 29
80 58 9232 21
14 20 23967 220
47 7 5765 36
19 79 26673 100
4 42 25566 71
56 6 23547 320
27 33 11217 126
79 6 55206 79
1 70 37574 271
76 26 10870 305
52 55 29798 203
86 66 37088 91
75 80 55501 90
85 63 44808 397
14 27 2274 127
53 1 73210 106
84 18 129370 317
39 92 31852 43
8 73 27086 450
87 36 10023 545
17 76 49570 182
95 18 5575 186
61 69 21890 415
68 75 2346 187
45 59 167057 257
98 83 24103 276
28 66 3819 127
68 46 26289 49
40 18 16360 267
11 22 22782 59
3 15 12324 684
52 75 20124 404
78 79 75178 166
58 81 17927 99
33 64 14351 361
32 50 10947 305
35 60 13186 145
43 76 3636 408
33 88 14871 474
77 66 17248 40
59 15 32040 105
57 77 28386 142
92 11 100114 61
22 94 23754 279
47 21 34643 527
83 54 33050 112
29 60 75837 155
41 60 88897 34
57 11 16197 776
45 35 20486 337
75 73 6737 542
59 71 85789 36
82 49 24361 216
1 97 8255 365
20 1100
72 48
86 42
37 108
22 338
71 901

35443057
