100 499 3 3
9 65 28277 77
9 6 12573 461
9 25 15788 639
9 86 24977 154
9 92 16016 147
9 73 3531 356
9 81 44180 151
9 19 36210 144
9 93 23346 105
9 62 8540 507
9 41 10394 539
9 37 19449 135
9 78 2233 169
9 16 7979 41
9 91 135281 115
9 61 41925 114
9 99 28788 133
9 46 4873 81
9 8 6790 161
9 38 8524 79
9 24 44134 521
9 96 50872 106
9 28 8372 216
9 72 21351 40
9 84 5133 191
9 54 23842 129
9 88 31484 193
9 63 6892 656
9 69 19306 72
9 76 7403 212
9 10 45139 264
9 58 17798 94
9 53 19512 282
9 35 8185 659
9 7 36703 106
9 48 14254 189
9 87 19765 372
9 17 33010 226
9 21 38272 226
9 23 21738 76
9 14 91067 126
9 11 16730 65
9 43 7992 98
9 80 1960 96
9 56 20890 1329
9 71 9054 573
9 64 93671 470
9 27 13839 543
9 18 9912 188
9 33 7804 57
9 85 17431 80
9 39 2717 30
9 66 8186 53
9 55 48069 25
9 90 13600 31
9 75 8003 78
9 52 8967 71
9 97 136706 76
9 44 33250 405
9 26 28826 75
9 45 10730 177
9 50 42411 184
9 95 21182 191
9 42 1285 159
9 49 22710 313
9 51 48302 49
9 70 30861 42
9 30 20273 50
9 59 39671 70
9 89 18605 85
9 5 9888 479
9 79 56441 177
9 22 19591 58
9 74 55628 89
9 98 36452 223
9 4 8910 12
9 2 3880 778
9 3 41293 101
9 34 20699 415
9 13 7067 126
9 29 7527 206
9 68 17329 389
9 94 13539 309
9 36 14248 61
9 31 21746 123
9 82 5516 135
9 12 85277 70
9 57 31555 125
9 83 75286 267
9 100 15589 80
9 32 68079 290
9 15 26850 712
9 20 108508 81
9 1 3441 36
9 40 23121 679
9 67 16409 154
9 47 8282 363
9 77 2677 487
9 60 69614 100
35 3 29528 330
5 50 228957 98
79 55 115914 55
44 75 10021 1179
77 49 66348 55
30 85 10073 310
76 87 39318 88
89 32 32272 57
43 89 10964 245
81 80 42554 18
11 78 2487 185
43 21 19908 28
81 60 26540 611
70 100 2473 185
38 2 53151 213
100 85 9539 163
53 3 15972 168
23 19 25017 45
86 80 13333 90
28 12 42397 968
21 57 5415 268
61 92 3332 66
77 2 19337 93
30 32 18922 292
70 90 47897 188
91 94 25750 49
4 44 2583 630
64 71 10135 224
1 62 33821 205
91 21 40047 368
55 38 21667 38
64 97 6078 68
41 70 15104 47
5 98 18116 62
29 80 151616 113
17 30 47737 198
59 37 9603 94
61 58 59755 308
62 44 6782 76
82 30 20145 194
48 93 25530 46
61 48 3756 213
55 45 5906 20
74 10 70001 69
34 42 21654 565
72 70 44481 79
61 47 25658 82
50 83 11314 110
44 94 18790 58
42 83 149718 50
53 9 39451 487
30 54 90189 155
32 83 23794 328
31 17 24790 123
97 80 68909 56
49 78 51896 157
62 76 41450 315
72 50 6586 229
15 44 143966 67
39 18 26890 26
59 61 25003 38
32 26 21959 117
54 26 5121 119
81 92 12209 203
78 85 14491 57
23 46 17600 1023
6 60 26431 19
26 16 4264 220
23 44 59427 221
20 89 7046 148
13 50 41921 277
16 100 1818 30
70 4 4618 27
82 54 11476 58
50 90 133115 38
64 59 15651 422
58 35 38582 29
93 57 32042 216
41 12 1764 436
76 31 3530 66
89 44 9100 41
31 76 6768 181
18 70 108190 421
39 32 6538 127
67 92 11742 53
93 19 25706 34
63 1 18644 155
20 45 63263 334
86 74 82988 379
4 34 32687 365
4 38 4303 108
16 43 10531 203
15 10 89832 81
70 30 21414 25
54 82 1626 35
63 78 33329 810
87 82 94183 96
34 85 18692 41
92 80 43318 202
62 52 54898 376
78 47 52204 153
18 80 99292 279
77 42 18241 203
52 71 26258 249
48 100 27215 472
26 5 3847 734
74 60 16577 147
41 7 37472 728
6 70 7789 68
65 85 55584 36
96 53 3839 1612
62 55 37880 134
22 93 132001 641
53 96 8494 275
22 18 32925 27
10 16 62678 255
41 76 24833 158
56 82 31681 111
80 68 9915 357
5 70 6834 104
19 9 115232 146
43 25 22903 81
83 34 14028 405
48 84 7095 61
82 80 6293 18
47 46 191161 86
8 27 9132 99
35 49 42855 136
81 3 38857 49
26 39 5120 128
100 46 13114 112
69 91 7425 47
31 33 17320 103
84 42 10536 166
64 19 33577 290
6 89 21951 447
74 6 15069 154
40 97 13821 87
19 99 28641 1343
93 9 12349 23
75 77 23982 119
40 72 34214 41
25 91 24891 89
93 58 69523 1123
1 39 12129 208
67 43 14109 338
97 89 4240 171
50 100 16532 116
42 3 9998 178
46 13 145816 155
64 73 58073 150
52 17 25615 55
2 16 38701 217
96 29 10785 523
98 25 75246 529
23 91 23831 38
32 48 84481 101
43 65 32014 164
83 13 237812 17
91 69 57315 26
80 67 14304 30
52 54 4735 317
90 24 35607 64
79 49 4886 54
38 71 39786 122
80 72 38659 47
18 97 29542 137
60 64 1028 107
49 14 19284 79
98 2 24535 162
53 27 26471 328
74 15 30399 264
98 78 21871 43
15 2 14355 55
7 100 3569 150
24 8 13174 47
24 19 6770 123
13 44 12079 97
16 33 42570 251
46 37 2320 498
34 30 19003 295
14 47 17123 124
94 84 33682 415
10 61 8991 461
66 84 10976 195
95 2 54908 31
71 90 18148 60
23 41 14594 158
12 75 19484 137
18 93 41948 124
85 25 38858 46
1 73 25585 261
25 55 76758 37
22 8 8341 77
90 29 26546 178
55 54 24742 181
18 2 33820 161
19 94 51665 66
35 88 29470 268
90 9 101361 250
74 68 74309 38
64 43 13216 175
59 76 34264 43
32 86 23181 11
46 18 21032 1422
52 18 44265 372
34 62 6852 396
23 33 13632 45
91 32 108779 440
13 17 17017 232
61 50 30922 129
83 31 9975 178
55 44 70098 158
38 76 73644 330
7 25 70701 35
79 5 6770 120
21 99 85784 186
5 49 176015 264
56 1 120081 104
32 49 8885 444
47 93 39034 377
24 29 70993 169
82 50 15399 710
79 37 142853 37
84 73 24472 340
73 75 19129 174
81 73 222011 51
95 99 56402 74
24 64 80028 221
55 25 35516 77
45 33 20423 228
82 57 10045 190
48 62 20457 77
32 82 19275 799
35 5 55379 233
5 28 51232 132
14 75 44074 27
5 7 5423 698
57 87 23784 241
29 55 7225 22
51 68 10747 54
52 34 11410 398
79 44 6077 57
26 8 35093 180
83 4 9741 88
97 8 152103 137
64 30 81693 195
47 34 9259 153
7 83 26380 66
62 97 11651 128
54 59 8574 127
31 50 10201 8
92 20 5499 327
28 72 13966 341
8 95 17361 30
4 10 6380 487
88 31 12633 81
83 55 15799 96
64 91 155716 141
63 80 24855 18
81 58 23279 73
3 50 58393 119
96 75 6009 767
13 58 8961 55
64 67 15114 222
14 53 29102 85
65 33 11939 440
64 38 3449 94
43 70 21884 266
25 21 7320 154
37 4 22792 440
33 12 28297 115
88 41 18584 64
38 45 111853 522
82 94 8920 155
34 51 21773 50
52 63 93169 146
96 71 16647 25
55 73 9005 350
15 55 16418 27
64 92 23382 43
96 58 5109 643
99 34 9674 42
96 56 30202 30
58 30 53373 724
32 56 4690 96
34 81 29621 735
33 84 47349 127
54 97 6293 112
46 53 148114 88
93 89 30222 328
14 57 28806 136
6 97 31393 140
65 24 4309 202
98 30 12062 406
70 64 31759 56
27 4 20609 632
15 93 30183 150
72 63 10409 498
76 85 11019 63
58 80 3580 103
7 48 58258 76
95 79 9461 175
69 100 14267 244
73 81 51304 85
66 69 15562 28
2 99 10809 48
78 58 5050 47
21 73 65828 153
10 4 8430 244
66 70 28162 114
90 34 5490 72
31 67 5713 349
32 27 7717 87
4 79 40305 127
76 12 14868 582
72 83 31608 1323
82 35 25098 307
29 89 3293 152
38 18 10207 223
91 45 11760 194
36 78 885573 69
87 58 9221 311
5 46 19522 388
1 79 12590 126
99 33 43498 320
77 43 7817 328
15 52 28973 263
15 100 8452 250
85 88 17886 202
82 59 10379 358
84 96 7401 232
63 31 97177 261
80 90 23647 221
77 92 31396 169
76 59 6107 81
57 52 15478 71
12 100 14423 300
85 46 67086 67
64 40 48068 329
40 11 18571 53
48 18 40625 365
91 16 19016 397
29 48 3722 927
8 20 37586 438
20 25 392498 836
57 76 49319 475
50 58 16590 41
61 82 49254 116
66 13 245225 37
100 47 9025 76
32 99 35765 54
94 78 24389 79
36 82 44088 81
76 48 47023 155
90 43 4396 191
57 28 44695 203
40 82 28401 222
25 1 32661 45
46 58 21079 185
52 27 13892 39
69 32 26708 195
13 84 96877 1897
6 15 25662 206
72 36 24501 75
80 2 27501 249
5 1 19942 127
70 99 7476 120
64 57 3290 286
87 62 4602 996
25 73 17823 376
86 44 131952 493
50 94 15981 238
78 68 115426 100
29 35 39786 129
77 59 60594 164
32 39 3345 140
76 4 23022 430
31 73 5014 78
93 83 8591 330
83 49 14446 58
21 63 59236 140
40 59 27253 334
51 83 17692 49
56 73 5161 625
69 44 56210 102
38 67 36584 87
24 94 11786 605
10 100 26089 316
8 26 10045 138
1 56 17576 231
53 88 48431 160
74 37 6237 85
22 43 17804 185
86 43 12956 269
14 85 10294 45
49 37 4656 856
16 71 15015 503
48 63 5864 188
72 18 80522 136
9 792
64 559
32 210
44 82
100 103
80 561

23634743
