100 499 3 3
86 13 17804 240
86 89 18509 119
86 25 7161 52
86 5 11646 405
86 19 8642 21
86 34 24645 530
86 45 20885 326
86 16 396467 308
86 96 26966 15
86 12 134620 1110
86 4 4223 85
86 72 6969 161
86 15 16817 95
86 42 22923 154
86 73 15164 45
86 97 22943 447
86 46 9685 30
86 95 37519 438
86 21 64745 177
86 31 22489 217
86 56 3340 1423
86 96 4858 108
86 41 95002 89
86 67 76320 22
86 31 26077 10
86 44 49485 63
86 72 17993 151
86 52 20236 231
86 11 12711 137
86 85 149953 93
86 46 25794 276
86 100 21450 484
86 4 15527 234
86 93 25546 325
86 29 7023 29
86 26 55117 46
86 44 12324 61
86 62 14238 11
86 87 9863 1048
86 82 36847 334
86 60 54392 70
86 33 5617 20
86 5 104826 179
86 9 4500 53
86 11 5438 42
86 11 2049 88
86 44 3197 129
86 39 56643 142
86 17 10772 491
86 39 87134 188
86 7 70149 223
86 57 44606 133
86 46 32565 732
86 17 57183 164
86 11 8544 811
86 40 8488 198
86 51 47993 258
86 13 17287 307
86 4 13663 143
86 28 20131 162
86 78 36368 245
86 13 3726 24
86 36 6591 152
86 5 17482 244
86 10 27890 131
86 21 36331 180
86 36 29213 175
86 10 82127 1069
86 63 32846 367
86 5 42653 366
86 84 2870 38
86 100 31021 181
86 16 10787 129
86 57 21547 80
86 65 35618 322
86 85 22647 48
86 24 16228 32
86 78 40328 567
86 90 19496 33
86 73 105760 49
86 84 307261 152
86 79 37950 194
86 45 56379 39
86 31 28184 181
86 69 29715 32
86 23 45901 66
86 22 5150 76
86 51 2830 287
86 74 11351 18
86 76 7352 238
86 5 6921 38
86 66 6401 122
86 49 15368 34
86 38 29935 162
86 48 33886 187
86 63 42685 17
86 98 9131 75
86 78 8406 44
86 68 81597 77
16 36 20437 100
54 93 14975 286
72 37 17482 145
8 39 38023 106
98 9 4194 212
81 57 7655 573
10 7 17126 375
60 48 7542 256
10 15 22123 340
66 75 13778 281
66 81 7862 472
25 12 17718 736
59 12 7595 130
4 48 95306 46
99 65 38987 120
70 64 50199 44
10 64 81371 86
55 22 100248 316
48 11 40994 139
69 12 69460 943
96 33 39412 86
56 92 11784 588
11 45 7462 454
9 81 54650 242
97 99 129610 107
85 98 7736 181
83 81 20501 202
49 99 11641 530
26 55 33481 198
87 19 6894 165
65 89 62009 340
40 31 4660 38
7 12 47685 227
17 16 27910 55
61 40 2705 23
56 67 5156 208
97 82 64255 320
26 29 27615 38
14 39 20318 130
6 89 1733 20
91 77 85269 139
66 88 5247 153
39 36 75416 76
76 49 13475 168
97 67 9060 101
80 11 56702 586
55 33 17975 350
61 22 22718 111
50 77 7330 152
45 30 53312 85
80 72 43843 244
63 1 28931 146
58 97 51069 277
59 18 83081 103
62 33 41542 175
31 81 60060 113
8 76 64687 127
41 75 10457 158
91 49 17715 176
54 56 7253 455
57 100 7709 722
86 55 6394 117
26 52 90574 156
14 62 20481 87
4 30 14800 166
89 29 62365 188
19 74 36839 134
31 10 64887 78
42 95 4158 800
56 98 34573 39
80 36 57179 408
57 76 33028 80
6 90 10406 270
93 63 25696 61
52 44 14903 60
35 28 9393 228
13 56 4433 83
24 69 23694 25
36 37 20409 66
7 67 30180 243
67 75 11457 73
88 51 19126 237
26 78 10331 295
47 53 10121 90
47 18 30851 250
94 17 54821 779
41 87 26067 192
35 92 16070 1600
20 45 24351 235
49 38 13287 284
84 37 63060 139
48 9 5681 49
100 87 8212 87
57 98 42918 53
85 63 5712 44
55 26 22292 87
68 70 8264 173
27 59 48699 83
80 39 44120 130
23 72 6637 103
47 32 102769 160
47 24 11365 79
74 2 22989 78
87 88 10189 121
6 97 12007 776
13 31 94866 88
14 94 63035 553
26 19 6246 137
82 71 2471 57
61 30 45284 130
53 39 31272 381
69 40 75690 186
81 67 52728 142
5 73 105477 59
32 63 4179 129
61 100 10192 218
23 80 31418 63
83 4 24375 63
54 40 43852 215
60 84 8781 170
55 29 96359 661
44 74 28890 80
67 20 8892 225
26 27 23718 506
26 44 8000 156
71 86 22089 49
15 47 21972 749
52 40 37225 238
53 68 13027 348
90 20 3289 889
23 40 15425 265
4 52 15434 388
5 3 50974 35
39 93 28987 249
10 74 11073 134
19 71 38062 344
94 82 56122 186
73 49 13785 69
59 4 21320 682
76 64 114151 300
5 37 53635 82
27 57 18142 87
1 19 32425 19
82 75 22821 167
87 28 29792 206
73 27 49707 469
69 53 4232 80
44 32 48373 26
90 28 25000 157
11 44 27434 279
83 13 7355 135
37 23 10095 18
28 8 27643 340
2 6 70317 427
64 59 24444 29
45 82 42190 470
45 52 116947 152
49 10 3151 5
14 11 37239 165
80 3 10765 34
37 41 39543 34
44 58 5130 135
57 9 5252 127
40 44 25819 65
46 67 10813 14
57 7 108557 1691
96 58 24341 535
74 47 30232 407
60 70 20862 529
64 40 3434 28
41 18 76586 35
50 75 36724 102
15 58 26999 75
90 15 24678 27
23 15 15431 107
16 64 4716 176
46 10 17040 1294
85 29 16033 28
97 7 26798 783
1 56 8651 204
42 98 2632 150
88 25 18112 148
81 24 23671 40
53 3 92404 294
43 76 24008 488
86 59 38503 18
9 55 54687 128
74 93 17048 460
1 22 11064 294
8 60 40685 158
9 58 3796 271
70 72 57883 63
12 87 3017 272
91 72 4008 62
50 25 76607 57
50 100 5472 163
26 7 15143 431
84 2 12081 86
40 22 30806 162
83 65 28972 70
99 47 77676 68
64 50 118358 152
10 44 19288 19
60 14 20854 211
98 47 30299 135
84 75 9817 624
31 86 17823 154
64 46 42882 355
35 68 35959 46
98 59 30152 410
6 36 8651 29
77 65 65082 304
23 25 14900 145
35 6 18966 165
11 92 43112 165
92 99 6782 111
55 2 55812 44
9 88 92756 132
7 43 18384 345
97 44 15307 8
75 5 5811 25
91 47 117568 85
11 16 18452 163
72 46 17287 90
68 85 9087 669
85 36 12913 38
33 100 25507 230
77 2 18697 134
53 99 10871 118
11 63 50784 98
39 29 10168 207
16 12 19300 608
56 74 44953 75
32 9 19292 82
13 26 54131 166
23 30 43828 238
92 74 30537 108
100 75 58068 126
94 69 6134 1211
9 65 167941 109
79 87 64504 18
29 18 57600 324
98 54 8121 86
75 28 18478 450
81 84 37252 25
86 75 26174 77
95 73 60827 137
72 1 10814 204
94 72 30698 44
95 38 31928 104
67 7 9904 225
54 75 7150 59
55 19 19196 153
85 34 25098 175
82 53 13842 230
68 63 17288 155
35 95 72600 197
31 100 23117 216
77 43 123487 141
23 52 30577 467
12 11 104027 47
55 52 63483 179
72 6 9413 569
55 38 34428 952
36 24 4249 316
59 55 187948 175
14 93 28261 512
2 56 39692 32
7 89 26892 68
4 55 26825 125
30 83 29701 85
64 89 29318 85
59 8 130963 118
18 20 35464 38
83 96 8983 24
60 34 13289 75
92 98 64088 33
50 71 17636 126
11 19 15526 88
41 31 61031 425
31 34 8905 616
47 62 26148 649
45 85 12589 61
23 53 14340 707
19 52 28818 189
76 78 63676 44
80 60 14886 551
5 74 12184 35
35 18 13508 149
21 67 21121 94
29 8 18327 98
93 16 26700 623
73 9 108632 118
58 26 26970 47
94 26 28019 184
47 5 27769 118
22 85 28659 24
57 49 29150 1770
52 98 32772 112
97 61 40273 107
15 100 46594 515
53 98 205668 89
91 63 14574 803
22 90 25400 45
65 37 61035 62
63 11 18492 58
99 100 10848 166
85 79 85994 597
20 79 16770 1150
92 52 8756 51
59 69 145413 319
49 65 18012 858
37 32 34267 171
52 78 71425 98
11 14 24654 25
47 92 5986 131
57 68 21630 180
22 12 15486 384
62 58 230717 227
9 33 18878 180
48 74 42480 412
75 43 3133 268
12 67 50301 87
7 76 64978 270
58 8 17549 73
56 49 96422 113
20 3 14487 715
14 63 21150 1350
54 68 60878 740
70 26 10944 415
78 36 11548 63
39 97 30840 32
69 86 11195 164
30 88 47540 30
7 52 10721 38
19 54 7822 389
16 48 13930 336
38 2 12860 69
15 36 34303 100
76 7 19112 297
55 97 16852 961
18 8 11981 135
32 55 3939 84
92 30 18539 1062
67 89 36929 42
99 2 59603 158
27 74 40117 119
59 87 21357 48
11 70 15432 790
84 11 4991 162
25 27 14417 498
77 88 5770 98
77 17 224504 79
77 9 5688 257
38 54 44595 105
48 83 77538 69
84 13 3587 20
89 9 16004 166
53 46 39317 90
87 78 30081 542
8 4 100031 26
66 9 4407 89
20 93 7938 792
78 18 13903 270
57 90 44355 48
7 69 15897 151
6 22 2585 421
18 34 1095 300
37 17 26072 286
40 50 37324 193
31 78 4462 37
95 11 12285 506
95 56 5850 57
7 57 25337 134
45 88 24005 78
64 36 61490 548
47 80 15688 110
84 10 6580 84
54 43 8628 1400
54 3 84769 149
55 5 12175 50
8 80 9475 46
24 82 25012 177
57 81 19777 210
7 95 17727 55
73 38 76697 189
18 43 57207 90
31 85 18867 42
14 6 7084 9
48 1 78217 237
55 28 144433 248
35 86 5740 95
74 64 41989 242
91 40 8347 1092
47 28 33755 43
24 52 12398 102
15 60 79037 150
75 100 11870 24
15 64 9981 457
66 40 27972 53
86 510
55 132
57 45
11 138
100 1017
52 133

14326848
