100 499 3 3
26 81 97699 205
26 28 5759 258
26 14 20726 447
26 92 80243 51
26 3 25123 204
26 73 13597 334
26 49 37104 540
26 97 41177 251
26 88 2627 193
26 46 7005 1014
26 63 15374 179
26 40 33896 155
26 35 41763 110
26 51 727723 264
26 60 6393 23
26 79 29215 204
26 84 24108 120
26 19 101268 102
26 24 14584 832
26 12 23470 296
26 18 57635 156
26 61 13252 69
26 70 9390 337
26 30 38797 70
26 82 81496 507
26 96 69249 220
26 53 47518 85
26 64 10775 162
26 89 20295 37
26 76 41825 918
26 91 8281 119
26 50 38305 592
26 90 49596 374
26 41 705317 827
26 32 25112 67
26 25 64296 149
26 31 4635 335
26 23 28042 14
26 2 45934 18
26 5 26790 57
26 80 128099 162
26 87 26084 389
26 1 4579 205
26 36 15676 179
26 15 4215 223
26 98 102184 234
26 44 32739 457
26 47 3467 51
26 9 27432 244
26 29 47224 56
26 67 23465 106
26 94 101688 1026
26 93 35453 357
26 85 138796 28
26 68 70050 183
26 11 5526 155
26 10 14147 665
26 66 13251 69
26 4 38798 94
26 55 10311 89
26 71 13148 78
26 20 27517 109
26 57 32418 34
26 54 5644 416
26 42 11470 31
26 56 3835 123
26 21 25176 92
26 38 7867 116
26 58 42215 37
26 43 28176 146
26 75 9975 189
26 33 184913 115
26 39 8835 239
26 59 7244 59
26 37 169765 314
26 52 25058 178
26 86 5462 135
26 7 4369 529
26 74 21538 342
26 27 52058 120
26 45 31362 68
26 77 56936 127
26 8 8966 393
26 6 19542 33
26 99 42516 596
26 22 21354 187
26 65 19662 374
26 34 53654 171
26 95 18869 950
26 78 37430 77
26 48 20637 58
26 100 11581 21
26 62 51920 154
26 17 58435 290
26 83 10405 62
26 16 19870 93
26 13 26313 476
26 69 25364 508
26 72 7251 224
33 83 17774 247
4 8 10371 49
41 77 46608 166
49 94 56867 106
10 69 1335 53
72 2 86314 161
48 1 50265 862
18 50 96163 100
71 27 120483 119
99 17 46901 209
20 78 190896 195
64 29 5523 227
41 57 15531 46
14 84 39131 231
33 80 35980 279
40 3 16899 638
78 47 13692 513
44 26 31778 51
46 39 41013 247
94 15 42305 62
29 80 66182 192
100 79 19869 307
91 92 102867 209
51 22 5840 97
17 59 48106 279
64 43 88522 73
30 32 40808 326
83 31 14074 251
28 19 16467 338
45 35 32643 22
1 80 16587 30
14 74 7109 389
1 17 15314 191
49 37 27491 49
87 100 5644 142
37 55 17057 117
88 24 102684 32
80 21 20143 66
29 23 116372 39
95 31 26806 183
90 63 49541 404
96 68 84164 112
24 36 42977 339
1 99 39822 501
83 47 14066 72
86 76 12107 182
21 20 21048 429
93 83 17887 255
68 5 13439 73
27 58 21017 144
52 36 17028 88
87 84 38638 125
88 10 35985 262
77 35 8742 57
43 89 20840 33
46 27 34542 66
13 39 78827 30
3 33 18199 159
3 11 280568 230
34 2 9815 383
53 67 101155 194
17 54 13692 38
68 8 56297 485
55 88 15278 36
51 85 10992 95
31 19 71346 65
19 87 16878 133
67 63 17160 225
71 36 9763 80
84 96 47470 122
93 96 32172 156
56 48 41026 95
52 17 39706 93
57 58 48268 213
51 88 110926 115
57 43 6938 443
65 42 68815 246
41 1 166699 162
71 46 20826 65
93 79 10628 237
55 5 87501 222
49 15 23031 160
74 23 17406 247
61 75 10479 30
10 33 21912 40
40 61 21586 610
28 35 81967 28
43 64 200286 107
3 95 4029 37
32 85 14363 125
31 93 9703 165
82 76 74815 262
78 54 20720 70
85 80 67579 93
100 28 4115 715
93 52 5074 86
74 92 232576 140
2 21 45726 55
37 34 16841 149
44 30 8382 375
63 66 2284 119
69 19 27348 86
45 88 18963 514
27 53 27505 148
46 54 4592 86
87 47 5314 400
98 21 30621 789
63 96 59885 74
68 75 24345 437
6 55 7066 86
36 74 38336 92
21 62 12187 289
25 73 12296 110
3 16 8490 587
92 62 27413 21
84 24 45315 120
63 45 44956 85
96 46 21948 239
92 21 99279 125
83 13 58654 22
62 97 40168 345
63 74 10976 79
95 36 18930 209
29 27 22080 108
92 41 73697 78
19 6 196061 400
65 43 43358 154
86 34 26062 330
35 83 20031 62
55 26 91600 206
43 92 8970 119
39 96 7621 222
36 49 16234 139
92 16 19680 130
4 50 19763 67
38 33 6179 546
1 68 7492 74
78 89 12989 112
1 32 73970 32
78 27 14341 217
30 11 10794 403
5 69 10589 135
84 26 7625 638
16 29 22273 521
91 87 22852 270
48 87 16675 186
55 87 13020 818
9 43 5886 63
9 71 21199 16
61 93 26439 273
15 86 5603 145
9 39 18680 79
40 100 28378 128
40 11 16068 118
4 30 9443 171
67 54 26578 141
40 29 4019 807
42 63 36359 132
7 11 103486 53
71 100 19118 22
30 76 30824 92
2 94 7557 76
44 64 26247 519
82 63 20697 325
21 55 29579 38
4 74 7691 122
36 97 18392 323
23 57 22626 78
13 94 5375 184
14 80 20614 344
40 54 51693 457
46 25 39080 50
64 85 9444 126
53 99 20987 161
29 85 69893 33
14 11 45026 226
46 28 8563 171
53 7 15817 17
36 20 6598 73
63 3 16868 405
88 69 40656 232
71 74 39220 89
44 58 47388 142
16 51 98119 555
11 69 199777 9
38 79 49997 64
68 70 27884 57
49 36 4454 140
94 92 39346 769
79 10 43966 17
84 95 70042 144
39 30 18912 1088
96 92 48474 155
82 80 15837 382
11 9 18921 49
99 66 33931 289
89 32 24397 457
81 95 41301 71
96 37 49767 61
2 32 12804 278
64 19 19226 641
65 77 4487 144
24 58 40207 123
22 3 292610 131
16 81 29859 401
48 13 9497 858
41 81 4760 62
70 38 4499 24
72 45 39548 141
21 58 112240 89
28 74 9923 215
36 77 30299 926
54 20 11661 110
4 46 63243 187
77 71 17270 219
23 39 6207 81
56 49 17688 473
75 23 56357 145
55 74 21895 88
54 13 2462 95
9 23 150682 173
32 60 9859 251
98 70 33868 198
30 91 47611 136
9 44 69847 29
17 72 18778 32
87 29 18835 201
3 87 37887 895
58 51 74647 121
22 72 81562 42
17 25 35701 508
12 91 17231 41
87 60 11280 416
19 53 36333 135
95 91 33476 287
90 32 33124 539
11 71 75471 198
73 52 8088 155
58 29 60378 339
78 67 47741 281
16 11 39041 129
62 90 37415 77
82 37 10272 42
77 93 37971 62
6 75 9843 209
90 13 31291 96
53 6 100615 269
9 29 27551 459
86 37 6247 120
19 89 20867 26
78 57 46803 91
6 57 6792 44
43 86 8967 101
95 90 36011 43
84 12 17475 428
17 26 3624 1205
84 62 8942 782
30 33 26572 53
41 8 75460 84
15 57 28634 212
18 82 56394 127
76 95 4294 489
72 18 11742 135
3 69 68644 215
58 88 19943 281
14 52 21965 207
12 53 20229 40
49 16 79889 312
43 67 7976 86
86 31 22772 226
56 43 36699 44
15 94 45346 278
54 83 10744 44
95 18 8929 96
92 2 48798 66
48 76 16758 499
3 7 62491 377
52 47 8639 129
60 59 25160 73
65 58 37385 92
69 28 13648 289
27 51 39652 90
42 59 14673 545
28 50 79000 147
44 2 149898 125
32 6 12963 157
18 66 53616 122
99 91 5523 38
15 62 55411 1384
44 53 8195 28
22 7 3026 68
81 85 16299 153
14 13 16370 59
87 68 52035 75
23 3 12847 387
12 89 38542 268
12 41 48650 16
69 40 12256 125
29 42 119847 69
65 20 3866 333
71 17 26417 55
2 76 59623 1782
42 92 19271 206
47 67 8272 100
72 17 25289 89
4 9 18381 545
3 40 22380 75
20 65 37529 120
87 31 4157 204
75 61 14189 210
8 26 27246 229
17 58 33712 160
99 57 234392 51
89 26 17837 1121
41 96 2318 306
61 13 86029 136
22 19 27804 37
64 65 53948 64
84 4 63262 183
22 57 29263 137
42 32 28278 55
62 6 54228 44
70 32 41548 159
79 44 8295 44
73 32 15824 269
45 87 8163 1063
49 88 52604 342
95 67 6600 358
91 18 101505 246
96 54 37637 447
53 85 48677 71
86 89 8721 49
84 93 5608 359
88 39 38946 232
36 96 15416 155
66 49 48303 589
16 95 21057 332
8 33 13480 413
72 48 19705 75
64 57 4754 610
80 53 16378 12
40 21 12227 167
36 95 8273 123
77 84 8188 267
56 83 38594 61
84 46 14191 223
35 11 78088 97
84 65 29706 146
13 92 45709 171
38 93 6053 43
18 46 22893 74
38 32 16519 1384
34 94 23003 369
75 17 110243 81
9 64 25061 111
93 23 23894 763
95 16 17227 116
58 16 20446 196
81 84 66369 209
24 39 20856 525
29 6 52246 60
31 70 114270 138
48 36 6192 372
51 20 39880 98
64 89 6764 437
20 82 106165 397
39 97 13553 137
60 50 16266 134
42 27 90289 76
51 68 17047 1172
99 2 54709 150
78 8 29827 738
43 53 41288 23
48 88 13796 33
86 2 28801 82
89 33 18445 171
53 65 16889 97
46 60 6542 122
22 53 12616 136
19 54 18178 43
41 92 41275 260
47 91 15007 575
61 50 24478 173
97 59 35987 31
47 6 22949 98
65 15 25533 36
7 44 5696 194
60 69 73863 28
42 56 14961 53
6 9 3682 196
74 15 76839 108
83 58 3425 210
94 96 17755 153
12 97 5779 36
83 46 44667 62
12 1 20140 230
58 59 66808 72
92 27 5168 152
52 72 28977 53
16 77 21561 162
26 1386
84 60
3 24
32 156
92 903
58 190

67021986
