100 499 3 3
74 69 17944 115
74 42 3390 64
74 92 84275 54
74 83 16383 141
74 47 22602 310
74 73 22013 47
74 41 29555 355
74 14 46339 260
74 61 19941 145
74 10 55485 181
74 12 31085 36
74 21 31658 29
74 68 15247 136
74 96 60178 43
74 88 17231 150
74 79 19108 148
74 56 71809 219
74 97 82188 146
74 9 6553 54
74 6 10591 170
74 17 17067 307
74 18 6076 77
74 4 14316 139
74 75 15806 267
74 89 19172 149
74 29 12817 49
74 35 34957 86
74 81 137030 121
74 44 4802 400
74 1 13318 259
74 45 44872 75
74 95 20474 201
74 49 58741 247
74 70 8669 74
74 93 6855 104
74 87 58371 245
74 90 76683 112
74 85 9737 709
74 8 22331 69
74 52 13606 641
74 30 61075 186
74 2 5451 79
74 58 42553 126
74 60 199797 222
74 48 14384 275
74 76 13898 890
74 22 2819 287
74 26 17858 381
74 38 9268 123
74 78 12479 49
74 100 20692 137
74 84 84284 73
74 28 283143 85
74 46 2629 474
74 62 10441 92
74 94 38430 21
74 53 25819 68
74 34 9778 143
74 36 5002 1316
74 55 137615 717
74 43 3054 69
74 25 38661 130
74 50 19018 234
74 33 5040 120
74 32 4128 54
74 86 49711 171
74 59 4367 33
74 5 5663 46
74 11 2715 221
74 63 61265 330
74 72 106942 305
74 7 59123 100
74 82 16430 71
74 67 35318 1147
74 99 19652 122
74 16 8673 562
74 98 60607 461
74 27 38778 110
74 40 40749 98
74 20 12579 487
74 77 32587 319
74 19 5347 135
74 57 23228 166
74 80 4650 1060
74 15 41793 110
74 39 85460 253
74 66 23633 178
74 37 9075 33
74 51 34282 43
74 54 36509 393
74 13 18763 217
74 91 3428 49
74 64 16981 240
74 31 18585 615
74 23 14088 303
74 65 84278 288
74 24 8529 89
74 71 104069 68
74 3 102021 3518
10 22 57938 45
85 11 59748 165
38 45 27053 168
3 13 14312 85
56 48 8248 139
7 34 9658 92
55 12 94859 79
49 59 51185 35
3 2 45202 54
27 71 21254 144
91 62 13418 563
23 31 7000 212
2 80 122158 358
84 44 97871 199
79 2 11492 472
49 9 226823 1355
38 17 2230 50
32 98 73210 156
36 40 2022 91
45 41 39836 49
5 94 7905 157
3 70 15213 647
54 11 46823 60
94 60 20447 805
28 41 37214 196
40 54 14387 34
89 94 33481 273
69 16 47116 276
45 68 62324 65
38 28 5222 104
22 40 78002 206
67 54 4755 35
48 73 24042 70
89 80 24505 89
54 60 63352 122
27 31 3642 136
64 65 15505 69
75 33 43045 166
87 73 12012 261
17 50 12917 94
98 67 22532 113
80 85 46318 121
29 12 25028 299
41 90 6415 62
31 85 12248 625
41 39 22020 105
14 12 77243 75
100 89 11900 37
20 72 75841 331
9 19 18747 47
77 85 9435 50
87 23 12375 53
55 77 35831 39
94 23 14676 76
12 85 11601 64
96 33 18524 1720
61 55 68066 428
35 2 13306 223
27 29 7292 29
22 6 29402 128
40 48 44024 42
71 29 43647 121
64 83 55680 500
33 76 37214 216
55 16 8557 70
72 17 93388 215
71 62 16777 441
61 3 37139 489
83 36 17842 153
47 7 21509 44
82 13 49229 92
69 9 13045 474
50 91 3617 35
8 30 8834 184
94 48 25954 110
59 47 46406 169
3 28 89705 240
36 44 1969 82
50 10 18418 152
62 70 95656 99
25 13 3327 185
88 68 19092 176
86 92 30765 26
61 41 5266 109
85 66 11470 509
100 2 56883 277
28 22 16306 161
14 50 120853 198
71 32 4179 496
88 86 18239 319
97 12 36249 103
94 42 25309 734
25 26 4163 93
31 42 42127 100
60 71 31481 168
8 82 38708 27
72 37 26256 258
96 75 7989 912
89 77 52529 152
2 43 46487 131
22 85 9741 295
31 77 20768 642
33 48 75962 48
91 12 42243 87
68 76 21891 724
100 32 14889 673
15 88 121515 473
53 43 983 254
42 28 2351 218
64 34 52310 848
45 28 11201 71
32 54 37335 250
82 28 18214 357
47 18 4211 306
3 64 46940 76
84 81 70413 53
69 42 74372 133
58 85 14487 221
8 7 23015 61
73 18 53013 68
38 5 65844 85
75 6 8797 138
97 96 2932 160
60 74 132597 459
63 99 46141 20
6 56 30768 616
35 46 8210 791
62 2 8486 455
61 52 21910 103
75 16 10191 284
94 31 5184 18
91 99 24745 94
97 11 64361 289
41 55 17841 146
48 50 26585 447
95 99 54029 107
23 32 52305 40
64 69 22532 1381
85 23 9916 147
54 47 63172 116
81 85 19491 785
14 78 3923 134
97 41 19240 121
77 16 31029 224
75 100 10245 197
19 85 15589 538
63 48 232218 148
15 41 12595 54
22 47 11761 165
65 39 35719 182
66 99 67636 395
98 77 36045 232
36 5 5529 110
75 5 27224 111
13 90 54227 278
94 49 19814 76
89 90 5727 104
66 81 46959 217
33 61 6134 191
87 70 5264 99
55 87 3590 16
36 94 25109 176
89 35 77582 128
88 93 93173 94
71 92 49272 35
12 99 22329 405
26 3 31721 117
71 45 13888 73
75 27 7586 138
63 45 109544 172
51 57 73548 230
41 24 25749 91
32 6 29433 178
17 68 12741 44
98 16 11582 161
13 79 64137 226
31 50 232067 100
49 12 27254 182
67 2 26721 228
29 1 25073 64
44 74 9144 966
26 63 140057 117
91 16 61900 28
64 9 52489 76
52 95 11122 74
11 33 133802 248
2 5 50933 46
2 86 25578 48
65 1 20352 92
29 23 14049 373
83 61 35747 69
16 34 7523 207
43 19 14390 71
55 62 41605 119
88 11 98034 60
39 22 9703 170
34 100 4394 110
35 48 6485 124
6 75 8779 534
69 65 126998 58
75 66 18193 203
73 63 33043 79
43 11 15196 39
53 100 87214 163
8 86 39714 37
68 29 92587 420
86 57 28541 472
10 63 13603 113
44 6 2659 387
40 10 10453 96
18 91 33433 93
52 15 4034 77
24 57 4133 242
47 2 2012 60
100 36 9625 402
67 98 9286 130
67 1 141282 178
5 83 17613 480
75 58 2977 113
99 6 61069 234
79 64 31826 642
100 30 14928 44
83 9 18322 68
43 89 18849 160
16 14 30325 91
79 5 16308 1187
17 3 25155 177
30 56 5269 356
100 16 12015 630
40 56 10181 50
48 21 13363 278
95 52 3846 70
40 36 37577 54
35 97 21384 293
78 24 15778 64
27 74 38520 50
54 22 124149 263
5 64 46684 158
51 12 70254 40
20 38 34778 639
15 1 9089 39
56 99 25497 204
28 33 35292 52
48 74 17076 648
48 63 58578 98
55 19 7026 94
59 44 13176 303
37 35 31504 150
95 40 41179 461
1 23 20777 178
3 44 31496 56
64 22 28801 111
65 77 140874 544
25 59 9979 58
62 5 5460 225
70 25 24626 259
56 84 13618 71
88 20 26997 238
37 12 26053 96
34 40 21017 9
19 31 10483 236
46 62 31391 72
70 5 7653 801
15 87 371176 73
6 42 72752 455
5 27 28231 37
86 55 6404 88
78 33 11159 255
80 72 135351 60
41 36 12257 52
23 80 105236 150
1 86 27696 400
16 36 20851 51
100 46 13564 107
93 70 17811 76
94 95 2816 164
42 38 3877 702
57 87 41189 113
48 69 33699 13
1 2 47836 316
99 48 57858 239
81 9 8048 54
97 57 61807 128
31 56 12632 239
57 42 2092 28
100 24 30897 325
99 86 54978 1000
55 37 10608 113
26 6 21814 146
33 4 16526 147
90 65 41029 379
81 84 68536 121
50 37 34853 74
76 62 52818 122
27 44 34514 174
47 5 64583 244
80 43 16770 231
14 88 4623 98
59 41 27581 202
25 7 2481 140
73 71 24692 61
2 27 2930 30
90 66 6365 210
20 76 144975 593
45 9 12200 252
62 93 61388 103
82 15 17896 70
13 42 122617 198
10 11 12668 43
61 43 37044 97
2 24 17662 215
76 78 8784 31
32 51 32645 1438
21 88 15133 1503
6 84 22665 610
71 12 93682 265
60 8 12547 80
67 27 18264 470
65 95 31255 100
80 88 14999 160
25 51 4981 89
46 50 34723 758
37 55 50595 80
92 11 135696 72
71 98 53824 151
8 96 11637 1237
75 37 9873 150
68 93 44495 132
67 45 109693 115
11 79 22596 238
54 78 80693 7
46 17 135557 429
43 5 247075 113
37 42 9301 481
68 85 6290 69
51 54 19710 210
53 64 14338 30
52 78 1040 90
54 85 12103 75
44 10 7582 560
37 85 66967 213
10 15 11071 45
1 72 14647 85
43 75 31988 88
94 64 15098 230
53 75 121498 79
5 16 11490 703
50 87 10091 126
85 8 33727 256
85 39 37452 304
71 3 19288 44
83 60 27760 186
85 43 89600 172
57 91 3236 101
99 17 4351 121
57 60 83208 73
54 35 188520 57
76 6 4064 114
93 4 6541 558
38 68 51973 112
73 94 74521 77
23 55 37562 21
80 94 29882 772
44 8 6810 337
82 94 46392 28
93 22 13646 35
53 69 25124 2578
41 43 45865 152
61 47 28118 214
76 31 208303 151
25 70 4123 224
45 91 21843 24
77 45 20141 283
48 11 5985 169
59 7 14646 51
16 32 49994 248
21 12 5620 380
76 74 26927 140
70 89 39797 229
4 100 26367 91
64 67 6991 47
21 16 25459 89
60 78 128724 122
94 8 84896 113
96 51 38926 142
53 59 24069 889
37 18 15315 269
23 91 4959 399
51 4 30021 73
44 3 5268 361
49 11 5144 694
52 57 56824 129
62 58 8751 24
6 36 56423 57
24 100 17468 76
46 8 102585 727
63 56 68942 258
6 89 6376 87
67 33 115162 223
58 1 9308 119
74 4554
94 54
75 63
85 2419
12 1417
16 455

175514033
