100 499 3 3
99 69 15171 465
99 74 8596 189
99 47 86013 94
99 23 56904 50
99 81 21379 78
99 45 25627 137
99 62 67936 75
99 49 39568 394
99 18 1791 444
99 87 178601 43
99 56 6320 339
99 40 8902 923
99 37 60486 334
99 22 29802 833
99 75 59508 211
99 97 17715 34
99 47 244453 140
99 11 22131 147
99 95 36802 190
99 63 11401 32
99 2 3080 110
99 55 10617 39
99 56 13747 436
99 26 43896 150
99 26 103589 405
99 78 24472 525
99 6 3886 104
99 16 9471 43
99 36 10910 185
99 26 9811 57
99 20 27516 60
99 53 14062 670
99 19 11794 702
99 11 3554 180
99 25 6436 207
99 20 21532 115
99 61 280361 58
99 46 45875 216
99 48 52854 40
99 28 9453 361
99 79 22395 48
99 82 3991 100
99 14 28807 426
99 76 8482 148
99 33 24314 62
99 62 21783 199
99 98 19726 116
99 7 3410 261
99 75 15748 53
99 61 11802 108
99 29 20116 24
99 80 23592 158
99 93 35642 164
99 76 63030 28
99 81 24947 125
99 35 10820 703
99 10 15340 257
99 82 97078 58
99 17 10646 154
99 21 24352 103
99 8 56392 643
99 100 8006 65
99 63 22688 100
99 10 4660 257
99 25 4818 214
99 24 72588 27
99 6 75395 99
99 41 18761 38
99 53 26372 36
99 93 15692 35
99 43 13585 111
99 56 26003 44
99 89 81945 46
99 60 22443 224
99 30 15597 77
99 5 32126 112
99 23 9598 422
99 55 44240 106
99 23 2529 226
99 80 15436 240
99 64 21105 56
99 78 33519 63
99 15 45789 62
99 23 223000 72
99 43 195941 319
99 44 84873 106
99 1 14477 104
99 35 8060 39
99 69 19903 15
99 40 87458 90
99 7 7024 38
99 70 64691 145
99 23 36532 106
99 70 6067 435
99 50 62133 294
99 39 83884 51
99 8 9521 657
99 49 7273 196
99 46 100177 118
87 86 10953 105
67 45 1738 1923
10 83 6168 137
11 72 23640 116
41 6 9842 427
38 98 8720 181
8 86 23479 138
69 86 10267 697
20 71 53401 138
74 100 6079 94
96 11 9912 39
45 42 15257 136
59 56 9379 320
30 35 3033 111
33 13 10060 21
41 92 96854 200
83 89 23366 818
52 86 13017 130
82 45 9460 705
41 70 54532 209
71 14 53728 237
51 47 3254 817
34 54 14126 199
77 24 55835 183
88 99 60472 68
5 92 8014 33
100 50 68726 145
20 59 6073 148
95 34 18356 149
74 46 20728 353
5 69 22848 184
27 90 7951 160
34 44 34733 98
31 56 142416 266
18 96 17087 175
26 4 13504 36
21 77 10969 148
61 24 19628 40
53 6 238772 758
13 81 17201 82
64 42 14325 169
15 21 33481 287
31 94 4777 60
68 69 18135 24
3 77 24571 54
4 43 16033 116
64 92 692399 738
25 77 66289 62
95 17 21607 383
31 74 38955 122
95 40 4447 335
33 51 21624 316
7 32 18400 91
81 47 114358 712
88 61 35680 116
8 41 174135 50
95 61 21221 89
91 66 5034 208
57 70 8448 81
35 34 35085 38
40 39 11571 863
72 88 90245 228
95 36 42769 102
72 37 27400 334
33 61 29409 489
52 68 3870 721
66 89 5843 292
26 17 12530 338
31 66 25823 75
40 27 38607 80
95 16 9704 47
12 91 5469 233
58 45 130533 38
36 49 46098 182
38 77 31467 18
79 24 36435 47
60 92 5987 45
38 28 12235 915
31 28 25035 701
62 24 33681 46
29 2 35662 53
84 100 9354 24
17 22 149676 188
21 58 23079 164
18 59 13850 33
93 49 16005 28
77 67 42692 545
50 36 13413 26
23 54 5704 411
41 16 14425 100
52 76 57777 20
55 19 72228 652
70 14 39908 177
100 43 15553 54
93 19 24030 563
96 97 8257 231
16 17 143552 234
34 24 83900 68
48 33 42367 89
68 63 8429 103
35 11 31630 486
65 50 17515 54
94 6 5726 454
97 51 106955 150
28 32 24260 208
21 42 31232 83
62 69 36792 12
38 8 7667 10
15 57 22856 111
70 8 12676 561
72 50 29196 134
37 19 11220 226
33 12 12557 328
56 13 28095 83
16 44 10228 358
51 45 29232 199
68 26 21170 50
52 35 11980 403
85 11 17289 121
83 90 26651 489
94 26 8880 40
9 80 80156 231
58 72 3714 306
82 26 59408 192
35 5 22910 22
36 56 2742 172
76 39 11816 308
21 12 24760 151
2 51 27262 198
20 17 28772 337
43 24 20975 93
42 63 30835 110
41 45 54765 234
7 47 14129 25
8 91 18340 237
69 47 3432 163
32 38 13718 154
97 66 47809 113
92 99 13614 110
32 52 47153 104
100 99 14504 141
26 73 18851 178
25 9 12938 174
89 29 3563 153
43 60 4312 60
68 49 10197 212
73 1 37615 37
21 100 11679 417
63 72 16077 260
60 12 61049 26
79 76 64531 191
88 31 38790 164
72 80 44038 14
10 23 10201 27
41 12 28105 220
42 49 9531 186
6 73 29447 205
24 58 7672 97
45 67 22599 338
35 2 5233 32
90 44 76238 234
77 20 11461 268
74 91 40242 56
37 39 8662 50
73 33 6931 158
80 82 32239 126
21 40 16294 103
38 16 33760 78
76 9 10010 34
57 31 7788 159
37 42 5868 665
80 40 13954 16
48 23 31303 552
75 38 7369 70
19 34 22193 181
16 36 10109 481
2 44 51039 182
53 82 13825 38
65 62 25930 138
73 15 40076 411
85 1 30163 86
76 87 18860 116
10 96 12438 192
7 4 17253 97
29 91 18225 52
16 98 9125 103
92 26 13551 13
90 80 260126 95
24 66 24590 159
44 50 55299 159
79 67 126002 181
55 76 6927 197
56 11 84042 35
28 98 68844 54
23 95 36030 45
94 70 21511 74
78 51 100655 27
67 36 10229 144
79 45 33000 375
85 81 42239 89
37 25 2559 26
99 51 170863 43
49 94 46974 119
51 88 128010 49
56 40 19179 169
29 21 69743 142
46 74 271991 30
63 78 99726 63
56 57 51515 161
52 94 28825 135
3 28 67432 113
40 2 114858 127
93 87 21087 194
39 46 118123 38
50 89 50236 140
77 81 1266 27
68 54 209509 269
24 83 23458 202
95 51 49966 24
43 100 7526 434
41 65 20122 170
39 5 12273 112
85 66 6126 388
17 12 103919 110
21 85 65716 39
61 73 47855 182
40 1 29845 396
54 63 31129 299
83 25 3736 94
71 6 8629 174
30 72 53111 343
48 34 12040 484
38 29 9261 226
60 14 46725 131
60 18 11190 120
87 61 5611 374
50 60 32256 262
69 66 50549 43
70 15 78232 211
54 40 417441 364
47 99 40385 247
69 73 19751 132
73 36 25407 195
8 85 47413 13
89 88 5547 26
29 3 42256 389
92 10 94083 307
1 10 16241 665
11 48 55431 50
100 19 7171 14
55 22 14648 116
64 3 5384 318
99 52 13239 51
55 43 91484 21
100 84 165747 34
17 41 239695 146
4 52 25023 207
73 26 21048 714
59 31 15431 56
34 55 30504 52
42 48 44438 157
67 24 64183 114
58 32 18827 70
20 57 25440 148
52 95 7919 65
43 91 6703 303
37 53 13482 24
73 54 4692 20
31 42 42145 394
99 68 11788 71
88 10 41119 261
64 20 21755 108
33 45 166016 1256
72 89 56663 252
4 100 31981 146
6 3 67239 164
44 16 97732 954
35 60 25902 80
87 39 49803 156
14 50 11250 234
61 87 17929 74
82 67 19786 39
60 32 30538 608
32 13 11021 162
60 84 11779 155
57 48 10973 305
1 40 25401 141
12 57 19135 1217
15 10 46142 76
91 1 31088 237
70 18 15190 51
31 88 14390 55
14 92 23379 185
56 72 48628 225
88 16 21361 51
5 82 86282 301
86 20 5289 204
37 48 101979 317
96 88 2226 63
82 32 21135 159
56 96 95311 131
40 24 5247 130
53 15 14943 144
88 79 147317 39
17 94 21669 177
39 33 23015 87
77 23 89724 63
71 73 818 146
81 63 32408 435
9 64 27122 81
10 66 8880 450
72 62 6070 515
8 24 21885 126
40 34 9138 533
32 93 8815 584
98 47 11868 217
27 53 82407 204
12 50 51158 84
95 52 4937 68
84 32 12009 60
18 81 38991 354
29 1 6402 195
52 4 14672 142
40 57 89158 266
62 41 11155 202
49 44 13985 97
50 72 23310 341
15 77 55358 136
2 50 14500 254
27 7 60473 174
70 89 3637 209
33 74 22496 101
53 71 61624 199
56 27 76078 108
19 1 53120 122
63 39 19018 193
38 75 25707 131
62 46 51405 373
70 66 33951 675
85 91 34014 43
26 49 8616 33
6 76 3431 38
61 37 10865 1528
83 16 27047 166
43 65 6306 213
26 81 25620 158
97 84 38625 62
71 57 67612 331
69 60 14589 90
5 3 36357 121
72 34 80789 119
31 54 32400 105
29 75 14450 49
33 86 22353 63
66 93 7829 165
35 83 3654 92
37 16 86393 382
88 55 35302 597
33 19 54499 157
20 67 124985 497
43 11 41763 1329
62 96 6726 368
94 36 6018 234
76 97 5027 89
9 38 17485 178
16 24 41131 96
96 84 2551 502
73 51 51649 27
52 9 50031 429
73 21 4565 388
50 29 73229 421
51 98 18662 93
61 52 150176 222
56 100 11529 63
80 83 4566 618
63 82 5857 267
33 90 7897 107
27 15 38045 39
85 62 14890 211
28 40 55333 174
34 19 37156 23
53 93 32307 229
48 87 22213 528
72 12 16497 238
29 65 10579 78
82 71 26074 29
97 23 9008 236
26 35 153552 53
72 40 21082 37
30 76 57668 106
2 20 25111 462
79 81 5416 979
41 53 60914 399
28 3 7558 345
81 95 17814 154
35 97 55032 33
38 78 36713 170
55 54 29288 124
30 77 28098 88
50 26 23987 103
99 1428
72 81
33 495
24 290
40 1875
26 1295

58310066
