100 499 3 3
72 6 13718 843
72 4 20392 74
72 16 40457 196
72 50 25179 230
72 86 14707 18
72 100 195428 59
72 3 28118 1441
72 7 37895 982
72 71 25725 91
72 47 178290 85
72 77 33090 468
72 83 366592 58
72 68 22685 278
72 19 89350 101
72 49 56323 98
72 74 5230 154
72 21 37175 2537
72 34 32337 162
72 47 58708 509
72 66 25288 73
72 57 59639 2533
72 78 16642 215
72 12 36695 67
72 30 10705 38
72 90 55200 122
72 1 25901 43
72 99 49376 345
72 87 42280 831
72 98 5796 298
72 58 12953 108
72 43 14971 309
72 18 21603 153
72 28 9647 245
72 39 9972 39
72 26 23024 32
72 94 25658 904
72 55 24758 389
72 11 25269 73
72 73 25094 166
72 31 22063 810
72 44 15628 82
72 97 21813 537
72 77 44257 176
72 53 45588 79
72 57 14749 127
72 19 3906 95
72 95 17393 217
72 41 143209 90
72 35 66460 229
72 22 13303 47
72 12 2492 233
72 54 22531 277
72 77 29594 450
72 47 26178 187
72 35 5252 542
72 14 70986 74
72 56 15867 371
72 13 13673 109
72 61 47923 221
72 63 25285 104
72 20 32210 437
72 56 136076 162
72 83 17176 149
72 91 28265 529
72 94 43678 665
72 12 189548 78
72 62 17057 40
72 12 91298 34
72 22 9438 275
72 49 48565 202
72 96 20162 188
72 41 28274 121
72 41 4487 187
72 7 41906 321
72 5 295958 455
72 24 69326 84
72 57 67778 15
72 84 2482 543
72 31 10216 145
72 53 68578 64
72 44 119551 396
72 99 7335 150
72 58 55429 148
72 97 12258 399
72 58 2588 31
72 21 23133 238
72 13 5134 33
72 23 22284 49
72 75 48536 550
72 92 35549 150
72 9 71574 562
72 7 7744 42
72 62 26019 248
72 52 12456 52
72 43 25800 113
72 47 9024 132
72 67 12103 61
72 57 14932 214
72 75 49000 187
8 51 3083 145
85 95 24655 297
39 23 6661 258
29 73 131264 172
93 98 20325 70
32 86 30090 132
44 12 47245 1337
9 32 113074 746
21 92 10320 226
89 48 15664 72
93 35 23005 304
78 23 36570 106
65 42 14332 495
34 74 17237 130
43 73 5045 103
6 36 70331 52
99 3 73264 88
26 56 55509 12
54 24 7546 5
26 58 10277 247
26 91 15209 19
34 57 29555 134
91 46 74344 16
17 59 190285 219
73 2 24201 888
96 78 150080 81
66 26 40334 48
66 38 22036 58
25 35 21103 90
83 93 24242 573
31 46 14275 131
97 87 89785 719
96 46 30304 119
84 89 62977 243
74 23 300997 70
87 43 6611 90
63 39 23707 418
53 30 7652 218
31 20 16496 598
68 54 3651 16
97 81 47850 47
54 46 47158 141
100 18 7960 167
18 42 59319 216
6 62 11084 122
66 34 6916 525
42 66 23036 177
63 84 10088 37
70 57 155234 70
52 69 5916 89
12 10 35376 30
79 30 26602 16
61 27 44911 106
97 82 20269 36
83 2 25768 268
94 24 51594 27
97 4 20163 222
96 55 13033 462
5 3 50756 36
57 67 47963 61
71 91 8194 1863
41 57 7526 127
23 97 125566 48
3 25 85656 135
94 10 23081 52
64 8 6536 285
58 23 25474 253
51 55 10094 101
32 54 18288 130
42 50 43856 436
26 69 191034 359
67 80 4038 294
99 76 11751 403
2 6 13753 175
42 88 55930 1681
65 21 68757 69
53 11 4308 189
33 84 5521 77
39 61 20404 39
30 6 17618 469
98 22 147716 2107
92 77 4709 207
91 79 11144 111
99 65 10469 74
15 86 15851 114
36 59 58161 44
37 41 47090 893
2 56 16353 78
56 30 7164 69
98 45 7072 328
53 2 12985 291
73 1 10754 121
88 11 14984 107
59 15 30260 195
32 84 13912 166
47 14 22234 166
58 86 10300 101
40 82 23645 276
21 56 7212 93
61 62 16544 109
70 92 30903 1018
71 90 23920 170
39 89 7786 285
43 47 90732 109
80 98 11311 305
94 76 7157 25
44 78 11611 184
47 63 1923 92
95 71 91514 85
79 39 14787 1237
99 35 22560 114
55 25 6468 95
25 74 7335 319
81 91 1573 26
49 15 25571 67
92 53 7023 529
18 100 88555 17
24 17 15252 376
41 29 19037 492
66 18 15507 64
79 62 27782 63
85 77 6928 398
28 17 5675 135
53 71 12851 1268
36 18 10897 140
68 32 190471 285
14 45 15582 26
54 1 6811 37
47 90 20768 136
20 26 23072 49
90 5 73521 161
17 20 97116 107
52 87 48743 36
49 83 7166 57
10 5 11942 45
59 66 34252 97
66 93 20941 77
29 11 5257 126
57 19 34203 77
82 51 102832 258
24 89 29514 100
59 86 31925 572
20 57 45114 69
45 21 29140 755
12 5 34700 68
88 90 6652 124
62 11 9185 328
91 11 32751 332
9 74 13875 61
96 23 139205 454
7 26 65861 67
94 29 7667 100
77 55 45909 115
81 41 11833 82
93 6 5562 701
34 54 77120 594
15 39 7912 213
15 92 32348 533
100 31 30005 29
36 11 21147 221
63 100 76785 1005
92 94 78434 437
46 88 30049 34
66 61 49198 67
49 31 29359 229
29 51 14283 501
45 90 4037 22
44 20 167972 231
49 46 13011 39
38 83 56096 211
22 87 6069 146
38 81 7450 382
33 32 4214 583
90 41 36839 16
75 46 18632 328
50 87 38605 30
72 42 18831 257
77 13 11185 42
96 67 109243 9
12 58 87651 86
29 63 50228 54
65 45 6335 309
93 95 9375 112
56 64 14569 850
70 76 23699 64
26 34 3005 76
77 61 8348 127
96 18 14779 168
100 88 23842 26
30 1 9093 352
26 8 76824 354
28 48 58304 75
80 57 138038 128
38 18 8325 273
82 94 11389 178
20 19 19759 33
8 2 11852 728
19 95 41215 794
36 86 43701 101
50 55 21806 75
87 60 79229 929
44 54 21394 146
84 31 7656 405
10 77 214030 94
67 51 26637 582
19 54 13896 23
10 58 34545 272
60 85 7880 55
85 32 19573 39
67 47 6607 559
7 66 96893 200
99 55 61970 373
58 10 1448 531
60 93 6665 324
7 74 21819 16
1 72 25365 808
40 99 15515 124
96 10 17840 288
39 75 47960 115
31 93 10321 217
7 1 85090 64
51 6 30927 228
15 89 8881 128
27 36 4404 521
73 84 24432 188
26 59 110377 116
57 51 20941 116
74 94 37070 537
14 71 5510 206
44 74 36987 174
74 13 10584 253
94 23 17028 587
8 59 47449 91
85 61 15096 170
79 24 46679 187
95 28 22609 129
77 97 28456 131
96 29 68851 54
94 40 80222 235
13 99 21698 30
40 11 25925 338
4 22 17918 54
79 18 20807 21
37 68 9953 175
58 35 16526 72
59 98 8841 174
63 57 16438 645
70 75 6946 21
45 87 5937 54
55 11 13837 219
96 54 121699 260
91 50 12212 197
2 100 106154 108
92 70 5302 105
86 33 22056 100
9 12 5305 105
40 74 121232 70
4 25 2359 14
45 38 32604 40
41 34 59115 68
36 45 43080 359
21 49 48284 72
42 53 4828 722
89 75 18150 325
68 3 41558 271
6 98 61351 150
11 49 9298 314
69 42 15369 103
44 90 39084 124
45 31 94888 772
13 84 38995 305
100 27 7297 189
20 86 28552 125
96 64 80477 534
69 73 64748 176
62 93 228254 60
4 54 44717 184
88 93 8476 124
45 23 25760 231
89 68 9907 296
61 64 9537 83
74 81 44314 1610
48 19 53633 252
51 91 51245 250
25 91 17895 1940
71 77 56756 224
61 4 33773 384
47 94 18118 77
18 36 25205 36
11 86 5524 57
7 8 10091 361
71 39 8001 351
55 87 22719 1077
68 88 25390 236
39 92 52343 35
31 70 26683 60
76 47 27803 136
30 64 43503 162
69 85 23700 27
26 30 153464 155
27 100 15521 115
56 93 12080 567
54 39 10511 163
62 97 43676 174
47 48 40703 101
42 61 3882 156
80 19 28311 212
81 20 7306 190
38 41 20280 83
33 56 9497 160
38 36 199521 186
64 42 24055 38
66 27 8965 107
62 7 52875 28
90 15 7613 595
66 28 14346 878
51 10 7468 370
39 43 14345 1140
22 89 16597 41
41 37 12837 98
98 62 7355 90
50 65 5181 338
69 41 3376 58
59 25 92053 182
17 41 14410 238
91 23 6522 37
12 67 13434 215
24 47 16227 60
62 95 8495 62
92 100 73727 375
58 57 322548 27
96 62 5081 192
13 20 25441 153
82 92 115240 219
40 37 24925 71
17 8 6536 83
92 29 14959 56
98 64 49723 35
44 61 15429 259
59 8 4668 1474
42 87 15142 30
92 54 5331 127
40 8 20872 177
36 83 52898 140
10 14 8193 126
11 75 165722 1185
67 64 6672 434
93 36 288694 251
99 88 22985 101
14 89 28169 184
4 96 24115 66
46 93 3951 133
39 76 75625 469
79 85 3791 988
29 36 39348 186
4 39 50943 64
8 13 83721 234
60 25 26219 253
70 35 131745 139
28 57 51913 678
34 17 39354 90
4 50 2661 67
28 46 4171 394
43 61 14702 189
20 5 4325 116
19 83 12048 77
64 17 52043 347
41 59 6865 313
97 36 7479 519
12 51 9639 34
58 50 2184 114
64 18 45566 130
39 45 36497 94
21 13 29534 47
36 79 31916 98
55 49 60951 874
33 1 83258 260
32 41 25554 61
35 43 13512 553
41 56 657749 111
95 97 153239 286
85 56 25360 128
81 68 30669 1089
93 62 31788 240
30 40 55239 175
31 74 25094 84
100 90 8587 194
76 77 439 191
66 58 2177 1066
33 92 177862 472
41 40 16580 104
56 31 13622 498
72 45 32865 95
46 10 11123 20
26 5 17864 792
60 56 14200 159
3 8 82605 239
45 54 4417 309
75 49 38531 184
83 3 47246 324
72 404
96 88
66 72
57 37
54 247
41 446

10781175
