100 499 3 3
39 71 50029 151
39 43 4364 68
39 5 26482 189
39 79 3626 372
39 53 31225 178
39 56 41576 205
39 78 27565 80
39 88 91928 77
39 70 14615 247
39 45 21397 69
39 48 50102 473
39 94 28488 31
39 92 25121 187
39 86 49889 43
39 3 26595 190
39 85 234512 36
39 44 87244 946
39 30 19860 48
39 65 10171 68
39 32 57939 324
39 100 21484 77
39 60 46327 160
39 95 9024 207
39 67 18242 293
39 11 9486 115
39 37 16981 47
39 9 51565 100
39 38 7462 177
39 2 10407 429
39 18 11961 181
39 23 82325 142
39 54 14448 28
39 61 42496 190
39 17 7049 162
39 93 28997 176
39 35 15443 371
39 26 65863 213
39 69 7844 190
39 74 6844 62
39 84 9383 90
39 89 27091 51
39 4 3155 230
39 34 2127 177
39 49 9243 276
39 25 39810 305
39 75 48714 156
39 8 63767 404
39 41 50115 373
39 24 2028 177
39 51 6250 73
39 10 68205 169
39 33 7639 18
39 16 26271 428
39 58 41400 596
39 21 14147 232
39 99 15145 90
39 91 14737 134
39 82 45467 192
39 36 17758 121
39 68 10469 371
39 55 36536 35
39 81 76762 47
39 72 138294 48
39 1 25276 58
39 87 55844 91
39 50 105731 127
39 64 8399 107
39 98 82881 198
39 90 10016 130
39 6 5188 81
39 83 6151 2094
39 13 6095 85
39 52 16699 44
39 20 48510 119
39 22 7488 796
39 76 116458 85
39 7 69931 311
39 29 70640 127
39 28 10183 64
39 96 44493 612
39 15 466037 182
39 73 111586 67
39 80 29503 102
39 77 21850 220
39 40 31710 658
39 57 27335 24
39 19 48814 141
39 59 108892 206
39 47 29048 19
39 12 21884 455
39 31 27874 544
39 46 21784 585
39 27 82069 253
39 14 4176 771
39 62 75356 132
39 66 48727 248
39 42 17016 19
39 97 46153 293
39 63 8008 521
85 46 10139 840
22 51 11818 24
47 97 24918 19
64 41 32696 21
56 55 1306 242
18 89 8702 422
77 38 63954 82
48 90 27932 91
74 86 7719 134
36 86 33640 49
10 54 21036 134
86 1 10768 249
50 41 13592 193
85 44 10523 81
78 12 16898 84
67 31 7561 557
87 70 47924 113
33 58 31584 115
65 35 34186 45
1 52 12483 100
69 97 36129 491
32 36 27441 73
94 50 30780 251
12 52 17907 129
75 61 202716 279
73 82 12926 163
48 60 26333 71
75 28 33577 396
21 14 5216 58
92 4 38168 174
25 88 41168 216
4 53 54770 73
98 95 82099 185
44 99 32480 47
61 91 16968 588
61 88 3658 290
71 3 9132 72
99 5 22283 447
70 90 39683 177
16 74 4956 188
47 20 61114 109
74 76 12635 52
9 49 39463 42
20 61 31171 118
87 89 8441 229
78 7 17389 81
28 24 6129 34
41 77 1984 326
20 18 8298 18
13 100 23192 151
70 56 29182 31
40 78 22915 137
69 45 30366 458
4 31 19094 311
78 37 30665 150
1 19 20583 148
25 97 117505 452
8 44 22267 64
62 53 40700 122
37 80 9933 182
89 16 29427 44
62 92 57047 116
49 30 4082 249
16 94 13961 83
5 19 1752 196
59 90 144574 40
53 13 14170 235
23 43 59091 77
66 65 10448 158
3 71 27666 79
91 14 11412 136
52 92 2520 421
79 88 29055 89
9 72 231247 352
44 75 90294 96
22 58 14558 75
15 9 155592 79
20 45 9610 958
43 41 34365 120
27 28 64926 51
48 38 13677 146
50 62 7389 52
93 47 35227 805
58 55 14176 187
16 43 10003 362
40 55 3262 35
95 17 10474 41
52 23 19287 44
45 16 23667 110
14 12 2336 78
30 62 133675 298
80 39 16601 222
65 56 12739 373
61 34 8267 50
58 5 13131 69
92 5 77431 332
14 52 12787 15
60 67 4675 718
51 77 36201 153
35 50 24572 79
34 81 19596 72
19 70 3298 349
99 90 7231 88
64 100 18807 24
27 32 18253 154
93 33 4882 29
84 19 25443 244
14 73 9150 69
99 11 9937 104
46 63 17475 366
20 21 67976 158
2 75 7356 122
87 38 86931 425
49 94 74365 244
97 44 14125 427
50 35 9991 348
6 9 47296 735
100 77 24035 2348
59 95 7506 64
69 60 8982 658
46 92 3994 724
27 49 62159 1308
51 39 22471 1066
96 97 5568 166
47 61 6661 159
82 25 19396 417
8 73 40153 21
24 58 9834 97
77 6 132384 135
11 79 39301 690
91 87 97045 224
16 72 11056 44
98 74 10737 56
27 41 7751 25
72 87 31886 92
85 88 13050 302
87 64 40505 107
11 31 41707 787
30 33 9249 26
17 3 40384 232
48 55 19738 266
23 78 61849 110
74 34 14599 255
3 17 47057 1215
97 21 30069 217
67 2 15669 75
30 55 52081 119
28 34 69000 35
10 79 19285 666
67 65 17603 127
11 54 7065 80
62 38 6290 160
9 91 7012 235
12 65 10455 119
65 97 49712 123
41 90 52630 143
76 18 42856 151
96 65 68192 113
18 42 14143 329
30 52 24362 156
51 37 102401 44
50 67 10788 111
83 16 13485 64
50 45 91458 413
18 9 9971 158
94 42 63794 341
27 8 40306 525
50 30 30348 323
43 85 34996 52
84 37 87021 43
20 83 50354 79
76 100 41171 27
99 3 18451 424
27 37 32475 855
99 80 295944 1130
75 80 22699 22
13 81 25792 14
37 9 72884 7
87 54 36891 269
34 71 19665 62
10 4 47109 147
98 33 23701 59
71 15 5813 236
53 6 14719 10
51 64 30527 40
58 80 34968 163
80 67 81738 22
75 45 32510 71
75 97 28932 227
79 18 11823 77
8 57 15305 330
14 5 23483 185
76 63 24305 262
46 66 10744 149
12 66 25304 170
78 90 29668 23
5 71 3250 67
37 2 32522 111
77 12 21952 158
88 10 345417 504
99 96 8320 168
92 66 128039 243
7 48 21766 261
25 23 29743 67
37 74 6132 288
30 77 52333 2770
84 53 34268 215
6 53 48868 320
72 50 31212 852
46 57 15466 191
81 8 11717 150
43 62 5838 696
49 29 44137 201
29 57 21252 284
37 65 55693 285
53 66 14940 38
29 10 82940 21
90 42 56519 29
45 33 37843 63
6 77 38915 593
70 60 18705 126
60 76 31722 374
33 22 25610 454
33 19 7945 112
97 19 17283 119
93 28 28933 358
21 89 25552 114
59 46 6731 153
2 59 28210 25
73 33 6531 403
14 81 60132 15
88 51 63661 17
9 43 31975 1398
84 47 18234 94
46 97 151994 335
21 30 11104 364
72 5 21032 16
55 79 11618 354
90 69 4089 1114
54 43 18757 317
22 52 45166 139
1 41 23590 270
96 35 20237 61
72 93 156563 267
41 22 49969 156
24 42 5189 148
57 75 30101 83
36 91 10289 117
82 60 24186 639
58 73 73471 145
33 24 18218 44
98 72 10700 193
94 79 11480 124
76 64 59829 185
58 8 5466 169
94 12 14714 167
47 85 115821 521
79 52 19454 219
96 98 17711 118
87 91 25390 23
38 96 55081 41
2 81 29249 161
80 72 20188 94
3 86 27303 944
36 35 36143 51
78 41 200784 118
27 36 31128 56
33 25 19898 72
76 98 97064 16
3 89 16935 425
48 33 70545 116
89 68 39319 158
88 86 3145 220
61 32 7349 109
59 3 18766 79
31 7 4539 135
11 58 15288 65
41 32 14529 301
26 68 180795 27
44 5 19475 62
93 94 63670 55
97 13 16009 343
31 40 47196 492
36 98 60950 1227
58 2 17589 172
64 17 13164 798
30 76 20416 81
6 56 47045 1472
58 42 2365 911
73 25 32515 203
28 53 7567 37
62 13 27388 129
76 32 11954 749
52 82 54568 88
71 64 57360 167
92 89 63739 40
81 36 41103 233
90 38 1273 37
16 63 5377 178
70 42 51691 666
77 22 9415 151
64 37 62098 280
38 81 18638 120
62 51 9112 134
91 51 8305 275
2 95 33923 114
58 23 24453 60
77 9 11503 45
82 35 16274 212
96 57 58245 138
29 4 15774 126
63 42 7634 52
50 6 85547 566
58 68 14844 237
65 89 32818 89
59 53 44018 90
96 15 6570 1261
84 89 19243 130
78 36 10644 131
88 84 81163 134
2 92 26570 77
26 56 33383 187
30 59 20770 11
66 12 32904 123
76 3 15808 97
61 31 108827 99
14 88 43717 68
51 60 4843 102
78 22 56062 450
6 8 60392 828
97 87 30559 117
74 55 63875 112
90 45 31235 291
25 66 15641 20
98 29 26204 58
64 35 173640 25
8 39 20062 133
88 6 14865 98
35 79 13537 1418
65 36 49210 394
69 76 103445 368
6 60 2736 77
55 25 87332 68
89 34 63393 120
71 9 4968 36
52 4 54178 600
5 82 56676 10
10 99 247652 813
86 10 78944 529
97 43 44543 210
62 65 55886 100
67 98 21948 18
37 15 10368 216
80 21 33477 229
95 38 3063 197
56 14 25264 51
40 18 7128 584
23 16 26180 68
70 35 83580 335
51 97 61056 303
93 48 52166 131
11 22 160977 66
100 71 21289 64
57 79 33067 225
49 78 20116 254
100 94 8255 187
52 61 34978 20
90 52 21653 68
61 90 18514 335
27 45 19514 239
51 21 3045 819
64 96 14413 525
36 16 49119 135
59 91 97971 231
73 84 15136 154
56 87 160756 880
22 57 19975 71
37 71 25649 243
51 59 123361 285
77 18 37229 103
68 56 48977 150
58 65 12101 115
43 24 13396 75
54 42 61678 164
26 46 26238 73
26 53 37995 32
25 80 45436 93
65 8 5271 88
56 79 11009 127
42 44 4917 34
11 91 2473 71
15 45 20711 85
99 54 13921 63
12 51 5184 85
99 49 38522 112
44 71 3742 222
60 7 46285 498
14 92 20167 1962
25 77 11163 160
41 65 28542 36
39 297
58 110
99 48
97 83
65 64
42 18

2353438
