100 499 3 3
83 79 69040 607
83 32 20317 224
83 71 4954 149
83 76 21296 98
83 77 20917 124
83 75 12615 210
83 89 10081 33
83 97 4907 233
83 13 51887 184
83 45 28592 232
83 50 3066 37
83 44 7915 77
83 43 35412 147
83 28 60413 222
83 98 36437 322
83 46 58302 54
83 55 18150 266
83 8 33118 229
83 15 18011 71
83 67 53433 299
83 21 29166 94
83 68 7120 157
83 56 58695 95
83 9 29999 336
83 78 31147 53
83 88 18260 178
83 24 16686 229
83 3 14294 24
83 86 12881 47
83 61 34067 87
83 58 25776 61
83 19 54193 255
83 47 60188 114
83 41 67293 87
83 20 6855 210
83 5 18128 193
83 54 5716 142
83 39 38918 295
83 80 17842 353
83 73 44151 354
83 72 46454 368
83 53 56642 436
83 16 68968 71
83 91 23158 37
83 63 12167 346
83 4 16337 160
83 48 58222 87
83 70 16386 30
83 11 169135 380
83 35 5813 3637
83 30 7051 129
83 62 48654 149
83 92 15207 258
83 60 10559 166
83 99 26003 157
83 85 27410 70
83 36 21161 549
83 2 22903 200
83 96 14489 408
83 69 3572 113
83 14 27613 303
83 49 27647 63
83 94 61775 506
83 17 18555 40
83 23 20681 184
83 64 2204 2474
83 38 4732 511
83 66 2504 172
83 25 7667 355
83 84 113918 182
83 74 126818 74
83 65 20850 23
83 81 40115 526
83 52 65614 1172
83 10 18367 123
83 100 67769 424
83 57 12488 192
83 34 10563 42
83 90 36711 362
83 7 16303 174
83 6 58863 33
83 29 16040 79
83 59 21410 35
83 31 15916 381
83 12 11571 288
83 22 85199 78
83 93 9402 10
83 18 4382 169
83 95 27484 131
83 51 69693 190
83 82 37541 182
83 40 3551 13
83 87 51605 218
83 33 16666 41
83 42 14134 271
83 26 28212 783
83 1 35331 395
83 37 118574 277
83 27 14238 80
62 53 124364 167
65 5 6237 154
76 27 105944 142
50 53 51018 403
44 50 39739 99
96 72 36205 515
11 97 30557 82
82 10 13788 364
72 84 22685 90
71 78 11099 120
90 78 41969 570
46 22 29548 140
76 94 29013 141
64 34 27393 75
94 90 14462 439
87 89 14531 269
81 46 13387 281
73 46 51554 24
32 54 10017 170
65 46 7526 193
77 80 15176 864
33 17 12723 20
12 5 9898 52
44 25 9284 97
30 92 118656 82
58 73 54042 104
62 22 100527 496
11 44 13458 296
61 13 30327 259
3 38 30030 255
68 91 22349 58
2 8 12019 378
77 96 13447 523
67 71 43635 77
90 29 25838 143
68 85 13629 69
54 44 21662 90
70 65 20193 582
51 22 5032 140
56 44 75533 100
50 17 6770 112
39 53 84964 24
5 79 13331 42
36 26 11418 135
52 56 2409 146
1 90 16204 82
72 69 10701 95
20 42 23659 76
56 83 30663 358
87 43 57294 289
55 54 5503 246
90 20 15364 101
51 42 96168 411
20 14 333715 152
49 100 4114 48
67 7 15043 55
13 12 58709 79
62 100 7498 48
77 36 65022 252
20 28 91270 39
21 55 19267 105
5 42 45597 316
63 12 30319 130
78 30 5305 1122
27 78 7304 118
7 43 53688 144
78 16 5458 46
72 85 5399 338
98 5 16895 485
43 93 76116 122
88 3 4738 49
58 4 153278 66
52 88 5287 29
23 78 8167 188
9 48 2311 78
63 78 20941 23
11 51 34291 63
44 80 16132 89
15 7 41426 97
93 35 11851 85
99 66 12855 28
44 90 12841 80
68 49 6455 164
37 5 34018 44
92 99 300309 19
10 99 1221 32
65 40 22990 531
9 99 20500 102
51 58 10285 148
34 21 2654 114
39 49 29361 119
55 96 25100 395
55 18 12625 509
39 11 24914 55
90 19 62469 65
88 14 16280 140
99 33 23960 294
69 74 29879 47
34 49 6436 294
23 31 8105 76
44 79 41767 80
57 27 35293 246
91 74 20153 158
28 81 5762 935
55 20 145759 248
10 98 48615 244
92 38 22161 385
21 1 8628 12
15 27 20826 202
48 91 152599 56
60 42 7917 288
87 76 76686 207
23 46 16789 98
49 83 11486 186
85 74 2010 231
37 96 62692 97
51 85 7395 53
46 1 23565 28
39 26 10869 251
74 69 87307 245
78 66 25489 321
30 23 51631 664
90 100 127154 131
47 26 29323 255
94 29 40575 16
62 96 7875 42
14 24 36753 149
67 81 13035 58
46 61 36888 71
74 35 192336 49
2 72 38034 582
97 88 60371 1495
99 58 56161 62
98 65 13693 85
72 81 9291 86
54 87 12273 42
70 76 17093 351
65 48 15512 348
34 100 11302 105
79 15 26887 259
72 19 17418 312
85 14 25745 226
76 63 9892 128
71 30 19432 636
27 67 39091 780
63 20 7672 28
48 9 9541 283
25 19 39826 243
89 83 49401 248
20 89 3877 40
45 91 32573 297
17 3 6669 63
21 61 28747 474
4 77 53383 233
94 69 6956 28
79 12 34004 59
89 24 35307 118
40 96 34757 216
78 59 64516 498
12 89 4004 114
61 16 19144 264
23 30 10603 75
37 35 14297 36
86 34 14347 543
13 53 7678 138
28 47 7532 185
42 97 64656 512
64 78 55177 139
40 41 6334 119
71 75 29751 586
69 6 8348 144
54 35 145410 15
12 97 70334 25
63 11 56040 1448
61 48 32448 77
68 73 69302 36
42 99 11552 179
71 84 4342 299
76 9 5160 93
14 65 45607 233
2 86 78163 194
58 37 5132 226
52 30 34484 41
72 54 46481 330
46 4 35296 296
100 95 35538 114
4 46 24856 51
73 67 21797 53
56 4 12789 33
15 60 44706 308
75 34 38963 63
96 77 12490 422
25 1 12373 257
80 14 8843 40
98 88 23892 195
73 94 51198 86
6 89 14958 113
91 36 7759 71
76 75 13785 339
43 15 22387 174
42 84 15561 175
75 88 21574 287
63 96 15605 92
15 91 13810 10
52 87 8227 32
71 50 23694 183
75 74 55306 233
64 86 25140 226
21 5 43873 111
47 52 4490 257
17 70 34302 196
65 24 7981 98
40 9 170722 22
60 40 25382 159
51 65 6158 77
24 10 76353 43
51 84 25421 281
38 51 21429 104
73 74 3932 1405
27 98 24708 837
62 63 10240 187
34 40 97542 378
81 31 18339 104
60 4 6557 197
81 5 18734 142
84 29 52415 32
6 87 16322 197
38 26 36464 230
28 93 23480 199
53 83 30405 318
1 32 136792 48
97 93 7746 294
82 5 51505 113
69 96 9688 41
37 99 60243 21
42 86 15641 53
21 38 9135 101
6 42 45155 286
94 49 33341 178
80 44 31957 111
12 42 28012 17
19 82 15962 154
72 28 24836 19
72 11 10254 442
73 58 10322 381
3 95 22484 291
14 81 32667 379
69 4 19248 101
57 21 53558 164
67 5 4886 106
9 18 2701 15
49 15 16246 539
84 22 10105 931
57 91 63010 107
43 68 12867 32
85 64 36544 92
59 80 25400 138
72 89 36932 168
9 95 6254 267
16 38 23869 301
93 48 117208 107
79 44 4733 561
6 85 21593 287
41 14 12903 495
64 24 9116 82
50 74 19411 96
49 94 15487 544
23 76 5290 33
13 26 4997 57
57 17 51780 379
56 38 10586 462
45 25 52767 556
33 31 54126 340
93 20 6002 41
38 48 17669 316
84 34 88342 107
87 90 61738 342
89 38 18722 202
14 6 7995 97
84 37 21101 182
89 66 10736 150
95 15 25219 169
96 48 10552 189
80 24 79790 25
18 50 49766 137
49 69 7858 92
91 43 20125 204
38 35 102612 233
38 10 113511 14
76 96 72709 113
29 68 14791 65
18 45 13573 354
31 85 6585 208
4 21 219003 57
97 52 18512 58
34 69 11346 100
87 86 5313 253
69 85 14845 56
34 58 37027 487
22 65 20046 43
73 26 54773 112
80 3 22981 74
62 37 23218 65
19 12 15487 89
38 14 22096 110
91 82 854 220
4 6 109046 24
84 61 45602 426
74 85 17382 262
52 83 161311 85
85 47 47881 89
56 45 34623 44
58 14 16577 103
61 54 51396 187
1 51 5702 155
3 23 36542 29
33 49 10558 120
42 29 39280 226
79 100 17077 60
91 10 23512 40
18 97 35626 390
32 77 83741 403
42 54 82072 27
36 27 17699 61
63 48 14824 81
67 28 16341 112
37 15 29026 263
82 41 37563 21
81 68 81001 196
11 3 69976 106
84 81 14590 122
13 75 102823 257
68 65 7922 43
8 84 111359 182
12 54 39044 211
52 2 36302 193
61 76 18361 364
95 48 226107 103
81 75 61454 85
80 37 72610 92
88 42 11404 127
72 10 22811 227
72 93 80460 193
17 4 17488 80
8 16 47064 149
9 38 13802 35
38 49 11642 529
51 67 10263 70
53 12 11073 704
77 6 25629 2077
70 18 19289 83
90 45 115656 87
58 28 9402 162
42 34 113257 115
49 41 11364 318
46 16 34109 110
1 3 36414 237
65 98 57095 47
43 76 23537 289
1 76 37988 340
64 80 73855 189
6 44 15036 1405
81 100 29091 239
38 93 10667 192
6 7 51402 106
29 61 18606 17
73 11 20193 137
61 60 38423 578
74 2 45115 170
99 93 3896 263
43 45 45513 62
45 49 28859 346
25 26 49134 52
68 50 70124 141
11 68 2740 53
78 12 9043 147
23 83 2787 216
43 58 24942 213
73 29 67188 131
45 10 11500 14
52 92 17719 24
22 29 15246 132
100 51 15575 138
96 88 24497 214
84 91 119671 99
40 62 65702 2830
84 20 76747 154
100 34 31700 171
84 23 27976 335
61 9 47127 69
25 51 3465 553
85 12 39594 133
43 91 3999 832
8 25 13519 546
84 17 65524 231
89 19 40575 253
39 37 12467 82
4 26 9652 214
53 90 15075 304
54 63 136844 458
83 990
72 231
84 30
96 143
48 631
26 309

26333124
