100 499 3 3
93 72 17937 122
93 79 8814 129
93 84 75851 62
93 95 11063 185
93 92 72731 73
93 64 14878 123
93 34 331985 24
93 35 28620 1122
93 12 68171 190
93 82 28431 97
93 30 9892 346
93 18 70078 174
93 3 97806 104
93 85 23741 146
93 46 67446 90
93 36 6709 92
93 7 15161 51
93 21 46572 168
93 11 42479 365
93 71 11790 134
93 52 44440 207
93 42 61720 67
93 31 74183 217
93 26 58280 92
93 98 7061 394
93 89 2126 565
93 66 7870 190
93 99 26273 153
93 73 222337 1165
93 29 42053 93
93 10 20786 126
93 51 203923 538
93 39 8529 302
93 60 4535 36
93 8 6655 247
93 100 37460 38
93 19 22464 358
93 69 31946 69
93 94 30751 508
93 40 15097 85
93 9 16073 225
93 88 10138 66
93 43 86514 98
93 23 21016 107
93 16 26240 291
93 15 13785 5334
93 37 2956 20
93 47 4195 107
93 1 26303 207
93 57 35439 3775
93 83 21336 236
93 74 58804 196
93 70 90073 90
93 61 28971 100
93 67 155050 274
93 33 28771 30
93 76 7535 258
93 41 12113 80
93 13 26889 57
93 2 15507 101
93 48 6072 44
93 68 15244 82
93 49 24902 85
93 78 13792 37
93 77 1876 127
93 90 8175 76
93 24 4154 20
93 58 34988 145
93 5 15101 60
93 32 17604 351
93 62 12009 1759
93 56 72667 286
93 86 131774 96
93 53 32499 98
93 4 2777 319
93 55 45608 764
93 75 17267 51
93 17 41125 66
93 6 12018 44
93 20 217675 613
93 54 10191 532
93 14 6634 256
93 80 34669 131
93 59 44074 191
93 27 94337 52
93 38 12647 97
93 97 13582 150
93 87 14310 148
93 63 2924 182
93 44 95297 80
93 81 8298 265
93 25 13632 105
93 28 16030 174
93 96 58187 449
93 91 7807 241
93 65 56542 51
93 45 18579 76
93 50 7752 60
93 22 9852 257
66 65 29989 73
3 16 21521 174
47 31 15289 260
71 98 13807 324
91 82 20783 161
82 96 5337 74
68 46 12804 147
68 95 41241 143
56 41 4723 342
80 15 14448 56
14 5 34808 40
50 13 38672 55
70 5 6935 13
17 53 28826 66
45 4 28013 128
8 88 66768 183
86 2 273142 1320
55 8 8610 255
58 99 11049 153
72 39 12542 308
50 35 34950 271
7 94 20442 44
73 28 10310 51
32 66 2953 58
12 77 71961 450
97 59 43934 106
75 91 5238 396
92 35 15407 76
2 5 10328 256
92 8 54265 283
84 56 40067 176
3 88 16658 44
89 100 10852 150
99 76 3539 44
88 55 6252 1128
42 60 8301 269
86 41 30296 347
3 40 6525 500
88 98 10131 93
62 32 44390 149
75 16 22630 351
76 13 27137 1007
35 12 57179 3572
33 53 11140 321
34 65 30394 1299
72 40 8714 86
41 59 29944 203
19 47 27483 241
96 28 16744 34
98 42 25421 87
19 49 12367 165
25 28 25171 269
72 20 27525 106
48 18 40541 142
13 52 80699 331
60 58 12398 186
44 68 58130 47
47 40 24986 99
9 8 27283 63
16 34 15534 415
94 95 17833 81
57 66 30026 564
90 91 74010 21
45 29 3361 636
73 89 6031 239
56 85 39670 49
64 46 8053 190
57 86 18990 585
46 22 82901 64
89 12 20805 76
13 17 23349 234
15 76 53110 126
5 63 130406 85
97 5 52302 447
62 19 23035 323
89 66 12009 54
53 14 33946 132
63 12 31609 708
15 45 39424 1368
85 40 28749 22
98 92 70026 86
77 31 4922 461
77 19 54077 826
59 66 17068 79
14 15 10078 71
38 53 12578 239
30 97 71237 53
20 71 14100 10
38 32 28457 479
6 65 874 121
88 68 41672 437
12 31 27048 155
8 54 27098 672
82 24 23334 64
96 3 11328 360
89 10 3811 36
16 53 7443 120
99 81 75474 545
44 21 21036 280
3 25 19402 85
92 45 46103 95
33 48 23572 28
58 1 17599 127
66 43 5491 168
21 45 10104 51
83 52 3301 961
68 73 317483 217
78 55 26169 96
2 62 22865 83
83 57 42431 119
31 55 16361 20
20 5 2807 1079
66 50 65562 237
77 70 3853 245
13 8 37787 108
83 76 12856 402
73 69 51881 85
23 100 16177 84
89 42 74365 559
63 37 10484 299
1 65 30158 107
30 91 95912 253
25 6 22089 98
12 19 50041 22
8 46 1773 28
11 63 23021 95
23 84 66129 722
35 25 43359 83
9 56 63003 869
36 23 23846 343
94 1 4689 453
34 92 39460 120
57 98 28446 3157
9 69 9206 232
71 47 9367 35
94 75 14918 766
85 2 21886 223
71 61 34137 160
29 35 22764 122
48 85 18070 565
20 22 13664 115
76 5 9259 221
95 13 22591 48
67 92 18389 226
76 17 11610 245
29 87 16746 86
91 88 9325 106
76 38 9719 91
40 22 78477 34
42 86 50960 56
11 80 42644 326
56 19 47409 42
16 99 42321 251
47 99 10228 110
80 86 14540 357
86 61 14598 270
15 85 13014 46
79 52 4363 46
3 65 106053 39
40 3 5192 98
63 79 7581 83
73 56 24484 115
40 63 59678 116
60 89 20457 61
74 18 84331 55
4 73 30856 175
13 81 16290 702
57 60 31304 540
64 23 52434 1486
63 75 42304 2230
74 88 16239 59
8 48 21374 86
73 21 3361 41
55 12 5047 709
4 96 4616 88
9 76 7990 109
65 79 41660 91
94 30 18098 642
70 23 15884 59
95 12 17615 138
24 99 37932 755
9 52 19593 73
87 12 8577 129
91 98 29901 57
89 86 48167 2815
44 74 33837 190
20 56 7522 216
32 64 1867 394
26 31 16509 172
47 52 18029 455
18 98 36924 175
57 27 121446 173
66 36 22583 41
80 97 20505 736
12 53 13012 12
63 29 3200 308
31 52 5372 691
99 42 32184 142
87 4 12229 270
55 35 4082 301
3 59 19658 292
83 64 38199 99
77 29 29914 53
5 6 62665 87
17 67 23483 15
30 90 17154 155
72 49 23932 147
91 62 12972 417
83 11 33246 134
11 81 18675 151
6 38 76174 105
31 24 33534 109
68 44 9469 298
2 13 14309 191
39 92 11957 177
52 97 6410 36
11 24 12363 263
16 88 8102 278
78 41 87794 262
57 22 20283 548
9 45 89784 97
5 15 10189 22
6 83 18673 195
15 1 22388 151
28 32 14828 58
83 39 15466 49
47 50 22143 80
1 73 8703 345
80 32 40625 150
58 45 33054 948
79 35 44901 36
66 69 34968 17
65 23 8491 276
88 57 36754 76
39 50 11047 190
15 19 39310 362
84 40 16072 96
23 62 27928 244
56 11 22103 25
16 81 11368 125
56 54 44569 88
94 85 63470 284
8 63 21131 183
59 42 2122 43
56 76 36921 39
99 90 4171 242
53 45 41115 253
51 5 17837 33
30 73 49344 95
23 33 18066 77
34 85 28711 7
31 83 13977 93
47 94 8301 28
26 77 12213 176
37 16 29712 216
68 96 9968 1666
1 21 25142 209
76 68 25425 62
15 25 32892 57
1 6 44658 15
86 33 1248 28
100 7 23240 67
32 84 44808 190
50 7 6184 247
47 6 138934 200
27 91 13944 80
4 18 141453 38
36 68 11033 68
94 23 52589 20
90 47 35044 262
32 57 53275 195
75 32 41925 433
38 46 42538 312
77 90 6889 403
32 17 237516 233
77 61 8579 75
27 61 3524 129
56 51 16348 65
3 61 10290 37
54 29 7243 270
38 6 2640 907
89 21 46650 293
44 33 12500 110
44 8 29812 28
17 77 21364 30
44 39 28706 118
84 38 23201 457
96 75 25909 89
37 55 41088 81
47 86 27477 21
69 75 113333 120
95 65 27418 259
56 90 29736 1053
47 82 58038 123
60 16 199950 117
51 4 28948 105
61 42 73984 601
41 8 32007 183
30 75 34537 324
99 78 7610 749
44 94 8157 114
58 73 27154 348
52 24 23503 14
24 63 19474 43
33 95 10070 27
25 70 17371 191
65 72 6478 99
28 69 63080 122
69 49 23727 189
13 58 22865 453
12 57 2361 18
31 45 40075 236
75 61 2773 312
62 38 44215 104
38 100 60933 317
66 28 41485 1366
92 59 18106 36
28 78 39273 381
90 48 11656 609
22 86 20231 63
61 90 44813 501
47 12 39279 466
62 87 3430 50
75 52 67477 1398
71 8 14157 58
16 75 11605 46
48 92 2820 65
36 17 92286 326
54 88 4791 255
96 62 15732 161
99 85 22917 61
57 79 112427 161
68 53 181391 77
27 17 8971 240
30 74 5183 106
86 74 51330 333
68 62 23687 105
17 41 21730 238
34 27 22712 58
3 71 16941 126
7 72 4323 137
99 64 29819 520
76 81 101112 50
88 40 28512 132
22 15 2848 188
54 90 13902 56
11 68 20400 229
51 38 12961 35
83 59 25221 447
18 6 78620 161
59 3 14537 223
67 1 26675 717
41 100 51883 62
15 52 21210 31
87 5 7290 74
72 97 15856 403
10 37 20775 373
30 49 104307 131
33 90 26337 367
61 73 14534 148
10 17 103219 409
28 90 70928 72
63 65 31231 92
44 55 12855 100
49 32 9135 42
58 27 24744 972
13 23 9379 87
79 61 83321 887
4 100 77715 25
27 90 27787 42
55 91 25855 192
29 59 8562 171
75 71 4577 97
55 43 42649 139
75 87 10830 784
23 24 10542 362
45 10 64823 87
6 69 159532 172
18 84 93058 405
24 21 41489 119
11 77 10653 160
79 28 11841 163
91 63 6230 89
57 53 20175 322
5 95 31983 118
66 73 30978 76
24 35 38009 302
68 18 9046 411
10 77 10262 158
47 17 68773 84
41 65 75946 602
78 73 29449 727
22 46 66323 79
78 32 4966 42
72 65 57596 939
72 54 36681 121
33 7 59595 1286
100 38 10556 114
29 92 58484 313
57 99 9133 306
93 396
47 297
57 324
90 271
65 381
73 23

15439920
