100 499 3 3
79 76 23708 97
79 99 122457 218
79 90 9162 295
79 53 35725 309
79 16 63229 2274
79 41 48798 60
79 60 21100 199
79 55 2213 121
79 95 69929 45
79 40 10339 395
79 96 39106 111
79 68 3632 32
79 71 48743 122
79 26 21754 32
79 57 12757 466
79 13 53844 139
79 32 18654 71
79 80 12644 86
79 19 19618 143
79 65 12983 436
79 88 19762 170
79 87 3604 180
79 73 28659 288
79 50 29654 253
79 62 13554 564
79 70 6144 36
79 29 14352 97
79 48 13435 269
79 30 22930 107
79 39 37271 166
79 9 87554 127
79 83 2797 59
79 24 17746 19
79 81 20086 116
79 7 19470 102
79 75 29562 598
79 78 7387 63
79 58 15390 117
79 100 15264 80
79 22 32501 151
79 23 5605 278
79 17 100918 74
79 28 3208 630
79 35 16973 162
79 31 47627 539
79 86 12343 151
79 10 68589 196
79 63 39793 85
79 43 51500 461
79 46 14638 26
79 1 46016 25
79 77 42847 163
79 52 8369 328
79 85 28495 122
79 12 6906 104
79 69 4492 147
79 84 2107 227
79 97 44371 107
79 54 40617 308
79 6 9975 50
79 44 70478 289
79 33 21446 600
79 8 80161 1265
79 66 66731 121
79 3 16399 20
79 5 10694 270
79 4 14045 165
79 34 24247 127
79 21 181068 137
79 64 57971 56
79 51 25542 246
79 42 57310 140
79 47 14650 418
79 94 22661 235
79 37 7557 141
79 92 26672 174
79 82 65544 325
79 67 56625 216
79 2 18637 287
79 15 14224 33
79 27 45879 73
79 56 26437 223
79 49 13011 64
79 93 26742 92
79 38 85165 371
79 45 41327 47
79 11 18508 287
79 91 20782 116
79 89 6837 68
79 98 48662 201
79 14 80961 217
79 36 24957 120
79 61 5847 165
79 25 16868 1589
79 59 50124 247
79 20 9036 101
79 74 73764 206
79 72 95739 7
79 18 3657 567
45 82 13196 58
58 95 10747 243
46 39 21278 267
60 35 3818 106
89 80 9628 109
3 33 28134 25
4 12 25211 315
25 34 14948 165
10 30 24542 45
50 28 30877 291
7 10 22648 122
43 42 18989 36
22 15 8172 38
14 77 22687 204
75 91 3086 89
6 78 29806 48
46 37 4873 182
28 47 7225 213
35 27 8855 901
32 86 10486 20
83 36 17031 724
77 21 14994 290
22 92 52037 62
18 50 29214 262
67 11 46187 48
4 69 17326 165
84 24 19585 35
65 47 15885 92
2 12 46083 146
78 33 10799 624
49 10 10345 119
85 25 41093 74
64 63 21934 1497
80 14 7865 92
93 53 61794 106
78 35 5965 658
43 2 4187 205
62 8 41184 54
95 58 118213 481
42 71 16106 641
38 60 13109 85
1 18 19685 64
43 97 151499 222
65 38 7906 163
27 51 21107 153
89 8 23768 29
52 39 21665 101
95 68 39499 88
8 45 9689 24
28 46 7264 34
100 67 15849 158
25 4 20090 187
21 19 218951 386
4 57 23296 308
16 99 36750 67
91 57 23010 28
20 22 26319 63
17 9 13089 263
4 85 63925 134
30 88 11250 98
7 3 35591 446
81 1 29878 272
66 84 9873 120
72 87 34538 309
49 71 21607 365
6 88 28072 258
35 59 11855 313
6 30 8804 110
5 78 6537 66
10 26 12440 59
5 45 20558 547
93 86 31471 173
73 18 150137 173
23 34 33193 145
95 60 5693 695
38 42 55596 63
36 5 17042 49
37 8 52104 73
50 62 16433 115
18 32 4716 489
18 34 8462 158
96 52 14315 499
82 74 44710 130
84 56 14285 234
40 75 13239 52
86 24 66844 354
84 14 25791 218
68 14 103865 45
90 75 9487 503
31 29 11745 135
9 93 9588 210
78 73 13032 217
59 49 11228 10
99 97 57743 261
57 24 21946 64
41 76 12544 564
86 41 12995 46
45 8 24938 81
66 7 9094 474
36 34 21625 52
23 81 14522 158
93 1 12436 176
61 99 8430 50
86 72 34662 83
69 20 14338 86
49 22 8372 91
30 31 5896 291
77 48 26696 845
74 2 4162 809
20 96 8650 289
13 65 12587 45
3 83 21154 121
36 13 100889 255
80 84 14273 501
45 53 37484 397
84 33 58433 1573
31 36 9707 746
52 80 25659 321
40 21 2993 289
58 6 26750 121
64 36 54347 243
14 17 7789 189
51 82 48357 90
72 42 38928 72
43 52 5697 168
94 99 13214 167
28 61 10838 112
72 62 31997 1067
34 5 11441 358
55 79 14877 69
76 53 4189 189
93 58 38653 123
45 31 7220 237
64 97 4282 230
5 88 75603 124
10 53 42590 484
25 88 7957 32
57 17 9377 237
43 76 20483 337
43 5 2348 41
85 84 18482 94
26 4 4447 1027
60 33 9358 48
100 56 6023 109
57 95 51775 113
77 82 8981 103
6 74 25094 16
63 19 15047 412
28 12 34011 257
59 5 86681 108
41 2 55082 582
51 7 69108 304
92 55 35320 281
7 47 21735 206
36 35 27929 144
61 38 94076 160
28 55 256789 37
25 18 39602 57
67 21 33415 65
27 91 16963 552
68 63 26422 802
87 38 4741 126
24 81 15100 39
56 44 5072 182
84 1 10674 165
57 19 21569 85
70 8 41694 791
20 46 10020 456
14 1 41609 69
18 55 5331 30
82 95 23899 275
87 85 32456 64
43 51 7741 867
44 6 20132 72
49 26 6052 58
44 71 10695 54
7 93 16675 36
11 13 35840 723
41 21 9996 33
69 58 18204 53
98 83 24047 330
30 3 26643 568
3 96 23052 15
19 35 28158 214
47 93 127123 385
2 1 14277 38
74 83 15462 208
50 22 3880 538
85 13 38456 78
19 27 24933 231
59 38 8805 94
26 58 2688 355
93 90 75399 193
70 39 6698 337
40 52 18499 84
42 5 31956 367
16 72 21078 363
10 16 20258 165
15 1 8883 104
67 61 33881 120
62 49 14917 395
35 47 44066 1987
68 25 25114 558
39 85 66245 579
66 11 2749 113
2 54 9876 571
17 3 5153 135
88 95 15182 405
29 90 134826 95
1 57 9957 162
90 73 33277 61
96 4 15702 92
8 56 27183 91
57 75 40582 2250
100 42 4027 84
98 77 39028 133
20 85 92211 211
12 99 31325 38
86 56 9678 39
24 18 86006 46
31 41 51432 945
17 20 19256 228
86 76 14247 69
16 3 113432 52
75 54 29449 66
51 4 47431 72
83 62 16529 114
48 95 9460 93
20 61 29734 543
24 94 16987 125
45 18 113572 60
48 43 9159 68
95 77 167854 25
55 70 23166 757
37 22 28993 857
5 44 14949 115
20 60 29234 165
91 6 7217 96
35 88 39977 167
83 96 13817 539
69 38 44817 72
95 71 147311 333
43 83 41136 28
46 27 48912 59
96 60 27331 233
7 62 18315 145
93 46 24887 32
99 100 5856 90
47 8 24762 49
62 39 49061 75
29 51 21801 842
1 42 42267 110
80 34 6299 95
23 84 29590 39
55 78 16835 144
98 89 6465 81
10 38 26733 221
92 38 24640 1168
17 90 41685 118
92 58 65648 535
24 42 25486 138
7 74 16808 277
67 95 31321 249
41 95 16784 246
24 28 9427 574
96 3 3012 222
51 35 10687 87
64 87 8249 240
100 23 11976 254
49 17 35177 1605
87 1 46043 54
87 73 11332 67
50 72 5864 715
39 37 18630 114
52 89 48045 305
92 14 3802 81
100 19 219004 121
57 12 3020 116
90 82 104903 68
94 14 57551 67
93 43 19602 561
42 48 16044 112
87 65 126783 104
44 8 18996 167
38 94 21209 44
2 66 26066 153
13 84 7324 136
42 27 7768 178
58 16 17320 101
35 21 32284 199
34 67 14083 636
15 44 7489 45
73 81 100825 279
88 47 61051 121
6 12 38950 67
77 24 44111 78
8 26 102993 36
99 43 31848 269
64 25 24638 599
40 72 23815 102
12 17 9920 190
18 53 12352 112
3 12 12182 111
83 54 83351 256
18 10 12642 349
17 99 122748 193
20 69 3199 307
8 72 25774 272
67 3 103769 77
77 54 93547 231
22 84 8983 137
2 13 6648 588
68 2 2569 151
59 16 21178 41
87 10 39022 96
77 68 18856 150
19 38 6234 51
61 37 134544 268
21 4 10971 70
28 50 4541 59
30 21 29793 332
15 33 7181 168
13 43 28309 28
51 49 91547 131
12 56 12593 302
39 28 4276 70
85 44 25160 290
23 96 33307 34
76 30 22125 266
89 63 3619 271
49 23 55247 94
67 34 61242 107
18 80 96001 77
53 82 6941 167
80 47 65430 205
77 88 18564 90
58 54 111049 149
89 31 11608 271
88 29 1021 22
59 57 1637 97
2 18 18997 21
58 63 14846 253
15 68 45979 411
60 86 24456 184
68 36 24557 162
80 51 12892 87
91 65 17537 1657
51 74 25846 6
61 71 21876 183
86 6 9681 244
1 86 30088 106
58 36 75599 123
93 65 42982 189
67 41 7873 99
39 72 24227 856
68 81 2207 39
78 46 25678 137
45 11 4714 45
50 29 49134 87
21 87 47226 90
90 26 11262 297
19 42 62838 46
84 6 20057 53
45 99 39581 219
30 8 27814 904
4 98 82723 67
38 85 6379 156
10 35 7996 387
8 80 34682 46
32 72 38057 12
27 57 28067 58
2 37 21328 66
93 70 38002 366
58 69 14048 82
59 85 8985 63
16 73 3745 321
85 86 35675 253
66 82 20054 1414
70 96 24917 180
44 17 6462 231
61 86 19203 468
87 7 11578 32
50 37 110241 36
69 37 14050 53
80 94 47807 236
50 18 8604 149
85 66 32408 149
89 88 19643 194
88 5 36313 1248
100 82 31218 30
45 6 25731 160
60 37 29060 116
81 52 29840 210
40 97 30640 1114
9 64 29119 151
31 15 7041 48
53 42 46192 179
100 85 12315 24
1 48 20370 86
96 27 2029 40
79 1683
93 189
45 96
42 130
38 258
8 1381

89834539
