100 499 3 3
100 73 7295 241
100 86 18129 221
100 66 14312 111
100 54 26124 428
100 71 38691 253
100 17 9326 35
100 28 31342 200
100 42 23565 288
100 49 10522 106
100 47 5189 57
100 30 70647 127
100 34 15889 584
100 74 23585 3385
100 70 22963 93
100 1 5635 50
100 78 10666 159
100 57 10296 820
100 65 127037 99
100 56 31881 151
100 63 197830 187
100 69 12296 201
100 2 27855 513
100 91 96001 51
100 26 25340 587
100 40 30693 74
100 23 17025 11
100 87 243000 268
100 97 18101 64
100 43 34307 104
100 18 9775 186
100 11 33506 115
100 80 48377 90
100 62 7906 87
100 35 7436 33
100 14 20546 403
100 10 36588 68
100 45 15103 87
100 36 17110 130
100 60 41192 34
100 22 12189 126
100 52 22821 735
100 76 9312 41
100 96 109889 30
100 68 9125 455
100 51 65849 648
100 59 60311 729
100 41 12812 52
100 64 51138 237
100 58 23691 38
100 50 69469 238
100 67 98541 43
100 84 4271 315
100 92 21595 139
100 3 16338 741
100 4 9109 102
100 20 11128 282
100 12 24218 79
100 33 1646 149
100 89 19720 82
100 21 10771 156
100 7 198811 82
100 29 144849 104
100 44 13324 93
100 24 3968 50
100 38 82838 272
100 9 73609 121
100 48 97364 310
100 16 22041 363
100 85 10735 102
100 31 50457 84
100 93 22052 174
100 15 20299 83
100 81 14166 430
100 25 29774 98
100 32 38379 13
100 98 9097 108
100 95 83695 165
100 99 15846 158
100 77 55091 440
100 5 11127 98
100 13 7363 271
100 39 75752 17
100 53 8395 523
100 6 1429 344
100 79 23429 18
100 27 34620 120
100 8 19295 124
100 19 35391 11
100 88 5027 33
100 46 16515 248
100 90 23492 14
100 82 18598 125
100 94 3947 600
100 61 13074 118
100 75 36191 148
100 83 38168 64
100 55 22701 39
100 37 14343 91
100 72 8662 699
27 42 110638 99
52 49 4424 19
93 69 39120 33
94 90 32260 53
5 32 43477 33
87 67 79541 812
84 98 114944 124
7 38 15020 107
5 13 21839 89
65 16 12342 231
62 58 19080 37
22 60 10499 437
22 44 72413 215
71 26 48376 57
95 40 16264 276
66 32 51361 362
91 37 6657 154
11 79 22034 428
37 21 77293 397
27 20 65136 61
12 80 43343 305
61 41 10837 341
16 45 5377 246
81 4 46904 91
17 96 76235 186
77 47 86292 82
94 56 17575 352
80 74 10279 365
17 33 28017 43
70 97 43394 75
84 4 47691 184
22 76 113785 844
36 21 4995 87
58 84 15696 127
66 96 37802 59
84 18 70074 221
21 1 4507 171
55 48 8130 577
64 99 16539 44
2 44 27774 47
99 43 25696 132
72 73 54648 259
23 12 19752 157
64 60 3345 391
51 62 34918 99
50 82 6837 13
70 66 27856 316
91 11 9470 502
26 11 29482 481
95 92 6358 120
22 55 59882 56
5 27 20057 420
8 20 24545 135
63 24 36911 44
62 51 38197 225
3 100 6929 94
28 93 101426 1047
3 26 21523 168
74 90 46063 89
61 82 32624 84
26 38 42479 57
12 9 38579 156
98 5 28657 157
73 84 26782 239
86 20 5557 98
58 77 35665 1174
58 51 13040 1070
83 11 35490 364
2 93 14540 55
62 57 30117 448
70 93 5745 258
23 57 39984 135
49 28 24389 216
84 14 10361 560
38 94 7107 38
81 96 12565 296
23 77 20838 1088
78 53 6372 93
38 75 51448 163
62 97 8601 235
19 73 73359 127
60 22 14888 103
86 32 5050 418
92 52 56129 108
70 79 16167 407
88 13 21059 38
73 24 13320 285
1 42 5825 42
41 95 29320 301
25 57 9487 59
18 44 43630 376
67 17 16890 3262
50 59 22810 55
48 74 12850 475
32 33 16776 198
20 65 15969 38
28 53 36874 236
83 88 16061 674
88 20 13032 94
49 7 31864 174
44 56 8470 264
12 99 83075 400
87 41 53240 178
29 71 32488 492
60 37 25626 73
95 38 12907 126
40 96 17455 35
38 91 12363 433
63 62 15958 181
18 38 11708 1189
20 42 53167 134
54 59 193856 41
84 28 19305 42
73 34 106470 668
52 2 20723 945
37 95 29468 148
59 61 11862 328
75 88 47614 102
21 45 2078 41
80 64 12615 138
67 34 10239 230
23 4 13731 85
16 46 102354 48
56 52 10216 61
41 36 3547 232
82 97 7469 112
26 89 22621 45
49 32 99149 128
36 58 61500 29
59 56 145348 169
69 42 12938 64
84 54 24541 71
76 43 24396 87
72 71 12304 9
83 74 58852 205
20 95 48664 610
35 61 33275 392
3 89 16419 464
96 62 13501 359
6 82 33019 69
95 67 28664 393
58 27 1080 68
63 15 14186 202
31 16 27616 1193
44 12 47278 404
28 38 36716 81
74 49 34769 62
23 7 29740 348
34 10 18016 479
32 17 4114 69
55 83 18129 188
7 85 26638 319
6 11 4913 25
49 63 51161 60
89 47 12037 97
91 92 20558 107
43 70 7431 52
50 88 10269 92
57 61 214448 351
5 11 69772 89
51 18 16647 151
10 67 15722 49
12 84 10543 148
47 94 31051 122
80 82 83658 1309
79 3 18742 38
14 82 11222 754
62 70 13049 549
29 97 15150 410
17 35 14045 188
90 49 47997 72
27 96 7776 119
18 60 18265 90
3 16 96866 109
4 43 6213 51
84 32 73232 451
20 87 25828 186
62 18 58499 81
96 85 3949 285
96 25 2800 288
99 7 31238 216
82 31 7916 86
66 94 29865 37
31 38 29637 38
8 85 23642 56
11 31 20643 66
10 91 16111 104
72 18 9406 120
2 67 35188 67
45 27 17660 33
59 88 8955 54
23 83 14760 1020
74 78 42412 141
30 26 11793 310
86 29 9530 1003
55 100 15171 596
11 62 45928 193
33 54 74268 129
77 34 12070 46
79 65 21867 196
47 48 7651 98
19 48 6388 52
77 51 49105 118
10 20 34353 154
79 21 29093 215
41 21 30522 231
80 68 194684 415
71 93 148010 110
51 71 27228 106
51 30 10779 1182
89 85 56680 143
54 20 41032 329
64 88 148708 168
49 22 5108 179
27 46 21916 271
25 82 224820 127
43 59 12025 528
85 13 104086 14
45 12 44619 88
5 17 14169 44
22 59 12349 48
92 16 19785 180
11 47 12068 323
36 92 58014 75
93 84 9331 253
55 49 1660 65
81 23 9358 418
46 91 10196 131
26 93 22926 436
45 44 19887 410
58 20 16221 96
27 99 19674 124
40 95 30079 41
42 51 28172 110
54 3 24385 20
79 60 82809 39
8 27 81715 586
23 44 89627 114
15 96 21777 531
92 63 78337 168
61 10 15233 126
84 70 63288 146
67 70 18421 36
52 13 51242 182
27 6 16602 79
91 96 11251 322
72 22 31533 56
51 39 10746 36
47 19 5808 47
10 1 37840 799
63 38 9114 90
64 45 14505 1004
99 29 33130 822
83 33 54877 63
52 38 271730 34
5 92 28269 170
6 2 20202 70
21 95 14406 105
84 85 10462 374
67 13 113199 305
48 36 79732 729
45 35 12503 573
52 91 72294 42
64 16 31444 237
36 20 30493 30
52 22 18589 132
19 41 17889 377
66 14 38925 695
11 61 12913 130
69 22 18918 97
86 51 35001 53
7 28 9847 62
59 28 16904 111
40 54 38765 112
74 32 15445 349
19 96 42118 108
23 17 27496 507
63 46 26474 211
89 50 15369 392
45 26 23779 171
1 46 29791 383
40 28 54127 125
63 4 33044 267
51 48 10241 464
2 36 35786 254
15 33 2247 156
45 64 12641 212
21 8 42462 798
34 12 14851 170
33 25 8867 187
98 22 205869 146
21 79 97303 46
59 96 36178 708
10 64 13697 196
90 70 11395 54
26 71 86775 156
33 76 40410 192
19 23 26770 237
3 55 24148 86
28 24 26908 332
24 23 42741 591
23 99 7307 43
9 79 7560 71
86 75 8871 106
60 89 12074 14
91 79 22488 130
43 77 65914 193
75 5 11234 113
91 61 6851 77
19 27 71016 29
16 78 62787 96
21 99 22515 130
86 78 7689 292
42 75 29349 157
80 40 11054 88
23 100 6229 724
26 25 5251 39
80 37 26858 727
42 6 36296 98
26 21 14695 70
12 61 7510 419
68 58 21896 334
27 43 4931 50
57 79 53999 33
1 21 15626 58
40 85 20218 516
37 68 31042 24
88 34 4485 111
61 98 44014 302
64 1 10643 37
25 38 35247 863
17 44 8320 51
77 36 37835 136
61 12 23820 201
89 66 6930 546
17 61 176591 525
55 97 9325 100
85 79 10874 365
70 60 14434 139
53 6 159950 188
87 85 15070 822
13 19 33342 435
81 60 46641 74
57 56 20198 46
53 34 10422 36
26 55 89345 434
74 37 19000 341
57 92 9604 302
44 52 9547 276
48 67 67496 513
11 17 24176 324
24 99 14813 414
42 90 26732 183
20 14 46678 109
25 19 20045 649
7 80 6435 141
44 82 33713 130
30 8 30123 165
86 23 41495 122
41 54 52101 393
47 40 50964 1356
99 27 29330 51
87 25 24838 88
75 39 12605 355
52 83 2531 157
65 98 4350 222
43 29 131036 178
44 9 79518 103
38 70 24353 883
96 8 52226 226
1 82 10704 65
19 63 7019 794
1 30 88187 493
88 44 103935 604
98 44 131122 115
45 82 28857 716
74 97 50096 923
89 67 31709 173
79 1 11621 294
54 57 14450 62
46 51 57275 608
42 20 17535 276
7 25 64056 193
2 43 18597 138
44 31 29952 426
8 25 37480 58
89 87 69915 182
61 73 3390 139
56 37 45928 66
85 28 2506 190
47 18 39032 30
48 69 7685 50
41 74 6506 92
68 52 30571 269
9 72 76155 362
9 7 86108 476
14 20 44007 279
11 44 4906 1271
34 81 25729 145
43 58 23951 294
100 594
23 120
84 72
20 154
96 445
82 143

18247944
