100 499 3 3
81 84 11796 136
81 58 55336 222
81 59 9176 154
81 40 26782 83
81 91 13562 671
81 83 14472 265
81 80 17905 1684
81 66 18572 162
81 98 105213 141
81 77 49718 350
81 89 2541 328
81 92 6220 58
81 50 38822 51
81 35 5088 37
81 85 111104 135
81 19 12218 43
81 56 47805 38
81 9 24982 670
81 3 76691 58
81 12 31620 157
81 47 36504 310
81 45 7822 364
81 29 23148 628
81 43 5456 155
81 79 27587 304
81 53 34863 388
81 32 31627 285
81 65 35222 162
81 67 42553 49
81 62 51105 174
81 28 9618 53
81 82 13157 720
81 100 9285 223
81 22 5382 310
81 25 37908 325
81 75 24079 527
81 4 60084 307
81 49 60511 41
81 97 21683 91
81 60 156681 70
81 99 24505 204
81 2 42148 198
81 70 22409 101
81 72 5332 23
81 34 103718 35
81 15 8029 230
81 14 34022 110
81 74 10706 87
81 27 23987 866
81 69 49674 725
81 7 24551 113
81 38 104781 355
81 26 97002 204
81 36 49397 91
81 54 11612 47
81 44 4381 206
81 39 230262 169
81 1 63573 125
81 18 18095 1066
81 93 35122 125
81 6 93134 69
81 64 8387 93
81 96 39622 1092
81 55 39639 193
81 23 10158 30
81 78 24483 16
81 13 5235 135
81 41 160726 222
81 71 15074 99
81 42 225439 701
81 68 19337 96
81 31 26247 105
81 48 28463 47
81 86 50652 103
81 11 108807 139
81 95 9372 353
81 17 22903 386
81 51 21651 95
81 94 92076 61
81 30 14996 156
81 8 50675 674
81 21 39005 1177
81 5 17654 296
81 73 51887 155
81 76 79385 12
81 20 16612 470
81 16 7173 132
81 63 70457 55
81 61 22107 217
81 87 5518 107
81 90 94374 294
81 33 2574 130
81 10 167401 86
81 37 5138 123
81 88 11121 125
81 52 23228 250
81 24 33891 350
81 46 132481 59
81 57 21084 25
2 63 29666 181
69 56 4972 124
73 53 11601 267
75 29 13940 76
92 97 21368 554
60 38 10276 591
18 41 31891 18
95 18 32586 180
83 80 14397 69
69 41 39847 344
83 89 59879 256
79 36 57212 184
100 71 18902 225
3 4 58207 256
15 40 76261 216
57 20 7004 356
1 63 15889 221
22 91 4134 1454
4 65 75813 228
100 50 18296 221
18 25 35130 306
35 89 43101 199
28 43 27287 24
100 75 10064 1945
73 55 38663 124
23 78 17638 173
68 69 99391 252
25 78 48427 150
77 47 8336 61
71 86 45560 116
40 2 3501 136
56 57 39233 215
57 7 42880 274
80 43 10547 444
98 89 68348 366
13 11 95732 532
6 93 50017 117
1 35 39696 30
45 15 18524 113
82 5 44707 127
51 77 19291 201
74 96 2755 23
55 89 30811 72
58 81 42697 599
91 41 10551 169
55 48 23470 37
29 57 37528 306
83 28 8164 125
46 25 29089 403
8 6 19562 151
72 11 8213 144
59 26 11521 175
73 51 9881 194
48 24 6438 276
61 94 12575 56
36 12 111471 165
96 12 25544 808
40 88 87415 419
41 25 14981 527
67 74 72180 84
90 71 23721 132
31 52 20796 680
23 31 17505 388
20 80 4014 166
52 65 14906 1867
33 81 36307 1371
38 53 51253 329
98 71 41381 54
14 73 62035 109
16 32 43735 120
91 25 59731 34
73 32 13844 162
60 23 12940 207
30 58 18465 98
90 45 46985 369
33 83 50935 130
76 61 65784 170
60 76 18278 94
32 51 29022 861
87 73 60600 59
27 33 58007 140
5 1 9907 104
16 21 18120 938
43 67 20818 174
28 75 15144 33
66 100 16144 22
21 32 9520 2538
19 6 45875 7
60 86 21481 391
52 38 23944 73
44 54 57163 343
54 41 14203 48
98 70 15034 1508
21 48 18808 216
82 73 62625 228
48 20 3226 100
41 75 9051 971
24 98 14213 194
85 13 60751 53
14 95 24348 775
27 81 24164 150
39 33 29490 155
26 54 37484 134
36 98 3097 62
56 29 19707 110
64 73 98117 35
44 47 2534 24
27 46 25818 200
68 83 7510 1027
76 99 65278 107
56 24 30605 202
78 84 6433 54
16 2 31925 118
60 52 129301 15
98 25 8897 96
16 20 3826 247
31 37 21968 144
37 82 43341 175
15 63 60953 157
20 45 38782 258
32 71 11548 59
74 68 4730 827
74 69 145494 188
22 48 17670 317
11 40 71762 150
8 84 37480 65
45 85 18513 132
83 59 16227 65
68 7 24403 107
68 26 27607 112
92 26 81510 377
13 42 23499 697
23 18 22684 14
33 69 56733 217
10 57 11866 231
40 21 6641 89
94 37 50011 102
32 35 134026 193
82 77 33146 212
9 91 5342 253
69 73 10481 143
37 35 4425 31
25 51 40546 78
3 96 7819 190
2 12 6286 226
83 21 12412 63
72 91 22246 259
13 96 48254 431
97 69 82024 679
75 7 5270 429
93 34 17930 43
40 86 1235 38
61 77 38449 548
66 20 28847 181
34 57 6907 114
42 19 13377 268
82 87 161209 112
72 38 23226 326
35 18 13215 16
39 75 423511 40
68 77 27873 272
10 45 50506 71
47 19 4296 207
69 51 34853 150
96 40 17825 64
68 64 134210 30
90 20 33718 55
59 54 89721 246
32 66 11540 314
84 13 17617 150
99 52 84901 147
54 64 15392 276
32 58 1058 196
1 28 71210 227
54 29 34405 307
87 38 6573 377
48 13 10088 149
30 39 9796 161
85 55 40261 85
44 62 7781 29
73 96 9567 26
27 44 64310 26
100 94 49929 68
22 7 33636 1143
52 63 45110 508
89 86 32754 283
48 79 18868 1085
20 12 66631 39
63 46 31368 339
62 95 23743 578
92 34 10682 14
6 47 80423 176
70 81 24079 122
30 54 34953 139
27 8 13189 228
25 94 21462 47
37 67 20308 212
2 95 19892 81
89 8 125931 39
78 98 5709 229
49 100 54491 510
44 89 23361 40
22 19 41458 69
80 12 20286 407
60 42 28867 116
43 38 5878 65
40 23 88169 28
16 71 77388 512
75 17 217574 54
42 90 44399 139
60 13 29052 193
3 33 24836 882
80 7 13761 96
93 16 34603 276
42 62 36748 520
57 40 44313 75
34 9 12205 187
15 51 29587 95
21 63 21277 418
33 14 14137 63
52 67 41875 84
69 22 6672 302
15 84 55610 145
91 76 16182 337
3 7 83711 54
19 24 37434 152
21 54 20622 151
11 64 55346 401
15 59 47440 50
75 42 7235 154
32 9 12459 82
100 49 30714 209
32 13 59496 145
21 77 13754 450
53 45 3988 59
74 73 52018 62
28 63 43958 77
68 14 26753 646
8 90 10324 36
29 80 17381 191
25 52 4909 67
38 61 2266 6
58 28 29826 21
21 5 2356 644
36 27 21651 105
71 63 57367 406
9 6 16686 59
34 91 11521 94
98 34 19346 88
7 29 3212 80
32 26 34796 124
5 99 37113 114
40 41 3998 306
2 84 34336 201
75 25 15007 688
62 87 20648 95
38 7 18208 108
89 26 15830 309
99 57 23240 116
95 25 81095 48
44 34 61664 138
80 92 78775 427
1 44 20811 243
56 98 7524 126
59 51 30669 269
66 4 45783 88
69 25 8290 376
60 26 6233 151
45 20 11968 18
64 89 38892 588
50 39 98933 114
5 72 13597 790
27 43 17129 31
99 56 3484 5
45 30 50095 47
30 14 104755 173
87 29 13997 135
90 21 81982 113
39 30 15221 22
31 33 43577 275
17 73 3361 97
27 18 33432 223
33 13 128044 104
76 70 54974 1090
62 76 131373 267
4 99 19450 586
48 8 13828 42
76 82 140173 421
40 69 32799 196
74 53 9475 1060
52 40 47019 123
16 73 43291 150
45 23 23630 126
17 75 26172 198
88 94 22635 219
8 36 79170 317
37 44 12513 35
41 94 98071 74
86 30 37573 310
75 24 17693 539
66 11 91931 156
86 62 69763 81
38 82 30818 82
35 45 5666 197
84 94 8160 39
50 60 49367 34
7 99 106560 376
12 61 81029 374
63 24 32140 111
85 74 3813 706
48 70 59611 133
89 41 22387 773
92 81 14576 90
54 81 24111 323
35 66 290946 72
85 73 4467 1773
84 51 2605 448
68 59 231772 109
12 82 141593 214
80 35 28116 208
17 2 8210 160
92 70 23225 368
67 48 27661 157
9 1 9008 70
20 35 32407 123
90 39 141355 192
88 5 8363 583
73 75 18134 31
71 85 20537 914
10 43 15699 295
98 67 44358 2311
19 62 12358 33
10 51 1542 113
15 11 27026 254
18 8 19284 132
28 35 16083 150
26 58 108522 24
65 31 52680 152
35 47 60885 134
19 9 156594 94
65 48 23884 31
79 73 3530 200
71 4 27685 294
2 46 2917 89
87 42 21916 303
74 16 52387 53
60 70 32283 241
64 53 21705 282
82 64 22260 54
45 78 11904 113
91 51 67800 60
41 98 22305 96
2 42 3095 534
79 61 24587 54
4 69 9964 61
14 74 76180 83
28 93 16480 1022
77 40 32734 24
62 93 12562 909
86 55 4456 833
7 64 25310 391
58 5 33355 145
91 48 22045 346
36 20 7493 218
90 28 25792 298
6 67 84888 29
38 79 19239 72
17 46 180285 93
13 24 18348 357
69 12 11800 243
63 21 121057 248
87 79 5451 604
14 8 44868 134
91 43 65216 288
1 94 17521 337
46 4 20614 156
77 33 5136 17
79 39 11099 53
55 60 27961 102
36 42 7693 40
26 74 30931 638
93 54 52505 320
98 61 25340 159
90 67 10766 221
61 32 13070 193
82 32 35141 242
31 100 22319 13
6 75 15286 452
89 72 4596 96
48 90 419865 453
91 55 43301 93
8 15 17942 357
6 28 10223 56
86 83 10645 88
55 4 11942 53
62 99 19634 58
41 22 18863 60
76 59 103351 821
7 42 40997 48
55 11 13281 69
81 297
60 216
68 24
73 75
51 30
25 68

3854031
