100 499 3 3
30 53 10571 255
30 50 34367 286
30 8 7113 1680
30 95 75151 33
30 61 3296 1419
30 96 30480 28
30 38 16970 299
30 57 3093 134
30 72 9471 68
30 82 21888 39
30 80 218326 144
30 60 68305 42
30 71 10649 191
30 83 27750 30
30 68 23407 78
30 42 18156 84
30 93 23907 40
30 54 9006 57
30 66 15276 113
30 69 13640 1382
30 63 44925 309
30 19 19971 157
30 59 8623 291
30 94 7263 82
30 2 13053 470
30 21 61582 105
30 15 24266 18
30 65 9865 121
30 3 68185 698
30 89 6686 78
30 26 12474 49
30 31 8039 117
30 35 72862 78
30 70 5017 85
30 17 6746 1093
30 78 59372 37
30 43 55500 349
30 23 11132 18
30 73 91276 22
30 39 11461 583
30 87 3346 346
30 20 26281 30
30 36 57895 178
30 75 46073 38
30 29 2289 28
30 99 62859 86
30 7 3359 111
30 28 17541 247
30 81 20057 180
30 44 51169 143
30 22 10621 118
30 51 32931 75
30 10 143195 269
30 14 23546 172
30 90 14420 872
30 91 23366 134
30 58 32902 46
30 37 267244 225
30 13 15987 151
30 11 22985 67
30 32 11633 916
30 45 59415 905
30 98 64338 247
30 41 4526 975
30 40 110925 144
30 27 62595 158
30 12 22505 67
30 86 7930 2541
30 47 4282 652
30 97 23057 50
30 92 132741 68
30 4 5931 136
30 76 241641 29
30 33 10851 655
30 1 34181 40
30 77 21824 120
30 64 41696 607
30 6 14127 38
30 18 25591 42
30 46 588 384
30 84 19213 463
30 74 29165 103
30 88 29036 40
30 5 24078 277
30 49 17865 77
30 16 48679 43
30 85 20639 187
30 67 13638 184
30 34 13865 175
30 62 31114 85
30 56 16987 177
30 48 1840 153
30 25 18949 213
30 55 11848 373
30 100 46676 9
30 79 4978 202
30 24 15705 1569
30 9 9625 120
30 52 8193 2397
63 9 43252 483
7 96 18757 48
9 62 6551 108
88 27 70550 30
20 98 9905 35
62 70 3824 197
12 93 38483 887
86 1 11562 38
39 19 24757 147
88 20 19146 106
31 95 16301 633
74 18 35325 183
92 17 75489 434
27 87 9102 664
54 90 98456 117
84 88 148747 265
42 22 18491 217
52 87 104220 520
9 82 23136 321
12 54 34835 179
19 66 5805 269
44 99 133263 267
53 32 58326 405
34 14 5633 122
71 100 150493 271
16 24 3447 152
13 65 474373 96
16 49 12757 42
83 40 6221 368
38 27 7207 333
99 62 21566 208
37 39 16590 221
72 97 5592 248
88 61 21178 591
93 13 48894 325
1 24 40879 492
93 74 5874 185
93 20 7441 62
23 90 16715 670
73 52 39964 35
99 86 6520 54
1 29 153566 324
96 61 8996 44
31 80 86576 370
24 40 24530 68
17 9 22546 64
100 71 14580 286
39 96 47505 656
17 96 49109 211
5 21 10502 30
23 49 47202 192
94 64 9933 265
79 64 22652 208
75 27 37805 306
59 77 60344 53
23 53 6439 19
46 28 6593 179
66 62 16807 466
37 1 5492 54
62 23 54119 48
65 76 14914 57
80 1 14208 64
73 64 12569 161
27 53 14741 107
21 59 9517 176
47 4 71887 207
71 42 161878 46
19 100 29336 131
26 36 119169 152
16 21 63366 39
76 53 18331 162
27 81 37375 112
32 10 39810 138
95 57 6282 57
87 88 8810 74
53 86 77687 203
80 100 327238 89
41 18 10661 137
58 47 17491 210
18 45 3676 41
58 35 155664 550
68 67 12666 123
17 47 12365 76
56 53 61108 358
64 38 2949 41
16 69 15263 93
26 60 77998 165
52 49 6071 351
83 20 38716 65
90 14 3333 203
62 80 10189 162
39 71 38415 1369
76 66 35582 17
89 69 115961 162
67 56 53612 20
45 76 17404 408
76 87 17789 124
100 33 145438 87
70 57 20521 722
37 74 15608 244
69 83 12918 39
73 45 91038 107
44 76 21944 84
26 75 13146 186
64 69 29893 325
13 100 26818 381
53 52 120756 232
25 26 53519 62
96 54 17612 57
23 92 117103 143
40 27 15997 111
23 13 23137 32
84 100 46429 39
88 39 48762 115
43 26 36411 133
7 59 244258 144
93 85 20103 413
75 82 18748 598
76 15 10320 437
63 3 12189 213
61 23 23633 72
43 96 18114 166
82 53 41724 139
72 76 14573 179
79 10 33527 119
33 22 99394 287
27 61 44110 102
53 13 9225 263
34 59 17960 1189
60 2 22753 213
33 46 690300 135
63 57 113263 167
94 77 66179 54
39 11 9090 82
8 63 41887 735
60 100 18411 229
42 73 55051 49
44 5 9267 199
70 23 5578 21
24 35 15980 140
18 94 21716 49
83 54 21955 381
68 55 24633 27
41 85 210631 342
45 35 58472 92
1 47 21161 172
69 36 25985 135
55 35 47306 34
95 10 22210 108
92 98 26865 168
10 59 128354 22
87 25 11953 45
57 93 60297 595
52 34 28647 215
7 15 16329 33
83 6 76080 64
19 53 16685 178
91 16 23448 494
23 82 9241 346
14 46 11564 66
93 71 40820 347
65 86 8962 235
99 33 15729 423
66 21 35637 122
96 22 43322 207
10 32 21910 360
38 68 72096 235
37 95 14206 78
2 86 23024 1040
70 18 12485 927
6 57 19717 91
82 63 76381 453
32 54 11131 875
73 39 20085 58
44 62 6715 173
20 65 5423 217
48 100 27949 79
77 41 28352 80
4 88 17881 110
66 13 2342 64
16 86 98705 119
70 82 26969 222
56 78 1005 118
4 8 36425 98
84 83 8306 117
78 48 10088 304
81 82 279431 152
46 32 69210 31
17 37 46256 788
46 92 128719 227
72 60 63523 260
96 39 12390 76
74 76 54280 248
39 72 15716 616
40 14 41158 202
62 68 9503 88
80 11 39268 191
89 60 5181 640
69 74 228465 111
34 12 82162 166
49 80 27153 226
76 54 2521 27
25 15 6986 505
84 53 18770 37
34 7 42810 94
42 52 29346 2294
31 64 37721 105
8 5 15489 987
34 38 5902 53
39 66 88296 1527
92 77 7860 126
47 100 6489 87
59 27 7143 549
41 21 17940 55
16 50 67687 45
35 81 15078 684
91 51 11215 91
46 9 2596 83
6 96 135894 39
81 8 79939 76
89 6 18541 108
16 46 6524 1006
84 44 3743 1201
94 41 5001 72
42 2 19276 64
83 41 15983 162
67 19 70891 423
34 89 10470 44
33 59 29150 137
38 5 43889 108
2 5 100538 139
39 67 9268 154
38 62 2261 324
66 54 13455 87
58 43 47262 138
64 66 69058 149
7 89 22125 398
37 56 33656 69
62 83 29626 99
47 27 37619 221
39 10 20953 509
65 19 20505 14
8 74 9639 102
10 90 23054 81
44 24 23502 252
5 48 23418 73
90 25 23962 8
45 83 20532 728
98 80 58460 718
97 86 3638 580
39 100 13770 64
8 92 9752 199
66 55 14882 17
60 61 30790 119
42 78 178526 40
5 29 13939 89
48 17 33299 130
62 81 11669 86
58 10 9738 25
20 9 6841 106
68 57 9139 521
68 44 107486 235
78 27 22729 45
59 63 21923 212
94 5 34007 142
82 37 32979 549
41 100 20749 394
48 20 28924 80
2 79 16777 67
67 62 42263 77
28 6 44034 248
11 81 12462 400
45 72 12583 248
42 15 22758 167
29 18 9493 261
54 88 37748 145
65 94 50554 115
39 82 13208 63
4 18 110877 91
1 63 50322 96
88 66 17709 283
20 17 23004 208
86 42 20634 176
50 35 28443 48
68 13 14373 57
32 52 80533 41
8 44 26959 95
28 82 22511 108
87 56 182443 630
71 52 19814 272
32 17 93694 255
56 94 67827 169
84 58 28193 207
41 99 117452 254
91 14 86374 23
81 65 8492 102
100 56 68006 131
72 19 49164 434
74 92 20301 238
28 8 40420 93
26 34 19411 377
90 4 33785 233
54 46 40112 109
50 98 38418 116
16 15 13003 172
46 60 6544 250
80 92 118932 34
5 98 106211 38
40 98 37944 134
23 33 11154 186
8 66 125925 30
17 53 4969 113
76 31 2388 123
29 77 9100 115
55 64 13379 232
8 89 83862 154
26 2 7948 59
1 7 26754 743
11 69 22062 22
78 10 16242 82
10 40 2513 236
1 60 13037 18
55 25 9372 493
82 25 18353 308
56 36 30983 655
90 46 32456 348
71 12 127631 138
13 71 26274 150
95 97 65223 12
89 13 13708 53
62 5 38674 102
55 91 4826 72
85 20 23751 401
46 36 21314 105
82 16 18505 64
21 80 4946 82
8 99 4438 244
43 77 247342 278
86 6 36536 380
96 81 27112 279
24 75 10957 57
87 34 2147 255
16 26 96989 154
58 52 40169 50
65 38 21974 120
82 27 76602 1151
89 79 27261 189
56 35 264049 25
81 35 13411 186
93 24 51485 121
76 50 44600 22
12 55 36891 423
68 5 44222 126
17 51 29144 311
32 58 87843 96
77 76 4365 358
71 55 2658 465
27 83 44153 566
25 1 18308 170
35 48 17975 94
85 55 5206 126
13 96 3467 162
45 48 5327 523
39 6 39589 35
11 80 9394 126
61 38 18720 98
1 97 15864 49
16 74 19188 209
49 99 38465 52
32 88 35137 217
82 95 77813 42
44 77 45993 357
9 10 20359 150
41 65 70748 4403
10 83 26313 296
56 80 46099 117
93 35 38009 38
60 54 19684 84
97 14 34267 28
33 57 3216 54
84 43 46740 88
60 24 21123 13
42 69 36469 155
90 53 52179 156
1 70 14560 347
46 70 4751 335
89 7 1824 1260
21 95 7751 758
13 70 7048 110
73 87 10359 342
85 29 19059 350
20 16 47077 31
80 15 8007 188
97 15 15372 127
86 30 16192 25
59 17 7060 170
49 48 16923 171
90 33 200766 55
41 62 21055 105
63 12 24783 661
30 396
39 66
16 30
100 18
53 196
35 114

5510144
