100 499 3 3
96 32 3744 412
96 86 10920 168
96 80 18208 48
96 84 21595 150
96 51 10949 86
96 26 126752 18
96 92 14070 88
96 97 48534 42
96 100 3297 214
96 99 239300 176
96 17 44793 243
96 29 10498 344
96 14 41969 56
96 70 22493 124
96 71 28270 37
96 42 22681 70
96 61 109668 117
96 50 42714 436
96 45 101750 71
96 94 16908 219
96 63 26923 160
96 43 46484 30
96 59 55121 365
96 44 21295 83
96 21 6530 348
96 83 5971 57
96 77 6052 340
96 98 46826 246
96 52 11476 270
96 37 13192 250
96 3 67353 167
96 74 44784 75
96 24 217504 86
96 58 6945 202
96 78 6160 146
96 82 39928 303
96 93 4494 179
96 91 32431 414
96 15 32977 724
96 75 76693 264
96 53 74427 342
96 2 57615 771
96 76 12536 297
96 36 22980 398
96 18 11369 559
96 90 7730 144
96 46 26962 649
96 79 13765 135
96 20 14685 184
96 64 44291 83
96 41 70987 2563
96 54 38566 96
96 22 85031 31
96 88 7455 93
96 62 1132 41
96 8 30638 46
96 55 13166 626
96 31 71330 154
96 95 28273 459
96 35 13844 21
96 48 5110 884
96 12 12066 70
96 73 7421 46
96 33 4595 101
96 4 15720 225
96 57 8443 167
96 67 57430 504
96 19 39436 82
96 60 33723 249
96 56 46105 126
96 9 78483 434
96 34 31633 549
96 65 41688 32
96 10 7598 83
96 68 7653 323
96 66 108177 53
96 1 7974 138
96 81 16068 85
96 16 4478 169
96 87 11552 87
96 11 49636 686
96 5 16046 234
96 85 27802 411
96 39 153128 50
96 38 4290 71
96 40 14412 555
96 47 4762 321
96 28 1082 131
96 72 35877 211
96 30 13805 170
96 7 37803 155
96 6 60416 390
96 25 49475 84
96 27 51392 86
96 89 298473 181
96 13 8559 128
96 49 40510 128
96 23 17771 304
96 69 13916 75
73 44 13771 561
8 48 49252 178
47 19 69420 42
2 52 20432 31
27 45 262053 251
86 68 10972 36
80 81 24929 155
16 14 10289 461
55 88 97805 562
37 28 130253 350
1 24 3130 62
29 68 17734 45
56 40 25678 105
100 68 14438 28
91 31 3819 26
29 28 5505 55
12 4 145574 449
50 12 31649 61
100 33 43097 246
20 31 6080 147
6 31 11232 313
55 69 33569 255
2 88 64496 56
65 38 5598 84
51 64 11780 83
28 78 20156 354
41 12 5877 131
1 32 109796 71
92 77 56011 42
44 2 7842 86
90 14 93606 182
66 61 16239 97
45 40 4315 915
42 22 14317 176
6 56 163080 302
78 14 270027 103
38 17 4849 194
70 90 6562 407
45 23 26701 127
98 22 9632 393
17 16 48591 353
75 36 31247 101
95 87 43142 158
90 70 25525 69
30 74 15090 71
26 53 32622 123
70 3 145383 178
89 98 8213 61
44 97 7774 46
8 20 10504 147
25 11 12161 116
61 3 15033 160
15 32 57211 3490
89 17 25676 33
57 21 70174 91
38 86 18398 129
99 71 36184 456
11 80 2564 42
41 71 21328 202
81 84 22709 51
40 90 5270 20
27 39 18341 1187
67 77 20831 233
54 1 3361 95
83 57 49035 272
51 84 291734 50
39 48 13059 188
50 64 7262 147
24 96 4635 108
76 99 36430 137
1 71 8689 83
6 16 27549 39
43 34 10446 251
33 8 47131 278
85 59 14780 471
75 42 16347 70
18 97 54930 347
93 35 89419 37
90 29 32730 25
70 64 52780 166
73 9 25124 40
18 62 31164 362
67 95 96624 76
16 90 33172 159
68 7 355047 82
50 57 5030 132
16 96 13512 91
72 87 18256 737
6 86 81060 74
99 20 8499 133
81 13 107872 77
3 52 8826 243
12 51 25937 51
94 21 40212 303
71 58 25048 390
29 82 22727 90
22 51 25381 51
19 35 9032 647
14 72 55239 231
58 59 30188 55
47 57 7055 65
45 77 13779 131
16 79 51571 167
57 69 23820 462
76 65 40716 62
54 15 4096 585
99 94 30116 130
28 25 11253 159
25 83 38403 190
14 84 6059 41
25 96 132842 175
72 18 60374 265
98 24 27271 538
66 25 2727 361
9 28 42163 486
58 65 10419 62
4 27 1840 270
49 7 74387 65
83 39 20684 695
59 80 33779 244
88 54 12858 115
50 88 91000 359
14 5 19087 169
4 66 8029 425
43 5 14811 51
78 80 41671 416
93 17 7010 121
85 100 29746 127
71 26 76564 16
50 48 51706 185
39 86 15096 585
31 88 15179 414
29 62 16700 17
57 65 1096 147
51 27 8608 288
73 34 31218 188
38 8 48242 571
45 8 14716 80
38 69 17884 69
94 11 25365 117
63 100 37434 120
37 58 67687 383
53 61 4594 132
63 57 33884 124
85 87 37669 2657
66 35 17140 143
46 47 15100 163
26 87 3765 406
45 48 30916 33
60 37 10186 119
9 55 14443 148
35 86 9439 65
99 12 54673 766
25 32 7777 138
47 16 103772 175
24 28 25922 319
6 11 30158 105
32 23 49321 49
45 89 8930 17
85 92 81904 229
31 36 3449 285
33 100 4816 190
62 74 28837 269
22 87 14645 75
92 20 17645 156
42 84 77756 205
58 91 25764 95
54 98 12666 255
80 40 60331 154
100 13 22610 196
27 29 60576 146
83 46 8329 241
94 68 103658 88
48 66 342754 312
98 31 22152 168
62 60 5981 151
76 20 30891 826
30 51 68244 112
68 93 14313 103
89 23 75655 49
45 5 96862 93
46 55 6484 119
62 12 5733 97
98 49 42646 175
75 10 7320 59
57 52 3472 220
83 12 7986 150
78 11 18428 887
27 48 11870 132
87 81 8784 443
80 4 14740 127
29 88 77276 924
83 11 23601 82
100 55 32478 378
32 17 11830 30
84 74 21584 171
99 75 30515 337
93 44 16131 641
88 46 163023 284
1 3 44765 222
82 36 43072 134
22 67 45488 211
11 65 5121 1746
2 58 9827 29
82 24 212390 59
91 48 14556 320
93 21 86429 26
61 100 5391 310
82 22 28888 1275
83 22 19287 353
1 98 203959 61
64 53 11155 683
73 42 20122 117
67 84 7541 85
4 21 8574 116
41 98 8811 134
70 55 11129 236
21 14 55465 72
24 2 28705 727
54 99 19744 295
27 89 16559 300
62 16 7148 32
50 2 121544 40
55 93 106382 166
67 81 68289 373
47 86 10380 180
69 53 56832 87
8 10 10280 22
75 56 82611 208
69 23 9459 270
64 55 1773 126
56 25 20225 103
8 83 19273 1502
28 44 8197 31
55 84 47700 78
48 12 46382 75
3 13 35458 574
41 73 36513 74
39 32 32866 114
89 57 131155 254
41 22 14484 156
94 100 31878 262
29 43 18507 665
93 55 18761 89
92 45 11491 82
69 97 4288 202
92 1 45867 332
69 65 3316 145
99 48 88002 196
25 48 7271 162
80 32 7797 139
65 24 22733 105
42 2 19994 166
12 95 19484 104
13 96 44806 277
91 80 6625 110
66 97 55387 287
68 40 12981 878
88 98 10782 49
33 15 216650 87
43 91 5914 568
13 82 28574 99
60 95 8507 671
59 26 3777 151
41 74 73889 241
63 41 34731 171
31 74 19890 310
95 82 75275 989
38 87 25962 232
56 2 47340 83
98 52 30441 118
31 60 11896 165
95 67 83674 208
48 84 13533 232
89 19 84062 110
14 97 51815 338
9 86 26715 601
83 87 18781 207
88 80 26993 210
98 70 58903 358
39 45 15184 1100
15 24 30885 170
46 18 55360 885
22 1 19473 74
54 71 108438 125
93 52 18807 84
89 77 40570 96
5 18 35542 136
39 37 48064 98
46 91 5584 156
17 81 5661 621
100 23 12657 391
14 99 59274 63
25 74 5586 21
58 8 25419 98
7 17 12080 172
38 26 29135 146
86 98 4715 119
30 23 53258 149
77 18 42958 120
51 53 6928 73
51 40 2903 261
5 19 54196 62
14 98 71121 192
17 31 102836 388
59 38 7870 70
44 92 24265 469
18 41 7064 39
68 54 81019 130
56 3 13184 92
23 27 54000 1318
81 32 16305 184
2 89 28429 156
38 5 28911 103
32 92 47081 302
1 37 16295 40
3 43 123742 684
69 66 8838 152
44 77 9646 309
81 78 37712 92
31 26 33088 42
74 32 66937 280
42 58 26374 1386
50 4 67237 5372
64 93 45776 142
20 49 33218 256
1 69 16116 189
47 30 16274 97
23 99 16852 136
27 84 3968 241
74 64 15482 70
48 61 46721 726
2 21 47419 200
89 50 12887 124
68 49 11593 121
4 42 9996 178
32 33 3939 166
7 70 12764 255
49 20 25013 47
90 50 21653 35
16 36 35373 111
46 92 3745 110
49 74 13005 118
78 4 6465 236
29 87 26598 64
71 85 2783 73
28 45 53466 28
48 10 18108 151
83 80 8191 94
11 40 31961 481
50 36 39051 38
33 7 151625 176
34 91 4066 101
37 65 7245 31
91 53 28275 158
74 11 100689 56
18 70 24453 389
23 39 109636 220
80 31 12112 184
29 12 55906 143
18 32 56731 140
41 85 18357 59
86 51 6401 77
91 33 6514 510
36 81 24653 228
28 20 6529 97
69 10 89731 61
10 11 11455 24
100 91 13151 145
89 99 6937 134
11 73 80009 322
88 29 24819 414
71 9 8057 111
20 25 71974 217
99 72 29957 94
85 86 24942 23
48 3 41045 46
63 22 13750 38
32 46 302371 507
75 68 18164 340
87 79 89799 328
28 86 14348 103
87 60 25918 117
47 90 10106 780
62 7 19238 50
70 26 23088 131
62 22 44515 72
68 55 103617 278
58 6 12997 185
40 2 1218 137
22 59 26661 35
94 95 25747 11
7 14 9515 200
58 10 9150 46
69 96 64542 309
85 18 70946 533
64 41 19742 616
4 9 9343 124
15 94 16832 919
22 12 9829 48
96 3267
89 56
83 56
87 647
86 185
84 978

58438125
