100 499 3 3
74 48 17025 495
74 36 15712 416
74 13 37037 173
74 4 54049 360
74 35 39977 484
74 10 14051 65
74 98 4878 136
74 91 14411 936
74 38 57473 162
74 53 1741 170
74 33 14129 61
74 6 872 127
74 47 9055 154
74 5 122203 353
74 73 105296 549
74 15 63246 146
74 90 9205 16
74 94 6450 65
74 100 26218 70
74 37 43348 107
74 21 30633 94
74 81 84657 381
74 60 126979 326
74 87 104521 114
74 16 9735 202
74 65 6566 160
74 62 4434 106
74 88 7000 27
74 19 1694 472
74 99 16902 190
74 1 35408 245
74 96 25439 251
74 89 18771 69
74 59 34061 596
74 77 15945 204
74 29 20068 152
74 22 48370 123
74 32 17953 281
74 68 22688 101
74 43 62358 193
74 23 2522 150
74 51 84241 32
74 24 37207 41
74 2 6102 165
74 41 15068 109
74 12 7351 334
74 9 14438 567
74 79 14245 213
74 39 85774 154
74 55 36528 115
74 20 12368 203
74 26 29582 385
74 66 29542 196
74 44 101156 10
74 49 75986 37
74 45 17146 158
74 61 62097 47
74 64 17604 459
74 76 10557 115
74 92 44527 312
74 17 9016 80
74 42 10305 41
74 63 71580 81
74 82 4598 65
74 67 10497 179
74 18 26220 156
74 95 13431 284
74 56 49624 64
74 7 21868 229
74 75 16728 183
74 85 29117 350
74 11 38911 135
74 8 12285 1503
74 97 31695 87
74 50 55356 83
74 80 13497 237
74 54 75059 58
74 57 14409 158
74 46 70283 208
74 70 9229 54
74 58 33872 113
74 3 42691 33
74 40 41295 47
74 27 6036 56
74 52 10523 32
74 83 12701 60
74 69 26886 260
74 30 134056 1109
74 31 14850 89
74 71 19465 129
74 84 17366 393
74 25 13794 413
74 93 13746 30
74 34 100855 109
74 14 61716 318
74 28 7456 14
74 72 80347 122
74 86 13560 78
74 78 24928 48
10 68 20551 134
32 89 13585 324
19 21 91465 462
37 75 15994 97
58 38 30415 40
86 97 10258 795
7 51 27977 407
88 35 8099 286
25 22 98985 70
11 86 16021 147
64 75 54267 32
59 89 15675 186
100 13 14596 1172
16 71 148425 23
76 35 14012 145
38 98 11307 96
57 83 34919 228
87 20 37171 29
54 82 35832 94
80 64 30191 206
18 29 6375 55
99 77 35731 85
11 23 87980 122
71 82 5230 127
49 79 8039 76
99 64 46732 372
72 56 10886 48
18 88 38064 114
94 16 47322 35
41 90 27653 42
77 28 432025 130
5 72 11567 76
1 67 31005 30
49 91 3719 2856
47 59 13851 59
29 54 3589 354
68 52 16144 574
40 92 16297 123
6 15 34029 2553
4 83 31622 129
15 7 24313 255
84 45 13677 212
46 36 9368 518
45 68 58947 1281
73 76 21546 103
2 39 19903 418
49 52 15198 283
22 65 11553 46
63 77 58126 79
59 53 29333 501
21 79 43161 321
22 85 17200 178
7 58 39235 82
50 37 15323 95
8 65 3766 48
63 53 10586 257
42 100 25356 435
87 18 10935 111
70 63 50222 27
63 46 8477 79
34 2 26196 116
86 24 60159 1364
72 20 5167 210
68 17 105018 599
32 5 31777 591
55 73 29423 336
95 64 40165 1101
45 16 63858 92
38 66 33061 137
19 54 31151 164
62 17 20793 960
73 5 50737 143
76 43 62574 44
7 9 3903 210
37 33 13232 122
67 57 3630 738
52 30 4234 68
70 62 3609 556
66 85 5868 148
88 14 6779 127
96 79 41513 32
26 39 26911 82
40 22 7612 159
7 95 38799 67
8 52 10047 453
95 58 107654 257
15 40 15171 43
10 65 18421 48
60 21 34455 197
73 94 36554 2394
53 86 76430 272
76 85 18951 745
16 23 5544 60
97 49 9564 67
29 68 27107 355
81 65 37087 391
70 75 45485 115
39 48 4092 219
19 94 3499 907
90 78 11874 186
32 63 235403 120
69 48 6489 131
59 72 11441 436
42 11 6072 91
89 6 7578 221
31 1 103227 1300
43 83 37342 55
9 18 13386 11
56 15 19694 42
58 100 29801 151
24 45 16273 231
79 53 7652 187
48 62 8984 130
12 80 4608 53
75 86 4761 151
84 89 10571 309
48 19 173724 65
82 13 213262 266
29 23 51776 111
78 51 4074 345
72 84 1998 18
70 93 51898 226
61 82 12212 323
89 79 41652 170
39 94 8796 70
82 97 36412 322
96 14 16337 62
20 45 21117 640
1 65 55134 249
63 40 100833 72
47 63 20566 117
68 12 29872 187
65 26 23713 132
93 74 15198 793
56 13 12169 107
25 85 33905 52
86 62 49796 24
77 57 13208 121
53 62 5109 76
37 100 5954 253
30 36 49998 120
84 75 3626 30
76 38 100183 344
30 79 2546 112
75 29 5595 1244
70 91 43394 264
28 10 38224 95
23 83 9328 3219
12 4 32807 74
78 22 4422 1628
18 55 2081 275
9 45 43821 69
97 81 16066 2845
46 48 40725 115
25 53 5747 231
30 77 28137 375
28 78 36568 49
72 74 23489 56
47 46 11595 145
41 91 41490 319
85 20 3799 66
53 70 25472 40
92 91 11979 17
24 64 19135 8
9 33 12456 25
3 33 19258 245
73 100 10614 119
70 97 8546 321
35 38 30576 99
85 31 9472 73
37 26 12710 217
55 65 14003 132
7 28 6803 630
46 15 39296 1061
78 96 39712 230
96 32 4978 81
100 99 2029 336
52 80 77597 190
36 44 16682 239
88 55 7706 85
83 85 27239 108
19 95 4732 78
54 53 46031 100
37 95 48594 325
27 90 55399 83
36 4 24684 287
73 68 13971 47
48 26 86229 113
14 74 26841 60
29 17 11131 246
47 13 38763 187
62 9 193019 323
91 33 17315 546
80 38 50795 218
62 89 59576 99
90 30 10613 123
12 73 11467 204
85 10 14990 1236
54 4 6754 182
10 76 72569 151
87 54 6651 76
48 58 26537 81
8 33 68226 334
8 62 67520 216
69 46 12595 33
49 80 10879 73
59 66 7841 39
52 67 45832 334
94 44 79822 248
52 15 7526 352
63 26 50012 60
89 39 57629 48
79 88 14647 66
37 44 10830 113
33 92 10563 123
61 20 9608 52
66 84 23410 710
84 73 227046 105
19 61 25824 246
95 81 34692 200
32 69 14161 178
66 88 5090 151
35 63 82237 59
60 10 18380 196
61 54 40957 121
100 8 7331 151
15 70 7417 164
30 24 9340 262
11 19 30619 329
26 90 20791 20
91 89 33784 69
42 36 229349 46
10 71 7903 105
6 63 14830 170
34 74 15202 138
46 65 17054 430
61 70 5184 206
24 78 15221 56
39 29 3221 89
86 82 5187 172
40 86 21170 282
16 70 43357 102
15 39 25685 60
27 33 19337 139
44 49 32760 451
72 27 74883 45
68 85 14830 59
61 77 84599 2637
6 2 37885 407
43 29 25912 902
44 85 28068 211
28 27 17800 54
16 15 37067 226
17 58 52073 307
2 17 14432 273
2 40 34897 89
22 15 12814 221
77 4 36046 64
20 15 3686 83
22 5 16185 368
17 25 12145 24
22 11 2423 153
84 96 59280 88
54 63 25114 247
13 19 15787 225
14 45 66582 94
62 18 45555 77
75 26 11602 46
50 9 21718 243
54 1 26962 123
79 86 19019 70
48 70 59613 333
46 25 17005 82
69 23 47175 235
45 12 25793 271
48 91 5387 112
18 52 37502 78
57 64 21511 628
3 46 6477 82
22 41 49490 120
17 47 37174 440
30 49 67860 187
27 35 23622 65
99 75 3999 592
71 86 4801 63
25 30 39396 55
87 46 3677 132
38 29 1832 172
98 66 6509 141
40 74 38585 41
3 27 7921 238
34 58 256707 170
92 85 5527 273
47 82 8826 199
50 98 5315 28
5 11 16614 73
65 43 17757 124
79 65 40835 56
61 46 13327 141
34 59 41955 117
10 46 6807 212
15 41 12683 191
35 51 14158 65
54 32 8688 520
62 20 51615 135
82 51 34220 135
87 82 28475 124
33 61 66956 63
45 41 5525 42
53 68 36900 90
30 70 10508 197
18 66 8324 754
93 62 7964 179
65 45 9127 370
49 8 26621 1710
94 38 6692 459
81 78 34919 28
99 21 2738 96
99 2 6662 59
79 72 2193 196
79 68 22314 383
97 67 2337 134
81 14 26868 69
21 84 46188 245
2 64 13603 195
80 34 2289 301
62 68 42047 38
42 61 11527 1818
24 84 7836 104
5 40 11786 510
72 30 11949 109
76 56 16692 116
86 98 7715 200
15 19 58910 72
40 29 98132 34
100 91 12344 46
80 36 12881 15
85 86 13372 85
49 56 36110 13
63 61 24687 150
57 99 67852 170
92 11 64769 1563
33 50 1807 97
17 15 11780 246
13 89 5283 241
92 15 171623 165
24 58 34653 74
58 31 16996 58
24 43 7767 236
38 77 311747 576
36 58 24189 364
30 84 6162 65
86 68 61287 103
79 81 35628 92
27 21 6980 125
100 7 50175 97
44 81 9150 62
45 71 11561 191
69 11 7018 154
24 38 9699 35
43 21 11894 447
40 47 21588 298
22 57 11612 35
69 64 19950 567
27 11 26815 126
86 50 59744 90
68 66 54325 75
23 40 13106 87
93 41 33307 151
32 72 10338 41
72 67 42569 209
66 82 11440 87
1 49 11600 245
32 98 10879 309
44 92 28936 74
20 1 6619 137
9 74 8333 270
36 73 45040 689
24 88 26633 113
29 34 4244 153
17 69 51110 268
12 37 187180 307
76 14 27503 96
34 99 23636 109
13 58 12484 28
49 96 1258 91
3 43 16195 336
20 49 77803 81
69 29 12727 138
97 79 35760 293
38 8 28081 48
80 78 26400 132
29 20 20756 339
96 34 43917 30
71 65 55163 77
20 93 58803 156
41 77 51495 128
36 9 48028 101
77 61 23744 440
68 62 5628 63
74 495
24 16
86 49
65 20
15 10
85 98

1982850
