100 499 3 3
17 8 6030 63
17 29 15011 474
17 11 59940 218
17 72 60072 580
17 59 30781 165
17 98 27325 85
17 45 3736 106
17 84 45817 64
17 23 25768 167
17 57 53051 500
17 71 5182 118
17 66 64298 371
17 64 14486 320
17 18 36948 116
17 43 5959 602
17 32 21524 164
17 44 13489 118
17 78 34436 247
17 87 12095 149
17 16 26853 88
17 26 13183 13
17 1 38007 211
17 83 9775 34
17 14 41372 305
17 79 63027 100
17 61 8263 118
17 85 5692 621
17 63 35975 990
17 89 38695 144
17 93 10545 144
17 97 20363 74
17 37 21393 19
17 27 10040 148
17 24 15452 105
17 9 5003 122
17 19 17424 69
17 40 13139 266
17 55 70942 30
17 42 20029 50
17 92 7299 531
17 36 53319 436
17 75 176938 235
17 60 23180 1004
17 53 47145 257
17 80 8095 246
17 50 16549 357
17 96 52909 366
17 68 32013 549
17 91 8568 681
17 47 52573 39
17 74 8777 219
17 3 46000 64
17 13 8742 245
17 76 50605 465
17 52 6971 737
17 39 33414 45
17 86 32747 402
17 4 91911 76
17 69 46039 256
17 51 21667 79
17 56 67210 225
17 82 16755 66
17 73 16381 87
17 90 34269 450
17 21 60511 549
17 99 52348 279
17 41 26302 41
17 28 24142 437
17 30 38542 129
17 33 59921 349
17 100 27262 625
17 65 10046 163
17 10 66305 106
17 67 18003 157
17 31 12250 106
17 15 31092 150
17 94 50543 48
17 35 6951 95
17 49 697 75
17 12 8911 56
17 70 36432 20
17 25 8301 331
17 88 16399 512
17 77 14437 171
17 46 58141 108
17 38 19737 442
17 48 42979 283
17 62 39552 612
17 54 1709 304
17 34 27315 167
17 81 67160 218
17 20 43185 98
17 58 27852 91
17 5 36121 135
17 6 11158 28
17 7 238447 94
17 2 10771 411
17 95 3995 159
17 22 21851 104
95 41 10896 72
52 64 10186 235
8 32 6300 169
57 22 5508 1426
25 36 6162 18
6 24 25518 64
65 79 63727 275
71 31 38075 33
60 52 5562 1007
24 96 8296 55
36 29 6497 304
13 82 11138 146
31 4 2828 94
89 76 163291 67
81 40 32274 86
19 72 56376 40
60 63 14447 110
9 52 35156 226
24 61 4214 165
91 34 306044 25
59 29 33089 245
34 21 43915 138
93 35 8943 346
34 26 50100 61
14 20 30502 149
82 63 32391 122
39 64 14937 784
65 6 9990 61
2 42 33626 188
99 64 116954 107
95 9 8075 501
91 53 18341 68
18 3 3940 211
99 76 11244 347
48 36 26304 192
5 81 13983 237
60 9 47227 37
55 30 75050 638
72 18 26807 623
74 56 18032 226
96 41 16984 119
9 48 23359 452
59 55 22846 29
49 23 19524 149
48 6 77393 354
7 17 11143 297
2 97 26727 349
55 57 6427 205
58 17 40709 224
67 14 9359 83
67 9 15507 321
49 17 25631 932
93 41 5058 255
25 14 7891 53
58 81 75796 280
38 21 5896 54
7 84 7801 64
36 48 31950 236
9 16 21989 124
23 91 36853 134
13 84 6086 1336
95 72 12746 24
43 8 21027 233
24 8 47026 249
90 53 64237 124
10 76 128493 530
31 17 8341 195
63 93 6832 482
52 89 23212 330
16 29 13767 63
70 36 7065 57
70 19 13929 204
71 11 7379 26
74 89 34753 279
72 34 10365 65
86 17 54493 238
66 36 29883 315
66 67 15844 261
67 58 6310 126
73 91 5015 124
10 18 6263 283
46 71 9154 475
41 46 18345 117
69 67 29870 41
100 19 13471 758
56 50 55846 371
28 68 16712 1091
96 66 23307 137
40 84 23632 167
84 71 23422 321
46 91 2434 135
24 7 9797 328
58 80 6394 687
33 36 12436 227
56 60 16156 64
79 32 18303 156
25 6 11915 618
95 25 101109 75
70 83 8643 203
61 12 6382 109
50 92 40121 169
70 37 17500 83
85 92 190390 91
76 93 12057 70
88 70 32393 713
82 9 41834 2153
65 31 7174 159
53 79 12668 259
92 4 9330 487
34 57 25175 124
58 36 22681 47
77 18 57830 85
95 89 98509 279
65 50 33591 60
30 73 66548 365
50 31 30548 212
67 33 9913 181
25 2 9522 33
98 4 16936 71
46 36 62848 369
68 5 55000 39
15 65 35683 52
48 19 29332 72
14 85 37996 282
41 70 60100 129
67 66 29875 35
85 25 18098 257
78 80 130773 240
30 5 40471 264
63 74 18837 179
47 18 45003 84
46 57 13290 66
75 59 5305 177
30 9 31260 308
47 89 37965 92
40 61 59598 471
56 39 65497 107
59 6 11543 411
71 64 7549 194
88 23 8325 122
63 31 5438 139
50 64 62879 315
20 64 18201 855
79 60 15368 146
73 62 4033 281
60 54 4574 161
44 51 5466 198
68 31 27473 26
100 18 80399 104
45 33 33159 74
80 48 23142 189
2 11 9930 33
13 11 35912 10
29 77 26216 51
29 36 64416 28
75 25 24610 99
25 33 8886 93
70 5 55027 47
50 44 11833 68
55 11 89860 107
75 57 13585 31
36 64 33707 290
88 13 22443 60
52 49 36940 136
67 85 11704 817
83 50 4580 232
45 24 64881 355
88 100 40222 76
45 64 88778 198
13 22 85885 53
77 9 8177 35
100 41 145829 29
90 8 27395 50
71 74 52017 169
22 32 6452 42
88 59 9795 517
19 17 9854 110
21 25 17859 29
35 98 10206 1211
82 3 20424 223
40 18 23037 251
47 29 12094 156
13 88 124866 64
28 35 56204 344
43 53 12615 124
98 12 10595 171
94 29 76193 187
27 32 13092 139
4 84 180446 653
38 35 18088 601
63 83 13514 192
79 35 2483 561
89 16 24503 286
59 64 40070 1407
82 65 52609 64
91 78 8783 970
62 11 16356 83
98 71 33534 188
100 59 16276 67
74 7 7440 367
57 84 64591 118
25 83 33681 99
84 23 5104 411
27 34 14596 152
95 70 5306 117
79 8 56665 213
84 60 31697 74
98 99 8718 32
5 6 28573 24
57 79 35377 33
28 19 26110 77
63 2 44617 274
81 47 100776 400
31 68 7757 187
20 56 45884 145
42 77 18956 335
59 57 39960 270
16 68 13020 69
69 43 26269 95
27 83 47226 31
53 10 6508 39
57 99 15165 70
53 18 54300 31
21 70 58945 108
96 31 19662 522
66 95 21833 61
84 50 44581 91
63 92 7526 202
32 60 25779 68
81 48 19617 105
94 56 19767 69
16 27 13875 176
13 56 92159 235
10 20 9380 266
59 22 38890 625
98 93 5746 2200
63 100 17974 279
93 77 47680 67
41 5 10311 132
20 37 31234 268
53 44 44996 139
78 77 4201 91
74 29 31566 429
59 56 16195 402
90 89 48162 121
44 40 10098 114
37 88 16477 375
68 61 12528 137
72 58 7425 185
38 60 11038 59
35 69 23486 296
97 36 33160 661
65 68 10689 614
93 12 26613 34
16 91 12556 319
66 79 19518 476
27 94 2309 80
40 38 10632 228
99 28 28554 472
2 95 33872 343
90 10 37025 106
53 80 77606 102
94 98 115781 232
54 44 5052 73
91 15 17713 109
52 45 3414 45
59 79 15680 68
76 54 12308 245
56 95 12787 84
11 65 38078 157
84 62 76581 109
26 38 5259 174
67 79 54901 190
26 48 10047 49
34 60 44007 30
89 27 34633 285
96 51 22950 41
2 22 7668 72
15 13 23620 242
52 76 17868 290
75 91 15313 158
84 68 24058 169
31 92 42530 456
38 51 5191 402
55 28 12103 245
41 37 30014 208
37 98 26626 195
73 3 12273 17
67 13 33862 219
30 17 20208 365
70 50 11907 154
12 86 3148 282
61 17 43523 140
51 7 14403 183
63 64 69814 30
77 15 15793 452
78 49 20867 101
37 4 149685 99
51 86 48125 119
50 24 8306 59
5 20 96907 199
5 29 31795 52
53 45 61371 67
74 35 10337 982
29 64 17309 152
72 62 88510 199
49 69 31072 472
90 4 4343 65
52 80 4930 46
82 86 11233 72
52 27 109696 160
73 16 6098 93
82 67 91587 583
65 32 3222 90
3 78 45858 139
48 54 4828 84
37 19 250878 57
37 55 28840 111
66 34 430703 277
19 13 28395 817
27 25 31949 168
23 16 33796 661
38 74 125894 141
81 51 4895 183
41 43 39901 66
67 32 33978 108
80 18 28096 160
4 6 29064 236
13 64 3737 186
81 91 65129 27
53 67 32212 60
57 20 10128 108
86 72 7548 50
16 57 21678 134
25 51 19106 41
96 79 5561 147
82 53 20751 62
14 99 32969 220
60 94 12942 306
85 42 50162 943
87 26 37786 47
36 42 84351 260
30 48 17333 78
98 97 39424 136
62 61 14322 206
85 1 3544 235
69 76 16617 412
33 19 34135 135
97 46 3773 40
72 3 5001 190
82 55 19791 467
38 12 10273 67
4 33 10222 958
10 17 10209 246
73 92 22184 50
3 69 7318 160
100 6 6024 220
88 26 7503 188
58 84 129579 264
74 49 77878 120
18 36 36616 570
66 6 8216 337
61 46 6543 128
98 95 5409 965
55 39 14005 191
12 64 4291 38
27 12 323493 862
83 86 17829 42
22 27 12683 1049
89 52 92044 147
69 47 4309 539
43 48 18786 40
9 3 52887 73
4 91 37788 88
75 72 80607 124
47 45 10996 146
71 84 21875 124
2 21 10351 191
93 49 34807 131
48 40 7497 216
64 37 8551 455
44 50 26624 258
54 38 7833 103
45 99 15296 49
37 62 9820 310
61 71 2650 50
45 29 130282 181
2 80 20047 121
94 58 45602 89
58 94 20934 206
77 55 79837 131
88 46 10875 240
15 72 61488 469
9 89 15520 208
15 75 10543 455
42 13 14805 340
29 15 4852 565
93 23 15375 1585
38 29 48913 88
48 7 64182 99
17 1584
67 63
82 40
64 163
36 100
29 132

5767450
