100 499 3 3
28 97 15784 82
28 37 4528 165
28 54 5769 149
28 52 55928 279
28 80 73251 193
28 5 43666 47
28 74 23681 325
28 81 47425 257
28 19 8476 139
28 99 9288 153
28 34 29328 257
28 30 33622 255
28 51 12271 120
28 100 10700 399
28 10 78941 222
28 72 8534 348
28 91 27795 575
28 42 37930 1126
28 58 10885 85
28 48 18740 2923
28 64 3249 300
28 9 17801 166
28 73 8289 205
28 93 16875 316
28 49 14142 171
28 96 7487 72
28 76 3840 224
28 15 27073 122
28 59 14265 241
28 66 85744 99
28 16 51095 28
28 36 9715 312
28 45 16417 122
28 11 7423 150
28 31 2072 36
28 85 38455 29
28 46 27866 658
28 82 32643 305
28 12 31422 151
28 8 11433 51
28 7 24123 60
28 55 38292 73
28 27 7285 320
28 4 6686 92
28 38 8234 172
28 69 18678 38
28 41 14699 463
28 1 13529 52
28 3 7122 176
28 2 9447 39
28 89 30787 597
28 47 58586 144
28 67 1721 150
28 35 15819 111
28 75 10693 49
28 17 40669 340
28 33 17202 89
28 50 16223 326
28 68 14875 244
28 14 45350 51
28 57 41240 481
28 92 44056 191
28 32 15133 855
28 23 10644 122
28 87 42266 507
28 84 8392 508
28 20 8265 143
28 22 35446 170
28 83 23998 79
28 77 85851 72
28 56 14822 111
28 94 32440 179
28 39 6533 943
28 25 14590 139
28 43 5004 109
28 13 24443 158
28 78 26922 182
28 18 39515 21
28 88 37225 166
28 98 23087 212
28 26 13853 247
28 65 15187 70
28 86 19877 273
28 71 21234 203
28 61 10661 34
28 29 192707 170
28 24 2069 253
28 6 65459 114
28 40 80177 114
28 70 43017 21
28 53 36369 508
28 90 12059 232
28 79 32955 47
28 21 2726 2190
28 63 33941 88
28 60 269879 95
28 44 4809 22
28 62 2343 525
28 95 7180 511
70 28 1897 1117
33 13 107289 166
96 97 13804 124
51 98 1587 182
86 29 126332 50
97 94 59436 164
6 66 24300 468
77 1 61636 515
8 96 93390 156
11 16 18138 128
33 4 320429 195
38 82 13715 150
22 50 4562 240
32 85 35453 145
22 37 41462 332
39 35 15433 90
86 47 50136 284
72 13 28346 120
95 6 3490 197
37 96 658479 57
66 26 24256 364
27 35 56783 357
12 51 10113 34
26 69 13445 627
68 45 29207 556
27 78 17295 84
19 36 4102 443
100 30 137674 35
21 50 8858 185
69 83 13677 40
65 74 14346 82
8 75 4992 267
90 26 69376 155
21 4 28551 112
23 57 4607 145
15 67 30596 89
77 56 23957 220
52 87 10069 808
61 1 49649 197
87 33 49619 333
66 54 26673 111
38 65 117476 216
90 30 6946 282
30 80 89240 411
88 92 2972 129
69 94 27690 39
36 34 40782 63
18 55 28041 48
70 74 55105 52
77 23 29148 105
56 54 9332 98
78 83 8482 86
24 52 38208 137
13 81 14371 386
83 62 13352 39
50 65 22975 266
58 45 23142 396
55 60 11147 159
4 26 8225 100
99 7 12074 261
53 98 17228 390
27 63 22709 147
61 37 16911 123
43 92 15976 260
81 47 44466 87
38 28 4875 59
9 1 6764 268
13 80 4530 183
3 14 112997 584
100 12 11636 46
5 18 30707 380
64 69 34007 68
89 91 5893 243
23 36 10902 27
75 31 9759 246
52 85 79169 291
23 78 14042 157
17 37 51877 673
27 90 6857 15
88 74 50417 331
21 79 7974 81
36 56 5691 176
66 14 15918 303
5 52 14784 448
96 56 9990 376
45 13 55831 109
86 11 10143 410
39 13 33995 202
63 54 35812 201
38 95 15590 73
100 87 7256 60
46 2 25410 249
19 77 8386 459
72 94 9145 574
89 78 26223 214
15 29 44521 44
48 21 78757 303
90 40 55095 309
100 93 263276 46
15 22 300630 129
47 36 5482 124
91 37 26215 385
57 75 15881 52
34 62 28396 384
49 22 1938 516
61 98 84870 76
52 20 5576 67
38 15 10143 117
35 69 38311 27
87 48 17735 352
77 30 180259 36
53 89 20253 758
1 3 27236 167
100 44 10842 105
5 46 27684 202
91 14 6364 86
95 86 44444 461
86 68 13011 395
96 99 7965 210
40 30 13714 89
83 85 67585 89
35 53 27660 90
71 49 30572 406
2 39 12433 353
82 53 16478 85
99 12 33950 327
70 76 5101 1545
91 41 24338 808
11 97 2537 64
26 75 39308 29
29 41 6689 148
11 84 135029 102
29 68 23898 250
91 21 14879 232
79 2 40637 77
61 41 43680 283
57 84 20277 96
11 93 4733 52
35 72 20421 1623
90 4 101184 224
53 75 8828 343
72 61 23864 80
75 18 4675 222
57 29 148743 319
10 23 2999 211
98 41 19519 75
66 23 4657 72
86 80 9742 63
7 56 35686 40
76 35 24977 308
38 62 33876 35
85 63 4492 207
34 77 22138 237
76 72 67304 152
66 13 8612 67
40 75 29441 111
58 4 14604 115
29 96 41908 163
67 70 28309 283
39 23 186224 87
83 67 32093 85
41 80 8593 90
79 16 36722 4028
14 54 35426 81
16 67 5040 173
91 11 4460 104
54 47 24699 117
52 24 93405 214
56 96 124276 318
45 79 79647 57
78 33 68521 88
49 62 24682 182
65 31 10212 105
16 44 117709 514
60 88 22418 137
18 7 62774 101
83 34 5446 239
5 80 8507 160
42 43 49321 109
58 87 48180 37
22 30 6378 60
72 100 37051 229
93 65 6612 56
53 69 10095 229
58 35 3874 178
14 47 30056 119
69 71 235428 54
33 89 8358 241
3 89 18967 726
7 20 51297 238
67 68 112079 173
69 27 7897 161
79 58 10980 92
2 32 17500 84
9 36 7960 228
78 7 11857 70
87 20 16359 263
81 68 57347 395
59 50 21619 38
56 14 25372 450
43 23 33528 242
7 98 28788 307
11 77 34738 173
76 56 11545 63
15 59 4054 151
7 48 20195 127
76 11 72619 285
11 79 154785 218
13 15 12723 40
24 65 101461 219
99 59 55734 324
52 66 23415 249
66 37 45037 12
66 80 23217 504
60 38 150396 49
70 59 9456 63
22 96 225613 11
93 73 121270 121
63 92 27231 121
9 77 18993 170
10 25 19221 216
50 97 46981 333
75 56 6500 146
17 34 51114 69
43 11 83499 107
85 34 10232 318
26 31 17569 291
66 27 5585 225
51 39 16775 235
31 52 31619 87
30 33 9129 244
5 65 87733 341
100 51 25887 49
79 84 13895 115
93 37 16775 409
23 28 51209 100
46 95 105421 98
52 63 24249 243
72 86 67052 202
14 34 13415 60
3 25 15108 17
18 66 40411 85
48 41 19664 96
98 84 18078 19
69 87 48942 231
55 29 22181 382
34 99 30068 64
88 60 15713 114
47 10 14120 98
7 26 94499 66
55 72 9166 116
39 45 34342 210
76 29 45059 41
69 72 10274 286
19 97 6048 446
10 28 8862 110
95 39 19791 410
93 72 8955 592
98 89 114266 108
81 92 21501 242
13 67 19711 110
48 23 25329 397
46 40 13347 36
6 15 4560 161
53 50 29027 282
80 49 26482 178
47 97 35209 162
49 28 7348 248
15 51 32628 121
62 82 45839 190
100 32 36507 529
42 7 3753 110
36 70 70321 96
37 26 58863 140
24 20 14518 394
29 80 12813 162
47 84 131828 197
47 82 26384 55
43 80 5207 19
35 77 177389 99
67 20 162850 41
13 14 21159 85
66 79 30230 122
81 66 75274 47
40 8 90713 252
82 92 31621 389
86 55 76465 1683
61 7 192897 268
36 24 15523 65
82 61 26956 19
56 57 14693 33
81 9 22625 85
11 8 31713 54
6 58 242685 94
82 84 66695 177
78 50 20874 388
6 11 52052 73
15 92 50965 558
26 83 85186 143
54 71 241372 57
35 47 111861 716
72 47 9489 391
19 61 4855 61
84 92 22157 310
88 59 8053 273
65 88 10092 358
11 26 24418 283
31 29 19884 140
27 3 8594 1299
50 76 4809 795
97 27 53553 51
54 38 55819 661
17 70 10594 178
30 28 13000 81
63 79 2857 86
8 12 28546 79
27 45 5816 105
6 40 29416 94
59 54 73472 130
18 70 33521 171
9 100 14896 123
92 51 14604 209
4 67 102950 40
99 85 171474 85
83 45 45626 140
39 90 8320 97
86 58 22005 78
50 31 16354 120
81 67 17715 104
2 8 7180 43
53 51 103183 35
80 88 12271 329
73 65 9432 237
75 1 21610 115
86 22 16670 219
11 72 14834 33
94 2 14679 364
36 72 27703 478
88 30 70674 121
26 29 26369 38
86 42 10835 145
80 27 25955 264
72 39 73515 84
5 60 64231 242
23 18 10297 31
9 69 228055 52
89 31 79103 164
42 93 172582 429
19 99 22210 145
8 10 11054 66
13 95 44302 209
40 10 32190 195
6 37 39660 121
64 89 45823 238
90 18 6913 838
10 92 21515 168
93 100 7108 104
20 58 14932 55
54 10 18603 141
73 15 16236 297
29 37 70472 109
16 75 76596 29
24 34 32490 96
90 95 25409 419
95 81 6350 145
15 76 31810 91
94 14 9222 32
6 83 12487 86
39 57 111822 495
33 84 39849 286
65 17 9946 58
42 14 13764 90
61 89 8298 24
93 63 16059 73
25 81 9552 594
77 86 48932 171
36 28 7907 15
52 9 19708 72
88 41 48795 227
79 55 10018 57
72 96 3727 107
65 72 67571 84
41 78 17925 253
1 96 44170 547
90 61 9585 1406
37 56 10564 602
99 56 90934 254
47 11 68213 330
9 75 29807 201
21 76 14964 232
26 93 10889 54
60 70 29023 358
53 92 8765 212
72 62 14613 28
38 46 151937 301
24 89 65726 225
11 38 18174 158
80 64 14954 22
14 48 5006 1474
50 100 2761 1209
28 1287
11 350
86 18
92 240
80 161
72 105

10337207
