100 499 3 3
68 98 11090 80
68 67 64905 131
68 87 66671 86
68 46 35832 23
68 19 14824 396
68 15 3626 132
68 73 9651 315
68 81 27340 223
68 29 10204 24
68 30 55937 269
68 27 30657 148
68 8 5104 169
68 80 34895 158
68 78 10514 469
68 89 61542 59
68 95 2449 251
68 3 38851 27
68 7 29421 171
68 82 7264 27
68 96 11424 540
68 16 80190 85
68 75 9868 731
68 9 23155 18
68 70 10816 91
68 41 10096 965
68 11 4321 285
68 39 225983 101
68 72 11750 15
68 42 9542 720
68 61 7654 607
68 32 53530 91
68 28 27607 347
68 5 36330 251
68 22 6753 235
68 62 6929 23
68 86 34074 124
68 12 12364 128
68 17 74789 901
68 56 26657 82
68 94 8812 147
68 85 8028 18
68 2 4796 273
68 59 31992 326
68 23 7765 572
68 24 9559 103
68 88 2325 372
68 4 14133 538
68 38 44123 266
68 100 30905 627
68 26 32265 59
68 69 32534 459
68 83 10491 102
68 63 9989 60
68 74 10461 51
68 45 73504 255
68 21 4335 162
68 48 21024 96
68 97 3081 344
68 65 42824 101
68 76 7721 436
68 25 122460 263
68 54 15125 137
68 91 21526 454
68 64 24123 515
68 31 13776 45
68 43 47672 207
68 52 7509 242
68 18 28394 126
68 93 32492 184
68 79 19190 118
68 84 70992 414
68 55 30076 254
68 57 32668 311
68 71 21887 120
68 92 28654 26
68 49 194441 286
68 14 25268 1029
68 1 70123 515
68 6 32632 13
68 36 8313 1530
68 37 29088 59
68 66 2857 178
68 99 14692 72
68 34 23603 72
68 77 55053 270
68 58 70252 267
68 47 74667 318
68 10 7133 604
68 44 68198 23
68 33 8257 196
68 90 20909 101
68 50 25234 223
68 35 42782 100
68 20 39793 293
68 60 11471 398
68 40 21416 188
68 13 21351 115
68 53 12951 698
68 51 70750 1059
88 36 32293 64
98 82 4983 369
91 62 26833 210
20 13 2164 145
66 65 26202 222
34 44 16329 78
58 24 221812 296
51 15 169789 2054
28 68 32768 55
60 4 20013 62
66 18 174166 78
67 74 25975 323
62 27 19096 107
14 10 6951 159
49 23 18415 51
10 92 4114 317
100 78 29310 66
32 26 7264 70
56 100 118051 495
60 36 14456 183
18 32 137877 80
82 99 5168 318
65 11 20759 295
21 13 20993 74
23 1 14750 125
30 99 45853 299
73 69 38738 106
25 81 25676 412
77 34 178083 207
84 20 11930 143
19 34 1478 132
84 69 57705 576
33 82 7231 38
64 15 14194 225
42 27 40827 166
28 26 4734 616
49 94 27716 121
38 9 79237 68
30 97 27705 347
5 97 4847 22
80 3 14586 522
99 53 2747 63
7 82 55266 68
7 75 190416 313
18 25 165795 70
50 38 59755 110
88 25 13808 91
35 56 15935 571
63 56 12634 202
15 77 14941 90
8 98 82759 355
41 19 6803 56
14 70 37730 383
20 44 36190 141
65 93 9996 157
24 37 30851 103
85 1 18476 688
45 47 25582 429
86 6 5165 92
100 20 20650 148
44 28 33609 95
15 58 23068 256
59 97 34446 831
10 77 52397 151
81 89 47785 59
33 75 6587 80
77 38 93423 568
28 72 6136 105
5 20 17610 13
19 82 23094 438
64 80 16944 94
92 74 45924 118
31 14 73191 45
11 64 21275 295
72 65 16130 35
87 14 39818 62
27 12 12028 2097
61 10 4380 58
16 94 8711 60
84 59 33451 125
49 98 117040 92
25 16 3810 96
30 78 8145 165
74 81 11026 107
83 78 29238 36
25 86 3837 21
20 12 12388 146
71 41 54006 123
77 30 33915 178
44 95 6264 49
46 4 16293 347
3 27 8212 269
97 37 45780 722
17 22 25859 160
9 10 15647 236
85 100 37717 193
56 89 41674 171
16 55 16056 229
78 69 10055 187
69 50 9119 139
38 86 104998 1666
42 85 16052 51
87 85 6619 267
19 21 20511 322
33 80 8213 214
12 99 3617 217
96 60 7507 269
57 92 37533 102
26 89 14617 252
20 57 27655 136
65 43 33797 1683
29 81 18178 181
13 34 222239 166
17 35 3306 46
49 7 6430 86
8 47 17744 58
58 42 23614 8
72 14 5486 145
91 34 9369 320
81 95 67651 48
21 30 100362 195
86 74 30308 295
38 40 11506 1147
49 59 17735 317
30 56 26689 517
28 5 6644 96
94 3 7588 97
38 97 8356 59
99 26 79388 549
60 18 29366 548
42 36 51057 155
98 40 33519 143
79 85 14340 95
28 88 4908 209
90 19 9741 110
46 87 11180 416
95 21 6319 184
91 57 21186 68
25 44 44823 722
64 59 31954 503
46 62 65907 56
35 81 28411 2335
100 62 29782 273
20 32 2726 225
25 93 7629 198
51 8 51213 1181
4 65 83861 102
36 13 15590 235
18 58 30516 23
98 50 38621 29
28 55 44688 53
30 22 1489 129
20 69 17724 335
87 69 12064 886
43 32 151240 38
14 28 10045 260
66 14 14717 132
6 26 8110 50
40 99 11460 158
13 44 57700 431
15 99 28442 652
97 4 39837 118
84 44 51540 58
84 54 104529 72
72 51 15941 822
73 91 12306 61
45 1 31810 24
70 63 117560 195
50 22 14833 154
98 54 99709 110
96 32 18507 507
9 81 35270 413
77 63 1694 302
42 88 20159 228
24 30 6171 349
19 84 17508 24
52 92 4375 40
70 39 15959 105
40 32 5444 323
94 78 16214 252
53 72 6533 136
38 81 20762 133
92 20 8024 74
49 4 12510 105
60 39 23822 171
11 81 14105 39
76 37 16814 57
61 87 17372 152
34 74 18560 655
98 5 7279 153
37 70 20473 626
64 79 13488 76
22 51 10528 866
23 30 18412 149
19 90 15125 156
58 11 14587 74
51 26 2868 81
38 98 10289 68
25 6 25734 114
81 99 12832 33
89 73 3219 350
38 39 3945 18
70 38 10783 180
36 98 22175 345
29 100 31482 149
75 24 7374 745
25 100 76284 115
43 14 12839 49
60 10 20881 17
34 98 4330 191
24 62 111798 293
47 11 33190 244
42 40 15878 75
20 100 14514 182
81 38 3498 183
16 29 14515 174
43 83 87007 147
52 37 128120 36
90 97 12532 187
26 61 8002 40
55 28 19634 158
84 8 87611 184
56 71 62354 63
76 49 20463 197
67 7 8918 122
17 1 26718 426
9 85 70315 160
53 33 36678 89
70 52 5280 562
49 36 17982 220
62 24 178028 201
88 29 19736 13
39 25 9562 1209
33 85 8771 305
85 19 6043 87
75 29 42572 223
73 53 38650 163
25 36 61581 179
75 25 27457 78
55 14 111786 21
67 17 40688 233
88 56 27580 472
39 82 18181 215
53 68 6734 304
69 70 79790 51
19 94 46063 40
13 52 71820 198
27 9 19103 69
26 11 31318 64
11 95 26306 455
67 86 39006 1177
95 15 24753 324
98 22 112415 48
12 52 84969 352
72 53 50931 89
66 46 10983 393
20 54 18081 737
40 3 69944 155
90 56 84885 290
83 93 75536 84
3 98 26708 44
20 83 16341 189
98 66 37813 30
9 24 6630 525
63 25 16768 92
75 15 11279 274
99 63 5089 334
30 100 11799 125
94 96 16912 130
89 60 24598 190
66 56 28263 122
70 36 770 149
18 51 26624 241
5 68 38814 98
17 93 19410 58
83 2 26221 538
63 27 45885 225
79 68 77255 81
87 91 26369 196
53 78 15892 69
79 1 36768 187
60 97 22780 149
91 29 74489 138
35 28 45835 11
13 32 9595 116
42 96 28640 305
21 88 124577 38
73 14 55121 186
66 49 27167 1254
88 99 4554 87
99 28 29974 203
67 54 30673 193
87 29 19887 1243
18 28 23924 299
97 81 15859 53
19 92 6632 200
46 58 20726 173
99 89 12325 76
16 95 20197 220
29 12 11840 52
41 5 44164 31
77 9 16260 209
9 25 36707 89
92 1 2927 129
19 27 14588 174
50 23 13167 70
94 2 20037 181
88 5 14168 910
34 92 6822 18
58 50 4593 609
56 21 17195 824
92 19 23997 78
4 35 20287 244
59 44 31290 64
21 56 5470 105
37 38 33397 216
99 27 17225 50
76 56 102038 228
91 41 28567 40
87 17 31590 250
21 74 80395 78
84 60 73080 54
10 90 18117 136
39 13 25715 108
83 52 57112 273
92 80 28045 115
67 10 4898 95
85 34 18184 503
51 77 5028 148
1 49 22313 488
91 74 107316 83
90 68 22575 631
64 32 179523 41
61 92 9030 67
47 96 66400 146
42 62 7237 166
46 67 15230 154
29 99 51489 150
34 82 32369 146
52 22 33166 109
82 25 19296 306
60 52 10726 114
46 76 13204 329
6 47 49119 464
42 1 19511 50
91 36 8471 87
14 96 5564 30
47 43 15023 168
92 69 10543 508
17 71 13128 73
12 62 7141 444
10 45 11381 162
85 56 18937 76
47 49 19319 70
55 5 24850 193
60 43 20925 173
5 54 22559 693
32 2 2439 75
7 100 4677 181
10 48 12477 164
21 9 6142 1945
80 32 2943 31
73 52 2525 73
14 58 15113 33
100 83 12800 156
89 45 45184 145
71 49 31877 56
10 42 33091 726
96 58 16664 123
90 53 11533 38
15 11 12398 50
100 88 9740 187
27 33 21128 95
6 8 18226 37
66 86 4162 37
83 15 21605 149
86 87 24492 122
86 73 14445 98
62 16 116377 45
96 98 5939 51
94 33 15000 40
49 74 48955 521
42 74 11754 51
32 99 8327 194
80 5 13853 148
79 47 9722 154
18 16 35802 105
15 48 96787 360
87 93 11808 132
66 78 19988 1533
2 25 42047 52
13 43 1773 65
12 41 27256 78
39 33 5112 126
16 52 13114 497
57 76 119296 126
4 55 22705 225
51 93 5783 474
23 62 42218 110
55 9 26425 652
68 2376
42 18
20 45
99 206
56 65
81 980

38952241
