100 499 3 3
91 59 44637 808
91 39 15178 142
91 55 6922 319
91 90 12814 1168
91 48 21184 105
91 3 12897 157
91 31 6980 93
91 68 16922 5
91 15 14389 76
91 33 9126 129
91 28 131053 181
91 20 14945 78
91 84 13788 139
91 29 4257 1095
91 41 10189 253
91 6 10404 148
91 80 12966 219
91 12 43854 773
91 86 19141 49
91 7 8560 168
91 47 10852 149
91 54 18948 32
91 70 9359 82
91 61 8288 411
91 87 12171 157
91 60 10502 152
91 69 61393 103
91 94 37035 124
91 81 19480 139
91 62 31197 39
91 64 33740 187
91 52 6919 417
91 51 5846 235
91 57 8375 132
91 95 137853 292
91 100 24041 267
91 73 44632 197
91 46 41152 85
91 78 26682 42
91 49 42578 152
91 17 9575 240
91 40 14583 1966
91 37 4587 826
91 63 37003 163
91 30 75849 59
91 26 47991 105
91 99 21050 39
91 71 9225 151
91 25 17590 157
91 23 71658 151
91 36 67149 335
91 4 10472 595
91 24 41932 618
91 97 2757 77
91 22 29387 94
91 34 38793 1448
91 43 46410 123
91 32 2406 222
91 92 4620 111
91 85 6704 255
91 72 114214 585
91 93 14109 197
91 2 16080 170
91 38 41424 484
91 76 8990 169
91 82 15867 58
91 83 3631 816
91 66 8654 735
91 5 55561 111
91 11 32344 85
91 16 4831 191
91 53 3249 1228
91 9 70679 41
91 50 49498 47
91 74 10066 131
91 35 31231 155
91 65 31083 155
91 45 134810 764
91 67 8180 113
91 98 11667 105
91 77 26413 419
91 88 42018 64
91 75 9224 37
91 18 1984 485
91 56 40078 99
91 58 15044 127
91 19 25900 189
91 13 2503 261
91 21 54511 208
91 44 8012 28
91 8 11759 133
91 1 6692 186
91 42 31433 65
91 10 89054 78
91 79 7879 112
91 27 52266 174
91 14 6182 92
91 89 18636 59
91 96 8877 337
31 40 6686 186
27 32 22191 75
79 15 57708 52
12 73 5937 102
48 63 8573 153
93 92 3347 75
78 72 5515 234
33 42 9798 175
92 35 16407 218
27 86 21796 174
32 69 120367 263
28 19 53993 337
38 17 8418 338
96 78 20427 209
66 50 9291 111
38 54 4261 211
25 75 14123 504
68 63 24017 306
70 48 12520 257
93 43 38991 217
47 19 7804 55
31 69 11389 92
12 71 39989 57
80 99 17010 283
27 5 16620 106
36 13 35685 298
26 62 13693 527
85 8 22759 32
54 65 14560 396
15 49 236944 28
52 66 12471 326
100 50 12714 236
36 49 16329 139
21 37 4478 18
56 38 31651 168
46 14 7014 229
2 10 35245 37
30 55 30186 111
56 45 2555 50
57 22 92570 120
43 74 4665 168
72 10 16465 325
37 9 58062 63
5 11 19984 202
9 37 11028 98
78 46 7543 387
44 51 6626 121
86 57 120325 98
75 3 44763 67
32 84 29402 73
49 54 109904 509
38 97 34325 259
64 62 29354 122
87 27 54196 957
36 12 77946 56
45 56 25690 64
58 25 402102 77
5 25 26795 64
93 27 14125 122
56 53 49562 34
35 13 94681 848
100 58 21765 363
92 90 28497 67
43 61 9904 75
19 20 54969 492
12 85 74497 82
78 81 4761 376
66 11 7314 360
97 36 27544 144
29 24 3270 619
71 70 29938 82
46 44 43964 87
81 51 16750 174
99 78 9610 273
4 91 42278 166
82 9 48126 1051
87 10 2542 520
35 15 84450 27
61 81 36251 341
77 69 45592 458
86 31 44979 85
25 9 14817 86
13 14 18897 59
49 88 38275 107
90 99 59412 44
61 47 16779 79
47 39 69097 1032
90 70 15433 39
19 43 11582 92
88 77 31536 79
60 84 11613 56
83 56 75454 170
7 18 3311 292
32 21 26145 15
86 83 9668 467
25 87 176955 117
4 80 83492 494
14 3 63867 843
2 27 29665 477
44 88 49484 197
4 8 6462 47
28 71 19018 239
64 4 68837 73
49 91 7821 174
37 78 5339 170
22 15 14606 113
15 67 22959 418
89 62 75406 120
62 70 46323 65
82 29 35408 279
88 71 2086 264
51 96 14522 151
26 22 17010 108
29 75 9509 139
99 43 17807 613
61 66 26661 22
43 54 112773 631
41 8 34851 148
55 40 5560 46
28 9 20031 32
1 31 33094 341
18 42 15477 81
11 13 45002 25
29 48 39936 325
82 71 44504 104
87 12 40682 52
77 13 38910 137
28 38 31827 252
10 47 41651 166
22 65 9791 244
27 34 8041 640
56 70 9253 822
75 86 6087 275
98 25 42923 73
48 13 299736 105
95 14 5475 157
70 38 65177 1183
5 65 32485 486
22 13 26499 148
87 96 16854 190
60 33 11846 748
21 38 15339 89
69 97 37350 250
48 33 22413 108
2 75 8423 15
17 4 12467 511
22 75 9729 68
3 92 2519 146
99 59 80837 102
6 85 6936 1657
77 100 10925 350
17 48 2142 693
52 43 7901 6
58 33 16972 689
10 18 19267 126
61 22 47697 2015
17 43 23816 403
75 19 58840 103
64 44 7491 207
56 49 8525 87
93 8 22489 190
67 60 50514 202
89 25 9073 497
83 13 33218 527
14 96 8148 143
93 9 69383 560
43 53 59543 451
39 96 4473 121
45 72 9482 590
11 84 4689 184
44 92 12160 119
50 88 11088 174
68 99 28812 262
86 75 22742 81
33 60 13997 877
40 81 7542 222
94 2 12920 98
51 54 3453 247
30 97 39328 47
58 46 5710 411
1 54 13537 90
15 92 9465 252
88 23 165833 425
53 13 16765 194
75 31 79014 123
1 92 27431 489
35 95 35881 124
3 47 7359 49
83 96 25315 27
61 20 24977 25
92 89 144763 453
15 40 22081 316
38 51 9617 738
89 47 29785 97
75 10 12487 109
4 34 25566 880
47 69 54171 513
42 14 44232 312
16 65 7726 212
76 89 27438 19
3 59 26232 470
52 49 13882 404
73 100 6833 214
66 99 18574 313
10 98 50927 74
85 18 5615 126
79 19 27841 85
16 55 66744 98
28 54 205768 23
31 24 77021 149
65 77 13470 150
33 43 53624 60
54 8 47960 275
37 48 69721 82
50 77 65839 544
77 64 27027 38
41 2 38443 133
36 8 20692 38
8 52 7775 55
89 34 6085 146
62 10 19657 245
25 41 28032 270
67 28 7626 129
34 61 78769 634
74 70 20811 88
21 62 63882 342
23 83 26481 46
98 13 2352 533
38 23 8404 147
25 94 26731 898
67 68 23932 79
9 93 30784 73
12 3 13252 73
29 60 23271 161
85 98 44805 178
32 61 22108 101
36 76 19808 92
90 89 10817 103
86 21 5916 435
39 69 14894 68
55 61 103683 55
93 13 13615 75
88 12 46485 220
59 28 42840 133
46 2 29929 197
63 25 75121 40
12 49 22248 185
71 94 11594 12
53 50 45916 61
95 12 44097 386
20 91 22040 20
28 69 10652 74
68 94 14947 1009
82 22 41725 133
96 40 8762 34
76 25 7133 85
6 9 15643 56
66 59 22379 48
75 22 25709 441
82 60 19860 47
59 13 2246 142
77 10 22977 98
33 64 154136 73
51 41 86183 182
72 2 15591 1519
90 61 107979 517
12 98 4353 266
69 3 4741 291
10 28 10686 187
22 59 34918 783
68 52 44161 309
81 15 21000 53
93 58 71272 171
63 54 28224 75
3 17 16170 235
23 68 17528 56
26 4 63949 81
30 43 77187 185
21 94 7983 109
78 25 9770 30
9 45 18959 111
81 41 28060 73
1 29 16423 413
60 81 14861 49
89 77 292219 76
25 26 3303 62
54 77 41018 692
51 92 108478 357
17 11 3439 334
21 76 55788 127
47 86 157581 126
79 78 46123 208
42 83 53176 254
84 62 20742 67
19 10 232453 44
67 13 18253 108
33 84 12813 341
66 15 74323 191
94 65 16399 44
15 62 12599 147
86 67 233295 47
27 41 38066 88
29 96 6086 47
69 47 5207 120
20 38 7577 46
19 64 4689 216
43 50 78027 71
67 9 14997 282
17 26 11992 89
41 97 15235 129
85 27 75438 125
51 8 52498 27
4 25 179086 675
42 61 19976 149
61 8 10771 271
44 66 12577 167
36 62 13598 147
96 97 21564 90
94 98 141199 87
51 37 11661 387
54 28 49343 131
18 4 10567 32
54 53 47574 208
26 67 173917 817
60 18 42002 105
70 80 8403 45
9 65 6017 173
41 49 6019 663
15 32 14205 45
43 39 15077 49
32 81 34003 136
38 77 161353 320
58 50 14910 232
42 55 16326 1229
90 78 32246 25
93 26 14219 23
100 22 41149 43
98 45 33621 89
51 4 79212 318
2 97 53494 390
48 5 17816 100
72 91 23238 135
79 72 13783 147
68 57 18870 443
25 28 51115 910
84 77 32611 24
17 31 88133 152
82 73 14949 410
56 93 19157 289
21 66 12823 2160
21 9 17168 300
65 2 51603 141
95 35 19268 181
2 21 57762 71
33 71 74003 47
14 32 20807 1025
69 19 19635 109
42 24 39359 237
36 1 10349 137
34 62 59332 233
99 55 8496 116
68 85 89306 101
11 83 19137 109
9 72 19473 52
75 78 18460 45
63 68 69031 161
73 93 26400 197
84 39 32360 109
82 87 54867 174
99 64 14355 206
85 95 27479 474
10 81 11748 363
9 73 18802 355
74 17 6994 172
57 61 110300 91
74 53 18405 209
15 12 4055 212
2 54 8091 232
84 30 19637 222
59 66 95744 351
73 3 26297 153
92 49 6583 69
74 77 42297 319
81 82 8001 23
27 49 63924 288
34 64 38744 136
19 78 126355 73
35 27 101716 93
25 12 23881 90
11 92 12397 195
58 82 38367 333
72 74 27905 105
50 3 6941 271
8 82 12637 237
72 66 20984 195
69 56 8103 768
34 82 56989 1427
100 15 51095 109
25 45 98501 451
45 3 47291 312
91 693
25 63
93 40
13 317
77 72
62 114

5753259
