100 499 3 3
52 51 11747 637
52 79 35240 487
52 96 4611 212
52 17 21579 579
52 97 30787 89
52 81 5418 326
52 31 18949 87
52 25 35822 311
52 21 29890 154
52 70 20313 397
52 45 63348 37
52 11 77326 68
52 59 38438 29
52 16 91039 31
52 3 67185 8
52 95 42545 111
52 13 79960 192
52 93 8405 86
52 36 7309 92
52 61 28800 131
52 82 25973 155
52 32 15933 93
52 62 7766 33
52 56 12061 668
52 60 77796 53
52 49 30034 119
52 42 6233 38
52 20 6827 35
52 8 27201 134
52 27 15336 460
52 28 10571 346
52 53 12798 761
52 78 92061 70
52 69 117452 7
52 92 9364 51
52 50 15800 86
52 54 118152 259
52 6 92184 389
52 94 62181 70
52 88 2505 301
52 57 21161 56
52 63 93072 180
52 40 46126 658
52 33 48597 84
52 1 41468 99
52 24 13539 288
52 55 52752 86
52 86 9529 76
52 15 9895 75
52 9 12810 33
52 37 16220 338
52 91 5185 45
52 64 34429 110
52 98 18227 115
52 73 36178 461
52 38 66608 472
52 99 39081 867
52 46 161804 154
52 87 7321 571
52 84 17174 123
52 67 17721 64
52 34 23905 253
52 85 10545 46
52 75 10896 363
52 12 15973 35
52 100 5677 242
52 58 6732 274
52 5 102710 104
52 22 44941 198
52 71 31634 291
52 10 2931 256
52 4 102137 109
52 30 12815 54
52 2 15982 32
52 26 117938 549
52 83 48550 569
52 39 23184 590
52 43 12125 100
52 68 6376 140
52 72 23686 233
52 80 16980 228
52 77 6780 1835
52 14 26319 894
52 90 44449 471
52 19 17324 166
52 18 10144 804
52 41 86994 246
52 66 19435 119
52 7 8591 59
52 74 14954 27
52 23 1357 136
52 48 97110 136
52 47 13371 25
52 65 2592 458
52 89 8357 30
52 44 32508 306
52 76 23954 52
52 35 24289 199
52 29 37154 317
57 92 89030 314
56 78 40641 434
9 19 25719 40
69 28 72816 228
73 6 13306 119
3 25 43848 320
32 41 18630 491
41 62 7366 654
76 9 60117 255
78 19 6308 574
49 10 9948 70
73 34 13638 190
78 66 29516 320
100 21 16826 316
77 68 82426 212
40 29 4443 245
62 53 23990 99
47 57 132922 234
35 29 16523 61
2 51 14896 1516
20 13 7062 54
85 4 88539 50
34 35 24495 223
5 11 13823 422
5 25 5739 232
79 21 244177 483
93 75 38038 97
78 81 71836 53
61 26 10254 338
74 40 155079 164
43 20 10693 33
14 79 271540 89
23 20 6473 70
32 47 3655 67
20 87 72693 93
60 45 1229 399
3 70 26321 388
84 69 14011 73
66 10 32943 333
57 27 107949 230
63 30 11708 288
69 64 65721 74
36 67 36382 84
87 88 72730 172
46 35 10601 175
97 44 22144 41
61 68 11696 604
17 19 35276 213
94 72 7760 1017
96 32 9465 247
2 97 40808 90
32 99 47175 93
89 10 10403 492
25 26 24735 160
71 90 26979 156
60 65 12399 322
57 11 37616 224
34 94 71736 18
59 31 16466 825
40 85 14323 95
33 83 135619 115
27 36 3240 601
65 91 25868 89
23 13 7189 39
67 38 18562 35
78 65 6850 107
35 69 114242 431
87 48 7076 349
34 95 12491 22
95 21 10304 89
35 65 30232 108
80 45 31875 34
61 36 8643 2193
1 25 15281 17
17 53 23032 336
8 47 41381 85
100 92 18505 256
56 12 24289 533
34 63 151369 69
92 36 12911 144
2 14 6720 165
94 13 33653 116
70 53 10598 49
7 69 19540 892
68 16 30885 23
91 70 15135 391
66 41 6449 306
46 17 36689 378
78 55 12180 103
66 64 78507 83
80 31 21687 108
85 62 71375 423
6 76 18006 6
34 20 25265 72
96 86 51438 294
53 14 11524 74
99 80 5483 67
28 10 33218 303
32 69 37614 666
94 100 26905 147
47 22 29814 88
32 89 23857 143
90 79 43894 19
91 18 22971 227
93 4 9800 108
19 81 12451 55
24 92 13325 34
31 92 12233 23
50 84 6208 795
49 70 14625 106
84 55 7976 145
90 84 52757 296
14 15 5438 214
35 14 4610 112
71 32 60897 16
100 49 16433 204
73 19 36800 366
56 20 42991 13
12 90 9374 538
96 73 27738 354
38 36 52132 119
22 93 11244 61
29 99 24793 621
64 95 7676 116
86 22 30647 271
2 53 107253 156
46 49 16099 347
65 9 13392 97
31 88 20080 42
53 64 190449 696
33 52 6149 336
99 41 15442 73
60 5 5403 365
16 44 2083 363
98 30 26780 87
53 12 2277 338
27 79 17513 124
49 98 20480 91
15 95 68892 111
73 20 21284 149
20 15 40097 115
1 41 8126 131
22 32 3896 53
84 100 47932 36
29 32 41282 124
15 94 73453 739
40 3 42528 42
77 10 10985 61
44 11 2067 328
74 84 138691 422
18 44 26786 149
43 6 26554 211
74 42 16433 225
73 18 38486 177
54 5 13699 381
76 90 6852 346
97 83 29864 42
82 11 21561 238
83 64 14860 225
89 92 81599 305
71 45 2843 5506
24 3 14970 130
34 69 18077 94
24 90 4861 414
66 43 25082 26
77 79 34247 192
53 51 86193 228
37 12 204750 479
6 83 34470 851
34 80 3327 27
71 28 32579 77
88 27 4193 25
70 90 2444 55
63 24 94763 172
39 2 8042 53
63 72 34750 365
7 51 19031 96
18 3 11844 389
86 72 17729 110
45 33 39783 224
63 39 16490 109
25 36 7776 82
36 18 74866 240
4 86 8406 196
90 5 3076 182
88 76 65360 219
74 30 87009 173
94 90 33293 354
66 88 103882 235
15 29 20407 206
91 26 7461 384
67 14 398373 72
5 47 7938 260
76 97 2466 124
46 79 32772 141
31 63 34676 791
18 91 25240 408
11 45 11829 210
96 49 12588 307
97 45 56145 83
78 38 32593 751
56 22 21760 43
65 39 23564 264
99 27 3307 61
25 11 80563 389
32 19 55440 78
85 66 44494 78
43 39 53439 88
46 84 47586 152
27 21 51492 54
65 19 19669 150
54 69 22114 490
26 87 30042 143
7 15 13672 157
49 7 27063 182
98 75 53474 406
11 46 60837 517
49 21 20861 97
84 39 4530 189
44 37 115008 264
48 21 36034 81
37 74 3896 59
8 21 49332 65
90 82 43090 251
1 52 140234 756
59 11 9090 391
36 86 4561 363
6 61 4396 181
32 60 68487 158
34 60 58865 287
66 1 60198 201
29 67 11852 65
70 38 53777 48
12 17 63212 173
65 11 72232 23
83 90 11820 41
63 33 48585 187
55 69 27899 546
77 71 11052 16
96 21 15671 536
9 6 65294 167
60 29 96510 116
8 29 9029 83
61 10 159632 20
10 29 89028 106
100 53 9500 182
74 8 85807 13
88 1 40666 236
37 69 21630 505
82 24 18535 96
21 45 12531 37
20 46 31663 179
65 18 46800 69
91 73 94541 203
96 43 7003 91
7 22 155535 638
56 10 105565 146
48 30 26313 155
72 27 14973 271
38 96 6553 125
65 59 9820 191
62 69 23084 301
38 65 68403 658
23 6 25276 79
82 10 7144 641
97 23 7411 273
80 33 42665 71
66 47 54400 215
57 38 17978 215
67 40 4188 122
12 92 13171 101
94 62 15843 235
1 42 38581 1691
70 27 61683 115
100 26 10745 91
5 96 11156 446
67 98 12078 609
17 86 18911 727
51 70 12598 272
100 99 25118 51
25 10 55273 57
68 75 36814 40
21 33 15641 122
61 55 44605 532
30 17 14248 524
99 46 18364 114
7 42 14698 207
18 46 33297 143
39 4 3350 3024
22 52 47387 61
17 39 12041 3251
63 44 50604 69
25 20 3799 178
73 36 11848 365
87 3 7358 19
35 51 4362 69
28 87 23465 43
47 67 10994 114
15 43 59049 89
15 65 3256 50
25 45 40064 127
47 30 39410 49
74 13 11866 273
26 5 4080 39
6 73 20890 200
40 88 4358 57
63 34 20529 181
91 4 14216 194
79 53 18872 172
34 4 33975 518
11 78 103418 78
53 39 29233 743
21 42 36023 152
66 58 7904 130
51 74 106267 114
43 75 144839 91
49 35 12114 438
87 60 30670 565
10 57 6662 236
87 58 35275 285
60 53 12085 86
76 61 5312 89
67 19 7257 164
74 54 46153 67
54 34 72397 78
38 48 8113 373
79 17 13406 149
78 14 31207 380
43 68 19235 201
100 64 107242 60
31 81 34044 530
33 56 17904 43
92 30 56900 273
81 11 31102 635
91 79 52369 174
13 48 89610 214
26 93 75237 228
6 68 21553 160
90 24 88348 73
99 38 451593 23
65 81 29494 81
33 77 13559 98
51 35 6645 155
32 35 46552 1030
61 2 5461 169
63 93 16405 155
88 50 18820 378
33 6 33833 159
89 15 42825 188
81 41 4231 1046
84 2 32028 306
6 25 121018 26
35 23 322570 450
60 36 70587 418
31 24 3638 122
7 85 19882 209
11 98 13257 407
74 29 39714 107
2 52 37007 63
83 45 3962 98
71 94 38697 45
87 95 118865 35
80 43 161658 321
28 29 8183 319
35 33 96657 17
29 2 16448 106
39 79 8771 258
86 27 75473 318
40 19 8909 492
100 58 42095 182
98 78 22478 103
24 56 28908 479
18 97 5402 135
28 5 26149 94
57 76 7442 226
56 46 180101 89
15 11 19029 452
50 90 17227 534
91 80 34093 105
9 100 10122 152
20 70 1589 83
16 59 10981 180
43 50 47121 112
56 59 30727 90
84 28 13552 248
42 81 58713 950
7 47 10053 31
58 14 14635 58
21 5 46743 841
57 9 17765 81
70 83 96022 177
75 83 9436 280
7 10 39945 30
50 55 54289 371
70 69 38479 69
14 91 6994 159
2 34 25677 86
16 39 60758 85
1 73 27966 706
14 70 9171 21
52 297
34 45
100 240
69 38
10 298
11 78

4483882
