100 499 3 3
74 62 17304 284
74 65 29734 59
74 29 4865 510
74 38 137711 44
74 54 3403 92
74 50 77616 70
74 97 14209 165
74 59 13098 222
74 91 2988 120
74 100 6578 106
74 79 51954 389
74 57 59850 117
74 78 9501 1660
74 28 13248 393
74 77 56097 278
74 64 1829 116
74 94 10959 104
74 66 45707 70
74 67 16031 205
74 55 35745 172
74 60 34363 327
74 33 105274 84
74 58 7733 40
74 68 16687 79
74 40 6033 44
74 63 43494 263
74 44 24494 603
74 46 35538 131
74 61 29776 187
74 90 12044 514
74 99 108207 536
74 47 21947 53
74 4 104446 23
74 37 95488 103
74 92 12661 764
74 84 23203 108
74 88 6654 404
74 3 12569 134
74 12 13429 246
74 43 85150 102
74 24 18845 594
74 70 10338 342
74 53 15806 109
74 13 53834 36
74 42 4260 303
74 23 7579 35
74 1 16649 169
74 45 29033 25
74 71 34801 86
74 10 7592 679
74 2 186400 98
74 49 17779 189
74 81 11504 133
74 19 46781 79
74 16 79449 164
74 36 78769 325
74 21 14984 79
74 31 31846 528
74 20 30424 62
74 75 16886 627
74 26 70025 40
74 22 114962 379
74 30 9858 107
74 27 25074 111
74 51 19074 140
74 5 36556 60
74 14 5841 703
74 18 12027 181
74 48 8785 370
74 32 2981 131
74 69 9648 35
74 56 39258 166
74 82 29629 289
74 35 8559 410
74 98 5426 55
74 25 16351 338
74 89 12833 269
74 87 15777 532
74 34 6005 488
74 8 15367 114
74 80 8825 68
74 72 11382 201
74 73 4910 108
74 11 16324 346
74 86 28811 131
74 17 11230 84
74 9 69364 49
74 76 3792 41
74 39 54225 106
74 95 180809 420
74 7 52154 318
74 41 7052 71
74 85 30187 35
74 52 51578 78
74 15 31759 1289
74 93 23280 78
74 6 26569 646
74 96 11406 153
74 83 21113 55
77 54 20651 228
34 44 3833 209
37 57 22493 51
50 28 55396 114
75 90 9431 294
7 19 16145 185
84 29 23920 341
43 64 10086 47
83 1 14381 83
68 76 37415 14
98 28 37807 24
46 24 48770 23
86 77 30948 115
49 51 10102 184
89 31 34530 28
39 3 64399 323
9 71 4927 138
8 97 75930 139
69 37 125880 270
26 19 35351 100
14 74 23997 74
37 83 1761 93
35 14 42588 65
14 96 48629 143
14 45 5111 102
67 8 15434 2786
20 22 19045 84
17 25 3098 35
52 99 5919 704
26 21 14887 67
45 98 121251 217
50 56 18361 106
59 83 14122 16
60 95 17508 281
12 94 85859 808
99 37 107060 33
90 40 27758 634
91 94 18369 153
25 14 119937 812
41 99 9737 29
45 97 13418 153
41 88 15749 107
17 47 22180 54
10 39 91945 82
75 35 163524 25
72 23 5795 19
21 63 7882 94
93 82 33590 453
71 80 4299 153
26 37 5991 321
99 1 30115 40
25 17 8264 120
53 23 23353 159
68 85 18860 51
12 65 25556 93
82 86 21871 116
5 97 39274 103
31 84 18151 152
73 100 3952 214
22 58 19513 20
92 5 37736 529
15 57 71044 205
5 81 6944 49
86 24 36785 330
16 59 13023 180
21 37 35341 110
99 65 60793 195
17 69 13171 234
80 57 19095 207
90 10 6550 112
43 70 139714 232
49 36 13064 182
7 59 14240 74
1 43 20201 312
88 55 10145 98
84 37 84994 99
23 100 10661 145
16 51 22159 197
13 32 168993 255
46 8 26230 66
100 36 48336 88
27 50 8216 161
47 43 40389 404
20 29 54712 539
85 95 115469 71
87 50 146089 83
52 17 34538 86
60 33 8753 202
90 29 161179 165
98 55 12643 47
56 71 3699 278
13 59 103064 206
88 84 10628 173
98 47 6425 49
6 14 77853 687
36 56 30903 145
88 20 96173 19
32 74 16342 44
42 34 87138 424
94 42 54190 382
7 25 15604 258
48 1 58550 65
90 76 20957 129
83 77 12569 290
56 48 56242 66
2 63 2203 329
78 6 68242 220
5 47 12038 29
96 30 18338 180
64 41 8596 265
91 92 7404 26
90 43 9941 152
50 14 45234 76
36 17 27641 67
45 11 27063 237
24 95 8716 143
9 89 126391 79
47 60 116266 41
5 63 56917 143
92 65 18805 618
4 6 64035 370
48 34 14500 333
52 39 3520 28
78 25 12738 53
54 76 157584 105
70 64 10345 175
76 12 23781 129
3 14 13475 289
100 35 39071 32
44 73 10572 250
8 89 51008 67
13 100 10227 61
60 54 21359 22
27 34 21675 47
65 59 75472 173
33 59 4670 353
81 36 7268 271
92 45 12225 50
68 63 12574 65
69 83 22329 42
91 33 2713 43
22 44 11198 221
32 15 5053 189
92 32 29854 81
79 70 37393 200
98 17 32904 1599
35 61 23605 129
87 17 32400 422
3 43 12041 54
91 45 38480 207
30 50 79673 618
71 90 33793 59
55 67 13549 142
83 86 22465 183
33 19 67557 88
90 99 18805 82
65 77 91631 680
24 13 17901 147
49 53 85413 248
67 63 24624 152
92 47 22479 39
81 6 7051 51
88 4 33497 462
81 88 6569 319
70 54 10356 142
58 57 139569 431
87 5 28922 76
23 35 24449 93
87 66 10884 883
52 16 30384 82
56 4 17329 573
46 21 50209 106
62 37 41189 210
92 10 119668 50
55 75 25574 380
98 19 19847 283
29 93 38042 33
37 54 44540 64
97 85 9389 124
85 65 12989 357
88 8 30612 42
81 68 50685 83
20 39 29393 55
36 78 7272 37
16 49 14554 153
95 12 12140 50
82 41 11393 137
2 31 36806 57
48 61 17581 3940
17 96 28451 264
2 30 13418 209
100 13 55472 84
100 22 25935 82
84 17 20354 87
85 41 28192 836
41 2 16744 97
43 54 22857 42
1 20 49864 159
23 7 3025 201
14 41 26014 349
73 49 10234 204
3 23 15718 282
34 68 36136 399
93 8 6115 60
33 93 10684 59
4 79 2991 434
50 80 19818 121
29 1 52527 127
53 2 33886 37
81 51 21349 221
96 44 51609 77
90 83 9297 26
80 10 222303 29
96 19 91927 345
60 55 4156 172
75 29 14645 176
38 26 6385 247
88 40 45835 21
79 46 15084 126
93 41 13940 55
25 26 53983 70
17 42 174456 148
4 53 13462 2969
25 1 3719 47
70 50 9163 192
90 91 28001 97
11 77 23201 265
19 45 22441 39
92 43 22143 14
37 19 67802 75
65 9 16549 88
62 3 13046 274
41 82 16548 247
69 49 58572 87
58 14 23246 96
63 69 10176 110
73 18 41400 63
94 39 8855 162
88 45 4257 127
75 74 8690 125
14 91 5378 46
48 53 6303 262
80 73 27436 423
12 18 22962 300
58 43 53717 40
27 63 57300 28
59 19 23355 572
73 54 7240 297
11 98 186500 195
58 69 20091 14
3 78 45340 209
71 94 17370 111
25 38 8599 1523
27 62 59148 352
19 79 4865 384
96 10 7407 71
69 76 129405 101
1 60 24382 639
31 27 12574 158
57 60 14535 124
4 54 14039 142
3 28 18589 108
92 63 13917 42
36 42 96504 256
28 92 34109 110
59 88 69194 124
84 44 5651 678
15 48 181578 56
62 91 407558 548
49 30 42205 53
17 20 19430 49
29 79 18867 118
64 28 112643 30
75 80 18511 312
44 24 18046 187
86 71 56640 242
64 93 25469 172
81 19 32990 146
14 13 174939 34
22 77 51579 496
9 88 26659 49
22 46 13119 146
17 4 14681 109
88 91 8783 394
11 32 64255 360
66 33 40629 14
13 15 9636 396
4 51 10912 67
14 73 19585 291
45 71 23309 239
7 82 6519 359
26 71 25948 234
8 47 62991 296
61 18 35126 121
8 62 13659 287
64 78 7427 141
2 25 97869 505
84 23 47041 215
72 75 35650 240
83 97 29446 29
69 84 64571 278
6 33 32559 146
24 9 31325 97
31 97 110449 430
7 72 3455 68
91 74 89992 210
4 41 35696 453
33 49 27919 164
70 92 48166 54
42 25 40401 151
83 41 24079 17
46 97 21070 175
67 10 14759 159
28 49 10106 303
100 14 25008 103
71 74 81489 638
44 80 23880 48
13 30 27024 573
70 19 6044 382
1 11 8696 61
95 45 17555 217
92 66 15121 33
99 12 39300 678
56 89 11025 1211
44 5 44752 104
63 40 21445 196
69 61 40453 60
36 50 30516 83
21 76 20589 88
31 88 44426 222
22 83 53649 1339
17 74 33302 119
87 89 5718 614
29 59 26526 52
73 42 58121 93
69 77 8852 177
43 44 19806 165
20 49 3095 70
12 55 12469 517
40 45 113517 48
19 33 5277 501
90 56 13744 263
77 43 20883 1495
65 52 3850 389
50 39 4903 85
66 60 129129 232
42 69 3585 400
87 94 35210 290
63 98 90956 67
42 52 2776 96
60 52 34449 168
19 42 36975 39
54 96 38544 231
56 21 68075 205
67 12 28415 166
62 53 12964 74
1 90 60638 103
61 97 74619 45
7 35 28428 95
63 3 27354 165
88 36 21534 38
71 13 38890 571
88 32 68621 390
61 79 42126 117
11 85 13025 71
37 62 10677 283
64 57 40938 88
38 94 23845 69
72 89 137139 35
29 21 13198 194
83 10 13108 48
93 40 19860 166
48 97 49469 588
38 72 7188 282
7 60 26875 142
97 44 6306 276
57 87 22196 342
96 94 41469 84
37 38 52176 71
23 36 88317 61
80 74 5232 25
19 74 18450 101
58 92 26053 71
89 20 109749 858
69 39 7091 202
5 8 621395 122
4 62 91611 93
90 46 18112 465
31 33 40471 23
11 5 20529 61
72 92 23097 245
28 60 18821 93
99 22 22123 94
79 36 20878 99
93 10 60674 1287
24 3 21096 33
14 76 110408 571
81 84 15758 138
27 75 75045 154
55 16 23127 158
74 1584
90 30
88 20
19 722
97 154
63 239

26652553
