100 499 3 3
76 54 3684 584
76 42 24196 213
76 82 37762 34
76 18 44586 514
76 80 2026 94
76 15 16658 11
76 41 369273 38
76 25 23793 775
76 79 24999 216
76 11 1536 169
76 37 25221 52
76 56 22311 22
76 97 15667 124
76 30 13495 898
76 65 45530 301
76 33 24979 24
76 1 45689 141
76 13 2079 74
76 52 32703 354
76 43 67629 108
76 51 48552 200
76 86 89298 106
76 70 13434 138
76 28 14997 26
76 60 20682 31
76 99 63074 142
76 27 12643 104
76 69 32836 568
76 89 19110 655
76 50 24783 23
76 93 31340 246
76 4 9039 633
76 62 4937 110
76 47 6402 158
76 84 4790 62
76 85 15963 848
76 14 25093 104
76 94 15894 32
76 73 8736 52
76 31 25303 81
76 10 6598 86
76 48 60334 80
76 19 15290 78
76 26 10607 248
76 61 14898 599
76 87 64477 225
76 46 3069 305
76 36 15918 36
76 38 27948 16
76 81 63874 44
76 45 17821 431
76 20 6193 619
76 77 34599 146
76 5 2589 56
76 2 223498 33
76 90 5661 169
76 34 10584 248
76 64 453353 197
76 21 5403 75
76 23 15544 233
76 92 21540 284
76 66 176990 316
76 55 4107 126
76 16 61064 69
76 3 13137 1363
76 98 27544 246
76 88 6965 242
76 75 10841 305
76 58 60833 322
76 29 16078 156
76 8 15558 306
76 32 4928 40
76 7 17741 130
76 68 22514 1705
76 6 14584 102
76 59 18397 41
76 49 15501 86
76 78 113034 362
76 83 3987 111
76 67 522008 65
76 100 71799 69
76 40 4634 41
76 74 7235 645
76 24 6264 71
76 39 9795 1264
76 9 91320 174
76 71 8920 64
76 12 25293 245
76 95 54963 225
76 72 18057 49
76 22 23015 214
76 63 23223 57
76 44 56173 200
76 35 39498 142
76 17 92081 267
76 57 22040 148
76 96 46997 57
76 53 26376 703
76 91 26307 759
83 35 13973 430
54 56 7818 147
75 62 53756 106
49 16 12644 152
53 49 6142 173
34 100 55285 160
81 43 10314 54
43 45 15082 43
23 63 7855 224
97 30 33645 172
97 58 12256 253
58 63 58347 46
57 82 4287 63
22 3 9297 28
66 61 73019 38
14 3 22806 167
43 58 54446 25
36 12 10613 1195
2 93 4691 1136
56 12 7794 278
88 84 14805 105
74 5 10794 1004
22 96 18503 71
26 79 4854 71
93 17 11682 54
86 80 10769 75
3 15 11858 356
58 39 16172 448
37 96 9252 219
69 81 16572 225
3 93 107442 48
50 99 23613 153
24 50 48068 216
14 69 7112 63
67 5 11646 457
39 89 14707 222
47 61 9629 343
23 16 31485 591
93 99 100859 138
4 63 16278 438
2 89 16611 157
86 24 8931 1332
22 40 128780 126
14 88 17041 209
70 25 162447 204
58 89 37043 214
9 87 9912 135
77 65 6895 216
54 66 131706 539
28 81 26957 36
10 67 14300 57
95 32 36009 451
67 75 24341 23
11 26 20815 46
8 91 8019 111
20 83 23875 113
33 52 18524 352
33 95 73849 198
34 46 5197 140
99 88 16025 208
30 52 15035 61
83 62 38108 200
21 71 12740 746
44 82 164815 144
91 52 131901 63
19 87 4812 1097
74 84 17859 45
53 99 33436 72
43 17 8401 66
10 93 2257 117
70 84 5978 83
17 99 6176 153
38 16 227849 20
4 23 30392 501
85 9 17731 186
79 61 19836 419
63 17 10875 337
93 45 60955 105
10 33 24994 201
59 19 10193 1222
78 53 12672 296
28 29 51668 193
15 93 10777 396
55 53 16299 295
42 27 14070 441
13 5 46834 628
8 15 31898 130
61 34 8367 223
65 34 14822 290
78 79 15553 284
62 60 9900 65
13 68 19568 371
81 99 19867 42
73 38 76720 692
1 32 6792 127
72 16 39928 26
95 13 6346 83
18 30 11666 113
32 62 7324 237
9 58 44553 283
56 32 77767 345
80 72 22535 474
94 86 16490 209
91 10 82811 805
53 8 14502 291
20 1 8811 443
99 23 7244 28
37 41 79800 54
49 23 3623 362
98 15 2062 105
14 61 72345 15
44 18 5747 484
93 54 18143 107
77 54 31178 136
40 61 62023 62
70 43 30848 546
41 82 14483 82
11 41 25487 47
70 27 29343 523
87 98 23614 99
23 31 4133 555
85 98 20783 290
44 32 6376 127
79 12 19631 171
97 84 65866 123
98 92 13911 71
66 30 41463 27
27 54 29586 134
63 31 74829 243
87 99 9185 154
56 4 58114 207
29 68 20124 104
21 92 107480 144
100 10 14479 821
47 23 44932 227
88 77 48812 110
100 59 130733 467
51 53 57091 375
49 97 20081 144
46 41 26536 153
9 93 7852 333
35 57 21383 68
23 96 14511 2214
6 33 10407 162
19 7 15487 202
80 10 14792 381
10 11 40612 49
8 58 100556 130
78 8 43592 12
90 57 93475 81
97 2 18909 201
99 26 123626 102
92 25 21435 168
29 21 17355 133
45 63 224111 80
23 9 29502 85
81 5 14443 98
25 13 3991 114
7 38 30179 157
8 72 13860 435
11 17 8258 173
2 14 4320 192
74 65 30783 104
86 29 240566 32
94 20 19074 88
36 51 12569 1754
86 92 69998 627
6 25 126360 1053
45 25 18343 131
57 7 12527 498
35 70 23328 50
51 87 3910 86
2 23 44398 80
86 99 6548 209
21 38 23925 214
39 55 49110 28
46 94 15380 100
73 47 47663 42
21 41 57587 34
41 62 56883 139
63 28 188450 137
62 91 24884 506
9 13 35776 266
18 69 41111 175
1 36 11854 43
44 86 24236 117
18 13 27096 36
59 5 6930 975
95 9 22226 53
97 62 8109 227
37 31 20151 123
64 8 26170 173
26 51 18857 638
5 28 36654 124
43 6 9169 113
8 31 85214 135
60 88 102598 291
83 11 25815 30
47 92 15044 483
11 35 6495 307
50 33 65982 618
47 81 85448 102
68 19 12593 167
11 98 62598 91
33 39 14884 456
30 3 39632 26
82 71 21204 83
90 88 16152 911
68 12 39955 316
13 59 59335 33
73 74 13801 989
35 9 16243 17
66 35 129775 83
10 63 15114 47
4 98 19123 82
13 30 3972 126
67 74 57459 129
69 70 90849 83
42 33 38851 219
14 60 10007 366
58 9 23928 86
33 11 101357 112
5 34 13984 96
14 34 10901 187
87 66 6048 231
37 95 13336 49
30 73 17508 51
69 5 17644 93
69 90 8759 232
6 34 13746 52
11 55 24709 264
89 29 19222 108
69 51 52763 42
13 24 20146 175
18 98 17453 188
66 45 76675 774
45 76 54512 50
39 84 7373 93
51 67 28541 58
95 28 47344 53
71 14 29664 159
71 67 5410 213
68 79 31387 246
90 43 12192 112
71 59 5774 306
95 90 24137 465
11 91 14861 148
8 93 15236 203
98 73 73816 53
74 29 35306 101
92 39 88548 93
21 94 54486 133
13 90 21021 298
78 42 110404 379
95 64 20517 92
38 65 7759 99
40 89 64846 461
29 98 39593 648
26 86 61676 54
80 11 9027 28
86 63 35460 178
55 24 6009 174
51 45 2758 274
57 36 189490 168
67 18 35185 504
10 92 79078 45
19 89 14137 97
10 27 19958 1304
55 37 15270 92
38 98 47266 166
58 67 22582 118
61 93 137603 162
43 1 7654 422
21 70 72977 86
78 66 7767 123
35 4 1765 1745
84 24 15897 724
87 45 50448 48
94 37 36433 518
94 10 15266 108
31 73 4492 272
12 84 26780 7
64 42 43134 179
3 43 36940 82
31 28 13902 277
91 94 83510 345
54 33 20106 197
89 73 82479 57
12 54 30020 97
64 89 32305 336
31 19 38116 92
34 98 5009 40
37 6 5906 14
29 43 33979 137
58 38 59870 142
47 32 28222 70
17 85 10498 271
26 4 8490 24
52 98 4261 217
46 53 10640 68
25 49 7221 91
37 45 8719 133
90 45 52261 67
88 56 26813 137
41 72 46816 152
12 41 8766 74
97 57 8878 604
74 49 16379 183
89 85 21983 372
81 93 6755 194
89 8 30336 64
6 83 21583 47
95 73 36553 2297
74 48 34399 66
70 53 11797 128
72 15 25041 37
47 75 11057 234
91 80 62556 2407
6 60 78509 42
34 43 3022 51
66 21 11191 154
80 77 5255 131
63 85 61387 109
65 86 24857 246
48 1 4433 32
22 98 11204 51
65 81 12185 287
80 19 21557 444
44 74 33549 81
16 44 4832 155
67 99 29699 306
65 33 10297 51
38 39 20956 22
26 46 29721 246
6 48 54778 131
44 10 36593 93
89 9 162519 45
97 73 20822 105
48 90 4357 49
20 78 29221 401
8 26 27400 921
74 71 33799 174
12 79 25807 278
91 5 54009 68
38 42 6216 62
60 27 10580 250
50 71 21151 1566
2 32 12489 52
74 97 20311 130
29 75 39595 339
27 77 5332 68
90 34 9863 64
6 68 9155 466
81 17 33416 28
65 82 41488 25
2 66 10115 460
10 44 97211 40
47 77 22747 155
14 91 15113 155
27 51 18359 146
49 75 212836 57
54 69 21547 69
56 64 56682 55
23 48 76791 125
59 8 37508 57
86 20 51984 637
6 27 17779 94
19 59 124045 472
65 95 31726 62
41 15 11801 155
51 79 120808 3564
79 70 54402 299
29 1 130725 196
21 98 87670 712
56 66 20648 121
41 95 29673 87
86 98 2185 539
30 74 42551 25
49 82 17018 267
67 14 11030 25
16 39 8358 646
46 6 16367 221
2 94 17415 115
58 2 24498 144
84 30 47429 1042
82 91 16281 231
48 26 6766 23
90 11 6944 28
79 62 14148 389
51 85 10000 1515
16 17 26743 29
52 95 6415 150
15 47 39705 65
38 2 29475 203
53 30 44994 186
64 29 18772 846
61 91 35775 72
72 44 37427 53
31 67 10746 619
39 81 9607 81
76 198
86 112
74 8
98 30
99 47
93 181

2960935
