100 499 3 3
81 41 54198 53
81 62 4711 264
81 86 24505 348
81 84 5141 25
81 100 40470 308
81 95 14215 19
81 43 54170 426
81 32 47084 95
81 88 18067 347
81 13 27923 126
81 98 10103 361
81 47 11689 63
81 10 159135 1598
81 26 28270 592
81 72 24160 113
81 94 5634 172
81 40 58850 108
81 56 13038 101
81 63 215210 405
81 52 46539 59
81 93 51145 17
81 51 16602 347
81 80 22632 401
81 16 50234 63
81 12 20642 1804
81 70 15057 119
81 34 8364 113
81 33 4395 295
81 19 36900 116
81 6 7912 47
81 15 22094 675
81 68 2797 55
81 11 23048 957
81 9 11788 58
81 17 68245 328
81 96 29199 99
81 69 16790 152
81 67 161461 128
81 59 3304 110
81 92 70222 136
81 83 6858 38
81 87 24209 147
81 77 3180 450
81 85 3328 126
81 46 51631 56
81 37 51025 11
81 25 42891 290
81 28 129358 359
81 90 137269 2344
81 14 41745 151
81 44 11617 53
81 78 303982 196
81 89 9336 502
81 2 26441 122
81 54 23552 253
81 61 59545 89
81 76 37769 56
81 45 66218 98
81 99 46177 200
81 20 6484 198
81 97 13144 79
81 3 21314 12
81 23 28534 37
81 29 50693 395
81 39 11889 23
81 35 12953 92
81 30 33900 166
81 7 152788 76
81 65 58038 61
81 1 9402 228
81 24 18288 206
81 5 13774 33
81 79 11540 206
81 48 53743 62
81 55 13606 1991
81 8 73934 14
81 58 31495 63
81 27 26645 427
81 31 14379 380
81 36 22199 228
81 71 18045 286
81 64 1468 210
81 38 12588 91
81 21 31011 230
81 18 6190 76
81 4 67410 220
81 57 86976 71
81 49 131168 66
81 42 66952 14
81 91 10691 29
81 53 15634 62
81 22 5259 66
81 60 9215 690
81 75 14542 121
81 82 42667 152
81 73 9017 264
81 50 73757 324
81 74 87837 100
81 66 33437 87
64 23 42297 59
93 9 28950 101
48 45 16075 98
71 95 103260 1266
67 81 23230 159
18 10 5582 70
24 64 46503 1135
61 60 17707 194
17 34 34510 42
43 8 9794 265
57 53 18057 54
86 17 28007 80
31 57 19933 875
76 41 51178 22
14 83 15983 688
15 35 11045 362
87 39 19764 37
37 29 5594 942
57 44 40067 229
46 96 16767 79
56 42 333594 862
64 66 43636 211
13 83 48926 331
36 95 44261 23
78 39 65367 296
5 95 20004 128
5 29 60507 401
42 67 513603 323
71 26 43961 222
79 80 29037 29
21 66 29798 78
79 76 5870 110
74 22 13895 665
95 65 20808 150
51 71 70438 19
4 70 10071 266
98 92 12299 104
14 76 8087 276
96 9 100016 146
59 88 121564 88
19 20 58296 218
57 65 80481 221
94 75 18893 568
21 71 908 456
94 88 2794 219
96 94 6495 75
46 69 56920 58
28 43 6994 179
30 73 40877 54
86 10 21618 174
75 24 25664 165
28 7 40776 876
24 38 8166 108
28 61 22473 40
59 96 37952 258
83 24 396685 21
71 42 39301 20
55 40 16730 523
29 82 128941 61
38 90 11786 128
86 1 63593 71
69 42 31266 52
60 40 15143 754
82 89 9479 35
52 30 40933 84
6 51 159789 66
22 34 68484 103
59 91 16487 144
39 26 34130 76
60 11 24278 465
62 67 5786 97
7 53 23827 506
85 90 12240 70
32 68 49800 258
54 73 10442 156
42 52 19815 144
28 87 27656 312
86 21 29782 94
6 19 28035 141
24 68 94816 96
59 3 114793 34
39 4 14710 102
76 50 4393 80
67 11 44365 14
6 34 28797 152
42 6 17787 71
70 23 12390 152
21 12 10892 315
55 5 45372 118
13 29 21200 47
69 30 39829 179
54 43 6954 160
6 76 46878 174
67 83 54739 617
9 60 3868 25
75 43 3560 302
58 37 59181 222
22 36 1833 107
77 81 34019 52
77 73 44928 270
97 51 10857 382
54 86 18334 36
89 60 13765 925
10 62 91415 609
65 60 72261 49
93 34 32359 704
49 54 51095 452
6 80 19474 45
75 74 68364 183
29 15 84799 52
52 74 5362 29
69 84 7611 66
42 39 16056 54
62 28 5235 319
33 34 27266 205
22 17 144330 54
7 89 16959 240
13 75 16889 180
95 3 13068 95
26 72 31417 231
43 46 12740 393
6 70 47351 28
58 57 22231 266
46 60 54937 92
8 54 39327 369
97 13 64931 67
47 96 200591 102
59 78 35680 273
30 43 34734 113
48 59 13861 148
94 84 16621 746
58 90 36912 31
99 13 45040 150
18 43 28044 38
88 83 78457 202
7 71 20688 124
90 91 10911 96
9 47 24295 55
66 26 6584 183
38 5 10657 245
94 9 47735 195
16 71 10137 304
92 82 11430 148
98 74 144032 209
68 61 25706 81
38 43 327737 34
13 77 45970 226
24 32 24924 171
50 49 9247 658
80 19 37180 41
11 57 177979 71
34 49 13843 169
53 81 84999 253
18 12 16887 105
52 67 49499 69
59 89 28517 440
93 6 44971 109
35 80 13007 435
19 78 46108 184
20 42 13982 26
29 33 17302 334
85 95 58540 80
60 94 12535 66
16 10 14015 286
35 30 17836 68
55 81 59997 69
89 91 118677 239
91 29 169115 414
64 59 1127 140
44 30 5810 133
97 74 32595 1019
57 12 26193 249
33 55 7649 166
53 39 5166 88
82 67 17617 44
51 17 3010 58
84 58 15750 261
96 71 17031 45
12 66 40006 269
99 79 24467 295
42 71 36703 94
48 47 51039 88
59 99 63274 504
29 31 5807 210
43 1 15198 84
13 80 61769 30
30 74 19802 180
43 67 37455 32
66 7 21312 52
87 15 8368 64
2 97 19518 215
17 6 9686 116
11 19 25268 60
68 42 11119 160
47 82 25021 145
38 57 20380 94
96 43 11976 189
75 89 4505 44
82 31 39607 221
3 89 52787 538
91 83 101538 148
7 41 4321 277
21 72 44770 282
46 11 8087 147
66 65 18276 29
13 70 87976 307
8 95 20118 417
32 59 11194 26
7 66 12355 44
63 92 115316 125
12 90 33253 129
10 83 12690 206
78 70 15944 13
94 36 66629 17
71 81 85447 843
34 11 156506 390
24 75 20907 217
83 23 6280 113
52 46 8302 304
42 46 35130 244
46 27 4018 60
45 62 18005 2010
94 63 21545 256
2 57 3521 587
87 97 48746 808
98 37 50325 239
19 82 51538 326
56 18 21940 258
85 87 53503 112
48 56 44042 782
34 92 3589 65
98 25 28323 175
13 54 9768 565
10 63 32403 77
44 21 189028 535
19 71 3069 219
61 24 33777 77
74 91 9422 130
41 45 16829 146
48 6 74482 510
78 19 7843 111
52 33 53647 455
69 6 12469 631
67 5 7914 27
43 22 13230 97
33 15 7192 236
32 80 122161 333
29 88 14673 223
89 80 8327 22
96 79 27494 372
34 66 25060 465
90 51 39183 105
90 19 7419 73
73 87 6643 200
9 94 42743 35
77 21 48816 199
7 49 44560 143
61 75 7717 510
41 49 9285 283
49 43 16156 42
48 3 95715 324
91 72 155503 218
69 82 10482 43
80 92 62638 82
3 92 67055 69
49 75 39507 648
34 16 115255 1142
2 34 1984 75
84 89 449016 90
94 58 4568 122
45 22 24133 256
45 100 6288 69
31 1 21376 20
89 62 19698 126
17 1 6767 123
79 63 47692 124
12 67 7561 80
48 64 10114 53
69 7 25947 345
6 49 44507 19
60 67 45451 113
87 33 52660 132
69 41 65350 148
16 80 17038 621
37 62 49521 88
18 14 35595 222
38 83 32394 304
45 77 22083 106
29 25 23856 296
8 16 34029 75
61 10 7102 80
3 19 43895 100
11 24 28126 293
1 63 48335 56
60 31 2982 203
95 38 44635 159
91 97 44825 250
96 8 11244 190
23 54 17350 41
98 89 8433 120
5 58 18415 131
33 40 44812 239
63 20 42040 1144
57 68 20230 107
75 90 9052 330
84 79 14044 78
77 50 32045 399
15 39 58620 125
14 8 12744 82
78 34 55047 287
44 84 82128 118
4 14 13398 360
52 6 65197 114
32 43 419404 147
47 32 28097 73
31 79 160347 34
48 37 40400 197
43 26 5174 21
57 17 61689 339
61 35 93533 245
91 26 7786 220
54 72 27083 54
23 86 5683 59
82 51 4605 154
31 40 46522 79
61 14 57638 106
5 87 35584 568
75 78 3175 31
92 36 14275 552
84 55 13421 165
52 16 28722 387
30 76 14151 100
4 69 236159 107
33 71 19036 44
19 46 34383 41
3 52 40276 102
3 37 8947 129
40 76 44062 409
48 90 24905 153
36 28 6078 278
67 20 8844 128
40 30 20723 178
50 35 5509 111
13 36 33420 140
47 67 73269 164
87 81 6340 31
70 61 78546 76
41 70 20869 303
47 58 159806 153
63 51 11429 658
4 36 36697 118
89 48 26809 283
71 18 21193 329
18 31 80840 46
31 53 63113 846
42 21 10595 40
60 9 20218 108
18 29 102617 76
78 86 15596 43
28 29 105663 11
44 3 71084 246
65 13 6371 206
46 79 17521 73
54 74 26910 410
45 68 9666 38
78 69 14450 35
68 60 13919 675
17 55 5747 129
37 30 5343 147
55 100 38315 347
51 27 182292 516
77 54 29835 149
32 91 9120 474
94 31 26665 60
57 24 8966 410
9 51 9965 17
93 74 5980 178
73 79 8394 67
85 97 19389 105
57 88 31290 386
8 42 21836 188
64 65 52629 52
1 95 77853 95
52 37 33175 300
33 17 31736 52
29 91 3098 68
94 18 84623 948
3 95 16019 48
94 98 25799 230
41 93 13471 360
99 69 8132 883
87 37 32550 127
40 86 4296 284
100 14 80624 98
35 17 37921 454
70 1 13203 259
77 34 31808 214
62 7 27144 56
69 29 17002 23
4 9 158410 172
81 1287
94 60
48 63
43 94
71 725
67 307

29546378
