100 499 3 3
70 66 25968 65
70 39 95490 75
70 63 31705 379
70 19 27108 339
70 73 62463 160
70 53 26187 205
70 35 13542 384
70 74 94536 122
70 30 67539 50
70 57 3698 22
70 37 1764 1917
70 85 155806 288
70 45 86792 221
70 34 37742 305
70 49 62691 41
70 4 53170 39
70 55 37367 188
70 84 50236 110
70 18 7295 97
70 56 55411 398
70 3 13839 610
70 64 3970 230
70 90 33173 79
70 29 15263 739
70 43 266722 436
70 25 10777 125
70 28 5415 291
70 69 30341 217
70 82 19573 139
70 71 1218 5100
70 10 28588 481
70 77 26455 63
70 32 82705 580
70 26 38295 47
70 80 62153 190
70 41 4583 65
70 31 7941 280
70 16 344575 102
70 76 6448 1353
70 13 9976 138
70 81 84281 190
70 20 2272 61
70 27 10818 256
70 58 23922 236
70 88 61495 24
70 61 29275 119
70 83 81787 24
70 87 76805 272
70 7 4729 480
70 91 36246 194
70 94 79745 416
70 75 3463 233
70 1 4769 171
70 95 16424 467
70 51 47077 71
70 79 6986 397
70 97 20928 95
70 54 15554 70
70 78 15977 216
70 5 32874 250
70 48 5666 150
70 44 121803 177
70 96 25679 386
70 17 15372 124
70 60 26421 111
70 9 183524 98
70 50 32347 125
70 65 95184 34
70 15 6683 134
70 33 6336 160
70 22 41731 111
70 99 15113 230
70 14 57246 793
70 98 18524 552
70 47 36148 122
70 38 30586 175
70 100 4569 1230
70 36 32275 389
70 89 75604 23
70 72 7988 115
70 52 5254 83
70 92 18243 126
70 42 16995 569
70 86 26989 132
70 93 27867 121
70 12 76553 4814
70 24 4555 365
70 67 56131 124
70 46 19821 867
70 62 88696 1046
70 2 7345 40
70 11 6075 167
70 40 8297 212
70 6 19950 219
70 8 13783 63
70 23 32939 71
70 68 36008 160
70 59 65911 102
70 21 106148 1277
50 1 7068 190
16 75 48982 23
98 67 18520 165
84 45 23543 661
39 75 100393 620
32 4 282556 97
58 48 10976 136
5 20 35679 131
77 41 50304 46
25 7 24158 35
67 53 10825 17
7 43 109850 18
15 94 72749 89
76 2 22606 31
62 47 6118 165
14 27 27012 49
43 68 72867 198
14 40 52731 21
60 76 13293 87
15 60 7015 32
52 15 5267 326
71 45 77420 192
75 92 165812 261
71 20 8523 44
14 22 176171 211
93 24 124019 58
83 27 32449 317
58 76 61143 104
15 9 3799 1020
45 12 12267 387
23 2 11554 316
29 54 9420 611
80 33 40336 106
86 37 16736 45
34 97 50573 413
97 37 192371 353
29 9 22112 520
82 16 9288 482
23 46 62315 82
65 90 51281 41
78 5 23406 38
96 19 8874 985
14 32 66812 616
12 11 59124 227
90 43 48228 761
88 80 58135 313
48 89 9399 344
89 22 6148 1159
73 57 33802 194
68 96 33861 399
66 41 44218 136
43 32 62224 144
12 46 11446 1168
84 74 72282 618
66 70 7625 16
91 19 36104 14
87 65 19569 130
11 19 6051 178
32 3 47871 1302
97 29 12860 45
52 6 21003 54
58 96 31414 52
50 97 41425 34
59 94 42659 215
10 53 54497 448
29 2 26981 80
57 31 10357 169
21 46 6599 1069
10 85 5865 462
37 59 61322 418
79 78 8460 98
31 54 50497 135
37 2 19593 2388
2 99 11366 124
91 72 32733 350
58 71 42481 126
91 83 59975 178
91 100 5209 378
24 45 86409 81
67 14 16055 128
59 53 29161 123
15 79 23024 14
47 11 28300 122
72 55 26625 52
68 71 5010 1696
58 92 8622 82
34 70 58404 101
20 54 44224 629
76 72 6058 338
60 89 8967 105
34 84 94107 171
54 29 20169 359
30 89 20441 48
75 37 4004 380
76 68 19562 351
44 73 27037 52
81 10 27015 116
86 79 160614 399
72 24 79764 54
42 47 33467 167
25 34 14652 47
35 99 14519 175
22 46 4779 326
92 8 7996 1046
69 58 58684 439
3 66 80864 261
23 11 4790 35
24 44 100891 103
2 14 3879 162
58 37 18734 94
3 95 21955 36
15 84 41186 205
10 79 15129 399
80 39 11214 236
45 40 53558 652
51 93 18111 33
32 73 42296 12
29 3 46805 365
89 56 16071 58
79 68 17756 300
47 19 12348 23
1 20 21413 81
29 46 24167 116
3 34 19896 154
56 82 7857 285
42 6 4051 1192
73 40 16677 236
32 92 13044 43
48 6 22749 25
77 30 49583 217
44 66 53464 268
67 52 13224 69
12 36 8714 111
52 48 7498 462
100 16 44270 150
51 94 9254 427
99 21 45620 54
21 3 15431 44
39 50 127511 86
60 8 22831 281
60 61 13745 49
80 75 34755 518
76 69 15030 168
59 37 31315 71
46 89 9422 105
3 77 17894 655
76 21 13415 318
93 59 166493 512
74 56 12908 78
77 74 8714 1650
41 31 93841 996
79 52 154995 276
90 86 113796 345
56 35 6358 223
59 32 207636 136
27 97 25408 28
67 27 16596 425
22 15 18725 323
27 36 66797 23
15 43 121871 181
86 39 191097 142
68 55 13458 261
5 67 6365 1003
22 68 12300 72
27 24 54499 112
53 37 13243 549
39 71 6034 71
47 5 12132 174
84 17 41961 566
26 87 9272 819
13 99 2823 234
64 54 22805 144
61 69 82985 31
73 85 9333 564
9 44 35588 755
67 64 65547 276
78 38 158210 107
18 71 46600 59
49 13 26163 211
84 18 205801 91
74 25 11963 492
36 76 25531 715
88 14 12598 39
82 21 4291 202
93 72 25782 394
61 97 71246 388
84 23 13556 47
63 88 42749 139
13 62 21854 47
40 75 20769 115
37 58 12431 45
18 59 7167 109
31 27 31340 79
71 92 290047 98
77 99 36323 378
45 29 1472 33
23 74 20154 57
31 17 39180 253
83 89 27380 294
46 58 29929 151
2 50 118675 460
88 97 15756 19
72 69 29632 175
24 67 6047 720
94 24 6783 344
68 78 30952 120
53 31 42644 32
57 99 50879 201
42 13 44248 66
98 60 3195 108
80 97 19662 61
17 49 248324 106
36 85 55026 223
49 26 20565 121
55 87 1414 116
20 78 13280 192
16 15 32845 390
79 54 63799 1830
82 81 44830 88
55 58 7949 323
23 18 14390 47
46 10 22533 211
3 76 10679 122
71 81 130881 103
89 59 10926 28
12 94 1629 20
94 18 14456 847
87 4 8767 36
49 65 8568 158
14 8 26947 422
91 61 7790 107
57 46 21688 577
22 84 4169 886
80 76 10293 33
52 95 75763 172
48 83 18256 202
69 75 21963 38
62 92 6021 74
10 48 5132 355
17 6 126372 131
59 6 3671 126
47 17 5610 247
37 45 24315 392
48 73 7648 424
35 34 34770 66
9 16 39173 106
25 77 9293 118
73 35 48348 35
67 29 84390 228
91 60 3741 700
66 20 15898 340
77 55 37314 356
50 31 16613 131
32 86 53912 304
87 19 89943 92
9 19 114181 269
8 72 16324 92
93 65 14456 85
52 1 19513 30
51 80 48812 119
33 83 26656 169
78 14 5134 49
83 97 4545 81
6 18 20604 759
15 2 90759 161
79 25 32784 317
25 67 19942 85
1 80 13589 63
99 33 22381 528
45 77 1221 54
60 2 26058 41
47 46 13279 76
34 79 13990 12
79 15 23088 131
49 85 41205 44
1 50 27472 93
29 51 20290 335
3 42 18195 88
97 95 23154 44
63 76 170855 19
4 43 33222 433
64 19 28979 105
77 84 45570 139
11 87 38031 52
77 80 8616 717
68 72 10537 185
60 95 10356 314
93 71 4527 602
84 82 32750 160
46 15 4393 137
76 87 51190 308
32 67 118248 68
87 20 11502 1561
92 97 5446 130
81 95 54130 866
54 59 24167 92
55 8 15475 190
33 49 10157 75
22 32 11824 249
8 30 28063 173
72 2 33537 96
86 96 4823 55
13 17 209027 128
73 99 14239 45
47 58 57531 148
77 42 11159 180
84 55 5392 28
23 56 24307 136
49 52 4964 504
24 48 39366 291
55 82 10701 230
86 98 6593 188
69 32 29089 35
84 28 6974 65
29 11 21359 7
64 87 31617 61
26 100 17799 224
56 25 24036 97
47 81 171405 51
34 90 54577 23
63 28 58090 342
94 67 21422 231
95 89 145134 110
40 1 6160 717
87 98 735 175
75 33 5206 25
43 35 7409 82
73 8 25428 164
99 83 56422 87
97 73 11869 124
11 17 6457 129
38 53 211149 87
87 46 4278 290
93 97 37967 1592
55 62 4801 148
72 71 14361 266
33 23 16114 237
81 7 22546 368
43 12 6138 219
16 27 80915 24
7 74 15678 112
45 71 20197 325
100 24 8067 80
9 89 7446 178
46 76 12927 66
52 45 9243 156
18 46 17799 92
95 78 11273 637
81 61 15556 117
34 40 16452 16
73 44 20031 195
63 100 39988 146
85 2 33608 117
4 66 45441 29
58 83 4304 400
65 41 16773 292
97 4 15038 12
53 52 17973 79
75 91 6876 31
69 72 49671 305
36 35 41075 141
94 62 66832 34
75 54 24562 517
71 67 2946 144
72 30 18636 853
44 17 10807 43
56 78 30019 61
87 27 104445 81
36 34 6185 391
10 43 18462 324
42 75 77179 64
73 30 27704 46
68 66 2534 145
48 74 117917 118
39 84 119246 206
95 64 21055 78
57 97 22409 110
65 60 134835 83
28 1 15447 39
84 8 18622 331
76 43 15813 364
85 8 114259 452
95 77 4551 110
62 56 10330 76
74 40 21502 154
46 56 65167 25
65 36 19176 1000
95 59 17840 35
99 94 3398 113
1 71 21594 260
35 44 14642 140
94 55 412933 105
51 18 43128 71
73 76 9970 151
1 36 11432 586
69 10 324004 350
34 25 4148 135
93 70 23414 775
60 46 51627 166
81 63 20820 988
70 594
84 27
73 63
97 188
46 63
76 60

5561916
