100 499 3 3
68 42 35848 87
68 99 45365 125
68 19 13999 241
68 48 80756 389
68 100 72070 6
68 43 13060 89
68 63 176349 259
68 95 9805 160
68 29 36355 38
68 87 2958 580
68 80 19036 181
68 74 28779 545
68 72 25505 128
68 66 102018 32
68 85 57515 94
68 57 45878 494
68 2 30399 96
68 50 15973 269
68 83 5356 124
68 41 34374 799
68 36 22829 156
68 62 28110 447
68 91 63790 161
68 94 24455 152
68 82 45659 444
68 21 64329 257
68 88 71348 27
68 46 28161 41
68 5 81773 186
68 49 6073 1223
68 26 26680 218
68 12 15776 667
68 10 29037 106
68 47 52731 192
68 18 22870 17
68 89 7063 175
68 98 35271 152
68 77 32974 26
68 65 20440 84
68 1 17838 83
68 30 20659 102
68 14 12102 86
68 79 16970 227
68 76 60714 126
68 23 10847 312
68 59 11178 232
68 6 9832 76
68 4 36391 124
68 16 3352 30
68 75 6126 334
68 24 67775 299
68 93 26689 42
68 64 4744 1488
68 37 27836 245
68 58 8778 79
68 97 15710 101
68 71 112444 111
68 51 15168 116
68 78 17501 110
68 8 43146 960
68 54 14596 88
68 86 45771 87
68 27 17822 494
68 32 71009 291
68 3 9640 38
68 9 10345 316
68 44 117503 89
68 55 19812 243
68 84 17260 131
68 20 32681 112
68 25 30573 449
68 33 28240 86
68 13 2126 44
68 22 30090 124
68 69 21708 92
68 60 64660 334
68 70 16246 209
68 53 12578 139
68 45 16813 151
68 28 7709 116
68 11 17372 28
68 17 37184 154
68 61 17454 97
68 40 5528 37
68 38 151387 114
68 81 33619 306
68 96 12890 681
68 56 61655 204
68 39 31440 79
68 7 19553 283
68 15 5297 91
68 31 52277 156
68 52 47605 65
68 67 24316 67
68 34 5275 94
68 90 44352 28
68 92 45688 71
68 35 63825 26
68 73 112500 689
63 30 67207 134
100 99 50000 80
63 31 16558 277
64 43 5679 56
70 7 39470 31
88 16 2221 227
38 25 13743 171
15 75 19875 889
19 41 9849 217
10 19 4364 127
30 71 20644 230
41 61 69660 125
43 94 11128 144
1 14 65935 409
63 24 54140 28
33 43 20178 414
26 32 7865 623
75 65 17340 1823
29 50 66497 65
21 74 60747 413
53 92 53413 8
79 74 10680 99
91 35 38968 170
4 61 5749 40
43 58 13642 129
76 27 9275 515
7 20 9675 121
16 72 24537 35
78 46 173074 36
77 76 16936 116
2 96 7651 97
11 49 14910 73
12 9 27409 173
52 43 84281 73
44 41 435391 163
67 12 7409 11
34 50 24615 143
8 70 20530 203
65 10 8518 272
96 49 69994 55
69 20 16983 363
89 34 24270 47
1 65 5194 612
4 47 68366 68
49 7 18573 48
41 26 25520 187
79 49 36258 26
7 54 40569 317
35 60 29781 102
85 83 44626 660
91 56 6482 1110
93 54 22804 117
21 61 135738 197
59 32 32240 209
31 58 7178 44
87 31 8139 64
78 47 19342 92
43 81 21403 116
7 67 21747 68
74 29 1599 207
95 73 97696 240
40 13 12468 296
57 94 5988 331
24 16 57339 151
85 24 8632 90
52 11 6568 1426
39 42 17577 1872
74 97 20417 103
55 44 30409 37
62 22 59209 65
78 10 23539 25
51 21 49924 469
79 67 70197 38
47 91 30222 296
5 14 99256 355
51 59 12644 87
46 100 14407 75
4 94 55018 118
94 82 95607 38
5 2 20162 66
12 61 13942 200
88 12 7438 85
54 8 3625 107
23 19 32097 27
8 85 93407 43
66 15 9697 63
37 46 25221 209
73 93 69808 1588
51 30 7821 77
41 20 90032 140
22 41 22087 399
43 15 3529 471
42 31 40738 1422
97 95 31012 266
98 27 35636 329
96 33 16701 1065
12 88 8635 180
46 86 43952 62
6 76 36553 394
15 85 8987 60
72 32 40186 523
72 16 16311 174
19 21 121771 72
12 29 2891 48
84 25 17558 139
8 5 78105 316
49 8 11844 74
37 44 46928 34
67 68 11192 351
33 5 7686 86
86 66 23913 122
49 13 11045 122
35 36 27461 291
43 46 26546 64
81 5 20153 64
91 11 17516 100
88 78 4265 12
28 17 196843 80
14 37 13333 412
97 60 2775 55
3 53 21861 123
28 87 45275 111
24 45 48953 38
65 61 24707 60
7 74 59240 23
33 14 7107 439
7 16 50298 32
27 72 6012 427
83 19 20522 168
53 5 32077 70
9 72 5965 52
67 89 16575 76
25 35 97306 85
97 5 17309 40
37 95 14610 98
66 33 1555 338
7 22 21332 62
72 64 20908 348
39 32 23743 95
83 35 18474 335
18 69 38495 149
38 31 111888 211
11 100 5262 243
50 4 95446 72
44 86 152504 1563
13 17 72159 44
55 95 80983 54
39 25 50931 30
65 63 9910 164
99 42 19565 144
74 23 5925 644
100 8 134067 217
54 6 19280 409
6 77 15240 224
41 44 4249 145
89 90 15980 35
44 84 42438 224
11 55 48264 35
9 68 109725 63
23 95 39326 57
70 95 79833 132
82 57 42947 658
44 2 4930 126
37 86 11878 194
100 54 38370 119
29 14 18864 11
23 68 35144 14
74 91 53488 475
57 96 8727 354
67 98 10556 238
73 3 26802 532
96 56 34839 410
86 68 8176 307
86 7 36945 70
49 96 39038 109
9 61 399408 187
2 77 57729 358
86 94 8428 2121
56 12 17771 866
26 70 27991 75
15 36 61338 245
46 5 14017 724
62 51 9864 30
4 73 5835 100
5 83 357478 14
50 6 3238 181
2 49 6301 111
81 22 7141 93
6 87 27523 146
55 17 11887 194
57 92 8313 93
10 6 37829 115
38 11 12700 43
62 57 7620 156
44 57 37630 664
65 59 176627 206
16 91 66569 166
23 60 91987 179
16 17 3674 50
78 33 64928 258
21 93 3871 313
59 73 29333 64
44 1 24158 113
100 75 35280 115
65 28 26735 37
99 50 6607 51
39 51 16402 117
90 35 13303 1226
30 17 35039 849
93 77 14115 262
70 63 104911 89
49 63 2750 22
61 46 5197 82
94 32 23899 72
41 12 35636 26
90 10 12778 368
57 14 11541 141
36 41 11598 84
60 15 41292 36
76 78 8695 104
51 62 18972 448
36 23 35451 155
18 79 58599 113
8 40 20273 28
96 91 25014 106
26 2 47069 460
6 52 77600 93
62 1 127216 237
7 91 52981 151
9 69 75844 168
98 80 23038 106
65 18 21595 147
64 4 39438 32
13 33 18842 365
77 46 9068 63
50 22 49897 357
96 55 12325 421
7 60 11560 429
41 27 81160 51
44 54 31220 359
2 90 14566 263
38 56 17210 91
39 10 59230 502
11 79 1601 281
25 66 7335 914
58 14 80538 85
36 26 5715 80
7 52 8244 72
25 84 16962 72
75 96 28487 87
34 63 21219 75
95 55 107296 804
30 40 29300 360
62 21 28477 116
67 39 72304 241
94 52 20281 133
9 65 13939 179
53 50 43561 235
98 51 6653 183
5 17 37370 232
32 4 22181 70
49 67 11679 479
37 29 92182 145
75 72 41132 270
56 27 25956 47
99 14 56842 54
74 47 26298 352
36 69 57494 110
91 72 14005 485
87 8 22837 447
79 18 20744 27
11 96 25024 661
24 100 16142 248
97 98 74419 96
7 41 21137 32
79 46 18881 115
88 66 13840 502
81 50 45017 42
20 33 40441 165
51 13 30900 79
18 40 106737 156
85 28 24991 81
53 17 11575 38
34 56 6686 169
49 28 15017 64
91 49 8949 190
77 8 9923 161
62 45 62489 146
55 46 23506 204
26 81 51395 65
94 29 14734 93
23 52 54903 322
59 9 136270 330
40 34 3083 180
79 56 44956 236
79 25 86979 1225
24 64 3664 197
69 24 69542 88
35 16 14198 58
3 97 7695 276
19 15 30953 1478
72 84 11430 38
94 13 18273 159
82 98 42720 108
52 31 17694 117
27 81 31147 77
78 6 6812 1447
34 82 21485 520
96 60 23303 173
21 17 3133 47
93 44 31676 407
2 64 19309 208
26 97 30418 183
99 2 77870 297
52 71 9053 261
87 77 194266 276
39 92 9872 839
52 79 13481 711
100 37 14274 81
26 69 5495 117
16 29 44382 201
40 96 8518 164
57 68 23706 174
6 89 45447 396
42 84 51088 183
57 21 18237 205
35 22 22867 361
96 81 38104 61
66 78 18925 258
78 87 24894 289
82 28 41386 39
42 56 12688 154
93 10 10204 1012
25 3 2474 130
7 44 10066 135
31 85 63983 257
87 61 121104 158
97 17 13776 477
66 34 30924 407
14 19 7248 434
28 36 2779 301
41 88 15382 110
44 91 141998 64
60 48 27974 206
11 20 17598 360
84 78 20977 146
21 37 13718 240
23 98 11269 754
33 17 59661 85
92 37 18675 803
59 58 6851 1516
59 77 17979 182
51 99 4571 265
12 73 28720 136
7 65 24920 219
50 2 52842 180
10 21 15479 143
96 29 20630 120
45 78 15490 716
90 79 8668 251
54 5 29951 33
18 65 11580 381
35 59 52293 30
1 96 15053 156
100 51 13908 110
24 31 25333 157
59 17 18933 324
35 39 8037 95
11 26 33817 228
78 99 18954 75
79 77 98535 326
22 20 8458 56
8 10 31165 44
41 90 53760 28
59 23 36617 184
71 80 14635 85
85 46 63722 40
47 2 25211 32
93 32 7565 73
27 1 6896 53
28 37 22911 77
69 56 18356 88
77 79 16928 101
42 72 35204 101
61 71 17478 479
37 4 15034 309
12 20 57758 130
18 34 43485 36
67 32 10725 96
22 8 43639 470
75 33 4949 136
9 26 79604 50
69 91 8892 9
11 1 64751 207
69 66 13616 273
46 96 20698 422
59 5 5333 207
44 78 7738 107
81 44 21361 126
66 31 38758 149
68 1287
7 72
44 414
17 131
96 858
46 324

25014525
