100 499 3 3
17 49 20731 544
17 47 14112 791
17 15 41329 282
17 10 7769 278
17 11 5240 39
17 79 27717 81
17 90 28818 111
17 26 33107 129
17 6 17570 658
17 83 19984 332
17 33 25476 269
17 28 10852 173
17 50 82894 242
17 56 48950 460
17 2 98575 965
17 31 8951 111
17 100 5230 401
17 85 107991 102
17 70 34835 40
17 3 59687 36
17 94 34658 157
17 75 11511 275
17 58 12407 203
17 92 163158 69
17 13 23441 74
17 54 14244 108
17 7 53876 56
17 18 40861 238
17 63 54187 42
17 42 37748 149
17 24 19341 252
17 68 43516 423
17 81 31915 241
17 16 30148 49
17 64 44160 50
17 36 27464 65
17 40 21336 332
17 52 16082 248
17 1 5075 169
17 45 19648 96
17 86 97523 41
17 9 20930 144
17 29 25723 272
17 21 19489 668
17 57 10145 108
17 89 25512 144
17 67 19645 93
17 77 113863 470
17 23 7444 235
17 38 39811 447
17 53 9022 114
17 88 14173 486
17 96 97189 76
17 98 52590 69
17 69 21928 11
17 91 36402 99
17 59 30209 399
17 5 76264 362
17 35 5297 19
17 20 26769 1755
17 46 28200 134
17 25 13175 28
17 66 34589 150
17 27 48699 51
17 12 38153 58
17 62 11854 1424
17 80 19028 148
17 55 6826 401
17 48 15861 234
17 61 103585 259
17 19 10043 351
17 39 72154 224
17 93 40866 100
17 44 7229 62
17 82 29502 427
17 51 41318 43
17 4 11294 127
17 32 10585 56
17 74 8802 152
17 8 26732 43
17 22 19618 255
17 95 20673 45
17 72 9082 284
17 84 46489 251
17 71 23710 63
17 43 10637 358
17 30 46451 16
17 60 9549 171
17 97 89193 127
17 87 17195 304
17 76 75124 31
17 78 69130 57
17 65 21700 74
17 41 29518 265
17 99 4510 71
17 37 13506 575
17 34 7657 73
17 14 24763 333
17 73 28909 306
75 71 59330 49
73 81 15060 173
92 27 20990 441
99 81 15309 398
46 100 8269 143
82 95 15808 35
81 76 29750 69
9 1 46999 80
27 49 13111 77
36 5 15122 70
37 45 42588 133
98 51 9698 201
50 11 64234 65
18 3 10968 99
85 97 13003 39
97 1 40860 337
48 23 29096 187
49 58 73332 71
52 41 41786 89
11 99 49895 42
67 65 22896 19
68 79 10690 130
100 60 38141 271
41 78 12071 206
14 15 101750 144
46 55 19703 755
24 14 43587 404
64 4 56330 293
2 94 5842 66
20 94 4338 106
92 96 31201 256
69 84 46518 34
39 88 25768 137
32 75 29336 303
67 5 21311 274
56 57 7598 63
91 50 29465 244
28 2 18287 40
66 34 32702 158
56 28 5309 353
3 10 51587 29
85 98 96983 95
34 6 10159 371
67 63 22306 39
68 83 10577 411
88 14 1524 25
76 13 25986 132
7 30 48676 104
8 71 40614 96
59 21 10830 133
99 66 26150 705
12 4 58195 283
47 1 33126 23
76 69 22936 35
47 19 38615 668
90 37 17331 69
34 57 29092 1137
61 56 14290 181
37 88 11889 246
100 41 28047 49
20 74 7075 119
70 26 44147 121
72 33 7020 145
74 10 33176 255
15 63 7035 169
80 57 149131 751
43 66 234801 154
4 95 23410 1841
90 16 17335 142
65 82 13354 253
81 28 72633 72
59 42 13743 167
70 42 7305 183
24 1 68641 328
35 36 7120 69
1 88 20997 61
11 38 42622 662
71 97 3815 612
93 9 18895 102
99 49 74825 1242
72 80 46260 49
68 8 26309 126
10 41 14787 499
37 34 5887 41
20 14 21932 235
75 50 22366 134
73 44 123216 63
58 95 11621 83
59 32 24045 142
85 3 15190 182
43 19 9841 333
11 31 32342 99
51 99 736138 148
76 78 10831 127
100 92 22029 137
78 1 19685 55
6 88 211960 417
11 27 125701 170
3 33 95348 260
84 31 10273 86
28 11 127182 162
100 3 7105 645
5 9 28017 60
73 72 6706 983
79 43 26111 99
46 25 14115 31
36 54 62615 81
9 4 11425 165
30 46 13634 100
90 22 59163 35
23 33 13148 434
9 57 13201 49
36 17 23773 450
56 33 24336 415
68 50 40794 162
25 35 51223 206
5 41 54047 612
63 42 8943 47
38 8 113762 114
3 72 23527 230
76 85 10491 597
31 53 4671 21
43 50 9701 30
75 22 3281 539
71 8 6732 489
1 17 41515 33
18 48 45354 345
14 10 30663 313
45 66 200198 414
44 60 2016 49
18 71 32328 389
10 50 58313 387
74 12 10677 141
5 48 4488 101
19 13 20513 200
41 37 16812 198
68 4 81270 197
32 33 8232 31
15 100 12517 588
97 40 18532 76
15 96 19106 48
51 78 37928 382
34 83 37376 145
44 55 2139 385
99 59 15486 621
82 41 28010 322
66 33 49284 179
53 98 106264 39
16 43 88733 51
13 65 5323 416
67 24 6475 145
73 5 18874 632
56 35 87230 327
74 64 15558 215
58 44 31829 712
89 87 5114 348
69 15 29084 1615
39 82 8773 216
3 98 37305 1083
34 80 47517 681
35 77 87612 69
21 15 4058 361
86 46 9702 54
95 26 90504 42
89 44 37277 618
93 39 43177 107
54 74 2124 263
61 49 10803 22
83 43 31944 55
1 24 56430 681
24 78 5666 158
16 36 31578 528
100 19 16017 20
20 73 53072 456
75 65 38512 47
60 49 12152 18
23 11 2287 668
13 4 31671 271
69 61 10599 82
31 43 5637 240
9 71 28138 36
91 4 21622 214
37 12 16474 695
97 60 7486 93
5 13 13282 69
24 37 7141 111
42 84 2847 133
15 99 8062 80
98 71 3992 448
84 5 31542 158
45 63 47087 84
25 91 25445 80
76 74 8933 114
67 52 61306 100
53 36 7812 140
16 76 32163 236
95 40 24072 224
37 38 27068 45
2 43 8422 90
78 60 53308 186
8 64 11303 463
53 60 33408 284
26 75 31064 53
84 49 17077 26
30 51 20368 125
4 32 26410 292
57 37 18702 202
94 66 5455 114
57 66 12971 212
79 48 142943 127
6 87 26480 118
66 55 30225 97
58 59 8200 35
20 32 126141 474
23 52 15479 596
78 53 34817 100
60 17 24437 60
67 36 21150 255
13 73 17279 250
25 5 20680 192
23 10 25113 685
94 48 46238 26
4 30 13036 370
41 90 45086 16
73 30 28617 41
66 57 5720 50
27 81 10822 122
45 57 57182 35
39 4 42715 95
59 74 5808 107
44 96 154320 258
4 29 171457 155
58 5 45369 277
13 35 14931 912
59 26 31335 24
4 49 184203 55
55 4 4639 360
96 4 45492 74
78 8 99530 215
23 45 39647 122
1 45 20689 103
18 82 202580 158
52 81 12484 218
40 24 146837 336
79 78 2060 126
99 95 40412 105
19 82 123663 131
5 33 32210 118
78 19 27386 86
27 67 9672 70
92 17 7382 26
93 64 149097 59
82 21 16837 485
73 57 9276 53
28 24 104297 21
39 74 14367 375
35 78 119784 24
18 44 3971 866
7 17 76344 25
80 73 11458 31
22 35 13735 282
80 10 16317 68
23 41 17645 70
51 19 6689 94
82 64 25902 243
9 42 8144 96
94 11 14547 11
71 79 19213 37
91 21 7611 144
19 70 11851 235
30 24 34926 54
39 46 75010 90
59 1 12258 65
77 72 17230 143
86 39 51229 672
94 35 1560 86
33 34 59447 8
4 11 9008 90
89 85 1683 113
40 9 23967 118
58 91 162958 65
29 39 30097 301
53 81 19015 570
67 7 12817 55
48 95 5507 114
25 17 12028 306
41 35 24027 76
53 19 9692 29
56 50 66489 13
56 73 7391 190
6 100 20781 25
26 16 14535 176
65 51 12849 490
40 97 17241 29
70 32 22978 200
63 89 18266 71
63 100 12149 150
67 15 5338 88
62 1 64569 581
100 15 18117 302
8 11 16531 90
72 36 17503 44
92 14 6466 242
97 35 15993 128
30 95 40358 75
94 81 5989 70
50 46 14304 93
12 94 17037 490
62 22 33125 334
57 75 29132 69
88 47 16569 113
97 55 28998 81
93 2 56697 104
81 18 68507 108
49 56 42687 370
16 64 8187 342
41 75 33676 71
76 72 85196 105
89 30 8016 309
61 3 20087 401
32 39 25984 423
23 19 99940 107
54 87 17342 23
98 56 29605 393
4 86 69092 274
23 9 27206 276
59 17 8778 310
4 76 31284 51
84 87 13975 259
33 86 90055 18
55 80 16575 232
100 90 3079 354
28 31 75704 141
11 80 13338 114
52 37 21888 52
47 82 133752 56
22 46 5601 65
29 1 10477 140
29 51 5769 85
43 42 6006 185
25 7 60783 140
43 92 8485 385
87 17 55497 24
71 26 48041 169
24 86 40618 101
5 40 27063 33
99 54 24152 342
49 50 24742 44
6 57 34991 232
56 58 38514 225
33 77 22537 154
82 16 47664 246
100 24 6959 184
36 59 40566 770
10 73 4621 78
49 33 5838 703
29 61 17557 160
44 79 23697 507
7 11 138843 109
6 95 115945 124
25 43 8085 683
15 68 6856 123
10 86 27111 21
11 75 12172 50
39 5 13284 124
2 60 252379 162
46 11 12725 378
76 5 9196 640
16 91 11852 75
33 79 27091 194
68 100 14294 1272
50 51 12483 88
32 38 61548 35
16 37 38217 324
37 14 10263 1055
96 76 53420 310
8 79 43310 16
54 25 41513 141
69 100 196081 66
54 91 17809 218
24 13 23490 955
55 60 190599 2204
34 67 15771 51
3 20 14751 216
22 77 20502 20
4 13 37716 190
61 70 17760 409
20 37 44285 169
71 96 6723 227
80 30 41416 114
47 11 65312 51
85 63 15834 134
75 39 34662 461
73 18 72816 739
18 94 13980 258
44 24 111297 117
21 99 23968 97
50 56 8786 375
31 1 8612 784
69 79 54403 244
17 396
4 405
100 80
11 174
1 53
57 71

2442245
