100 499 3 3
73 3 10773 55
73 67 11874 13
73 54 73273 125
73 84 41919 50
73 96 9434 41
73 23 23051 1682
73 16 8150 80
73 95 25101 107
73 43 76155 252
73 93 95411 98
73 97 18295 727
73 63 60179 43
73 52 13502 389
73 58 28882 143
73 86 9969 204
73 48 68886 239
73 57 95556 50
73 25 12861 94
73 21 28320 175
73 1 72399 70
73 49 50305 564
73 99 6228 125
73 89 48115 72
73 70 16022 174
73 66 1699 229
73 40 84054 243
73 71 58331 125
73 59 8237 53
73 11 26784 672
73 94 13671 137
73 72 30700 1299
73 64 11823 386
73 4 26483 408
73 13 21863 473
73 2 28173 215
73 30 15047 20
73 65 35316 91
73 77 131185 348
73 33 48079 90
73 32 5896 460
73 46 10530 138
73 87 12001 76
73 39 43071 90
73 85 29734 94
73 20 44047 855
73 29 69929 81
73 62 9634 165
73 26 16752 264
73 50 3968 92
73 47 3097 456
73 82 4076 166
73 100 10040 14
73 83 9876 304
73 10 13479 48
73 81 25463 746
73 8 97194 115
73 38 4763 75
73 36 30948 43
73 41 8701 608
73 61 104859 85
73 37 22595 11
73 5 23737 478
73 6 18897 602
73 90 8627 63
73 98 10840 93
73 19 8412 70
73 51 30025 176
73 34 49270 306
73 91 73138 178
73 31 39885 372
73 44 15862 229
73 80 30319 488
73 75 7462 54
73 79 23259 896
73 60 102098 260
73 56 49040 92
73 17 15379 244
73 27 4702 42
73 76 18513 58
73 18 14215 887
73 69 20434 104
73 14 17091 579
73 35 11153 140
73 45 34911 241
73 7 35280 70
73 55 6800 206
73 74 139974 122
73 9 71057 202
73 92 25505 131
73 68 15505 104
73 53 41456 239
73 24 2326 666
73 28 11136 104
73 78 3588 29
73 12 9443 286
73 22 4687 33
73 42 7908 91
73 88 5570 267
73 15 55977 182
41 73 23228 86
88 76 18911 848
86 26 14843 635
60 49 97596 88
89 14 41832 40
55 63 56418 124
52 59 22344 59
54 80 12071 261
12 13 49620 286
84 16 19063 134
83 3 8279 40
10 31 36900 120
88 18 88512 14
68 67 13757 52
33 90 127228 278
13 98 10186 187
33 50 6011 216
90 92 39184 55
14 44 36473 518
83 94 87938 307
41 38 70793 18
96 55 8424 104
67 58 14320 109
70 27 8102 55
92 46 17628 77
6 97 37602 133
3 68 77044 54
9 35 28914 142
94 72 26256 59
71 54 94841 207
21 99 19337 255
95 31 16526 350
63 18 10763 31
90 99 14106 587
68 32 13625 162
63 1 5966 220
75 54 24877 83
47 59 18326 191
39 42 111415 179
52 37 26371 55
66 47 34042 437
31 23 89455 237
62 57 4838 271
14 24 28568 44
52 88 30856 95
24 14 47828 138
89 95 3850 663
81 64 2995 1046
79 50 5118 323
54 79 37750 413
98 41 17542 308
65 91 78247 175
54 3 7349 44
37 92 34291 16
4 15 55875 99
96 42 14048 1277
19 84 8595 101
65 21 9590 214
75 17 38648 18
57 19 10868 24
58 37 32244 226
80 79 71317 130
45 79 18376 168
57 15 23956 102
64 45 14635 11
56 86 25536 60
1 20 20642 963
12 67 7176 192
82 13 9268 157
88 81 16264 226
78 90 37237 36
36 18 138521 137
76 48 8855 280
47 87 101391 82
11 30 7911 128
54 48 22220 285
72 36 30023 122
77 94 38639 111
16 74 30997 101
15 17 30766 110
95 70 12401 109
84 98 65904 25
46 62 7238 83
71 8 11071 59
56 43 44251 173
94 7 7586 112
27 5 74891 421
42 7 18656 89
6 24 6291 30
15 64 35441 918
4 18 43573 219
51 44 179322 170
77 26 16994 446
72 16 12724 444
83 29 89930 43
46 57 22749 259
42 99 16982 118
48 7 13245 557
95 26 14893 352
80 47 13822 169
43 79 57677 137
43 28 12249 885
13 80 4664 831
11 55 99681 667
49 11 94696 79
87 50 4632 165
74 47 17998 410
36 11 263498 464
17 15 71235 255
78 63 28341 648
78 45 23018 156
97 32 11772 144
80 19 13045 82
27 17 26458 365
6 7 32389 196
97 44 27694 163
57 45 12776 126
31 41 20970 107
48 68 13432 140
24 88 51389 55
66 30 103164 45
58 49 14385 257
93 30 66312 326
60 3 11039 93
47 15 9193 124
96 45 23442 110
51 21 47266 53
89 31 4227 123
60 99 34934 184
35 55 30655 38
60 55 5623 177
23 52 6561 91
88 92 6841 43
60 19 11419 44
49 81 68502 218
56 40 37624 425
5 48 12391 209
24 33 21747 111
37 96 48034 618
66 3 30377 69
36 100 42940 547
90 30 6074 201
70 55 414977 66
93 95 15263 121
92 52 3791 260
46 42 32304 211
99 24 30758 610
49 44 90241 172
48 76 7538 26
14 90 59020 332
40 79 35180 164
76 100 35673 218
20 94 5084 98
48 24 34533 531
81 99 41249 209
100 82 25054 186
22 58 2477 166
10 100 30174 60
13 79 64249 82
24 30 4061 470
7 74 30024 39
75 74 86981 149
94 98 12403 2608
57 78 44245 163
4 10 40562 353
84 73 35008 383
93 59 3676 272
17 38 31586 739
6 72 23371 61
10 2 11430 171
41 90 55485 62
9 60 39628 173
8 27 43037 104
14 89 2864 308
29 73 21872 161
17 92 18756 67
11 70 39951 82
48 8 16985 57
65 71 16259 114
11 26 17904 53
7 8 38047 127
22 77 95816 71
98 77 8571 651
86 80 2169 362
43 20 8699 82
76 65 59071 149
49 27 2866 60
96 5 68910 468
80 78 13307 324
4 68 2084 275
20 86 20191 421
42 40 48697 548
25 17 1857 896
47 9 40861 190
53 13 16370 52
13 87 8222 119
36 3 11601 419
91 80 185025 572
5 86 39873 399
2 56 7749 257
46 100 163736 29
41 61 9365 100
100 1 29310 199
21 94 21313 146
68 97 10741 165
84 100 13122 127
74 80 7655 856
42 28 6644 118
53 21 9928 104
65 37 22412 83
24 41 6909 490
81 26 8630 676
10 35 11671 128
46 79 41405 89
94 16 18208 32
20 23 21665 47
17 61 94746 135
76 95 6287 30
5 29 14964 158
99 80 61627 35
76 97 25665 68
56 12 7182 157
61 5 51788 501
2 84 152695 411
58 35 69870 42
51 12 22305 28
87 48 5944 155
72 28 20918 249
29 19 106927 138
27 34 30900 245
81 53 11299 141
78 89 113098 35
31 93 21634 76
31 67 9441 291
3 50 60779 103
63 22 257985 292
35 66 28657 83
57 22 8947 93
83 31 16867 431
100 97 26311 152
92 34 16924 150
34 97 33206 72
7 25 16815 230
80 17 40359 114
51 40 12187 436
74 45 17010 168
61 20 15560 526
39 55 3126 686
57 66 10458 161
32 87 53935 81
48 23 48061 121
15 24 387427 65
21 48 47447 113
22 15 10649 342
40 30 9584 79
77 31 15718 240
7 1 53869 98
4 24 120082 558
2 58 13293 733
35 36 18997 325
5 62 51833 498
61 21 9842 186
71 7 83228 159
57 65 20142 660
9 33 19539 54
88 24 2623 79
72 50 6831 201
19 94 12687 61
31 99 7032 194
48 1 9602 28
55 80 5177 383
15 100 34746 631
92 42 13435 237
1 99 81149 223
77 52 55093 138
96 1 9392 22
32 63 12759 78
1 62 42152 137
34 95 12268 315
18 16 16718 348
86 9 32614 203
6 38 23639 304
9 40 58397 150
81 4 22798 218
92 63 37910 73
83 35 78454 218
15 19 9760 125
67 40 32818 1394
97 51 13931 74
15 96 22040 78
42 61 31053 135
25 29 59761 110
33 11 13035 173
74 37 178759 137
59 98 15463 242
82 19 16720 86
93 85 33977 27
69 91 53579 299
70 2 30029 65
57 85 26694 127
72 15 39002 117
39 8 3872 80
11 86 62523 243
65 4 77000 94
4 95 15985 102
68 48 69075 37
15 65 8216 1169
48 90 3153 155
24 17 16093 296
99 95 6627 310
97 54 1927 180
67 47 13688 347
4 75 6547 105
8 2 24918 55
93 83 55953 163
88 57 39904 171
69 54 35754 87
9 44 50188 706
71 70 5687 327
38 18 9145 50
62 55 20157 1301
21 15 141647 278
71 59 30945 57
88 47 1038 580
96 31 2089 235
83 76 5480 26
27 47 3212 339
16 26 9533 606
1 70 5034 207
74 99 14215 28
48 19 12912 110
19 29 9849 436
88 91 76981 135
55 62 15426 188
4 38 15246 149
19 48 21344 107
47 67 6220 69
77 40 88816 125
40 12 115898 73
90 53 8141 20
86 52 6235 43
53 50 29782 43
93 50 48159 79
46 22 20277 116
60 8 35531 473
33 42 93848 118
55 68 18601 467
55 98 36711 119
24 4 25570 131
88 95 46083 138
65 87 99307 217
3 59 102661 59
34 67 19489 217
68 95 25997 125
47 82 16906 864
94 42 2994 427
87 23 20058 709
79 77 27659 172
22 33 21931 112
20 24 39922 247
17 87 29833 130
4 60 37775 536
87 56 9117 183
35 12 57700 361
79 88 90165 60
72 47 33622 248
95 41 10869 228
11 13 65768 174
94 3 64180 462
39 99 11551 167
1 12 40718 90
46 56 172425 439
82 76 12042 134
49 53 23137 207
71 17 33018 9850
88 83 262951 19
56 8 53769 110
95 2 33073 134
47 71 107455 67
79 30 16521 47
66 55 17613 275
45 18 27392 118
81 21 18844 72
56 52 245603 255
62 2 14425 474
39 14 67950 53
76 17 10298 45
12 61 16128 25
42 14 37689 52
52 53 12059 790
96 30 164339 73
3 32 16413 97
54 74 220643 24
87 26 12792 351
21 73 2020 188
16 92 17766 364
10 52 9316 110
15 88 5037 53
75 29 49751 47
18 19 20263 319
73 1782
88 70
48 117
99 275
95 194
55 401

13035700
