100 499 3 3
38 16 16902 191
38 55 18216 239
38 48 5947 137
38 51 47920 169
38 43 24113 42
38 79 14762 143
38 25 11400 22
38 67 23902 34
38 83 55277 161
38 76 70920 223
38 98 14853 192
38 12 19017 115
38 39 23862 79
38 19 29051 106
38 53 18318 548
38 54 25773 148
38 73 85389 35
38 75 154482 58
38 82 25333 562
38 57 13469 84
38 37 5906 435
38 100 86483 85
38 31 115390 969
38 91 51377 584
38 92 77068 997
38 3 121927 63
38 88 9837 183
38 15 40841 176
38 68 27674 541
38 6 11034 295
38 2 4410 29
38 61 23806 569
38 35 7858 365
38 74 9717 235
38 64 19782 591
38 42 18654 110
38 70 29932 457
38 84 33689 220
38 30 32878 105
38 56 45183 127
38 22 29944 384
38 14 8171 1757
38 52 4142 154
38 87 9996 915
38 41 17832 128
38 27 13510 47
38 62 75573 217
38 77 50506 512
38 47 31695 359
38 89 50943 286
38 63 1431 118
38 50 126166 226
38 9 2458 220
38 59 6965 111
38 60 66079 27
38 32 54422 124
38 94 39396 60
38 58 24659 204
38 11 2673 177
38 46 21424 28
38 20 98588 108
38 66 69442 106
38 33 36844 297
38 36 9516 67
38 90 19446 25
38 85 11776 252
38 71 13485 1165
38 96 28604 460
38 26 27944 201
38 13 17085 37
38 18 106976 112
38 24 11484 567
38 49 4746 57
38 45 13682 116
38 40 22447 144
38 21 9686 187
38 5 41585 2053
38 72 56693 159
38 34 12947 258
38 1 16187 53
38 29 4833 83
38 78 37705 129
38 44 93496 458
38 8 6860 201
38 7 28341 247
38 69 45425 347
38 81 20062 124
38 17 9746 171
38 4 22293 90
38 80 7346 914
38 95 62385 386
38 97 7665 109
38 10 10222 48
38 99 17810 153
38 65 2304 111
38 23 252181 192
38 93 29196 400
38 28 64099 54
38 86 146725 114
92 39 12174 30
85 29 83989 70
26 62 3048 39
14 100 20747 51
47 8 66208 371
74 35 55401 857
72 65 1651 36
71 36 4151 110
58 99 13309 102
50 100 10457 281
87 35 52148 265
63 18 36391 1275
17 95 83469 331
35 65 4230 281
85 96 71575 265
74 30 78684 417
93 24 17169 334
7 40 12676 3601
1 86 8714 69
67 81 16369 41
16 66 46923 238
60 26 36280 173
5 70 20667 405
26 22 53632 804
54 74 23608 168
25 20 29937 135
78 22 9835 241
6 46 36611 391
5 19 52106 404
68 35 20078 235
21 60 37020 61
3 93 45895 49
69 89 55118 54
3 45 3555 171
54 34 12642 137
99 8 39641 146
52 86 15004 54
27 65 14807 217
4 6 9857 211
75 78 21824 273
8 88 15710 65
36 91 45146 438
78 17 121026 15
89 34 152099 71
22 71 89238 41
24 62 7680 134
74 28 43194 398
2 18 8555 439
92 23 161168 417
45 7 15889 166
33 77 3132 114
71 53 19548 126
51 97 5199 504
5 45 12766 54
2 15 11135 119
96 36 44976 205
77 64 9634 50
84 64 20201 115
46 85 8751 45
44 23 45669 371
24 18 27190 190
13 77 4674 59
46 97 18382 93
9 68 20303 39
64 45 19199 335
51 100 54535 254
27 82 37353 23
89 95 12012 48
98 100 14701 23
47 10 111992 237
4 77 16910 483
45 53 2508 153
36 58 128454 13
23 16 10978 183
16 98 28877 306
59 21 216530 240
91 71 21295 62
90 91 41182 29
83 42 4911 56
61 30 30799 133
60 15 3285 372
70 62 16678 48
24 95 17418 211
6 89 35418 84
31 46 55613 42
75 21 6292 63
32 22 28718 153
13 63 39572 208
90 61 4454 116
28 46 50196 294
22 3 11461 100
60 46 14389 53
71 59 39370 70
65 84 5774 568
77 41 12943 657
25 18 10283 36
27 54 72552 393
44 68 39684 321
3 6 63395 61
66 86 7022 27
24 22 60094 70
55 52 3904 37
47 4 24602 219
61 22 8399 69
22 61 4130 52
15 54 31619 94
10 56 21945 208
31 23 36301 128
93 34 5959 425
82 26 44143 91
54 16 21056 244
26 92 16351 711
39 34 22417 31
89 24 9342 157
28 18 99561 106
15 16 15385 393
8 35 17171 148
36 98 18941 162
45 22 13570 352
22 52 182381 134
79 34 65372 925
52 51 24738 194
2 76 19766 777
15 45 81809 104
44 52 17686 154
96 67 38558 30
28 87 28743 48
28 55 9854 750
37 7 52331 49
58 64 16661 35
1 34 16154 54
52 39 21593 54
13 56 7638 339
48 58 22492 1406
8 25 47994 178
81 69 22041 143
20 74 39365 57
22 26 5580 383
100 56 24651 359
10 80 25634 80
80 98 4884 547
73 87 19675 186
69 33 21529 383
4 37 66545 587
19 75 7309 162
4 92 18668 77
53 91 93414 142
4 16 34309 937
6 66 12180 305
36 72 23364 99
30 71 8220 189
1 20 13980 175
62 18 11517 162
56 32 21161 103
93 83 58226 191
93 99 42691 62
67 70 45479 106
97 31 76955 277
62 2 29802 113
91 51 32117 247
90 21 58421 22
65 30 12950 28
77 19 16140 205
75 13 26500 210
59 63 39400 163
70 50 10238 33
48 82 10692 16
89 21 29798 44
30 100 50484 111
5 99 12755 35
39 43 9793 490
86 22 7370 540
8 40 7562 204
31 35 10197 131
49 71 135196 102
2 21 26636 169
21 57 4500 100
81 27 9421 152
55 54 123788 103
91 72 40373 14
90 50 10371 107
5 49 47325 667
12 25 42716 37
63 65 22735 81
30 69 36121 47
60 50 15002 464
7 39 5352 94
83 23 32761 60
81 74 12119 65
30 60 38404 27
76 64 28965 841
14 92 47840 556
42 23 8744 42
25 10 122055 213
96 32 55057 14
88 37 32683 107
89 38 47171 115
55 32 23251 82
30 82 27731 376
19 23 48621 139
1 33 63945 213
27 40 5908 101
21 47 23327 145
57 10 35876 543
16 31 150592 324
46 41 8035 109
5 29 14620 265
40 14 97607 699
62 22 29415 30
64 22 17601 146
86 84 8717 440
87 75 68240 293
95 83 17389 425
13 35 17707 96
90 29 7950 246
23 74 64134 846
100 60 25679 2249
90 62 12032 358
84 83 51296 51
44 78 244817 284
17 18 69789 147
84 87 29306 954
8 89 25622 45
15 57 72115 135
72 77 12533 90
44 16 55830 208
9 67 15652 110
29 45 56809 168
84 36 5997 207
42 26 30138 182
46 16 46435 189
24 29 28690 90
18 79 100866 210
2 53 9152 345
50 29 2372 609
55 3 52090 26
64 6 105187 65
14 68 19572 237
31 50 11611 224
42 30 6863 71
33 7 3561 48
17 26 17899 301
37 87 5576 65
36 27 59407 143
39 29 74543 375
64 1 29417 269
3 49 9235 28
86 19 115028 713
11 78 25276 89
63 87 4697 91
19 20 7780 96
2 26 31923 129
94 31 9696 53
91 79 61846 121
79 88 36123 83
6 77 22649 234
39 6 9285 325
8 56 34789 210
92 91 4768 58
92 11 34548 125
67 19 7689 96
100 68 18698 91
77 81 40422 132
57 96 24135 568
15 83 102535 176
90 70 19532 379
40 79 101744 253
16 74 13627 334
33 6 143954 205
89 82 48315 48
88 45 7592 148
44 94 6099 16
50 61 6599 111
98 5 10805 105
91 85 11798 337
50 93 7853 28
87 6 34825 74
51 81 28334 84
68 32 10439 32
48 46 109427 86
42 39 10844 571
25 8 127098 235
24 32 62041 177
91 59 41047 212
91 11 49217 1193
83 52 15845 191
67 2 53013 62
77 31 28920 205
92 56 13209 24
62 56 128641 119
99 23 29604 94
15 8 40358 191
48 25 16627 70
63 82 30112 156
27 87 101674 213
3 83 26007 219
42 78 4836 107
6 94 34108 243
37 94 21703 111
44 42 6551 810
83 92 2459 700
19 36 3007 124
42 2 141714 171
5 16 17622 58
15 21 15884 198
96 48 5043 267
78 20 14339 109
32 18 2980 497
91 36 12044 120
52 21 26929 111
46 82 34176 2171
95 27 9357 160
87 83 7210 159
98 70 33970 83
35 42 1351 87
78 68 22466 63
44 71 8595 117
68 41 73925 70
54 10 4252 57
41 12 12578 382
79 1 4878 437
56 24 16041 75
26 76 140414 621
57 34 52054 742
51 85 21117 124
26 6 14569 206
70 18 15889 266
87 27 19570 112
25 41 14587 244
41 51 15357 274
72 43 130544 50
22 60 22186 36
2 81 8742 79
95 59 11045 131
31 38 10319 201
97 52 11893 123
92 47 69286 203
8 14 329462 341
86 7 22548 126
92 75 12825 429
59 18 77629 242
86 80 8853 94
29 63 12426 136
95 91 34278 1329
22 21 14071 426
39 86 40994 153
29 1 17715 166
76 15 19075 299
98 81 9564 324
100 91 28101 324
19 21 24585 546
100 35 31327 57
19 46 34282 92
44 36 38945 289
90 79 9131 707
44 85 16577 154
96 19 7318 61
3 61 73964 174
95 23 44110 86
45 11 3377 292
43 95 19919 50
99 100 15571 65
100 90 11746 240
3 67 17732 186
25 90 3756 33
85 67 22613 84
99 65 10551 842
50 45 57220 106
82 35 16960 59
60 95 17929 129
68 7 27702 48
29 95 73882 152
69 76 9627 112
43 1 17915 417
16 67 7595 61
80 57 14945 176
68 66 12239 69
46 83 24708 30
91 99 20589 404
2 74 6839 40
59 6 32017 212
10 100 6991 71
90 57 26708 259
65 69 33378 67
78 51 11805 1011
39 20 13674 73
31 5 8049 370
60 91 6681 67
26 66 15234 117
43 33 39294 85
21 24 78770 255
29 80 11592 93
90 55 21287 1315
8 49 50462 35
31 29 86431 164
35 9 20783 231
72 98 170173 169
56 14 10632 34
31 26 3955 90
59 16 49148 27
38 1287
90 40
44 110
18 370
22 160
21 506

28434015
