100 499 3 3
29 4 41139 329
29 6 12984 95
29 52 62865 32
29 55 7308 849
29 23 14940 106
29 8 36983 249
29 85 53248 34
29 36 5276 31
29 42 15155 130
29 95 40746 470
29 88 9029 157
29 27 96061 438
29 33 5528 2874
29 91 30958 77
29 12 28791 30
29 84 5800 26
29 22 16518 158
29 93 9786 39
29 67 46456 438
29 38 15233 662
29 1 17502 637
29 41 34192 63
29 43 9209 209
29 16 36491 327
29 25 73616 55
29 10 49225 199
29 100 93204 83
29 49 167890 130
29 56 34022 137
29 15 18164 61
29 90 12974 53
29 35 26701 228
29 57 74764 363
29 11 25738 31
29 31 59005 113
29 20 102948 1181
29 58 19107 110
29 68 10972 346
29 45 29511 230
29 66 8987 1030
29 92 4494 552
29 30 15720 44
29 21 11868 111
29 7 37509 72
29 47 24904 466
29 48 9638 196
29 72 50207 715
29 78 53886 48
29 75 6681 139
29 19 22460 88
29 99 23034 36
29 94 12159 65
29 77 12962 150
29 28 35367 227
29 86 75812 169
29 32 13045 238
29 65 44897 306
29 53 28647 402
29 2 17378 137
29 5 4740 409
29 9 6138 2157
29 24 17566 146
29 96 7330 37
29 51 16177 110
29 73 17952 164
29 79 9921 77
29 74 30811 590
29 98 33664 536
29 71 53257 237
29 59 55247 390
29 40 23888 93
29 54 6842 180
29 89 12484 75
29 64 27978 400
29 61 20875 147
29 97 10347 105
29 82 21110 40
29 44 9080 72
29 83 54501 282
29 37 60582 192
29 13 13446 428
29 69 33059 56
29 50 87927 589
29 14 6868 281
29 70 68477 716
29 26 104594 79
29 87 59132 154
29 81 8703 633
29 76 16361 133
29 80 53979 37
29 17 27643 118
29 63 41728 111
29 62 41395 45
29 46 17409 384
29 39 48148 236
29 60 18939 138
29 3 49521 184
29 34 16766 61
29 18 22664 530
28 74 95818 443
7 17 148932 123
44 87 13793 1167
42 63 4902 845
74 19 22129 75
23 39 29934 191
86 100 5975 108
36 3 8017 95
98 16 26116 172
67 54 105681 129
20 78 13458 106
6 45 20042 68
40 17 9234 23
67 58 11064 1252
41 37 32679 126
43 8 15076 423
56 89 7819 229
73 72 21993 277
41 80 10448 323
40 87 17707 98
61 58 17408 225
67 96 5051 48
25 22 9241 166
66 55 12443 196
25 16 4135 197
91 85 3682 64
52 30 31995 283
100 18 84367 92
84 48 33485 434
83 23 11648 523
58 88 26003 162
74 89 46004 145
97 75 16712 613
4 83 54831 17
61 79 11901 209
59 31 40952 79
89 53 13087 75
94 65 50489 296
88 93 29206 66
44 3 13615 50
10 71 28335 163
36 72 118314 198
20 7 206290 434
61 92 5734 59
82 99 10179 42
96 94 31312 161
54 64 16697 522
48 87 69674 113
54 67 125109 39
48 1 12108 678
78 32 1743 341
40 44 13885 192
63 17 7398 496
38 20 44344 43
39 61 7778 113
82 19 13760 88
57 63 8319 103
68 13 80316 215
31 8 6150 130
59 90 8073 71
12 92 15255 350
48 28 18398 331
72 61 71524 759
97 11 233646 147
64 26 24364 120
70 14 12600 226
85 96 37884 539
33 18 5888 353
75 99 78232 263
78 14 85577 98
41 8 6367 107
11 89 15985 147
83 49 70048 343
5 76 31754 128
57 60 5897 204
4 79 49056 217
90 61 60957 68
89 76 18710 43
39 97 5796 150
36 39 18544 156
13 55 113517 1172
25 1 16627 754
1 20 6439 376
89 44 6095 14
31 29 22363 114
49 22 21078 347
20 15 35392 333
38 10 27219 240
48 76 710 366
95 41 60055 113
17 42 32612 56
69 7 22265 126
60 91 9650 246
88 66 56999 146
62 44 20577 45
11 5 11625 46
66 46 23084 424
64 91 20707 247
35 34 12842 1189
81 17 352152 18
34 51 35260 90
28 11 16440 89
20 23 30197 76
93 82 13469 19
18 29 1582 163
7 30 6241 70
13 72 4487 97
64 71 48632 96
46 33 27360 224
60 15 10671 54
19 46 40206 480
14 78 19233 231
87 54 24784 125
70 36 11997 95
87 65 38696 74
57 77 6026 46
28 53 148719 460
35 17 5288 108
46 97 36103 3119
37 79 98708 37
53 95 89006 52
32 14 6335 685
10 66 12838 634
31 85 20389 85
78 18 13698 137
24 74 25097 105
51 6 57371 114
76 19 37414 106
71 58 8083 63
5 65 27793 261
44 64 27970 219
73 40 14601 97
95 60 16221 32
68 6 24529 151
38 87 1829 55
13 50 4388 410
43 87 221840 509
99 30 61057 301
19 24 36133 209
45 25 25148 552
24 66 24659 476
61 97 106987 392
64 20 20042 107
80 37 19739 200
9 76 12077 186
74 88 21682 58
25 51 105906 46
37 51 27194 53
83 85 6184 174
33 6 14244 895
81 92 15360 43
24 88 11093 111
89 26 6994 176
90 100 3974 527
70 16 6177 43
98 85 6470 713
14 68 15130 184
28 76 20218 97
83 58 8108 309
42 88 15748 70
54 44 5256 77
62 54 28807 406
17 64 115081 48
39 76 75153 309
91 19 42515 375
64 92 21504 213
39 52 35471 569
75 64 15873 188
55 23 61905 54
24 48 11502 64
43 83 12241 181
53 60 36779 150
54 33 26878 37
55 41 99168 165
33 69 11453 168
25 27 2902 690
89 92 40905 163
89 8 34960 238
15 17 58438 362
69 44 15592 50
61 18 33839 182
7 66 3471 93
10 23 25086 123
92 17 501191 17
18 32 13137 131
97 8 19310 86
2 55 122439 46
57 96 69127 43
38 52 12429 81
70 26 25560 269
56 25 17477 653
70 100 1674 34
92 45 14757 716
90 89 104323 49
45 72 30003 327
52 9 9704 80
82 85 14486 416
34 72 19683 561
7 45 24660 103
2 29 72216 106
51 84 6561 72
24 17 62744 35
95 17 41010 114
75 80 5984 97
75 70 10397 207
38 67 11847 97
11 16 114535 204
14 74 42867 21
62 22 33122 152
80 90 47189 245
92 80 13397 82
49 71 67291 324
78 48 8633 595
30 97 210227 174
35 90 22610 14
71 51 12799 127
52 82 53005 324
32 51 214347 83
47 90 9100 84
73 99 10243 108
47 75 57692 326
9 59 11912 511
12 17 45407 66
8 61 14166 29
3 38 58890 184
14 25 17475 675
58 97 40039 50
63 13 1943 377
2 46 10710 71
95 28 68432 410
80 6 10555 193
82 9 104567 221
53 45 9573 78
30 37 18396 105
14 4 53095 722
19 67 9298 48
35 15 24884 252
38 11 27728 894
64 12 9858 302
78 90 45451 923
50 1 29084 72
32 54 2373 140
72 13 89420 261
54 99 7963 460
67 23 25063 163
14 9 18084 444
94 15 54302 127
83 74 22132 465
37 99 30920 95
19 83 11242 90
1 91 30699 597
96 51 23454 90
86 7 56962 200
85 24 11873 501
21 56 32696 1597
45 26 5019 115
49 89 15587 64
38 16 164725 63
91 16 7735 719
27 3 33434 208
10 87 38901 108
90 43 82853 196
4 14 49841 172
46 60 5732 356
53 49 41182 433
77 96 19612 166
60 46 32328 322
47 40 9149 253
92 46 2164 180
8 41 33334 218
73 16 17148 491
37 10 12115 184
85 89 7806 115
23 99 9093 68
43 17 59287 880
20 80 68043 219
41 99 95702 362
72 8 41865 20
48 33 25320 128
58 83 39430 141
37 12 5821 132
21 55 14172 45
35 52 61036 126
19 27 58128 153
26 76 24178 249
64 70 44854 134
4 25 134565 503
54 58 235636 203
24 42 116521 37
60 64 11084 105
28 47 24671 64
73 83 4458 66
58 44 19068 79
65 5 60092 75
47 9 20011 39
99 95 4892 199
10 54 79165 66
70 2 9922 65
92 87 29049 1079
70 44 5639 414
35 29 36980 63
26 40 22250 187
3 5 23634 54
92 86 130519 650
96 42 19246 16
94 16 6495 226
14 64 3772 162
59 41 56454 85
63 25 43094 54
47 68 3164 130
83 37 22480 228
55 13 17624 160
69 95 113627 662
70 95 11940 31
6 2 22231 122
64 30 44830 314
94 18 20255 108
24 32 28842 101
91 88 33511 81
35 9 12391 75
27 25 10315 42
37 38 56188 287
87 20 7169 41
87 49 28662 191
78 91 41514 726
49 67 26298 791
89 2 22580 111
1 7 30274 312
68 27 51885 50
37 5 263654 72
91 95 12887 56
16 97 7265 43
52 62 85851 372
22 19 33472 72
75 43 15110 634
82 26 25265 99
98 91 217691 809
68 74 12804 379
35 23 7440 69
38 5 40203 306
28 84 74384 161
38 40 31821 107
97 24 52554 101
68 80 31834 80
35 81 34969 91
84 99 8590 443
31 5 63092 943
68 35 11891 108
66 76 66211 141
84 70 60989 195
42 79 27503 295
61 90 15840 365
98 46 27992 296
86 55 20009 114
30 6 20947 382
39 65 27739 835
76 45 12693 180
98 72 21002 104
28 67 280467 113
48 21 11703 135
34 79 22033 104
88 89 8358 144
88 3 27431 992
32 20 17326 571
71 64 29942 196
9 90 9296 29
6 17 5574 521
22 15 20288 378
95 52 32270 153
90 10 27643 255
6 24 92741 48
38 15 32102 42
61 70 51520 165
55 84 8064 376
45 81 1483 102
7 40 2257 69
96 30 5613 616
95 38 35683 48
58 47 42816 328
57 23 33579 186
60 39 11639 265
17 53 139307 611
17 46 5147 38
37 62 8566 62
71 48 17831 238
86 23 25509 109
46 35 27325 233
21 15 42617 52
96 40 16739 941
100 41 8876 291
53 36 35775 542
26 83 11288 193
43 88 68352 40
53 29 8998 1036
62 50 11113 72
54 17 27244 232
3 97 17206 75
26 95 52512 511
57 35 29775 122
76 43 3849 28
29 1881
38 40
35 81
17 654
99 463
76 196

25527128
