100 499 3 3
45 44 13828 112
45 86 18459 455
45 92 9044 129
45 68 13076 346
45 34 25681 138
45 48 7955 140
45 46 91426 28
45 99 14811 851
45 14 90000 128
45 66 161560 66
45 56 3934 34
45 61 8781 315
45 55 13260 62
45 42 146492 28
45 88 43982 116
45 67 11487 395
45 77 21638 104
45 57 8876 26
45 5 3423 237
45 24 9900 19
45 26 12763 194
45 54 27784 128
45 6 92103 378
45 28 11596 149
45 73 35594 41
45 91 12910 295
45 83 158481 162
45 38 34960 799
45 29 11366 569
45 58 30017 58
45 35 9180 75
45 31 8623 19
45 1 7187 25
45 79 2978 254
45 49 8724 393
45 95 15250 55
45 70 29043 123
45 93 11994 220
45 32 15855 567
45 97 34881 240
45 9 23662 609
45 71 114084 31
45 89 82414 136
45 41 19613 844
45 36 7296 32
45 18 17011 129
45 96 78447 40
45 25 87607 104
45 69 42065 279
45 76 6148 194
45 72 18244 114
45 60 11396 156
45 81 11944 92
45 17 16080 87
45 7 18587 293
45 8 34208 58
45 100 18512 199
45 63 12457 32
45 85 9143 35
45 43 32642 167
45 80 7173 285
45 87 54382 175
45 19 3970 93
45 74 68475 39
45 4 6814 29
45 75 21335 183
45 82 18754 1538
45 53 13379 223
45 90 38301 361
45 33 23871 218
45 23 51075 82
45 30 33915 332
45 11 3950 1387
45 94 37182 531
45 51 4832 50
45 27 48511 153
45 65 18018 195
45 50 55071 153
45 47 12816 210
45 40 24968 420
45 10 21369 176
45 64 5585 117
45 20 24919 64
45 2 74862 86
45 62 81326 217
45 3 14590 275
45 13 17188 25
45 15 6385 25
45 21 28656 187
45 84 7008 79
45 98 11642 219
45 39 5424 228
45 52 5619 135
45 16 8668 80
45 78 112016 92
45 59 3826 329
45 22 114001 197
45 12 22200 126
45 37 145592 341
23 16 31195 359
81 80 15101 132
92 55 12229 209
85 35 131956 109
88 84 27966 88
7 73 13372 295
69 91 11446 121
99 31 8200 330
83 60 14152 162
44 3 48172 163
37 30 25165 170
89 46 6979 438
99 79 8362 136
69 63 5509 102
72 8 14668 28
24 96 41815 142
36 4 9232 141
17 15 60877 287
7 70 11413 91
28 36 73921 37
73 87 8653 92
59 10 18263 31
98 38 12856 23
5 56 9679 192
52 4 23540 180
73 36 10683 148
18 55 27623 2215
75 91 32188 547
25 63 5080 60
79 24 9324 100
52 33 8889 334
81 47 9824 699
94 2 15156 72
57 20 15067 766
33 68 25682 176
85 12 27792 115
36 84 16123 80
48 23 52698 331
12 55 19937 30
1 38 23378 67
75 83 54187 203
39 1 19132 103
35 21 6524 724
7 14 18003 223
12 33 150404 64
36 33 26962 616
86 69 54400 110
24 64 11698 75
79 30 44135 169
57 88 18282 122
6 53 18619 64
85 88 39126 130
62 39 11784 70
24 58 50880 262
87 60 26493 165
31 2 7489 241
51 35 6705 187
24 28 17539 131
8 34 19156 461
98 67 7058 177
76 37 12564 33
5 81 40089 83
34 3 17390 304
18 60 32496 216
87 5 12701 110
39 96 67395 87
50 39 106346 101
17 4 9111 73
53 3 20978 517
92 81 16112 47
61 70 6567 455
43 87 79640 398
78 83 37657 95
33 20 38074 297
16 77 17003 181
55 60 24505 49
65 36 8907 254
51 3 40984 210
18 48 7897 234
26 28 34515 160
27 45 4343 72
13 20 56179 76
96 77 17890 90
2 95 7449 121
76 93 29454 171
78 89 119378 71
20 21 68665 273
10 78 21898 102
64 36 7177 527
44 21 6178 87
63 85 4217 170
15 80 33023 346
22 63 16752 460
41 22 14329 224
77 98 33706 35
8 38 3024 236
21 3 15275 461
48 24 40401 110
84 94 20310 134
42 72 10333 404
65 85 27045 102
74 65 28059 875
41 68 12186 53
42 62 33404 359
16 62 18567 112
56 76 11638 38
79 37 36220 376
32 60 79013 765
2 7 94384 27
53 91 42457 185
67 55 12783 398
92 54 10436 219
25 18 312344 355
5 67 24874 77
80 58 109214 199
69 58 6758 96
31 87 28521 1878
11 55 24421 457
93 97 6460 129
55 10 5184 1527
16 47 107268 217
68 45 36744 1416
78 48 19394 144
75 77 15421 56
46 28 8729 128
16 81 16751 285
24 27 3586 63
64 57 195677 346
64 91 23399 177
32 47 16288 42
21 99 70280 62
88 29 17299 252
15 69 8486 75
31 35 90175 479
52 9 26692 1564
98 75 17158 289
93 43 5561 85
16 33 72557 50
27 13 42965 91
74 77 5786 393
11 12 28619 121
82 42 35387 200
92 96 41799 79
67 3 7247 424
19 88 20276 372
67 86 14859 287
67 39 55887 51
63 48 25164 306
46 39 11253 519
79 32 17792 2243
96 93 1455 502
50 31 36205 360
25 76 19263 1381
60 62 5353 39
39 14 13701 433
22 31 25892 114
62 55 12681 741
69 42 6045 34
68 71 142072 236
83 28 72613 75
25 29 21930 153
61 15 98877 68
29 37 14161 127
26 87 76661 293
53 63 9659 175
40 17 6262 2193
41 44 13955 183
14 41 9636 234
65 2 32815 2926
71 17 17719 236
19 5 20873 185
7 20 19091 160
91 27 70849 166
61 42 5390 19
13 73 23475 122
74 11 8500 265
72 6 7069 1698
66 85 165880 41
64 100 18110 264
5 57 17379 121
49 24 9096 305
61 67 40473 94
72 28 24327 110
54 45 27688 434
86 34 70247 189
43 100 13989 176
88 67 14095 128
33 100 61515 265
47 38 28637 406
95 15 14630 207
4 22 151631 285
92 64 100272 326
69 95 76052 32
12 100 4928 94
92 97 15034 22
64 51 6868 72
33 15 51774 261
56 19 26393 126
38 37 31586 94
73 96 44844 40
26 49 19417 60
97 93 19823 40
20 81 69197 310
76 20 6761 16
26 83 7443 388
6 26 15402 343
14 91 67567 869
98 49 63671 33
72 50 88598 97
53 7 11010 56
99 15 123026 91
60 36 51013 390
99 23 16614 30
80 83 59326 151
95 87 37433 131
93 53 40636 859
24 93 31033 373
12 34 31975 246
86 64 8338 548
24 89 18334 405
8 35 4993 109
9 66 11524 240
68 12 16767 622
68 79 5551 158
64 89 5241 85
23 25 103228 111
44 15 27140 46
98 84 129111 95
72 85 9420 909
82 87 176337 720
32 7 11465 337
19 56 166496 845
29 31 55409 192
29 30 66125 503
81 8 15123 37
91 9 32945 160
32 44 36440 104
89 86 12774 23
81 94 4986 545
14 23 18788 215
52 23 11566 298
91 64 49047 13
70 96 32623 38
16 59 93230 370
88 86 50608 126
83 90 134281 226
78 73 279408 110
51 54 6322 69
92 70 18926 136
91 33 23466 174
16 42 4076 76
51 26 10732 162
64 54 19168 201
42 23 21744 1528
20 59 11895 294
83 1 48445 66
52 60 30273 657
75 73 63226 177
79 43 9439 36
84 1 3586 64
71 32 18908 164
1 57 56779 157
98 73 22481 625
88 92 42051 148
47 100 57576 139
41 25 18297 92
9 68 39022 138
71 73 32870 325
100 97 24188 283
59 40 56421 64
4 6 2261 207
80 6 6256 68
74 13 111014 150
54 60 24153 277
51 46 29860 146
88 87 28896 120
23 34 43189 18
8 86 13786 266
76 92 21643 363
99 67 24260 129
14 28 492381 97
89 24 55234 60
15 74 118901 47
88 93 3770 23
12 27 51868 551
17 31 8878 66
94 75 9704 22
28 18 17674 582
33 77 21609 202
61 11 13727 471
61 53 16824 129
77 60 16234 106
57 49 15765 100
17 77 21886 88
94 97 8060 248
26 99 21596 595
40 38 6523 52
71 20 89405 79
63 68 3601 510
92 10 47544 123
9 47 22475 124
36 29 102394 98
57 89 26276 37
13 53 38485 239
30 68 11511 195
58 22 11403 533
34 97 9129 287
38 9 46418 152
99 48 34452 37
38 55 30258 332
8 29 5250 1142
88 56 32354 108
50 99 14739 31
93 27 3679 153
39 80 39190 28
78 87 9035 198
90 36 4860 51
72 41 3635 433
51 71 78564 432
71 86 7833 254
54 6 59664 78
16 72 30563 37
12 87 35849 304
3 50 103298 55
71 6 185432 63
65 4 11058 863
18 78 21109 94
94 60 26714 172
79 50 20873 226
2 88 11136 93
64 44 6692 262
83 73 55099 63
47 85 23388 139
40 2 21297 156
43 74 29741 171
61 55 20497 175
98 93 2548 88
95 46 79355 333
3 8 84083 162
95 93 10431 93
48 92 71262 631
8 28 86551 219
90 49 8378 164
98 46 55276 224
51 63 5650 213
68 86 17536 145
29 73 89162 67
69 72 50844 53
67 76 31133 28
92 94 23198 288
28 74 4931 133
6 31 15851 18
86 47 69075 72
39 18 40299 169
100 90 113620 66
17 30 34254 660
8 59 8497 125
87 76 9112 71
84 64 4303 240
6 7 108898 304
50 9 22282 425
12 29 43023 186
55 32 6272 1215
30 71 21723 34
36 83 51497 39
26 2 6816 405
89 9 67738 49
78 100 31014 218
7 26 47146 160
99 51 18700 32
13 14 188695 44
75 89 63760 140
78 39 36262 164
11 42 31514 325
50 41 37829 126
35 66 76220 593
6 84 24872 117
52 21 29610 214
43 30 3452 147
79 70 236744 92
40 52 3741 449
33 85 33502 524
32 55 8001 671
51 50 22266 782
59 97 11524 139
79 3 12626 82
28 11 25179 39
43 28 7511 435
54 61 23923 87
13 76 5676 275
18 16 53704 198
95 70 100778 365
96 67 28174 75
66 97 34737 317
10 8 24140 34
4 25 18762 217
85 92 9006 91
27 81 45821 159
16 30 18661 87
28 98 16415 126
45 3564
92 54
16 36
87 260
60 232
55 572

28085113
