100 499 3 3
95 28 23998 464
95 73 133998 116
95 57 48165 113
95 82 76075 37
95 61 13820 59
95 51 53482 357
95 20 20908 381
95 26 32655 145
95 27 85848 121
95 53 36230 264
95 66 56122 44
95 48 5259 134
95 35 15198 84
95 14 41661 202
95 81 2150 378
95 64 13205 39
95 78 4894 261
95 6 31380 39
95 68 23663 52
95 21 7510 110
95 5 46172 126
95 71 12935 36
95 91 22501 70
95 50 23325 965
95 88 12526 108
95 56 11851 161
95 36 7995 183
95 17 37945 515
95 49 49417 148
95 72 10738 44
95 58 6391 46
95 76 11049 61
95 86 77889 557
95 30 30720 43
95 55 8058 355
95 54 22986 222
95 42 64180 34
95 22 8454 324
95 40 55761 127
95 63 219704 261
95 67 21571 54
95 62 27021 147
95 77 22812 1361
95 31 5824 7
95 24 35959 459
95 96 4636 460
95 16 40086 44
95 15 11204 130
95 75 7476 133
95 46 48306 90
95 52 88963 179
95 85 12675 982
95 99 12045 76
95 8 74684 250
95 92 76978 162
95 4 18614 84
95 18 83075 548
95 47 20982 422
95 94 25208 96
95 10 149378 33
95 25 28592 28
95 59 69596 203
95 37 32232 105
95 45 61687 31
95 90 62050 192
95 98 33099 55
95 29 39960 104
95 34 12558 166
95 87 24406 92
95 60 14706 163
95 100 73544 109
95 93 43843 261
95 65 32066 460
95 9 26219 29
95 7 90291 62
95 41 117138 296
95 89 22644 184
95 83 56400 255
95 44 38073 75
95 11 9341 103
95 23 38323 173
95 39 7404 84
95 32 40709 389
95 69 14437 269
95 19 7671 68
95 70 3254 430
95 43 29256 48
95 12 14633 26
95 33 1671 16
95 84 67385 192
95 38 20099 33
95 79 277807 61
95 13 9080 642
95 80 9632 37
95 97 29089 2309
95 74 22106 167
95 2 18592 75
95 3 65912 208
95 1 5891 367
56 9 33233 278
82 79 22836 44
65 34 14599 42
70 3 4277 149
12 56 22615 146
81 57 13191 484
55 2 33526 188
21 90 25584 172
6 76 21593 142
47 17 19766 43
82 29 5766 116
50 8 4613 94
51 48 8889 180
80 33 36082 81
89 56 15919 268
7 72 30254 419
26 21 16650 227
22 15 25747 705
2 58 39589 57
50 84 11499 105
90 76 58327 208
83 29 6354 199
76 27 5030 544
21 77 17342 532
98 46 12555 79
20 77 52457 57
43 79 2600 104
30 55 55458 78
78 9 19723 132
50 6 30778 22
53 76 7238 13
3 43 23238 79
50 3 8464 228
29 44 27562 4522
13 68 18989 1691
35 4 2306 118
71 8 75787 448
6 61 37490 72
6 39 46048 76
28 91 16511 56
17 46 51158 44
64 24 37559 323
57 88 7043 146
8 48 34389 209
52 51 35291 16
40 67 28487 104
1 6 77571 55
63 95 13705 482
56 95 38252 10
83 100 69758 66
13 85 14586 173
20 29 62514 151
67 15 11528 36
24 78 127623 220
46 66 13703 96
26 44 42634 70
57 66 16128 286
48 62 93794 421
36 10 38241 303
70 2 21032 17
7 30 17948 83
97 93 18084 276
67 48 49429 762
89 39 2392 121
71 62 15436 18
98 41 21688 34
61 89 3932 380
36 80 56156 49
69 78 46457 39
19 64 38657 519
41 22 24456 149
36 88 93616 220
69 70 52658 53
20 74 25513 187
34 44 11722 68
38 34 13434 71
58 61 15943 211
10 80 4173 438
47 32 15243 115
10 31 10555 92
80 83 17636 47
63 89 38321 82
15 5 47573 317
55 92 29007 107
38 5 89422 59
93 87 83266 79
11 49 11903 227
25 48 46428 120
31 45 24577 408
83 78 15978 81
33 51 15564 197
38 25 15981 466
63 64 106293 362
43 100 19572 78
97 58 2653 241
93 55 1727 195
38 81 38382 139
85 77 24294 206
24 52 50671 141
89 4 25785 821
85 61 58485 531
4 11 37348 200
56 94 9761 143
56 15 47775 114
83 9 6761 146
87 38 47129 207
10 74 54252 110
32 92 27837 9
99 40 4007 80
63 53 31330 222
56 68 3711 80
7 20 29184 85
84 34 18141 313
91 98 11167 16
80 88 156391 588
34 66 6411 20
24 90 20523 98
7 82 75718 205
91 51 17430 276
98 95 7872 353
6 8 81710 499
14 30 49406 226
38 15 15564 122
32 50 8067 171
40 50 30544 88
97 47 27481 375
41 3 9037 388
77 21 16104 450
5 24 7498 116
31 58 12102 54
98 94 20837 56
61 78 10865 126
72 9 12534 10
22 23 23538 212
66 43 33594 388
32 22 6277 578
63 12 7839 159
34 100 33103 483
51 24 12042 103
55 58 20638 415
26 90 24930 286
52 75 20040 89
93 15 30195 381
51 34 30328 258
35 40 14737 37
74 44 12003 167
63 17 24269 2220
25 33 10252 481
93 62 64760 23
92 48 103599 196
8 54 17014 33
73 26 13083 42
29 74 18966 759
11 30 7361 106
9 94 27781 425
75 14 4587 49
74 90 40187 136
11 22 13253 78
71 6 2201 117
81 53 22200 137
78 49 1370 36
30 75 61347 268
50 18 29691 253
61 96 13901 70
30 6 52787 162
30 83 26924 83
76 28 59408 320
27 45 90362 64
81 95 11826 297
62 94 13502 36
69 80 16818 50
19 77 61678 22
82 48 30361 168
83 62 31123 88
29 56 37456 804
70 51 190733 160
72 64 170643 173
48 36 31244 69
60 58 4165 392
62 81 4345 306
82 27 6837 72
7 19 25873 201
22 88 13196 75
34 2 12638 65
79 2 3864 52
86 12 7663 135
82 83 6574 321
90 65 16729 90
65 88 30501 180
83 86 4942 110
6 36 9814 208
46 64 134925 1336
29 45 70162 79
15 2 62459 201
34 74 33011 168
22 82 33930 88
23 43 35281 94
21 12 40438 166
67 31 45208 33
10 55 5184 405
92 93 24543 457
51 27 63750 167
48 99 12901 81
37 91 39758 451
56 78 10380 38
72 86 12198 59
26 31 42064 102
26 67 39170 109
58 7 75881 507
39 23 39181 108
71 1 20394 50
20 46 22417 65
52 85 27247 130
19 83 7857 84
13 19 5820 327
9 80 24530 151
76 34 52052 236
9 75 15627 134
72 63 98026 108
88 34 149382 27
10 86 12067 46
26 74 45741 224
21 64 74869 207
11 80 7308 128
80 60 18871 634
99 52 9411 180
6 34 27791 153
18 94 10748 99
63 98 25096 274
7 10 15046 94
46 48 40551 483
57 2 32221 129
44 98 22953 382
67 38 10535 621
96 37 15502 287
11 4 29967 68
45 58 10802 142
54 32 38220 141
38 20 19133 118
44 88 38564 55
10 47 9719 87
10 45 11458 88
83 42 40805 71
70 62 4209 168
100 86 14673 295
37 49 39250 122
58 74 36406 304
14 60 22388 128
68 12 13332 206
60 44 42039 95
10 90 17349 89
67 72 33893 354
99 27 43768 170
56 18 49924 272
49 54 35881 69
18 15 14164 503
15 10 127878 192
75 71 7282 113
31 21 22712 353
62 55 15288 361
17 71 18879 613
68 69 2566 163
65 45 2154 15
58 93 19691 726
78 67 3456 210
75 29 127515 301
82 21 25192 60
84 32 14927 54
27 5 27952 129
2 55 44153 59
52 67 5659 465
7 63 52491 143
67 60 13958 471
66 100 15492 79
73 62 35995 13
40 34 69070 415
62 68 19221 404
20 49 5502 450
74 9 16928 108
49 92 10848 402
32 93 20128 148
26 57 5486 99
84 57 25586 113
2 81 60308 855
50 43 35752 224
43 33 7306 185
64 19 14339 577
5 100 27974 79
21 83 5991 31
13 20 59752 94
15 82 7042 561
21 19 87504 95
59 8 5989 170
40 1 7005 514
16 100 91393 159
3 9 40055 269
43 61 24643 641
84 72 26702 109
49 22 24617 118
79 52 49301 1558
63 92 62913 34
73 34 10045 386
87 50 16363 159
93 50 85166 122
23 42 6998 315
45 43 114085 231
48 73 20617 200
75 50 101768 311
17 58 15108 348
32 40 7599 85
30 87 12933 105
44 23 77758 62
87 40 220852 481
80 20 8977 55
48 91 7294 263
50 74 60736 143
33 63 63676 49
36 98 20693 47
98 47 39313 159
10 89 35150 119
49 15 50753 81
66 26 7671 84
16 55 20484 277
62 31 20877 256
97 69 6995 468
26 60 6065 262
9 62 6766 302
40 48 4727 63
17 82 7529 30
37 2 90400 42
58 4 57297 84
82 6 15015 58
59 62 53958 196
56 53 57652 86
29 84 10190 237
42 37 3134 187
57 41 5084 272
81 58 18720 32
18 52 15652 657
69 35 16842 73
15 83 31913 60
56 96 125869 12
44 25 8815 59
60 62 3402 80
76 39 76784 30
62 73 22075 170
70 12 39957 135
1 56 163117 432
34 27 118896 213
52 26 2070 84
52 46 9583 190
38 76 6823 29
20 19 11078 106
33 15 6131 147
42 34 3847 677
98 3 68945 581
78 15 12203 206
74 50 14468 16
6 52 42949 597
29 37 40191 78
73 76 32013 32
65 3 3818 251
11 23 5233 192
30 95 7353 138
6 68 29861 21
76 82 7043 242
15 17 16727 368
12 49 6029 293
86 62 12778 205
55 20 6656 69
14 96 69515 198
71 98 52216 249
35 29 29835 134
56 30 111349 310
96 8 7522 60
78 75 222895 304
57 39 61178 349
75 9 14391 160
70 84 29107 100
22 87 10398 1105
86 59 8208 261
26 17 8864 24
43 2 8512 173
69 98 6040 41
22 21 11463 94
16 39 11703 1333
99 38 7325 100
28 52 37990 109
70 57 4511 197
12 22 185750 776
16 66 29356 372
66 27 64786 226
90 47 12620 182
61 73 45480 136
68 61 3920 200
9 28 11287 634
98 76 50784 536
80 23 36818 95
26 28 158793 153
98 37 26504 82
95 990
56 410
26 100
62 160
34 409
15 746

31926744
