100 499 3 3
52 81 23060 75
52 61 22762 213
52 55 15430 227
52 30 19958 692
52 37 3050 628
52 44 16764 86
52 43 9789 86
52 69 39068 103
52 41 53729 43
52 60 19544 699
52 57 37499 131
52 63 5435 60
52 34 23987 115
52 98 19491 2638
52 11 68702 168
52 74 41679 344
52 48 6668 399
52 4 29234 80
52 42 30529 33
52 99 98447 69
52 3 2352 980
52 1 19896 135
52 64 20744 37
52 17 88634 62
52 45 2199 29
52 24 19325 368
52 71 44122 114
52 14 44253 364
52 22 25211 239
52 18 7322 155
52 65 10517 1150
52 79 11621 437
52 32 35232 79
52 94 5573 388
52 8 6642 376
52 21 8596 382
52 39 47185 152
52 75 39472 242
52 51 1839 349
52 46 10419 375
52 97 24860 41
52 7 16668 90
52 16 21809 109
52 92 12240 268
52 10 129052 1253
52 62 45479 171
52 33 1938 251
52 80 38771 17
52 90 62900 63
52 31 295603 117
52 40 64785 139
52 49 35874 121
52 29 400484 255
52 95 6404 315
52 23 4844 1921
52 9 76291 126
52 5 4620 581
52 26 6943 12
52 12 77209 63
52 56 15002 59
52 38 13342 76
52 96 6218 126
52 100 29779 128
52 76 13254 174
52 77 21867 193
52 15 4615 55
52 88 32130 158
52 87 9862 38
52 58 232726 214
52 47 106237 944
52 68 22330 149
52 6 28212 59
52 93 21919 133
52 91 24966 614
52 78 8132 321
52 83 6773 63
52 13 16140 114
52 28 23269 141
52 36 84895 105
52 2 7764 138
52 27 4172 122
52 82 5204 911
52 73 65244 9
52 85 8560 125
52 54 30699 1968
52 50 26713 127
52 67 3221 62
52 19 93586 252
52 25 82208 1424
52 20 14815 155
52 72 40657 508
52 35 8479 86
52 66 10326 45
52 70 405213 44
52 53 39182 48
52 84 136872 96
52 59 84415 448
52 89 9307 505
52 86 7915 89
8 59 8559 170
78 11 15639 96
60 12 16319 51
18 84 35596 290
57 55 23068 77
33 95 5068 242
53 85 31985 128
98 45 34907 236
9 48 6178 56
47 55 42114 21
42 87 4483 301
99 76 8405 1084
7 56 10326 366
29 75 42381 110
64 18 14629 88
56 52 24425 249
41 19 51996 281
21 47 12672 323
30 14 10477 292
42 10 121921 159
73 59 22748 163
16 63 92728 105
77 4 22323 954
71 75 27363 105
14 68 36821 92
61 29 16025 401
68 29 8237 72
49 82 41338 384
89 28 33720 233
44 42 17426 1010
46 25 14568 834
91 77 26458 164
32 81 18535 105
2 98 1444 125
53 10 133788 277
39 68 10366 49
41 24 32576 650
27 48 21114 56
28 12 101687 285
58 59 7444 43
83 9 7698 146
92 84 8176 351
38 9 49796 107
72 79 18748 200
46 42 29373 169
57 89 43597 106
39 59 61076 52
83 91 20969 24
39 52 15952 123
93 62 69950 170
10 27 117777 57
91 58 36769 54
2 24 6116 161
93 60 34243 79
70 87 17210 189
21 65 7595 32
11 8 16454 297
62 94 166367 134
48 77 70875 36
50 36 9271 691
36 79 14184 509
28 80 32886 67
11 49 65976 91
27 17 8470 106
13 30 25152 388
74 12 3101 189
6 94 22057 550
96 82 13719 68
26 46 3862 244
94 8 17695 69
24 34 26166 1011
73 7 35263 1039
4 34 74077 912
33 81 27520 163
71 69 18292 20
59 72 38208 46
56 79 39607 116
93 46 25500 82
82 44 67116 113
77 12 19346 414
19 95 37880 257
48 38 107201 47
4 72 3819 836
77 34 26864 167
90 100 10442 126
43 27 62987 938
14 49 32979 159
26 37 132018 276
38 14 11270 121
83 84 67987 389
9 14 53349 267
21 10 90712 260
32 85 12284 365
88 44 1924 406
12 47 49606 549
47 28 15675 86
70 37 71433 1314
66 23 37241 452
73 48 7527 69
55 16 20798 81
1 47 20805 466
7 17 32645 140
25 18 197510 32
39 30 26848 83
68 36 14432 141
55 30 53499 159
94 66 86068 253
20 34 49392 304
87 72 52426 83
8 41 87620 30
6 77 24125 212
10 69 113693 108
59 24 45845 45
56 2 129215 28
86 18 13281 296
21 25 3253 106
30 65 27477 177
23 5 35318 276
19 88 90472 44
58 16 81974 55
53 76 136829 139
11 86 117144 173
36 40 6258 93
60 26 47642 1171
80 87 5070 257
50 24 30412 112
16 81 22953 306
72 26 160868 212
16 30 23009 77
8 50 34974 117
64 56 3493 104
27 89 24503 218
66 67 30480 166
80 73 6155 40
64 35 31638 283
64 100 20329 441
63 53 21305 18
60 43 84503 104
98 9 3788 586
17 97 70187 59
29 6 44500 434
20 92 29332 112
93 3 5062 70
24 50 13247 108
95 24 19371 752
83 100 14236 33
47 91 3629 418
53 82 39410 36
29 12 54198 499
7 36 191714 329
83 42 25516 98
100 36 214292 43
92 79 32512 76
69 40 40345 33
3 79 9829 59
37 16 23709 86
75 66 25657 437
19 30 11266 781
98 51 2729 150
80 54 540105 94
31 87 25924 85
45 71 42190 466
16 94 15967 41
88 50 23534 148
84 80 26328 431
25 8 12420 87
10 99 9587 647
18 75 16518 105
49 34 90049 58
42 38 42520 198
39 74 79690 49
43 3 21234 835
81 43 2503 313
32 90 26763 69
8 88 7164 143
67 59 12269 100
86 11 39199 83
83 16 36311 60
2 78 28621 74
58 43 14197 126
46 67 25616 13
1 60 26565 109
10 2 3136 221
40 70 14399 257
69 94 4540 204
10 59 2904 67
59 12 3859 21
43 85 47726 198
31 17 1417 242
41 56 27860 1220
60 8 56793 181
20 80 8956 36
35 19 2586 89
81 9 14010 236
66 100 124101 207
45 98 4649 594
62 93 34845 176
54 82 45861 118
33 26 73112 609
86 98 53133 49
69 71 7708 34
44 32 6523 253
2 16 7203 78
1 68 256 138
50 1 40393 995
57 92 5212 221
41 10 4232 234
34 93 8695 513
54 43 27189 265
76 61 28492 184
30 62 12909 151
7 60 27052 721
39 36 357619 120
75 99 43010 40
28 22 57490 213
97 71 10574 414
67 84 27500 105
92 72 26292 83
91 57 11789 325
51 12 3738 70
2 22 32439 29
86 24 16403 400
22 44 20988 447
18 56 27223 52
31 43 31527 157
30 52 6939 96
94 90 61379 43
73 50 57516 673
32 100 16119 316
61 95 74454 160
56 19 37077 127
44 41 32623 86
22 57 110552 171
11 52 24309 339
36 54 4258 85
56 46 58728 253
7 72 37656 79
81 87 6552 597
12 41 22286 65
22 8 35135 419
43 83 121360 113
28 78 33402 144
6 65 7245 189
70 27 72689 94
78 13 10634 176
92 19 13847 501
65 62 20162 58
34 70 25738 53
58 100 45338 338
29 49 73023 127
14 72 15713 212
31 64 38433 115
56 87 15488 59
39 11 13139 290
34 28 12921 256
18 98 11065 52
87 14 13134 1269
38 63 56564 94
85 48 58755 263
41 66 65563 59
63 98 128314 146
63 59 11686 62
22 81 5636 58
73 28 60637 453
54 69 346365 432
50 71 7341 579
83 96 27896 119
17 100 2714 67
11 39 111298 153
4 52 15067 156
2 25 8233 544
94 71 3233 91
66 28 20700 31
97 20 19644 251
56 3 6532 61
16 71 18199 46
78 96 20037 68
8 87 51080 94
32 54 25332 21
74 79 9494 325
22 9 31909 101
91 42 70619 309
50 5 12075 130
71 67 9823 97
59 98 97580 112
97 47 3728 833
45 54 10376 19
43 41 93130 472
21 70 21298 39
41 79 103343 169
90 24 4123 227
88 12 16723 117
22 91 21535 108
71 61 26847 336
41 18 8814 24
51 24 3139 70
19 57 121942 262
18 42 31369 126
98 8 39236 129
71 98 37334 144
59 66 36717 54
25 68 206339 623
88 47 9965 113
54 62 44542 56
28 4 24413 41
71 25 31110 61
31 76 13095 74
97 95 63442 112
91 39 12827 30
3 49 37488 29
50 84 6303 99
87 18 17850 97
60 45 26635 138
45 94 13290 75
76 41 13571 1081
22 17 4181 910
89 38 51444 97
3 4 111783 87
12 87 18723 80
12 60 88842 155
24 100 8831 165
58 5 77658 207
17 23 14610 223
23 92 11698 119
77 97 13769 559
28 11 53206 26
81 66 27465 162
18 19 5927 198
35 55 17296 42
24 67 40429 296
42 77 17542 156
1 20 10303 1140
69 95 50846 481
25 28 31168 36
18 16 6448 153
98 29 18065 46
54 63 3632 486
64 7 48042 74
87 45 77248 53
25 56 25859 29
81 53 6307 115
71 34 18888 29
10 46 98139 40
71 91 34439 156
45 96 20997 26
96 60 21879 337
74 15 9931 750
60 37 8553 246
89 82 9610 26
31 29 39832 147
26 99 11832 109
66 18 4001 70
14 2 104107 452
78 71 3941 168
97 14 43107 377
51 1 76331 27
90 83 31918 229
90 72 152107 67
56 44 18826 190
49 26 77672 129
12 67 20723 349
24 38 19029 67
13 67 17368 96
54 11 16063 71
77 22 11182 123
5 53 52373 638
50 19 20348 368
67 74 33240 290
59 31 33557 341
11 40 31128 226
86 9 27533 539
30 68 83410 12
73 53 133624 717
100 11 36431 73
84 24 43261 186
25 59 88925 26
86 70 25629 111
58 93 3415 60
23 24 183234 227
89 1 30477 336
17 77 142265 143
97 16 33921 137
40 79 77916 67
13 56 18453 53
68 72 24689 174
43 2 6570 417
7 45 17639 235
2 80 5235 110
40 80 12560 184
70 17 180360 75
91 22 27400 191
50 47 144763 69
91 36 13834 417
86 28 11989 266
47 49 3770 307
50 12 42267 55
34 6 27591 999
71 92 51988 147
35 18 17276 73
87 83 2344 54
52 198
71 27
50 117
24 133
12 56
100 74

3789111
