100 499 3 3
21 64 4361 50
21 96 3888 76
21 5 37136 461
21 60 40823 317
21 71 11164 761
21 83 13980 281
21 6 45958 1289
21 7 32190 222
21 14 15507 156
21 15 17489 346
21 82 21017 173
21 1 44352 202
21 53 17169 128
21 30 46092 152
21 77 21282 210
21 84 12106 30
21 22 94579 215
21 89 11685 174
21 90 20368 96
21 33 18191 67
21 88 10625 57
21 39 9626 81
21 72 14520 157
21 63 24198 309
21 19 27535 522
21 54 28911 291
21 80 11238 143
21 4 6662 183
21 94 156087 85
21 78 19999 66
21 91 33950 477
21 35 29657 220
21 16 21434 25
21 43 4797 191
21 75 12267 100
21 95 12500 523
21 37 153336 126
21 68 48861 25
21 76 11310 82
21 56 9595 547
21 40 38937 247
21 97 16462 87
21 67 39243 1026
21 42 3959 68
21 12 51819 148
21 27 16384 392
21 47 30944 10
21 87 77632 92
21 58 52636 73
21 31 26353 67
21 10 31986 348
21 32 17944 179
21 85 124642 427
21 28 17166 233
21 17 22564 490
21 55 83229 16
21 34 24980 306
21 61 30210 170
21 50 183197 41
21 86 18521 108
21 24 20727 97
21 46 2886 315
21 3 2913 873
21 20 351001 155
21 23 37497 148
21 48 8357 94
21 93 124819 133
21 44 50837 149
21 13 19829 60
21 45 13020 1982
21 2 67630 55
21 70 55520 246
21 81 29326 32
21 8 10892 607
21 9 130351 68
21 92 11471 72
21 38 108668 296
21 100 101884 29
21 29 15382 113
21 74 49141 104
21 52 43326 541
21 51 115722 709
21 18 13933 369
21 57 9916 144
21 36 102915 94
21 26 58587 114
21 79 10925 380
21 98 68159 142
21 41 39307 140
21 49 8493 275
21 11 11691 35
21 65 18764 138
21 66 26190 125
21 25 6295 255
21 62 25698 105
21 69 17215 124
21 59 6832 178
21 99 7033 268
21 73 34695 170
62 2 39071 879
34 47 5129 397
94 85 4219 238
52 7 62048 52
89 16 31351 51
100 61 7389 131
62 87 28784 96
72 43 67955 251
25 17 2403 369
24 22 171477 41
18 88 33408 83
19 59 3076 877
46 87 22836 56
22 75 14247 55
47 42 22556 131
74 10 29057 165
19 8 56230 522
45 34 79382 92
76 8 15505 56
92 82 28283 69
3 43 3729 143
80 61 53832 252
53 99 26905 223
28 36 13580 89
77 59 14994 78
76 40 22006 161
26 95 53380 400
12 7 36074 30
95 6 23658 35
92 75 7394 61
69 98 21772 74
81 71 6701 97
16 98 11603 80
100 41 18670 37
60 7 11784 50
52 37 13813 26
83 35 7049 200
39 92 65259 149
42 64 31300 120
12 64 20642 139
5 24 13297 230
20 9 15413 74
54 58 30475 87
89 22 10658 480
66 79 35010 8968
55 12 151594 40
54 37 71751 96
53 43 79638 426
58 12 27873 201
12 45 44045 415
13 37 12300 634
77 87 8048 50
66 13 72289 147
98 51 460752 70
76 4 18984 140
83 21 8011 89
63 95 16894 1093
65 51 30360 323
82 13 97439 193
84 65 60731 113
81 27 27706 387
88 74 23617 47
39 61 19210 86
32 60 20734 220
20 22 15118 22
53 94 45154 988
49 39 43414 69
33 23 11564 467
80 63 18814 388
97 61 17215 316
67 58 57545 500
61 82 31394 38
90 22 6032 672
33 46 17168 163
52 88 12023 205
32 39 15515 250
11 99 13270 144
70 52 19874 178
5 80 54000 100
79 72 21372 135
42 100 16919 217
49 29 8966 40
63 92 15563 121
87 49 12183 43
82 45 17814 477
96 12 18466 259
68 96 2784 442
6 16 14004 479
37 97 10368 95
8 84 8116 149
89 85 16621 60
26 52 44651 211
91 90 17834 66
75 62 22962 63
75 49 285653 412
38 86 14509 74
78 8 29275 635
29 27 13330 1377
81 36 22394 381
47 4 24943 226
34 54 9171 260
42 20 16163 117
63 87 48682 136
42 51 15328 118
8 46 44427 306
94 64 197912 225
87 79 53140 444
76 28 3377 211
86 98 17323 278
90 20 23133 56
33 52 6028 159
1 36 24644 360
14 20 11035 93
64 55 67495 101
73 6 100699 168
75 76 30468 1689
37 98 14553 712
37 21 107565 159
45 2 19088 92
7 41 19968 17
7 20 67849 56
92 42 1168 22
36 89 84724 109
24 81 17870 51
42 67 26573 69
75 86 18613 82
15 33 16896 183
67 89 1113 301
25 32 1083 29
34 13 17787 330
35 57 91761 136
16 95 11270 97
12 65 47043 1086
8 66 22426 106
94 35 42298 303
22 93 5569 20
66 76 5732 575
89 44 21215 688
82 38 16205 91
7 15 6701 511
55 3 74481 135
100 63 98292 343
15 60 24381 102
61 21 13634 288
78 5 7973 347
90 76 10220 130
4 47 22375 183
82 11 9319 124
22 61 77841 170
97 10 64066 22
48 1 17843 316
92 2 30818 78
39 47 5073 145
54 95 22542 136
98 92 14314 1175
18 53 4931 412
10 100 7491 519
55 16 35520 40
87 3 27676 286
20 42 18233 1274
4 53 55826 148
13 69 15279 240
45 97 15744 51
44 64 13506 2091
59 39 10277 166
32 7 6931 236
66 59 112999 156
22 3 91581 411
44 34 24186 150
81 11 7043 565
93 61 67594 94
69 46 28960 14
76 45 22185 313
78 69 7201 189
89 36 17165 167
80 37 73472 378
92 33 73695 101
38 2 54813 1307
40 56 30673 207
9 4 9756 52
5 70 30973 105
87 32 45748 177
90 9 14683 160
39 20 5107 68
58 33 55287 290
4 92 467294 70
14 67 11115 134
84 31 9111 122
92 35 49071 80
93 53 21506 82
41 61 15699 540
81 66 84865 170
2 31 18605 65
13 58 9194 207
63 97 17866 168
32 31 20479 168
97 99 35161 10
19 30 19457 313
4 68 12068 101
87 45 37404 386
2 95 54383 115
4 66 4092 148
30 83 62357 425
81 34 27007 62
70 37 108807 210
25 87 25280 150
37 71 10930 312
15 55 99110 565
57 30 57587 919
57 12 63388 182
33 88 6546 522
33 31 19397 67
36 21 19469 103
37 99 9711 92
73 51 29023 543
99 47 9452 156
15 95 4679 124
65 68 18857 111
99 59 36494 40
2 59 5852 84
24 64 72851 128
84 61 10177 479
35 56 18486 952
10 29 29812 1156
37 40 6595 51
45 21 39883 411
39 54 49407 22
40 42 60425 92
70 16 37647 66
17 95 30046 321
48 96 8992 24
4 50 22892 197
51 73 5245 129
3 11 76710 12
61 3 40930 130
59 30 95622 43
17 92 19460 16
5 39 12608 138
10 64 16483 232
60 25 6181 631
92 70 19167 523
69 55 18348 114
77 46 5678 585
91 2 35874 111
49 55 128886 225
70 3 44690 24
88 60 10148 129
38 57 74967 144
19 17 51956 292
9 72 34486 204
50 81 16806 409
20 62 9806 100
92 22 34700 71
97 88 8485 524
79 16 2806 150
14 84 17882 95
57 81 14244 75
42 96 74455 39
89 5 39752 91
41 68 14329 157
31 17 55791 40
57 64 2869 97
41 84 123599 5
100 64 115862 34
16 15 10958 123
86 94 11951 179
36 26 9540 51
71 24 26345 1580
39 51 133837 13
27 11 24258 167
56 46 26491 316
30 43 29250 502
68 33 13492 112
44 25 12391 49
30 21 80733 47
46 59 51573 73
49 83 14996 103
67 26 44229 1377
68 50 13118 333
27 1 28916 595
66 17 13498 413
45 89 15660 79
9 37 4361 83
86 27 115087 16
75 88 4570 81
29 28 13745 179
58 59 3981 153
28 45 1012 324
83 26 7053 193
93 87 54129 90
94 92 38306 130
11 100 58278 360
66 48 26198 187
8 83 14521 16
70 100 15287 224
64 24 23608 463
81 18 46663 524
50 85 9351 77
28 38 41733 141
75 74 10304 110
54 79 14179 112
75 7 13794 121
28 19 20816 51
63 14 3777 153
77 98 8073 35
61 48 23526 99
49 85 74522 193
9 24 32263 57
22 38 36262 15
24 65 4972 113
45 5 36035 82
55 44 168847 33
59 65 322312 654
61 69 116200 32
58 80 5687 19
80 48 11443 408
27 60 80515 1089
63 40 6440 239
96 17 2368 177
86 42 57746 110
45 3 21128 27
43 24 21118 89
72 17 68041 194
23 85 9412 248
65 32 9271 208
82 83 23432 12
17 68 122433 256
99 24 66376 65
8 45 26017 656
62 11 25295 117
16 46 49280 347
81 57 3481 109
69 32 26355 225
63 53 33260 151
65 16 10077 339
45 82 15297 49
15 84 19172 402
64 52 40634 54
48 77 25901 91
50 45 14373 647
55 90 8545 2631
43 1 69790 96
52 29 13497 195
53 93 64870 105
32 73 3374 98
46 89 21759 98
92 47 12454 162
25 7 47854 42
9 63 120095 139
80 12 3460 89
82 65 11142 268
44 90 32825 401
55 100 7548 201
94 57 2994 74
22 74 40669 293
72 21 116622 441
1 27 111362 530
18 48 13686 308
74 87 11151 247
19 5 56305 44
42 39 20762 175
89 81 38860 198
91 48 24187 23
38 20 14545 668
57 85 6541 185
11 41 9497 389
74 40 54979 46
43 39 12740 157
33 62 6958 67
13 68 2791 361
69 20 83016 92
55 77 6842 447
68 89 45214 77
83 14 55129 667
31 16 112474 1223
86 1 18198 840
74 80 21052 479
62 94 9870 79
97 89 33930 178
63 29 16157 91
54 67 19454 36
37 8 17629 368
92 31 10688 42
57 86 15450 45
30 99 4577 299
79 43 19627 155
42 37 16289 368
56 8 10765 245
78 99 34047 218
49 37 2343 21
37 59 52929 111
64 4 13243 318
25 42 31675 43
48 62 8463 264
97 56 7310 62
99 6 26152 356
58 23 125003 225
100 62 11855 394
37 62 14447 1238
3 75 54980 283
21 396
92 70
37 198
64 61
61 81
59 144

3371362
