100 499 3 3
68 54 12497 1012
68 71 26905 61
68 44 17676 262
68 57 163458 23
68 23 6691 77
68 13 7926 25
68 12 26949 70
68 25 5078 182
68 41 12094 123
68 32 17272 23
68 34 28483 130
68 70 13621 342
68 29 15987 7
68 40 12628 167
68 93 44117 151
68 65 58341 737
68 21 9086 111
68 11 10316 13
68 10 10959 39
68 31 5520 99
68 64 10257 336
68 98 6239 74
68 72 24739 408
68 2 9114 187
68 37 15339 152
68 51 5077 65
68 49 19357 44
68 61 13291 764
68 100 3301 98
68 19 15000 86
68 89 49764 84
68 53 82850 172
68 75 6037 140
68 17 33460 17
68 28 6602 70
68 66 19200 48
68 47 110868 61
68 5 38358 371
68 88 6700 1397
68 46 5827 275
68 39 117789 123
68 26 25961 1051
68 16 17279 20
68 82 18768 668
68 92 61171 257
68 38 13979 117
68 62 23547 36
68 52 22127 32
68 18 37663 38
68 50 7150 132
68 84 6646 221
68 58 16258 220
68 33 116468 51
68 7 65589 161
68 43 41619 220
68 9 52819 138
68 91 71670 675
68 1 22422 76
68 59 15601 273
68 4 12402 233
68 76 37429 134
68 97 66524 147
68 73 13419 86
68 60 49749 402
68 48 11205 148
68 42 9871 73
68 20 18122 86
68 83 11278 160
68 99 37362 63
68 69 49360 137
68 55 23159 85
68 85 9239 122
68 81 26843 162
68 96 13360 207
68 79 9898 62
68 87 23426 93
68 45 2930 75
68 15 12857 260
68 27 20855 503
68 63 8651 206
68 8 14875 66
68 74 19860 150
68 24 5308 217
68 67 47987 333
68 22 1880 535
68 90 148565 1084
68 3 13528 505
68 80 4098 179
68 77 111684 66
68 35 7886 188
68 30 25008 160
68 36 15387 258
68 78 22898 220
68 95 4600 124
68 86 28702 30
68 6 14683 382
68 56 47053 561
68 14 52979 62
68 94 25284 182
24 80 15001 114
37 29 11559 230
17 58 190961 1134
86 68 12881 381
99 12 20632 110
74 62 66179 450
20 11 40443 294
36 64 44483 132
79 49 27297 220
86 99 7924 95
16 57 2144 114
15 51 9140 58
10 44 33617 145
85 83 77823 339
36 12 21957 1331
74 61 11010 709
80 26 34720 306
87 40 55594 56
26 3 41280 101
11 94 21034 150
58 74 11624 530
69 99 17528 39
27 25 5042 117
82 49 100405 71
81 88 52031 79
79 28 6668 1000
98 18 4660 78
55 15 31196 737
24 93 55753 188
47 45 1129 833
8 64 278255 254
35 43 17180 67
82 65 18451 241
3 29 86452 548
59 88 23645 139
97 67 14999 30
9 18 35407 407
87 93 17822 269
49 22 32082 85
53 52 23294 24
2 33 21623 185
10 84 15053 149
69 11 23507 171
13 23 40153 84
67 73 5171 87
70 98 7605 103
63 12 13072 185
7 96 2574 145
4 34 10769 121
88 20 9193 756
11 56 26551 112
36 54 24074 58
15 38 33281 178
95 48 10708 174
91 13 39222 390
14 59 24755 32
90 75 11894 122
26 73 74816 457
22 99 22926 585
65 76 11482 49
34 82 8367 1294
74 32 29185 192
36 80 60419 169
38 52 3205 374
89 34 65219 61
51 20 7768 23
34 55 18782 67
6 44 82983 662
85 93 5488 119
64 55 30393 188
73 43 7582 312
42 79 4088 165
88 51 58350 86
67 69 9737 294
42 44 32584 274
36 41 35462 104
28 38 10441 300
1 75 105723 38
98 5 73659 165
10 71 27976 99
18 1 6114 85
35 93 13059 151
20 93 173965 358
36 26 13303 96
44 81 121707 203
67 3 16150 85
97 64 13823 617
75 65 5525 93
58 1 22720 304
34 68 161795 77
64 65 14904 670
92 51 186991 28
72 45 15609 100
9 84 101291 72
25 99 48235 70
23 51 36494 77
21 76 5119 988
63 20 38487 732
77 27 14311 43
37 28 21049 769
66 48 10691 372
18 63 44434 104
43 1 16043 403
94 44 22307 331
41 40 10434 307
98 6 5056 202
77 100 12763 133
36 49 14402 1234
96 46 39129 82
41 24 4072 74
7 74 5305 22
46 79 13380 773
46 37 22286 138
62 43 5231 406
30 23 36519 259
2 79 76227 171
65 62 9642 186
36 19 48023 21
39 64 34633 42
52 63 23159 49
21 83 33174 2067
61 86 18218 2342
67 57 17855 121
92 25 3029 252
41 90 32212 248
81 9 18207 258
28 13 8539 191
97 87 39824 222
74 18 43034 46
25 44 6135 23
50 71 32909 53
24 90 116760 194
85 90 7331 74
57 81 22949 136
77 42 22998 138
75 4 54235 63
74 100 155750 390
90 41 18881 99
19 71 47876 158
78 45 5700 43
80 19 44095 33
77 47 22201 119
27 99 62092 187
11 92 28716 36
3 7 36591 93
71 87 77045 195
22 92 2244 45
60 55 14665 59
71 94 8077 445
47 66 7219 370
47 53 111166 282
2 27 57330 438
80 13 5860 315
80 48 3348 785
28 33 42099 35
10 86 11303 31
26 67 7306 69
7 81 100650 41
4 35 75759 156
90 47 150673 53
85 43 28255 18
96 75 10912 272
54 90 8825 37
8 45 23207 64
39 71 155609 82
59 12 20284 572
96 86 13558 107
87 89 12819 215
86 84 10833 2271
44 40 29986 39
29 61 11190 188
47 12 58006 767
45 94 8102 233
56 45 41639 172
22 82 6116 140
64 74 54327 22
26 69 14514 237
47 28 224844 579
55 62 14551 135
5 20 11305 89
45 27 12342 79
92 3 19265 104
8 35 36582 68
34 2 43085 90
10 67 127274 37
45 59 6601 368
2 94 63255 33
21 34 9310 325
47 5 23099 172
66 5 13641 284
40 95 120791 24
34 46 13526 40
99 27 28137 28
3 99 3756 29
42 54 195618 952
9 41 120219 50
6 100 11525 102
46 98 102557 361
45 47 1386 147
7 6 23290 12
76 100 35840 801
55 81 20138 158
19 3 43213 109
94 95 6639 61
35 94 9195 440
83 58 22242 146
78 28 8469 51
40 60 34813 89
74 71 26947 124
49 3 3311 10
16 75 92768 243
38 71 15693 211
28 32 8622 58
2 78 62298 66
4 38 11368 58
19 56 24400 180
61 96 16894 370
98 76 17872 142
47 3 11426 303
28 57 17970 47
89 71 29758 672
24 56 39768 357
91 36 16188 122
16 59 25853 76
55 38 34589 96
11 69 96203 151
80 59 97332 980
86 35 56240 606
35 77 91929 253
92 22 6945 410
57 83 17471 120
59 68 55701 220
13 29 31551 249
37 30 56806 179
13 26 5705 238
53 93 21433 39
77 29 12239 1091
35 65 23788 267
19 80 11367 489
29 31 10021 48
16 84 20107 471
3 62 14439 363
1 40 81055 56
49 51 17748 107
22 4 35860 537
94 67 51817 199
4 100 10360 85
27 20 1058 248
8 7 16248 480
72 54 6776 122
45 4 14466 140
38 3 50092 388
32 7 28075 71
10 49 43668 318
64 58 17982 174
79 46 84607 329
65 9 1036 44
97 68 6318 85
69 48 30284 199
64 21 3470 74
89 4 45263 138
30 98 27875 326
32 1 11711 95
97 8 24806 77
6 67 71648 282
84 47 25339 537
1 45 21084 261
2 84 68624 159
20 84 5155 337
33 23 10193 238
11 80 14048 359
23 71 7727 551
89 47 20619 265
96 59 40365 329
93 21 13574 521
51 46 8304 408
42 53 21692 96
62 87 66490 26
14 55 9041 55
55 73 21931 61
8 40 37052 17
63 86 42135 95
39 34 55730 10
70 36 5952 66
66 79 11302 155
51 58 24460 101
65 57 4105 690
56 78 6894 18
84 3 44156 464
71 13 158360 159
84 2 11051 31
65 94 26638 91
26 21 8328 6707
67 83 58070 41
91 75 65847 363
41 95 88000 49
55 40 11134 6
87 66 6279 79
94 88 13836 357
56 76 57497 98
6 24 6342 335
19 69 8718 263
40 69 13880 343
50 25 32625 167
44 53 9875 754
88 27 6483 418
88 100 42643 70
32 26 15793 133
81 15 9959 397
13 75 16102 127
18 95 5234 57
90 54 16995 144
99 20 18914 98
82 60 61496 274
23 17 45232 375
99 97 3624 82
85 52 75219 237
97 37 6768 68
22 41 6282 220
18 76 36879 1167
37 71 116518 43
75 25 48182 80
49 99 45698 22
70 17 9460 207
57 88 10617 250
81 69 38680 251
73 76 19673 420
21 84 43450 61
77 74 4879 147
4 51 13700 98
81 61 10138 62
90 62 10375 68
97 51 20677 55
20 97 170613 167
24 51 12157 327
69 82 18870 184
100 11 21218 84
52 54 44312 52
65 41 10173 163
80 100 56935 120
96 29 23721 352
91 50 150640 114
92 65 13675 113
75 50 6950 42
94 29 15924 97
84 81 12698 426
6 10 24034 407
43 61 51677 507
51 3 63507 197
2 80 23165 56
55 32 31659 175
42 51 20046 162
51 28 42294 56
33 26 10267 57
51 43 6243 64
49 56 16489 41
88 26 9192 177
14 54 13714 244
54 75 3576 116
79 96 32087 32
48 84 11076 71
92 28 9141 339
55 5 6720 35
86 92 6053 188
83 10 100992 166
4 13 52754 50
7 23 111430 29
77 95 30752 284
52 35 66865 148
55 65 8944 64
61 13 77774 584
32 33 69501 25
99 72 83825 203
12 35 140964 69
89 13 20962 117
11 71 103273 459
3 43 86621 210
89 99 89051 233
59 42 23119 419
63 71 70677 153
58 90 2871 87
12 27 26966 140
22 6 33606 59
54 35 13305 106
8 48 19802 50
69 91 39616 73
48 80 26158 78
37 67 15809 64
24 70 12218 71
56 20 77886 182
43 60 24015 416
66 96 13754 69
14 77 13873 208
83 82 102201 14
83 24 47707 175
53 97 2858 200
45 86 11064 177
52 33 35654 203
66 13 35298 408
27 72 9935 45
68 396
55 27
36 64
71 167
51 10
3 96

4961337
