100 499 3 3
56 37 28800 104
56 53 8272 54
56 65 70696 524
56 74 61347 811
56 3 19386 133
56 66 43190 64
56 50 6970 160
56 46 18143 29
56 52 17579 376
56 29 28387 83
56 61 43216 72
56 99 11330 802
56 86 3588 38
56 43 68133 28
56 62 14680 18
56 34 21236 21
56 49 34519 344
56 2 73174 596
56 7 8359 243
56 69 23341 159
56 73 11925 196
56 15 3292 335
56 9 20296 141
56 79 24565 278
56 83 47417 91
56 10 14869 38
56 63 6963 74
56 5 29439 169
56 78 23619 111
56 30 68554 64
56 70 24052 264
56 84 23058 15
56 18 17777 116
56 19 5649 30
56 85 6226 671
56 47 17223 68
56 32 14923 254
56 26 25475 34
56 95 2261 300
56 91 20200 68
56 24 73103 501
56 82 7023 629
56 39 193529 2328
56 6 1718 264
56 45 22490 181
56 8 12727 1138
56 40 5615 157
56 1 25565 126
56 44 46840 881
56 88 53967 1084
56 48 22688 86
56 54 25270 500
56 67 35353 580
56 92 13134 259
56 51 33969 633
56 87 12817 84
56 80 17889 20
56 58 20790 714
56 77 21002 27
56 57 27928 74
56 4 43192 275
56 55 11402 62
56 21 52162 196
56 41 17208 467
56 64 36028 166
56 28 7370 34
56 97 13575 340
56 59 26693 201
56 68 33592 544
56 42 55350 146
56 100 8093 588
56 20 78529 34
56 90 14929 610
56 96 17526 262
56 81 15362 40
56 23 14773 317
56 60 140434 223
56 93 18811 207
56 75 9383 613
56 35 11935 44
56 17 18754 251
56 14 16792 263
56 13 14993 55
56 76 6524 216
56 31 5869 198
56 33 34973 587
56 71 3795 982
56 72 58685 142
56 12 27311 83
56 27 11397 59
56 22 35764 506
56 36 34929 16
56 94 31007 797
56 38 42353 229
56 98 56967 167
56 11 5831 78
56 25 30722 146
56 16 11159 520
56 89 2536 137
35 3 39966 243
42 14 14827 221
35 49 11920 161
29 46 16467 457
59 68 16137 111
39 11 12111 242
98 46 6528 68
6 62 15585 275
82 14 23670 165
60 76 20237 228
87 48 120253 156
4 63 44564 144
17 12 23013 321
90 79 2086 246
27 54 5721 273
31 47 52951 457
66 40 5647 183
66 65 19107 172
79 41 5475 58
45 47 14094 145
29 62 8672 106
11 18 52076 169
40 20 30947 119
35 60 3638 184
98 58 29252 197
99 58 14373 1067
5 26 62319 344
93 29 15547 581
57 30 3101 65
9 84 12240 112
10 56 55723 100
76 39 39735 220
36 6 76382 233
5 75 21601 298
76 100 26568 252
74 25 9318 34
25 80 30310 705
80 88 40048 236
39 98 18450 27
85 59 15263 372
80 60 31380 261
47 30 12127 133
51 28 40407 20
81 67 65406 583
53 36 28235 106
45 11 8257 1932
24 22 150741 346
6 85 131999 441
81 24 11541 41
26 45 23880 125
12 65 156367 328
75 26 43872 241
100 65 35254 201
1 88 4047 74
69 33 29067 121
9 49 31849 85
91 3 8937 1037
11 38 236612 75
75 33 14394 162
12 93 34492 416
7 53 51134 114
89 23 12094 457
77 79 9921 125
41 3 146261 398
42 79 33406 383
69 89 16761 468
80 8 108589 338
7 34 6414 77
36 65 25273 62
93 58 66353 61
32 59 9587 589
45 60 86478 72
76 29 8390 159
30 77 37629 210
3 82 22417 112
6 57 40210 355
100 13 24442 401
78 92 19448 164
96 36 15887 171
84 51 35151 187
70 21 69684 323
73 20 26893 161
40 91 36095 153
14 67 10354 217
93 3 13877 132
36 59 42923 102
99 44 13403 892
15 59 30590 117
71 35 66578 758
1 36 17245 338
73 14 5584 229
22 43 11394 379
59 42 34686 582
51 6 29933 37
96 37 127482 93
53 30 10667 184
6 11 9508 189
77 60 33524 25
94 50 33416 101
35 51 16035 149
88 85 49232 1019
5 64 1878 107
5 100 26642 237
64 87 13026 166
12 2 48248 139
76 68 5336 35
70 32 15268 31
94 51 56524 89
40 48 39069 292
10 16 29552 356
70 94 17717 128
26 87 16671 42
22 41 51823 38
75 52 9426 223
95 89 28990 56
28 19 32720 1038
76 19 47502 46
42 64 15402 160
82 6 8022 31
38 45 33572 69
17 25 18271 41
66 21 4691 64
25 35 20869 195
57 42 36083 43
22 90 7625 537
27 37 65461 147
18 5 44564 74
81 40 19321 347
51 25 4749 162
51 68 1800 210
47 27 13449 252
39 78 51473 225
100 43 21327 27
84 86 15978 25
33 27 166879 239
9 71 6773 75
21 46 21532 170
99 33 6945 362
16 94 67279 47
67 37 17272 99
63 93 5822 51
22 3 15540 347
70 88 58455 175
9 24 19325 262
72 4 51465 46
8 88 15593 132
71 42 15041 200
46 100 43677 448
7 23 28559 239
95 40 9111 139
63 71 12261 179
74 56 22352 196
62 44 11882 40
60 5 15011 130
20 46 43489 40
7 26 9498 129
16 36 17205 76
83 33 21776 1325
80 48 16899 113
59 98 14659 88
15 95 16269 119
68 86 15018 494
63 70 3331 512
84 50 85694 557
3 7 4207 226
71 13 19960 67
77 4 53785 330
5 40 10302 269
8 97 5499 133
87 44 13469 384
81 42 6654 405
28 86 54508 680
25 76 7873 323
88 55 14436 29
98 34 48075 89
92 5 42644 35
50 14 20700 424
74 44 31380 366
77 8 62268 60
16 24 6783 192
61 9 6039 143
94 33 5361 87
5 1 13273 581
3 43 43331 256
72 98 62110 628
8 3 10540 981
46 7 5099 136
42 97 18342 149
29 80 60788 69
32 57 9608 396
31 36 23628 602
20 83 17916 45
41 38 39454 405
62 4 25368 93
63 55 40154 100
51 2 28153 96
21 37 15251 1063
72 21 2481 166
31 78 35678 117
47 56 2821 593
68 30 6952 31
2 99 14814 148
82 3 4631 174
43 79 8795 58
53 22 26425 163
62 84 101079 247
4 37 18974 268
70 50 5880 164
98 25 61211 146
58 86 11626 616
18 34 33573 123
97 92 32701 208
55 42 31029 164
34 20 15662 608
10 41 53062 665
6 82 21877 232
43 22 14772 268
18 1 7929 269
38 65 13006 149
95 91 21709 414
36 94 13317 147
35 30 43119 167
49 93 4873 764
7 12 64107 24
78 49 9948 84
94 37 23555 66
77 22 38870 78
92 56 8749 322
100 64 34963 41
27 91 6791 24
84 42 4893 65
28 4 6956 93
28 93 58454 347
69 1 46745 382
70 45 274160 105
36 70 17429 55
29 55 4098 93
18 21 11245 189
34 72 17817 20
96 7 58587 90
36 84 45914 107
10 12 59789 31
42 70 82372 402
98 70 64725 199
80 36 86419 200
82 66 22901 189
11 53 12728 120
27 100 95293 362
84 29 11989 598
85 84 6529 163
21 58 20700 909
65 4 21002 473
58 93 49115 48
61 17 20046 36
36 81 104936 277
86 9 32463 54
46 19 83970 81
73 33 11835 1265
45 94 78275 278
51 49 141768 242
54 50 17111 130
4 12 42683 1679
40 27 5937 286
100 49 9091 54
21 29 23975 75
25 22 28832 139
28 12 40225 828
61 83 36738 327
81 80 8693 57
97 41 6141 32
96 30 44603 547
84 2 11795 56
40 79 41230 166
75 11 149842 364
20 85 15597 46
12 1 17316 44
93 78 10263 27
49 83 23911 217
80 73 58502 465
26 84 22900 240
74 97 33179 39
65 82 4392 510
48 95 30996 252
55 93 19714 104
41 53 46891 49
22 68 43315 152
44 9 10210 106
14 91 52865 101
87 33 19343 233
31 20 3208 152
86 38 2542 166
29 51 58962 27
41 22 17833 1957
79 83 6454 237
40 8 14999 67
35 78 26491 467
55 8 26369 126
47 67 9838 199
46 76 38102 94
86 39 88511 59
81 69 139255 79
69 38 12628 214
61 52 2504 265
41 52 20612 164
40 42 9224 660
52 5 49273 175
9 59 29098 231
100 83 28027 63
13 74 12945 2652
66 74 137324 285
22 64 90290 114
90 67 19596 133
1 74 65266 11
41 29 40085 9
97 81 36702 89
39 89 45051 66
43 81 33733 74
42 61 10541 69
8 93 40666 90
4 8 34547 484
11 29 118291 37
74 53 255280 117
42 19 3341 358
45 87 3798 111
84 32 13287 176
66 48 2355 85
64 29 92051 84
51 99 25982 81
7 73 27150 193
6 4 7249 240
82 64 31230 203
2 28 33949 101
64 67 4198 233
82 38 8858 343
36 93 9594 323
71 20 8249 676
91 80 10578 506
9 70 38701 72
55 68 65467 74
50 4 8148 187
6 81 59645 58
31 60 10033 180
33 46 104622 302
99 90 128622 65
14 57 151340 140
86 75 175763 287
70 84 23087 184
9 39 46124 1117
84 46 10601 213
89 3 9602 113
16 40 13307 37
99 20 22162 155
8 2 22813 198
74 99 23268 94
32 38 5312 835
19 82 16089 479
53 37 82336 87
91 37 31788 184
64 65 2432 22
33 29 12152 444
70 61 77504 34
41 11 9755 473
65 89 36342 387
34 10 28744 603
8 10 176643 240
40 92 16244 160
90 52 13973 63
90 11 14084 43
55 27 38957 200
45 17 43272 269
37 39 271564 83
94 31 13806 180
60 14 36127 14
99 37 37921 86
35 75 4473 748
99 52 18138 287
18 9 34144 51
71 19 29557 37
90 94 22857 107
75 50 10009 74
18 71 51169 194
61 62 14624 161
25 12 29791 293
68 81 59987 47
78 15 3425 47
47 66 33013 239
79 89 9910 369
95 16 6080 69
91 90 22024 181
18 20 45591 171
75 86 5082 54
51 26 33758 684
50 32 10329 20
60 32 52861 99
67 50 55997 146
22 49 25246 41
53 29 25407 247
80 49 94664 597
95 4 93387 229
34 45 43546 161
56 297
84 88
70 32
37 43
29 42
93 23

1999056
