100 499 3 3
43 98 44848 524
43 23 19490 101
43 20 216231 111
43 32 13415 309
43 30 68242 13
43 81 137505 108
43 29 88230 101
43 42 6483 435
43 12 25552 109
43 80 23718 92
43 79 33544 62
43 75 14092 130
43 40 11563 644
43 56 30002 540
43 96 38059 495
43 38 10275 36
43 55 40119 231
43 68 25042 21
43 59 31889 40
43 77 170259 258
43 95 9888 100
43 64 67290 155
43 22 2666 645
43 92 37099 854
43 18 21394 291
43 3 17482 24
43 88 106081 178
43 5 49222 12
43 49 39072 143
43 60 29520 351
43 100 96352 157
43 48 68824 141
43 11 85029 372
43 45 15046 151
43 14 148301 306
43 36 247288 64
43 24 41352 188
43 76 903 27
43 8 15368 234
43 34 169324 160
43 17 58078 282
43 57 5586 113
43 85 63296 610
43 67 8106 153
43 16 32945 122
43 94 5676 150
43 33 13957 103
43 71 11982 149
43 1 25119 50
43 46 42269 93
43 39 72158 56
43 97 8091 140
43 47 28418 115
43 35 12246 121
43 70 34420 94
43 9 19677 288
43 58 16172 48
43 61 15919 488
43 66 23189 368
43 51 14148 71
43 15 35130 83
43 31 26440 272
43 62 17327 66
43 25 8612 221
43 73 147588 93
43 26 21014 98
43 99 7427 39
43 65 64309 171
43 78 57440 127
43 72 12573 74
43 37 7486 65
43 53 13994 46
43 7 29332 233
43 82 81523 288
43 63 33098 106
43 69 73855 227
43 89 14513 121
43 2 23528 26
43 87 15196 50
43 41 4159 126
43 91 8370 80
43 13 32191 22
43 84 32665 3157
43 44 15597 106
43 54 11686 84
43 10 47058 1394
43 86 87618 170
43 27 11637 91
43 21 22037 12
43 90 65138 231
43 28 11537 331
43 52 55941 862
43 93 14657 51
43 83 13937 57
43 4 43401 1473
43 50 38489 308
43 6 31756 567
43 19 30030 25
43 74 15497 44
34 57 12309 229
26 42 53491 416
10 78 15314 38
40 39 13624 315
84 100 86017 385
50 71 13941 121
85 68 6733 10
27 76 43293 52
57 67 21732 28
63 42 6097 42
22 96 22487 1313
60 4 6387 156
85 45 7007 284
88 87 8448 109
62 44 21993 104
39 95 85535 233
58 41 10459 33
50 87 86414 193
86 17 97154 195
42 5 53485 32
20 73 27029 565
74 23 80454 482
14 2 28764 162
48 99 35487 60
45 65 36474 23
86 9 8631 319
88 34 35262 124
72 75 33914 94
27 69 55154 209
59 49 70308 160
84 47 8076 630
95 71 9743 98
53 95 25158 60
12 32 24881 95
8 11 44082 433
85 25 8513 33
54 14 19514 235
100 53 34214 71
37 82 117627 208
60 9 23289 188
6 71 39087 1011
18 1 5935 240
67 54 1078 194
17 54 72921 465
55 9 28427 247
65 58 11920 27
18 16 39887 30
72 18 5333 200
13 43 11064 248
66 48 10956 32
48 72 43976 67
79 59 18867 56
40 11 26744 368
41 16 63243 73
96 75 54513 410
27 10 44483 450
96 84 6415 29
65 6 17155 57
8 80 31306 56
60 76 42078 99
37 96 21217 328
14 24 7519 137
82 20 36374 26
98 3 64147 1408
10 39 11392 67
91 25 5903 104
66 72 15603 151
73 26 11617 178
36 13 48339 16
84 79 19230 218
21 4 213944 63
85 18 20084 275
23 33 17624 261
10 21 102543 221
23 17 7369 62
55 60 74733 195
7 6 15049 138
21 29 10254 125
44 32 49809 71
81 75 4113 346
50 34 4890 48
27 34 39526 38
77 46 43114 676
62 79 53489 18
63 73 17817 616
80 8 71627 501
99 59 260553 1257
57 80 49414 201
13 4 25767 116
67 44 61686 512
64 32 24735 122
61 40 2975 41
71 58 49349 78
99 36 7676 198
59 64 860 8
76 86 14776 34
41 78 3896 198
3 18 35348 66
63 35 39984 109
97 53 3252 370
84 91 9507 270
17 8 56678 152
30 52 3219 30
25 27 73161 37
34 52 17070 41
17 22 17831 12
79 8 5944 84
84 87 23562 274
20 55 8225 489
87 63 9707 119
42 68 19671 68
13 100 15280 507
81 16 20969 230
78 24 7982 144
98 16 3182 798
12 33 2113 88
11 1 31491 48
29 52 90199 104
9 7 16130 21
41 5 6832 15
46 95 10298 178
62 10 5262 242
49 83 46060 32
70 25 23680 365
76 51 1821 92
34 48 7556 109
69 3 35865 540
58 49 44565 173
82 40 20261 135
3 15 16242 195
24 85 7344 37
59 78 36290 124
51 26 3040 311
52 70 17137 844
73 44 39250 67
31 66 24725 276
34 11 20898 115
7 87 9597 247
41 95 11972 402
85 13 20017 94
45 59 42591 265
55 47 2337 166
61 95 18716 129
59 9 66424 59
51 73 9335 48
58 45 31832 35
37 81 55365 507
68 32 35474 33
30 61 41959 71
50 86 9263 171
4 1 53375 249
30 7 60150 193
92 33 23466 401
1 65 41763 116
50 91 62291 38
4 17 874 163
57 30 22872 252
81 28 15911 72
39 23 49917 166
75 41 6155 960
100 35 4984 272
30 90 34972 72
75 99 10842 140
20 28 8658 42
42 56 13268 28
98 31 44432 287
24 50 11752 222
63 67 26945 214
98 99 126645 49
77 21 63625 95
78 45 9478 106
95 7 44361 138
87 5 3229 27
51 14 17630 213
64 18 21748 160
18 5 14717 391
15 8 20521 647
98 35 99019 75
52 37 35722 21
45 41 30972 81
21 31 47747 49
37 75 41665 417
71 99 53239 256
31 5 22955 118
32 69 18851 125
100 79 3315 771
9 44 18652 1371
79 85 21994 92
81 76 92644 36
72 91 75506 33
24 12 12527 343
54 57 15522 216
21 47 17404 56
79 47 11549 92
49 19 31099 499
80 38 44167 300
35 70 5435 1502
86 30 64575 108
72 46 40714 142
79 78 30358 44
19 65 17351 39
16 77 26930 48
34 33 46276 764
31 23 48236 101
70 44 17782 100
84 72 11177 484
61 5 112707 193
23 93 13927 58
9 77 21522 112
38 13 1419 45
11 49 28362 52
49 31 111920 81
13 60 18668 74
31 47 3455 814
62 19 3932 364
47 72 34571 82
82 6 21161 150
51 94 54394 12
27 48 14296 61
83 30 39857 129
23 68 27730 16
9 58 19126 240
27 18 23431 130
20 91 18288 339
17 97 74530 155
17 50 87730 220
71 68 3740 84
45 85 11670 75
98 42 9344 146
59 89 10127 25
71 85 6891 179
39 81 15586 293
58 79 36419 29
76 90 12761 264
97 66 13825 191
61 50 4740 137
17 93 21941 18
56 30 6278 1322
21 14 17546 604
46 2 15094 59
71 32 21419 465
12 48 31410 110
78 42 16481 1868
51 54 113388 230
52 79 28695 89
60 92 63221 44
9 13 53819 250
53 37 29623 269
51 91 6853 269
18 14 10233 204
61 76 24948 425
53 12 7902 858
72 76 9370 276
60 75 23044 309
82 38 77571 26
47 95 37760 159
41 10 14737 352
3 27 2116 145
74 100 15325 88
38 46 84174 410
77 71 6277 111
1 77 448609 29
85 50 8653 104
63 50 63408 263
50 56 13328 331
79 6 42246 27
81 97 31135 940
62 80 99818 362
5 60 9487 114
75 59 43451 32
7 15 56234 104
100 30 36999 15
52 62 4766 44
65 77 23291 94
33 39 12874 104
63 31 27249 25
90 49 48626 413
7 33 10893 300
29 87 25413 248
86 52 20362 218
92 54 54222 93
44 97 93735 158
64 29 40989 91
50 21 18463 225
38 32 8928 125
2 7 66164 241
26 30 142831 134
10 53 27438 58
76 57 54295 226
58 96 19194 77
24 43 13920 75
3 43 35991 347
94 20 26926 167
18 40 65838 364
2 65 2146 87
60 79 27602 68
47 43 64923 195
53 9 15682 89
78 17 10181 67
9 65 21555 108
4 51 19011 139
91 43 134835 24
64 23 19426 413
80 33 11732 67
37 95 17825 640
16 69 18926 75
13 48 17392 79
1 38 47902 224
21 23 73766 259
30 27 11530 476
38 98 9501 656
68 52 9395 117
23 53 5971 505
16 1 37851 231
66 53 51329 532
6 99 14512 29
77 55 28832 880
95 79 44950 481
55 23 12379 32
35 15 34979 328
56 99 7807 84
89 67 208282 158
93 62 29732 43
98 12 3723 599
33 23 50452 208
78 98 10669 173
72 83 20413 10
35 6 166407 46
68 24 12730 245
24 89 48378 77
94 51 73571 119
87 100 36697 44
75 72 47762 116
82 64 58775 1415
66 46 40100 56
65 81 11069 42
82 35 13190 100
85 100 16025 182
60 36 23530 45
12 34 32284 63
11 34 24144 41
3 76 174322 181
90 92 25312 26
44 76 23237 8
36 14 20284 32
33 20 18732 143
26 78 25085 145
89 82 21635 62
24 79 12975 391
69 28 31830 185
88 99 32002 96
13 35 14635 36
46 18 8955 107
39 44 10472 41
69 1 8821 223
23 49 21909 119
20 52 33738 845
27 7 26193 135
13 26 86042 205
63 57 42736 843
21 64 20441 197
40 4 74528 93
28 85 2710 276
49 95 119499 80
22 66 20670 141
21 74 2022 105
9 12 79189 81
29 51 5694 266
5 70 45394 88
22 59 26779 576
8 96 14216 194
99 14 48334 65
6 82 105883 538
66 99 71984 518
51 60 13130 149
38 91 47564 362
75 62 21930 885
31 18 20912 136
15 68 12597 111
19 57 6945 366
62 83 57887 655
80 64 68632 99
71 55 11886 32
13 29 7669 55
8 76 29007 362
4 88 70529 54
26 4 11133 36
3 41 55947 125
81 77 17342 1088
47 49 27410 65
88 38 6161 229
23 75 19246 1273
64 26 17680 327
17 64 12499 668
46 81 28047 102
77 33 88865 98
64 61 49641 205
69 25 8840 206
70 65 71872 90
85 79 10162 25
43 198
85 56
21 48
79 91
99 21
95 26

1989815
