100 499 3 3
57 94 59402 345
57 52 36476 251
57 76 22256 86
57 98 81217 30
57 81 52111 59
57 87 4158 83
57 1 30519 92
57 10 77931 253
57 74 5200 157
57 14 293835 104
57 66 13328 18
57 7 95403 253
57 30 8874 23
57 90 41439 146
57 62 23366 188
57 25 16449 1086
57 58 11966 121
57 51 56492 590
57 6 62572 118
57 45 72061 53
57 35 11127 47
57 31 18889 135
57 27 7740 160
57 43 19393 58
57 16 14766 212
57 8 2198 53
57 9 14203 208
57 99 40263 278
57 83 7804 292
57 100 45461 138
57 18 11205 112
57 2 37405 105
57 82 261501 37
57 20 12557 471
57 22 27076 178
57 72 264264 39
57 49 31343 461
57 75 9502 81
57 63 39354 746
57 3 54702 892
57 59 22367 92
57 92 28637 629
57 42 74659 26
57 29 9235 26
57 11 25680 55
57 24 25005 54
57 21 24017 76
57 78 4172 131
57 80 10707 73
57 13 11484 257
57 67 22562 113
57 47 16382 481
57 60 36994 34
57 37 29754 123
57 48 20783 71
57 44 11012 334
57 15 34192 900
57 56 21058 74
57 61 80800 155
57 17 14339 121
57 88 8616 819
57 86 69283 424
57 41 101875 76
57 28 7328 231
57 55 10250 73
57 53 10450 380
57 19 34419 227
57 5 6655 143
57 70 149871 177
57 68 15374 32
57 23 27227 198
57 89 16625 305
57 12 22183 11
57 85 8883 249
57 39 22647 106
57 96 29686 1255
57 65 37471 220
57 33 20456 81
57 32 7135 544
57 26 12355 143
57 77 26088 356
57 4 89293 112
57 54 73488 55
57 79 79223 263
57 97 6415 60
57 69 42553 71
57 50 69889 161
57 91 25363 37
57 38 2788 188
57 95 4638 18
57 36 61915 505
57 73 6666 4
57 64 1459 97
57 71 105357 99
57 34 15750 1352
57 40 18411 246
57 46 2477 47
57 93 17982 188
57 84 2968 26
60 94 2749 906
78 81 18029 69
14 65 8370 581
25 3 11126 486
13 6 4667 107
44 35 139456 135
14 52 29725 163
21 4 7427 106
10 20 22796 77
30 3 6111 380
79 52 36808 378
18 15 23602 1200
42 74 52316 99
33 35 63546 307
74 16 16145 62
75 73 7528 43
17 38 31510 93
89 17 141030 158
95 15 10340 113
41 30 12845 71
68 98 61811 157
90 35 20602 102
76 43 32200 19
68 18 7949 102
35 84 1914 129
5 24 13946 361
3 90 22995 89
71 32 20497 18
38 9 17612 301
72 38 6747 157
77 70 16678 77
92 36 25667 115
39 7 18319 65
40 11 29262 143
18 89 3258 531
67 1 44828 276
2 54 39244 222
83 47 90880 261
38 52 98881 166
9 72 110753 72
98 3 3142 166
72 100 27104 147
48 77 7298 178
75 8 7327 268
59 35 5426 880
54 75 5168 86
3 5 8639 743
75 39 17922 250
42 94 59622 465
81 99 10241 470
41 80 6052 337
39 59 4263 84
61 46 105842 73
28 95 125539 659
83 58 9633 47
18 16 9523 80
49 58 8341 272
78 28 6555 193
38 23 10478 80
52 36 4191 109
55 94 7243 58
64 89 26884 72
99 56 84236 52
75 52 37130 156
10 33 8810 129
22 38 6440 135
32 28 101759 112
1 89 31646 370
90 18 14457 71
25 93 12804 87
17 14 19849 22
63 9 17413 181
62 92 17824 87
9 73 12790 260
58 10 46717 235
25 68 3797 154
56 51 97905 88
75 5 72925 614
70 4 12535 83
96 89 10159 201
21 5 11772 25
97 24 15360 193
88 14 1661 1039
54 7 11974 120
61 48 40029 226
53 32 12096 462
48 97 15594 64
3 59 4383 316
28 35 20976 110
67 4 11889 491
67 86 6087 133
44 50 34505 97
69 53 5614 94
67 27 3426 149
69 3 51276 200
50 41 22467 284
4 23 57194 300
41 63 14092 108
71 91 5026 271
69 88 42372 42
11 64 2775 132
74 31 9587 112
31 22 63584 40
90 12 26845 94
96 54 2320 91
7 95 38997 26
60 7 5947 235
38 11 79614 106
85 51 6831 85
75 36 45758 114
7 24 37073 447
7 26 33848 500
3 38 26713 98
59 65 46248 178
52 27 4745 269
69 13 44355 32
6 80 21455 134
91 29 42063 63
16 50 19440 79
31 74 15004 38
1 63 2406 100
83 56 3660 68
70 22 13213 98
47 20 10477 56
87 27 12416 206
70 100 16086 56
32 94 86811 121
16 86 18096 185
24 67 19172 103
20 66 23643 29
36 7 32822 135
67 62 15225 255
99 38 52784 194
70 86 33890 60
29 8 37491 136
90 76 45955 856
92 41 11906 145
3 66 24806 88
91 41 24639 979
30 100 45326 67
18 58 30541 27
78 59 60688 203
32 16 142315 91
53 1 3587 2921
74 53 15912 479
49 35 217715 171
25 38 54695 94
32 25 43583 94
52 99 14933 35
33 45 42206 306
33 61 18044 270
68 77 53057 599
89 80 8582 24
64 29 6879 36
17 3 7615 128
49 100 41285 337
22 88 61847 155
88 84 1837 522
94 46 29742 283
47 55 35118 225
70 69 9552 67
26 44 98347 120
15 1 39390 97
9 54 29017 186
99 24 10696 188
20 17 29131 163
13 17 39395 143
68 41 24689 23
94 53 9033 89
53 99 23253 887
34 57 12604 148
23 60 39425 1202
63 17 14879 83
26 30 10767 1248
87 13 21697 41
47 3 59999 293
52 2 4370 441
88 9 41896 64
63 39 76318 49
33 81 21750 365
45 100 36733 1231
96 44 29859 157
39 43 7647 96
74 14 21187 115
78 11 63658 142
39 93 19513 212
75 83 20800 319
90 47 13930 101
22 85 54392 485
39 26 11785 182
21 72 83724 320
79 42 24403 244
42 31 14844 99
43 77 67733 74
36 77 192940 82
97 74 4201 140
38 71 18758 249
37 72 17340 592
28 82 5797 491
45 7 68246 35
53 83 47378 210
74 10 110862 130
29 83 30368 165
82 12 29018 764
36 32 17234 62
52 98 11194 194
71 79 9190 62
95 39 55937 137
71 77 124001 130
1 7 3474 20
25 36 5406 674
35 74 15119 60
73 8 90465 107
55 78 50532 50
8 54 10166 139
30 82 26743 71
98 46 59361 263
64 38 58600 171
100 36 10588 84
34 88 30100 114
35 99 11614 667
72 28 1126 466
44 87 12719 246
46 31 7335 499
68 24 10209 440
98 49 29581 218
69 49 7324 126
65 19 11046 95
98 35 12650 251
41 62 13361 117
8 40 67281 36
72 47 117555 392
36 51 13562 111
29 45 64513 18
52 85 6258 60
50 17 14467 52
48 18 81033 127
69 65 94634 40
83 2 9184 243
68 31 31355 272
94 74 31297 172
52 20 210211 30
96 26 11483 149
62 67 19436 110
73 48 130151 245
6 55 22145 78
42 20 28573 137
29 73 10209 56
20 72 18452 40
70 33 20952 146
58 44 61114 276
58 55 17939 537
15 97 46416 1052
53 6 36275 237
60 100 95687 595
36 82 37706 157
51 23 15011 161
49 72 34176 109
88 54 261514 65
40 73 10205 31
47 57 17245 264
88 22 15779 168
74 20 13809 88
90 16 23093 910
87 72 57213 79
72 83 18002 2366
80 77 48157 138
24 32 44401 220
48 84 24152 29
38 88 5352 96
95 19 5086 85
7 5 51240 950
70 98 72992 611
83 82 44093 227
83 44 5650 173
12 25 37285 51
46 91 11035 114
41 65 8505 232
96 38 11502 188
61 29 11807 229
49 5 58150 27
13 4 37977 106
85 54 73291 91
35 2 4389 231
97 47 14274 211
63 11 33739 479
98 64 25050 176
87 8 62090 397
16 18 3274 1576
12 100 111018 47
2 5 4850 265
20 74 67344 93
96 60 9892 49
97 62 80328 198
25 75 23801 107
95 9 70274 77
84 47 160238 450
67 47 11287 452
51 49 1646 296
72 59 67549 334
9 6 20922 86
10 93 14303 129
38 93 30090 53
17 32 30736 163
96 67 19854 41
14 32 35434 437
31 87 33864 136
67 41 32335 225
85 65 22437 32
23 85 37201 227
16 59 10991 108
50 53 8578 166
12 29 15272 62
75 58 33734 12
40 78 107432 221
60 61 10847 95
71 34 36168 48
95 51 20887 274
71 96 16938 184
93 24 10812 418
24 62 49617 181
5 70 53695 681
31 33 35783 136
71 15 67422 209
23 51 83402 115
93 15 15120 375
47 37 12825 937
38 55 22515 198
5 30 17641 48
91 45 30205 212
74 9 39507 487
72 31 8885 117
66 19 69660 282
52 64 20524 102
81 3 50094 60
54 90 52994 133
64 77 12243 71
44 56 3842 41
27 83 13532 133
96 48 17428 254
84 86 35845 156
53 48 71789 446
95 11 80376 1083
35 80 17330 620
38 41 15840 69
56 64 27081 36
80 53 41052 230
96 49 6084 115
37 48 5540 855
28 77 14306 39
80 68 8408 276
52 91 32408 291
24 89 19568 72
22 67 26406 170
87 78 109236 1978
78 16 35104 145
85 94 48282 189
23 76 7284 67
43 83 2243 350
22 10 19781 122
39 54 84646 58
95 71 34081 153
93 68 24898 142
90 25 93337 444
83 36 13173 181
5 56 26576 129
18 21 12837 26
28 60 57845 158
25 44 34821 100
42 69 66793 75
85 79 12330 179
56 37 37381 180
75 68 42595 147
84 94 27720 30
4 35 4440 33
94 69 17058 72
9 97 18327 504
21 69 10171 62
26 94 93864 44
28 11 23115 753
18 70 14178 479
28 51 16559 219
60 22 20742 256
65 92 328864 2362
50 86 7626 217
4 48 8328 277
66 64 13580 125
59 57 8749 195
35 87 19999 181
16 32 24959 926
19 50 7576 93
36 12 17009 137
14 49 5014 101
4 69 4413 16
2 18 15829 74
27 4 41027 63
94 93 29690 109
96 58 15760 114
14 48 11467 38
15 61 108773 64
57 1584
96 80
75 45
77 336
38 178
35 671

27743597
