100 499 3 3
64 32 25664 271
64 34 51829 229
64 80 62542 260
64 3 33111 387
64 76 43060 82
64 42 4219 383
64 60 26884 230
64 29 9755 81
64 67 10249 217
64 58 10294 255
64 43 21728 134
64 7 28664 37
64 84 316591 128
64 56 35442 1592
64 78 20083 297
64 44 14644 55
64 33 25402 427
64 14 20031 327
64 4 11495 166
64 25 16170 256
64 96 11147 157
64 10 11319 557
64 51 21553 205
64 21 20616 24
64 83 19412 69
64 82 15629 751
64 97 8866 145
64 49 47181 69
64 11 58596 324
64 23 8379 137
64 87 21192 56
64 22 25173 342
64 88 9232 509
64 27 12602 119
64 50 28281 25
64 55 26496 177
64 18 26564 127
64 19 5227 155
64 28 24388 141
64 46 157234 310
64 38 4405 58
64 72 7381 184
64 2 6050 212
64 35 15811 221
64 98 23399 236
64 95 6239 53
64 91 11294 108
64 24 10295 128
64 39 66042 23
64 68 39873 1088
64 41 7681 127
64 1 56466 240
64 40 33998 451
64 65 19358 195
64 94 11035 98
64 8 36611 96
64 17 20157 61
64 73 12359 510
64 54 2957 90
64 79 9985 691
64 93 27069 29
64 99 102320 261
64 31 3913 1036
64 77 8397 51
64 6 41266 298
64 59 15676 1151
64 47 6674 125
64 26 37204 286
64 36 67542 130
64 74 25103 105
64 37 60749 48
64 53 117029 134
64 81 20155 53
64 90 12735 130
64 52 5010 391
64 16 25354 147
64 86 26572 431
64 70 2799 132
64 5 16890 101
64 45 30142 30
64 57 39194 277
64 66 28112 274
64 13 20751 65
64 69 6349 340
64 63 127112 114
64 92 6907 43
64 12 5154 81
64 48 11706 109
64 61 16069 248
64 85 12622 187
64 89 3191 128
64 9 26482 120
64 75 25723 211
64 62 45482 140
64 15 2421 424
64 30 12211 147
64 100 10667 741
64 71 25202 216
64 20 265372 1381
10 58 122132 77
33 78 18432 445
49 70 23920 822
30 51 12518 66
54 51 24208 61
33 27 36119 57
83 78 24914 23
83 75 62009 196
59 75 9713 133
56 25 18054 534
94 1 115548 240
95 87 4928 276
83 50 49821 636
27 88 16698 172
74 18 40927 45
68 35 10187 89
94 80 32947 60
87 69 16118 60
36 63 7962 1886
60 86 12359 400
100 81 4073 102
97 73 22512 187
88 24 4460 142
15 93 65439 218
35 77 18056 210
91 88 25228 135
2 59 5847 93
98 41 12245 441
48 58 148299 268
66 86 5380 38
48 73 12789 56
6 64 6163 83
9 24 38196 204
93 76 7867 119
57 93 35651 61
34 73 36704 154
35 42 159046 87
97 2 95529 172
6 2 45522 304
5 79 6995 136
21 48 33963 198
88 70 13704 597
57 24 63221 219
99 88 21928 642
26 59 32789 57
25 33 10602 206
34 64 29552 94
84 50 36743 61
51 100 11795 150
41 94 5133 48
39 79 15602 114
12 19 23181 13
47 71 93270 25
99 1 111343 385
67 85 154349 58
53 63 5529 116
38 14 17506 19
72 18 58025 54
55 16 103904 122
23 49 18581 55
19 38 33406 95
84 28 14175 210
6 49 31654 135
4 71 2023 524
83 90 57355 273
78 65 4127 690
12 32 32835 82
81 79 67344 819
57 90 8256 51
84 92 28369 462
19 42 4567 622
34 16 23604 81
61 36 30948 99
11 8 113173 121
49 11 40737 829
76 66 28720 72
75 85 49671 383
74 96 7201 54
38 10 34396 296
7 64 127470 856
6 52 54453 108
92 76 68515 19
8 2 74608 45
84 87 32183 22
47 15 8317 222
47 19 5636 183
36 3 8226 200
11 96 16498 578
96 99 24826 78
93 22 40222 311
93 36 26897 204
22 63 42419 21
92 4 157022 303
49 76 7216 95
51 61 67275 718
65 76 18432 112
2 27 18524 48
92 93 18038 26
34 85 83561 322
24 27 63958 91
11 7 19691 326
50 41 15073 132
80 61 16785 37
3 1 10494 78
20 51 66335 109
93 35 13833 52
69 63 93376 52
69 25 28320 200
31 58 35790 413
9 25 136851 321
88 74 8074 304
20 23 14839 8
9 16 17693 128
56 61 11833 183
27 42 94377 39
5 24 2607 46
21 37 38220 331
36 6 26853 62
9 91 29434 87
52 81 5674 29
31 12 38026 262
5 93 91723 114
88 22 70956 242
87 61 7144 281
33 80 5612 61
38 69 164923 398
39 65 18955 372
8 74 118719 539
17 7 2826 98
26 25 29530 597
76 72 76738 29
94 18 53094 88
19 57 21525 1313
40 29 5347 563
63 68 10623 185
97 16 11794 27
94 57 12812 246
39 67 26173 18
99 16 14818 366
92 72 18362 171
62 79 33911 362
56 72 8881 106
47 39 32481 549
72 76 19460 365
5 66 174519 49
80 36 21687 98
31 43 103835 281
22 66 46674 458
57 91 8706 562
17 72 23058 485
42 47 40099 1147
3 71 28542 141
10 72 18827 440
91 27 24663 1148
3 83 20488 461
50 6 6127 185
4 10 1155 66
27 75 14794 77
74 59 27241 132
78 5 151914 245
81 54 20024 775
98 22 80889 293
48 81 26952 1028
30 79 8046 29
66 76 19437 125
85 92 9461 63
12 21 19451 126
19 63 5384 71
53 95 34726 171
41 78 45779 43
62 99 131570 147
45 91 17630 115
79 28 1793 64
53 71 37456 83
33 92 106277 358
56 67 308986 822
77 33 42794 378
8 33 30682 362
16 18 31418 61
11 13 29943 31
21 45 13341 386
38 60 33557 177
66 82 14770 204
30 20 4508 792
26 8 159017 185
94 88 188440 82
99 5 3591 966
50 65 144497 129
5 96 22480 159
38 71 2544 53
34 57 15617 61
76 56 4195 46
48 19 27804 309
13 5 7190 1027
24 83 50831 110
3 41 45875 108
81 75 26603 26
84 67 8829 612
37 84 60976 235
22 6 15592 264
43 78 8452 1033
50 61 17151 210
87 91 5601 131
72 74 5962 833
55 69 7870 37
74 78 30971 200
34 12 71987 339
4 43 110800 696
80 59 53525 799
23 14 16864 98
56 60 41812 127
48 43 17250 126
81 15 3048 25
82 92 15239 59
41 67 10508 139
24 35 17005 33
78 68 3453 24
38 35 47265 52
23 68 8303 276
87 74 8432 108
21 41 20800 78
25 52 18716 694
9 53 27982 26
1 42 14520 99
99 50 5271 104
88 17 12002 21
77 90 30720 37
94 31 19603 246
24 2 86062 409
82 12 43307 52
14 20 22725 178
47 64 17028 130
25 10 25314 121
3 7 34942 93
65 1 64539 211
67 66 9002 175
1 83 54591 922
90 22 321450 331
52 43 19800 194
31 30 263183 311
53 80 24323 531
35 56 21345 37
56 93 10049 180
57 82 5640 278
72 69 67199 586
16 17 42097 1005
26 46 21139 91
67 18 6892 195
32 11 7314 212
97 80 27027 155
79 21 15117 144
66 14 8062 489
14 3 16930 337
49 61 23849 117
51 20 9171 75
42 93 27521 129
63 80 23213 51
75 15 16056 374
71 48 7088 222
33 58 30334 193
87 17 14365 133
33 88 85349 170
10 14 9280 29
21 52 22755 216
75 11 32828 220
5 37 37309 280
52 27 26949 665
11 94 8121 178
24 26 11734 130
29 43 2232 380
10 92 20086 74
36 96 53205 102
18 17 61722 164
92 33 5305 46
38 55 16805 226
67 83 27856 1188
76 91 19582 160
63 57 39106 128
54 61 5715 1618
78 72 30320 136
32 15 23257 444
7 81 280079 460
12 60 55016 386
7 6 114434 189
37 78 20709 85
55 35 21847 70
11 88 93404 83
49 40 15689 60
61 49 10700 99
40 27 8738 312
43 34 20573 151
45 50 59259 73
5 85 37244 106
10 1 13882 193
84 48 6030 134
98 4 22546 52
5 84 44080 15
28 55 6966 62
87 49 1948 16
3 89 3648 277
98 68 15384 291
28 58 85206 38
72 61 14067 20
15 65 1798 24
33 70 5384 230
92 84 38027 317
39 33 13417 305
46 85 62227 88
50 56 14638 40
47 60 22805 40
62 3 60140 322
76 83 10204 15
84 39 6279 167
80 67 25429 62
8 80 7858 76
78 7 31632 50
99 93 28290 151
94 60 50538 30
15 50 16813 76
12 61 33032 272
7 41 16731 96
36 56 30783 132
20 69 20259 90
46 69 11143 278
44 25 14900 68
41 13 10728 45
56 62 35116 163
66 52 736 110
38 98 6196 128
61 64 12072 1137
67 39 2157 88
25 21 76759 489
84 75 99608 518
42 92 43960 638
24 66 32029 132
17 77 141950 923
76 84 147193 236
51 12 69177 231
14 24 34718 898
89 66 50756 417
13 71 34436 105
4 92 13294 345
24 100 24241 25
56 80 15542 227
45 27 45651 49
45 67 5037 165
88 15 63221 485
10 37 22573 51
40 60 53745 260
47 54 8345 314
63 4 52257 114
30 96 5529 85
43 48 30771 70
2 28 2776 28
40 58 106779 360
29 99 2093 610
32 90 1554 726
41 60 24425 207
42 55 15533 585
29 100 15990 31
82 86 56424 638
27 30 42084 226
61 10 10682 319
98 86 30280 277
10 75 27745 52
87 37 32474 133
80 69 51873 196
93 5 20789 86
85 88 153460 251
24 23 33413 107
70 17 59933 73
80 6 16438 167
43 59 12688 89
99 27 19050 103
89 43 28123 371
18 10 14415 125
21 50 5723 302
16 15 8930 102
56 82 5460 159
79 16 19140 441
91 99 15521 109
31 24 77294 269
8 95 10500 129
61 3 95626 49
56 65 51124 155
43 57 4759 891
60 59 12320 433
83 24 11033 312
43 46 25667 280
1 24 35538 398
27 28 9495 58
94 54 5472 133
45 1 8946 101
60 6 15207 62
34 32 78771 210
59 67 100936 85
45 85 35510 274
45 3 4307 142
28 78 414361 876
66 12 20669 18
64 1188
56 30
94 104
61 228
27 301
24 101

10278744
