100 499 3 3
88 45 44886 97
88 39 161134 100
88 9 56430 135
88 94 2016 154
88 48 17657 193
88 93 35253 127
88 29 39556 420
88 63 25163 102
88 67 27156 231
88 64 7311 657
88 41 52122 71
88 85 11195 67
88 1 116684 237
88 55 23633 279
88 54 24309 63
88 25 6554 200
88 22 77021 111
88 34 44436 168
88 6 30083 114
88 46 5462 27
88 16 222785 86
88 28 10991 692
88 4 19194 101
88 74 6522 90
88 82 5147 160
88 40 30175 257
88 21 35350 112
88 83 28547 105
88 33 5281 159
88 95 15308 75
88 92 95051 77
88 60 25131 149
88 58 58355 592
88 59 11130 30
88 3 35483 105
88 99 92643 23
88 7 193628 232
88 36 6663 443
88 51 13129 104
88 12 34894 81
88 61 25826 146
88 50 134980 266
88 18 7898 231
88 81 51441 249
88 79 78390 81
88 65 4566 143
88 69 31632 48
88 37 89263 605
88 43 28137 134
88 70 32393 145
88 96 5338 99
88 23 45059 320
88 32 16729 86
88 77 40487 38
88 35 4569 269
88 13 12026 468
88 97 17188 113
88 72 11635 288
88 52 17709 169
88 14 12930 145
88 15 26837 102
88 38 15517 149
88 24 19480 107
88 44 79089 75
88 66 15198 138
88 76 37891 71
88 42 7522 243
88 87 101506 11
88 98 36517 45
88 19 25007 97
88 31 40337 56
88 17 10696 40
88 90 18403 158
88 57 19809 108
88 75 49782 1325
88 80 65924 254
88 49 75342 88
88 84 7959 179
88 20 19571 249
88 89 82350 1060
88 86 29269 191
88 47 12972 201
88 100 16005 47
88 73 22637 948
88 30 33340 26
88 5 138019 14
88 10 13222 1962
88 91 8754 520
88 56 32337 72
88 26 28390 37
88 11 42869 136
88 27 26658 142
88 71 29237 162
88 78 19100 37
88 62 12955 264
88 53 31788 232
88 68 44253 232
88 8 15541 478
88 2 68617 56
77 84 16284 105
59 1 37173 300
89 36 31344 155
95 86 29677 292
11 94 10576 47
9 70 6890 90
41 83 7628 308
85 23 58379 160
37 43 12271 64
4 87 100332 534
56 8 26165 165
40 74 26959 43
70 90 46190 85
77 37 17944 74
13 36 21233 647
95 45 102344 57
72 16 7292 185
23 95 29108 383
8 27 35286 607
52 59 6066 231
52 63 58207 28
29 77 5058 299
99 73 29591 80
39 12 43136 880
93 48 8939 331
79 19 6891 135
6 88 6923 133
6 13 9350 104
83 20 24524 167
66 49 25740 47
53 80 4068 124
26 42 3460 508
87 57 37667 493
10 31 7077 145
44 60 9434 50
23 9 44015 96
78 63 60148 709
55 62 15731 72
55 72 14507 50
20 19 6537 159
22 43 173141 556
73 100 8700 390
11 8 78908 51
57 96 5072 34
72 91 81840 655
87 45 64836 148
95 83 11828 116
98 43 32569 23
87 30 7948 297
56 65 37302 188
54 90 7104 930
27 6 10505 133
21 53 79232 73
63 66 7473 165
73 24 30458 67
27 1 6507 79
74 71 59956 112
75 79 11009 162
64 63 68545 413
8 95 34451 130
100 10 26441 537
64 98 45535 500
46 16 7557 277
30 6 12718 216
18 63 3620 331
8 97 8663 374
67 41 25986 24
52 61 95525 189
70 20 96177 279
89 51 24908 564
69 35 66469 280
47 73 5743 1672
30 89 41108 110
60 20 36148 95
81 16 21707 410
15 16 36835 163
32 26 15275 271
27 35 9624 81
19 58 4511 15
76 87 22143 65
57 93 7260 120
50 10 63540 4
51 91 23853 492
4 23 13607 32
96 31 5161 212
68 19 47833 113
63 22 9349 49
9 16 6878 703
18 38 10716 67
63 68 14259 55
71 100 24348 355
47 34 26528 264
47 59 19249 317
81 49 4153 142
40 1 10030 27
100 83 25377 109
43 60 7258 1300
26 79 6767 91
45 29 1917 408
41 27 3234 95
82 69 25651 156
1 85 5183 358
36 27 78478 578
95 81 9972 418
98 45 45460 24
38 16 31989 69
47 39 5767 335
67 98 164446 53
60 45 23000 60
91 96 25874 104
71 32 4727 107
32 95 42655 58
31 49 50459 35
65 31 21265 251
50 43 101238 186
29 8 36159 179
36 53 8360 48
29 7 24438 58
93 16 35800 562
45 32 27992 113
99 65 20283 183
66 3 13666 55
2 58 31501 66
48 4 17054 2641
1 8 9539 820
52 62 36539 84
98 13 53596 377
36 38 72512 214
35 22 6919 41
44 59 105530 174
35 79 20209 155
99 78 22834 213
72 29 4627 204
34 73 15840 139
92 19 987 55
39 60 8543 87
83 38 23612 61
10 27 17660 140
26 51 3421 214
87 48 19664 484
15 46 25700 30
40 18 39657 267
9 25 15599 402
99 79 6615 578
58 95 8146 72
7 41 21179 71
24 25 176417 1243
73 62 28366 156
66 23 87909 236
86 71 19597 154
54 64 253341 60
46 91 5748 106
15 58 16810 140
57 75 138004 123
23 38 55438 1400
39 32 76034 89
80 39 70724 82
84 78 49933 560
64 93 28089 81
56 51 49563 82
52 35 42260 215
53 65 28021 64
34 71 7024 260
34 19 49251 42
70 39 61561 109
95 82 15926 250
20 18 73744 202
61 95 20751 45
48 68 25049 203
28 8 121511 284
73 21 41813 423
99 45 68021 138
92 91 2726 85
25 57 57467 299
45 88 51298 65
29 65 43722 80
96 27 12199 76
78 85 3873 128
55 49 3519 497
26 41 152124 271
36 74 22713 225
39 18 140794 230
34 8 30730 18
66 1 45329 120
14 7 3318 186
64 48 214715 43
52 20 7998 399
20 43 5760 30
56 1 37409 298
90 32 24469 181
6 17 20583 103
92 42 16121 310
47 35 57051 48
83 35 4321 42
31 74 21499 80
27 23 8934 252
26 12 57907 318
28 84 19877 75
12 39 34799 196
70 98 14704 48
87 50 19875 39
22 97 32056 381
30 59 64766 87
28 41 3119 792
83 45 80914 111
33 88 45083 106
45 91 56418 466
50 33 117684 41
80 86 20364 164
31 12 74874 184
59 11 11500 134
13 86 39471 96
1 89 12664 432
48 6 73817 116
5 59 101558 59
26 45 48493 168
42 8 47033 73
48 81 17135 436
44 87 18982 265
78 65 7657 157
73 78 10585 379
85 73 23428 64
2 40 23738 108
57 44 10801 285
75 83 11593 46
22 5 178103 41
26 25 33828 141
91 48 5684 53
17 18 59194 85
67 99 84726 160
81 59 57750 135
33 28 17788 937
72 1 18252 13
37 79 40049 85
31 45 7097 56
72 60 29431 258
41 91 12545 202
61 62 88275 33
14 91 34354 438
86 82 101069 201
87 41 3543 121
66 18 9732 115
69 45 108719 94
52 97 18568 189
46 41 77763 384
66 75 54859 155
9 61 8226 227
45 86 27144 61
44 26 4992 36
31 10 24457 57
93 60 64638 116
62 21 47026 84
89 100 35411 197
99 3 54322 138
44 3 56884 104
43 55 12404 259
80 28 14570 120
11 12 28802 72
74 78 12554 161
20 1 22214 116
59 90 18498 48
10 97 5819 135
100 85 13986 140
24 28 15260 122
65 7 15944 602
19 4 2369 111
87 22 67972 37
73 99 25606 425
97 55 76873 168
76 36 8164 296
49 80 18080 404
31 18 8644 73
54 37 34074 132
24 66 15728 243
5 10 11716 14
43 17 18595 230
8 76 49760 74
19 54 17551 86
3 62 9006 81
54 81 39525 309
87 82 11061 17
23 83 34778 81
58 36 17976 158
8 98 43639 1118
100 76 35843 123
29 81 406242 80
74 2 69045 335
49 2 5317 39
37 92 14827 587
89 15 58643 158
95 22 5063 52
98 100 29571 159
34 13 6562 145
89 60 24469 497
3 11 33643 232
81 22 62650 70
67 62 15744 207
73 67 8605 84
2 49 5706 32
73 77 3972 214
89 65 67055 20
16 53 10394 662
30 22 56458 312
92 29 212196 119
18 72 5382 483
62 13 68361 428
53 78 9846 786
29 62 40424 1202
19 88 5728 525
13 45 12390 31
80 13 246717 77
50 32 33242 23
20 83 17581 556
41 80 100258 848
21 41 21472 15
2 97 64588 399
14 1 28878 553
72 63 9923 521
92 59 7346 91
11 36 12681 387
81 6 30333 64
26 52 73474 144
13 69 14220 202
6 67 17480 122
3 67 33279 237
3 23 28106 223
13 73 8120 35
79 77 85662 107
91 26 12151 1228
100 44 88012 338
49 53 18323 90
13 27 607572 170
84 98 3731 209
15 98 8057 109
54 24 87657 89
37 63 124638 531
1 5 10362 282
46 92 126047 128
28 67 165068 85
20 58 15719 700
27 16 10532 447
21 81 56570 466
7 92 13591 524
51 75 50328 143
63 26 25159 102
27 99 24242 425
82 34 30656 37
81 10 18491 31
22 50 33073 66
48 91 20810 75
73 51 6236 1108
52 29 11284 29
12 82 16683 58
44 91 100178 157
12 69 18804 123
25 81 47186 648
11 26 36912 247
28 79 28042 117
2 34 10602 198
62 22 12772 131
43 6 14957 80
33 21 21579 607
93 33 51551 654
96 4 30723 475
52 88 87995 665
51 90 33912 197
32 52 256365 126
27 64 22603 120
74 64 8854 122
100 96 41484 113
76 4 16680 198
19 84 21302 120
82 21 24844 83
74 32 16026 79
40 56 160354 159
37 73 113477 62
1 20 55224 382
52 73 2361 29
87 60 21033 1010
1 45 93737 712
89 41 13832 267
61 27 32678 430
29 55 69944 123
100 12 82339 106
53 94 8486 64
26 10 116201 190
57 99 76098 34
40 88 97402 151
54 71 6004 246
67 96 9684 42
65 57 4165 52
26 98 41570 32
93 15 49754 478
15 95 12178 394
35 89 16868 378
73 46 19446 105
13 12 17665 114
5 61 13584 161
48 10 6793 170
84 6 21793 1470
88 1188
73 80
52 90
45 172
91 206
41 665

16717956
