100 499 3 3
45 88 47121 478
45 93 28375 594
45 73 5352 105
45 21 87488 163
45 74 13533 132
45 99 41646 285
45 4 58271 154
45 28 64756 249
45 32 83181 200
45 41 27742 129
45 20 36230 3473
45 91 15876 124
45 39 5115 298
45 31 2069 230
45 15 15117 200
45 7 31371 488
45 61 68576 95
45 10 50007 81
45 94 30213 76
45 87 70907 41
45 36 11072 681
45 85 18970 449
45 75 32374 129
45 37 8403 1264
45 60 6981 661
45 95 17140 123
45 82 2564 115
45 9 5862 47
45 29 51983 201
45 71 9711 154
45 76 17328 128
45 77 56809 76
45 52 6295 982
45 65 10689 446
45 53 24620 260
45 78 19004 200
45 42 35806 84
45 3 19198 346
45 63 3847 51
45 19 27886 201
45 64 29496 155
45 66 25734 118
45 1 27245 393
45 69 4932 582
45 43 7740 83
45 35 9129 50
45 81 62686 366
45 89 33904 445
45 47 13291 57
45 86 12922 88
45 16 4763 86
45 59 14104 158
45 98 36814 243
45 72 20263 25
45 55 31318 75
45 13 23849 340
45 38 150867 40
45 30 7775 454
45 34 150017 112
45 12 99272 169
45 62 13728 17
45 84 12465 272
45 79 9776 214
45 24 115625 253
45 83 12581 190
45 49 70090 282
45 68 30306 181
45 100 9428 268
45 67 11711 85
45 57 10511 487
45 92 24085 87
45 48 11190 327
45 96 98032 109
45 56 137277 671
45 40 25909 182
45 46 8998 137
45 5 199264 762
45 70 6514 58
45 50 28017 739
45 17 10621 223
45 23 40409 39
45 58 51831 114
45 2 10080 202
45 97 54796 94
45 25 11490 135
45 6 8178 590
45 51 22532 52
45 27 48945 34
45 18 10409 26
45 54 2211 108
45 11 24389 3264
45 33 13606 178
45 44 5572 783
45 80 9392 49
45 22 67567 23
45 14 39670 72
45 90 46131 352
45 26 39451 122
45 8 6582 655
50 33 19729 129
12 15 4029 289
52 60 8797 217
41 78 5212 159
93 90 7878 174
38 36 53315 43
99 77 30826 63
26 70 13918 55
23 62 28508 641
83 7 22195 340
54 79 30136 83
93 57 201385 55
81 55 129141 435
67 34 21497 1567
74 91 15229 128
35 18 6077 570
27 66 2444 263
63 43 34983 151
50 22 14946 35
5 84 98593 713
44 82 28198 62
98 80 47295 203
50 44 23086 127
80 19 13455 48
4 33 6159 530
5 81 43372 65
39 58 37974 14
38 34 138547 146
70 74 14198 126
63 91 95524 679
5 100 10268 70
39 42 15519 23
66 21 16786 62
68 25 21610 169
54 95 25706 63
26 1 54422 29
16 27 9076 117
27 83 10431 444
61 49 42078 104
95 15 21647 144
1 64 19717 125
10 25 32949 249
41 63 10862 44
43 54 9499 151
97 16 22175 46
90 36 26002 1072
79 77 37110 264
11 24 45756 72
61 68 61012 245
17 1 17608 120
80 82 19452 356
68 82 30061 57
30 6 10232 181
28 41 15090 85
15 28 7459 77
56 51 18751 137
24 87 93554 165
15 81 104128 85
81 33 24529 35
70 76 67487 285
49 7 4519 53
91 38 17661 77
43 48 24000 130
75 38 49229 116
70 82 8498 323
75 65 21222 95
80 79 50184 78
71 81 18690 308
37 71 10269 57
82 83 29600 78
32 79 9540 537
47 42 66329 44
23 87 22638 273
88 72 4285 37
46 47 65677 370
72 100 28782 24
41 74 3403 115
79 76 108983 34
48 27 27483 426
9 67 22775 165
64 26 17844 18
85 100 15492 157
33 70 13383 104
91 13 77089 134
62 58 8517 102
50 15 45448 151
53 15 16799 205
42 95 19578 392
35 4 67257 46
17 99 13179 1041
85 22 22126 237
42 43 13066 1113
94 36 23290 199
70 16 32507 346
86 45 26199 288
37 3 38989 81
20 14 1945 311
3 65 41909 48
72 30 1420 76
71 42 14468 34
51 25 60261 119
48 2 7686 61
56 21 115989 394
69 77 59314 65
60 56 13180 174
96 40 31192 361
43 19 28050 430
64 78 9021 669
60 21 20986 26
98 54 39874 121
30 25 81584 333
35 84 30250 65
74 77 12266 169
65 88 48025 288
35 56 13882 50
58 39 21209 292
90 84 41914 112
66 53 6910 238
91 3 4408 1040
10 13 7077 19
39 65 1608 45
59 18 29409 277
43 22 20366 196
73 80 15906 708
84 23 41452 248
99 72 85141 78
59 3 18518 1971
55 75 9997 489
6 19 29636 184
93 73 26571 101
60 30 40190 375
96 73 20496 176
38 63 21508 117
83 63 28289 10
52 98 54472 145
34 92 20566 88
28 99 8444 219
94 58 80408 86
16 32 78033 59
99 11 127090 81
29 68 56482 418
17 83 7778 367
64 27 11274 46
8 82 9390 96
16 77 41558 172
89 54 10209 71
20 40 17742 37
46 74 1379 206
89 73 28071 56
76 92 10754 685
11 29 63587 77
11 98 23661 46
83 18 32031 50
61 74 26928 96
91 18 29650 27
5 53 16042 74
27 18 37319 42
99 50 23440 116
62 42 92075 123
7 9 9057 49
70 91 81034 298
49 27 15645 1099
29 15 36565 378
40 44 24205 181
89 46 16481 102
34 32 29097 126
39 53 22254 245
48 39 11448 417
26 35 21920 307
93 56 19558 77
1 39 5283 499
5 1 21238 15
7 78 8133 522
24 90 44057 133
30 92 39789 421
48 43 11058 77
93 13 7843 201
83 54 1579 160
8 40 49976 176
85 32 19485 34
79 97 30538 211
8 76 22246 652
74 85 6399 48
78 60 22242 102
98 95 29944 136
14 19 27549 347
7 2 41746 36
60 22 6997 212
75 76 19679 221
59 43 24560 43
48 41 22544 252
81 56 19239 304
61 31 94778 19
61 38 27071 3540
72 80 60236 65
13 22 15148 161
44 75 17377 39
28 42 43645 51
91 87 32278 22
38 91 84459 129
4 30 37212 908
46 34 12486 179
37 76 6005 61
95 58 8933 72
47 12 26412 138
68 56 6382 243
56 99 25105 486
55 34 127086 98
68 65 9290 193
18 17 1858 106
43 49 67761 483
8 22 45074 234
97 72 16762 1216
18 38 27420 99
58 81 17894 46
83 10 28432 56
97 13 5670 855
69 97 16751 147
57 33 24094 299
84 7 26664 236
70 85 15671 171
74 53 57109 234
35 61 3191 10
59 19 3371 195
82 38 24161 114
22 53 28897 968
48 17 11253 448
60 14 37885 78
94 38 15000 78
82 18 16163 277
12 73 5849 54
59 99 18092 52
99 29 33344 1137
33 89 20095 444
83 99 15638 308
98 89 55135 213
59 23 27791 174
54 81 3064 37
97 91 85508 109
31 45 75351 231
30 75 22353 988
24 32 50726 51
23 32 12179 91
94 76 11810 544
10 56 71032 32
85 70 100923 215
98 22 7126 240
57 25 13717 161
83 36 8102 45
44 22 25954 222
70 75 10994 105
25 83 79734 203
54 24 31119 210
47 72 3010 53
39 3 52881 19
69 62 82320 74
11 20 61777 394
88 92 29697 1648
13 14 65412 10
57 22 114470 348
66 6 13527 89
32 58 25683 182
70 44 64680 152
92 42 8279 1164
9 20 17372 76
74 31 12630 690
39 94 8058 99
6 37 10171 171
87 68 16452 324
2 63 19499 32
21 7 11940 76
76 65 25328 324
6 50 9734 340
41 7 41884 423
57 98 41226 100
36 84 68203 50
87 65 14773 106
77 31 17229 143
9 48 22160 32
26 2 19381 150
61 70 17088 445
12 70 9034 174
100 37 40992 165
51 55 3372 20
1 10 67121 41
69 53 9765 138
59 31 184562 39
10 7 21756 36
19 56 3545 1191
7 14 27084 38
83 12 18939 65
32 78 20569 221
36 80 5641 321
68 26 9556 98
18 80 26557 50
29 80 25734 33
81 17 34588 102
52 14 7582 190
34 91 41585 387
43 86 45815 131
16 55 49167 61
19 40 207125 100
69 9 5116 214
53 47 34570 47
12 61 4375 45
97 64 37660 410
65 61 5343 42
64 12 11765 51
25 22 17166 173
20 37 66377 38
69 95 84731 51
1 30 13829 112
34 71 12435 70
94 95 23001 298
100 11 36713 19
11 31 20615 551
74 68 8509 1038
61 60 74427 14
72 52 42114 238
75 59 21694 123
2 36 9042 604
36 7 42377 82
66 16 7261 235
1 12 6246 65
32 34 27532 86
89 12 27956 53
46 45 40259 156
60 29 25186 76
9 75 9032 150
2 59 12988 207
43 3 66273 78
11 33 9380 58
73 22 60007 51
48 90 51444 54
79 54 4275 378
60 23 10117 60
96 62 39339 188
14 70 25212 98
14 64 13519 216
80 22 42966 360
23 61 146658 61
44 26 146697 158
36 41 72963 847
37 47 7270 180
86 77 8503 28
23 84 42955 87
20 72 5511 115
22 93 74768 152
44 68 7218 74
12 99 12255 25
55 78 18776 78
18 29 28835 218
4 34 88462 315
39 4 9812 291
51 91 20474 163
19 60 69272 208
99 17 31902 52
20 4 48270 180
34 51 13389 1395
46 75 23052 168
30 99 9820 198
84 20 41283 36
49 95 29361 64
72 36 22092 97
21 47 57382 163
84 30 29168 356
81 27 55450 61
64 62 6683 98
55 84 17259 749
82 46 5519 56
54 67 17177 391
75 17 12688 24
43 52 12578 238
65 89 317715 487
55 58 46597 123
24 31 10722 50
30 53 146955 57
24 54 10205 33
65 31 71838 100
40 68 34137 119
30 54 34432 98
62 17 25594 358
33 76 112392 473
42 94 35651 3679
42 9 10719 125
2 58 22332 650
60 19 25275 529
88 90 23339 336
79 72 52615 201
2 28 63410 241
8 17 5311 130
7 74 60566 47
51 20 28599 185
70 90 20786 171
93 70 25227 85
29 21 53002 138
60 94 26821 94
83 39 10437 116
25 74 9368 15
76 82 412240 276
45 1881
83 117
70 36
22 687
99 111
91 396

31654852
