100 499 3 3
80 55 19544 254
80 25 16816 116
80 70 53752 110
80 10 17959 123
80 66 8868 45
80 44 40194 132
80 39 29654 42
80 100 52261 611
80 17 38668 134
80 73 10373 594
80 79 21084 263
80 67 12064 436
80 89 14399 75
80 40 114722 167
80 13 21495 509
80 71 16769 402
80 12 11844 49
80 97 55367 289
80 26 10668 930
80 7 26591 199
80 18 105249 89
80 34 5678 56
80 47 45748 213
80 84 62242 47
80 35 95266 71
80 36 190576 40
80 43 110224 275
80 49 1870 23
80 87 71211 174
80 42 42586 499
80 8 76688 679
80 65 5571 189
80 3 63566 53
80 30 47128 706
80 62 220828 242
80 83 9777 106
80 92 109270 191
80 46 18072 34
80 95 43568 236
80 27 34740 123
80 6 18105 42
80 91 28276 1334
80 52 16284 421
80 98 71767 246
80 22 11514 1537
80 77 26039 53
80 64 67705 195
80 51 74128 194
80 24 116770 419
80 88 3414 357
80 20 6867 639
80 2 6690 409
80 14 50262 78
80 58 8027 128
80 59 27602 32
80 76 7497 351
80 94 40343 171
80 53 17724 33
80 4 16297 203
80 1 84284 122
80 74 15484 574
80 41 26646 631
80 69 34654 148
80 29 9546 467
80 75 53895 32
80 37 44595 1083
80 16 38878 213
80 54 4551 795
80 56 24159 48
80 50 20762 135
80 33 12978 96
80 19 18084 146
80 81 82414 80
80 57 139404 294
80 21 4146 123
80 60 17394 849
80 48 26477 150
80 9 22460 169
80 23 23199 56
80 72 20956 75
80 82 24191 37
80 68 49496 216
80 78 15453 10
80 15 61839 540
80 31 26233 182
80 63 77251 274
80 38 40484 412
80 99 15912 51
80 61 54727 137
80 5 51333 39
80 86 102812 253
80 28 13117 230
80 93 35518 30
80 32 23570 27
80 90 16557 198
80 96 7387 21
80 85 46179 40
80 45 14358 145
80 11 25066 60
87 68 792 152
78 75 37532 135
44 40 23911 77
65 12 14432 346
50 42 6043 58
26 2 74261 184
82 68 9271 105
50 41 23566 61
14 88 18752 431
95 55 12796 166
74 66 11910 26
95 66 56463 131
62 86 15454 64
8 78 92199 73
96 52 34359 101
61 6 53847 332
83 51 38898 81
13 44 40287 227
62 85 3444 116
14 67 39815 152
100 92 54365 176
77 29 4955 95
21 51 26946 113
5 81 28605 176
99 1 3439 283
88 60 38401 68
90 88 61630 197
20 59 105482 145
75 100 4678 85
43 53 112958 100
46 22 26642 106
53 41 11070 64
52 61 9695 523
41 71 1823 285
43 31 30385 158
53 62 61295 275
79 3 102602 149
57 75 63270 22
40 34 27747 151
42 56 95690 46
9 55 13376 357
48 46 26054 189
51 56 6185 82
9 65 28978 52
23 56 93529 503
65 87 136565 542
69 71 12282 55
20 19 37756 1425
23 64 52892 440
19 34 29582 168
71 41 28657 82
79 47 20202 117
74 61 7352 1214
42 95 59608 366
76 42 77465 517
54 5 31437 501
35 1 22489 284
5 38 77223 358
3 57 112139 353
79 22 47614 98
38 1 82199 154
88 12 22579 1019
82 87 27826 338
93 85 6039 72
43 44 26579 129
46 42 32967 136
56 88 12862 217
34 32 5001 182
78 13 24798 155
79 48 25775 74
90 25 36625 234
55 52 29065 52
15 69 25975 348
60 38 20486 132
6 22 13749 115
14 40 8263 64
55 58 41927 392
27 48 9523 48
10 19 7582 124
89 84 51394 46
15 94 27133 960
40 50 43843 107
47 41 20827 67
30 37 12388 63
47 76 17589 60
99 75 11388 103
30 22 7903 257
10 41 52407 174
74 31 91330 624
16 20 12181 149
85 74 17448 346
98 73 13344 403
93 92 18340 132
3 29 29635 229
100 88 56170 89
57 48 27958 201
75 51 23480 336
77 51 10447 63
28 91 18527 62
84 49 26691 318
62 68 14457 42
2 100 30226 51
7 55 8669 107
96 58 17067 67
47 40 6246 368
28 44 5629 92
84 32 16639 344
74 42 7348 44
40 48 8131 142
7 84 63938 253
67 35 79165 200
43 35 5679 138
34 25 6490 360
4 52 50073 43
28 41 17130 143
49 4 11216 390
77 53 6783 81
54 67 23465 361
10 48 12855 130
22 47 29894 98
68 70 29118 90
45 3 20165 317
70 9 7730 721
11 100 16953 194
11 95 8675 66
42 59 23628 119
46 33 67406 254
69 87 15886 111
23 2 24555 132
23 48 12877 184
21 2 30908 93
16 70 37144 30
48 1 11068 143
94 57 125631 110
58 86 13184 230
21 79 134788 54
64 25 11813 32
23 36 61549 101
51 97 8671 41
55 96 17139 302
77 72 34006 21
9 63 9447 111
26 51 6564 58
81 63 18279 69
96 39 284829 179
20 76 11590 193
95 24 173634 269
25 92 10353 106
18 42 25861 79
12 37 7652 170
18 38 11408 101
75 45 7394 755
67 86 10367 145
33 50 162278 592
12 17 794766 50
63 57 10669 166
51 53 2717 65
4 57 17422 378
22 68 15352 587
48 79 317318 94
3 73 64756 95
68 40 12388 436
27 22 49107 240
58 41 41983 37
70 40 50156 110
56 51 89183 357
43 7 43196 293
78 3 17949 221
36 4 28283 138
18 30 39156 834
69 14 14986 490
94 29 69442 348
96 3 87091 170
12 23 73145 2883
33 88 42552 87
21 84 62055 224
74 89 13214 1259
17 10 15323 101
16 62 2228 74
84 64 72007 55
89 41 60578 546
71 31 227165 409
4 9 16804 219
53 74 10787 233
83 62 32518 212
97 98 4475 67
68 31 43940 111
19 21 20229 70
24 18 8444 38
28 77 6857 100
61 89 9284 275
48 87 39020 137
30 51 15647 99
61 99 8929 405
72 3 156977 295
29 13 2303 525
32 45 25339 209
53 43 21006 398
82 53 12201 317
38 14 17956 151
2 98 12483 106
13 83 20822 1246
68 18 55259 163
43 22 21731 707
76 37 8466 443
4 86 26438 253
81 39 12274 123
64 49 9362 59
87 64 725773 12
90 55 4278 386
18 82 8281 178
65 100 21377 467
50 71 64838 137
52 31 26553 118
98 45 73109 914
54 60 7738 18
47 72 22437 115
1 28 15246 211
3 33 20920 149
9 82 6175 126
19 95 27388 933
12 92 3754 130
21 8 8794 79
87 25 23213 64
76 38 90572 608
68 85 73734 17
55 75 21003 119
6 55 7402 93
58 3 22595 21
24 29 15025 156
32 2 5861 179
22 56 15849 440
43 67 29142 118
54 58 65998 67
98 81 33728 115
59 66 24956 523
61 51 44674 710
10 24 45645 13
63 77 82459 78
55 61 16701 29
48 77 24255 408
81 98 82621 221
44 62 72977 151
11 77 19713 208
67 47 41858 767
26 32 50700 68
66 25 1733 122
84 59 13962 282
63 66 27991 60
42 87 21390 79
7 42 31924 481
86 74 16952 1044
4 37 39509 85
2 7 26157 175
38 41 11158 414
36 17 12036 899
97 48 4058 112
9 5 8324 284
22 25 7004 307
34 50 8063 96
89 38 27584 67
62 92 8985 281
72 67 23208 225
27 51 7602 35
79 62 16912 16
49 94 13205 38
69 92 4970 8
6 11 8071 14
19 78 37364 248
90 24 49608 1053
75 49 8934 193
56 78 10701 28
89 4 287004 673
29 69 150108 257
20 78 132848 397
33 53 81176 29
87 13 33995 473
71 20 11609 691
90 36 62915 176
72 79 10541 20
27 46 17748 161
74 26 196228 19
79 92 55179 147
11 78 12054 319
78 97 22000 35
95 41 13085 197
61 5 21612 27
58 23 20167 216
72 76 49308 63
79 85 73958 147
1 6 5210 114
67 43 4322 76
29 21 15613 392
1 10 36285 48
40 18 6966 259
31 78 46158 129
14 75 3880 242
40 22 66643 291
14 72 46682 29
83 31 44346 440
15 28 64958 83
30 38 20970 441
66 81 7941 103
58 89 5117 139
78 79 27442 995
49 35 124090 133
32 74 7133 79
17 97 19699 2016
18 49 3151 28
49 53 3584 211
39 45 2684 222
10 18 44754 86
62 91 24153 99
15 56 30509 473
35 71 7248 660
36 40 12544 138
43 77 100415 143
71 30 116944 95
56 69 82981 44
94 83 6524 32
56 70 2399 197
40 100 6660 30
89 73 4957 27
39 15 94842 658
9 88 33226 223
40 62 14637 174
21 52 25568 198
77 13 11494 886
12 10 11325 143
52 83 6584 288
21 14 2145 157
63 50 12389 29
32 75 18100 81
24 70 22699 233
40 95 29109 180
40 21 83174 105
72 90 37066 189
98 31 26274 364
13 95 7439 573
45 89 17408 80
48 9 92338 45
69 17 10840 134
61 76 9179 394
54 76 43329 25
55 100 115717 23
93 57 29354 129
76 17 38955 140
15 9 122088 69
25 36 24538 345
21 91 7605 330
36 5 8251 440
98 53 101970 101
45 69 6671 119
29 84 19318 354
31 73 12312 1068
33 95 17575 56
52 73 20861 278
11 43 36694 72
82 1 54626 415
59 63 85531 101
8 15 59868 141
65 25 33291 229
63 65 4329 279
40 6 27924 158
61 39 15784 301
88 91 14959 376
30 27 9978 575
67 74 29373 56
36 86 9085 182
1 72 179847 127
52 79 64452 101
8 34 2998 77
66 17 14914 62
19 62 21456 555
23 98 70557 233
13 92 21107 593
1 35 62011 537
98 77 25099 119
40 61 7475 2524
12 51 9348 167
21 97 10604 316
72 89 131663 109
30 41 1568 41
6 95 23193 106
42 37 9639 293
12 22 14549 40
75 4 16774 65
78 36 36281 69
56 5 27446 39
55 99 45124 86
87 16 15638 149
36 96 23936 408
98 37 9860 294
69 81 65308 74
54 90 25821 245
84 16 25495 321
98 84 15425 53
61 59 8593 133
54 87 16200 199
92 7 5846 48
80 693
40 22
21 162
41 67
51 97
92 278

9747032
