100 499 3 3
57 94 42807 34
57 82 10439 56
57 38 13637 70
57 44 15128 377
57 51 129802 165
57 10 5147 654
57 83 29334 128
57 18 5858 50
57 71 33834 15
57 9 38178 86
57 64 15572 9
57 27 34623 888
57 29 24613 146
57 40 11750 72
57 22 8514 162
57 79 33304 176
57 66 42683 148
57 6 7962 346
57 52 21453 34
57 68 5598 57
57 98 1954 66
57 95 60680 80
57 21 52445 41
57 72 26102 42
57 54 131734 381
57 16 23270 180
57 69 38387 30
57 70 10716 248
57 90 39438 93
57 80 20600 117
57 30 3509 100
57 32 5299 477
57 4 23454 57
57 76 9868 1189
57 49 51398 176
57 15 17903 567
57 8 1835 205
57 62 41670 347
57 28 7187 297
57 77 61701 107
57 58 8687 217
57 31 46761 159
57 89 16150 87
57 63 3787 96
57 45 7752 340
57 99 6265 158
57 84 30556 209
57 37 10380 367
57 88 18495 112
57 56 31958 82
57 33 40229 247
57 96 48941 72
57 65 7033 396
57 19 30138 912
57 87 50998 1349
57 7 26118 125
57 5 5148 73
57 26 11572 363
57 25 15597 342
57 24 10165 163
57 13 13181 48
57 97 22605 440
57 36 6474 80
57 60 39485 60
57 43 16517 208
57 67 84350 172
57 17 106351 590
57 1 19260 117
57 34 22261 119
57 59 19905 265
57 78 28171 103
57 61 19570 783
57 12 45717 190
57 14 11650 641
57 74 27246 30
57 100 25403 493
57 75 3774 76
57 47 47458 85
57 39 18490 79
57 35 23454 320
57 11 12192 105
57 81 13825 270
57 53 91690 365
57 41 45407 102
57 50 30153 72
57 93 151180 58
57 23 7656 487
57 55 12955 233
57 46 27446 72
57 3 22060 97
57 86 24968 225
57 2 10020 110
57 42 6019 30
57 20 11646 139
57 85 109881 375
57 48 15158 206
57 92 19956 159
57 91 14798 234
57 73 11133 516
67 78 36183 249
78 70 14068 152
24 5 14507 675
62 21 7672 3283
22 16 13078 36
79 30 61812 56
42 26 21360 118
31 26 26167 131
47 45 20996 753
62 100 19915 114
93 14 28021 1102
50 89 154539 72
89 65 18584 295
77 53 21409 92
55 8 40969 155
15 21 125284 352
49 11 183271 106
67 39 52808 135
15 26 44461 102
14 97 24776 1067
75 1 7020 63
9 25 32980 91
53 27 204026 590
12 43 10737 162
2 90 2371 138
20 78 16088 367
51 86 35297 263
4 92 58788 29
31 20 55192 34
96 65 25562 129
55 10 9026 78
42 15 9461 629
10 31 33264 279
5 64 19861 77
73 23 12285 71
7 43 154483 277
46 87 11170 50
87 13 22183 80
29 27 19874 174
84 12 26743 539
48 58 40848 131
6 4 48569 76
8 92 53220 608
48 9 8869 110
65 24 4876 108
21 62 12711 21
8 35 11366 99
1 88 25043 999
70 88 6021 42
45 66 8239 76
59 61 28787 157
35 66 2640 158
31 47 24438 15
54 33 36480 1197
90 66 26274 41
36 74 26901 181
96 76 42737 18
16 36 6689 110
78 1 205629 60
31 41 175027 335
65 57 58134 337
90 86 61017 197
12 54 340303 37
48 90 104894 91
47 97 310790 371
28 17 4932 184
40 7 9846 38
66 4 62278 167
98 83 13634 146
87 60 59373 69
1 100 24809 35
8 100 9252 217
18 38 12752 32
23 45 13568 432
61 86 4793 57
54 63 8714 86
85 12 9890 647
18 43 47024 259
92 60 41022 426
38 55 6800 97
43 17 42777 44
7 73 39356 128
38 44 3173 66
99 76 5826 115
69 83 14653 53
32 98 65032 454
38 9 10959 123
48 100 25333 88
95 40 35479 266
89 86 27942 79
6 51 54789 224
34 99 38764 116
28 99 49418 472
89 9 23810 296
41 59 59393 383
56 90 27184 94
11 27 8453 99
33 66 7462 169
93 92 55291 457
78 55 106076 183
49 19 21926 112
2 54 33300 368
3 66 51338 84
43 47 1485 233
68 96 17646 78
71 62 71379 112
35 9 9114 107
49 76 50018 58
21 78 17914 1081
26 63 5497 74
46 65 10086 168
64 54 4467 515
54 19 14277 85
43 51 9803 218
46 45 18982 163
82 73 3884 53
32 28 23003 115
72 77 41156 103
25 37 19827 221
70 20 52944 145
65 84 84346 131
28 11 18223 56
49 42 6770 204
31 17 30397 266
38 69 12997 143
65 13 43044 255
78 18 42275 48
68 78 6786 380
72 37 199477 53
8 5 62124 1035
56 91 23321 36
34 60 50104 141
26 82 21757 77
34 8 20813 216
60 4 10855 97
23 6 117493 80
56 31 9947 403
1 38 7154 135
28 63 10251 1267
36 51 29819 48
59 100 118934 113
93 57 65141 1373
28 56 36569 137
36 61 47364 46
89 6 23333 121
83 94 16755 111
90 30 27451 107
99 42 10455 472
51 71 36544 1988
41 64 28157 79
93 40 78321 95
45 68 10165 105
32 7 25551 110
53 4 29603 444
2 81 4852 160
47 36 22125 64
75 10 6439 62
83 80 13613 106
92 57 89819 68
97 73 108983 109
19 56 11086 50
93 43 18172 572
44 70 24518 29
77 22 19778 360
100 55 17504 213
94 95 33464 146
32 60 45692 171
29 3 61190 34
53 50 73201 253
80 61 62050 568
35 79 12562 147
91 56 24539 307
7 1 53290 289
11 12 67810 70
30 77 8879 334
77 80 16334 188
18 45 3504 582
98 17 34489 61
93 74 19240 32
27 64 4741 200
86 16 60762 53
19 99 40533 635
53 72 19901 215
80 34 24002 540
28 38 59064 89
86 34 50791 93
70 5 8481 141
52 2 38499 445
9 34 33448 150
77 100 21032 158
40 52 23363 986
35 2 44288 412
12 27 11255 232
5 47 35875 685
5 36 5792 695
89 22 41429 90
31 21 9396 50
7 88 8480 83
23 79 93031 272
55 77 12484 16
78 29 34219 109
41 72 52724 174
93 94 13881 76
34 3 16239 125
86 88 53027 702
100 17 8916 136
92 43 12134 469
35 88 2389 1049
59 86 71035 41
3 81 19118 194
14 5 34771 262
93 15 7998 131
59 78 37716 52
67 87 29017 222
68 16 3974 216
74 13 5365 82
84 78 12989 56
88 34 18768 94
94 25 18526 175
42 8 68871 242
14 89 84139 224
60 48 31825 71
22 12 35885 148
82 63 29230 27
3 91 28263 382
77 82 99605 140
45 96 17611 123
86 62 33463 97
9 33 16001 176
100 54 73203 154
45 34 12363 55
68 88 11129 62
100 29 13785 86
54 80 34618 91
65 23 13059 236
91 38 7616 182
8 18 17915 100
16 41 23832 75
60 91 2235 90
30 9 81656 81
62 40 5625 57
71 30 15886 204
7 63 10600 70
69 91 18633 107
66 88 3894 144
78 63 52135 102
73 40 20399 16
92 100 30088 121
70 36 30052 44
99 68 35821 8
83 100 26327 905
34 47 33599 43
46 17 29938 71
90 88 14325 147
24 15 33802 517
62 97 10081 18
6 95 22188 40
52 90 54602 72
69 100 12936 2667
29 59 23981 140
40 80 15669 411
76 54 16555 74
15 49 49343 39
43 48 8792 381
65 30 335942 99
53 40 11305 545
80 62 25342 87
36 69 22354 86
83 79 40000 2365
80 56 13716 73
73 45 28169 566
71 18 3418 57
23 65 4323 39
62 23 11079 809
13 17 18460 82
69 9 7576 327
97 18 15595 923
39 6 8923 94
1 16 9361 222
7 99 11805 806
21 96 8172 153
9 54 93528 210
64 89 31003 122
10 53 14766 159
31 64 65449 221
30 56 28449 1154
2 84 6912 132
5 68 115116 66
25 7 232911 250
44 76 20491 124
17 18 6154 33
3 41 28515 293
89 99 47870 213
98 38 21969 52
87 88 26905 192
7 94 3753 98
67 81 21231 99
46 33 19858 52
35 75 15803 103
81 55 214736 75
8 59 17982 144
79 36 127216 79
19 77 92953 605
30 88 39336 414
12 30 64037 131
23 59 126314 285
75 36 29420 124
66 35 3951 818
17 71 103488 470
72 90 11650 94
98 72 31174 807
79 49 1012 60
21 75 28761 142
59 74 32405 345
25 39 23567 458
66 93 2394 80
35 63 17312 318
80 78 30248 511
10 38 5330 56
67 60 3004 97
67 92 55452 143
55 23 10574 47
29 40 17212 457
74 54 6895 204
5 95 12580 114
8 32 15486 45
44 69 63052 79
72 26 6632 21
91 45 19670 80
68 85 25413 42
53 10 12934 154
8 25 8091 206
76 59 14109 939
12 1 8184 100
80 2 77226 260
78 9 19405 29
53 56 10718 114
63 73 41139 98
45 43 118003 521
70 40 23164 769
37 88 11276 210
64 99 16105 122
17 34 13420 79
65 79 36664 733
76 30 53179 86
56 61 19154 138
88 41 3436 223
60 56 147623 67
28 69 17252 88
4 8 11551 480
7 27 47483 57
14 61 45941 1294
42 86 54371 225
7 37 15275 104
26 50 25675 280
22 14 33994 115
67 49 21845 898
98 24 15016 126
66 24 9663 518
79 23 20993 259
36 15 7979 215
67 82 25008 140
1 44 34673 185
90 58 48141 105
7 48 79079 62
67 2 121376 549
96 37 41746 656
37 83 21708 194
37 1 12340 74
86 44 13491 156
84 32 22598 542
94 90 6866 55
72 62 12137 312
64 55 11205 119
13 23 7611 726
13 2 2597 76
87 75 64887 183
62 30 11805 67
95 79 18628 352
68 62 11858 76
10 11 14370 429
50 75 43414 28
73 51 17749 114
74 73 20458 27
66 94 7158 78
75 54 10913 574
60 34 18708 1313
54 38 6491 271
64 49 49615 103
44 89 14326 309
61 52 66819 213
81 94 5580 307
63 28 14652 364
67 12 8541 293
4 77 98715 84
46 40 17858 364
99 24 15115 358
3 77 19793 48
28 48 16759 178
13 43 22446 143
57 396
67 60
7 50
88 110
100 59
54 156

5186129
