100 499 3 3
23 69 4985 78
23 24 50573 605
23 50 3761 66
23 79 8329 312
23 63 18706 1694
23 1 46797 57
23 7 49769 556
23 90 22412 401
23 65 21793 59
23 8 487006 109
23 68 62084 60
23 48 8673 409
23 93 65700 9
23 47 137607 369
23 80 35128 154
23 87 58609 61
23 72 5874 646
23 19 16175 82
23 17 38460 81
23 3 12258 63
23 14 7050 73
23 43 1966 114
23 83 4004 17
23 89 42699 674
23 36 17426 179
23 13 9504 19
23 6 122597 385
23 11 3237 392
23 56 18804 84
23 70 7673 111
23 59 17470 623
23 22 42307 3
23 76 1209 55
23 86 4568 263
23 31 56999 43
23 28 41786 457
23 20 47317 257
23 38 10877 62
23 92 32065 123
23 2 185345 177
23 98 38720 207
23 96 11882 95
23 4 2091 483
23 32 5160 96
23 30 6706 131
23 74 10049 202
23 52 89357 498
23 41 21535 132
23 91 20600 50
23 46 56150 127
23 84 20325 523
23 75 66699 127
23 44 102659 662
23 64 5585 251
23 26 3504 110
23 42 5904 38
23 73 6783 299
23 5 21636 144
23 67 93336 226
23 37 6713 69
23 95 174595 106
23 25 44180 1397
23 66 23696 97
23 15 17457 113
23 21 11914 195
23 100 10862 78
23 35 7633 83
23 97 13652 35
23 78 33646 140
23 62 10107 81
23 54 15790 413
23 57 4535 17
23 40 7951 914
23 45 38422 165
23 94 2931 14
23 55 24053 65
23 58 9169 108
23 16 17810 38
23 49 10517 77
23 9 7700 1147
23 71 18187 520
23 53 6690 221
23 99 52090 76
23 39 203780 144
23 60 7541 526
23 34 70212 28
23 12 22745 206
23 27 22469 24
23 77 58414 20
23 29 11023 357
23 18 30595 205
23 85 8170 570
23 33 5309 82
23 10 74921 1712
23 51 168498 42
23 88 5834 154
23 81 33898 84
23 82 8875 185
23 61 11004 337
59 50 37945 39
82 79 20993 187
35 62 8442 336
22 60 41172 61
100 16 46415 89
31 14 2232 85
36 62 10284 157
75 17 27982 400
95 22 9681 58
34 66 18823 48
78 93 15293 288
41 31 61250 86
46 93 25925 66
11 1 147370 502
67 4 107421 119
28 42 23112 69
21 90 17489 1138
2 94 26195 190
17 30 9272 908
36 2 20794 182
71 29 179608 139
65 38 18256 133
48 33 127798 157
79 32 3560 83
76 56 32727 111
74 19 8505 36
87 96 119194 60
57 75 51325 63
89 6 157872 82
24 77 68138 333
67 36 138617 97
58 56 74722 16
92 11 37481 123
6 20 57735 271
11 87 7436 132
51 73 22782 98
94 82 8307 1179
53 69 74405 170
81 89 49390 272
59 23 94495 50
26 87 32059 202
34 60 94210 1172
71 74 12709 83
100 80 21613 20
36 16 28449 61
48 72 29424 91
8 88 5297 104
16 89 47609 66
4 84 42732 629
11 22 14163 108
66 96 2696 1296
10 28 122415 162
16 40 18145 25
89 23 81356 4493
38 70 24682 176
71 18 23363 19
36 56 28437 105
25 62 14967 194
35 87 39932 80
33 97 3687 227
92 22 12124 854
29 44 6801 90
29 100 24469 158
90 10 8170 111
41 43 30730 237
44 37 12641 53
5 10 16728 99
67 22 16060 23
68 12 19606 772
16 31 16642 123
36 15 39706 146
8 31 11534 152
12 22 59533 46
29 24 197035 71
32 28 18242 266
67 86 3918 132
79 13 220181 55
94 18 10307 189
100 97 58630 194
94 64 41197 115
58 61 13966 150
48 46 14610 163
38 1 151999 50
10 45 18750 549
65 18 16588 71
75 84 26247 138
94 41 29409 234
81 59 130712 2133
59 76 21934 208
4 69 48243 808
55 57 72769 216
45 21 119778 11
47 5 140138 70
61 35 21674 82
53 81 23029 290
29 55 14171 683
21 39 13637 103
79 24 9920 124
80 58 9620 313
2 60 19602 48
40 95 18612 68
4 11 9573 597
1 63 10490 379
39 11 43016 333
68 48 34347 116
87 71 11754 104
81 32 6725 548
13 91 63540 85
78 9 31816 142
46 72 2484 142
93 26 3578 250
43 47 154944 195
36 40 8433 55
96 56 20424 289
97 89 59100 82
28 16 16051 675
51 47 8864 77
48 88 3215 18
7 67 54118 578
11 7 9904 445
86 73 154645 765
91 65 3512 30
34 78 34422 1866
18 89 130936 176
78 68 8705 45
94 43 19012 69
3 1 20365 44
79 75 11237 82
34 28 70390 414
64 72 18936 158
18 88 50175 521
85 84 9838 17
93 45 8623 124
38 57 66459 71
6 43 66359 285
77 91 23568 339
5 30 7133 175
3 78 16097 287
22 12 20722 677
27 49 64448 171
37 32 9414 59
83 53 24582 268
28 19 57731 182
13 94 25235 223
38 47 52010 24
58 31 6371 103
83 20 33054 499
63 38 59214 372
37 97 52249 2408
49 98 60838 164
32 85 25293 93
1 20 42755 85
64 40 15067 93
41 37 61928 33
17 19 9388 268
17 34 2951 204
77 16 88854 152
48 43 6044 190
28 59 52866 673
78 34 217704 130
98 31 8791 140
22 7 9625 293
25 74 14758 745
78 63 26850 148
93 20 14046 156
38 73 35934 366
63 6 3410 439
54 56 40219 142
68 50 103774 45
77 38 7797 176
38 54 41976 125
29 32 22137 281
27 67 210393 271
41 18 3126 138
28 7 6813 70
60 74 63595 421
71 75 23471 77
32 46 36268 434
22 25 52354 861
58 32 31093 22
96 52 15349 261
8 23 100069 673
46 30 19227 204
74 25 27514 69
88 75 11798 2458
47 26 25265 197
64 44 8321 121
95 62 51049 260
87 34 17292 178
10 27 11395 79
74 51 133457 767
62 99 9741 101
55 37 46585 290
55 23 129519 26
77 72 74452 143
64 77 14571 292
88 62 30995 146
1 55 102601 136
99 58 7322 267
14 82 4417 93
92 53 76809 86
61 86 60717 787
72 98 22120 94
89 87 26772 786
53 95 26927 287
97 65 92835 143
42 70 10127 605
19 70 51414 40
53 61 45520 151
55 80 18578 265
24 4 17893 336
14 49 16691 30
89 86 17147 63
49 58 14546 128
52 36 13188 37
35 10 42904 168
6 38 6681 531
67 40 83961 255
74 14 6820 601
80 26 3942 162
95 74 76683 169
72 60 28442 127
10 38 19902 86
99 75 10768 71
36 35 107563 17
75 70 119003 254
42 18 19360 58
6 21 37244 54
38 33 24886 16
53 38 4504 192
60 62 35853 169
52 58 53269 145
39 6 14061 64
90 49 112670 150
40 64 9622 35
98 42 117661 297
81 2 27600 46
44 48 20926 475
42 11 6278 380
48 99 18646 45
75 98 12801 707
11 49 32371 243
4 3 19219 92
57 69 10285 229
67 74 26767 213
48 81 47844 194
6 15 19966 167
18 40 24636 281
14 57 40714 22
100 59 12932 255
99 74 110925 164
26 21 11146 55
34 2 41195 551
83 34 10703 39
24 44 41375 495
42 89 27449 156
63 36 53731 70
11 76 71313 44
76 98 43671 262
71 16 7153 74
87 16 5834 690
76 46 24098 164
26 33 266714 518
93 28 7666 91
96 46 2928 152
24 23 25364 116
2 69 26759 229
42 93 8586 127
74 89 20135 165
72 39 17831 82
67 98 13552 156
7 71 81249 31
40 97 32709 96
44 78 33214 110
71 72 4793 253
49 91 4817 183
66 31 10266 100
10 11 12244 91
32 60 16449 239
86 1 22044 220
25 47 37412 182
10 4 3399 797
9 17 21262 79
86 81 7656 232
36 63 9525 169
14 3 94667 73
52 96 10242 58
2 75 13404 1447
72 38 41739 595
28 24 11151 543
67 87 4099 48
1 33 4701 250
68 38 85881 80
54 91 13228 368
29 42 5195 171
14 8 31840 25
16 27 35214 248
55 17 14855 36
24 74 8631 226
77 85 46403 404
30 70 20675 1139
44 23 15401 153
21 22 62632 593
79 93 9427 134
94 38 48238 64
85 22 21534 26
13 71 100703 166
60 31 20986 37
50 57 39494 144
24 34 31424 191
16 58 153983 528
75 50 21072 1578
24 6 3635 1115
63 41 9547 338
4 46 56666 239
68 16 1326 27
73 76 12675 11
71 57 30209 99
2 27 13265 1121
2 31 11162 187
16 97 50360 307
83 94 35140 175
95 66 174573 201
35 59 2871 85
2 100 2726 1293
21 68 50194 435
3 97 48683 44
43 54 44185 364
81 5 116638 438
32 31 12624 143
68 84 36553 82
22 26 47872 209
18 74 113886 880
90 5 8587 179
51 26 7245 173
85 7 47380 40
36 46 9907 746
70 66 111199 128
56 48 22443 61
82 84 3835 218
2 72 39126 116
93 82 14890 99
1 45 20153 326
88 93 32431 96
37 29 10924 50
88 19 7990 66
51 48 16207 823
68 91 6931 32
69 46 15467 409
36 50 34419 380
1 92 29769 40
44 29 166108 419
33 54 87671 239
4 33 11326 60
29 89 69907 260
40 63 29348 716
82 54 6130 217
77 1 19214 142
60 37 67142 17
8 22 42801 39
56 86 6294 237
16 93 12464 89
45 5 827 124
25 64 9972 168
31 21 31841 284
54 73 21532 95
15 16 35831 494
45 47 65880 281
89 31 232218 578
5 83 39602 410
66 18 31376 248
86 22 8340 436
20 12 29822 641
78 33 30088 83
28 76 62791 502
2 16 20136 122
32 53 49587 81
82 43 26366 420
98 66 10780 21
10 34 6368 87
37 53 5248 68
14 40 21340 112
9 72 18276 12
41 97 175320 51
81 22 40031 99
89 28 55362 58
27 1 182074 56
59 82 33450 107
13 52 20873 43
72 20 154016 815
40 24 15810 254
26 71 17238 9
92 79 13208 85
44 87 218767 127
40 85 23772 169
96 82 19139 45
29 27 4878 48
88 23 20925 502
42 97 58241 423
56 36 18237 50
23 594
36 130
2 81
31 51
22 144
38 192

4557608
