100 499 3 3
36 77 8569 198
36 5 45729 258
36 51 119866 52
36 9 16204 392
36 34 114289 294
36 28 2987 458
36 23 11944 53
36 49 8205 361
36 71 20597 111
36 4 24537 418
36 45 11843 186
36 91 8414 6
36 79 40302 171
36 69 3005 77
36 20 31841 106
36 85 145710 15
36 39 89769 252
36 47 55008 135
36 2 6217 108
36 33 46834 157
36 42 10403 90
36 35 9512 158
36 54 26030 196
36 63 50100 622
36 58 22979 55
36 74 63941 208
36 32 23248 110
36 46 14863 308
36 90 13438 56
36 11 20520 217
36 17 41891 392
36 89 18923 123
36 87 42434 12
36 86 6888 84
36 26 29020 44
36 81 30071 373
36 31 58198 763
36 99 30922 209
36 72 4473 74
36 3 17544 1524
36 41 14363 175
36 43 16158 1256
36 25 9380 45
36 65 6376 289
36 30 10304 135
36 22 6105 165
36 61 21566 113
36 68 10883 196
36 44 63906 513
36 1 8080 214
36 14 55847 1976
36 95 11455 257
36 62 10023 51
36 78 127272 473
36 59 9087 74
36 66 13662 76
36 53 34120 178
36 6 53583 533
36 37 59506 12
36 98 6059 125
36 97 30675 630
36 57 78003 152
36 40 76140 107
36 73 40921 562
36 55 3318 274
36 38 21036 248
36 56 35192 366
36 48 27551 418
36 13 3904 14
36 8 30095 37
36 27 34286 244
36 29 36463 64
36 83 43592 43
36 96 51373 64
36 94 9055 93
36 15 4543 29
36 10 3747 415
36 52 96470 444
36 75 1010 125
36 50 27346 291
36 80 185723 124
36 21 8739 230
36 12 25738 219
36 7 10102 686
36 18 25720 75
36 84 34067 629
36 82 53729 501
36 16 21391 195
36 92 14918 30
36 19 72353 24
36 70 21531 52
36 24 82354 153
36 100 106196 270
36 76 30732 513
36 67 18010 410
36 93 15354 56
36 88 31521 146
36 60 38565 141
36 64 7966 286
8 43 23391 98
73 89 89765 37
32 86 16786 334
37 48 6704 159
69 15 25406 249
16 99 24857 171
46 37 29538 168
94 1 46016 199
64 8 7698 110
94 80 36687 895
97 80 10900 257
42 37 13955 403
50 34 9020 224
87 32 18355 135
100 64 17779 165
78 28 11900 183
43 88 17213 516
23 28 13273 133
27 96 36841 108
40 15 8962 159
93 1 23120 372
90 15 8937 128
58 34 10331 162
80 78 19163 143
31 35 22621 253
91 86 56931 71
33 20 3341 78
71 56 59340 351
96 50 8098 350
90 58 35626 166
67 35 263975 1436
22 21 79060 110
47 14 96086 294
39 61 9445 101
67 25 25676 28
50 3 9895 98
74 33 110993 170
73 27 13499 123
70 90 19274 596
49 58 22145 157
100 75 39633 308
96 40 23227 53
14 91 14340 75
28 80 24871 496
86 71 5723 124
93 85 21281 280
63 44 13430 580
88 86 11234 82
31 67 13239 187
93 23 28809 369
19 80 90601 299
44 89 6270 70
96 100 7266 36
16 18 46722 142
21 65 4027 230
81 3 20604 45
43 71 32987 388
65 53 13606 99
94 65 7058 385
99 72 14437 421
69 24 5066 495
48 71 36365 727
22 46 23930 173
75 20 24984 458
10 7 65405 661
55 70 29714 269
97 43 40217 181
85 54 30317 191
57 84 52443 97
63 53 28318 219
88 79 4263 149
79 76 87407 27
5 23 17490 96
98 100 24544 162
8 3 19491 1023
31 77 49617 188
92 39 8465 33
49 36 10688 43
79 27 63584 113
29 6 51710 138
94 81 12419 66
92 97 40292 79
23 4 7177 178
15 68 14471 276
28 83 8156 161
11 91 27366 431
34 30 31008 84
88 69 9884 145
62 31 82910 21
44 50 3579 263
91 60 40063 37
78 1 18625 393
85 97 12078 332
73 97 5271 163
94 8 4763 290
33 27 75613 154
52 9 35318 380
87 50 13306 927
64 72 24905 120
100 22 173842 140
67 10 5818 642
29 98 161086 264
71 59 11844 221
80 36 67607 90
66 97 17543 103
43 13 19449 366
13 28 47221 65
67 40 48164 97
30 28 61255 264
16 58 80638 485
97 20 21317 455
59 53 41076 26
46 68 14269 348
31 14 98908 146
85 89 136943 217
84 59 28716 155
79 31 21474 31
98 5 25649 606
22 1 20851 105
48 59 66468 19
64 24 9544 493
43 69 5841 99
37 78 7196 630
20 65 278950 247
66 9 17472 280
54 59 11681 279
75 22 54016 153
96 18 30705 136
48 42 6195 24
37 73 18382 509
8 72 48117 210
40 67 2863 203
64 62 26868 68
38 15 44604 284
40 12 7866 811
3 11 16358 66
17 66 28039 260
17 5 14868 970
10 72 110139 51
63 71 49601 82
84 94 69805 234
26 33 24688 705
77 53 53572 611
99 49 58616 950
49 29 2619 704
16 44 74425 138
3 40 66759 198
19 23 3984 324
95 84 26206 590
93 98 9732 55
72 27 5104 101
91 87 86128 93
58 50 4861 39
38 14 23458 156
55 39 12043 227
46 48 13478 654
93 77 10695 81
40 92 13724 188
21 40 15930 145
89 99 32895 9
58 17 52711 106
71 21 60391 366
33 59 12185 86
21 45 31257 186
88 77 93952 725
25 49 38729 188
98 32 2862 39
100 96 4971 475
15 40 66035 385
59 31 67191 447
1 11 20768 433
43 61 7754 153
97 59 133090 153
30 83 5830 112
65 77 130606 86
84 50 26784 614
3 25 3656 138
7 87 23444 167
29 73 81408 123
17 37 11032 42
10 83 70273 59
87 92 16479 328
26 1 14527 128
88 84 140791 301
56 58 36856 107
79 52 54003 45
52 67 12869 245
18 85 19402 928
93 72 34463 333
45 78 67611 297
28 30 15448 107
77 8 16733 113
1 18 102895 35
46 75 7202 197
51 34 40810 220
51 5 23603 210
15 83 97498 35
3 74 11880 620
78 82 23850 322
7 16 3194 85
91 83 112647 318
68 23 3187 289
38 85 9398 90
50 25 15695 70
24 76 2751 317
16 69 54858 494
54 90 4611 268
10 22 17267 133
94 10 20742 254
89 16 18845 20
88 55 26721 127
12 65 49367 123
7 30 16630 128
25 79 13262 399
65 76 63209 1015
96 67 6820 238
19 86 58409 143
75 67 167488 437
24 28 11157 58
47 34 23087 332
21 19 14942 371
27 28 56354 29
92 24 13683 40
16 85 108229 129
66 29 6100 691
72 63 8642 28
87 14 172783 82
43 55 92452 221
19 95 10958 120
25 42 19215 63
65 48 51568 324
94 59 1166 100
54 41 11653 70
76 84 27862 58
80 99 207993 82
8 10 76867 287
12 18 14242 851
86 48 76342 28
31 57 75936 123
24 5 13768 54
19 8 78138 114
4 35 74082 174
13 29 72621 57
92 76 34317 39
69 42 21565 57
3 68 63587 663
13 7 98782 57
8 30 22497 323
21 36 12951 152
95 38 59683 369
18 78 22227 158
2 59 37864 30
26 96 16235 75
68 50 44401 138
79 11 14089 248
54 37 9360 102
2 63 145900 34
23 57 121954 251
87 29 44891 55
33 70 18792 82
9 37 20748 111
6 18 22025 232
91 5 61478 51
79 67 42714 145
22 100 21425 374
69 35 6461 60
75 44 8432 108
31 96 22133 486
45 72 90066 311
52 59 5669 33
18 3 15033 236
13 66 47422 104
56 97 16704 731
56 48 11714 83
25 23 96615 30
66 33 60652 637
87 85 17818 207
21 69 63183 280
81 6 26929 33
90 6 13484 303
28 91 72979 206
73 90 8450 118
92 60 49544 68
11 34 34547 23
39 94 22051 471
48 94 18093 112
83 38 5254 142
63 95 63320 39
96 51 27887 542
27 78 8555 304
24 15 45465 2361
69 67 20767 180
40 84 40609 291
55 25 12931 166
31 18 32521 334
65 37 6823 567
94 55 30177 166
26 44 2636 144
54 64 9245 216
38 96 22711 142
7 40 10322 321
59 82 18573 293
97 85 3979 32
64 9 7202 28
95 30 4621 35
52 30 9641 259
21 86 28772 57
96 65 20305 106
83 33 15406 178
49 60 9249 90
82 11 22805 252
55 75 87735 56
27 56 46413 87
50 72 23639 60
96 37 13814 61
55 35 63318 409
88 96 37071 112
47 98 122667 20
67 47 52231 15
5 68 15698 190
83 47 21140 79
1 43 42615 144
91 74 1551 170
15 57 12006 188
2 44 1597 64
60 59 3662 93
1 63 14947 126
30 13 18836 128
19 50 9028 59
100 58 86376 131
82 67 95855 58
51 49 10383 276
34 62 19300 113
27 57 22140 879
59 48 13164 277
95 86 40878 440
70 2 6589 197
82 4 67623 320
33 64 348159 320
35 6 41103 188
32 82 58205 119
91 41 7689 578
47 16 50072 50
35 78 356038 307
98 57 6480 228
76 55 41593 117
32 10 5394 249
93 7 44948 906
11 87 47878 149
78 81 46350 59
17 34 90290 258
20 62 21764 82
2 7 30688 289
83 25 26533 178
92 9 5989 93
52 51 4457 1037
97 21 4387 2227
8 33 36552 668
86 2 165678 347
58 26 44826 184
91 96 18487 325
100 88 24997 16
22 29 15306 1864
25 32 5680 106
26 51 7923 209
20 9 29399 349
51 100 76063 912
84 15 43848 71
46 81 84455 711
69 98 8683 273
89 55 53335 127
16 80 43787 130
19 43 13280 399
9 72 18707 566
3 31 12311 69
64 52 169166 29
79 42 222502 522
21 35 28216 111
46 83 36615 509
66 21 25464 458
38 81 100441 788
62 41 14555 69
21 1 36761 126
4 87 30060 28
75 16 15035 46
75 11 16180 348
54 27 21917 22
62 3 47403 134
66 24 51200 165
54 28 47322 244
5 4 100684 128
39 41 19521 30
41 30 6801 92
8 23 56034 56
90 93 28693 144
100 32 6777 1600
31 76 76216 630
53 2 29241 88
52 65 22040 143
60 44 21656 269
36 990
21 261
96 16
59 95
72 195
67 190

8439336
