100 499 3 3
71 70 24362 99
71 98 5661 72
71 13 16808 67
71 52 34733 447
71 72 39578 147
71 63 18172 38
71 95 13699 874
71 87 18135 797
71 14 29262 418
71 38 36514 60
71 62 27412 406
71 30 15168 213
71 18 9480 134
71 43 6944 99
71 34 103218 272
71 93 13250 117
71 86 14668 94
71 99 16553 111
71 94 97318 542
71 91 48741 230
71 60 492313 58
71 46 59564 277
71 45 1523 60
71 17 9716 197
71 39 10275 69
71 33 30764 79
71 26 51670 1767
71 84 4564 72
71 3 104259 1304
71 69 46465 100
71 66 129587 155
71 82 31393 237
71 27 29964 117
71 90 17800 128
71 100 148754 135
71 64 43941 206
71 47 14976 187
71 5 127275 684
71 8 10040 173
71 16 147816 332
71 42 10159 404
71 19 6248 408
71 21 17818 172
71 50 212535 98
71 7 44431 252
71 83 35889 33
71 10 83042 684
71 88 28169 62
71 35 31099 214
71 65 47933 253
71 76 47824 170
71 22 22320 405
71 37 56555 36
71 57 95999 273
71 53 28736 373
71 29 3543 264
71 40 29016 21
71 25 45023 40
71 20 21655 80
71 24 15840 521
71 59 13621 135
71 4 45016 176
71 89 26104 47
71 32 5295 503
71 2 20669 71
71 80 31947 328
71 12 6790 27
71 92 24864 496
71 85 15080 1085
71 67 31829 129
71 58 19847 159
71 48 22531 50
71 11 16562 91
71 97 132581 129
71 9 11697 40
71 79 11899 188
71 31 107166 36
71 54 9308 386
71 6 110940 178
71 74 25938 161
71 56 11017 66
71 61 35798 360
71 49 8389 17
71 96 4150 119
71 41 4125 228
71 55 271943 239
71 81 35385 80
71 75 22966 106
71 44 14530 366
71 73 52339 2359
71 15 4789 201
71 36 38727 66
71 51 125928 115
71 68 11971 183
71 78 60270 147
71 1 28963 329
71 23 10017 53
71 28 250836 76
71 77 102335 68
95 37 17545 392
36 96 4594 12
79 88 13222 79
58 65 4346 1068
76 3 57230 31
50 53 5196 116
49 26 23191 148
61 90 61304 173
99 36 21626 128
45 8 12836 201
69 41 23676 546
34 49 20366 176
61 81 81855 336
23 60 34973 98
37 50 8831 175
88 22 16666 198
91 31 54104 414
8 5 7666 125
47 87 21699 198
26 17 1568 38
43 73 55329 710
73 74 23039 256
14 6 20124 250
49 88 22062 394
58 15 8188 104
54 6 67100 139
84 67 32745 16
2 41 25493 271
77 87 18856 402
26 88 15619 368
2 75 4762 1564
8 12 113075 66
96 52 51756 670
41 97 28969 630
72 19 30550 137
23 62 5675 60
7 53 40886 68
44 58 11808 63
100 11 11683 461
89 48 7014 212
17 85 16854 225
59 22 52605 326
74 91 299057 435
19 80 154347 97
19 20 41704 43
98 63 10328 218
22 82 13414 139
18 14 21233 85
30 92 56436 86
91 29 23802 400
95 19 101134 247
46 47 55510 209
89 72 13659 78
81 53 35348 148
49 84 110917 245
67 74 14063 64
93 90 36711 1010
30 51 25044 363
11 26 16758 184
56 36 26291 80
59 74 33755 374
95 62 48745 154
68 27 11941 181
23 57 7133 160
26 73 7892 158
74 59 64310 273
20 87 21381 466
67 98 11314 339
24 94 15802 199
72 6 6111 24
41 69 10138 104
72 59 1591 73
57 4 343806 54
46 78 5537 394
19 67 65483 218
13 9 23303 674
34 75 13404 31
22 2 9040 33
55 70 7821 67
59 70 4489 237
33 41 25322 209
18 19 16253 294
82 27 124368 188
12 76 18828 139
26 93 12901 135
75 78 13113 80
85 27 43143 276
95 14 12110 482
27 53 26849 82
92 71 20343 1143
66 84 2218 345
68 73 55198 101
63 41 9374 103
88 47 41731 91
7 75 45519 72
26 91 83854 61
95 5 44589 86
80 68 35191 744
77 30 28722 73
46 40 16549 72
7 58 6597 286
51 54 40227 136
79 24 4866 65
62 4 112929 1179
28 67 20066 507
22 50 51216 25
48 26 10685 55
82 86 21576 1039
27 61 8068 11
45 80 20590 16
75 43 162646 6
87 60 17698 17
17 76 15582 491
62 29 13416 265
17 48 12767 71
65 93 2640 52
59 34 15888 83
31 80 12663 241
93 83 5928 108
92 25 50129 65
66 100 2323 219
27 25 16821 400
60 84 7442 91
56 94 40983 74
2 31 19974 57
90 45 72868 101
55 3 7675 915
56 87 23151 78
74 100 13499 465
13 81 9654 214
94 95 27416 18
92 3 8684 124
98 89 3970 18
43 75 9006 214
53 93 14777 74
67 52 7016 146
7 84 25114 160
78 44 44065 1237
82 66 7086 42
28 94 3309 70
59 54 70876 97
36 81 33400 368
16 11 13019 121
26 37 4937 261
21 44 24017 69
31 85 29473 1588
95 8 16131 37
66 42 37477 24
91 60 24500 94
53 83 44939 121
68 55 10629 339
55 92 55059 334
49 36 35208 522
47 27 9971 180
47 41 8294 148
37 43 33180 95
46 31 23374 1714
49 21 28808 104
99 28 79755 132
37 32 41286 33
53 87 16335 86
97 45 6116 67
1 95 48469 340
19 5 26925 195
66 22 4214 87
96 82 32462 59
28 75 22996 147
2 55 4687 235
40 35 32503 48
11 10 9495 26
49 65 13092 111
90 46 16494 89
52 7 8888 122
34 64 82376 196
14 7 77762 36
55 71 30716 89
24 72 55692 193
31 92 8041 53
40 29 141364 309
54 9 22890 434
70 97 32576 80
1 52 15891 714
14 93 301181 347
52 77 86232 195
20 51 19898 339
31 16 50902 230
38 31 16327 107
26 15 14719 18
3 53 20331 95
77 29 9507 187
33 94 9001 300
11 80 17090 80
6 50 13612 107
21 43 14694 724
51 36 11362 121
16 84 45277 560
48 57 16568 928
83 51 15027 166
50 20 30038 74
46 8 64915 80
76 28 66825 31
53 36 14174 175
26 9 24744 22
19 21 6577 89
84 13 33431 505
73 52 14854 63
36 93 163791 119
7 44 335958 245
56 14 18341 789
30 39 34834 224
61 2 12486 584
67 33 16642 82
30 27 13672 573
29 62 29600 140
25 59 26143 56
35 3 28795 104
28 69 24109 181
63 91 28442 26
84 23 24698 92
48 91 25473 125
42 65 138655 349
36 99 112803 109
65 63 1373 76
54 94 163470 369
27 56 112469 104
10 75 42461 275
4 45 16721 174
92 93 3303 190
65 68 8492 131
53 84 49100 329
12 87 5050 462
98 1 22516 44
84 39 21879 148
2 13 22386 125
70 49 13238 41
81 31 22973 237
34 59 40517 216
80 21 38629 215
38 25 70945 64
72 81 174304 90
32 71 9845 55
45 24 101015 493
49 17 46659 25
95 31 87597 24
30 52 36062 38
29 22 23294 690
94 73 11011 31
43 99 41657 180
97 44 31267 218
43 7 9236 32
20 26 1501 319
77 5 27711 336
86 44 68682 178
32 62 4615 127
54 5 20450 502
77 47 24457 187
97 14 51694 188
76 84 53538 503
16 31 50000 83
93 84 19435 206
64 93 26297 358
89 47 2665 30
6 53 30448 273
21 57 5001 97
100 27 4851 133
42 14 307397 109
23 5 38207 95
98 28 19000 25
52 80 27341 103
43 20 16703 176
29 21 51746 168
79 37 22088 294
17 12 156993 471
59 4 6032 499
3 83 18036 399
9 8 8408 109
83 1 1991 129
38 52 34471 237
4 99 22260 95
82 81 9652 95
80 84 45398 155
48 32 116868 836
100 70 7483 35
91 54 50842 228
89 10 108501 108
39 70 40077 1624
76 49 43511 279
26 50 88974 388
16 34 42573 2009
40 12 46835 254
67 34 11471 2783
85 3 9693 264
18 43 4828 366
75 15 21066 870
38 83 47148 17
100 33 4338 277
62 92 16590 103
66 18 59548 150
29 30 36934 150
51 6 54856 167
12 99 61240 74
6 72 12224 377
32 63 31491 109
77 81 11481 99
100 28 2889 47
37 94 55143 72
95 74 34289 41
55 73 15658 122
37 12 12354 119
53 57 45950 30
48 65 5430 157
8 11 11854 833
94 49 27380 1722
46 9 45080 49
4 7 6590 704
68 60 6883 58
77 50 18712 46
51 12 30218 141
13 99 18557 162
60 14 8420 826
75 23 16888 105
60 65 15395 131
42 18 75101 105
78 97 38187 121
82 91 3451 92
5 82 295029 326
54 35 16488 56
72 82 6916 340
10 17 23304 92
25 32 26934 982
70 94 53663 236
5 63 8254 125
63 66 39620 349
72 91 2129 80
79 30 4365 618
81 8 35362 257
35 57 9328 37
67 41 24979 198
64 31 38687 65
89 38 52762 46
40 70 12259 230
61 62 26329 32
69 79 101938 87
19 48 6830 1439
94 74 169342 343
55 4 17140 351
26 92 4609 275
75 80 8267 1010
60 76 1927 118
9 93 5282 23
13 52 713945 227
31 59 3077 124
9 72 58316 781
85 89 8210 202
86 17 57143 804
24 74 22118 395
85 42 30889 59
44 15 23691 46
27 90 47914 1325
91 68 47009 704
32 79 31291 630
16 97 6200 527
19 34 21315 200
28 50 7861 580
77 42 11702 9
53 6 59612 33
75 14 5962 75
80 50 51350 106
88 92 19702 111
39 17 50068 83
61 51 35790 260
96 34 52220 55
31 57 10697 187
99 29 65614 259
92 51 74188 111
41 62 10514 73
48 9 13977 58
4 31 29497 220
3 99 33192 102
24 29 16673 396
4 30 19330 43
68 88 87010 135
15 6 7998 114
67 46 24604 383
88 45 36646 346
82 58 52521 248
78 96 19263 49
20 2 8102 14
10 68 33386 65
51 27 3450 66
27 33 67887 493
54 40 61522 140
6 11 152373 404
17 38 15818 87
56 17 35343 398
90 78 23129 91
25 14 8018 134
100 80 5560 148
10 72 19834 193
81 97 41250 57
71 4356
26 20
95 48
84 213
31 495
93 515

42335630
