100 499 3 3
22 64 13509 52
22 37 1882 21
22 93 12884 177
22 16 19888 72
22 62 16190 228
22 92 59483 318
22 56 36630 310
22 20 1889 115
22 39 6395 138
22 53 41618 303
22 17 8041 113
22 97 59436 217
22 71 12132 56
22 4 14689 124
22 85 10694 62
22 40 2718 146
22 6 8013 126
22 88 140760 29
22 18 88597 146
22 50 27499 100
22 25 5295 459
22 21 590422 1456
22 5 33079 68
22 47 7835 101
22 27 20859 81
22 76 37027 100
22 60 46880 112
22 58 61660 63
22 70 8825 201
22 48 6311 128
22 52 3602 187
22 15 27314 26
22 9 39871 52
22 59 96706 156
22 49 39982 123
22 73 17171 331
22 11 24650 400
22 66 27190 46
22 77 12997 16
22 100 34799 93
22 28 25230 179
22 8 22813 110
22 57 16928 34
22 81 21951 24
22 84 31965 244
22 45 16024 217
22 10 153011 84
22 82 10074 229
22 35 105595 171
22 12 19612 171
22 96 23567 366
22 91 44585 233
22 38 4323 210
22 83 10638 583
22 86 60985 65
22 13 8119 407
22 75 10327 44
22 14 2230 238
22 23 27277 63
22 90 8434 40
22 26 18196 157
22 69 16970 133
22 99 24031 277
22 1 6651 94
22 80 26066 803
22 19 99216 535
22 42 9275 115
22 67 36268 339
22 55 21426 75
22 30 18437 338
22 94 144445 95
22 43 50366 162
22 36 36689 263
22 98 76506 159
22 54 56540 94
22 95 29895 369
22 33 41665 58
22 72 65880 515
22 79 178850 459
22 68 10949 26
22 78 16321 1132
22 31 37126 110
22 51 18950 534
22 24 12391 101
22 41 8989 56
22 46 142264 451
22 2 2781 232
22 61 32085 68
22 7 47182 86
22 65 24745 321
22 32 15488 118
22 34 37661 338
22 89 61428 228
22 29 34272 77
22 74 5562 103
22 63 14024 161
22 3 8146 235
22 44 88809 1138
22 87 156110 300
63 48 16315 43
49 39 3251 57
37 40 6129 166
18 20 9377 143
93 20 34266 232
9 56 27728 674
80 42 10225 146
82 81 3226 225
36 55 19746 214
69 6 38257 66
9 94 7469 121
30 77 41455 177
72 14 25646 85
16 5 5334 309
74 25 10783 70
87 69 4751 30
92 99 12599 43
74 59 56319 66
86 80 94671 214
35 43 4520 1330
27 16 30152 719
45 57 25370 2053
95 20 12580 176
11 97 30231 431
66 93 14762 182
94 97 15362 264
9 71 17765 126
10 79 13828 25
52 39 5709 141
18 40 57704 172
18 47 24982 76
88 33 9602 24
64 12 11877 35
1 94 72639 52
79 24 9690 18
99 78 13746 486
90 59 13261 762
46 96 43511 17
51 8 6993 123
96 74 58538 50
86 19 48273 142
31 61 3706 76
94 100 129941 199
59 45 69080 178
58 21 207120 398
85 35 11066 127
81 43 38909 51
34 71 33604 101
46 69 8183 1014
15 52 21911 587
94 13 5797 2089
49 83 4054 394
91 53 12184 34
79 87 6644 80
82 15 30220 322
29 60 19840 246
57 55 20216 166
83 34 10147 194
87 5 20689 49
17 45 10496 126
91 75 9580 62
84 19 8328 58
23 99 24009 452
54 41 59339 789
32 37 7303 54
37 99 10132 259
64 53 17038 57
9 49 21820 50
9 25 15983 38
31 3 8475 94
46 55 80141 268
16 36 18719 40
93 48 15035 105
93 67 129615 855
71 63 6539 151
91 68 26842 203
87 2 19086 81
73 34 33020 216
8 49 37463 62
63 55 8208 247
73 50 44726 191
37 8 6242 90
28 31 13361 57
30 85 37160 41
18 89 36136 30
33 66 44113 174
1 15 13571 261
27 33 10125 271
3 59 6322 166
94 72 13924 343
35 13 24180 75
7 15 19378 285
78 7 85243 126
35 29 3579 107
8 18 17034 44
12 82 48417 316
32 57 11780 307
23 11 13293 73
54 1 23775 171
70 87 25137 135
31 62 28451 196
7 5 39679 131
96 11 59832 34
43 45 99734 594
80 73 87138 521
33 94 17895 34
77 11 34784 749
25 65 33683 111
94 73 55397 1038
96 47 17147 47
42 64 6078 89
55 41 68725 170
18 100 14397 55
27 34 20809 36
23 78 9347 171
33 8 154177 138
86 6 30652 20
67 84 11242 33
87 53 7839 461
63 52 38923 227
53 36 32420 91
43 66 26832 131
10 36 42619 79
46 81 42209 47
66 40 47241 103
2 69 19188 383
29 63 12029 101
32 40 28412 249
54 25 10476 214
71 62 2159 139
59 60 2727 273
87 21 2742 201
71 6 9960 280
36 94 26973 44
49 46 51593 236
55 38 79043 65
47 52 10133 188
45 77 107168 83
9 96 31774 100
35 85 88891 756
37 38 6083 183
45 38 15905 313
24 13 6240 82
50 53 68932 27
4 40 22922 126
19 69 11009 756
25 44 316152 104
29 80 28197 389
72 84 6711 147
11 82 10959 148
99 46 23754 116
89 82 10673 654
43 2 30721 140
77 85 42179 267
72 21 21424 116
13 65 64462 49
7 60 25391 66
66 29 14355 48
37 57 81694 544
85 55 73461 222
6 80 25725 39
15 91 23748 72
51 82 24223 294
38 91 62015 2994
52 3 11782 181
28 26 90195 45
33 78 16337 248
92 32 6770 145
79 27 14878 82
71 1 62828 444
82 83 7550 79
74 81 37998 408
29 44 25656 160
57 61 77307 78
26 90 6623 250
21 78 28493 36
33 74 8762 72
26 100 2560 175
54 68 4534 199
54 6 119661 384
45 97 3505 2502
56 96 31408 106
81 57 23232 55
48 64 90036 216
88 1 23600 199
26 34 58868 422
58 10 115641 623
69 95 37299 553
66 8 10741 416
39 77 26899 325
96 20 56540 141
56 61 69305 174
1 53 26266 152
78 87 106317 277
92 33 38432 73
40 79 9621 107
37 90 3370 143
18 21 9504 837
77 49 65660 477
66 18 9249 45
99 96 5051 151
24 40 10914 504
79 60 16681 30
61 55 21436 38
16 100 9612 168
11 48 70498 40
26 72 1544 56
18 4 6866 611
70 44 31290 132
48 26 11153 69
24 35 8592 311
100 84 5175 304
90 34 40725 100
25 35 104901 222
61 27 22968 216
80 41 14625 80
60 15 24944 162
70 13 41319 602
24 68 20300 90
43 82 71296 51
4 19 44992 533
25 86 25127 204
74 61 5554 250
71 49 7543 256
30 99 18849 713
97 29 8184 20
18 81 34629 235
14 50 33038 318
96 83 28274 19
78 35 35322 72
79 56 5555 85
93 62 16279 353
40 44 12392 121
11 18 11818 161
8 97 15129 190
18 25 6243 189
50 93 5749 74
14 86 18481 52
49 1 37030 156
43 68 27703 186
96 32 149796 60
33 75 28560 289
97 21 20839 34
59 87 8567 68
43 8 8412 257
21 81 13420 150
21 67 14086 389
79 57 9690 26
38 24 30732 126
3 91 27375 1155
73 17 18968 259
53 16 19563 33
1 49 2612 261
12 19 94703 67
7 23 45592 588
12 27 43000 40
6 31 34122 12
7 71 57026 262
39 23 95541 611
70 37 63650 277
61 28 18302 143
85 13 21999 43
19 40 33998 157
10 84 4638 302
45 52 12828 50
65 89 11756 16
93 31 26761 7
3 5 10793 264
84 47 33076 52
5 15 3574 59
17 48 7691 30
51 95 11680 204
30 93 12836 45
21 83 50786 44
67 91 86566 240
62 83 202917 20
39 79 38454 42
1 14 14185 62
89 38 4063 157
13 45 43574 55
27 20 87157 370
15 77 65227 52
53 61 22861 280
48 49 33421 182
47 77 139864 48
56 71 45352 361
27 53 41223 142
77 62 12655 213
16 65 39049 38
23 70 34794 45
14 42 83082 335
41 63 28566 98
94 20 9928 396
74 75 21617 204
27 62 6412 146
40 59 89625 119
41 79 12126 96
85 76 24044 87
50 66 31622 77
52 94 71877 103
32 71 145589 192
31 57 49387 131
61 45 5076 43
83 87 11806 134
90 9 86991 61
35 37 38912 971
88 80 27171 145
94 67 49651 131
1 97 12964 201
46 66 453843 190
42 72 9263 420
30 27 10380 132
89 68 4355 582
99 43 9799 82
17 100 101829 467
96 84 22223 77
32 53 31359 323
69 56 2781 786
7 76 13097 209
29 71 19403 364
58 74 99665 73
20 22 36106 201
65 4 56001 552
27 88 5089 682
17 7 18315 342
51 3 16166 77
69 18 26943 127
4 70 26112 70
34 48 75180 560
43 100 12310 55
91 18 71233 67
53 57 20222 400
28 67 53894 234
52 17 8711 229
58 34 43410 169
17 90 61970 178
13 54 24516 1631
15 31 9132 259
10 39 18058 572
99 19 80624 80
19 13 30640 88
87 63 18071 227
93 14 74412 172
52 31 77851 170
24 87 19385 53
6 53 13718 272
30 24 22283 148
33 6 15330 112
31 59 18061 69
63 90 20137 73
89 61 62320 201
3 39 36044 144
10 78 5290 253
60 4 44229 803
55 4 14100 10
78 12 4477 160
63 5 79901 878
27 80 84967 140
87 74 213864 136
81 47 9969 137
8 92 3489 134
31 12 2968 79
72 8 26422 133
56 95 32544 109
32 20 8966 130
47 21 9783 145
17 87 8555 94
92 9 118366 624
23 81 29562 399
43 42 30611 322
58 30 3410 26
94 10 46047 78
83 68 25055 27
32 46 15482 40
8 23 32466 120
97 31 1600 122
35 78 36099 57
80 83 22597 1174
97 9 22925 109
79 4 31110 319
65 21 77486 356
95 6 12304 446
80 58 55639 51
64 44 39481 46
50 6 350467 456
21 39 5178 93
75 43 27743 111
44 89 40783 172
33 13 95349 1159
70 65 63811 36
70 47 234905 44
15 47 25907 174
99 74 27500 177
91 41 22173 52
34 58 4886 239
73 10 21815 109
74 8 63950 142
81 41 9097 82
75 50 102484 210
12 37 11950 1041
22 1089
18 495
94 56
53 480
87 302
57 84

22555382
