100 499 3 3
30 72 27339 127
30 55 10465 214
30 46 9940 176
30 82 13074 151
30 5 26895 96
30 98 153188 486
30 48 25122 385
30 19 19825 42
30 25 15248 281
30 77 46170 50
30 76 13881 100
30 22 29464 43
30 27 108727 921
30 11 1103 308
30 20 57760 115
30 81 30575 105
30 52 9050 229
30 92 10087 52
30 51 62113 603
30 14 9892 110
30 85 146622 76
30 9 95099 523
30 31 25745 151
30 94 135251 195
30 100 62495 533
30 34 5327 769
30 68 24398 155
30 21 7649 211
30 38 15591 109
30 13 9759 2219
30 91 92066 198
30 70 10957 278
30 67 22873 168
30 3 59302 98
30 28 2406 195
30 62 11534 133
30 53 17241 118
30 47 6288 250
30 99 11934 811
30 95 4954 102
30 15 40796 536
30 12 3225 186
30 69 113177 47
30 37 17058 692
30 44 52614 108
30 45 33944 278
30 96 7567 1024
30 64 9389 141
30 97 3407 63
30 49 53939 418
30 63 1587 189
30 90 92144 127
30 43 33257 63
30 42 16827 84
30 74 190365 45
30 23 7777 699
30 18 10433 494
30 60 8210 48
30 78 13804 190
30 10 2432 362
30 75 45103 56
30 50 23867 117
30 6 101422 102
30 84 492393 81
30 73 64463 969
30 1 23297 161
30 33 50296 533
30 58 21887 30
30 16 39230 712
30 88 136050 286
30 54 3314 156
30 17 6091 402
30 32 25242 237
30 59 26054 120
30 83 51686 98
30 71 8436 213
30 89 9033 75
30 2 12699 507
30 87 39391 108
30 56 5433 105
30 86 17832 47
30 36 29643 267
30 7 9501 498
30 61 14211 458
30 79 11737 26
30 35 54142 177
30 29 34117 564
30 24 16884 115
30 93 25331 383
30 41 39493 529
30 8 77335 239
30 26 40719 57
30 40 12177 18
30 65 51340 249
30 80 39012 72
30 66 5912 619
30 39 41299 88
30 57 21341 96
30 4 50042 250
6 65 21690 25
17 99 9818 269
78 57 7311 146
57 88 12561 31
5 93 142722 193
78 91 39668 77
16 14 15669 129
96 13 446920 135
28 99 7939 39
54 97 22354 194
42 30 64924 244
66 48 22380 125
98 59 13595 90
15 5 86418 321
54 88 52836 167
33 74 12927 61
97 50 35108 60
87 30 35556 93
32 85 13073 1031
87 66 6685 133
65 71 28306 183
44 4 6214 536
6 11 4362 52
76 50 26217 206
81 40 4535 181
68 59 101239 233
86 78 13487 99
98 3 41857 80
3 35 17155 92
4 56 11323 12
72 81 245484 114
100 21 21433 269
3 88 19201 682
95 77 95007 18
82 8 48637 21
12 4 7815 523
68 4 6041 82
16 83 30245 380
86 55 9774 561
27 77 2736 387
83 8 46176 124
31 20 16110 218
4 74 70801 339
54 63 20710 549
79 94 26932 197
16 26 39686 246
81 75 9535 91
100 74 16703 36
17 31 64618 102
7 19 30646 344
97 31 54588 503
32 99 24910 269
5 97 24207 156
90 1 6160 26
36 45 40768 168
13 85 37732 336
6 7 20805 49
90 41 18389 117
23 28 35799 943
98 99 33145 63
12 62 16335 70
69 9 2750 44
56 8 26298 152
14 48 45922 102
93 7 21717 203
94 59 64287 186
32 5 15054 145
38 18 15431 638
21 72 4752 86
39 7 70857 31
39 76 21704 253
35 70 11781 129
25 100 23585 540
42 82 35973 62
76 18 22248 33
83 24 17857 133
39 63 59568 257
50 75 5222 139
60 13 8287 157
10 52 75167 131
69 83 11970 153
81 61 27696 630
34 83 3881 116
37 67 55619 656
72 77 28190 11
38 61 25849 65
89 65 20275 74
52 64 88002 271
24 25 51753 103
93 97 34042 130
71 46 6810 105
89 60 39242 26
34 57 19679 105
13 45 14897 877
85 39 4735 106
57 15 1766 105
11 4 26314 45
52 86 29450 93
21 89 45003 258
20 92 9320 90
17 68 16091 661
17 65 1377 225
7 47 107816 228
19 46 2428 94
52 10 9180 131
45 4 41576 304
27 14 16395 111
40 20 307885 102
72 42 23103 134
21 67 76961 21
61 58 19887 459
6 89 4052 160
15 82 17025 132
1 15 12713 37
82 83 376510 130
73 42 7585 102
11 96 17302 73
27 54 30426 77
79 61 65709 40
39 78 20873 56
40 24 42553 101
16 70 10917 145
22 92 17028 161
96 1 54075 89
35 100 28373 131
99 79 218947 172
18 24 39703 259
28 78 17707 1676
73 90 85651 94
34 27 20651 109
18 73 21064 56
38 19 32178 272
44 82 19082 196
39 17 83199 527
67 21 79811 90
13 40 66991 93
28 38 34476 158
89 52 2278 205
59 90 13131 2345
82 70 22898 69
86 50 65027 297
33 36 14971 230
22 80 43400 93
93 77 4070 481
29 76 32935 181
77 60 6545 1148
87 70 35676 141
82 20 29790 134
42 31 26744 439
41 26 103950 39
28 93 3891 260
4 15 38992 622
61 97 3806 111
42 59 19582 199
89 91 5514 32
82 13 58790 29
24 37 22070 316
89 7 23321 115
70 82 51720 56
3 9 15425 520
5 41 6555 85
37 46 96346 81
74 62 267216 116
52 48 8679 274
27 85 24696 102
73 45 44954 54
86 30 3081 360
83 53 45661 55
19 55 7167 283
61 49 37381 35
100 62 33203 211
52 79 12977 334
96 45 21823 61
3 29 21758 96
18 28 26914 112
48 80 12698 205
2 65 36798 157
27 23 13255 93
53 43 19928 69
56 91 14865 456
36 12 36206 130
89 76 10251 417
27 20 30613 243
8 60 120912 320
98 74 40132 341
31 39 49775 113
15 51 82913 39
17 23 41289 724
17 50 51501 577
60 90 2743 162
39 51 58702 275
61 18 7284 553
79 39 21127 83
91 94 49107 147
19 42 6921 256
47 71 44694 100
64 78 32285 353
10 90 39612 46
17 71 212425 371
7 89 87771 133
35 19 32877 227
33 78 20578 66
92 56 27997 44
28 44 51998 79
93 44 8035 149
67 89 15044 62
83 48 40473 42
51 80 40614 176
15 17 22138 328
11 29 52311 57
1 97 16722 216
15 4 5284 179
84 69 80194 149
29 51 85027 359
29 73 8303 90
18 58 11396 147
20 54 20099 70
80 53 5833 124
50 13 89215 150
77 93 20368 79
73 72 14202 89
84 33 6263 243
42 89 63817 209
91 8 49959 102
20 91 8414 179
65 96 7217 221
10 88 15840 94
27 80 31626 554
91 24 24545 231
35 6 22855 337
64 91 63550 98
67 82 5340 114
18 52 19083 104
10 43 28770 573
79 47 20193 442
83 74 63854 822
10 33 40888 67
90 28 6032 102
40 4 20386 52
47 12 10604 399
93 40 2989 62
20 22 63491 317
56 44 15082 425
3 39 55263 167
89 59 100330 122
56 41 27008 89
12 5 2024 96
9 61 7854 50
90 10 35308 98
60 20 6228 1031
77 55 20166 70
66 56 30865 195
90 4 10725 316
71 35 14876 120
65 27 66369 411
49 82 16835 76
78 14 12177 237
91 84 27514 67
22 30 62223 678
38 95 61865 374
44 91 19518 321
96 51 5278 198
13 12 5170 725
43 60 16924 801
79 40 9221 143
5 31 31431 20
9 95 21613 322
17 14 48544 101
27 83 19677 237
77 63 9960 675
47 79 24972 47
100 68 3224 86
20 1 10192 169
55 8 225952 307
79 74 161345 345
93 88 18150 68
100 58 20023 155
96 33 29621 385
3 64 21251 216
35 31 45058 193
39 56 27319 285
36 63 71862 687
89 62 1428 163
41 64 6708 192
76 42 18560 112
32 61 2804 212
94 98 27910 161
66 45 32440 204
33 18 34340 80
75 34 38661 441
33 30 75053 122
20 33 41853 169
50 37 48262 466
49 21 30780 64
25 13 45419 245
58 93 8333 70
52 87 3453 337
38 57 23524 73
74 40 16827 227
5 33 33953 793
36 21 12112 70
70 5 8352 60
37 33 1236 193
41 75 11885 138
8 83 10568 301
33 28 21383 80
11 31 60889 315
92 47 109588 131
45 61 4180 882
99 38 24391 287
75 69 6251 100
66 54 6415 60
71 55 5181 259
9 75 13427 92
77 88 83961 25
77 98 9418 610
48 39 9164 219
7 66 14223 82
46 60 34618 46
54 74 11425 551
84 4 79111 80
69 51 26991 35
2 91 65936 301
26 40 175549 160
67 41 20704 70
51 4 23588 161
96 36 12646 28
75 71 29884 7
57 71 10658 238
76 3 8992 769
28 5 20159 65
45 68 20197 89
16 100 53219 141
13 8 29804 347
63 9 14421 150
61 96 36781 133
79 59 9032 28
81 8 76476 107
35 52 7919 321
35 82 8373 91
24 11 34495 227
26 7 9928 277
94 89 44196 56
79 95 34531 111
81 82 18416 119
4 14 5819 446
15 36 18065 418
65 34 12237 202
91 69 70272 605
70 66 102957 379
77 91 74482 113
76 21 52839 102
77 46 6487 377
26 65 54593 1146
19 1 125551 381
64 60 3760 286
36 37 23692 302
95 10 5698 122
75 58 7769 95
99 96 13639 200
20 97 93122 73
99 69 4601 98
91 46 82210 838
89 46 7660 653
62 16 40945 333
60 22 3215 32
6 4 21957 70
48 5 87245 77
56 79 178565 147
98 17 67170 380
28 89 117996 412
10 70 13869 106
82 52 16920 346
29 39 30451 298
38 33 17217 111
10 31 42943 1130
85 53 6415 151
1 24 8334 639
5 13 12685 140
40 47 4977 666
94 14 439561 940
97 65 75497 145
92 99 16607 83
32 12 60642 192
37 55 24030 125
91 79 107953 56
100 83 8863 279
24 93 26945 157
68 51 24719 428
90 23 20990 64
33 58 29029 940
71 38 46672 67
41 2 26369 723
67 20 22801 322
88 27 16455 90
25 46 17836 224
56 2 1368 122
97 16 13466 163
79 81 84386 75
63 15 31041 44
30 891
89 63
79 108
4 278
91 357
82 231

16607991
