100 499 3 3
81 100 96267 81
81 14 28375 70
81 96 15386 495
81 80 18773 292
81 13 26668 257
81 65 19321 530
81 73 11967 103
81 59 6141 131
81 43 15406 215
81 72 11590 647
81 22 47513 129
81 28 11907 197
81 71 18379 36
81 42 28439 104
81 93 54539 29
81 55 37411 92
81 61 19889 72
81 41 4073 180
81 49 4583 51
81 40 22477 430
81 34 13130 29
81 85 12395 65
81 38 6570 67
81 90 14574 66
81 21 48255 44
81 88 52290 196
81 64 26882 174
81 44 6452 178
81 95 52404 46
81 27 38199 223
81 57 13191 359
81 83 11135 40
81 4 19693 666
81 92 18018 693
81 23 14103 269
81 16 1841 287
81 7 24942 11
81 51 16834 189
81 67 6960 57
81 3 29712 433
81 79 58924 777
81 74 6612 97
81 29 88280 505
81 77 12859 181
81 50 2986 178
81 62 29287 97
81 86 10922 19
81 70 38994 498
81 26 5618 219
81 69 13483 154
81 45 51993 441
81 84 28090 114
81 11 6500 1222
81 47 103518 46
81 31 7951 403
81 20 32647 40
81 32 62401 484
81 46 15956 101
81 98 7127 143
81 82 64699 24
81 56 3994 75
81 2 23696 126
81 9 48763 108
81 58 1475 259
81 68 4280 332
81 94 46716 264
81 37 61056 41
81 1 2110 30
81 76 5965 224
81 91 25410 251
81 19 10829 206
81 89 40652 95
81 63 17857 98
81 66 99484 212
81 60 139757 62
81 52 25374 121
81 53 26217 129
81 39 18266 106
81 10 9963 34
81 25 91584 92
81 33 41978 200
81 54 12386 151
81 5 44174 131
81 99 34434 130
81 6 47259 455
81 97 10883 44
81 78 33457 79
81 8 60878 222
81 75 14212 338
81 24 4479 54
81 30 60547 55
81 87 30680 106
81 18 3986 53
81 17 36820 225
81 36 111463 54
81 15 11065 38
81 12 28094 77
81 35 17073 174
81 48 2684 64
52 32 26973 279
24 35 4637 318
69 15 10677 168
34 59 70725 225
67 19 22158 99
2 30 47013 503
55 15 19336 326
85 44 52466 85
17 56 10439 127
18 51 12038 155
4 56 7520 202
19 16 8279 301
76 8 26141 98
75 97 23901 33
65 32 50441 340
89 66 45500 35
9 31 2478 106
95 89 16120 105
69 19 16822 35
17 82 147120 99
55 9 81341 101
48 67 15531 175
9 41 19967 539
86 28 51902 41
99 31 10905 346
71 23 32549 299
35 39 19219 79
99 79 3274 105
63 4 9230 2590
18 6 32215 306
5 32 6961 132
7 56 75155 439
27 65 15021 75
93 67 5882 157
40 81 18238 92
58 19 23405 334
21 12 29384 112
94 64 6286 1000
63 77 19578 52
84 11 24059 145
68 93 108336 37
58 81 49790 21
10 66 73417 812
46 65 9286 269
28 7 18882 133
53 89 57546 139
87 38 16291 1085
87 59 66423 781
13 52 43984 106
15 31 31049 185
57 95 19074 59
48 1 42761 390
14 21 21124 46
55 1 26449 96
29 95 20389 172
1 35 1918 60
24 41 16717 330
69 78 34109 167
11 34 62439 54
4 97 32199 117
39 41 7265 231
94 77 48703 121
61 73 57182 303
48 10 70449 89
78 41 105411 342
31 4 5132 551
42 57 43073 173
12 70 14589 63
28 1 28736 101
97 32 5761 202
22 75 16963 154
63 35 37741 113
46 47 12528 214
27 12 23425 112
61 17 109869 235
15 45 41046 2116
52 86 35816 442
25 26 18407 260
71 79 48778 90
63 84 36942 225
91 28 5022 847
58 30 18320 126
96 51 7321 241
36 38 7596 128
8 86 82014 123
28 11 21576 182
87 27 19501 215
63 51 34007 325
26 66 42334 163
67 25 21621 60
9 48 10325 104
91 85 8778 49
29 16 20452 354
7 4 70422 176
16 19 60955 252
93 30 19957 40
5 9 7085 127
28 27 171609 50
14 98 13515 212
89 38 26528 98
78 1 79783 113
47 22 18900 199
92 3 4395 50
56 82 38338 57
57 26 84809 139
38 52 69519 128
16 92 97591 108
78 74 65855 100
47 25 16174 50
48 49 18804 268
8 63 10994 127
52 65 26694 73
15 6 58959 30
66 84 24444 210
29 6 73369 473
85 20 27693 273
41 67 26338 28
10 31 6719 137
58 98 12331 860
5 75 23873 798
61 31 16761 44
85 32 9039 382
8 18 6890 114
60 47 181802 89
55 68 40347 634
16 10 7952 285
16 36 98412 774
10 52 19443 212
65 11 27490 301
50 57 27761 495
70 26 36389 157
75 82 60989 262
28 96 20029 44
22 40 89466 105
2 64 25454 822
36 34 25392 236
17 69 17580 823
58 55 4126 69
58 51 21074 58
26 98 15875 81
10 59 6684 129
42 100 3528 69
28 42 19991 388
70 13 7691 191
19 37 11074 135
94 11 8838 87
11 29 39511 194
97 65 20469 205
70 63 11421 1179
59 84 63509 90
90 95 19251 62
16 7 15207 25
84 78 15638 83
4 88 3027 393
43 9 5022 57
17 18 4270 37
48 69 16908 23
69 47 34297 218
72 2 19289 76
17 1 4594 1225
49 76 14205 188
68 4 4026 795
45 32 15865 351
93 3 29577 39
16 9 14871 43
35 7 70167 65
66 44 16343 121
40 58 32841 31
7 61 82187 695
30 8 8115 92
14 18 17101 139
99 11 13889 91
64 2 9879 367
78 51 32313 70
40 1 149217 102
29 12 13470 128
53 24 6582 183
45 17 13495 172
16 83 39993 20
65 18 11586 851
5 8 4577 420
42 79 65985 186
77 88 61771 621
14 82 9426 88
70 31 73591 93
13 40 22415 445
35 19 24955 352
19 34 3885 99
67 32 37074 128
73 86 63610 122
60 31 6539 135
82 58 10412 315
45 60 4463 716
6 32 98953 72
87 98 16972 115
47 45 32524 89
60 66 14988 2105
42 45 19452 248
16 68 11229 109
53 33 12728 146
7 16 41897 11
95 86 3771 19
50 23 17491 150
38 9 4470 94
68 17 14240 384
17 76 11219 143
90 40 7230 101
15 70 29817 203
96 80 21099 111
95 100 12733 154
59 92 9156 238
72 24 171356 215
45 65 12467 167
18 13 15218 75
55 88 9433 83
15 60 60669 160
13 73 5076 483
15 10 9156 630
91 47 13816 20
84 70 7167 80
89 81 49131 320
96 73 17486 540
14 13 12096 404
26 30 5570 158
66 32 8319 641
31 10 18698 109
19 62 31703 195
52 60 29107 46
84 21 10466 160
38 41 12234 284
6 77 9702 86
40 42 96650 62
68 9 32663 20
94 96 36183 243
98 87 6024 40
62 13 48098 70
62 75 51449 952
12 90 14633 30
92 55 834 156
71 66 5509 1185
5 38 13482 148
42 67 15645 87
5 12 30348 137
49 7 38759 241
91 69 11444 55
56 57 19017 485
24 97 15698 80
51 29 8789 95
52 30 11664 45
73 38 35037 360
33 2 19547 90
93 13 11779 133
75 51 59550 137
16 29 206697 1208
95 60 52672 183
8 6 14945 130
60 81 3783 151
90 3 5559 113
67 42 30899 173
92 61 48186 53
86 85 9171 165
78 28 82592 128
89 61 9249 191
74 68 56435 70
28 66 5053 89
66 38 11041 238
28 9 58081 279
73 10 16541 142
46 24 45942 138
11 67 15003 85
32 86 7185 116
10 50 74199 62
88 34 16933 9
88 96 38854 13
85 84 87699 29
52 46 36003 351
5 24 12604 427
76 90 38699 299
83 58 1030 129
91 48 105560 213
45 33 3832 217
15 2 9963 71
70 29 13197 315
42 77 18243 1260
8 49 10157 70
7 47 66500 141
16 85 34043 52
4 34 13245 30
1 60 28594 87
2 96 12907 1657
54 45 24476 32
14 31 5856 264
14 4 677297 412
66 3 21195 525
23 3 3622 102
56 95 17177 171
53 5 8785 54
25 17 35183 265
77 40 12553 200
50 88 10673 93
27 8 16345 87
44 67 99692 339
13 39 25874 131
19 94 8413 48
35 87 16697 266
8 32 22357 585
71 7 65678 59
50 72 22392 513
25 51 34595 103
8 1 28534 61
76 77 28173 161
41 64 175822 262
50 18 3372 211
54 83 17515 234
79 64 31822 518
19 64 39842 672
38 26 4501 282
72 32 26471 66
32 97 62087 558
84 71 115832 88
43 24 6949 628
9 26 51142 138
85 77 8715 203
11 2 19309 526
38 75 25312 585
28 12 15148 88
27 17 3305 101
45 62 3768 196
38 85 22400 109
38 35 11833 413
62 39 88475 321
30 26 3840 176
3 93 37353 55
3 15 15154 64
35 98 59792 33
11 73 136520 513
24 65 12752 428
87 53 114008 22
12 35 11005 163
94 48 6284 42
75 47 10128 37
85 57 44875 144
5 35 1261 252
92 20 55377 458
91 26 10679 206
91 93 25264 35
46 18 33412 220
63 54 33650 37
14 55 281691 312
66 58 94977 198
89 74 8620 124
79 42 170441 409
66 82 51305 142
89 57 16550 135
60 28 43713 611
38 73 53893 167
4 78 92807 58
44 61 35288 107
41 58 68136 48
78 66 69634 48
20 72 7615 110
24 25 21954 688
45 59 117640 85
10 58 20995 120
8 28 36690 106
27 34 16786 60
36 48 89801 78
37 55 12932 88
53 88 40974 107
47 38 55240 116
41 18 27986 82
4 23 7317 84
36 56 56487 54
72 84 58577 191
47 64 29108 475
69 28 46739 197
70 56 13777 284
90 4 3348 51
10 25 9546 158
33 25 42510 162
15 32 174053 156
8 43 3096 222
37 62 16829 138
72 45 8427 408
18 70 23106 32
77 4 15808 140
96 54 27051 116
79 97 11819 302
92 19 56195 710
78 58 5321 127
75 71 16223 190
23 8 15359 83
98 52 16731 109
60 86 17086 80
5 21 2109 474
31 39 35507 385
9 34 18903 80
9 21 104734 50
6 26 3227 377
31 81 7810 79
81 693
16 30
28 252
32 135
31 518
26 86

7295765
