100 499 3 3
31 84 3766 479
31 47 8472 28
31 91 30764 25
31 9 42764 115
31 67 11148 80
31 1 18774 50
31 55 116707 179
31 89 9737 478
31 45 71395 61
31 57 15228 50
31 60 19926 191
31 12 11879 261
31 15 90829 162
31 48 13342 199
31 25 35360 660
31 99 105408 266
31 73 20107 190
31 23 9677 619
31 4 32300 39
31 42 33155 208
31 86 41959 200
31 39 88854 235
31 13 18333 109
31 62 37306 84
31 87 22196 279
31 59 22034 136
31 83 70730 57
31 81 2660 80
31 26 2931 293
31 85 10702 285
31 98 14378 388
31 68 21700 214
31 65 12354 203
31 77 17994 148
31 36 4991 123
31 97 43146 52
31 79 4683 169
31 96 9476 111
31 92 11606 1540
31 17 72713 56
31 5 41032 386
31 93 15509 197
31 54 17405 39
31 56 28386 110
31 8 33402 86
31 53 9332 217
31 58 5092 112
31 51 13012 116
31 88 4598 93
31 35 10964 556
31 63 3416 301
31 18 118878 9
31 22 89433 314
31 21 4243 129
31 82 21719 249
31 27 30965 366
31 90 3352 85
31 80 33567 77
31 2 23757 678
31 32 20416 161
31 24 34174 12
31 14 3806 123
31 19 18226 35
31 64 6575 835
31 69 6183 59
31 61 22915 773
31 3 4448 233
31 38 30725 99
31 49 25685 85
31 43 11380 108
31 29 70380 35
31 46 6110 224
31 76 31579 237
31 40 28627 59
31 74 5535 124
31 34 5195 85
31 78 5025 27
31 71 5739 79
31 52 43333 150
31 16 15473 838
31 6 19756 41
31 11 4160 394
31 28 37849 378
31 20 28290 288
31 30 27810 94
31 33 7990 123
31 44 10093 39
31 7 112272 480
31 100 18912 316
31 37 161621 229
31 70 28196 17
31 10 21739 130
31 95 10673 92
31 72 6604 92
31 94 24414 26
31 66 42574 48
31 41 31120 49
31 75 4699 114
31 50 8772 117
13 47 28340 46
60 76 24394 902
5 54 21014 76
46 8 17426 398
15 94 22412 79
57 85 29652 355
93 50 31268 352
100 16 6609 178
22 79 30062 171
26 67 185174 271
73 90 45669 109
66 17 18003 84
67 84 8081 869
79 35 10575 135
89 52 94376 73
81 4 2940 484
86 14 6304 392
1 85 15564 132
58 77 4236 1506
4 32 6310 251
21 85 77907 35
41 17 77878 255
27 49 21595 378
92 79 56970 203
8 57 5217 56
97 81 64193 251
67 88 53298 161
25 90 73324 23
7 83 14692 331
41 47 131606 219
64 99 12133 179
51 80 14740 24
96 38 18109 364
51 31 12907 7
78 15 9280 155
88 62 10000 22
46 66 37863 676
94 10 29139 322
74 75 125920 499
62 71 19647 83
58 66 12254 243
65 41 11061 18
71 8 46491 946
67 63 6394 66
64 81 13648 162
52 5 41103 369
41 18 31818 273
46 57 26845 96
71 72 65585 158
79 26 79120 191
7 22 1795 504
45 40 37553 587
57 16 44153 354
48 77 2235 101
68 21 41638 620
6 64 2697 39
49 79 15296 847
93 100 11462 236
3 96 31048 571
94 76 23659 1627
64 71 7828 167
21 80 109294 346
78 74 15863 52
79 94 32113 80
55 16 8301 248
44 66 4944 610
27 74 86373 133
49 70 89334 87
63 28 9070 849
76 60 48034 39
81 37 26834 213
36 54 88171 180
28 69 24844 738
51 25 38031 88
8 10 15198 60
21 54 22248 298
11 4 25003 129
12 84 39369 141
78 61 10858 61
51 77 18141 101
2 45 112635 2324
64 91 59417 17
90 10 47664 159
80 68 8435 48
73 17 12477 109
41 2 28323 124
41 57 35628 337
97 44 12645 36
30 62 11755 273
27 46 20893 20
90 55 30435 466
43 9 83484 58
70 82 8674 55
19 7 19501 12
53 9 28148 652
6 60 54452 440
76 41 11305 558
54 50 44209 59
46 84 14183 235
35 66 44516 101
53 7 6256 296
83 62 61899 120
52 39 45398 120
65 91 45865 161
12 20 80688 75
63 77 6366 319
83 99 12142 222
49 24 11567 482
8 9 98148 299
47 57 60775 119
96 70 4948 1429
99 86 2802 284
42 82 21230 407
24 75 36610 50
83 17 73307 47
33 22 32565 266
33 82 17455 443
78 99 10692 225
27 22 15268 367
14 1 501924 70
65 72 23574 91
93 12 23339 320
42 39 26586 86
50 58 22932 71
39 63 87704 80
2 42 8254 170
47 95 5985 29
4 60 64485 252
65 54 18560 76
89 32 21730 134
1 83 94218 348
8 77 24345 48
52 15 28598 450
48 55 38723 833
9 1 7993 391
99 13 16297 9
60 6 6402 229
96 94 28819 60
4 76 31161 104
44 51 10326 132
95 81 68655 503
1 73 33821 47
1 60 18391 64
90 2 13957 29
45 81 16474 175
87 63 24242 1582
3 20 37716 47
63 24 4131 212
69 60 38175 100
7 75 16068 618
44 62 3752 112
72 57 96447 98
50 45 26660 192
13 5 2395 250
47 49 26044 36
96 7 11190 420
90 70 32602 78
14 47 42517 74
52 2 18494 28
29 25 9920 75
10 48 20490 73
55 90 155017 35
26 66 101663 185
89 85 30847 174
71 28 14399 653
86 72 48562 262
45 41 61793 372
2 68 36686 29
17 8 13977 99
49 20 20075 45
87 35 45178 149
44 80 16053 103
79 42 18522 179
21 20 8717 9
38 74 31362 44
7 31 56258 134
63 37 31654 106
89 9 28901 48
25 21 2189 89
24 55 73150 171
73 93 9501 134
52 55 30812 191
10 20 20074 31
78 37 8911 1187
56 15 15028 254
87 44 7434 229
68 57 175282 280
38 98 53561 829
14 97 33786 219
70 12 38143 130
63 41 129267 180
95 37 16301 64
15 97 18171 64
78 19 3272 108
84 9 19880 118
19 13 4135 94
63 72 14364 80
100 14 12070 105
55 27 30532 204
48 64 17637 86
74 31 20474 94
19 73 156446 167
2 29 37316 122
52 95 101140 222
94 17 61957 200
41 15 30032 843
27 88 113006 86
43 4 15951 35
95 61 8657 167
57 23 24332 114
55 79 6903 24
13 24 14928 60
4 89 5943 1705
90 74 52374 419
58 31 28825 150
55 68 26094 58
94 7 22418 482
76 15 16161 159
28 68 81814 288
36 26 5985 21
5 74 23849 172
50 33 11903 208
25 35 36689 82
91 20 43183 155
77 86 8717 108
12 9 8220 377
92 16 25071 113
34 91 27986 275
57 36 26119 67
63 34 13446 169
36 69 30407 88
54 36 36798 13
24 1 3199 58
84 92 15022 436
62 98 4746 198
37 95 7567 66
21 56 14050 801
41 65 7387 193
89 64 16678 320
47 38 34322 849
53 59 15010 2517
48 56 30413 147
92 67 92880 144
40 49 20078 703
20 74 11623 330
79 41 4323 356
81 29 79057 158
88 44 51662 1787
5 83 21439 320
85 77 75682 57
14 99 14860 1925
61 68 17920 831
48 47 81480 166
97 90 63567 86
66 87 27120 174
35 99 22376 126
94 40 34926 307
40 1 3735 38
61 89 7878 201
25 42 22856 97
32 37 16802 28
63 50 24919 434
53 3 16059 724
28 76 1657 422
15 51 12402 85
21 1 30911 263
13 9 5690 51
26 52 28016 207
48 35 8839 305
64 36 28915 276
57 75 29632 582
60 98 28657 42
73 36 30722 196
54 34 7402 130
94 46 29738 81
20 99 44271 52
83 74 76927 362
37 55 40930 177
65 94 10832 3636
40 11 28654 671
84 55 4646 120
13 99 19089 57
52 31 42401 59
30 24 66856 116
93 25 85176 47
88 37 15971 184
88 84 6962 91
4 50 100048 86
49 89 10039 201
80 75 8458 354
65 78 4107 476
47 19 29980 97
40 10 30421 192
96 30 80126 120
71 67 24453 250
91 23 2675 97
34 96 3266 89
100 37 16847 46
66 93 2238 78
51 67 74782 2047
74 7 64704 125
2 77 45060 253
78 75 69683 51
54 39 6090 1254
68 48 22412 115
43 40 18776 104
95 3 24109 152
99 91 29071 142
47 34 3670 71
20 21 26244 66
24 33 25711 52
28 36 27446 130
22 76 7083 435
41 5 24948 175
72 27 46259 371
18 77 5401 68
37 36 41246 81
37 32 102299 197
54 56 16566 96
45 60 19795 161
71 19 50598 176
51 41 14370 16
60 44 56962 225
28 100 6035 623
10 59 18772 172
55 75 24681 230
86 77 14643 674
96 41 77069 70
64 17 28445 74
32 12 17477 121
63 52 57985 586
45 32 3623 76
59 96 7777 231
94 22 10176 326
58 42 17479 25
60 25 8577 90
16 11 11466 107
3 19 10336 1219
48 15 23547 252
57 43 60051 290
88 48 62114 165
12 43 29016 183
15 36 31717 263
14 62 73105 206
72 25 6845 176
67 27 7749 21
58 90 82580 111
79 11 133672 270
42 38 20276 66
15 71 105260 27
76 37 47297 275
40 8 14895 89
37 8 18622 324
86 7 77303 161
39 56 39649 53
75 21 76840 367
68 56 13782 450
54 38 4495 34
23 14 27515 121
10 15 4915 345
54 67 29608 27
71 94 29213 498
55 44 18060 65
56 24 18615 244
53 8 3839 81
16 27 18839 39
20 100 5185 144
83 40 17663 139
23 54 2947 109
49 12 58304 1372
52 77 17957 238
55 73 9878 81
90 43 31265 245
83 67 7455 175
58 29 117022 412
88 47 52378 155
23 24 44323 63
84 20 2608 231
28 41 22395 437
93 26 24147 49
22 88 53116 344
74 80 37972 81
25 17 4096 143
61 25 18580 79
67 73 50388 38
37 7 51526 78
4 77 15033 26
32 16 16892 264
68 99 22822 43
1 76 71313 168
1 53 131804 169
44 43 33522 77
23 27 3495 249
4 33 35311 483
34 66 24553 249
17 83 17033 121
27 8 49614 193
32 73 42437 575
24 90 10912 32
99 33 4235 865
31 693
63 117
55 40
77 185
99 248
41 209

8098865
