100 499 3 3
79 82 45755 143
79 31 12936 66
79 39 14586 147
79 2 9739 61
79 15 22497 427
79 23 112728 146
79 77 6230 449
79 91 31635 290
79 57 6828 313
79 90 197148 150
79 68 10801 280
79 20 233416 164
79 38 7661 649
79 80 37148 147
79 52 16292 148
79 24 37570 146
79 44 17557 183
79 100 35116 377
79 88 12074 59
79 51 2647 856
79 89 53390 804
79 41 13468 1010
79 7 43665 20
79 94 7888 245
79 73 40700 357
79 84 122570 187
79 70 9414 206
79 45 13835 156
79 71 80259 242
79 6 9414 226
79 63 75109 303
79 60 14197 65
79 50 16718 294
79 96 16911 189
79 1 7816 54
79 61 12018 146
79 58 50754 19
79 42 2553 421
79 3 15071 481
79 13 1727 118
79 26 130594 308
79 9 21544 60
79 98 5187 86
79 17 46554 540
79 62 34683 234
79 93 14803 64
79 32 35256 142
79 95 6639 196
79 33 11048 77
79 74 37845 66
79 8 8367 144
79 78 41068 104
79 92 14291 120
79 18 1000000 474
79 5 353379 104
79 27 20991 309
79 46 53407 61
79 14 36042 31
79 55 15267 345
79 87 4784 24
79 76 2501 60
79 65 9505 20
79 43 65106 125
79 37 7691 129
79 10 7856 38
79 47 16230 201
79 25 12105 129
79 35 11271 98
79 86 13863 391
79 72 71740 262
79 36 3140 226
79 34 43689 193
79 19 26646 86
79 48 121039 3401
79 4 10803 38
79 56 28972 160
79 11 23659 754
79 66 30147 29
79 59 13351 202
79 54 9098 147
79 28 17418 83
79 49 58102 200
79 21 19698 132
79 64 75872 222
79 75 30165 312
79 69 6480 81
79 12 7098 83
79 99 27962 102
79 16 10451 202
79 53 9610 51
79 30 44603 338
79 40 7172 339
79 29 31707 296
79 67 76013 927
79 85 44593 194
79 22 58941 322
79 81 3779 224
79 97 47468 203
79 83 29069 460
13 7 14562 697
53 43 29455 54
87 53 82088 284
36 74 46083 111
33 70 10567 186
73 13 12789 155
70 46 19646 97
1 24 63814 128
93 42 20909 536
76 82 9261 177
99 18 57030 660
78 90 22670 118
76 49 49285 290
59 5 12328 429
51 1 39701 201
25 40 7695 173
38 98 9934 238
13 4 3040 390
21 2 47029 518
34 5 14917 284
38 80 7542 59
72 3 29102 168
55 70 12886 405
97 27 21590 116
93 80 38361 90
47 63 10644 116
74 47 20049 159
53 82 15867 201
64 63 19072 232
44 89 19938 57
18 43 6454 78
26 97 8473 268
80 18 4727 686
13 93 12923 118
5 54 69231 240
51 33 4707 394
50 29 5202 149
52 11 39786 77
87 67 74124 50
52 55 45587 75
6 15 18945 339
81 28 85582 185
76 61 62990 76
2 4 35933 893
93 4 7256 145
6 19 13679 37
94 25 18667 57
2 39 8400 159
50 28 46095 44
75 21 12912 172
90 21 21218 32
90 85 19690 67
89 41 9093 462
17 37 23191 31
89 37 44536 31
10 39 124294 399
69 94 18350 54
49 34 81043 90
9 68 8650 39
14 15 120861 169
15 25 8991 93
57 44 183573 207
77 95 18348 441
92 55 12910 655
70 38 20649 136
80 7 60914 79
54 59 90526 187
27 52 8668 105
52 95 54972 97
51 47 7707 393
36 7 8415 43
70 85 154561 331
93 26 9053 555
52 81 3643 164
51 91 117417 217
86 1 11961 96
68 76 12600 42
24 45 47484 53
67 80 31084 353
46 92 16366 681
81 16 19486 388
65 63 7565 14
42 43 20519 152
95 97 23968 149
6 75 20384 99
11 82 17967 200
1 64 56266 39
84 55 4345 45
7 44 145480 380
14 18 9406 26
8 96 67977 156
11 12 38601 238
94 7 5535 32
23 22 42085 463
47 42 16557 296
88 38 17493 210
82 47 18231 1310
16 14 109027 51
28 31 13880 56
78 100 25980 31
68 1 90389 198
97 83 8210 1282
82 89 59738 94
49 91 2740 61
89 85 136973 605
84 37 17042 76
14 42 72218 62
1 94 36759 664
44 38 225577 8
78 89 22061 177
81 90 32993 87
5 41 25767 16
26 52 11568 366
5 60 8748 138
10 65 10560 182
32 7 31329 846
81 32 21679 596
90 46 3983 388
63 67 4970 87
85 37 45981 62
57 37 15747 135
53 28 26094 415
31 13 24534 70
58 1 52617 123
66 52 17132 461
71 54 7753 101
81 94 25987 155
64 54 35309 328
33 72 8208 517
96 85 41505 48
91 60 6902 365
68 99 74264 1441
18 68 18842 16
89 16 25525 873
92 62 19192 88
90 74 5832 497
74 44 5622 312
36 98 24715 102
98 60 33826 37
90 50 6272 165
57 75 31910 340
93 31 11682 192
63 64 8251 77
40 34 64377 55
51 21 7956 61
17 49 43022 1616
29 26 21236 449
96 18 7106 98
88 29 30874 203
85 6 3374 37
16 88 47969 585
86 39 31750 50
35 20 128279 132
83 9 14853 92
7 54 328678 43
91 13 31984 242
50 34 48907 85
37 29 8554 63
10 81 24853 48
77 99 36106 129
71 28 77973 31
27 78 21876 577
16 12 27457 694
36 49 114708 191
32 57 26464 332
100 53 106397 144
19 85 22065 181
81 79 26249 225
27 17 8380 180
96 81 16418 81
38 19 18609 218
57 1 174125 224
44 86 33290 337
1 16 18455 54
29 74 85706 179
25 50 64407 337
21 35 15209 67
87 88 4642 693
5 78 20970 856
23 59 42584 761
69 30 250288 205
99 72 16720 185
41 55 70391 336
97 46 129586 21
12 73 56937 345
18 3 12725 52
61 92 9447 562
84 22 11203 452
95 11 21314 387
32 11 5520 138
32 65 85210 146
36 35 17347 1188
78 1 7832 69
42 33 30712 76
62 98 49543 92
58 91 5886 39
33 1 10591 30
9 18 37481 69
91 25 12058 233
56 85 10750 261
32 28 122185 447
1 7 10042 167
50 48 9812 129
1 68 40350 156
36 76 8993 101
3 96 8784 48
77 47 4451 1490
41 29 22508 172
47 27 37824 124
46 19 30908 258
29 6 17127 282
24 9 20383 41
48 29 12089 1051
81 60 143927 194
63 66 17043 127
23 98 85405 328
5 86 18471 81
89 59 20044 63
10 75 19595 146
33 64 18094 211
53 91 34143 90
18 8 40520 315
56 3 81428 390
98 67 50553 132
42 71 37726 76
87 18 3121 218
9 22 46894 75
92 4 71269 285
48 55 40687 737
64 1 52808 330
36 3 12356 799
48 11 64120 221
92 68 5858 284
4 48 4757 233
61 37 12123 138
15 65 3655 947
32 15 458094 83
56 36 68594 180
74 2 2589 225
85 59 9535 72
35 24 30803 43
20 68 18767 28
53 83 13285 114
27 62 12252 219
96 47 169383 111
90 20 2129 189
47 89 58820 85
78 4 5735 42
44 88 25296 35
93 17 79802 255
93 35 7176 184
6 17 6118 40
83 81 6666 232
7 50 15776 908
28 38 140782 298
32 61 36911 100
18 83 15503 14
36 62 6216 323
48 12 97648 104
82 66 6213 63
45 41 8788 112
57 24 24148 69
44 81 179970 611
83 43 6865 28
4 12 11219 287
83 26 17750 258
34 56 77465 613
33 85 5233 71
100 20 15960 191
41 10 24390 342
64 10 22663 178
80 100 27470 85
84 16 188724 253
92 53 11499 135
64 33 71664 339
19 86 4956 95
71 11 18301 343
21 73 19268 211
70 19 9724 627
77 48 19412 391
6 82 10584 234
6 16 137854 27
46 78 58751 397
70 63 29104 33
2 71 3824 84
26 36 7388 251
66 100 58786 155
41 85 3166 189
84 62 96185 33
16 99 10294 15
16 41 14006 184
74 15 8569 51
14 94 26553 269
48 86 96104 95
12 54 21912 86
19 28 8755 114
9 84 12707 501
100 7 2325 70
87 89 27202 46
57 19 12457 757
44 36 33492 266
57 29 75056 115
65 61 27871 222
34 25 3008 306
43 93 16000 115
81 26 50738 87
60 29 19833 34
54 30 4948 47
29 41 19513 88
41 15 93569 180
46 22 22361 265
95 59 19204 158
62 20 6793 208
89 14 13049 320
92 10 18099 197
12 23 26762 535
89 29 42753 155
83 52 13630 239
38 39 8388 32
67 42 16983 50
56 79 51021 36
45 85 10525 8
22 39 11563 81
66 70 20996 481
20 38 54494 110
49 70 12614 459
88 21 10439 160
55 7 73064 549
95 54 3457 218
54 5 9816 174
59 61 88867 416
7 97 35115 194
9 41 51993 135
75 25 26622 112
53 51 57685 131
9 53 20585 321
83 89 4866 201
11 67 10440 106
72 87 22386 162
62 55 11072 69
13 56 8442 64
22 16 18146 66
57 32 25801 41
91 8 6983 295
96 48 32185 37
49 60 34688 59
39 14 32896 2040
53 81 3789 79
21 69 26011 346
14 35 29998 173
40 94 26901 111
70 72 3589 138
72 40 62486 313
82 29 25595 848
22 81 61825 218
90 64 28481 90
30 83 7777 26
1 48 6541 240
57 90 8672 128
96 21 4749 206
32 43 16996 330
14 74 9146 158
12 61 86242 256
11 18 20688 139
26 59 10681 364
42 77 31133 85
97 86 30041 263
20 6 13126 292
100 58 71399 652
65 97 174823 630
9 79 15586 392
10 13 96707 475
33 9 3421 322
34 9 38859 1134
3 34 63227 22
28 71 14464 28
81 85 74674 95
10 72 7065 47
31 98 8714 176
20 76 8310 44
98 22 15895 11
35 70 16220 44
81 87 10489 106
97 82 11697 139
52 62 39966 21
61 72 8924 97
41 8 32043 141
78 11 12043 347
80 69 92393 562
56 49 76068 131
58 64 27481 17
52 34 9456 77
6 60 8687 324
2 42 42879 137
1 41 6343 178
71 9 11725 50
75 23 19037 3165
55 49 19120 413
32 85 667 93
64 51 3398 248
79 1089
81 20
57 99
85 196
29 126
7 759

33546826
