100 499 3 3
26 62 52403 120
26 86 92229 175
26 43 78390 108
26 36 3532 124
26 87 19230 168
26 24 29605 335
26 20 15353 19
26 96 6852 20
26 35 3159 724
26 38 6067 132
26 83 18247 105
26 80 4671 101
26 81 28244 346
26 52 45488 74
26 79 69183 35
26 3 13765 144
26 9 14513 163
26 85 2655 207
26 7 4548 71
26 100 18235 66
26 11 10612 145
26 31 168721 124
26 90 38487 618
26 76 27824 182
26 45 10589 135
26 18 4163 492
26 22 31820 218
26 78 12588 215
26 12 22073 83
26 48 39196 316
26 44 11235 80
26 91 51478 28
26 34 11738 73
26 63 94074 211
26 16 13215 28
26 23 14367 71
26 29 1592 412
26 57 5872 164
26 47 217223 17
26 27 28161 440
26 73 45520 80
26 46 9473 206
26 55 4971 118
26 21 31938 165
26 69 4292 72
26 50 26080 74
26 51 8221 113
26 60 12586 80
26 82 6603 267
26 25 64272 322
26 10 13490 174
26 74 19241 185
26 2 146143 561
26 99 3788 119
26 71 26722 309
26 40 45421 120
26 56 71538 207
26 6 81859 61
26 98 27056 364
26 61 213499 46
26 14 39500 183
26 13 21796 270
26 64 7809 89
26 97 45025 203
26 30 11354 170
26 65 35697 504
26 68 116101 382
26 39 57747 269
26 49 7586 185
26 8 51695 52
26 70 142105 286
26 19 30817 66
26 33 10167 30
26 88 18263 25
26 53 10168 62
26 67 98723 232
26 92 26563 56
26 95 41379 79
26 4 12822 298
26 93 10949 138
26 32 27795 248
26 94 5898 63
26 28 71504 133
26 72 21839 58
26 1 18392 54
26 58 5577 84
26 37 13964 256
26 89 14635 354
26 75 37420 239
26 42 44001 258
26 15 20981 147
26 17 71780 285
26 59 87521 58
26 5 51782 88
26 66 20519 67
26 54 510743 364
26 84 30492 175
26 41 22902 22
26 77 62270 115
71 20 15406 254
56 93 9738 137
80 92 18083 246
20 12 36055 177
94 79 41034 30
85 58 43483 205
22 6 57579 179
30 97 26842 205
92 27 153630 44
49 8 3609 50
65 76 8308 601
87 25 4690 69
91 98 5652 281
94 1 24014 1256
23 93 26948 19
93 88 15873 448
36 66 17490 1680
70 48 16942 586
30 80 57865 325
6 21 23822 236
24 67 13153 74
70 45 9438 271
62 27 102994 41
20 86 35748 55
98 72 9877 208
68 4 6053 119
68 24 18225 159
54 13 72506 329
35 4 7061 380
11 75 33302 254
67 15 9754 458
11 16 19966 91
4 78 26668 406
35 76 1588 25
89 2 14684 1105
89 3 12814 51
3 80 51768 280
28 29 27619 1232
88 23 3518 536
6 9 16158 244
21 73 52503 782
15 26 15210 195
52 30 104544 112
48 14 19077 114
52 18 24078 58
61 100 5646 96
15 83 45717 47
73 7 141895 51
17 23 2733 133
54 30 64067 168
48 42 55167 231
33 38 12426 90
38 24 169026 182
75 77 14976 55
95 29 12582 208
92 42 16125 152
4 72 78029 774
47 73 33183 125
70 17 15576 382
54 63 14432 44
36 62 42204 66
38 16 12979 61
10 19 32345 274
12 82 230936 302
43 52 26500 85
90 7 25325 663
49 46 29675 237
1 79 29535 273
87 93 21460 126
18 28 5447 254
10 34 64534 780
16 30 22131 288
10 63 41181 194
63 49 13262 21
75 34 67089 53
12 93 155777 92
12 98 13684 2098
41 29 21048 41
88 51 9070 44
20 1 10050 65
5 4 89257 579
48 2 2941 79
66 81 7978 602
75 73 37978 643
17 93 20082 34
94 82 27720 258
80 82 10384 91
79 36 45916 29
75 20 19150 73
99 47 60135 235
41 20 2346 442
27 36 37381 30
30 71 195096 586
36 24 21346 185
43 54 10860 63
41 24 14448 167
2 31 28643 145
27 42 28776 157
83 33 13982 47
79 77 31163 517
78 23 36595 83
84 39 53961 75
20 89 29248 105
60 20 23416 489
88 79 8790 67
4 18 12930 172
49 76 7165 365
55 67 47632 215
32 31 23539 373
90 28 33276 64
40 67 13899 314
69 96 13072 273
37 62 6180 24
1 15 31123 98
29 65 13349 393
4 13 97084 51
66 22 6955 690
82 45 34346 121
71 6 13917 248
80 51 55708 43
59 22 12006 377
48 71 18575 97
74 97 6992 286
66 37 38892 67
10 1 8037 138
50 86 36764 13
6 71 11701 32
4 82 102497 83
81 9 12280 44
78 27 5721 92
64 61 31809 243
41 98 8628 288
18 40 14768 54
28 96 2613 184
28 58 65404 155
22 54 29798 424
67 24 88288 56
93 53 7622 57
82 68 78398 107
100 70 14670 76
85 91 22865 161
27 33 14487 114
66 14 91278 439
13 18 8292 315
5 44 12282 14
45 32 46869 314
57 100 20686 507
4 83 19958 44
50 87 10873 175
17 10 26483 145
98 60 71206 244
58 40 256808 2095
87 9 3480 92
88 99 24205 656
34 50 5708 450
82 53 93303 83
82 36 30678 143
89 92 4399 120
1 58 4076 496
80 69 79210 188
35 74 67334 83
37 15 18307 24
19 63 25093 189
8 81 4773 96
10 72 21262 148
94 50 73620 139
10 98 15778 297
98 94 2256 193
16 43 29452 94
31 3 10307 1032
72 52 16821 273
93 2 18775 538
23 62 20525 103
44 87 11949 78
92 59 95326 1027
86 52 13009 152
36 31 17905 582
99 91 18368 124
85 76 61835 51
27 39 19116 60
25 26 17624 360
31 89 14380 83
52 89 22438 315
45 3 51763 102
65 63 280933 154
14 73 4826 23
28 16 20315 271
99 64 18924 199
74 7 23971 167
94 93 87150 162
15 12 11801 928
53 27 17647 194
93 96 12592 98
28 88 90602 162
17 97 10522 1289
31 45 18618 63
75 72 141435 84
19 59 10046 226
92 22 11193 150
6 15 47164 147
66 79 66331 135
75 44 19577 97
8 42 37023 76
72 45 90183 260
44 27 19151 145
18 53 8384 43
90 29 15015 162
85 71 26445 480
18 72 2335 196
6 58 39046 167
72 46 41448 876
10 16 69155 115
98 99 40888 155
69 100 30157 63
80 67 36338 301
81 1 24652 67
72 98 20931 649
57 5 27705 199
75 35 9964 71
98 84 31442 136
32 55 6844 151
34 74 13456 100
98 61 12784 26
24 76 10053 113
78 72 16034 119
6 45 23097 118
73 66 49582 250
5 37 40250 353
15 55 25507 316
65 13 53046 27
77 11 12082 207
76 24 2432 31
57 61 152880 354
61 92 15093 248
47 54 2525 86
4 40 22159 77
11 52 2808 16
43 79 3641 374
56 28 29808 287
56 40 357777 284
25 84 22184 275
12 62 21157 201
87 36 4725 151
23 67 29586 94
82 64 15402 488
3 74 12182 80
12 63 13683 94
17 85 15093 120
52 67 120270 693
65 54 38163 237
82 85 50378 53
22 98 34196 86
78 15 25518 800
72 96 95529 56
94 16 6776 568
81 72 24491 460
24 50 82694 64
23 6 7304 631
93 44 6855 81
12 70 71708 129
99 81 23423 39
93 81 15319 13
20 40 6933 59
2 66 8314 1012
59 71 8129 331
31 84 17375 124
70 43 6229 431
16 89 24447 175
61 73 10903 1011
96 38 13859 215
41 61 16450 180
54 2 12928 34
48 19 13306 273
16 58 30972 339
64 81 2735 127
72 32 35422 47
21 14 26246 154
7 37 51284 111
79 70 47703 107
53 80 34989 160
99 83 10579 88
88 92 18500 56
61 85 12597 63
36 47 11051 262
35 15 27055 564
96 51 13516 1476
51 96 2617 332
91 86 6599 127
29 45 49675 57
51 34 29758 230
75 97 30808 31
68 37 26827 66
1 42 10117 226
18 57 12905 79
11 49 84235 367
100 36 22736 182
2 3 5166 354
51 36 31631 107
62 38 76467 240
17 67 20933 382
42 38 19236 109
14 27 61595 35
83 65 12980 349
18 31 10398 41
38 20 8895 156
73 46 27828 192
63 76 42514 253
25 3 36837 325
30 25 19952 101
42 3 43146 814
79 93 10132 207
11 54 27141 131
97 12 29662 75
95 82 12076 57
43 38 30502 188
98 48 16704 49
86 4 18074 120
79 76 1985 73
93 28 4410 52
78 74 26220 987
99 53 56907 58
73 59 34111 84
43 57 39572 265
24 51 13006 24
38 64 47626 273
28 13 53652 71
93 32 117524 185
48 6 51050 138
39 42 19074 198
49 71 61845 219
71 97 10954 248
87 59 142428 409
44 46 3187 116
92 85 21220 237
95 94 9481 77
42 9 49798 668
19 36 9706 244
76 48 45758 33
97 31 10851 310
59 84 34573 92
21 27 9054 134
91 40 3402 143
82 41 73837 298
7 93 3675 163
78 45 50895 279
24 30 1522 259
47 55 3888 89
10 73 65491 50
53 6 33931 164
42 76 50552 42
36 57 8877 572
79 66 24000 83
80 40 2584 232
68 98 13521 86
33 48 10488 353
23 90 47295 299
39 26 19150 212
87 44 13377 323
29 75 23833 154
29 40 11310 50
91 35 17377 133
4 30 20805 260
64 56 558960 384
82 49 36965 273
51 79 31059 267
29 79 3251 171
15 81 14260 279
83 30 28978 158
78 29 20019 132
59 31 155337 383
28 33 4927 99
97 78 63669 239
89 26 5507 1639
50 46 175033 70
32 98 10474 480
74 92 16493 885
89 15 142994 311
83 54 22630 294
64 63 194818 373
59 94 30883 109
44 60 17276 101
73 47 13915 1059
39 6 92288 96
76 7 16867 109
46 15 31935 414
85 10 4207 831
55 12 32602 136
22 74 33884 269
68 75 29535 36
41 32 3556 64
75 52 48113 63
20 11 26685 121
95 88 5143 63
91 63 46977 61
84 79 26321 319
95 33 31726 401
77 71 13469 89
33 81 13039 249
39 94 15611 109
96 72 48048 115
26 297
75 72
93 240
98 334
79 106
76 160

18694435
