100 499 3 3
34 73 15771 208
34 26 72706 244
34 49 5032 132
34 23 2810 629
34 71 6837 217
34 29 4855 41
34 33 2440 160
34 8 4394 210
34 55 13420 46
34 56 82629 63
34 32 55808 47
34 61 12404 86
34 99 51883 25
34 67 34404 243
34 46 15964 127
34 35 14211 195
34 50 35603 53
34 68 31108 40
34 95 49901 995
34 57 50924 35
34 86 27308 73
34 89 6249 73
34 37 32899 167
34 15 121071 25
34 72 89812 202
34 22 49864 77
34 38 16552 194
34 9 4592 139
34 4 11624 644
34 44 23550 99
34 39 13333 227
34 63 5771 66
34 70 36894 47
34 25 51189 160
34 58 7790 95
34 19 4083 88
34 1 6934 124
34 79 32582 107
34 98 15101 387
34 7 7107 79
34 54 17554 203
34 83 72266 887
34 14 268642 118
34 48 14451 56
34 6 9816 99
34 82 14235 135
34 12 20049 194
34 80 6098 112
34 11 10467 36
34 43 22408 729
34 53 8884 1141
34 65 13278 60
34 64 21855 149
34 66 8801 358
34 96 36663 412
34 97 9420 207
34 90 32290 222
34 75 82354 134
34 84 43571 95
34 87 7224 117
34 13 3007 595
34 21 40798 151
34 45 26810 372
34 18 86888 78
34 27 35396 178
34 51 22257 40
34 41 12133 125
34 100 7822 35
34 91 90589 14
34 24 124423 863
34 81 57842 245
34 92 12229 749
34 2 12287 233
34 60 3895 142
34 31 22582 43
34 10 140538 52
34 78 25586 26
34 85 27724 249
34 40 14161 434
34 88 27860 70
34 77 18413 186
34 20 121053 233
34 69 48349 328
34 42 12748 150
34 16 670 85
34 17 34592 37
34 30 19383 184
34 76 36454 589
34 28 4047 743
34 62 6590 48
34 94 9392 205
34 36 18936 382
34 52 26060 53
34 93 23411 585
34 59 8816 180
34 74 10086 211
34 3 25909 232
34 47 90749 82
34 5 13094 280
87 83 45392 381
13 39 6042 1490
73 35 25002 336
11 80 13688 54
94 90 106643 197
100 24 65392 2210
61 41 60825 114
30 94 21826 40
27 9 43153 291
31 80 18294 109
74 77 95564 395
9 20 22833 36
14 77 19012 240
55 1 59617 611
31 9 8776 83
38 29 2280 91
33 42 40207 257
27 56 66420 511
30 87 174696 79
72 79 11567 89
91 31 22457 138
94 100 36178 49
78 64 6817 52
38 67 11401 94
46 36 12447 142
86 19 47706 317
2 19 83368 58
66 78 16475 120
12 93 2348 277
47 58 16781 109
50 72 86144 107
24 23 2074 189
71 81 8583 305
79 95 11691 437
56 43 64148 77
57 97 56104 311
15 41 16632 222
48 84 17736 214
42 32 137700 28
87 93 17685 357
77 57 12000 516
73 58 50107 179
21 74 41661 329
59 43 7584 180
99 78 20388 79
39 79 38435 278
23 80 51428 424
88 9 20841 390
63 80 7406 94
83 64 5232 199
26 96 48900 651
50 62 26354 406
92 3 86676 90
88 23 11517 191
91 17 23006 245
81 23 10600 124
28 6 11069 142
26 25 12852 41
85 83 70524 88
42 85 16781 91
76 15 47664 157
16 22 8742 176
64 98 60195 178
57 28 138308 93
81 33 90987 131
99 80 20765 100
68 20 5723 73
40 54 10306 80
44 54 258475 231
36 31 137710 73
72 45 38516 83
51 8 6976 124
8 67 4253 158
50 57 98518 252
35 1 11368 116
100 1 50026 32
90 1 50696 52
51 75 44244 272
14 94 82227 355
5 30 4335 244
96 12 17717 411
45 27 145009 205
63 69 5100 20
4 19 39307 486
51 58 42291 133
9 21 27720 218
43 100 185563 381
58 69 24266 471
22 51 29999 465
10 93 19022 88
76 43 28222 613
91 57 4182 1383
35 9 14225 59
14 86 44613 112
23 96 8320 392
9 40 8546 97
100 33 32175 140
27 75 78139 138
41 95 22860 38
96 42 19738 972
47 50 114345 185
17 63 4353 100
81 15 29785 121
1 21 11491 349
58 26 4174 100
58 20 10464 258
38 82 20809 112
28 80 11549 93
67 48 16843 157
69 2 33896 216
31 1 19978 180
23 40 11367 167
58 48 42227 175
45 43 13758 92
27 81 32092 279
53 97 32068 235
54 25 10382 139
38 57 111031 66
20 7 10465 206
55 77 8723 187
6 30 39091 169
72 20 7158 61
94 42 233143 917
48 28 11514 112
79 12 29330 157
39 1 16104 624
30 69 21736 67
10 89 49866 83
37 83 22530 174
5 84 9044 85
45 68 21759 160
38 54 119561 50
1 41 10542 351
3 35 174693 13
17 77 30051 183
19 29 201579 421
82 46 13132 414
23 42 4739 105
87 21 15499 165
38 17 64452 226
30 89 30180 81
59 9 6471 184
9 5 41497 83
42 98 37554 247
41 82 12735 365
5 10 7875 28
86 11 4540 573
89 38 62152 332
70 21 13134 253
56 26 7231 32
70 86 27129 523
94 33 19425 1277
22 99 3491 38
92 10 18990 106
58 99 2305 181
66 27 24066 217
100 83 41842 78
67 1 42952 341
2 14 19386 153
90 10 31195 114
58 12 99721 212
13 42 2413 160
23 69 10653 40
26 69 5602 292
23 90 75876 1591
32 40 11912 219
48 75 3792 73
55 17 349840 100
17 28 35378 158
23 21 41294 256
20 15 37395 334
8 95 35661 203
71 8 6184 161
32 31 31070 630
97 32 35971 268
11 2 4801 95
23 88 3538 38
3 90 17800 141
4 66 3802 28
50 84 16069 73
51 70 19962 42
5 45 29442 75
86 39 12198 52
22 17 13137 185
58 22 92195 17
13 88 25337 59
27 53 10333 351
51 66 24018 211
59 2 36182 60
48 12 6396 22
39 74 40673 572
72 43 64577 447
40 66 28281 27
23 16 74557 298
54 9 12201 839
16 64 880 99
21 82 28991 257
71 4 20377 133
47 16 7971 48
3 12 31819 163
74 99 4912 1260
85 30 77172 17
72 76 93190 76
99 97 25818 221
76 62 7768 226
93 38 40473 468
51 37 13721 120
67 84 11379 109
91 89 8011 75
88 7 9556 250
44 23 67305 901
60 93 17423 60
39 76 8786 90
17 21 22586 236
64 14 31114 822
61 96 55259 663
33 100 30618 130
66 26 37161 97
74 71 10856 81
70 8 5583 619
46 61 11926 37
95 18 17795 63
61 10 7449 252
93 58 138477 168
73 24 118862 227
66 96 50848 119
56 62 14219 101
52 31 11404 123
40 18 23013 28
27 28 38832 36
33 68 15922 158
80 85 49872 52
68 3 15533 609
5 57 106926 198
94 21 11430 169
53 1 48351 69
100 69 3809 313
100 6 73278 95
60 19 19791 54
78 6 22524 65
67 11 8081 1232
2 57 10487 388
66 8 20780 133
74 97 94320 267
25 29 26218 108
44 28 21479 557
44 22 121288 226
38 75 23255 57
29 96 25598 66
5 59 5579 54
60 24 33424 168
66 24 15994 267
99 64 21277 136
18 98 31763 100
80 32 214128 129
13 69 7709 474
97 25 32639 3024
30 11 3917 470
14 28 13170 318
100 64 101974 198
83 61 32796 145
68 46 25813 620
8 61 11219 79
38 72 27152 961
98 96 37231 461
66 93 33540 35
96 43 24016 44
26 30 84058 99
58 47 23236 68
58 14 7955 349
54 37 15713 249
28 59 32678 133
67 54 111009 54
82 96 45226 349
83 44 305547 56
52 77 18557 121
7 93 19788 89
26 61 88512 66
97 30 25603 142
4 14 8432 569
61 87 32139 55
58 94 25907 40
20 10 866 506
99 16 53301 31
8 78 77614 315
87 5 35509 246
49 18 17415 335
30 43 102628 191
38 51 11720 164
25 71 20681 1559
51 68 30912 283
94 87 18685 32
66 59 11048 88
13 32 15031 192
8 65 145541 397
35 14 58110 89
43 23 44394 368
55 79 23030 121
5 1 3926 146
71 89 35983 167
39 37 44881 56
29 83 23718 75
94 76 14716 109
81 27 5671 136
37 14 14560 203
15 95 10687 20
87 10 5117 111
85 32 137626 582
65 1 48458 232
24 45 21119 58
11 96 6377 377
74 15 123645 418
38 4 120376 108
27 13 9995 34
38 59 11376 67
47 44 18337 30
12 46 12322 111
33 54 213082 130
8 32 23324 110
80 100 68665 79
48 82 19935 225
58 39 21577 313
63 1 21941 57
50 59 21826 150
22 91 39658 254
67 79 13489 82
71 36 7956 81
67 49 55430 1604
1 35 20424 36
89 92 17941 156
95 81 5803 597
37 10 45928 64
77 58 19912 186
92 88 127425 117
93 45 12749 84
19 94 11666 20
30 61 25893 128
11 76 8972 340
82 55 109645 505
18 43 13196 288
6 49 2599 574
90 78 43264 98
72 26 73843 135
46 24 8008 271
93 51 23971 68
22 42 20715 114
97 69 158159 133
45 100 4011 392
29 67 19334 90
24 7 35613 86
4 11 27109 26
7 56 121913 319
47 48 6957 202
13 54 21349 63
65 69 19084 263
33 46 48743 113
25 60 19364 137
29 26 26488 146
59 94 1527 78
4 90 10746 183
59 23 196412 69
22 78 6408 156
12 30 64836 107
78 96 35686 82
36 44 7408 277
86 20 18385 263
42 58 6212 49
30 52 30456 666
71 40 11801 863
35 60 24006 50
47 82 9798 307
90 72 51606 276
39 91 11036 61
86 38 5863 42
62 65 7052 461
15 81 4627 98
48 92 66368 40
19 22 251818 69
96 18 72009 155
60 26 37424 583
60 12 7887 85
10 73 12159 181
65 51 20547 272
42 30 16981 27
94 15 21368 245
19 9 63827 269
57 91 7396 23
15 71 2792 16
72 8 97048 191
45 17 17514 1134
78 16 21457 214
67 76 44519 600
51 31 201589 965
5 20 83472 328
19 51 23002 85
89 23 45187 112
41 45 83531 363
98 16 174730 57
4 41 181962 75
81 63 19301 159
34 99
58 231
38 385
1 274
96 56
69 33

9051353
