100 499 3 3
91 95 85306 30
91 23 25336 40
91 39 27050 264
91 30 29034 74
91 67 17171 128
91 66 31248 100
91 20 115680 454
91 99 117136 649
91 80 9528 83
91 56 35850 436
91 5 23676 239
91 22 103377 129
91 9 90524 898
91 69 20262 52
91 4 19159 581
91 90 49346 651
91 68 5979 39
91 92 6160 70
91 21 6024 151
91 100 3885 42
91 85 28965 120
91 96 10354 119
91 70 37752 105
91 78 58340 532
91 51 18000 114
91 52 60116 52
91 25 53985 22
91 37 9420 85
91 47 12943 72
91 2 4485 147
91 11 7709 45
91 79 18111 156
91 28 33960 45
91 74 13554 224
91 43 9745 27
91 49 6745 128
91 65 19851 242
91 75 23224 33
91 16 28230 247
91 63 13094 60
91 81 9235 290
91 72 30101 156
91 7 11536 120
91 13 12145 195
91 57 5559 107
91 64 32933 71
91 77 27097 115
91 24 14714 161
91 14 12847 271
91 60 20081 401
91 88 57049 817
91 6 77193 558
91 35 88672 183
91 82 3892 214
91 89 35995 330
91 50 34806 25
91 27 4798 118
91 34 6633 102
91 46 3119 18
91 29 9018 115
91 19 8672 107
91 26 87503 69
91 31 45377 30
91 17 16021 382
91 58 4433 91
91 12 27251 38
91 61 7420 25
91 86 11036 30
91 48 10196 85
91 33 29640 74
91 62 55942 280
91 18 13994 280
91 1 31922 21
91 38 18242 158
91 97 2181 47
91 40 40785 47
91 53 39267 522
91 87 48215 122
91 3 6315 272
91 15 50999 100
91 8 6870 320
91 41 22375 578
91 32 101630 215
91 44 60092 285
91 94 22337 38
91 93 8743 494
91 98 66637 512
91 55 2962 134
91 54 30717 155
91 71 55456 143
91 83 12836 516
91 36 3181 126
91 10 87139 93
91 45 95217 152
91 73 3554 135
91 42 125228 274
91 84 27988 14
91 59 49446 63
91 76 30789 359
62 6 27659 388
71 40 1689 352
87 29 22370 104
53 100 43981 539
28 45 216364 1679
93 46 16433 218
36 39 8369 84
31 42 16644 31
31 30 20435 79
8 71 3954 174
25 90 10859 164
59 41 27657 376
51 52 27359 129
81 27 10086 47
87 50 80865 111
10 27 32509 400
57 32 181078 209
50 72 14302 206
60 51 33981 602
24 60 4869 296
12 42 39176 58
68 56 20084 827
28 89 17030 24
80 70 24489 239
19 30 4909 64
79 95 21690 1010
7 44 1025 1057
22 23 332126 141
46 76 9673 72
48 42 3827 948
46 8 9987 81
33 27 2027 76
56 76 12824 115
27 51 22947 343
25 80 248592 219
1 48 11797 534
48 86 13413 187
31 72 108439 26
25 86 37404 42
58 75 9450 45
46 41 31273 225
82 36 135474 2782
36 29 54666 104
66 97 22142 84
84 35 27719 417
24 93 112810 131
26 9 16252 26
4 46 26301 32
87 11 23473 401
56 48 12138 107
15 64 9048 173
44 78 99039 426
15 17 38300 128
72 14 7062 353
33 11 10968 361
71 80 10370 61
35 1 4543 51
42 82 7830 588
42 52 34519 346
17 12 11692 1382
80 55 17561 626
70 38 37962 162
32 37 30902 127
49 81 7247 136
22 35 13971 155
66 85 26250 92
97 28 31389 700
51 63 60006 178
4 60 147773 286
76 38 13797 994
20 76 30031 393
34 32 8809 19
46 81 57385 104
46 74 51546 314
52 45 28425 352
53 39 617015 262
66 1 33135 462
1 46 824920 266
21 32 43647 253
59 93 29549 382
65 68 31938 169
25 98 14447 164
51 38 44391 525
80 16 18765 115
45 95 45865 101
86 79 27040 289
62 84 58405 223
82 16 37157 134
47 71 37829 67
88 44 20760 126
8 24 8049 425
48 78 8798 40
64 70 35467 848
95 3 31831 128
71 27 12679 10
17 76 38069 60
100 59 61506 44
16 1 8807 406
59 21 19094 10
2 20 21054 427
25 30 15894 53
20 72 11139 251
41 8 16835 86
12 16 19306 213
81 40 98141 347
89 27 165826 693
86 98 18650 111
54 59 33650 137
53 64 27379 492
10 6 7175 26
19 74 66011 43
51 37 13582 244
20 50 7765 333
32 79 11579 86
94 11 29112 112
5 28 50685 206
53 61 10890 775
60 98 54496 128
64 48 35002 706
35 55 13323 95
75 10 6289 150
6 76 45760 350
53 23 35841 98
81 53 148927 82
76 11 33252 98
96 61 65142 135
59 86 17006 65
31 76 21428 378
9 7 39052 158
22 34 17165 164
79 72 30067 123
74 49 7976 38
22 78 51845 43
90 92 12203 322
96 31 34293 276
88 69 50360 40
96 82 118789 88
36 87 47942 630
77 99 60029 134
84 60 52736 93
8 32 82871 469
27 71 13491 121
55 46 27197 109
50 80 17358 675
67 22 285699 67
11 21 20201 116
58 44 24496 54
100 14 14356 89
94 28 46454 59
32 66 12157 81
12 33 1883 40
69 29 35267 125
33 49 25113 75
12 91 76422 173
75 39 23066 21
26 32 32330 534
76 24 47322 161
72 24 30693 61
38 59 31083 237
51 79 20892 38
56 33 5447 80
7 95 16998 243
59 55 49348 98
9 8 37367 88
27 75 44912 267
75 62 13320 48
42 90 22256 282
30 89 24128 29
20 64 16824 15
55 51 29944 38
61 40 12343 206
97 65 28399 108
63 68 17398 189
33 83 7324 76
79 83 16805 1123
97 67 2789 174
9 30 5673 111
46 84 42296 338
58 52 24439 7
63 48 85289 78
32 89 88896 1079
24 47 6603 623
38 67 14787 93
56 28 24757 19
1 96 30197 136
95 99 25414 487
46 45 23931 442
92 79 103644 149
5 83 90227 116
58 73 36643 660
97 96 16030 111
85 46 14374 132
75 90 6994 803
22 59 17131 143
56 43 2290 37
61 53 9975 47
27 11 3151 2095
94 31 48245 340
38 17 17338 75
86 95 9583 432
97 76 31267 151
49 21 10709 275
29 14 53776 157
65 57 4373 51
74 42 11092 172
27 53 16500 316
5 24 32939 155
89 40 52013 124
21 45 10077 249
28 66 11207 42
37 77 16362 19
27 4 47989 122
8 69 28960 181
55 6 35700 147
8 31 68451 522
8 9 28932 231
10 100 32471 168
47 13 39224 339
49 60 143463 413
64 13 43789 163
99 69 52900 158
57 20 6216 498
48 52 59160 76
1 22 12294 85
50 85 86371 290
1 32 10404 477
92 61 17211 188
88 100 45399 164
18 44 216947 122
61 48 94305 165
58 65 61442 131
13 94 11429 136
26 36 6353 161
86 26 13494 419
51 45 5283 289
20 54 14189 268
69 71 13564 41
24 26 7628 197
19 20 54227 335
48 58 7401 40
20 15 111100 147
24 84 14199 303
66 96 5679 657
45 85 95018 497
6 27 17713 210
14 27 13460 245
48 70 6444 60
29 44 26324 46
13 60 36211 174
94 20 178769 210
38 24 27617 172
26 87 47737 65
53 46 14454 940
64 93 20747 62
72 75 55150 154
12 32 23977 31
82 93 9614 627
12 13 13727 391
42 48 3668 26
96 41 25662 192
28 97 113757 46
40 56 43506 262
95 49 52534 179
4 82 29153 179
92 63 3724 209
89 1 11501 48
52 49 9186 60
49 16 44115 133
14 69 3307 355
93 84 6167 20
38 78 19474 774
10 8 13407 139
71 21 6939 79
28 2 14672 284
82 78 54193 353
51 36 12228 192
55 86 13388 58
45 48 29661 168
80 66 9712 108
90 62 18115 54
65 90 106880 247
61 100 36033 114
79 69 14683 49
88 67 27678 226
62 71 14361 133
85 74 82223 74
30 16 13955 115
32 5 17195 96
34 2 11655 1350
87 66 37785 289
61 1 28363 133
87 74 35587 260
22 11 11665 258
19 7 24021 335
31 43 10634 254
31 85 31738 166
14 5 104287 403
90 44 923 379
31 93 11409 44
69 41 41366 311
66 37 102710 819
93 62 58518 130
51 89 18019 58
83 50 32117 580
48 15 4581 128
30 92 55873 488
61 90 5087 152
43 76 13220 390
90 89 49018 1299
15 98 12332 60
24 88 37727 39
28 87 12507 104
31 51 22971 283
45 99 10616 72
43 10 1465 22
32 69 24101 981
30 85 36853 101
1 23 13287 145
1 17 23719 88
44 58 5105 105
13 30 32206 25
51 33 25470 77
70 94 74437 626
56 98 89589 266
47 30 54044 176
99 76 47130 343
54 71 10858 319
43 66 20846 91
64 52 19686 103
83 16 11964 757
36 100 10441 224
86 69 63155 85
34 17 36341 294
8 47 21055 146
72 69 20901 693
12 73 30288 391
76 4 3589 319
97 60 26571 53
63 19 25386 46
54 18 40202 48
74 24 42806 118
77 85 107500 120
51 42 30524 27
31 81 13150 115
85 92 8664 144
78 72 16321 480
73 31 42290 234
5 73 23424 230
58 8 22355 204
100 92 102141 91
60 97 35526 40
19 36 84006 904
1 50 13847 76
27 90 13849 182
2 81 39480 109
95 65 9217 56
86 27 7403 1526
38 46 103300 743
71 68 32303 149
6 92 36805 356
15 10 11748 348
27 12 64685 19
69 3 25359 104
69 39 42495 57
35 32 29883 372
21 22 40896 98
85 3 25466 94
41 27 10659 91
51 80 40965 140
87 2 21210 148
39 69 13460 113
89 44 9627 208
26 72 16618 187
11 24 24278 103
1 77 56255 73
16 66 6015 394
92 5 61887 180
46 9 6292 394
61 58 21114 385
30 65 8366 184
95 54 33924 161
42 47 66305 269
45 65 43505 189
56 23 11689 98
24 76 33664 67
42 12 49367 753
67 43 10867 254
16 88 18519 32
53 27 16499 81
81 71 36711 148
20 3 18697 287
40 67 28172 147
50 26 31870 211
99 67 30440 359
80 44 37424 60
95 42 5358 30
50 96 19108 154
52 94 156985 892
85 7 2575 133
81 43 28633 323
91 4257
51 33
31 18
76 1001
27 1398
69 992

137532360
