100 499 3 3
1 84 21174 202
1 16 13516 152
1 33 65035 309
1 71 7095 79
1 97 13390 287
1 73 13877 132
1 93 24813 1328
1 88 10597 142
1 64 50381 534
1 7 16066 23
1 80 32337 166
1 27 55502 68
1 18 19018 83
1 56 33460 211
1 85 34297 26
1 63 35149 46
1 69 23444 761
1 66 103418 70
1 36 7417 227
1 32 51986 26
1 46 31856 58
1 12 3716 153
1 65 29964 41
1 29 12634 62
1 13 20225 127
1 76 6684 121
1 24 55653 486
1 3 76615 189
1 87 14620 75
1 42 20200 835
1 90 3283 76
1 95 35037 399
1 68 24222 126
1 86 6906 141
1 62 76231 578
1 34 15951 316
1 28 22185 23
1 54 31350 171
1 83 131835 289
1 20 12371 1141
1 31 16351 83
1 41 36899 226
1 5 26637 2653
1 40 18307 1226
1 89 12731 704
1 50 14117 117
1 15 10905 66
1 100 73049 24
1 43 24347 322
1 21 73804 102
1 98 10209 41
1 37 11404 84
1 49 10218 36
1 92 10336 307
1 60 10984 141
1 55 4669 120
1 39 17711 181
1 96 129619 236
1 72 4090 104
1 14 20847 27
1 19 7197 752
1 70 11873 436
1 79 17413 196
1 23 34422 344
1 26 51367 124
1 9 164093 376
1 45 16851 288
1 53 15300 172
1 94 13819 31
1 75 9004 279
1 52 6704 579
1 99 8050 270
1 8 24406 192
1 25 28358 143
1 82 9230 71
1 67 2238 31
1 2 142526 1132
1 44 53296 172
1 51 44412 302
1 6 11005 124
1 48 9260 164
1 22 107345 600
1 59 17095 150
1 81 24538 104
1 58 51866 178
1 78 6134 32
1 30 28691 546
1 17 18161 19
1 4 5276 95
1 77 20279 169
1 74 32015 1507
1 35 331551 148
1 57 30180 475
1 91 10253 237
1 11 8711 69
1 61 103821 98
1 10 44309 60
1 47 17009 266
1 38 24541 54
48 86 24624 62
89 64 55093 349
73 46 37351 84
95 72 78617 30
62 10 5605 62
84 19 23917 331
79 72 21816 384
78 6 59021 97
83 46 2707 182
82 56 18272 101
22 96 22643 60
13 57 27394 54
9 40 20611 67
21 72 55766 361
39 54 6922 452
14 10 107152 424
5 16 7240 202
82 77 26569 149
54 25 17068 411
19 35 7439 27
100 16 14683 37
15 53 22223 142
21 15 18589 74
71 84 2432 322
59 68 32667 47
36 8 39672 117
66 44 25038 274
95 45 702 425
7 80 29977 485
40 96 73520 51
19 14 14560 462
83 55 2839 80
99 66 27497 354
6 97 35285 174
82 8 38989 223
95 33 2545 51
33 1 31108 210
76 53 12683 37
13 100 8259 52
97 69 7138 311
42 54 12388 392
99 34 12959 43
90 14 10697 225
4 54 34116 18
90 48 6725 389
33 35 33076 51
50 51 18261 223
3 76 48229 201
53 45 76319 63
57 91 27452 164
19 25 8527 326
76 51 25288 160
71 94 9875 373
89 35 5082 166
71 29 36555 374
99 29 179275 653
90 97 38397 158
77 41 32547 150
78 55 17673 273
55 20 2901 94
21 46 5774 182
90 59 18618 111
49 42 53565 167
36 19 3815 203
10 16 12476 240
34 30 12206 24
74 64 27020 80
29 56 43747 56
37 62 56956 57
5 31 54279 89
35 23 26373 105
90 84 10440 546
41 78 77894 412
44 65 59794 677
92 45 46401 104
37 92 7444 49
29 15 24546 71
36 77 132681 326
48 25 39688 103
100 99 31158 361
36 91 16068 913
48 47 95442 109
67 11 63594 265
82 71 5386 51
64 88 4398 103
38 47 307750 454
97 59 41191 92
48 23 1341 119
37 22 22568 379
24 2 18078 141
88 87 29023 209
8 21 32547 403
88 32 48889 120
34 96 128138 16
92 24 27800 542
61 50 2868 140
23 46 5506 80
58 66 16896 28
35 37 8742 235
23 79 10499 404
27 29 9942 42
31 69 52396 95
15 71 5447 184
57 90 37488 232
30 12 8535 66
73 43 27613 319
70 86 5071 106
28 32 11002 655
13 80 41226 139
68 51 7568 93
58 25 161909 87
81 93 30020 185
39 88 15132 148
86 67 34539 117
92 63 15556 54
52 69 67410 81
67 62 32217 75
41 31 7812 162
71 40 20939 178
66 10 35255 152
62 98 22335 189
48 79 3583 360
44 54 7763 50
53 7 29301 85
70 96 20856 39
99 33 15083 33
21 97 29394 129
26 98 26042 201
86 23 23807 223
7 63 28915 664
51 12 102395 251
74 19 17609 638
76 5 11032 107
54 92 27675 86
98 30 16593 117
84 5 29047 565
78 38 21974 185
53 87 54788 51
6 70 5790 557
4 90 10907 785
21 73 22658 324
56 91 67482 128
59 51 47230 170
31 30 32513 113
20 88 40482 81
67 68 133589 208
18 1 42740 66
40 64 5807 747
69 76 10134 296
42 99 16826 108
36 13 14226 179
24 73 22780 88
76 1 13429 375
87 85 20603 481
7 81 26469 458
34 87 6721 64
70 7 9811 189
41 94 8503 126
22 55 120865 397
7 59 62459 29
48 49 49696 142
93 41 41212 179
26 99 12143 82
84 42 33760 213
66 31 8846 207
87 2 4554 276
55 74 2176 236
79 4 39753 622
32 31 10644 45
59 81 3768 47
97 32 48366 1291
93 24 10294 108
9 65 51833 834
55 48 15444 824
79 70 61486 168
8 49 20014 630
68 73 16915 1177
41 7 43163 65
69 31 15249 76
37 4 19687 184
11 81 2045 125
19 81 8926 89
23 10 19970 75
84 99 63895 80
29 18 18047 384
72 36 6202 50
29 54 32131 47
91 32 61179 176
8 71 24415 91
54 93 117482 45
98 24 18204 92
33 45 156797 81
79 54 69358 39
6 96 32490 211
5 36 9329 190
33 34 54753 285
35 55 14112 349
45 35 15217 48
34 20 1823 560
61 70 14052 82
32 43 35181 42
10 83 28219 44
28 11 37961 92
73 99 160365 70
68 83 38654 53
13 5 52264 34
51 87 89320 148
11 32 15799 203
68 45 8148 41
4 68 10767 44
23 17 45669 393
27 71 26489 154
8 55 2249 742
77 17 16185 45
40 67 24531 33
20 32 5184 33
68 8 15752 249
85 80 87553 87
97 23 4046 39
74 35 23127 172
85 87 23173 106
26 38 6998 734
33 93 4625 67
76 100 8084 27
32 98 61587 200
13 99 13763 175
73 98 19884 136
4 29 17917 50
77 69 6922 217
82 100 66021 198
80 61 70828 242
74 10 73928 279
81 68 31247 96
84 92 13124 104
77 90 13040 79
42 4 24386 96
95 89 27102 1709
81 21 7457 46
65 90 84687 425
26 72 28043 116
5 20 58394 111
51 91 13439 58
88 15 4397 222
47 29 11250 438
74 46 132781 182
15 33 29312 312
83 80 142442 146
6 2 44785 220
36 38 49542 120
61 93 27209 300
18 11 35629 558
14 35 117454 500
76 81 14418 218
100 30 12020 117
31 45 102103 199
54 1 32448 101
65 97 11870 144
97 46 9432 44
55 8 9371 154
49 14 17753 68
82 69 34708 61
86 66 19628 102
12 31 25495 92
55 54 13849 266
60 26 38342 286
82 79 13022 43
90 42 17451 658
20 95 47085 709
19 33 93412 155
72 78 11703 562
25 15 28338 257
72 61 30841 307
18 71 6283 127
12 84 11884 268
47 4 41562 54
27 57 93247 319
88 22 143975 200
62 40 66049 109
82 74 2336 158
37 50 34982 33
83 96 41519 865
47 1 19738 57
4 61 25639 1333
53 62 9161 98
24 27 98276 116
71 87 53428 42
85 91 31980 38
5 75 13188 91
94 76 14799 51
38 60 23225 342
85 93 39818 178
26 100 87313 194
28 34 18155 62
70 60 4605 181
34 57 36992 71
48 92 32817 201
39 34 34366 84
51 39 10117 166
36 54 36641 18
57 51 53416 101
70 36 2556 197
95 23 6070 167
70 37 8247 195
51 48 12709 33
25 55 8432 93
7 96 13787 186
13 19 6171 271
5 30 16565 34
55 60 5488 97
21 57 14595 36
6 94 10957 56
23 61 11337 650
93 30 16741 97
94 72 15797 298
45 86 113060 411
80 3 126558 141
43 20 164561 424
11 91 805 146
27 89 24145 60
51 88 14864 70
48 22 30747 59
87 21 37093 49
64 30 19595 551
61 16 27073 56
10 42 19013 237
72 94 10444 169
40 78 6546 231
22 41 30527 251
32 30 5773 124
52 47 29206 280
21 86 41712 511
93 95 31474 63
63 37 64084 101
96 31 59280 362
68 9 22262 77
3 44 15439 85
23 1 74107 106
44 36 444744 193
89 94 30233 50
88 36 126748 112
80 67 20554 372
18 47 12971 31
23 64 23177 75
39 77 5408 57
54 35 4736 345
80 71 19593 108
15 48 27644 51
78 50 4196 623
57 96 6394 296
66 57 3947 343
92 35 3730 166
33 50 30201 168
58 51 24854 1127
25 58 6433 872
19 62 34546 38
10 27 28026 174
95 32 3767 143
85 96 18142 631
14 52 47900 39
12 59 34491 124
47 42 92165 64
59 28 32688 146
86 8 3790 785
55 6 10040 355
56 77 14646 81
28 44 5687 137
91 82 8164 141
2 41 9586 611
24 53 2475 18
16 41 5586 294
91 51 8701 58
59 5 4368 118
96 4 14741 282
74 99 10121 238
86 32 89790 283
54 97 22197 80
90 49 71661 171
84 29 54540 477
43 7 12787 113
5 63 5550 147
45 32 30847 122
27 97 11795 110
35 33 357049 231
52 25 60542 130
29 100 53745 73
97 92 14489 13
51 89 8556 219
96 49 25153 173
75 53 10402 526
64 6 69618 3286
91 37 40093 51
9 70 21186 178
46 54 21330 46
82 78 38111 37
9 18 10349 209
57 14 54954 273
70 68 88319 64
95 55 5711 48
19 20 36493 85
26 93 140475 207
1 396
82 117
48 24
96 98
54 42
32 220

10579515
