100 499 3 3
46 68 6558 145
46 16 10182 302
46 9 22137 49
46 20 5497 394
46 93 33948 442
46 5 32065 63
46 28 11207 102
46 41 39610 125
46 54 61758 118
46 100 21635 190
46 81 27115 32
46 87 10031 610
46 58 9596 103
46 77 23118 770
46 24 21717 370
46 31 40985 154
46 47 56991 396
46 39 17916 14
46 40 21994 24
46 4 104742 424
46 26 77394 22
46 79 7181 34
46 64 21896 185
46 11 17725 67
46 27 5846 176
46 50 4933 18
46 67 6746 238
46 10 26019 323
46 2 13278 249
46 75 19770 235
46 86 36632 25
46 22 36618 159
46 13 71631 58
46 48 94278 108
46 6 52417 99
46 99 23165 101
46 91 81650 503
46 36 12881 157
46 56 16999 272
46 23 16694 683
46 32 11915 113
46 43 64905 3527
46 45 100830 318
46 49 6088 174
46 80 42205 81
46 94 8044 128
46 60 27138 240
46 35 92442 468
46 85 7683 201
46 72 27986 73
46 69 39971 89
46 37 6602 86
46 71 3626 132
46 57 6821 363
46 95 7004 1592
46 59 6233 78
46 62 25056 27
46 14 41621 164
46 12 149994 8
46 29 39453 45
46 55 43531 414
46 38 16975 188
46 66 100527 139
46 78 19263 579
46 25 25915 39
46 88 27521 193
46 82 29060 212
46 83 20122 24
46 51 83276 163
46 30 23189 218
46 65 69288 209
46 90 124517 260
46 61 69746 29
46 92 12460 59
46 76 19456 21
46 7 37997 85
46 96 23768 462
46 97 55216 124
46 34 3838 195
46 3 21403 289
46 63 18820 163
46 1 94963 24
46 21 12179 373
46 98 91486 329
46 19 30705 190
46 70 26054 240
46 42 15899 172
46 52 4600 114
46 33 78293 265
46 44 15430 217
46 73 19994 1155
46 17 10343 102
46 8 23074 226
46 89 35599 88
46 84 6957 347
46 53 11053 57
46 15 4552 279
46 18 14405 343
46 74 33254 128
36 89 13431 196
14 86 2099 397
63 88 38025 54
60 87 11165 40
61 41 34970 107
60 33 10052 116
9 8 2100 67
63 98 8702 736
33 73 13515 123
76 11 15953 37
53 17 65665 201
63 7 23157 98
30 79 54255 196
21 27 30338 563
74 66 37772 309
2 73 4268 61
90 64 16360 142
19 20 20256 168
51 28 56936 206
11 33 10488 117
91 75 16487 48
79 65 4486 110
29 4 3645 33
33 39 32115 254
25 5 7528 208
64 48 19414 25
54 74 20138 331
72 36 25794 120
19 56 5002 368
44 8 84426 242
80 16 23565 238
14 64 43322 207
80 82 18716 392
43 96 20357 252
90 42 28243 149
100 11 28501 491
80 75 6865 150
67 1 9763 68
28 76 39861 380
35 80 31570 511
13 40 7031 131
26 52 2478 281
4 13 36201 90
19 73 22831 45
11 22 10781 405
63 59 81925 119
9 21 18084 54
23 84 15276 156
63 62 9534 133
59 48 19174 141
13 24 4232 29
98 42 11239 136
78 74 23720 188
51 34 14111 166
88 93 14193 37
66 70 7355 109
9 53 13673 167
19 96 112095 207
19 72 22369 23
61 48 7594 137
8 67 214346 117
83 44 33824 33
32 71 11944 62
81 12 74502 359
54 3 7163 216
33 10 8399 126
70 91 67609 346
49 54 14555 53
66 72 7735 131
72 16 106010 128
75 62 38911 113
79 75 63694 394
42 78 28836 30
70 52 44100 228
28 24 7518 102
37 29 6663 109
42 68 30514 89
60 48 26772 147
62 74 22822 19
70 43 19161 1000
64 25 3942 131
40 57 22825 225
69 59 9843 326
49 65 33129 380
54 40 41425 278
41 6 23010 56
66 82 50204 510
82 43 10072 1301
97 53 197504 289
28 97 7531 541
37 64 56830 383
13 1 25023 523
91 10 18719 35
21 94 31879 795
30 78 8719 141
65 6 130828 81
73 49 53448 109
11 77 59245 219
38 53 22481 474
90 43 101103 1075
13 85 3045 359
14 9 19504 340
78 28 15302 146
91 17 35121 250
33 34 20987 398
33 25 4512 62
54 65 18623 925
48 52 10690 122
93 45 24345 59
51 9 15014 208
31 41 33991 91
77 8 12440 16
16 24 76031 55
8 82 15256 794
89 57 10881 191
27 43 20849 128
84 45 5202 234
5 7 90522 155
42 77 57983 149
57 14 41933 46
40 71 22022 24
11 47 9323 1066
29 96 21192 146
17 69 7828 349
91 21 8858 74
75 13 169179 695
51 17 52062 171
57 23 51863 179
28 20 23322 69
72 20 60094 69
18 92 18277 7
83 96 23299 113
38 7 18953 125
24 31 18223 382
78 1 29237 358
88 55 31448 643
92 63 60749 1020
30 65 57342 70
44 63 13518 55
48 11 15969 50
64 31 54755 184
71 94 6840 104
16 72 10892 243
29 82 3300 28
83 75 18819 507
5 59 36404 116
92 65 20422 99
45 70 86446 147
40 84 55094 286
45 97 25703 1023
60 61 40261 315
6 8 74520 577
82 22 19755 413
58 74 86552 613
62 34 27135 97
68 22 2876 78
47 80 57242 1119
77 13 17258 1055
27 69 4891 100
26 36 23694 209
20 86 11306 36
63 89 12112 50
22 94 33078 30
34 41 94118 140
26 19 18761 43
99 31 20429 142
29 51 52766 377
85 82 35668 236
86 33 22644 279
52 37 40778 67
92 32 9154 20
60 85 39279 156
100 3 47261 423
37 58 68867 123
90 18 66267 72
59 79 27372 28
61 98 89718 872
59 70 13254 541
69 62 44584 71
15 68 62876 108
32 69 11586 755
12 25 12646 159
81 58 15189 204
13 44 4796 73
75 89 10803 162
13 4 21366 741
42 94 14240 233
52 99 17164 15
29 94 15947 135
55 21 17596 211
9 97 5077 47
16 5 4523 179
85 94 68142 112
83 59 6176 91
57 12 11786 71
90 13 63951 168
29 56 28288 103
66 22 7923 42
85 59 31664 40
68 83 50910 72
63 35 39599 668
15 81 924 47
59 85 8005 522
54 38 34352 129
52 43 23227 186
67 11 26361 617
49 25 38487 204
51 54 1468 378
20 12 24407 325
1 29 206411 136
51 94 30495 162
92 61 7158 518
18 40 22501 125
32 24 32172 355
89 80 76472 195
56 49 16160 65
43 100 23220 144
21 97 80682 213
84 92 19108 201
34 33 32466 139
36 53 36116 84
16 39 12857 56
23 76 8957 136
60 28 12896 217
78 88 30559 31
12 86 20397 287
89 8 13517 44
4 69 30437 162
70 80 2886 631
81 27 9014 133
22 50 15213 80
64 39 13171 142
13 12 59876 93
90 81 14726 159
34 43 6604 92
49 16 21652 51
83 11 7787 520
73 53 2288 329
63 10 15677 126
12 85 14154 127
75 82 13069 802
88 28 78342 68
17 27 104629 65
43 33 29408 1238
15 46 83301 975
71 32 54556 142
84 29 22177 354
87 85 42219 138
66 84 8394 82
36 60 144157 544
20 22 18360 69
45 11 27191 147
44 56 24035 98
31 6 7772 51
63 51 77984 207
36 58 89016 440
82 62 14851 130
75 57 6682 68
56 68 29172 461
96 58 10879 324
2 69 16598 51
39 44 3718 145
8 83 19242 224
61 58 2653 59
23 47 2596 721
78 18 14373 79
85 40 84303 175
78 97 19327 56
54 56 21582 915
54 55 95802 277
69 82 5421 49
16 9 9136 142
41 47 11247 105
17 6 12977 193
71 12 2146 28
23 15 5189 292
49 80 13141 339
92 4 12208 90
99 53 2756 1386
51 79 47165 19
12 73 12197 491
19 9 67653 133
18 27 45086 93
67 60 30312 521
3 80 15477 86
7 22 25176 659
3 40 4844 502
89 74 4500 38
75 28 14024 109
63 83 54539 89
12 97 10845 65
51 57 58815 163
8 68 8776 471
56 77 27988 28
22 23 9862 82
62 91 23250 59
48 88 9572 190
29 45 19851 166
76 100 3413 51
59 80 20402 51
79 63 61220 589
65 31 11549 31
29 9 10257 127
76 7 24395 230
9 63 7105 226
88 31 43311 107
41 72 52923 596
31 36 4240 106
26 13 6524 89
7 81 8648 242
99 97 4195 1454
99 73 8258 68
31 68 51990 110
3 25 27476 354
64 24 17069 40
75 78 51157 66
75 23 18424 29
22 89 18439 96
29 88 16961 76
42 43 9570 579
40 90 63359 160
45 63 80124 218
73 10 24301 347
66 25 16574 174
59 67 17935 197
3 50 29376 494
45 52 22682 174
73 74 18397 76
91 3 8217 741
93 88 17487 121
85 76 199759 159
30 87 18803 101
57 75 19938 30
39 21 88337 71
97 94 332280 113
47 22 53568 146
36 52 121682 179
55 71 22301 158
55 2 52333 248
36 48 16608 984
10 4 13758 342
57 33 26097 51
31 15 25312 518
61 63 8197 161
79 93 5552 645
14 5 32698 278
60 6 24036 71
24 57 24913 67
30 80 14872 73
93 91 8766 99
48 42 9211 56
35 57 9521 510
99 40 8687 518
90 32 65196 649
44 47 5079 165
69 40 12297 102
61 83 3846 280
22 42 20411 290
23 97 40631 271
76 82 18640 118
93 6 48197 851
37 67 4148 24
61 15 3749 206
4 99 21733 92
9 70 169018 279
62 78 121210 463
69 76 13668 66
4 41 17198 194
64 61 20492 115
2 76 5938 334
18 15 14545 166
38 19 55871 84
40 85 46055 38
57 7 38592 111
57 36 8911 38
97 24 22442 81
47 14 7832 281
49 75 6068 202
18 96 8322 876
26 56 4160 75
41 55 108802 584
69 67 9032 92
52 20 5136 1545
88 41 45394 264
84 55 14110 65
11 95 147325 13
50 90 61229 106
47 54 44440 108
58 49 20074 182
43 65 50920 542
79 64 47293 441
98 30 46475 263
20 74 21885 256
90 24 114459 35
74 72 9875 339
10 64 39834 78
19 49 13948 767
57 77 23676 106
95 23 16835 708
70 98 13351 208
46 693
63 170
29 9
97 84
94 59
82 42

2552114
