100 499 3 3
9 89 14024 20
9 17 17457 94
9 28 49448 205
9 2 21722 548
9 21 32233 317
9 59 40697 222
9 26 8115 44
9 96 23941 113
9 84 22033 30
9 27 106766 290
9 88 11437 54
9 54 23689 154
9 69 29247 181
9 82 39367 58
9 93 3018 40
9 11 17594 48
9 87 11605 1723
9 24 23826 153
9 8 19392 405
9 79 21738 73
9 1 4131 819
9 77 50019 58
9 99 26754 87
9 90 106875 350
9 13 9503 228
9 49 6801 157
9 42 56008 21
9 30 10517 525
9 32 5378 172
9 65 109403 126
9 14 28915 138
9 50 72891 223
9 37 17805 28
9 23 12460 41
9 52 37378 556
9 31 61586 50
9 6 58117 243
9 7 39445 256
9 70 37025 627
9 41 24012 507
9 10 36641 228
9 60 56748 67
9 45 102723 508
9 3 13380 640
9 43 70304 98
9 97 36742 206
9 64 84031 1315
9 5 27987 172
9 66 1094 203
9 46 45050 81
9 19 14501 69
9 40 16145 28
9 51 12240 93
9 16 61331 112
9 25 15935 727
9 34 22364 418
9 53 2481 39
9 92 9259 579
9 95 25039 652
9 18 6397 219
9 61 16782 558
9 58 50800 569
9 71 41931 90
9 44 60927 228
9 35 20037 349
9 98 49128 269
9 73 21277 151
9 86 56302 434
9 68 4871 3256
9 85 19040 95
9 62 14928 489
9 83 63316 117
9 47 18886 133
9 38 14404 75
9 39 8191 169
9 81 10819 140
9 67 1835 206
9 48 48462 306
9 78 27201 16
9 55 58398 13
9 36 20293 101
9 20 25656 551
9 94 22391 123
9 15 4810 313
9 74 74822 514
9 63 13470 250
9 100 11881 85
9 33 42131 96
9 29 88236 106
9 76 58272 212
9 56 17778 282
9 4 24236 95
9 91 32744 165
9 22 68766 59
9 80 3810 83
9 12 34509 503
9 75 30605 72
9 72 5862 347
9 57 26075 291
10 68 59474 303
45 28 30078 308
68 4 11528 118
32 72 32818 45
51 26 5671 202
13 16 62980 174
44 54 11453 123
57 5 9363 276
35 90 9964 115
62 21 10027 46
53 92 73200 43
26 30 62386 169
87 28 13321 207
43 98 27165 65
39 55 6218 151
80 82 23049 442
99 36 19228 134
17 96 5359 165
93 2 53363 150
87 95 17808 179
49 36 11144 185
66 30 24666 32
23 85 47628 46
64 27 38559 128
54 56 10986 26
79 72 43273 246
59 71 5708 26
65 91 36830 429
47 23 33240 167
62 15 22256 311
36 71 30011 56
24 99 4861 272
33 45 18561 819
39 40 62745 127
94 22 38926 62
29 30 55166 95
35 64 59064 212
29 53 57102 174
67 77 10385 207
43 45 42130 60
54 24 26978 26
13 52 28368 59
100 36 36038 20
8 53 19786 50
25 17 112754 120
44 46 38858 31
26 5 4492 203
80 18 25598 39
37 44 4256 53
96 93 7870 16
73 35 11612 217
62 23 39525 135
65 100 14613 124
18 21 2820 82
81 61 32027 188
30 80 5360 54
60 97 19164 749
20 10 55902 902
81 23 16461 39
2 79 16118 639
40 23 19545 367
51 70 35842 83
44 19 32278 195
20 29 2678 37
65 27 23627 437
16 45 6520 386
37 45 6837 335
38 85 36565 60
77 22 102602 411
81 32 75343 72
43 72 15263 27
50 34 13473 10
34 14 15187 47
50 77 32209 226
29 74 48316 107
71 93 6217 44
12 38 13372 111
38 62 14694 44
94 90 20684 170
94 75 8700 106
35 2 4211 257
45 72 3368 34
69 64 58174 259
84 65 15982 34
5 20 73896 1133
55 88 3515 255
25 90 45272 158
35 94 64935 82
2 96 5574 1078
1 82 56444 453
96 50 14480 139
67 27 87060 205
42 98 82380 469
23 35 12383 1076
38 69 35172 93
66 26 10911 68
77 60 10924 143
35 20 414291 188
32 65 47412 462
46 83 35038 17
13 85 35785 543
24 66 7496 42
79 36 13664 53
52 93 53007 63
23 4 2474 240
4 54 4402 155
92 86 49552 30
44 75 11647 363
20 51 23887 132
85 83 9271 149
40 27 41849 200
79 10 26467 518
61 88 2529 316
75 30 52967 298
90 61 7796 419
87 37 25619 280
54 36 18362 72
41 63 78093 59
3 72 6618 255
71 88 30912 86
17 40 21414 156
93 26 34683 829
80 66 61225 206
87 85 53634 175
6 20 34664 168
82 43 46681 26
11 70 89951 81
38 8 10623 60
59 26 39701 346
53 48 29985 91
25 79 4203 129
87 62 25657 56
92 84 34342 130
95 2 8973 1179
2 48 26299 118
22 14 28667 680
89 64 20203 679
61 4 26215 66
84 88 22439 67
98 20 53157 108
18 82 3054 266
93 42 5755 44
16 10 22661 280
62 77 86894 18
29 92 15611 479
94 73 11187 97
42 47 28527 58
14 36 26336 16
35 21 12038 332
16 95 2537 207
70 37 18418 104
59 40 34226 191
79 14 12411 12
52 55 80755 261
62 11 18446 55
53 91 20697 240
73 27 13351 126
31 89 1945 163
74 54 24514 170
81 59 51110 186
77 81 52060 66
15 6 38041 57
45 16 10777 58
13 26 9320 61
89 57 11416 60
5 78 69916 103
72 77 33583 30
72 27 33687 375
87 24 38198 218
23 45 5147 36
37 5 30220 122
46 85 6862 94
10 22 126668 16
100 63 106673 199
46 19 49258 134
55 51 27708 393
95 99 15043 72
17 92 6364 128
55 22 9705 70
66 49 65766 169
98 50 40069 184
33 35 21172 139
86 14 20959 178
47 97 28602 637
4 3 30439 59
22 17 2840 338
18 86 23512 58
79 70 34075 464
48 17 2417 39
3 85 7066 189
56 1 77099 92
72 59 44405 145
63 68 59598 1206
69 43 192718 447
34 23 118944 73
3 11 9772 317
97 29 13507 173
88 56 15956 52
60 83 16732 95
72 85 14177 251
28 7 51769 570
12 98 6436 113
83 91 29782 136
100 4 41090 136
58 23 20658 388
62 31 43287 42
79 2 28251 15
18 17 3091 62
66 70 54448 137
76 11 29478 492
76 71 34721 665
82 81 26180 76
4 10 153743 48
48 83 19909 94
6 27 17655 435
34 30 59934 323
87 46 36500 43
79 30 43321 343
4 68 21822 249
69 74 72868 100
49 83 22766 579
92 73 19476 253
34 39 56918 75
12 36 10300 467
7 57 6371 196
71 25 14315 395
52 98 2053 149
6 19 4021 11
99 74 20909 105
39 96 24888 76
48 82 4037 78
21 76 32842 98
69 24 12929 197
41 49 90200 1886
68 1 27388 38
8 37 301499 222
18 30 35045 737
76 54 18871 27
46 11 68989 341
1 13 121869 573
1 97 102014 163
91 72 22793 1117
27 65 371012 2549
43 24 11085 195
35 80 57290 177
86 44 16718 37
1 88 47343 31
64 8 16453 987
15 54 16161 26
25 88 108224 127
8 41 126729 85
7 87 9238 558
58 74 14780 288
64 68 26233 16
10 71 12958 37
76 2 39548 34
37 40 3647 47
34 61 30207 18
90 93 5356 707
1 74 36493 439
22 89 18942 61
40 39 11940 958
34 35 5087 38
62 25 29573 107
33 18 42154 192
63 94 25786 1142
60 3 10778 101
92 36 20332 58
87 27 6945 202
7 25 37267 48
19 64 10871 30
93 3 24613 81
58 81 19597 545
66 93 12758 197
43 79 18778 201
72 61 21233 701
48 87 9866 31
40 59 11643 153
59 3 51063 106
85 72 21279 310
14 100 19615 81
89 65 229325 401
3 49 12913 19
90 12 32425 98
33 48 66455 295
92 69 12364 92
11 16 13717 240
34 19 15513 101
86 37 65541 91
22 9 40241 228
61 50 32922 26
29 72 21218 119
89 67 37918 167
12 96 74194 532
26 80 9491 73
36 99 3933 335
73 72 11598 91
70 19 9727 646
1 84 13959 77
41 79 31845 207
44 42 2431 91
73 49 22269 373
94 32 64498 68
91 7 11707 516
10 3 10530 563
90 28 20996 113
44 30 11147 79
68 74 30361 242
10 100 10295 23
71 27 40204 13
49 93 10668 275
99 42 72833 63
43 54 42653 121
97 19 32013 71
94 89 37874 122
62 71 8731 566
30 15 4369 1742
71 41 28193 267
71 15 19007 55
98 24 4973 156
23 47 151325 284
34 49 65394 49
51 43 37013 74
82 44 11352 94
49 81 5278 66
51 30 5661 92
75 81 5259 319
55 7 15685 50
77 18 40855 370
48 16 50189 158
40 53 6884 40
5 17 18884 204
73 2 25011 122
41 46 39398 47
81 18 35178 322
45 3 42951 83
36 78 17906 225
74 65 8467 206
63 26 29830 222
59 81 13911 142
76 23 32419 185
60 11 11405 164
30 92 74266 200
100 16 67187 20
41 94 8202 109
23 58 8051 163
96 79 17669 224
21 22 8609 414
8 22 38475 38
34 64 5869 176
17 59 37916 85
89 24 18882 413
23 65 24784 361
55 33 8964 343
60 56 18102 56
65 59 8907 178
17 71 91460 170
4 2 3295 112
65 93 29977 202
69 79 57334 392
43 73 88299 13
17 31 140940 575
53 42 17414 215
80 6 23102 28
16 88 47683 68
12 44 73058 250
28 72 28034 29
37 53 69730 818
46 26 21036 13
52 95 12484 657
22 18 2865 75
50 36 2381 85
8 12 146908 112
92 98 14115 378
40 65 50484 283
62 35 6996 168
17 55 126782 89
89 15 30008 392
71 67 1817 78
25 91 217988 381
23 37 4009 662
18 60 15519 90
57 34 18317 1618
29 94 30323 163
38 64 3820 500
28 84 91176 303
90 63 74366 35
43 85 114306 84
78 23 2873 290
42 10 60853 792
46 2 16038 103
94 29 52391 1758
60 2 20734 247
37 42 31778 197
56 33 52817 282
1 54 10017 165
46 18 17910 111
27 91 8159 139
72 79 13521 1174
5 81 6378 437
9 396
62 18
34 18
72 23
36 22
30 108

1665452
