100 499 3 3
25 83 79405 661
25 49 68445 375
25 20 20067 495
25 34 27843 136
25 50 68543 1460
25 48 4346 273
25 52 15749 83
25 88 41676 110
25 46 30505 154
25 60 19785 118
25 17 21614 42
25 4 7023 423
25 87 80466 236
25 93 31172 44
25 62 6110 1029
25 51 8059 71
25 76 40761 354
25 57 7656 146
25 35 62456 99
25 81 103273 58
25 40 10160 202
25 14 3082 707
25 27 123793 29
25 43 21854 275
25 78 52952 33
25 56 25339 26
25 22 76231 211
25 26 5201 975
25 37 30797 188
25 61 10588 671
25 9 11434 167
25 53 8407 73
25 97 236790 75
25 95 24302 51
25 42 58269 111
25 28 66336 143
25 70 79094 301
25 77 14256 301
25 100 6078 104
25 64 271636 145
25 19 23567 242
25 33 35566 417
25 91 30488 352
25 12 95661 207
25 32 27371 36
25 84 11200 38
25 15 6713 97
25 66 2513 31
25 75 9317 137
25 63 31451 176
25 24 8845 358
25 67 94362 235
25 94 34037 129
25 47 7040 61
25 89 5086 52
25 3 16928 635
25 31 9669 98
25 1 6531 794
25 38 16852 155
25 39 8032 89
25 55 64381 185
25 71 10143 72
25 92 18023 93
25 45 15710 40
25 73 52415 128
25 30 14278 3541
25 68 14646 46
25 18 18469 126
25 16 10969 399
25 6 46303 246
25 13 51101 46
25 41 139965 332
25 36 5206 170
25 82 15450 41
25 99 12976 96
25 44 8720 388
25 29 10972 1767
25 72 24558 441
25 74 29452 133
25 8 14505 65
25 21 29472 207
25 65 8357 75
25 96 15580 60
25 23 6097 170
25 54 22750 118
25 59 9371 15
25 80 13991 656
25 69 71077 12
25 58 40682 89
25 10 22663 40
25 90 29716 63
25 7 7869 388
25 86 14989 77
25 98 28767 303
25 85 5812 157
25 11 7347 79
25 79 21051 233
25 2 14882 77
25 5 6307 37
66 33 18022 187
42 63 14912 102
3 26 3233 204
29 62 150387 228
98 22 42003 72
83 18 257414 60
62 31 12637 22
74 18 85466 46
79 83 9449 340
41 16 22767 63
34 1 13679 436
53 90 25474 41
85 31 115870 122
42 6 29516 228
50 51 11533 121
83 79 29397 355
83 66 4672 216
24 46 8755 151
99 92 3726 111
44 90 61448 207
29 41 14633 210
22 62 21172 43
30 95 5752 173
84 72 9634 132
95 54 24417 42
42 78 12713 56
3 53 23178 111
32 50 37960 835
85 84 16906 172
66 70 52443 71
23 45 19103 43
30 93 47838 54
4 46 25072 76
60 61 15496 173
75 88 10107 204
8 7 34229 51
72 12 37491 150
43 97 17212 430
64 99 66591 128
30 99 20386 273
66 19 519329 326
48 98 52302 44
30 72 79874 374
15 94 16189 187
51 57 2803 366
4 34 12328 36
55 23 25862 42
60 20 11463 65
46 16 18374 1084
93 90 174990 97
71 72 68915 136
67 14 12535 414
84 48 25479 63
86 9 4228 57
90 54 2991 1219
99 46 36589 320
97 68 15759 2006
26 18 73058 217
3 39 17404 671
24 36 14263 54
69 15 32166 53
13 48 4694 2239
77 72 63325 93
67 27 6789 154
88 93 6096 65
13 51 70416 46
92 41 24476 284
40 1 42297 774
47 40 13477 111
89 34 33904 213
69 85 141627 60
6 29 12290 295
10 66 18463 514
29 64 56541 94
56 32 76697 154
79 92 165263 211
6 42 17300 430
86 66 157382 67
72 36 67421 213
4 99 28855 161
58 21 65920 392
22 79 12650 167
15 71 4386 151
94 28 84563 3319
46 80 1426 144
41 51 20067 227
44 11 175256 65
45 58 6226 1395
19 76 15773 76
40 45 4940 550
19 61 22668 368
94 100 5148 97
24 43 24558 212
98 89 847 108
66 36 34595 47
18 14 12935 39
65 66 83600 83
55 27 6654 77
74 65 18846 301
26 67 15820 115
58 79 106682 40
72 2 8757 128
87 52 51183 76
35 76 11518 98
2 10 133181 755
26 50 53824 79
33 15 32512 183
85 32 13647 125
59 39 40288 47
50 22 15356 35
96 14 19268 117
77 68 38246 14
6 89 7587 274
83 91 15154 185
30 5 17641 319
29 68 19342 53
33 96 45460 96
29 88 16957 249
86 91 24568 303
10 47 17054 81
91 24 122074 123
84 64 20542 358
97 25 38406 40
83 60 9154 159
80 7 18716 81
15 18 20140 55
83 6 17210 35
5 56 3620 187
53 99 113878 189
90 50 39666 84
5 35 132156 210
21 39 16923 126
9 45 3708 359
26 42 14085 826
18 95 23277 318
32 58 2081 271
1 70 27010 464
83 94 10627 227
46 83 15560 86
34 13 45699 137
3 64 1468 88
71 45 92830 746
92 38 8145 112
67 25 4924 14
18 43 9744 82
58 40 28953 85
27 21 32889 62
87 62 71815 59
66 88 21837 381
27 78 4134 517
24 64 103034 98
32 95 86563 811
55 51 16808 105
48 4 9812 162
100 42 16576 111
73 89 16199 1003
26 87 84761 93
81 46 63757 68
84 69 199022 462
48 86 17876 635
98 8 2895 132
46 89 30386 163
4 51 15673 229
50 98 7948 743
82 51 57256 27
17 93 19662 529
89 77 10754 73
62 18 10242 31
77 97 28498 763
65 21 87934 128
23 47 14772 180
61 1 9237 39
54 21 37389 99
60 44 54450 173
42 54 30130 243
17 6 46899 12
44 4 34480 46
39 63 57503 695
60 72 22931 136
29 39 68796 26
27 88 5643 216
22 87 72868 404
98 11 5466 283
10 8 27423 171
62 71 21928 337
14 61 61569 39
96 68 103242 67
45 37 183382 44
4 65 107374 345
61 82 64611 211
44 50 41928 445
34 33 40931 279
43 16 20306 13
34 47 14280 400
53 58 205506 93
54 97 38161 275
5 92 33327 1241
78 88 50360 107
70 6 7586 194
81 62 103854 163
60 98 68958 530
37 18 4556 107
18 22 46006 271
72 18 3783 64
23 9 33186 76
63 82 11321 44
7 25 54219 360
5 81 30390 143
66 91 14335 105
84 3 9068 28
57 2 19862 45
37 86 41823 202
52 50 112466 46
73 21 28231 258
71 23 68416 74
21 48 52801 202
54 61 175066 125
41 36 27636 414
40 21 79300 96
58 98 11838 18
98 61 41458 441
37 43 48657 370
64 40 30759 118
49 11 13100 234
97 61 59832 149
12 53 36894 348
44 17 43422 382
78 80 11637 75
50 4 8821 90
20 36 31248 64
79 82 18593 397
46 39 19213 74
77 81 6317 25
40 34 2989 342
68 99 17462 63
99 72 13019 335
17 84 7235 91
99 85 18397 83
62 76 8233 72
73 29 34719 21
27 86 19984 49
33 42 42865 41
4 3 6602 462
33 8 16169 765
90 6 26835 133
49 65 156436 57
11 63 9286 695
13 64 10461 43
34 61 11820 323
70 73 41518 363
43 84 12733 45
50 38 28361 30
13 96 14317 52
32 36 31616 92
8 35 22732 306
9 75 19309 354
84 74 12206 406
20 75 1242 554
20 7 18733 99
78 83 13449 43
98 46 33568 295
95 44 2910 74
63 67 57379 109
46 98 14506 197
88 44 10337 161
79 7 59454 163
96 73 81583 81
12 99 46345 551
89 74 6101 248
93 45 16946 265
7 44 14534 157
98 10 30744 112
46 37 5198 128
59 6 17770 64
22 90 113975 133
2 36 15677 636
38 68 44169 155
3 75 33437 362
45 46 7134 202
30 20 38614 14
39 2 10106 349
87 6 20853 890
82 24 152057 201
68 5 8025 111
69 81 19344 184
86 37 26497 117
34 29 24267 256
50 52 20063 505
66 74 103711 638
65 86 4379 381
70 18 5546 241
53 55 25273 406
13 100 119699 81
84 43 13725 65
21 18 7469 60
36 54 44725 39
14 7 50823 114
43 74 66270 333
20 74 12414 45
36 35 9513 79
95 51 48900 136
26 8 9734 78
40 80 58552 33
41 47 20994 101
42 40 7117 90
90 79 8692 238
80 86 89449 305
37 68 29912 277
20 72 38029 754
92 76 20798 35
84 91 25163 72
71 33 10068 29
36 86 41299 135
4 92 188801 148
64 2 47104 54
83 100 8185 89
37 12 6504 168
76 57 86010 260
24 2 65983 98
43 83 30747 515
15 60 22823 181
88 23 15282 384
59 80 67486 417
58 51 26287 64
16 35 7367 162
46 53 21209 265
17 62 14717 84
9 36 1615 240
35 41 2823 195
39 85 22773 71
63 92 6666 135
61 6 84065 72
72 9 26095 312
12 73 6514 548
70 98 13153 127
76 99 98763 81
32 46 5355 134
84 87 54953 342
4 97 30100 280
90 16 14837 126
10 90 40415 242
3 44 18558 149
41 24 25900 86
65 26 8524 175
18 98 9048 514
84 49 45781 26
74 78 67015 134
7 38 33104 413
13 35 12786 74
44 54 5776 652
63 84 56404 84
21 96 19141 239
64 85 66532 382
38 75 17002 213
22 68 49614 162
88 40 12446 527
88 32 115517 99
17 44 22220 216
50 100 9764 64
44 67 77048 99
82 67 23550 308
86 56 8361 44
34 49 33378 40
2 97 35374 69
63 89 219500 144
90 86 23660 65
67 99 3095 31
81 25 82775 154
23 1 11827 172
98 51 74218 643
12 57 48254 14
10 1 8611 275
27 77 17076 44
81 60 99445 73
53 56 20059 455
54 38 44995 146
67 100 19817 196
41 32 17823 62
88 25 40568 437
48 45 18107 168
39 23 11591 152
80 67 14155 106
51 65 17139 160
8 77 16522 74
89 78 28334 677
59 86 21587 48
4 35 9158 57
65 84 67462 32
15 58 15853 42
9 3 65877 140
79 74 37341 354
15 7 10797 220
36 24 14250 91
5 30 14165 1329
33 26 34465 256
83 24 14409 223
88 29 15385 30
61 50 4917 149
28 72 43611 199
96 34 36647 22
25 297
84 200
83 36
51 16
18 44
99 28

1082620
