100 499 3 3
37 29 32703 36
37 67 19788 130
37 61 16810 301
37 39 7336 95
37 12 5627 463
37 63 10644 150
37 57 8601 118
37 18 129577 93
37 55 25450 169
37 42 102085 337
37 49 7529 41
37 100 1023 111
37 99 10491 238
37 90 25457 181
37 31 51169 1136
37 56 4245 222
37 65 14297 128
37 94 11444 96
37 45 20776 340
37 9 47485 27
37 85 320963 60
37 17 9731 201
37 50 20314 133
37 84 27787 500
37 64 10042 23
37 21 29964 143
37 80 43286 220
37 27 96628 161
37 19 6116 146
37 93 4768 424
37 15 38896 98
37 34 144097 98
37 32 110616 48
37 73 47777 417
37 46 10605 254
37 14 7411 940
37 78 20350 128
37 13 55772 85
37 91 24000 14
37 33 34867 193
37 53 12095 486
37 35 6408 28
37 6 9972 521
37 58 15539 78
37 16 15240 264
37 26 11204 200
37 92 46578 191
37 96 33702 104
37 11 30540 316
37 95 9116 89
37 5 74135 172
37 72 20925 76
37 66 16631 75
37 87 30713 305
37 24 4914 59
37 1 14066 28
37 76 9840 7
37 7 17769 112
37 71 2980 40
37 47 30062 899
37 28 19543 24
37 44 115785 55
37 54 22850 46
37 68 36751 61
37 59 6992 69
37 77 24356 374
37 3 16323 171
37 25 59310 546
37 10 23453 380
37 43 5865 85
37 52 15268 656
37 20 58506 56
37 97 42829 116
37 41 10445 58
37 4 19872 301
37 70 9182 1208
37 38 45544 93
37 30 6333 73
37 62 36051 191
37 81 16386 41
37 48 17892 282
37 83 20323 207
37 86 25958 100
37 36 80163 104
37 2 15905 135
37 60 29518 793
37 22 5395 461
37 79 47816 302
37 8 105264 58
37 69 94253 156
37 75 16852 91
37 82 11492 388
37 98 59216 231
37 51 37616 195
37 23 22613 54
37 88 7875 887
37 89 37585 22
37 40 59556 917
37 74 16859 501
7 2 5910 34
92 31 55552 254
62 74 11867 347
21 17 28506 35
36 73 27090 476
34 65 26558 48
76 60 7694 40
6 53 31326 69
7 54 9579 83
46 83 47445 223
81 71 71404 1042
14 58 16438 70
5 17 6765 210
94 56 11713 139
66 46 22906 269
13 99 21641 175
45 7 14187 92
94 75 18759 70
55 1 9049 101
21 66 12403 369
58 94 15475 85
78 92 9879 268
28 98 13815 57
88 61 37312 129
3 82 19428 78
34 80 4775 37
88 47 10041 142
87 18 35057 84
92 4 18633 34
62 13 71909 24
62 78 73497 804
58 2 13375 753
89 95 13568 37
59 13 18197 132
89 40 14068 210
81 85 112969 323
41 44 27451 57
82 69 58018 359
12 20 23445 194
19 35 7568 103
44 34 4905 77
49 93 184099 365
61 79 1781 450
57 79 39835 93
77 90 13934 102
27 25 11974 173
87 5 30090 460
83 31 7818 328
100 42 8304 44
84 92 7075 86
49 15 7999 47
60 95 45691 243
22 71 13256 747
39 29 21776 197
75 89 12198 298
47 42 14497 137
58 45 87896 102
24 15 57751 593
95 86 21949 56
98 5 182858 1458
73 98 15194 466
60 1 3401 156
67 38 27712 20
48 92 27939 166
48 65 63317 29
44 35 14149 77
80 43 179862 937
86 22 10347 221
66 29 15388 469
27 35 19338 461
9 99 22145 29
9 81 9620 259
3 51 126397 115
30 76 7002 166
97 93 5087 158
36 70 17746 82
91 38 79103 93
46 14 9553 186
27 16 21960 46
89 21 15203 346
42 2 32489 253
52 58 49807 485
78 90 3686 35
29 37 6498 201
26 83 38725 390
93 81 26084 246
94 95 13908 300
9 37 12295 98
71 25 80304 47
16 11 40237 156
1 50 66755 111
95 70 14545 26
94 31 15904 301
31 44 28347 39
79 48 10946 250
62 57 15946 368
70 11 15833 36
82 85 6571 204
100 17 8071 33
19 57 6563 123
95 36 11468 89
23 9 6544 176
83 97 25507 802
65 62 18281 37
34 57 25421 201
42 88 181864 195
83 50 16734 163
9 20 64273 138
90 60 13760 278
90 99 9669 95
25 34 5140 153
63 17 4087 77
90 93 25597 78
81 99 100310 131
87 54 40593 181
5 71 10744 204
74 94 11857 63
11 80 3761 189
22 32 23338 259
79 61 17442 22
32 68 32252 64
80 45 7533 122
34 76 15456 54
71 67 11661 49
4 53 25529 45
34 1 50773 753
75 93 28212 156
69 99 120123 56
62 35 54543 228
48 97 9130 95
4 73 23819 44
32 65 28702 203
59 75 24184 35
16 6 34202 41
79 49 19105 258
72 70 36026 182
5 23 8242 178
18 86 4229 546
12 97 69222 86
50 13 18355 28
23 24 15412 141
90 23 66088 22
5 45 18384 672
3 74 9235 1592
38 72 46975 179
89 12 6647 105
25 18 42810 463
71 37 2550 168
34 72 18178 709
42 73 267732 485
52 37 16756 157
39 49 17311 468
77 88 20830 103
54 72 22673 124
87 24 8313 69
25 48 27384 147
45 41 6070 185
49 45 11050 40
88 64 16116 40
68 69 87962 46
38 56 58574 50
97 80 3696 79
6 11 63323 194
20 22 36024 31
68 58 89869 216
33 48 56971 76
42 56 36476 290
90 39 1666 176
66 86 15971 167
67 23 10936 59
10 44 28208 194
13 56 100764 59
6 28 41761 641
6 78 16034 88
68 26 104744 144
99 43 15344 505
5 33 8815 419
62 18 216746 63
9 16 7449 38
21 78 25436 41
42 77 60278 120
84 98 28774 94
99 44 40410 362
52 89 21432 222
94 68 13941 74
36 48 25837 319
61 86 160480 160
8 39 7199 166
5 21 4813 43
32 58 32831 20
53 18 30960 671
2 90 128870 351
40 50 17385 38
81 77 30926 83
77 100 101239 112
24 43 42345 113
33 28 159241 52
3 66 11379 278
76 50 12046 32
12 79 65404 81
67 44 7601 279
69 80 9177 475
1 69 212528 60
29 42 8555 129
43 54 2124 394
83 45 31683 153
75 22 9869 72
6 14 58900 61
89 52 25095 57
93 23 30104 918
7 72 59924 140
57 68 37831 52
55 45 19631 115
63 44 52923 34
16 67 12728 238
4 86 60312 226
69 71 25759 288
100 95 34195 49
36 53 21211 151
63 33 28295 78
12 23 15342 50
84 14 146242 90
99 89 21364 318
81 6 51717 634
26 37 21013 106
10 52 40812 416
39 12 29924 254
18 9 26723 85
7 10 256340 197
65 73 14888 196
79 55 50305 67
78 57 15086 260
84 83 45375 60
80 82 5968 41
25 51 25305 794
50 55 20405 65
22 47 45317 250
16 21 34580 54
10 97 5754 45
27 68 4683 36
38 39 8998 595
98 82 13811 144
14 40 6118 166
63 78 28388 99
45 1 34075 389
62 32 7411 457
77 32 16615 274
49 23 10605 108
17 47 9183 110
21 38 19142 794
16 84 14174 218
30 22 3858 654
27 8 41288 152
77 36 72255 79
8 100 25363 15
95 77 20281 437
77 42 54576 805
50 95 8979 143
76 25 31988 131
90 52 18691 507
34 51 108313 122
56 8 21573 464
1 7 11806 141
10 60 5983 318
39 95 26339 56
23 21 55005 93
77 98 27896 12
32 24 9407 36
50 70 8687 23
11 4 10640 395
12 53 17782 238
62 4 133092 230
68 84 11927 118
31 90 4685 182
46 89 110001 776
65 29 11622 73
82 56 16139 106
57 10 24686 95
22 60 9545 37
22 11 21406 56
56 15 49995 537
42 40 15428 29
76 12 17584 65
58 49 4826 157
51 3 6385 117
9 72 136640 172
2 84 34690 321
44 43 21635 536
5 32 16389 39
88 86 31603 70
55 80 41654 73
41 1 14570 287
78 68 2632 86
94 96 20057 346
29 82 3328 187
1 34 24777 312
23 57 23612 260
69 52 8418 78
17 85 4260 729
95 1 5876 185
24 94 52173 154
39 59 98509 86
78 12 11748 15
66 12 54260 250
30 78 44212 65
4 77 21840 98
8 54 17872 39
51 66 26409 199
95 41 11883 242
67 31 15703 74
71 96 86476 42
27 80 60549 218
12 87 6419 1127
86 71 27888 137
77 37 50055 168
86 84 38476 187
69 61 12113 169
53 58 3001 316
46 84 85685 48
39 76 94805 91
80 56 29740 109
88 100 15869 176
79 37 11419 208
82 60 41746 401
13 9 11163 9
93 58 34118 112
45 46 1923 160
27 24 9936 85
64 72 12668 45
76 24 38527 43
20 9 16433 124
23 49 91775 65
1 26 42008 78
71 52 78317 21
38 76 32315 132
68 97 32820 33
91 32 58283 333
68 81 12370 78
1 60 26156 64
73 22 100787 69
17 23 23037 93
49 99 17678 262
93 16 32482 21
11 45 38777 556
53 60 10963 408
41 46 8811 611
57 25 24602 147
16 2 4694 197
93 29 14249 99
91 86 18242 130
3 29 11104 186
22 73 22764 141
43 22 32333 96
12 58 34983 91
40 42 41874 77
61 4 9054 189
24 17 31707 73
20 13 38214 215
77 63 168733 48
91 84 29887 45
46 19 9454 125
36 52 37488 397
63 49 26900 167
85 48 9958 325
93 56 63161 206
9 8 11082 69
7 80 31907 85
22 25 17445 339
7 30 17961 1495
12 8 24648 196
18 80 89472 71
17 62 4437 103
30 61 24875 110
84 46 2426 43
76 11 36235 110
26 80 16036 133
97 47 52811 62
9 27 10248 44
35 50 10417 1581
64 31 53271 958
17 41 18312 455
35 54 7834 798
15 23 123576 508
23 2 22194 860
75 18 8917 216
81 88 19533 149
26 61 17855 31
68 44 23922 127
50 2 20544 383
76 69 5453 109
47 6 22954 46
77 29 16966 1103
56 45 31436 581
2 18 95286 486
15 44 964 228
55 50 11513 85
23 18 108672 31
72 19 10567 199
46 23 8415 341
14 44 3542 123
37 2079
77 210
62 24
80 76
44 256
23 179

9792729
