100 499 3 3
96 77 24720 231
96 60 26242 212
96 75 4430 404
96 8 10355 134
96 41 8658 576
96 18 85865 48
96 46 27772 76
96 58 29027 177
96 40 12736 775
96 13 34199 111
96 68 31270 44
96 15 39910 467
96 37 2468 197
96 98 5532 204
96 84 8876 504
96 65 54989 113
96 43 5211 764
96 80 38402 58
96 82 17378 580
96 83 6510 38
96 63 53999 637
96 52 357529 283
96 9 61223 40
96 23 38079 152
96 50 4988 302
96 70 19483 51
96 59 13260 99
96 92 54554 56
96 10 14300 538
96 91 39456 158
96 90 3399 88
96 93 21438 24
96 44 72402 312
96 7 6652 50
96 39 45783 75
96 100 14920 237
96 4 42123 258
96 69 32788 147
96 35 32284 290
96 87 82284 330
96 95 33056 453
96 14 33181 361
96 32 5635 248
96 30 7251 562
96 78 15211 185
96 27 34049 299
96 54 35230 170
96 2 23316 141
96 88 90077 1172
96 73 23736 406
96 53 60124 107
96 16 9478 73
96 1 11892 166
96 36 18577 111
96 45 11366 15
96 71 17004 314
96 79 38289 200
96 5 358731 183
96 6 71535 75
96 76 10313 134
96 31 4225 98
96 38 6613 122
96 66 25739 103
96 29 22603 310
96 26 15394 128
96 89 26359 64
96 17 21305 250
96 57 10870 31
96 3 24780 259
96 61 95989 1151
96 97 26129 66
96 99 24017 175
96 19 42749 32
96 81 31245 754
96 49 10086 41
96 51 5928 448
96 62 29914 278
96 11 181924 38
96 22 9921 60
96 28 75131 208
96 12 9373 22
96 94 16878 41
96 85 26750 395
96 25 5375 200
96 74 146058 128
96 64 78181 40
96 72 20461 68
96 34 70876 141
96 24 42755 394
96 21 12623 515
96 86 55444 282
96 42 5970 46
96 33 15695 359
96 20 28025 48
96 56 11305 458
96 55 15023 198
96 47 4803 308
96 48 18508 169
96 67 12981 282
76 28 18982 391
85 21 7919 426
24 74 18405 310
11 37 15744 842
94 5 22556 83
83 65 6569 415
54 83 21638 66
63 92 30592 73
63 76 56655 72
16 38 16406 60
22 37 10697 162
37 95 11122 106
81 1 14670 115
33 42 9479 121
87 58 3494 101
93 79 7466 331
48 55 27805 91
22 13 52191 59
21 13 14191 254
3 82 23159 49
97 50 7361 34
66 28 7352 210
17 56 12863 326
97 52 46721 172
98 38 85735 75
53 100 47201 50
71 59 5157 597
34 21 8996 442
20 3 58698 40
24 16 9047 416
23 39 9126 48
94 24 51058 205
68 51 38233 348
60 67 34420 220
85 94 10420 31
68 70 345986 125
45 36 16545 80
40 90 37454 188
85 92 53466 354
50 34 6288 50
90 81 11972 188
49 54 11027 407
90 33 6074 13
28 99 18994 144
44 67 38169 1123
68 79 58673 111
56 10 86845 84
56 6 14469 289
94 47 20509 452
45 27 16547 72
86 20 8180 128
88 72 3071 258
16 7 32339 207
4 7 10516 93
41 87 42384 96
76 92 63192 353
9 84 35589 29
30 20 6652 224
31 80 1378 100
62 31 39179 41
46 8 49142 72
33 8 188183 737
77 94 50753 121
49 66 6204 405
63 85 14953 24
95 59 14307 575
69 12 17644 45
95 53 14916 169
64 9 39072 181
36 58 212699 397
61 78 14017 66
13 47 47575 358
86 99 14892 2672
88 81 86321 581
45 44 9252 92
20 55 47711 81
24 55 18550 10
15 39 38090 109
48 54 21943 149
56 33 12763 949
40 63 46447 85
80 55 115506 86
70 16 52886 97
32 94 7210 717
99 56 3717 270
97 95 5501 33
47 76 20467 86
75 50 44161 97
81 56 25461 142
50 99 6364 93
42 76 12964 36
86 32 22328 385
9 62 24583 320
84 73 8405 173
60 75 27900 457
69 73 19410 104
98 5 53640 103
18 67 8064 197
92 53 27661 353
73 8 2111 112
89 56 32006 254
61 8 19850 52
62 38 59188 211
71 79 43108 115
73 99 20028 141
10 73 7423 369
25 40 60369 59
46 19 35197 525
61 11 2903 119
63 7 15905 354
9 30 54085 186
58 69 5531 114
23 68 59581 340
73 55 23131 278
48 60 22823 21
28 15 8056 314
55 63 22915 182
62 33 62390 268
53 75 8007 500
60 17 19504 87
95 75 32845 182
88 7 4077 202
59 43 36333 325
63 20 49414 1037
11 65 24029 83
37 10 11605 86
55 10 4544 150
40 7 39474 104
23 67 23890 147
42 94 9478 94
52 46 36502 32
33 30 4697 40
82 59 6462 248
95 86 6122 338
39 83 52028 40
21 50 26326 158
94 40 57726 193
77 93 22012 193
14 73 46258 468
67 52 39745 105
85 13 32377 49
15 69 37505 311
91 37 33518 517
69 5 44365 29
81 28 38547 36
59 39 3330 338
18 79 185804 69
99 16 32067 55
61 69 18284 88
10 19 8759 136
27 56 26613 586
100 3 18030 119
82 100 4443 179
41 90 10118 9
34 72 12752 81
85 22 1438 141
44 100 18929 487
81 23 17943 27
16 8 7789 168
74 49 27054 36
26 19 113278 311
2 52 2773 881
47 6 11991 112
28 8 5905 96
44 4 100164 37
75 78 9153 152
11 33 22709 187
93 31 12660 111
16 79 32752 157
38 44 13414 139
95 35 10610 82
71 55 32525 20
91 29 37673 135
76 82 63946 59
78 82 9827 1034
34 64 100312 412
47 57 2589 157
19 67 14980 368
81 41 39021 105
42 77 20636 235
60 2 2509 93
44 20 118992 243
13 21 12722 437
44 74 29516 151
86 30 63773 237
32 12 47194 178
79 88 18484 912
82 1 34037 317
76 10 15508 2605
52 87 2233 320
31 76 61824 977
34 31 105912 162
81 64 16155 168
89 79 40558 163
52 83 55385 61
43 5 24593 20
51 10 39570 90
60 7 115150 42
89 8 24152 269
3 29 37434 25
20 71 6507 22
61 14 20330 222
16 48 22336 175
84 44 48080 199
46 16 292790 328
73 6 23438 194
17 63 34608 97
24 68 13189 386
38 45 36556 33
94 55 17538 363
69 22 52464 144
71 23 23855 2479
12 88 11641 290
67 92 50728 138
94 73 15029 17
62 22 19955 228
19 96 18002 47
36 75 34512 279
82 11 39765 189
52 17 45754 104
17 15 15317 52
79 34 7730 63
36 47 20681 1128
84 100 64978 292
72 80 18800 228
30 63 381664 274
50 47 14179 102
5 52 18390 320
12 96 12963 217
90 28 2428 63
59 63 33430 26
75 66 8875 273
78 69 33758 72
93 29 10722 60
49 44 11126 453
76 61 48532 207
31 75 39904 100
95 82 81630 142
17 84 16730 153
42 18 101336 351
46 96 56322 452
42 24 53001 22
86 51 146902 178
8 69 33232 196
80 90 101697 1319
62 14 22283 191
69 70 33834 430
89 11 6658 260
4 16 12616 162
12 76 14195 120
85 100 19323 41
7 88 12297 247
62 79 79247 253
11 68 68055 381
1 12 36654 130
30 43 33112 62
31 14 30412 447
61 19 130697 123
17 39 44512 63
41 16 32552 74
34 93 18975 181
20 54 169598 1063
59 60 40599 58
19 79 23691 55
78 66 8451 65
77 58 21179 231
64 3 5514 344
39 79 13153 648
83 24 31990 56
38 25 16966 279
31 88 13532 31
49 96 23289 218
97 78 25003 231
41 24 28547 382
75 26 17990 190
89 64 96794 126
78 96 12428 471
16 4 15818 73
70 39 26492 265
23 29 27395 123
76 69 29301 251
97 17 56949 219
2 7 14734 37
29 36 62115 130
71 76 125966 497
13 39 1577 338
38 58 11020 843
62 82 4732 128
47 24 31562 140
88 78 69899 222
45 95 53907 315
89 66 33539 31
83 82 20184 549
65 32 215037 161
51 87 20804 386
66 37 1682 146
47 61 42596 186
23 22 40019 776
32 83 26461 40
89 67 149546 111
23 27 158827 13
87 7 39188 219
87 38 5363 204
6 10 8669 1102
17 54 24356 395
86 41 5587 220
27 24 27807 451
30 15 5891 49
2 36 2143 175
2 41 59191 54
38 81 28459 243
25 78 131867 87
7 90 26198 873
8 35 8238 29
31 96 58746 1321
9 74 11425 31
30 3 26628 192
54 62 11083 17
82 77 7783 51
66 42 15716 441
15 31 10607 22
81 55 30555 153
12 68 2846 47
17 26 26821 64
23 48 103476 125
58 33 5768 130
9 12 41747 47
2 21 8427 79
23 37 43725 128
71 10 10197 69
55 23 38066 115
99 80 68156 1621
46 58 42096 232
55 79 8131 267
31 24 10024 334
42 81 22308 163
98 30 51789 59
98 69 4989 41
32 38 4334 22
10 61 195374 485
89 53 55856 171
13 60 27640 395
86 87 8909 89
15 77 59776 561
9 82 10723 550
27 7 93086 457
26 97 186275 232
58 72 43215 84
76 19 152572 113
31 52 8965 441
31 9 118003 154
32 56 45185 47
69 81 17262 29
75 12 39201 376
79 97 10584 240
43 56 91847 119
74 87 18539 108
90 49 108205 217
67 60 14773 151
21 3 95934 100
77 44 94279 36
98 47 10794 191
8 54 47341 228
14 1 43302 64
69 41 29299 225
45 66 13047 20
23 15 10809 52
43 37 100083 56
73 81 25013 371
82 56 24144 186
2 38 45837 109
91 84 18836 42
26 31 5961 82
76 54 9186 62
21 72 7381 79
98 73 13533 119
3 4 13216 101
23 54 7806 1089
97 8 22518 121
93 16 16449 186
10 69 592553 25
89 59 3749 308
25 90 22123 103
38 13 9182 928
11 17 31912 18
100 63 68378 260
3 49 13507 32
72 94 19080 235
39 1 36042 33
26 85 46330 175
1 86 55973 138
76 68 91663 99
82 6 15219 35
20 77 52615 48
69 78 39251 65
89 18 25474 175
25 99 2807 37
89 49 40682 1051
30 39 31177 43
24 81 25493 14
96 693
89 143
23 70
79 132
7 124
69 55

5739789
