100 499 3 3
26 47 18503 110
26 53 59170 75
26 46 58459 423
26 91 34745 30
26 31 7391 376
26 87 61290 233
26 18 45835 266
26 16 76074 69
26 78 124715 266
26 44 4243 296
26 100 48244 882
26 8 13029 93
26 74 23420 27
26 2 87691 62
26 93 4099 18
26 45 69032 406
26 77 45831 181
26 76 3447 192
26 88 37714 125
26 7 106813 482
26 48 28269 77
26 36 4201 47
26 59 110400 130
26 50 21225 562
26 66 7259 612
26 70 20823 95
26 90 77444 131
26 10 13059 26
26 21 33763 141
26 56 73303 132
26 94 104845 28
26 79 12256 176
26 27 70872 32
26 9 37273 231
26 5 10646 222
26 83 44555 78
26 13 35456 151
26 95 15916 79
26 28 74937 291
26 32 3270 157
26 68 83651 194
26 67 4150 190
26 96 15933 84
26 12 20109 93
26 61 18516 120
26 81 48258 551
26 33 13948 132
26 30 33598 124
26 34 38224 148
26 14 3471 83
26 38 10059 90
26 92 9345 220
26 72 280251 13
26 60 41924 72
26 43 17843 43
26 99 16488 73
26 39 50056 62
26 65 13680 127
26 86 63385 17
26 23 3545 147
26 29 8227 425
26 40 69101 39
26 98 13620 272
26 35 17371 295
26 49 5890 203
26 58 6820 121
26 3 13769 41
26 20 21549 66
26 19 106404 141
26 22 59343 78
26 25 4286 201
26 4 148982 110
26 82 14191 173
26 64 6150 79
26 37 20449 56
26 54 2189 50
26 51 34920 29
26 17 41765 202
26 42 5241 135
26 62 93154 268
26 73 10750 270
26 6 62686 147
26 85 49218 113
26 89 25669 716
26 80 31650 337
26 69 3946 147
26 41 23497 59
26 55 87872 2755
26 11 15770 32
26 97 16081 72
26 15 21835 333
26 1 35748 95
26 63 21912 288
26 84 9136 762
26 52 22088 562
26 71 16136 120
26 24 4245 938
26 57 18999 105
26 75 18546 44
11 96 14961 439
32 97 9559 19
1 71 151009 309
2 72 11508 993
13 20 23173 138
95 2 17788 91
57 43 28873 243
91 70 146944 109
24 19 19007 80
50 40 23186 580
8 84 61267 125
48 68 82845 1336
45 54 14759 114
35 45 26928 571
36 76 4043 114
9 1 52551 91
84 52 21415 207
48 100 6960 181
71 19 29351 104
36 61 13205 482
4 41 79242 517
28 47 32885 326
96 39 8482 129
47 98 23597 174
96 57 13483 870
23 61 24838 374
58 69 21599 259
37 89 46730 140
25 15 15558 1124
54 20 21521 120
12 10 366277 371
89 67 227908 259
17 51 79193 103
30 16 78112 208
6 74 47853 68
44 12 53466 171
78 85 114682 807
30 91 1702 49
64 61 35842 98
9 68 14782 894
79 25 11845 164
96 26 10571 149
1 86 20775 28
43 11 12345 327
94 56 89230 181
88 35 8284 32
35 66 20811 59
92 44 98618 30
3 71 33963 206
76 74 32535 291
91 66 111219 352
5 75 22459 384
48 44 20307 169
64 89 22190 43
66 56 24751 238
91 44 25859 327
24 63 4385 68
69 92 94004 452
63 93 25769 264
37 76 48571 275
39 57 52837 80
88 60 71665 33
3 99 34460 173
16 23 110359 91
3 51 60861 162
46 12 14085 129
93 87 26141 230
58 89 35543 455
14 73 88448 183
89 45 28551 303
73 55 41156 47
77 55 18952 568
52 80 22710 139
7 67 6256 145
84 14 50718 73
96 93 6895 100
27 72 65719 110
8 53 12090 20
88 57 11637 137
54 24 64566 295
37 17 45991 117
95 80 6812 88
25 76 36889 106
77 71 14615 332
77 17 14643 51
56 34 72468 577
74 54 3891 172
43 71 112370 59
78 98 69539 126
80 31 81861 105
93 4 7563 142
53 4 4479 836
77 91 47172 247
24 20 18532 40
43 2 63295 249
96 18 48786 103
27 31 31155 120
56 73 27810 24
31 56 40867 539
3 69 6321 245
43 18 46522 338
99 72 59417 161
57 1 33330 92
24 54 18577 912
33 28 123707 181
56 99 47439 57
6 45 9387 52
46 88 9548 47
47 92 9375 559
22 97 19668 311
9 57 56277 167
34 91 252493 264
32 25 2335 247
31 52 57559 208
35 27 95414 164
78 97 33654 94
87 53 46245 165
8 59 30109 54
75 42 11594 214
1 29 7252 49
50 97 31681 117
37 59 36999 202
30 46 100765 253
22 26 27601 285
99 57 4468 164
48 53 44517 115
39 54 45159 104
25 18 12365 596
18 86 4184 354
31 77 45095 54
80 73 22796 246
45 53 12378 52
69 58 40090 102
70 55 17220 115
68 37 14490 100
70 45 24310 66
86 78 26669 160
10 14 8102 72
4 75 49277 166
91 55 5827 83
37 4 55131 206
13 89 13495 831
23 25 13527 103
94 50 7633 227
72 25 9880 64
48 28 11501 61
30 86 664533 97
58 95 38039 130
48 5 9573 60
67 8 11960 58
8 34 8701 314
84 34 53414 50
73 18 13250 117
27 52 17518 234
14 40 44576 348
80 65 35937 91
20 22 20807 143
69 42 20178 266
52 59 89760 208
35 100 2155 79
9 96 10575 189
100 68 14930 272
12 9 26121 221
39 15 28614 821
55 23 14092 143
42 72 115131 139
87 71 26646 729
98 47 22513 120
63 44 36609 60
64 34 30209 1732
15 27 80956 261
68 56 89035 176
88 95 53068 44
80 52 12043 118
99 4 14282 60
1 21 29864 338
95 60 15760 41
77 59 4326 192
97 35 31819 79
67 19 18223 87
87 3 18985 321
82 68 27941 73
99 12 12854 203
1 37 100179 29
29 73 8590 331
19 63 8189 147
11 52 9212 344
22 72 6338 56
47 90 19422 287
97 39 47152 20
14 7 110529 87
80 77 35019 41
99 65 1538 933
90 41 15078 125
95 93 262949 190
33 47 28154 256
50 6 12304 129
20 12 82562 108
6 5 48925 391
39 52 87522 109
38 34 9285 159
37 48 23313 19
13 88 151117 238
6 61 58257 89
72 32 42925 136
80 58 23764 307
2 14 5463 355
14 70 4764 49
47 78 45592 11
87 45 16154 255
71 10 12326 92
74 70 37950 343
84 13 110777 250
42 4 20951 577
11 31 8023 30
57 90 6582 126
58 50 26434 197
58 85 16374 36
3 53 56589 60
88 70 17874 222
47 70 10305 60
43 51 15686 46
48 69 19167 48
23 35 20203 168
72 36 62531 207
17 1 34462 21
16 45 26887 988
9 56 5795 46
81 56 12192 180
43 1 105732 162
18 92 14406 109
60 92 23564 323
50 88 6061 111
19 10 43239 117
95 48 6615 789
84 63 12162 184
40 75 58030 113
90 79 94392 63
70 95 1370 57
33 98 116177 881
10 15 23529 869
84 59 16695 67
54 57 59983 1237
14 1 6896 607
87 22 34304 264
90 26 53726 234
45 75 32953 114
86 53 20637 115
25 26 72959 769
35 42 5707 568
29 39 43322 174
18 47 53245 50
75 78 45713 352
68 95 51033 117
51 56 15803 53
13 41 38014 77
81 77 20635 79
81 4 33301 119
91 81 48034 188
87 33 24666 509
11 94 46724 96
51 46 24002 84
58 72 4312 103
52 64 26253 53
51 75 13252 63
68 36 10068 127
72 6 33505 36
65 59 15824 13
67 22 14127 56
7 35 35417 25
79 67 59185 326
15 54 29290 22
70 24 26599 184
93 56 6860 121
85 68 12514 477
99 21 10672 317
5 27 26489 57
46 66 24347 72
12 2 46414 127
7 68 28797 210
98 18 19363 205
65 5 5523 58
88 45 36320 1226
32 36 23158 181
23 84 31051 53
68 59 13889 149
18 37 14222 104
60 2 4159 80
40 54 30078 755
80 30 10421 138
74 97 13966 258
30 1 8240 268
71 43 31462 959
49 61 9953 405
71 38 18851 55
36 21 6874 184
16 27 25922 177
46 67 17029 42
75 9 96702 276
44 6 9614 228
73 68 28419 27
79 13 82385 153
73 12 95290 265
36 91 47952 209
79 52 7575 235
65 84 11225 108
86 4 18111 37
55 71 10349 221
48 39 19528 456
66 91 57338 21
21 31 126448 89
65 61 6322 427
33 73 419547 334
19 4 40138 3533
73 88 23545 75
46 74 19498 742
91 40 20263 662
19 26 19804 205
41 88 51911 401
44 73 12787 118
24 90 8078 560
64 75 66780 109
83 58 68721 221
90 7 8218 128
56 55 14984 1050
16 64 85288 31
11 18 130415 81
62 92 12657 67
14 62 5975 390
19 14 20216 53
79 66 8998 524
35 87 3950 127
76 3 24160 12
83 100 37200 31
62 96 88937 165
41 75 6325 230
14 48 7538 208
73 48 34202 830
67 60 21665 78
49 6 20957 25
25 37 59358 171
90 48 33450 34
88 93 86995 418
28 5 5722 128
62 7 6833 790
81 54 41539 112
1 20 44397 811
63 17 10110 188
68 90 56615 661
45 63 26288 44
7 88 114689 198
21 67 19198 180
40 62 19370 34
93 75 8236 412
9 54 26901 548
14 28 11824 287
32 94 18523 117
64 54 35850 69
73 5 127202 837
70 46 23801 139
97 5 17658 98
91 41 45304 399
36 29 9682 93
10 61 5427 20
4 74 14013 80
45 18 50625 193
23 80 31831 1225
40 65 81292 407
85 90 32552 162
69 98 30976 365
25 23 9330 339
18 45 9785 73
82 25 105674 296
25 51 20078 22
89 78 5871 95
27 34 68446 374
30 35 38186 296
89 41 68073 254
22 85 110072 298
22 61 34019 90
17 73 34147 120
51 95 15710 493
79 81 7367 109
44 65 213791 54
88 81 4668 152
71 94 17119 403
49 71 12566 275
68 13 37070 68
66 81 19594 327
39 81 72570 54
33 54 14378 32
72 4 60613 81
8 11 18050 35
42 84 1323 121
43 17 1508 289
11 12 21691 839
2 89 8605 160
5 85 4944 201
61 1 7880 1029
14 84 20433 69
26 495
14 45
88 48
54 89
4 87
75 143

6759172
