100 499 3 3
91 75 46866 190
91 24 8500 76
91 67 10637 382
91 58 26362 274
91 93 30649 38
91 44 20335 70
91 14 37629 35
91 60 6321 111
91 86 4796 442
91 64 45580 56
91 95 14994 372
91 97 1944 42
91 13 22186 240
91 41 78289 47
91 99 3323 456
91 51 48551 16
91 12 50088 76
91 33 49402 155
91 56 52450 45
91 72 6284 50
91 71 28565 89
91 48 16699 156
91 10 27107 105
91 62 8218 1171
91 81 13635 401
91 77 24999 179
91 59 12966 131
91 61 45978 117
91 69 34992 200
91 27 17100 104
91 42 23685 97
91 34 69263 52
91 87 12999 26
91 88 16333 315
91 85 17856 1065
91 7 7737 163
91 68 13800 59
91 47 3939 19
91 22 6667 44
91 45 18130 716
91 83 28570 86
91 15 16974 796
91 30 42943 50
91 74 64844 40
91 79 11155 119
91 94 163772 217
91 53 32144 184
91 25 3777 92
91 76 14182 333
91 40 32493 286
91 46 39225 73
91 55 31940 920
91 50 2069 149
91 90 77691 40
91 92 25025 35
91 26 9887 225
91 29 309697 632
91 8 44904 51
91 9 67108 875
91 38 27505 196
91 18 3912 443
91 21 40910 229
91 20 8534 99
91 57 13254 524
91 2 4226 287
91 100 20287 53
91 3 14140 264
91 98 41531 203
91 66 15315 677
91 43 27398 60
91 4 9860 215
91 31 16246 96
91 73 28933 351
91 23 17030 189
91 19 106994 654
91 37 13693 101
91 11 10026 24
91 80 11853 161
91 49 12103 44
91 1 48957 59
91 89 32537 477
91 82 5694 417
91 84 229977 164
91 78 22497 56
91 39 2946 318
91 16 18781 241
91 32 27991 245
91 96 13015 920
91 5 6869 176
91 63 3543 227
91 52 8113 93
91 28 26033 133
91 36 6912 84
91 54 181025 365
91 6 23445 163
91 35 1862 314
91 70 7372 248
91 65 58292 233
91 17 13371 36
77 92 30781 809
100 70 2716 85
82 33 70766 235
30 67 15812 141
11 5 14366 380
98 94 7222 947
29 39 22619 672
39 42 55049 179
11 84 6010 711
42 97 16184 64
64 66 54137 44
67 58 1370 44
64 39 39837 204
42 52 28473 31
60 78 13725 15
97 24 24247 228
79 3 65348 270
76 88 10698 207
49 40 5185 236
80 86 40953 254
61 89 29415 151
66 51 51733 83
6 39 20753 134
59 70 33054 75
1 65 7498 42
14 26 21009 105
24 14 8160 404
77 19 8937 88
5 56 41443 149
3 63 40892 527
58 27 25685 523
66 34 13076 60
8 84 22044 139
1 23 93175 233
12 96 1559 92
44 43 36742 880
62 87 20967 172
40 44 12035 8
4 56 5649 981
67 11 49120 174
65 30 48925 733
51 11 67305 1374
21 61 8766 79
85 91 6552 484
3 10 4373 59
5 66 20373 38
2 91 12558 250
81 35 25481 464
4 88 3339 219
90 80 5432 56
2 60 29699 125
47 20 41822 267
71 8 12197 107
24 42 7356 132
90 22 50395 243
27 8 66813 128
23 14 6367 154
83 96 91388 179
43 14 15093 82
64 84 106816 491
90 54 37987 198
14 95 8665 324
33 70 124476 95
89 42 20957 115
52 65 5527 199
58 92 76558 197
36 90 41915 397
57 20 4596 883
55 60 138002 88
87 33 2834 496
39 72 29273 26
81 17 13158 111
52 77 6705 267
65 33 92368 23
45 52 39780 420
71 9 5014 476
56 15 6768 61
70 77 42211 246
8 80 24977 99
81 86 28078 74
88 58 21769 133
43 53 29254 366
1 54 18538 150
31 12 29792 166
74 49 14979 457
83 94 20473 59
86 2 28391 393
47 25 7774 47
11 86 48580 136
35 1 27876 447
20 23 15643 184
80 50 41366 62
83 68 46355 126
12 8 120173 69
75 94 456680 109
15 61 44956 146
33 13 6026 199
93 54 24660 51
12 26 14423 215
68 89 4432 631
92 93 1405 828
1 17 90576 64
43 16 17088 291
42 9 9663 1116
67 26 56406 523
94 66 18244 80
68 82 33988 60
51 28 7814 455
96 36 7933 44
96 34 3919 83
67 45 3736 381
29 37 37940 21
69 58 35954 476
31 77 6478 82
62 43 45644 156
5 38 129276 88
4 91 7355 61
57 100 9424 62
15 91 5317 190
15 54 29838 70
58 17 14997 203
9 67 5716 104
13 55 27729 77
41 5 6129 40
98 86 67142 233
4 59 14313 383
66 79 29063 52
97 87 3530 684
23 46 46377 45
86 68 3850 80
40 76 12293 124
60 86 28296 107
14 11 14096 207
53 66 12045 672
96 24 63155 59
93 74 50532 61
62 44 20480 211
35 43 22734 214
18 81 10339 68
59 90 38259 334
84 33 9153 712
70 81 57653 30
17 16 26945 56
2 90 121569 340
37 7 127799 145
90 85 59988 102
100 69 7185 147
55 21 6823 874
96 89 69052 345
45 17 1794 245
30 55 62588 97
63 96 18476 11
66 80 54618 161
64 40 65834 603
96 38 56149 650
64 3 33153 117
88 19 8332 186
29 15 19257 55
71 20 10969 55
5 74 3659 328
32 48 7187 558
66 56 18641 284
17 23 305125 105
92 86 35689 285
9 74 9781 198
27 40 64450 140
48 17 4911 27
48 39 48213 72
66 5 34134 877
64 52 25605 66
43 1 56319 280
52 8 38386 30
56 45 27329 521
75 48 16071 38
15 43 2663 241
1 43 12783 276
10 44 20416 134
33 20 77777 12
98 90 52979 38
16 75 6991 467
75 86 6702 74
94 56 11707 368
3 94 19018 105
46 55 38101 42
92 76 24701 243
98 14 31304 237
12 11 24908 80
4 54 28886 102
51 38 21519 293
2 52 37394 221
41 63 18277 102
95 53 9769 386
48 51 22704 201
90 45 179205 119
88 68 27110 33
62 31 2365 176
5 84 4174 153
6 43 53379 129
11 44 40595 131
3 91 10973 385
51 23 12185 442
65 16 3061 242
80 89 16284 113
53 18 24790 936
8 91 5522 130
85 12 23768 185
23 24 23724 63
26 79 20297 268
88 26 168714 125
94 8 57690 83
65 90 57084 574
6 74 56167 24
6 33 70148 60
19 29 6986 53
29 2 14958 127
73 14 13859 232
85 59 48088 922
72 13 93942 60
59 87 318266 252
56 13 37421 183
33 32 36214 663
19 79 11187 254
16 88 50326 219
46 33 25344 101
35 18 18306 64
100 16 16256 49
57 7 61558 119
57 13 15042 40
51 25 10890 62
88 79 1112 147
61 99 10047 80
3 85 24433 198
72 5 22680 796
60 56 71360 46
79 17 7534 92
31 92 31622 114
48 1 3054 67
95 81 20651 100
22 3 141143 39
96 54 6221 499
18 56 16449 139
87 55 44103 69
57 88 10019 380
83 32 59704 154
59 16 28831 328
10 19 13399 237
21 82 77975 78
45 24 30150 395
38 85 14636 97
95 90 196988 180
19 62 43538 71
99 57 7381 33
8 7 11893 447
72 3 4410 108
13 1 6422 164
93 83 85722 133
17 57 75254 288
27 12 40971 83
74 79 59630 129
23 41 20096 98
93 72 7746 162
40 43 16843 31
67 95 21094 110
25 55 93486 17
85 25 23023 200
95 39 13220 330
47 87 54016 430
93 14 27293 171
64 12 10952 76
45 84 9234 409
68 16 36139 241
87 99 14886 469
1 63 81722 289
31 9 29729 49
78 14 31141 59
75 69 7830 24
18 13 42456 158
80 96 9093 46
10 34 7479 184
28 36 45175 152
90 36 14068 127
73 85 87762 104
86 12 27064 49
85 93 35750 27
99 95 5895 242
94 32 18265 48
45 68 85979 353
6 34 8033 89
90 81 6192 631
55 30 3434 513
16 40 32201 81
38 87 57079 55
31 38 14875 300
41 33 18024 604
40 10 123412 148
57 18 4547 89
5 96 87364 121
7 93 14867 42
50 27 7081 41
35 22 60420 267
100 84 42289 135
77 65 15732 2736
32 40 3997 220
41 62 10901 61
3 97 32217 183
29 3 29081 338
90 30 10342 103
62 58 13760 76
33 38 75563 304
33 53 21052 93
85 7 61155 61
85 19 33633 859
43 83 5343 184
10 55 14930 82
74 94 17488 115
47 83 15277 236
21 25 4348 138
40 90 32425 177
50 76 45810 88
56 25 31982 38
36 81 27637 203
98 48 39549 102
8 10 33362 403
32 25 4390 65
40 80 16614 486
46 69 77444 164
13 82 126558 89
43 68 10010 118
17 27 3992 283
95 87 9811 182
27 55 25515 537
50 96 28504 53
95 61 12894 48
60 63 3880 26
24 82 15244 56
37 39 37867 52
90 53 14890 442
20 10 8476 23
2 100 5588 76
61 51 49459 148
86 16 33082 283
97 34 31387 116
64 96 14004 95
48 86 34208 177
50 35 8891 169
46 95 7688 506
68 36 15561 314
82 87 12090 289
34 73 22835 97
77 29 64121 42
11 8 132208 133
9 94 26748 67
88 86 3313 218
26 59 25871 45
93 62 9093 1020
26 58 19822 172
41 1 23858 14
20 82 14113 65
50 14 5737 267
50 72 16678 369
67 25 34751 40
10 1 3931 262
8 71 26009 159
69 42 32595 92
53 69 19478 99
27 60 31446 33
26 84 36958 117
37 65 6489 91
1 27 123069 205
48 18 17051 259
52 78 54160 174
22 23 5289 442
39 89 125958 294
97 77 213036 450
26 28 5392 649
30 8 17133 3694
93 97 38192 39
56 76 50400 162
19 69 63039 50
8 6 26670 430
34 79 23863 37
9 10 35236 700
34 87 14581 330
71 99 19800 87
87 61 28231 46
15 79 15447 1116
93 84 54712 459
95 44 19016 246
78 27 87261 28
69 72 70528 161
41 14 23911 91
46 89 21947 106
86 7 5474 303
64 42 66364 115
75 87 52912 162
53 23 70051 90
16 19 13370 25
73 43 14024 55
13 63 213505 89
65 60 16011 307
91 1881
90 63
64 135
87 343
86 122
14 382

11956920
