100 499 3 3
11 70 15956 112
11 15 4621 85
11 23 80533 146
11 92 26374 61
11 90 8443 149
11 31 7977 123
11 40 25654 112
11 17 9154 104
11 1 80083 74
11 45 19657 294
11 3 18204 38
11 21 56051 73
11 67 82471 33
11 94 37643 302
11 7 4169 160
11 89 28447 190
11 4 6806 211
11 37 52964 149
11 12 46129 39
11 16 25348 171
11 26 18412 39
11 14 6658 25
11 25 2093 73
11 63 1531 116
11 27 22292 211
11 48 25474 262
11 6 15173 324
11 79 132161 215
11 95 11824 44
11 34 54686 360
11 28 9409 427
11 5 6841 474
11 82 51698 182
11 49 9781 111
11 98 5466 244
11 22 28922 124
11 87 13089 127
11 65 7804 126
11 53 1312 60
11 71 32914 606
11 20 68135 654
11 78 21247 107
11 91 14875 163
11 96 21971 107
11 77 6356 162
11 58 24234 777
11 99 14115 393
11 50 28272 183
11 54 5160 130
11 44 16501 94
11 46 24242 49
11 57 23407 226
11 59 15317 555
11 9 3320 26
11 68 9667 100
11 19 81748 48
11 42 13487 95
11 83 74715 288
11 93 12838 29
11 35 16097 123
11 47 7016 105
11 52 25651 50
11 32 31816 239
11 84 20076 421
11 24 21200 99
11 72 3613 885
11 88 125934 102
11 66 6335 20
11 62 35829 215
11 2 935 25
11 69 14566 54
11 85 3925 151
11 39 48058 256
11 51 32332 284
11 55 11815 262
11 74 58453 625
11 8 22720 596
11 81 87917 34
11 80 16562 101
11 36 24903 353
11 33 46077 158
11 64 6131 45
11 100 43377 99
11 73 19124 89
11 76 80586 170
11 10 20049 59
11 61 26738 18
11 86 175737 297
11 75 30820 23
11 43 15944 64
11 38 15131 97
11 60 26244 1019
11 41 4102 54
11 56 2469 63
11 29 9846 278
11 18 55024 78
11 30 28210 581
11 13 4246 211
11 97 12278 674
41 69 38340 319
83 68 24152 32
98 78 33103 86
3 54 32387 732
76 63 3959 83
7 66 37902 58
36 45 6093 177
100 86 24829 575
38 91 3958 199
77 13 3281 178
99 27 65279 230
78 5 5543 1405
80 5 3670 303
68 2 59892 97
80 99 27586 163
76 51 7557 607
67 85 28030 1047
73 77 33153 465
16 33 27544 51
67 43 42153 68
96 76 9353 463
13 100 18861 243
59 68 24083 69
26 55 54939 221
28 3 20035 645
13 57 12268 36
33 52 15408 321
40 45 22543 113
51 63 23301 279
94 5 108762 67
14 38 14380 800
4 49 13338 415
19 25 10177 61
67 6 56074 307
9 87 7772 209
49 60 27713 433
70 54 31611 218
1 16 109192 12
4 7 34081 381
68 50 12794 764
32 74 5807 249
12 28 5435 67
66 45 11165 62
97 45 5921 522
95 2 35555 202
75 16 72714 372
7 48 20809 729
50 67 45288 313
42 72 23758 158
76 27 6578 118
15 62 52331 555
76 34 54317 106
30 36 231852 215
18 77 20175 498
28 56 7539 178
38 41 8141 41
51 74 9291 39
37 14 6446 209
52 43 11833 975
64 88 11283 170
94 99 31685 68
35 43 45911 247
56 24 56884 556
91 51 3984 140
64 50 16818 20
72 89 14701 135
65 95 9442 139
89 7 39170 46
31 63 11889 337
33 91 15013 301
60 86 16379 297
82 65 1798 19
73 82 37376 170
1 25 5710 174
6 10 59831 134
89 78 9051 80
45 42 6849 312
9 64 135505 100
78 18 10464 348
19 64 120359 32
34 62 9769 292
13 62 7448 180
15 42 17044 1050
34 8 56870 572
28 67 15427 32
18 47 19666 218
7 67 87839 444
84 49 15132 443
26 98 24864 54
17 93 34978 147
71 32 11265 9
45 75 30737 87
33 95 75230 107
9 82 54198 176
55 88 51063 102
79 59 5050 319
77 43 143452 1870
70 4 20780 419
46 98 544595 693
15 39 51823 68
8 32 38009 87
41 54 7126 118
20 41 11067 244
100 87 72137 74
35 63 10578 41
63 51 57465 287
6 25 33061 100
6 56 13513 26
35 54 11034 325
25 70 4663 167
50 78 5479 148
19 93 20595 401
44 73 46668 61
46 87 10528 1189
1 73 7075 77
4 85 9983 27
69 99 9146 186
63 15 21591 98
61 6 22793 120
46 66 4874 69
7 28 12618 43
90 93 19583 105
94 43 36947 211
46 43 7914 64
84 3 39137 48
80 82 1516 47
78 98 16292 154
67 66 31744 85
60 30 8802 237
82 98 16900 267
97 44 47926 69
36 47 45530 162
41 67 8528 99
12 70 20070 46
49 39 40135 337
30 83 17332 340
7 1 6741 60
60 32 79974 73
73 17 265491 731
48 96 6354 131
57 83 13408 158
42 82 24124 156
59 5 25219 70
69 37 9391 13
18 59 10900 648
78 15 19618 23
27 94 5372 132
59 79 36910 371
74 18 38495 310
28 42 20435 2421
22 81 9199 355
35 18 1102 128
74 88 31167 389
55 75 887 338
85 74 60802 90
46 45 12364 84
100 37 9472 206
44 58 18680 289
6 89 30916 62
58 57 46972 63
84 9 15508 193
95 40 3472 418
16 1 53959 2451
17 59 13161 116
37 77 23519 70
55 49 3645 201
43 70 21382 525
40 51 10961 236
48 70 40912 176
50 3 12241 129
62 55 13557 2863
50 60 12845 72
71 22 27029 813
14 50 12313 51
64 29 20287 182
37 38 8729 899
72 54 14086 130
72 41 9140 29
6 14 20905 720
20 45 34115 599
60 41 164801 53
32 86 54149 22
91 53 1789 194
30 71 77196 232
64 98 1838 48
72 57 62220 284
52 1 65565 118
16 74 9253 118
35 80 35494 472
66 19 6761 150
21 20 33641 672
73 95 68439 37
19 37 61235 437
98 57 8940 115
12 29 52448 224
15 46 2493 625
14 17 17191 1414
85 54 10005 132
16 99 11137 277
72 31 26132 601
43 7 4024 56
34 31 17565 83
97 18 15729 53
87 91 60132 81
64 79 167031 903
40 16 62033 54
1 43 9958 105
98 93 13829 187
54 25 6567 199
2 23 13451 141
66 21 35592 170
41 29 185664 36
29 75 21095 116
42 45 18269 30
39 52 49620 542
28 57 14838 183
4 11 43893 608
38 42 17474 160
6 31 21010 134
15 69 26932 152
41 74 41755 79
10 22 26138 89
71 73 46313 58
100 12 6879 74
23 27 28391 377
6 100 34384 169
73 98 7644 563
21 88 15681 84
51 93 13064 204
45 36 41413 44
83 32 12873 330
63 39 2243 112
31 53 28627 11
3 67 10517 1306
61 66 44337 105
69 14 11795 99
83 96 10206 272
15 50 60397 196
40 46 19080 311
59 4 65049 676
81 31 13129 48
52 63 10767 97
87 82 15812 89
75 90 7452 112
69 15 18895 191
82 52 34243 202
24 23 7376 433
83 89 15696 115
95 73 18427 38
53 89 4356 223
60 68 53199 45
31 43 16062 263
79 29 11011 95
62 64 18175 114
34 23 6082 65
16 29 37153 608
1 28 23914 214
69 54 11636 24
89 68 18776 417
50 63 79349 254
34 54 8683 657
34 26 3637 58
82 58 25527 93
90 46 49614 197
5 23 3879 330
47 14 27138 66
30 35 15634 49
32 95 160979 177
38 39 14985 114
95 46 20292 198
61 16 17574 287
83 24 11301 866
6 33 16887 804
13 92 16490 1549
15 41 27081 295
45 91 23711 41
87 8 473272 60
84 50 42732 347
88 29 6245 248
90 68 16361 38
66 20 349564 356
45 48 15055 96
100 63 15556 261
53 42 15503 32
6 66 48768 2222
72 26 30973 143
100 14 19917 221
36 41 38167 187
88 74 14049 82
93 84 19282 15
73 2 18508 156
90 7 24546 160
75 25 22235 675
89 59 18734 83
26 28 9101 544
75 21 44237 315
87 37 18493 191
97 66 9119 243
100 30 57602 155
49 76 201474 968
73 59 8305 209
75 37 20686 83
28 23 15925 147
87 44 14925 66
15 56 18773 212
83 30 54408 210
37 43 2769 93
69 82 17888 191
24 30 32095 47
43 69 32842 16
13 67 41953 303
40 93 5540 222
61 56 7976 630
20 99 38654 63
5 93 483202 233
85 53 4235 513
83 6 19324 538
9 21 3023 172
45 4 4535 207
10 82 82022 489
65 81 47571 47
60 73 56932 132
30 67 18017 88
95 69 41753 374
71 25 57661 28
82 72 9187 1733
42 25 29116 542
20 67 22912 22
80 88 66108 97
42 20 24368 95
60 63 62073 62
36 55 3834 234
37 74 211900 478
99 70 10749 118
47 76 24446 256
35 48 54189 696
32 38 6411 124
22 19 34443 1752
34 61 88491 298
42 9 13999 454
96 19 23523 98
90 19 21896 69
4 26 29232 630
75 76 21222 239
59 26 20218 61
61 39 11986 133
15 4 25511 28
49 41 47712 417
62 27 13432 79
1 38 46668 202
43 36 24268 60
94 89 11846 59
53 29 20895 14
45 16 44532 87
71 39 312432 705
51 21 62434 271
36 57 5115 148
74 63 8882 901
39 66 86996 319
94 86 25076 51
98 24 2308 1528
65 44 6033 1398
64 84 2570 67
91 96 15653 105
25 1 22724 197
83 4 111577 106
90 76 70111 181
27 37 5829 87
86 37 312133 624
7 54 357239 312
88 28 89876 175
87 16 8357 81
83 5 5790 665
38 19 21202 146
18 93 14866 92
19 18 19430 94
34 46 29564 140
31 99 17836 239
20 12 8104 53
82 47 38885 120
22 40 20854 110
22 59 123068 352
51 47 14683 210
28 20 32589 290
62 19 3162 89
81 54 27648 271
62 97 22478 23
79 41 4534 252
36 67 82644 528
41 63 5141 259
76 32 47323 48
71 53 6821 251
43 26 65793 2256
21 86 19234 73
19 82 11342 170
83 90 15959 55
6 35 7982 63
7 58 17367 68
45 30 3521 271
72 36 28702 934
11 990
83 110
6 90
63 346
54 52
67 355

16295755
