100 499 3 3
21 70 40615 63
21 35 14262 126
21 91 86441 197
21 39 14542 242
21 74 12979 221
21 92 48482 41
21 10 7835 856
21 23 97962 89
21 53 11774 1466
21 4 14363 70
21 46 20443 208
21 60 19153 107
21 93 20051 134
21 41 28477 85
21 30 66982 135
21 90 29326 170
21 82 31250 306
21 32 180837 62
21 8 12571 147
21 31 2603 87
21 2 4199 454
21 62 21162 265
21 97 22080 162
21 6 44928 278
21 50 27481 324
21 20 119299 590
21 84 54748 402
21 75 102373 51
21 44 77093 258
21 59 7903 90
21 45 10924 996
21 65 6329 103
21 77 48350 409
21 71 200061 83
21 57 61279 93
21 88 11600 131
21 61 69934 418
21 98 38283 250
21 58 14561 714
21 40 46100 769
21 17 15066 127
21 18 39894 74
21 63 47902 80
21 52 22471 57
21 33 26436 1405
21 100 87163 431
21 83 10364 58
21 13 61473 989
21 3 4155 24
21 68 19346 136
21 69 2435 583
21 36 17113 206
21 14 10214 34
21 67 7435 35
21 11 32210 58
21 87 15230 486
21 54 12601 121
21 94 3383 37
21 99 13518 198
21 66 18488 549
21 37 23776 84
21 43 20518 82
21 16 25180 139
21 49 51665 212
21 81 11187 294
21 7 14279 148
21 51 50436 535
21 9 4959 172
21 12 13782 134
21 64 19837 395
21 78 15601 118
21 72 41635 27
21 24 1257 353
21 47 46028 373
21 55 17278 429
21 26 27198 981
21 15 41180 42
21 22 8828 83
21 86 27675 460
21 5 6887 135
21 25 136562 96
21 34 21192 119
21 27 13795 341
21 79 35664 179
21 56 16389 86
21 85 8121 308
21 48 4776 110
21 73 25886 315
21 76 41706 154
21 38 27196 661
21 28 122885 121
21 80 7351 608
21 42 9176 91
21 89 14063 67
21 95 125031 287
21 29 15176 320
21 1 17107 132
21 96 41422 193
21 19 14956 299
46 67 48203 130
34 43 22136 156
95 20 24186 1881
93 57 30199 268
61 41 68961 106
11 62 5266 122
43 39 70083 136
13 57 25783 28
26 96 43410 252
37 9 21944 96
78 90 8989 220
100 57 43159 149
58 89 27102 99
8 25 13627 41
75 76 1783 115
69 71 48865 139
73 93 35735 44
49 36 57066 54
17 45 19668 74
83 77 12017 176
72 52 6293 34
53 57 18759 162
61 2 6091 614
75 34 31069 62
49 74 24150 40
17 84 13651 204
41 1 44456 99
28 57 5254 20
4 15 220815 576
57 91 242749 127
86 74 30938 42
50 27 12696 467
88 45 3479 177
53 38 40873 185
86 8 15752 68
91 5 42295 107
18 50 22241 63
39 37 36219 152
7 79 28840 55
58 29 51015 89
65 67 28498 32
5 43 14407 172
66 59 6009 175
88 60 10927 323
49 11 12208 355
6 15 10471 228
68 70 10872 27
26 2 16833 55
69 15 23224 361
95 88 17668 155
86 18 32205 72
16 6 18667 692
30 88 26781 241
8 75 47956 187
89 80 4757 67
88 37 52474 180
3 77 15521 30
48 65 12819 184
3 11 132083 257
6 64 28365 202
72 7 4274 410
53 43 10753 302
86 5 8463 378
96 26 19475 227
27 23 50935 96
39 69 120827 96
75 58 114006 60
32 69 39288 176
76 95 84037 47
7 52 23326 342
6 13 23334 184
96 91 95522 124
27 82 33249 358
3 30 14319 127
95 72 110715 336
100 95 233226 65
93 39 159746 1313
32 83 42539 123
70 6 98431 727
37 62 5647 132
44 70 38947 682
93 38 8746 39
62 67 12315 47
95 42 18895 242
8 14 11593 74
62 17 64228 12
32 93 904442 87
3 43 17490 85
64 70 4498 217
88 75 3933 39
42 76 2928 128
39 33 26184 212
30 45 7186 97
94 91 13873 266
66 75 14939 142
25 38 14168 330
50 17 49820 25
26 97 125520 139
60 30 4759 386
58 9 14726 253
5 18 146273 614
85 36 12874 341
38 53 10873 429
80 93 69971 207
23 28 25261 108
15 51 31676 18
86 97 20663 80
42 25 23197 159
95 6 36150 110
17 7 52716 151
59 70 27876 333
38 70 64327 100
23 39 6427 289
40 64 12660 341
44 6 2726 942
59 49 150109 887
97 38 23215 128
2 29 59132 251
12 88 34902 225
20 61 129958 129
9 66 259184 478
95 2 2511 68
63 90 21875 1031
15 69 45522 503
23 57 10971 182
20 75 12434 211
57 96 7848 1282
37 27 8852 29
67 90 24099 266
36 31 9420 53
29 69 5002 29
2 17 45498 84
16 40 24417 239
19 28 17795 648
10 91 112024 35
53 58 23169 161
68 13 30686 177
41 86 13273 142
69 51 6487 202
45 57 56961 34
45 53 9312 9
56 37 60536 868
96 23 10204 39
16 60 57679 311
15 38 34079 147
60 57 33523 114
31 6 6889 783
89 70 26341 401
27 77 11638 625
30 47 107921 403
2 21 39549 45
56 93 9016 167
49 33 92735 988
73 63 14019 200
22 38 16038 128
54 70 12847 187
8 67 38400 88
42 34 15763 453
74 23 19232 92
100 24 36476 102
20 49 18547 221
28 2 7557 80
61 76 55315 70
22 87 23346 244
40 74 194729 268
37 28 54011 203
42 67 16227 397
48 91 26166 1435
88 41 20091 231
34 92 75673 22
68 27 71962 152
15 96 13696 979
20 99 10666 31
43 71 36193 226
55 63 20198 109
69 31 47588 69
79 82 10134 36
62 93 58955 580
72 38 9075 162
75 32 12221 41
16 57 39674 163
49 69 34284 1221
85 77 21377 27
60 12 11131 168
7 5 3382 146
17 1 4379 38
83 30 9701 164
13 8 98388 249
39 51 15050 126
48 26 6534 73
58 34 22789 20
82 76 8047 273
26 44 28707 72
94 47 107904 286
89 64 1205 45
49 94 5204 311
18 9 10287 284
35 48 56003 3253
69 66 15314 179
90 5 99343 100
63 1 158060 102
14 21 9684 974
37 11 42965 300
3 97 12515 31
25 59 51205 232
14 84 306618 805
55 35 209249 259
2 39 5804 564
6 86 29101 239
40 48 75897 733
9 65 20618 45
36 57 74614 64
95 79 14570 467
51 75 53895 1600
57 33 20359 25
52 8 12993 50
16 84 45298 149
25 84 73168 387
93 48 78447 178
15 30 16991 120
32 52 26118 38
52 34 35634 181
64 43 21129 444
6 23 15616 319
46 2 91739 36
60 52 18320 85
2 96 23976 76
56 85 19744 153
92 59 6012 115
28 75 37577 448
59 82 26347 222
18 90 10920 57
41 93 5257 73
2 90 19305 479
26 9 18895 135
75 30 40928 68
39 59 6470 778
60 1 8469 617
25 91 54736 237
58 69 27477 393
19 94 12465 34
87 37 22004 108
98 46 17948 138
78 98 11495 175
43 81 3917 52
10 48 27224 126
1 66 38631 256
41 54 12496 201
38 82 17798 78
20 91 10497 88
3 71 49651 107
30 82 5602 84
18 43 153331 822
33 3 11405 277
15 86 13518 821
73 20 20578 47
99 84 17244 69
73 16 9384 91
58 47 40827 130
14 49 14543 33
100 4 10420 593
24 82 15670 85
62 78 38301 251
23 22 15451 113
85 67 24946 39
99 80 70557 69
33 38 31829 37
96 24 42774 38
86 22 186707 105
91 63 16540 155
79 58 16174 163
46 19 32209 22
100 61 52142 153
36 82 22485 139
3 35 15259 41
94 46 80218 31
41 24 15790 163
47 45 25453 37
48 78 26875 237
86 99 11912 227
40 79 11759 151
67 87 31126 155
89 98 58677 91
84 38 19780 276
70 73 32192 217
56 28 90099 45
93 91 14063 337
38 39 10039 26
13 65 23943 77
30 51 23867 55
60 43 14330 145
96 49 22131 326
22 92 17537 85
74 59 3393 85
40 12 13101 64
74 92 12961 586
45 40 111476 90
77 10 115275 94
40 78 92546 70
65 24 33420 187
48 89 6272 349
4 42 11742 58
75 17 22607 31
16 77 209674 170
91 42 24119 73
24 25 13758 151
38 29 16680 131
93 59 45178 218
82 81 103460 145
28 5 7522 73
49 27 12762 110
82 99 57877 603
28 42 8239 117
42 55 27758 91
51 41 44924 76
52 81 17072 494
45 68 14502 300
38 6 11727 714
9 100 80080 117
35 26 8487 189
77 23 13587 88
51 15 137852 518
12 71 16190 113
90 91 30138 2165
11 7 21807 225
64 83 17043 403
68 25 10002 153
63 16 26212 62
49 84 25643 66
93 37 36044 599
28 9 58329 34
71 82 7024 34
15 48 24539 398
46 51 7923 105
60 81 11238 515
63 6 8380 342
36 5 20711 585
54 55 68309 159
24 20 21561 37
64 20 20218 1481
47 15 50088 45
76 94 5330 217
61 26 257425 161
82 27 48852 647
29 91 4624 24
34 91 180726 326
8 35 19572 157
29 67 11258 302
37 50 14752 41
17 64 6288 939
47 37 4419 108
73 68 8641 113
57 37 9990 21
78 6 47094 1210
85 66 38131 259
6 32 19902 216
36 26 47808 64
92 75 97533 39
59 84 4388 51
3 36 30678 206
46 65 68657 110
29 37 46363 188
94 22 53282 33
59 27 25666 159
68 57 24977 128
5 50 18354 125
77 51 46737 163
41 98 35020 372
43 49 216633 116
34 99 23808 22
35 11 121724 92
78 5 26587 205
50 58 46035 704
69 23 159280 175
29 44 39667 85
44 20 58251 121
33 1 26624 55
73 54 50539 463
96 58 8405 19
94 75 13392 552
70 21 197684 116
70 3 32777 416
69 99 103974 86
12 44 25823 684
29 30 85424 98
58 45 17242 1472
44 8 73078 289
92 65 70854 2241
61 72 81593 50
59 55 10117 41
63 28 2921 314
70 82 52277 105
15 72 27361 112
96 5 18093 110
10 46 31966 696
57 49 12440 149
24 97 57789 417
2 26 8682 600
75 95 37830 66
80 22 8568 109
21 396
49 8
15 48
91 68
57 116
82 204

9291153
