100 499 3 3
22 52 3893 41
22 54 19056 64
22 97 2785 338
22 14 19969 72
22 18 14656 410
22 62 22940 226
22 70 1934 62
22 72 13434 36
22 82 5495 111
22 66 5584 122
22 16 13349 57
22 55 34316 1000
22 58 6321 46
22 56 9680 80
22 95 72304 223
22 34 57460 409
22 17 18702 244
22 26 143652 523
22 13 10526 466
22 15 19623 624
22 79 18802 69
22 43 6054 614
22 45 12688 257
22 41 11653 45
22 87 17824 169
22 10 40493 168
22 2 42593 189
22 37 27486 181
22 89 37876 144
22 12 23792 329
22 31 7847 665
22 27 27813 149
22 38 31432 250
22 98 56189 162
22 25 12891 145
22 77 24141 952
22 46 49155 91
22 21 11213 33
22 69 156268 58
22 19 26099 128
22 50 14479 617
22 90 14641 364
22 84 12286 813
22 1 19423 62
22 35 32335 1841
22 4 129757 302
22 7 15549 49
22 29 61697 119
22 42 50720 66
22 11 50915 208
22 65 6820 252
22 20 124798 54
22 44 142404 62
22 86 146701 72
22 64 9079 463
22 49 11032 107
22 23 79922 46
22 36 73838 188
22 8 9018 188
22 32 20197 263
22 93 1705 188
22 80 27653 96
22 33 376485 425
22 53 7109 98
22 3 17187 494
22 85 33231 97
22 59 14963 93
22 71 42237 110
22 76 10540 25
22 9 47400 221
22 81 67192 88
22 48 9683 372
22 68 33813 165
22 91 63947 44
22 57 69524 64
22 94 92252 161
22 75 31092 387
22 40 11630 295
22 96 14468 142
22 6 94129 293
22 83 23219 55
22 28 24238 34
22 78 6015 99
22 47 39409 82
22 51 99443 233
22 5 72705 131
22 100 23105 495
22 92 72853 148
22 74 21375 36
22 60 38065 264
22 63 6152 353
22 67 3124 231
22 39 10886 85
22 73 27204 575
22 24 12478 307
22 61 78180 269
22 30 127326 25
22 88 16898 140
22 99 14136 27
34 21 15233 1577
4 7 15509 15
20 99 8350 643
84 73 6399 951
41 24 12482 157
33 9 46260 507
61 1 33897 140
73 76 129544 62
99 10 32667 71
42 7 38495 466
29 40 24978 178
47 31 9438 27
49 64 11159 32
77 58 55498 60
4 66 64550 682
55 24 57087 156
32 67 71149 183
9 4 89506 37
85 21 65550 218
47 34 26354 309
25 58 106206 739
71 33 135939 84
78 88 146483 23
24 28 39440 755
38 82 36234 13
2 64 26597 201
19 70 32681 78
24 64 10562 20
41 4 26190 76
68 78 25833 188
52 5 16955 415
95 8 74702 72
57 53 25174 214
99 50 24778 326
30 94 14096 379
28 76 31469 143
3 14 6664 51
91 84 4441 1131
98 11 383379 17
54 89 15728 92
64 39 29582 45
18 66 4915 126
49 41 14753 45
48 64 13200 26
20 28 49987 306
45 43 52037 156
3 46 19012 60
26 6 8705 144
77 94 16436 120
74 94 6455 273
71 16 12553 163
73 11 63929 20
46 4 15523 68
86 26 25014 133
8 15 7480 156
90 82 21366 88
1 29 3207 158
33 52 14974 59
100 81 37181 127
72 99 64469 1186
87 71 43259 110
92 20 21669 210
21 78 33288 166
11 67 36713 183
89 70 5846 213
52 63 26717 83
38 90 12111 106
85 74 26067 420
55 42 3730 162
43 85 27732 121
28 74 44556 173
77 24 53908 119
97 19 100076 167
99 51 2711 265
12 71 15336 90
98 32 7435 163
43 84 32753 84
27 18 49721 146
69 57 32141 58
17 8 12323 283
54 65 6349 123
92 32 91547 670
49 88 23374 138
66 35 7676 596
13 36 26897 444
69 28 2535 24
78 40 14966 220
59 73 21492 109
89 45 34498 66
21 70 80519 88
20 52 8764 116
23 65 60912 94
72 67 45307 43
71 46 29640 102
72 5 26605 45
62 27 14706 194
24 36 81000 92
90 64 26939 143
8 48 8996 40
93 94 171882 341
68 2 16571 47
19 66 61308 774
2 5 27084 71
81 99 22975 119
55 73 30860 30
87 83 7567 1204
59 64 25903 80
66 18 56503 107
54 6 22217 92
21 53 67301 196
77 34 21096 79
76 25 17249 87
51 48 22359 68
45 80 191509 366
38 12 7520 241
94 71 90620 289
25 2 6546 445
65 8 35611 69
77 40 6879 208
16 69 21180 55
46 74 89359 283
69 59 41564 138
82 50 148044 208
13 20 15700 147
20 1 37584 414
44 6 5209 812
15 9 26695 43
2 32 101439 100
6 62 18710 888
75 73 19701 162
53 60 29459 391
100 17 189237 51
38 39 55033 112
63 39 17247 69
37 94 182302 194
24 54 8762 48
83 16 8784 94
12 20 32913 62
45 73 63854 66
95 6 40283 43
18 98 59643 214
37 44 18653 93
37 99 59381 17
40 99 71495 224
78 98 25581 78
68 60 53418 448
95 39 168322 832
90 66 11894 54
15 43 10999 207
4 26 13672 37
24 18 18242 122
94 21 12546 69
13 98 26509 60
12 76 12201 102
38 6 12688 104
3 76 17303 349
85 56 30703 126
85 33 6550 229
16 76 33697 75
88 62 9456 290
83 14 9563 397
77 69 16783 209
70 52 17664 61
1 10 4507 132
15 64 21506 35
98 71 23396 34
51 76 4074 83
68 77 135391 281
39 10 42593 85
8 9 21024 190
42 77 25912 93
84 100 32029 337
51 78 64901 597
8 45 6973 33
50 15 28913 338
78 12 2455 1363
67 14 20618 225
32 82 70455 72
42 66 25963 158
98 91 24539 14
3 99 3608 43
78 61 100784 186
57 3 30924 513
40 39 28785 121
93 51 12341 70
4 82 13167 73
31 25 6277 441
48 10 17417 52
55 39 7517 297
65 62 10363 218
91 20 9836 54
98 59 11949 315
58 16 28395 576
74 73 2280 143
81 97 4132 25
67 28 88137 233
67 37 10110 176
100 51 34832 174
50 22 219570 234
34 58 84558 116
69 38 10299 103
71 55 10671 44
31 80 5532 170
23 6 14743 271
91 65 30873 124
78 4 41769 268
67 50 3013 297
75 54 29384 394
23 8 118887 1410
30 59 7851 69
84 92 47504 260
75 18 14750 85
15 84 29339 209
32 78 1333 66
38 54 43242 160
43 33 35840 22
46 100 73622 204
50 48 44880 251
17 50 78594 57
70 100 24309 314
95 72 16921 151
48 26 32312 511
67 42 85512 21
2 93 18797 174
52 94 2135 329
2 14 52255 174
66 22 65785 214
56 47 13212 33
82 58 10839 77
41 5 112978 134
77 89 35144 253
30 53 6486 1039
95 52 21461 262
48 32 30434 194
11 93 15107 208
83 36 34122 107
59 84 3829 111
25 70 1522 101
30 43 30890 47
78 33 18813 98
89 22 19158 557
92 98 18248 132
75 3 19631 188
35 66 24341 114
17 55 25404 280
24 97 32450 1218
7 71 35192 27
65 6 6304 47
65 55 12198 105
41 55 20164 76
78 54 21336 80
95 17 15798 237
58 65 104184 22
90 38 4132 12
57 33 52620 314
75 56 3900 256
26 59 16162 681
6 53 20062 43
99 44 14597 269
56 70 54622 99
98 41 33766 293
71 86 13570 144
69 55 55016 52
1 27 49140 3411
78 82 43262 70
21 19 10325 39
60 99 101501 171
92 28 16648 138
96 6 45811 165
14 76 6973 47
90 45 25983 24
66 26 21737 300
11 77 2316 99
61 57 11879 34
58 48 39757 40
68 58 8939 172
2 62 84776 1326
50 53 22423 233
1 33 7650 742
51 73 141350 166
59 18 9049 401
64 42 93059 129
23 79 15302 1267
6 86 4545 114
88 37 235203 192
61 77 43707 88
98 45 29415 1256
55 15 4191 349
85 60 5263 31
100 83 65920 56
40 18 15404 336
27 4 43830 380
53 5 88029 321
27 2 23058 67
30 61 15917 119
94 70 10110 151
50 40 6531 251
97 57 18843 141
43 58 144580 53
100 78 5524 912
25 96 12133 62
12 88 37152 264
33 48 23148 859
65 15 1806 124
57 65 8083 323
29 78 7344 84
84 13 14629 49
62 17 21674 85
11 17 6337 296
5 53 217871 83
80 78 63629 12
37 29 18751 130
14 60 7999 35
88 23 21200 412
74 11 71794 222
53 65 43907 135
39 3 17886 232
95 12 5461 35
37 63 24222 925
93 73 20862 93
59 46 16774 349
34 29 12379 1223
28 43 17478 28
28 81 59621 389
86 28 22587 145
45 14 12294 163
13 7 14228 152
19 63 12463 449
81 98 17747 171
47 44 60667 41
45 87 24749 155
14 90 117894 185
3 25 36286 65
56 93 22336 93
48 57 28089 80
65 83 47856 111
85 67 18909 192
25 95 29286 163
100 85 28815 61
57 15 28261 425
100 28 2031 59
19 94 22848 96
13 30 23519 57
26 55 21577 48
91 82 51137 166
83 28 38781 102
69 33 93298 151
61 38 23348 130
25 16 30451 27
38 21 38589 83
30 13 10158 398
100 43 22348 78
58 57 27220 66
43 62 37081 277
17 69 68790 96
7 14 9412 178
54 75 48388 162
9 55 2114 61
23 63 23708 356
79 66 6736 387
60 46 54715 270
76 100 22625 237
67 27 6509 101
66 54 29553 131
51 5 34597 642
51 30 87990 14
68 39 4657 47
59 93 17961 74
56 84 2626 126
69 51 27516 222
24 75 24921 406
99 26 39377 89
56 97 31494 329
73 48 90810 214
67 26 26053 80
33 39 351801 41
4 52 6459 301
10 47 14970 38
48 39 39555 24
79 82 3016 142
16 40 24235 249
32 49 51727 213
32 27 9394 118
84 44 19512 216
32 41 7239 254
15 30 18170 226
38 15 29984 628
20 75 21781 162
77 14 10826 77
88 3 14280 54
25 60 13837 80
21 63 16024 105
53 17 12293 92
50 34 40409 73
91 94 30899 318
65 31 4704 354
68 61 19160 345
73 57 41149 665
11 91 21117 138
44 37 6324 183
22 891
78 27
100 64
39 170
94 195
73 129

10033151
