100 499 3 3
91 98 14587 38
91 74 22782 676
91 57 114893 23
91 9 12777 486
91 7 13792 63
91 59 29263 641
91 100 36991 730
91 6 31197 203
91 23 3693 70
91 87 221517 52
91 38 16320 330
91 8 26119 106
91 34 10409 161
91 89 512868 125
91 93 10941 180
91 53 24498 215
91 28 10608 55
91 78 77808 110
91 17 93709 78
91 56 3005 230
91 10 135657 65
91 48 33137 49
91 42 25518 99
91 97 56780 143
91 49 28258 131
91 85 4097 28
91 26 43598 98
91 27 27040 231
91 14 17671 230
91 76 15713 89
91 66 32479 198
91 62 7489 52
91 24 8273 64
91 15 23621 89
91 72 6966 50
91 30 6933 74
91 54 4176 1683
91 58 85294 382
91 18 23294 302
91 79 31788 70
91 75 16447 1226
91 31 101307 501
91 19 20261 339
91 29 4765 595
91 32 6049 43
91 4 21728 105
91 1 77333 182
91 5 6644 120
91 22 25111 33
91 83 26036 62
91 16 6983 157
91 67 6921 255
91 43 8893 112
91 46 23257 66
91 84 19986 32
91 64 26551 22
91 47 32723 166
91 71 29633 133
91 39 107437 428
91 69 103533 91
91 52 35213 27
91 92 19457 175
91 61 118182 136
91 37 14371 137
91 68 16400 51
91 33 12064 1062
91 63 9469 567
91 35 6700 179
91 45 49491 79
91 96 5195 255
91 36 21496 250
91 50 168881 180
91 13 49557 330
91 60 15095 110
91 65 153904 133
91 12 21635 382
91 51 73762 159
91 20 35248 507
91 95 19044 587
91 25 23213 269
91 88 26132 59
91 99 9595 61
91 77 6575 125
91 73 256931 299
91 3 18881 51
91 44 7425 44
91 82 3524 113
91 21 158053 347
91 94 28191 55
91 40 5830 77
91 86 14834 199
91 80 117101 24
91 81 25312 150
91 90 28794 202
91 41 71192 465
91 55 6960 60
91 70 6716 128
91 2 18413 79
91 11 23236 128
10 85 5558 76
28 17 11302 214
55 80 67542 324
71 23 33557 316
36 10 18015 663
69 99 7850 356
82 70 23161 92
65 15 21239 220
35 92 26161 962
71 41 13118 541
12 65 3404 71
43 86 15938 159
76 2 9588 163
6 4 21888 157
85 46 62268 85
43 66 22488 129
33 11 15782 45
77 32 3269 106
85 58 27592 64
21 11 61824 35
98 41 22310 50
3 96 6164 192
51 37 7793 50
27 68 40944 279
52 43 18491 58
41 53 13526 379
52 79 22547 165
98 81 16872 82
76 35 9064 279
13 35 16573 506
52 77 44102 184
56 1 13841 61
21 30 344554 23
80 69 44389 92
22 76 44403 369
41 33 32754 170
33 66 117229 66
52 55 16844 128
79 69 17751 161
51 86 9984 55
29 95 19906 24
39 42 9363 117
93 39 50364 55
59 33 134747 209
30 57 22305 41
80 39 59524 124
72 6 7706 162
61 2 41143 119
9 14 50081 65
39 65 19131 65
97 38 30905 185
44 87 35068 89
88 31 20885 193
52 53 12427 446
26 78 13490 71
59 70 15721 226
29 26 19568 50
68 22 19196 405
34 37 22534 184
44 22 12116 340
78 5 110404 567
31 59 56458 380
83 14 16632 86
33 26 2890 147
39 77 26675 51
14 65 24264 250
88 27 24471 142
63 46 9412 73
68 39 58321 35
4 33 31647 540
52 83 32452 26
41 52 4693 247
67 23 50823 47
95 80 59215 187
64 77 84991 44
49 97 3129 533
3 59 13152 320
88 42 10097 774
99 80 18033 56
71 11 27430 69
67 76 45675 267
87 85 40351 591
83 74 22426 206
80 72 83342 39
86 53 129496 84
41 88 5685 1223
51 66 11996 36
40 78 30261 50
43 93 3345 162
86 7 41645 40
90 98 63234 136
46 37 24565 59
83 87 35054 145
25 47 5820 70
33 88 37128 429
82 34 17895 256
16 19 177260 77
73 95 24153 68
15 57 48972 138
98 11 119669 134
59 10 6685 496
53 89 6087 669
26 55 9130 100
1 73 5319 67
90 40 69032 381
11 59 58254 59
8 10 74332 77
88 58 49215 56
1 76 60302 365
46 8 19822 317
40 37 167702 96
7 16 12192 207
14 40 39256 1404
56 98 7812 8
16 59 14352 193
21 97 23923 85
89 56 43827 273
35 26 138451 375
68 25 28192 114
18 13 46220 504
93 17 5720 459
44 100 18145 72
17 95 15081 426
86 27 71607 84
10 12 22990 307
75 14 9178 27
46 4 13281 153
48 33 71342 95
38 99 297822 368
67 82 52171 161
90 9 23410 15
61 37 37369 132
37 56 50252 92
36 13 15531 124
100 42 26774 298
92 83 9478 257
64 44 90588 984
61 75 9409 251
19 45 88240 509
76 65 66145 376
7 50 21889 665
13 2 106418 202
10 5 10611 31
85 86 10360 124
62 51 6360 146
68 44 455190 311
32 3 86285 471
55 16 9623 356
63 29 73922 81
8 75 19735 57
100 26 151605 161
19 81 16504 145
93 15 31487 148
3 23 5021 203
10 1 7576 127
69 34 10522 32
1 36 7257 953
58 22 26562 129
70 92 17359 58
9 46 13037 141
45 75 15049 127
61 36 6332 59
66 32 12390 102
37 60 43622 138
93 35 18844 163
32 52 25096 174
43 95 25646 307
45 96 153216 135
76 70 9335 113
24 66 17746 23
93 85 86409 948
33 19 6140 223
63 13 251118 79
41 14 28726 733
39 94 48593 17
57 89 23875 51
40 19 59329 189
4 25 11545 153
60 99 108389 244
55 32 19898 302
29 65 7880 185
74 84 11361 226
53 54 4511 327
86 98 8569 194
73 84 3412 94
62 47 29763 527
75 24 50290 23
61 6 3193 55
61 62 45512 1279
14 81 18823 209
71 73 16886 271
17 69 14635 62
61 10 6968 42
2 50 3529 94
82 20 38476 900
27 18 6044 98
7 81 96798 451
29 78 12467 54
23 87 12167 216
33 9 56304 59
51 96 15054 171
40 22 30021 99
43 2 119589 197
49 29 4322 76
80 70 68128 380
16 46 20322 192
35 28 15267 759
18 55 55826 70
60 36 34652 137
68 66 8713 208
69 96 15308 881
95 44 30572 66
23 34 4075 109
86 89 1863 290
1 62 11789 528
22 88 9451 69
39 33 30802 164
67 46 92467 383
32 23 59158 486
46 2 12580 153
46 92 1335 151
33 31 12426 164
28 75 15316 141
6 23 158391 274
89 86 30497 246
3 16 47173 148
63 14 7980 132
8 68 41452 455
99 39 11092 586
40 86 109903 248
35 47 41924 28
67 70 26257 521
42 54 67597 268
77 93 81522 40
67 63 19943 522
2 13 52523 86
17 23 24941 210
14 37 21195 390
31 95 7657 94
43 67 8051 621
36 20 20343 99
81 88 59651 99
72 57 18024 53
82 1 29240 507
56 85 20878 453
57 1 5144 452
29 5 3401 199
15 42 147872 109
79 44 24769 505
48 88 61360 151
92 78 10046 240
51 22 81086 31
88 82 68615 388
79 19 11831 47
3 4 18109 214
77 18 82953 184
62 80 28387 1120
9 3 26158 339
76 30 13052 96
90 83 37460 50
32 99 39583 62
100 23 3984 23
36 26 123336 49
48 78 29662 106
38 58 138164 71
25 36 3668 57
74 87 2076 134
4 49 10895 150
36 98 9117 438
13 93 193516 73
71 52 7104 92
30 38 36759 305
17 18 13443 61
33 60 111879 214
14 23 24096 562
28 43 31444 571
67 13 29658 46
31 81 52061 87
64 11 34165 210
39 80 12343 325
71 50 21641 151
32 40 17506 35
31 77 12317 466
88 15 5713 241
68 33 148549 692
77 56 28058 1203
84 52 36759 46
48 1 139929 123
63 40 42730 67
68 20 11461 5353
64 96 3753 161
40 25 24167 306
12 46 38816 93
73 24 19862 144
77 63 16447 24
42 84 161363 144
89 32 23406 418
49 84 53086 69
38 72 17598 421
41 83 49832 106
56 79 22729 189
27 19 5803 154
79 23 25123 106
51 83 15445 107
65 33 85137 231
66 98 12670 143
100 98 4316 181
31 63 31153 649
13 18 5713 224
92 33 13175 205
22 15 44775 72
71 20 14126 47
74 22 9203 225
20 95 18037 172
53 32 15521 22
89 55 59084 244
44 26 32684 119
70 75 23561 141
92 40 13003 54
82 77 26459 94
19 42 11493 1014
53 24 24743 110
88 20 15951 91
74 15 13493 189
14 97 19526 118
52 27 23008 196
17 96 97402 118
16 82 13860 269
21 19 1895 55
60 47 21752 159
92 70 23768 89
87 95 84218 31
79 84 31182 522
11 86 105848 555
31 7 11529 59
28 27 45562 472
56 9 7934 265
53 90 19206 52
63 57 28811 186
81 98 2531 207
65 34 38650 72
83 64 10539 607
20 34 19104 359
24 41 16622 277
80 41 4889 576
67 60 47566 110
30 67 29293 399
80 18 12347 134
37 11 81627 73
18 48 23076 163
96 83 13261 666
38 91 8688 68
78 15 7713 142
94 29 7882 38
36 70 16393 168
23 52 9515 450
86 79 6186 58
19 86 14256 174
87 86 684 61
40 30 36053 280
90 44 89038 131
68 70 5068 168
25 72 5688 206
89 79 16182 1906
7 34 139667 445
100 8 28767 100
87 83 39716 197
3 97 6128 99
77 52 102528 1484
54 31 22473 98
11 37 10459 199
68 67 18162 46
73 23 11062 698
77 11 22543 418
30 91 11700 446
9 100 14297 222
2 92 21989 592
5 38 12915 60
88 40 2579 30
70 88 175594 201
58 81 26135 155
64 9 6056 193
50 46 87431 128
15 26 12277 135
24 11 5905 279
42 51 75440 186
45 23 32076 273
49 89 196856 48
78 96 8252 113
79 27 16005 2350
50 23 3600 74
25 91 24206 44
35 43 11835 362
95 34 219348 165
73 35 22778 64
83 98 33506 88
18 99 166934 540
57 32 70672 69
66 40 4213 850
74 14 27655 167
91 495
68 189
88 16
23 245
98 159
86 143

10104636
