100 499 3 3
33 36 36094 154
33 81 14745 369
33 66 26672 171
33 54 22275 29
33 21 38368 130
33 9 13060 1191
33 22 6030 292
33 6 12789 322
33 41 37156 180
33 84 6902 18
33 42 42720 620
33 98 30070 755
33 20 1513 833
33 24 10887 117
33 95 12471 523
33 70 49027 241
33 1 8492 88
33 64 96628 48
33 63 20300 197
33 40 30900 222
33 93 115044 433
33 83 68752 157
33 74 18692 174
33 14 70215 119
33 29 37453 546
33 99 58889 165
33 87 2924 507
33 51 126263 71
33 52 57456 13
33 69 4888 172
33 3 16326 903
33 19 12532 173
33 90 106078 210
33 62 7204 464
33 60 5872 108
33 46 17032 73
33 23 17497 161
33 97 35281 32
33 44 80415 27
33 8 56003 118
33 94 11226 104
33 48 49580 106
33 50 8375 282
33 65 125363 168
33 61 17646 179
33 77 21694 71
33 47 45175 137
33 86 5377 32
33 82 4900 203
33 7 35511 24
33 75 18947 91
33 27 20955 181
33 38 30732 216
33 28 17533 125
33 67 31757 230
33 91 44536 25
33 18 54688 367
33 16 49153 147
33 85 32308 2097
33 100 7385 575
33 31 15033 51
33 30 31802 2056
33 72 130711 212
33 35 49029 291
33 96 8330 1206
33 25 136088 1760
33 92 16494 658
33 89 86740 165
33 43 33773 180
33 76 38026 48
33 55 13143 17
33 80 3950 534
33 12 216251 1144
33 39 45127 161
33 79 33030 350
33 15 112169 112
33 17 12982 44
33 13 102823 523
33 53 45835 88
33 26 38195 699
33 57 16346 373
33 5 196419 50
33 4 44942 516
33 2 15775 138
33 59 19852 46
33 45 11284 128
33 88 27712 515
33 49 25396 38
33 58 12189 93
33 34 19957 335
33 71 12517 40
33 78 21192 59
33 10 34974 21
33 73 3547 265
33 11 43158 708
33 32 113472 66
33 68 34172 49
33 37 16776 73
33 56 38966 224
50 51 15115 569
41 30 98395 265
50 84 16343 205
25 70 25918 36
34 90 51120 253
79 63 36133 75
46 39 27311 106
6 59 62504 853
36 79 8752 116
1 31 9647 90
9 69 426568 239
17 15 79421 110
89 39 26697 46
95 30 5386 161
89 23 27473 107
40 59 33054 45
10 6 31373 37
19 22 13406 189
42 87 8770 34
5 97 11155 138
70 100 224871 44
93 51 13641 220
67 2 27186 83
14 23 41655 91
7 73 31326 255
97 72 53387 167
37 34 39500 271
52 14 18644 240
71 19 14853 224
79 99 20192 58
19 73 17540 74
100 81 8340 280
87 38 24727 65
58 47 11602 285
5 93 16766 254
71 31 10960 444
53 40 10122 163
80 39 12460 236
99 22 10828 108
63 37 22959 217
96 8 7474 376
2 62 3886 89
77 13 27331 84
53 9 62626 113
89 70 25420 146
84 86 2343 1772
66 4 16052 1129
79 23 61560 329
47 11 267379 428
95 15 4540 832
1 71 14806 152
48 63 10090 227
73 44 36789 78
4 58 17400 26
22 68 85194 361
75 66 59049 353
77 32 6168 118
63 7 30650 423
30 25 609529 39
21 67 15016 424
62 14 28424 302
68 15 40812 204
5 8 16540 109
37 46 28203 231
56 13 6717 20
30 32 30067 162
76 16 12342 84
1 49 2121 74
85 96 6803 223
59 54 7723 63
63 20 100228 363
51 92 66661 60
43 82 48156 43
83 55 9788 253
35 50 14699 98
65 96 26366 94
61 86 13283 155
5 58 9241 267
62 34 34433 128
27 53 20753 365
32 12 3082 205
81 20 32403 67
18 81 11088 83
76 80 23755 84
85 67 19068 694
93 86 35524 337
46 31 6703 175
70 63 11266 121
42 92 19755 155
97 14 178877 452
22 51 37753 112
6 32 53361 144
19 76 5951 57
75 84 8044 150
23 44 3508 45
71 76 21178 148
41 5 3491 244
51 76 29244 2292
87 21 161576 220
97 91 31963 257
10 65 4175 526
11 32 14024 130
19 75 11786 50
6 26 13512 99
31 7 97874 347
7 22 38507 39
90 93 32091 289
36 93 66896 25
45 5 8111 194
24 19 26146 24
78 71 15997 113
43 93 1949 998
80 97 47828 225
75 76 38632 17
53 28 24156 180
38 75 13410 212
86 76 25397 119
26 65 24140 46
43 73 40626 519
84 47 13664 78
2 86 49935 64
2 79 17231 2957
84 22 15737 411
6 57 91091 11
3 16 7389 151
18 4 27661 45
41 20 11213 696
1 13 15607 75
100 31 149287 138
34 31 31738 86
20 94 2812 116
84 4 22487 80
84 8 71652 256
34 45 108607 223
98 62 27836 31
22 40 7354 428
75 79 7745 119
59 66 50235 90
52 66 6329 64
38 31 25261 85
48 19 7771 78
66 50 23698 119
27 60 21592 384
43 79 66176 214
56 51 19164 249
45 40 90992 208
17 97 35495 25
13 95 48708 43
95 92 42431 203
94 61 25633 117
44 75 3997 25
34 93 65494 65
44 78 21372 215
4 30 2640 120
10 30 6214 111
19 53 64240 168
60 28 145730 140
56 61 33937 258
59 36 1423 450
8 20 13634 86
77 34 20828 49
45 20 12445 49
39 75 4685 69
46 87 14561 163
15 86 119561 383
68 25 20314 295
98 94 46920 256
7 65 16485 495
76 73 52521 83
9 39 14565 52
28 69 7572 60
24 84 41583 491
90 12 42713 399
55 88 48247 45
3 40 8250 347
51 6 21439 120
86 67 12442 69
15 50 35717 101
99 66 4622 61
5 27 6839 101
56 73 69387 90
65 94 18736 67
58 100 19056 473
8 89 45716 533
9 48 14746 302
30 62 7151 206
4 79 131413 164
21 79 89109 119
4 46 32703 20
42 78 83108 99
8 2 3380 77
51 52 4634 20
87 79 40723 2459
97 68 12817 161
84 31 14101 342
57 49 5449 652
73 94 29207 104
51 81 15087 106
47 9 1223 145
44 92 96311 64
40 64 22215 320
96 17 153162 164
84 62 44889 90
71 20 9512 582
64 9 24983 603
97 54 5682 914
38 34 13028 200
28 42 2424 586
98 77 19308 108
45 14 15812 193
50 7 12968 45
63 28 46010 87
37 74 23972 145
5 42 3372 1009
41 71 7146 134
71 30 12269 162
92 19 12519 635
2 95 10900 115
25 37 7255 2579
92 39 58754 643
11 58 9403 138
16 56 7688 137
85 65 35370 146
32 5 12724 179
98 59 10081 20
59 61 17963 394
7 31 37799 730
50 60 56961 40
7 62 6470 81
47 67 27054 70
23 6 38243 73
71 84 22133 47
25 8 23144 371
92 10 17348 30
24 9 63251 111
83 50 31915 109
10 86 83423 11
67 39 4465 69
25 83 44626 173
93 35 21116 255
2 91 30569 379
43 63 11913 794
17 43 7940 209
15 29 45911 243
19 18 21146 34
91 3 4552 232
23 66 18079 58
69 65 66072 30
67 74 50006 2930
47 92 35763 352
89 84 121369 40
55 36 19454 47
29 56 132252 118
44 72 9978 157
22 42 25028 115
50 82 27268 155
81 42 29777 184
87 35 21210 247
84 41 56557 1179
94 34 10689 17
16 39 73252 370
5 56 33178 194
27 79 14630 561
21 77 11836 1301
44 14 7177 433
25 82 8331 174
2 92 6082 169
27 59 7823 197
29 64 24580 109
18 56 12572 138
42 37 6325 48
58 55 19839 226
46 61 55217 161
48 40 125615 66
63 95 52177 43
75 48 14814 105
70 92 125083 31
54 34 10836 108
19 54 63114 86
20 67 16466 172
70 25 11823 98
55 51 4296 24
9 49 24662 58
14 89 36882 341
89 7 36933 254
46 3 6920 320
72 58 34731 169
8 31 5934 37
86 78 6167 206
87 47 11785 70
81 9 22098 777
47 13 14247 30
24 3 15736 9
68 21 53750 112
92 67 9302 299
84 45 68423 194
47 2 42917 119
21 13 6965 65
2 74 29187 50
30 91 13557 202
80 94 15184 307
96 2 6372 229
59 43 17404 95
99 62 5887 584
51 43 26888 287
2 43 7450 95
40 76 11847 105
39 67 3758 168
19 62 28742 121
94 39 98627 135
49 33 15618 1219
11 41 51178 33
41 11 22695 359
89 50 16751 106
53 69 4591 24
65 91 3798 20
66 73 15472 299
14 17 7836 58
8 92 53218 55
14 91 13899 65
88 65 57156 108
95 93 24055 484
86 99 17048 1168
21 33 51782 553
58 80 30302 58
51 19 94691 79
56 10 23526 233
20 55 12439 316
58 51 41298 180
23 89 9633 313
48 100 38830 226
25 13 40859 200
41 2 16070 415
59 62 50760 164
93 46 52899 391
91 84 9330 279
65 90 7263 299
64 53 10879 50
36 13 21306 574
15 48 26399 183
15 91 26414 95
71 36 27912 379
18 43 292878 169
24 11 7733 74
47 37 47756 41
37 11 50929 74
68 51 8398 288
23 47 7603 102
48 49 2957 185
3 14 14704 251
93 88 42329 39
59 90 10965 538
18 38 32046 21
48 2 15696 155
78 49 28918 167
78 40 116860 90
24 41 12531 49
2 22 24193 118
8 23 7220 438
3 23 3347 116
27 3 25044 280
25 75 7612 275
99 28 11836 228
11 28 17969 112
60 1 18297 37
96 60 20231 88
45 68 3714 21
81 7 75778 113
34 20 28846 375
74 88 48890 42
25 85 37103 40
34 48 84378 89
87 22 121546 145
24 46 25705 361
56 62 24864 15
23 84 6447 139
84 92 39883 197
53 74 25630 679
86 70 19087 668
69 77 37325 248
53 24 31886 108
43 28 62517 142
55 75 19238 449
86 79 10466 167
77 27 25421 342
41 87 19292 82
77 62 138976 376
62 51 62372 79
27 32 26894 115
60 31 130164 101
13 80 4479 666
19 35 84310 156
57 65 5362 531
86 61 139799 40
19 91 47232 819
56 23 13481 286
64 15 40281 19
30 50 16716 97
66 53 18302 30
56 28 9949 85
33 1584
84 120
19 60
62 362
31 786
92 266

28936880
