100 499 3 3
7 27 1367 2062
7 57 54833 254
7 11 26806 248
7 14 9896 743
7 66 17782 228
7 56 7059 205
7 59 82592 99
7 68 131174 168
7 22 11981 274
7 12 134820 265
7 6 92200 55
7 83 64969 21
7 85 2616 889
7 47 45627 259
7 16 47143 450
7 1 15418 541
7 55 43694 433
7 36 53680 588
7 44 6831 396
7 69 33955 189
7 93 17205 39
7 5 94235 119
7 71 52561 120
7 95 6339 167
7 13 2978 623
7 88 25005 127
7 64 22520 439
7 97 9778 286
7 49 121765 300
7 19 6921 73
7 2 26488 41
7 91 33244 456
7 34 94170 272
7 92 5089 423
7 4 5793 823
7 72 2435 950
7 24 10661 60
7 65 3821 47
7 78 17562 376
7 41 50950 37
7 17 5782 717
7 75 10101 550
7 30 59431 317
7 96 74094 66
7 45 10104 25
7 26 25155 63
7 99 9578 451
7 90 8631 31
7 35 20065 137
7 10 16983 44
7 74 18486 106
7 76 8416 104
7 8 120433 438
7 73 127784 245
7 40 80996 62
7 9 38239 60
7 51 3775 455
7 62 21072 143
7 38 1270 117
7 84 205148 30
7 67 37581 378
7 94 28470 161
7 15 17965 17
7 52 39414 201
7 60 11585 92
7 70 54958 406
7 25 51543 92
7 50 11568 70
7 58 18022 85
7 23 97566 167
7 61 10040 54
7 18 5646 101
7 80 124548 242
7 87 48532 90
7 48 9534 183
7 3 23106 315
7 43 251316 81
7 89 9943 185
7 42 4140 410
7 31 57416 135
7 98 11056 95
7 33 27093 57
7 21 19228 570
7 29 13853 212
7 37 32396 189
7 53 9007 1008
7 32 18481 77
7 79 66814 98
7 100 14657 6
7 54 250919 70
7 46 30462 874
7 77 34100 64
7 63 17228 109
7 20 51076 14
7 86 58657 159
7 39 18120 134
7 28 4072 37
7 81 16482 149
7 82 51455 44
97 16 24726 232
13 44 50348 85
100 69 28380 40
60 93 33529 169
27 69 21980 287
51 68 7005 240
64 49 16176 52
78 8 58159 148
15 71 29184 634
67 68 29730 336
29 51 20532 47
85 96 127774 370
29 57 35390 20
64 97 3306 137
16 36 26407 466
34 1 17215 22
20 3 10579 30
32 45 8734 22
69 100 145148 42
33 61 49216 169
2 69 4601 179
55 65 11466 303
32 51 3953 166
55 13 2544 284
95 36 19125 100
41 84 107516 229
18 99 39116 223
69 86 27125 210
17 43 16851 60
70 83 30133 221
25 8 11067 227
88 80 39301 203
67 76 99174 471
18 95 17124 1294
12 88 23490 61
26 67 6771 833
74 62 38162 146
31 73 21307 353
13 42 14100 87
5 92 105822 81
80 100 3895 571
32 73 28034 158
86 88 3290 19
88 45 21363 110
92 83 76825 112
78 7 34293 362
33 99 51754 286
57 86 161658 839
47 5 7093 440
47 16 17094 162
14 67 80150 173
23 29 6350 21
98 69 9881 427
82 59 257150 609
32 94 20238 287
59 61 21339 193
82 40 18877 32
52 57 8137 359
3 50 20437 74
75 59 8926 182
30 46 19754 36
6 49 11469 281
94 92 17468 51
45 87 17876 1013
53 95 24179 53
4 60 9932 691
54 47 28446 635
40 25 12747 84
16 73 34693 664
5 73 11112 92
70 24 39197 48
92 89 7566 212
10 55 39313 207
90 47 20276 1900
83 98 26715 352
5 36 33274 224
52 1 3136 387
31 8 19721 85
14 66 28031 110
83 84 27725 105
95 90 62792 54
41 5 44262 139
28 83 13383 223
83 34 12190 297
69 4 13786 52
89 87 22483 13
36 19 55569 86
71 99 77508 224
99 14 31695 247
8 32 17402 363
15 4 20119 150
8 12 13986 75
38 96 38811 347
100 17 49079 166
4 26 49977 541
4 33 27214 73
11 18 6546 256
83 88 42373 270
48 43 24824 196
70 12 18840 209
19 21 9882 106
74 86 19313 144
58 64 24277 180
95 67 22103 260
25 70 3248 113
41 90 70468 46
64 63 3887 26
57 42 28085 218
82 93 7126 113
12 79 8615 54
22 33 19623 978
30 97 42431 60
15 83 33866 186
79 80 24438 359
70 7 85118 151
46 79 18802 10
36 92 15993 52
15 90 8978 343
96 21 33273 337
53 3 9936 230
92 39 6225 137
24 95 20354 441
55 7 35860 156
33 58 6905 470
88 33 32552 119
8 76 2757 18
100 7 25287 93
37 6 297772 473
11 38 22952 28
37 78 93323 71
34 46 47710 185
4 10 10970 70
45 22 48965 209
40 12 199951 124
14 50 21000 228
66 44 13594 169
86 60 14078 276
58 48 296631 122
60 71 24194 189
49 89 20293 568
38 12 43588 301
82 12 43676 25
47 43 40970 285
21 96 44949 11
5 25 42191 173
81 66 7735 199
1 8 4231 131
89 15 33476 315
11 99 7856 81
66 96 21699 159
52 46 18734 112
81 50 1790 131
95 39 17029 416
14 94 19245 41
48 2 61300 188
16 46 69734 42
10 52 28960 365
4 67 11324 223
68 4 8389 62
72 74 10431 1162
63 7 8556 37
30 59 98173 453
23 83 31101 136
86 81 41468 234
24 13 31994 51
11 42 6598 111
95 40 47048 83
42 28 33138 365
75 46 24745 71
97 79 36751 246
14 17 5657 210
87 73 27200 359
99 38 39150 64
14 33 13455 357
1 91 40824 113
99 17 13500 1308
73 78 13395 47
84 82 44763 918
35 53 31485 113
87 16 24617 108
85 53 7516 110
74 51 4124 109
8 36 6438 635
90 24 3407 115
95 82 36541 38
52 14 157523 590
47 55 15786 948
85 93 25166 275
51 41 10026 42
54 64 76782 207
86 32 1788 235
96 23 22214 146
2 91 32734 415
62 91 26356 144
60 28 10703 31
97 21 19051 19
75 98 22764 67
4 22 51114 52
96 58 17765 298
21 62 1875 153
13 94 107729 274
30 94 55325 132
23 97 8760 65
18 93 26154 66
9 84 32128 465
60 99 7152 30
98 82 2526 104
14 73 13423 54
12 93 33636 195
67 35 24741 103
2 24 11290 35
62 23 26832 89
68 13 11318 145
62 34 9148 21
63 85 174700 62
85 99 66069 180
13 28 279369 136
32 52 19953 158
54 78 21153 104
83 69 4577 25
78 63 21925 1055
23 42 3584 189
67 39 23948 551
30 64 30369 82
22 66 15010 44
13 23 18428 110
45 82 13060 60
94 27 20676 164
11 10 2854 474
19 94 15111 163
54 62 12199 756
86 13 235533 93
86 73 29257 316
42 26 20819 186
18 44 68352 33
63 44 34801 294
42 48 29690 81
55 88 36174 64
56 65 7074 157
4 28 25057 215
68 1 6930 1720
99 7 5207 30
35 97 41471 157
2 45 13369 219
89 77 20575 145
17 99 6741 45
30 63 20131 147
32 13 54091 43
4 84 39146 119
65 29 8875 201
53 81 5770 182
97 71 25320 336
71 19 4849 212
72 51 6251 98
90 71 22531 218
57 63 10081 550
80 25 12633 979
54 3 21960 15
67 52 16322 215
72 36 8497 140
33 48 112843 404
13 97 88667 524
91 64 102936 193
96 24 18539 83
16 12 14752 30
62 88 13516 49
86 44 14987 27
57 93 18293 86
29 76 2257 242
86 24 19013 676
17 75 10469 190
54 56 166148 1015
9 12 5716 93
20 32 6490 255
9 88 20369 18
16 1 25677 203
94 69 2489 45
46 25 13642 180
8 94 135713 135
83 24 35708 93
85 49 3588 856
75 45 8103 169
96 20 134220 337
53 55 19438 107
55 47 36289 152
84 55 29991 14
50 29 153132 142
16 11 15867 360
64 22 36888 291
84 52 40845 392
14 87 29728 267
59 23 84697 183
82 51 10271 315
43 27 101414 276
100 92 8651 103
49 100 12019 212
85 27 13389 175
20 65 16166 148
45 99 25231 236
84 15 33720 190
66 43 62106 104
25 46 46801 138
63 33 10217 46
22 12 51605 44
23 67 44331 434
60 88 14005 17
59 44 6246 33
79 96 3946 122
92 8 85106 705
67 78 77705 229
58 14 15087 215
81 69 87304 119
58 41 20495 1437
70 78 14810 42
72 88 113109 169
41 73 21973 119
46 9 59388 220
98 35 14267 87
12 66 151622 1204
92 66 43260 87
9 61 16963 175
55 35 9424 32
74 31 13414 119
49 91 8552 198
58 42 16523 265
36 23 22006 139
92 14 11335 51
72 80 29406 55
39 21 50149 71
8 9 36777 39
10 3 11909 211
89 90 9229 341
38 42 48409 95
72 8 32239 170
65 5 74329 69
39 71 21007 90
5 62 22931 744
48 47 30336 92
41 31 23035 209
45 11 27375 60
68 15 5812 121
50 57 23902 35
3 38 11086 130
25 88 14380 118
82 62 26185 234
76 75 47935 709
4 9 15865 230
37 8 18597 44
21 87 5935 100
91 77 1752 244
97 52 58397 84
58 52 8327 1420
40 53 116969 58
19 13 4999 169
30 67 10886 113
87 88 61035 108
58 56 33158 919
21 34 12469 46
68 95 64221 394
48 4 16707 274
78 77 23274 89
29 33 67141 102
90 79 27165 197
85 66 15324 90
59 36 18348 151
21 80 45153 177
90 34 17365 31
44 68 36447 203
31 27 34699 39
39 26 54718 201
66 51 26444 257
70 8 18113 204
44 45 48629 68
32 75 31850 699
74 60 40000 108
50 32 36850 715
33 7 4104 319
87 57 26235 217
38 88 23588 125
97 39 31604 203
79 26 3681 140
90 52 16610 90
61 68 16735 94
38 44 15532 24
61 81 123286 147
86 82 1794 84
3 52 2386 64
60 69 87514 133
68 32 18877 219
20 48 17984 184
42 94 63399 76
17 74 14568 153
21 92 50398 31
41 91 78049 51
95 93 35715 104
19 26 7480 61
77 31 21615 3653
71 1 20181 12
67 40 30268 184
36 66 19098 360
7 693
86 90
4 909
88 203
99 226
73 151

11059300
