100 499 3 3
22 66 21185 156
22 33 11865 116
22 88 12128 86
22 54 12050 139
22 6 28477 55
22 61 17599 80
22 77 14427 26
22 4 47239 1696
22 97 19123 1311
22 45 24284 1590
22 58 100648 97
22 41 16169 44
22 69 15357 24
22 42 20906 68
22 27 14233 168
22 32 23174 38
22 95 15866 20
22 83 36329 385
22 78 24725 168
22 63 68126 205
22 18 9036 92
22 40 14722 62
22 37 5254 896
22 59 36387 189
22 81 18639 159
22 3 8324 41
22 21 21176 460
22 36 20202 310
22 17 78811 622
22 86 5929 198
22 87 18730 40
22 73 9229 300
22 1 84878 259
22 89 8056 369
22 49 37291 587
22 84 68550 52
22 39 134640 503
22 25 14938 88
22 31 21740 124
22 13 25051 436
22 100 56699 306
22 28 33015 224
22 30 19649 157
22 7 27463 32
22 51 3718 317
22 98 12480 57
22 75 10148 72
22 91 10664 78
22 16 18949 22
22 99 69647 67
22 48 141658 62
22 94 9077 340
22 67 15625 103
22 50 20324 1312
22 29 67758 132
22 23 2834 107
22 12 13325 1667
22 24 20423 25
22 96 241829 74
22 11 30472 181
22 26 14731 236
22 46 45007 194
22 68 80218 83
22 8 19030 93
22 57 22256 187
22 14 14925 530
22 90 18993 157
22 82 59031 51
22 2 18571 443
22 60 56506 230
22 56 5993 74
22 19 14376 112
22 20 13780 202
22 70 3060 133
22 79 5965 336
22 15 8378 86
22 38 55772 218
22 92 23008 88
22 43 15309 491
22 9 69647 111
22 64 17342 84
22 47 76968 51
22 53 20036 468
22 93 4704 111
22 71 6702 520
22 65 9922 358
22 35 76766 201
22 85 35624 409
22 34 59221 109
22 80 3818 26
22 74 19743 763
22 76 10753 110
22 62 13373 65
22 72 64000 75
22 44 74752 581
22 5 23047 190
22 55 22103 91
22 52 8020 97
22 10 21306 172
74 66 21082 24
14 34 38324 26
60 30 55634 202
85 96 8000 153
36 97 25987 263
1 55 11613 49
82 2 29491 75
86 96 18639 547
78 58 19159 145
60 43 19341 133
47 56 8688 286
43 71 53983 537
84 91 7837 14
10 56 15733 502
2 6 52827 1930
64 96 98003 94
45 28 34557 68
15 86 10570 210
21 43 19254 70
58 69 2690 33
75 81 6050 170
30 87 7485 100
23 60 24424 326
78 84 24094 165
92 98 44390 446
21 33 5142 132
15 43 269883 89
82 30 65572 78
74 34 41620 269
58 56 14118 126
74 94 17789 104
84 12 5371 93
71 17 72297 128
52 43 3857 50
33 39 16139 697
97 100 7418 500
59 68 65619 330
78 15 30845 155
87 73 14272 43
46 27 22824 209
79 92 10163 214
72 79 32670 217
39 78 43183 124
39 15 19029 38
28 83 23397 815
39 67 6757 437
32 72 4177 163
57 37 22825 49
53 84 30085 155
63 24 40700 880
73 77 42762 462
71 82 3356 78
21 84 105385 147
84 47 117359 531
4 38 24487 134
28 85 39738 84
100 89 30884 62
94 43 22952 285
98 17 9283 187
18 80 10387 19
29 24 34314 35
94 54 2117 76
47 90 26004 134
27 78 26091 34
66 55 71830 34
43 45 10708 120
8 15 69578 74
38 85 3544 90
90 42 17103 618
51 6 6346 17
20 48 98571 779
80 26 26286 69
73 65 18458 279
4 1 76922 230
75 55 19717 255
86 58 7985 176
29 58 7260 477
79 74 28466 107
24 67 24838 281
89 84 3660 182
86 40 29654 95
20 21 61556 313
17 96 22592 600
27 90 55252 192
32 82 129907 217
97 93 27837 111
86 34 27104 61
98 10 43578 549
16 79 18228 435
47 94 8678 131
6 23 17355 106
69 31 27252 129
54 3 29002 560
29 3 2977 89
29 71 3570 160
44 73 49450 1341
71 53 15890 157
31 71 7568 223
36 6 10415 100
48 63 15811 111
76 11 59085 374
70 48 10131 477
94 50 123165 218
18 83 29577 295
40 58 67520 222
72 69 45699 33
26 25 16460 31
80 5 46242 26
54 15 58038 19
52 34 31622 108
21 32 11021 323
28 32 10880 225
5 99 1953 205
27 41 7109 61
56 61 260104 725
86 44 17361 41
71 89 41913 91
69 62 10126 202
38 40 36017 167
51 75 31451 482
81 82 10600 136
43 75 21535 91
85 71 6608 182
65 92 14214 404
10 8 4914 558
86 13 30436 486
74 5 38406 116
37 23 18444 174
95 37 17965 72
74 29 49609 32
86 33 10560 15
67 25 43619 151
13 1 8058 37
4 62 41188 26
34 63 21751 63
56 45 26784 408
93 35 10143 51
53 22 26569 595
25 78 29222 40
76 91 3846 362
4 82 19154 258
39 69 45861 124
31 73 31760 91
51 84 38944 208
90 6 26812 298
59 31 5763 164
47 83 18044 78
62 93 6864 24
41 68 58252 32
82 36 31971 72
19 6 99569 113
30 57 166184 57
90 68 8187 223
89 21 18400 56
99 98 4554 96
64 62 18742 116
84 63 5498 89
81 25 79694 69
82 38 85502 164
43 21 8108 41
99 56 29660 71
56 17 9476 200
87 15 7182 189
13 62 63137 66
30 46 36996 197
82 42 78403 363
78 50 76253 199
66 82 96562 46
1 18 3245 263
77 19 44769 27
58 35 48849 118
35 85 13282 545
16 72 24474 112
20 34 42485 365
96 51 51550 161
36 73 98720 817
89 12 20582 368
89 26 14728 216
30 72 89913 70
41 77 112673 377
91 88 20727 159
54 45 6839 361
35 57 14501 109
32 30 7980 534
55 51 152426 45
34 60 5085 67
16 4 9062 26
89 5 3387 1603
63 35 4628 70
36 88 76945 62
56 85 44255 155
98 18 28867 186
43 36 93239 54
80 33 65529 59
45 60 8302 329
7 86 64242 180
21 58 11990 464
31 76 53539 145
70 44 37899 18
2 43 121043 159
53 55 131444 25
39 74 23616 196
31 86 11995 169
97 85 6453 918
33 74 25598 1176
59 54 61376 56
94 14 143950 841
96 35 58454 401
14 53 13171 293
60 48 11394 519
52 91 13937 294
86 9 34538 64
88 84 7779 1156
7 92 28541 776
87 49 157625 128
60 2 10211 110
76 9 34383 655
67 50 19957 16
65 49 33244 372
16 39 20730 41
15 4 17149 19
70 21 16007 36
11 78 22093 38
52 37 17314 222
13 29 37595 229
92 12 25285 133
23 79 15985 58
78 54 34949 180
54 78 55676 109
34 3 29356 270
53 59 158340 71
3 23 5778 341
87 7 20953 220
51 96 15644 390
81 87 37010 257
70 69 9156 107
85 52 130516 127
49 40 15569 464
45 81 4899 11
77 82 86109 209
93 49 4798 154
53 23 7423 325
21 16 3145 236
73 94 100911 1535
34 94 43522 260
18 40 12085 166
14 71 134729 1948
88 20 22743 18
1 46 5725 328
53 3 16852 166
43 14 25054 33
34 54 18461 288
64 26 34326 30
64 98 32599 174
50 45 16240 245
41 83 24314 419
64 89 8885 54
4 6 6809 1586
40 99 28425 158
4 64 6775 321
45 84 29456 149
1 34 14659 225
17 72 3978 178
48 65 23872 142
84 81 8143 190
34 70 160529 223
43 64 7942 75
12 7 246598 279
87 66 19999 99
74 3 577293 98
99 86 89096 309
66 14 122691 113
2 84 18936 34
26 65 10220 40
29 33 18904 213
44 27 15234 109
51 54 27807 51
67 7 10510 195
94 29 3699 347
40 71 17285 95
10 65 58323 902
83 33 9932 59
80 94 8689 97
37 17 34136 163
71 66 8625 262
7 53 10763 662
78 76 19153 75
92 39 7733 306
84 32 32117 137
1 31 5136 102
79 33 24187 108
33 77 12622 92
13 11 16745 188
87 72 75470 312
52 70 11630 104
31 22 23267 126
47 54 46457 165
18 1 84007 403
24 86 10973 178
10 38 11849 104
14 7 8216 108
8 89 54440 96
31 40 17334 59
2 74 23428 448
97 80 38293 637
81 30 91334 462
10 47 14243 138
35 3 20124 222
62 56 6959 68
41 34 12513 974
97 76 46013 45
81 65 8844 181
95 29 67910 202
7 13 63756 33
2 88 14502 480
59 39 19498 41
74 79 75649 67
38 47 5916 1427
65 19 107136 99
90 91 28359 78
21 25 42013 116
30 37 25048 194
55 70 16548 231
56 52 27855 308
37 24 45131 134
63 8 51005 34
8 60 64313 225
21 83 88279 160
82 99 4497 535
35 52 26133 136
11 79 2521 67
29 9 21763 151
6 5 16859 46
55 97 134694 45
20 25 13211 229
29 95 12471 109
28 62 16357 784
34 2 18273 33
26 16 16063 459
32 70 42624 219
61 87 1497 149
35 1 42801 55
1 95 48583 65
51 5 9362 88
57 15 110967 58
90 4 18294 67
88 15 119027 129
7 54 3037 291
48 39 28528 721
48 68 11538 88
72 96 97368 117
31 74 4580 125
70 33 9560 241
88 28 16326 88
69 32 41814 326
57 29 12557 89
55 37 20762 301
79 7 12960 96
57 75 6376 41
86 16 30560 325
69 70 32478 33
31 24 61717 145
78 5 200742 69
94 73 9928 85
30 55 957 115
100 78 40818 149
71 51 30904 318
63 77 44955 495
95 61 19088 279
24 34 35761 21
81 43 9530 257
71 78 24171 52
64 95 29820 65
4 57 16967 153
43 61 6272 183
61 42 90088 65
66 46 7357 169
39 26 32649 302
52 60 16994 96
62 19 8634 32
47 93 3326 629
68 34 5126 32
80 35 27880 50
83 2 5054 23
38 5 13228 102
90 100 30216 186
44 30 122505 116
77 23 7112 200
1 63 328542 74
39 3 8443 235
56 39 9465 301
66 52 39090 17
63 71 20015 983
81 79 21782 382
46 1 31628 17
42 28 7515 1986
12 79 46069 22
9 30 16649 45
4 85 44276 216
40 88 6011 64
22 198
86 18
43 80
34 59
84 84
79 37

2868683
