100 499 3 3
17 59 39147 149
17 81 10830 411
17 75 24633 290
17 54 25811 265
17 13 7789 19
17 62 42836 17
17 58 7938 913
17 5 38577 87
17 18 34823 175
17 100 27452 159
17 63 17616 41
17 55 7024 172
17 99 3786 196
17 94 2393 403
17 78 72204 113
17 44 16197 52
17 33 25581 39
17 88 17823 1018
17 52 52366 60
17 34 5747 118
17 67 4994 1250
17 73 30604 129
17 12 11662 37
17 9 16033 111
17 61 7516 355
17 39 42658 1600
17 21 19227 240
17 8 22864 216
17 68 16317 56
17 28 58814 32
17 80 6458 887
17 93 27332 186
17 69 162330 49
17 45 6195 15
17 20 39831 47
17 66 4222 25
17 95 16002 159
17 49 106217 318
17 37 13620 82
17 23 116917 14
17 22 28303 279
17 16 15557 245
17 26 63282 832
17 83 20681 819
17 91 40998 209
17 65 84410 35
17 48 12989 134
17 41 99587 94
17 27 33588 63
17 35 45994 187
17 3 7195 262
17 87 24758 699
17 77 190696 42
17 60 19787 1225
17 15 25393 307
17 56 22207 72
17 79 5037 197
17 76 8761 114
17 90 21068 199
17 85 33724 802
17 53 20092 200
17 57 17098 251
17 82 19216 117
17 6 26651 229
17 72 15435 40
17 89 36319 20
17 84 12873 181
17 14 200870 1449
17 7 4248 292
17 64 22040 323
17 30 82586 88
17 11 18508 65
17 1 5157 286
17 38 8683 40
17 47 22696 119
17 2 11314 111
17 29 35775 364
17 36 15864 9
17 50 16477 190
17 10 27066 80
17 43 11782 307
17 74 46633 492
17 92 6342 566
17 86 11870 24
17 31 105266 57
17 97 135244 180
17 24 23730 161
17 25 124496 369
17 4 2414 207
17 32 130106 91
17 70 9583 350
17 71 8085 375
17 42 16738 816
17 51 13536 143
17 96 122900 362
17 19 41512 33
17 98 113042 141
17 46 17896 270
17 40 13268 102
67 8 12429 560
32 54 18312 105
7 28 192341 93
94 85 3044 396
41 20 108499 113
93 74 31712 20
21 22 191630 199
38 87 129282 409
65 89 5343 285
94 62 65793 87
54 95 164874 85
24 90 15808 74
8 2 13489 28
43 28 125011 98
14 77 81196 306
2 4 56009 112
68 40 77418 11
66 94 8509 149
34 78 14337 181
15 92 219652 192
56 29 34855 286
6 1 35407 324
16 40 12125 106
4 13 112555 32
100 21 5680 302
88 61 80504 107
95 39 26534 78
88 90 46009 101
86 37 26751 74
93 4 12037 942
78 16 45050 332
71 91 20244 191
73 48 9831 42
61 43 28583 901
61 72 175287 92
35 25 72224 72
57 31 26236 372
72 14 101788 296
33 4 12284 89
68 61 21338 47
79 55 461367 293
37 95 150600 80
55 24 19230 200
54 75 29401 290
16 33 35998 70
89 62 6323 408
72 88 13814 65
20 70 17418 81
57 55 38591 52
62 47 47189 873
54 59 22022 28
70 57 263009 118
5 15 30870 1772
53 94 8483 315
73 67 6274 138
30 7 10539 329
35 89 24337 76
69 62 41963 254
65 71 35753 728
34 62 36563 138
20 68 67623 73
78 27 13045 62
10 21 10845 101
23 68 3657 255
62 50 34918 60
97 26 17436 620
24 74 7279 97
100 58 35402 549
34 17 19822 616
56 38 29698 135
62 73 7253 63
91 42 39888 187
6 82 20292 78
3 9 17687 103
3 80 3820 169
86 39 7586 137
99 56 14650 112
24 89 66596 180
40 5 9555 567
37 93 65961 74
84 86 68646 149
67 22 5913 109
62 75 105109 21
72 16 29858 516
32 3 96010 78
49 10 12525 301
3 31 28160 165
100 17 82616 59
51 35 26594 134
62 6 4561 33
97 35 71843 284
54 48 19875 443
10 1 15667 333
85 22 91813 107
23 3 40045 74
86 28 92768 184
11 7 24082 122
79 97 12907 22
7 1 39526 42
47 30 61869 153
50 64 10095 56
95 12 55662 199
11 35 11399 177
14 82 36150 198
76 18 6655 84
53 24 27763 91
81 1 9269 100
63 85 5833 18
45 12 11613 156
4 27 9470 34
1 98 48940 93
7 56 52096 23
59 78 35098 888
14 21 10086 244
7 55 10722 89
50 34 48994 77
99 1 41558 726
95 4 8420 53
26 73 28226 25
66 40 20712 133
82 20 2488 755
73 12 108427 94
6 29 24031 97
47 48 6616 351
28 74 19751 157
92 29 30064 180
70 51 43484 232
7 79 4429 222
47 70 10603 884
83 66 10473 247
32 42 12598 11
39 72 14997 48
34 87 12814 472
5 34 7785 195
90 19 61578 142
42 69 14817 1053
97 78 22198 54
86 59 4917 229
46 95 18922 256
62 79 21597 82
28 68 90271 127
43 50 40112 357
97 6 21456 42
98 73 16290 232
9 53 10436 203
91 18 24206 332
83 64 15410 78
71 21 36560 328
98 3 44343 64
15 16 18764 18
40 54 34757 89
83 94 16493 300
23 61 54963 103
82 94 8186 177
95 99 16708 111
76 45 35921 227
30 26 16808 24
12 91 1616 59
18 12 6220 58
41 80 5466 38
66 59 13007 209
34 77 32816 90
29 93 111266 516
59 82 23894 181
85 33 16025 35
31 55 18788 191
56 60 103101 15
63 88 38757 15
38 5 2773 179
22 71 29535 145
84 8 21598 428
34 21 4342 1082
31 68 39055 728
94 95 23374 212
59 69 11603 364
71 29 9732 357
14 94 45595 45
96 61 11117 71
22 64 17200 108
71 40 7613 52
67 20 15902 98
54 2 1789 961
38 64 39015 63
82 90 30999 164
66 10 172322 269
43 14 13356 88
54 32 27596 222
28 22 12677 88
22 12 3421 152
81 72 6799 329
31 82 79174 125
50 53 77942 260
11 45 18082 49
80 14 9337 458
19 86 13205 126
41 93 56449 335
60 3 21752 33
21 87 13922 114
99 98 4786 293
62 70 28349 305
80 75 57970 224
53 36 69892 146
93 3 13880 114
14 17 44919 127
54 67 113410 78
52 34 85286 293
53 79 5811 70
20 95 23724 264
91 95 24515 134
46 94 11222 114
68 5 9249 29
72 35 11281 64
58 53 6051 16
98 27 41816 48
6 21 27698 155
54 30 34213 24
42 71 8527 67
68 62 34134 192
76 83 16019 50
20 89 17807 18
62 85 22283 121
36 50 35096 477
84 27 24160 618
20 67 20748 322
94 46 67236 89
41 63 11999 108
47 88 12083 240
46 70 61826 93
89 96 135567 281
45 68 12674 110
76 85 15532 401
15 63 26472 82
22 5 66397 69
34 14 12046 96
94 37 24795 83
65 14 236328 207
51 16 149354 1161
95 27 53006 135
53 58 11313 323
80 47 26048 527
84 12 26695 18
35 34 25417 40
29 77 63052 41
12 22 14956 197
55 22 12922 527
4 42 31784 22
9 11 24929 954
39 7 15717 205
71 56 40086 19
42 39 16374 110
20 65 41158 78
61 46 32313 52
22 66 15889 443
52 46 14196 538
2 6 19601 502
69 82 139294 151
63 62 12701 201
47 5 20773 485
87 25 7652 151
55 52 19344 386
56 59 18403 100
53 40 7466 64
30 45 24679 106
51 82 8228 209
7 26 190507 91
45 63 8976 127
43 64 13623 786
18 81 105463 64
65 34 12583 61
25 90 163509 120
32 73 32206 641
67 51 9629 56
68 36 26429 193
77 35 20829 97
36 54 115534 19
19 25 42697 740
47 59 117093 122
39 20 11973 702
62 7 35014 43
82 95 32015 103
52 97 2750 242
20 30 14600 282
29 50 43611 305
45 53 7397 49
60 55 12174 163
96 3 16342 238
11 73 44138 139
66 96 38194 232
4 9 13504 108
93 35 2550 376
90 44 11437 262
72 43 37292 130
33 97 48723 436
27 83 37846 11
43 31 76107 80
29 63 17516 353
5 36 13324 166
7 22 28495 344
22 47 11378 135
46 1 25034 302
13 70 59695 82
80 88 13172 95
84 80 11317 219
71 79 31650 39
73 81 22102 262
64 55 10055 70
76 29 15778 318
86 7 51254 157
78 59 146752 81
65 46 46975 148
67 53 5414 95
75 98 5685 133
99 87 22137 23
100 47 4638 106
79 18 124651 513
62 92 10012 65
93 11 83186 668
95 25 50870 408
19 9 24602 42
19 52 27078 156
39 79 21760 43
3 94 5405 83
42 91 25444 938
57 14 8274 74
100 78 20693 100
77 12 70800 55
64 29 19750 26
12 20 7313 109
95 45 19736 110
52 32 59595 226
4 83 30332 18
48 46 10163 329
47 57 6249 812
50 44 13254 145
55 34 44103 115
78 76 69844 13
95 51 45178 54
2 65 27017 207
35 14 46248 88
18 32 108599 222
96 88 6047 237
67 88 8963 236
23 54 4044 38
61 27 12444 640
15 71 59592 45
72 36 50999 897
86 25 9537 83
32 53 42221 37
34 71 81385 147
16 3 7883 419
10 54 20880 148
95 55 10840 50
66 100 16427 32
9 15 117684 35
69 43 5969 184
41 23 116525 146
45 11 74837 325
32 96 215694 839
71 82 21123 111
85 14 30080 11
72 82 52237 50
81 49 13102 70
82 46 28593 292
75 58 246434 47
8 80 98832 92
18 50 9632 103
30 18 76241 134
82 48 30311 580
76 90 21204 9
86 68 4164 142
61 70 19144 304
59 51 31243 138
71 47 13708 510
50 54 79457 89
77 9 25064 40
53 10 9634 49
99 53 19755 230
61 82 37729 298
44 16 11158 174
69 25 33465 224
89 82 25361 22
57 86 60842 142
33 58 36180 96
81 56 15000 64
7 54 25290 306
54 42 18941 136
97 99 97880 326
54 100 12817 110
69 63 15220 151
28 76 10989 15
82 7 45375 124
41 1 2586 313
43 62 10387 453
65 45 49185 565
8 48 16095 146
23 76 18621 48
24 83 9234 40
73 33 26843 61
44 54 73803 17
98 18 6762 356
17 2277
62 40
54 30
82 227
14 1079
95 488

68455097
