100 499 3 3
32 44 11397 82
32 23 262472 29
32 33 24111 301
32 34 15967 255
32 56 49911 132
32 59 28523 102
32 62 25857 231
32 69 25253 219
32 17 58430 147
32 47 14800 118
32 79 7122 92
32 39 24651 153
32 74 10853 249
32 16 73767 63
32 4 5501 152
32 52 59134 628
32 22 69652 318
32 26 14493 102
32 8 12664 64
32 18 15839 83
32 77 43475 92
32 73 3936 15
32 100 30268 44
32 97 59531 240
32 85 15307 315
32 43 15711 326
32 7 40806 155
32 38 42082 238
32 68 16501 30
32 15 85124 81
32 66 5763 26
32 28 6847 498
32 48 54312 96
32 88 21475 449
32 57 33643 33
32 50 44923 375
32 70 57439 192
32 14 5771 358
32 54 8235 143
32 71 36254 550
32 41 32829 280
32 78 63929 245
32 29 15175 524
32 3 44614 817
32 19 18662 74
32 60 92060 159
32 94 6254 481
32 80 12081 77
32 82 6118 39
32 27 14444 677
32 49 111728 60
32 31 24872 190
32 92 12630 511
32 5 125708 106
32 25 24197 57
32 35 26663 17
32 51 7470 549
32 72 43642 3301
32 46 100451 275
32 6 6077 222
32 37 8660 71
32 2 12335 61
32 96 7026 65
32 42 37230 125
32 81 100767 283
32 24 12247 187
32 75 29639 190
32 76 44898 108
32 11 26511 127
32 64 7540 25
32 12 55770 130
32 30 10355 77
32 93 1443 149
32 45 41574 399
32 36 19530 90
32 98 25431 287
32 10 30293 77
32 83 39012 106
32 65 39060 72
32 58 17713 54
32 1 14417 274
32 91 12653 25
32 20 3024 269
32 21 28020 294
32 99 25502 289
32 40 13354 162
32 63 54025 194
32 87 47767 349
32 67 13720 193
32 89 40440 95
32 13 45252 75
32 61 8267 121
32 84 31834 37
32 86 103612 101
32 53 41855 32
32 95 33221 391
32 9 26742 706
32 90 12688 297
32 55 11534 132
11 95 9992 89
18 34 20520 345
9 21 170713 122
52 73 53846 275
22 10 63569 265
61 38 32045 617
100 59 13703 236
30 7 51677 77
79 77 14550 20
71 69 21754 360
12 14 76666 431
2 75 17299 680
22 34 14342 43
2 29 3759 28
69 60 25336 32
10 14 81284 18
51 61 31523 89
72 87 40081 257
20 22 4907 9
69 67 23156 136
72 15 8669 153
38 83 75208 132
1 59 6069 25
16 82 40825 305
100 51 90957 125
70 19 10204 56
58 16 4171 460
87 50 13903 283
44 69 59646 369
54 33 13255 56
17 40 40077 91
24 39 48420 177
45 29 8564 255
54 84 20420 77
85 57 5900 93
76 11 47461 691
57 85 19049 172
4 22 37529 202
58 64 58717 71
8 5 51511 143
69 22 6031 251
27 10 16686 111
59 82 13415 395
88 26 16051 119
97 75 25675 164
74 50 15193 81
36 84 21810 2879
65 69 52603 240
23 36 41351 80
72 57 7443 190
9 64 19436 257
53 20 30981 445
81 79 15673 115
16 54 22125 190
82 27 11967 155
83 69 13637 71
61 48 27664 312
96 81 5413 158
68 13 22249 576
80 11 49537 311
63 17 75980 600
67 7 17618 104
6 82 27583 57
84 8 26814 50
10 2 25908 132
92 59 22166 151
81 68 46648 298
91 75 10374 85
15 21 21252 364
83 6 8509 44
69 87 157695 751
58 32 26100 236
50 15 5936 113
41 14 11649 72
71 28 8164 752
63 78 21906 777
40 39 7839 171
18 78 17778 259
34 18 64980 316
79 90 6562 91
40 21 22655 302
70 21 31015 34
96 75 26811 117
52 33 9270 172
16 91 10288 193
6 32 28277 622
5 10 110970 483
18 12 57846 594
87 98 17867 170
47 37 41744 40
24 12 10181 268
6 36 20151 96
54 93 164248 138
58 56 65522 1315
92 85 28542 235
81 19 55481 306
45 33 4140 35
20 23 24739 26
89 8 40279 121
65 99 7295 58
35 93 27572 28
13 11 11297 218
83 45 8381 66
76 97 8171 189
37 18 17643 140
74 62 13546 756
74 51 37240 36
46 99 7983 593
67 20 6929 187
48 10 42887 229
93 78 15233 1479
91 6 18416 1092
60 67 13177 40
39 87 23133 50
82 58 1682 691
21 48 5599 327
10 34 83843 334
47 75 90570 58
95 80 37877 1561
22 70 11579 39
5 45 32323 113
88 93 20226 113
22 17 35466 16
68 65 62425 297
93 30 4412 182
79 25 39645 639
74 4 21260 60
64 66 28163 242
72 2 21359 339
8 75 9640 218
54 28 30427 133
21 45 19381 200
27 30 24889 166
85 78 55671 116
3 17 28893 56
9 35 8184 60
70 15 30674 302
65 15 40288 61
33 36 41169 203
17 55 45145 27
1 19 29078 319
83 29 104350 186
92 7 6309 214
69 88 26499 27
69 91 35922 166
25 23 17762 66
41 100 14396 338
30 31 61192 83
30 55 38787 202
74 44 7035 249
50 95 10284 258
2 63 41065 88
96 62 4388 345
59 14 27072 86
11 47 9761 448
18 65 16274 215
19 32 24941 23
70 50 17567 226
39 28 40804 159
35 1 1980 446
49 89 32637 125
5 29 108075 136
84 75 8141 145
24 41 81665 866
52 100 26424 142
75 95 24264 103
61 55 13195 295
42 14 26126 160
7 82 15491 50
97 50 34882 94
70 12 39971 492
62 51 14268 352
45 46 44712 98
70 39 148719 147
7 87 22602 590
5 90 3541 180
57 88 7834 34
96 33 11368 192
93 46 21645 34
90 99 13414 191
24 18 18717 27
13 42 15328 130
55 47 30898 83
18 35 10065 174
27 35 9897 187
49 16 41258 400
17 14 24714 188
52 81 19963 244
30 79 28620 109
21 5 8714 23
46 87 16081 39
70 66 37747 383
51 58 48217 93
23 52 14175 212
84 45 11923 222
22 14 24854 39
25 24 4161 117
27 55 34947 152
5 95 57179 769
67 70 2252 284
90 72 205270 200
64 55 47564 102
47 66 71890 54
72 92 21257 692
33 27 11349 109
22 96 9204 293
31 44 16513 274
34 24 50263 117
56 75 45502 348
39 30 11270 43
100 70 8024 149
57 53 7972 299
9 58 36027 22
9 22 58527 94
54 86 11944 45
5 13 25643 108
63 76 49076 1790
97 85 11764 121
94 36 141939 954
68 47 44169 125
4 72 68959 977
100 87 86991 309
30 68 88342 105
36 40 53000 292
56 71 31988 78
95 76 4519 62
79 100 5187 484
79 80 24528 64
41 46 174750 130
45 6 95033 11
47 35 10720 193
73 11 41624 125
9 79 10743 114
53 77 10369 27
46 73 27533 19
10 51 51007 172
91 33 7361 165
33 48 11287 86
76 3 47265 193
29 46 2375 197
11 15 47837 430
43 4 115186 292
3 33 31222 944
28 62 14801 336
42 87 19602 276
99 85 37217 73
41 43 49922 205
12 52 2925 61
34 49 75049 176
77 32 12992 47
41 13 3258 96
15 5 8131 112
28 99 107766 254
72 91 3209 104
37 8 9273 470
19 80 15091 253
2 91 28761 1037
17 2 21930 739
26 67 34556 264
6 1 12346 168
63 89 11564 27
13 32 44035 246
77 24 17991 225
66 13 106122 54
47 96 13791 89
26 95 8430 188
37 42 14586 85
38 14 30128 572
38 8 27849 204
65 49 61249 99
11 80 17375 100
48 49 106737 595
19 22 27918 44
33 2 19221 43
36 77 32564 229
95 66 15916 270
55 97 15103 310
30 50 23411 111
91 45 2069 78
95 11 12003 218
72 89 36324 61
100 74 26171 66
92 47 93685 231
1 44 16349 302
67 89 9051 579
52 83 23057 71
34 95 214802 849
4 60 3316 73
15 86 6572 97
61 74 10857 189
89 75 195789 475
75 49 20986 216
70 16 24889 75
62 53 80869 71
49 26 58551 152
12 46 73415 571
67 21 51695 109
92 45 3609 26
13 19 4483 88
2 27 9523 523
12 75 38617 76
13 23 33368 542
97 68 41525 152
67 24 164798 72
68 26 352563 372
56 6 51031 362
73 75 9058 19
76 71 18042 16
74 24 2480 20
82 90 221903 149
56 59 32656 206
35 87 9067 107
52 48 147232 180
29 74 5013 207
44 76 5617 76
21 43 5359 63
71 58 10743 191
20 83 14801 109
50 41 18388 77
81 93 7604 39
56 76 7890 69
26 24 35202 79
78 58 18415 324
73 31 31680 993
83 85 15563 194
92 74 110193 290
16 40 11117 168
98 99 2540 138
47 15 10581 32
63 65 68157 50
29 53 45545 278
63 61 68939 223
11 45 21728 223
43 87 14623 110
52 62 34099 90
70 44 12918 60
16 30 56167 24
42 64 1069 161
54 71 21914 370
44 70 7493 257
35 47 40631 936
6 65 36854 32
74 52 8858 74
42 45 104178 252
13 16 13943 47
14 65 427787 268
7 70 17672 98
17 20 36194 100
29 9 81292 178
88 83 2366 433
47 34 38631 265
97 99 35058 114
7 12 21529 554
52 44 16630 139
31 47 22773 14
22 91 31530 876
79 71 11174 94
61 71 31708 360
1 8 30921 51
7 36 129387 68
71 31 93168 118
92 43 32276 218
41 33 195594 268
1 39 11127 612
55 11 7147 161
39 67 7947 71
53 28 38290 302
59 73 72144 1082
94 1 51420 227
62 29 14180 515
29 93 16860 225
53 70 52289 273
59 13 28872 233
28 94 39969 105
52 43 37121 146
87 90 83916 540
95 6 36472 154
86 54 23076 181
47 88 7739 20
26 5 50716 20
64 22 35814 340
51 83 41783 118
5 83 31667 475
47 49 12031 131
61 65 127014 83
24 33 11034 87
41 94 26745 177
93 27 40423 694
43 14 112459 117
91 9 66345 74
9 18 22457 256
9 26 7894 710
8 34 62235 108
95 33 26228 193
63 12 21606 958
1 31 16627 193
43 92 11797 119
15 97 19709 352
3 36 8703 248
51 48 16136 81
32 198
70 171
52 63
75 185
87 43
33 80

7477490
