100 499 3 3
98 99 4966 22
98 81 57488 81
98 44 6360 701
98 19 17126 190
98 24 16345 1537
98 59 6422 286
98 95 34160 151
98 9 135934 111
98 82 48080 125
98 13 26518 51
98 43 31431 91
98 30 33040 88
98 55 36951 53
98 68 21719 116
98 33 5268 51
98 71 25414 346
98 29 72064 325
98 32 6477 239
98 57 5401 94
98 17 37644 241
98 83 9373 483
98 67 44452 169
98 89 9030 541
98 11 43852 83
98 91 2548 352
98 8 54001 533
98 18 25479 56
98 6 4190 30
98 26 14989 698
98 75 24588 110
98 87 17657 139
98 86 7821 108
98 73 7369 2264
98 42 18483 217
98 14 24479 213
98 69 309447 224
98 21 17047 288
98 80 25652 138
98 31 11964 50
98 88 55881 35
98 16 64086 410
98 50 17138 198
98 76 6765 112
98 65 14131 126
98 1 80012 79
98 38 33771 74
98 62 29713 269
98 45 15257 223
98 100 10522 53
98 78 35586 188
98 90 959 94
98 63 9051 93
98 70 4468 343
98 10 103871 161
98 25 47291 57
98 39 7344 82
98 3 20324 142
98 40 21238 26
98 37 38101 25
98 85 23092 608
98 7 37761 140
98 35 10488 128
98 61 9401 132
98 49 29448 126
98 15 33503 21
98 47 8708 1321
98 2 253962 275
98 34 2511 564
98 54 34608 171
98 46 21915 56
98 93 2419 20
98 53 14778 140
98 60 35812 738
98 94 6073 163
98 79 12813 333
98 51 18056 130
98 22 9288 70
98 4 10971 211
98 92 2300 94
98 74 6755 341
98 41 8225 2738
98 48 26154 254
98 28 36946 188
98 72 10115 209
98 5 19760 254
98 97 85569 432
98 52 6706 82
98 77 23255 171
98 36 8173 30
98 56 13020 27
98 96 52298 58
98 64 98034 99
98 23 20417 122
98 66 25076 39
98 12 12782 588
98 58 28837 197
98 27 26039 723
98 84 15974 102
98 20 1807 90
38 94 57223 165
77 14 10110 454
74 98 18137 18
65 18 6538 49
12 85 11192 95
56 47 81419 28
20 97 333014 75
30 22 49416 240
23 39 24897 318
56 59 4582 122
3 100 289314 239
87 13 8622 21
30 46 16038 379
39 98 9007 114
9 16 7910 22
52 92 30246 155
95 71 15157 589
13 84 43480 78
90 56 30066 17
25 8 149220 7
70 46 9531 208
26 66 9595 447
75 97 15941 60
7 88 6433 163
32 21 55227 219
14 11 39249 644
1 85 7309 60
92 15 23557 114
86 67 32513 243
34 95 25943 101
7 62 5797 243
40 21 58803 61
62 51 76213 81
92 98 19953 219
13 67 40405 96
31 13 9053 126
67 10 45382 143
42 99 8713 2238
40 56 58249 140
46 64 13004 97
57 27 52298 64
86 54 47254 91
79 13 12076 51
58 61 7909 369
76 17 23256 447
57 61 66169 938
65 3 50190 149
16 30 27589 290
65 62 38025 282
55 51 37529 24
94 31 16623 148
2 79 30081 269
10 70 10545 166
58 69 4891 70
55 24 126308 117
59 80 29459 85
46 16 46596 361
65 84 16708 181
4 59 22010 131
44 90 26508 57
79 91 32235 48
62 61 24580 206
49 83 8486 111
17 14 4368 115
12 30 13517 113
61 48 8646 124
16 44 25319 213
37 77 20160 142
90 88 35651 1419
73 57 13532 222
68 30 30736 126
23 38 14950 137
26 72 14378 80
72 87 5498 377
52 99 30935 88
13 69 16572 85
63 24 64023 94
52 86 26241 358
9 99 102843 276
42 63 3895 106
69 17 12833 84
97 40 22566 231
65 29 80829 119
55 47 8172 87
56 100 18418 156
100 64 5250 361
17 7 26850 55
47 95 11229 149
51 99 7602 28
56 28 12629 519
37 60 36013 327
7 84 18462 98
20 85 57733 280
96 73 82093 97
65 35 5996 595
54 53 62662 105
91 23 24005 201
44 69 20115 64
33 49 26044 27
83 11 4517 322
73 94 26849 317
81 32 33890 1019
70 69 114413 147
94 74 3170 640
83 94 4124 85
14 46 31886 25
50 72 21363 73
58 72 27789 301
69 42 4105 254
24 49 29182 13
99 49 13428 109
2 90 30683 14
20 36 19464 33
25 96 12904 502
67 72 7437 143
96 47 5280 173
24 92 33471 286
51 25 14970 638
51 97 45856 210
20 33 3540 45
40 7 24996 212
10 90 52007 152
20 14 22034 62
35 76 4220 170
55 65 60349 29
46 98 37969 223
64 70 3081 650
58 84 5289 56
44 61 22237 60
83 79 3735 195
86 64 13727 64
24 79 251367 182
22 8 4740 124
68 24 9845 80
56 58 10668 599
1 12 10518 216
29 2 18322 47
34 71 165710 151
95 21 22917 54
18 95 7126 179
41 35 25715 611
7 50 16429 386
95 44 4732 74
43 40 93453 100
11 73 21245 415
57 91 55545 419
36 10 33460 159
68 14 101147 389
30 48 5037 103
76 65 77026 16
64 54 16051 113
35 53 18055 67
92 61 34534 219
67 9 30375 131
40 43 87178 104
29 40 46691 272
75 94 5725 468
65 16 54837 408
22 26 14242 519
79 18 44912 123
90 29 23093 82
99 87 9575 92
61 26 12804 201
10 92 22135 113
60 26 20029 41
90 94 27838 122
53 67 15894 613
18 55 21571 99
41 44 18356 255
32 57 18711 231
65 85 109818 534
30 84 22996 99
12 76 2287 438
84 6 20765 123
62 12 53962 224
77 80 14446 137
67 4 6809 244
59 17 18978 206
27 49 60850 158
95 9 28758 51
14 10 8490 377
69 7 190274 84
32 86 32033 47
9 47 10866 846
32 41 106268 1277
17 39 97507 156
59 67 7230 244
11 65 21683 332
93 47 6538 406
31 30 9785 393
90 22 50417 213
97 53 67881 1064
25 5 88822 327
48 50 17203 466
70 78 30144 47
49 67 1707 201
67 3 35698 69
11 68 9821 286
85 4 63955 400
16 8 20560 53
7 23 24722 525
88 18 15821 77
90 89 1119 101
86 69 20229 273
38 99 24520 135
32 23 26324 60
30 93 93760 149
52 68 20255 48
29 71 10964 81
4 39 22809 77
77 82 5916 42
7 40 10883 219
58 64 18390 392
13 51 45715 1338
67 36 4935 304
30 15 9425 458
80 54 77149 204
80 99 94736 355
41 33 41069 250
84 83 9113 19
100 51 73114 423
21 10 14512 218
6 45 40712 141
90 63 10362 29
68 99 11839 154
1 23 19138 143
52 49 10775 814
37 96 49162 723
85 91 104288 212
67 57 55214 139
11 77 13856 131
9 86 158267 109
44 41 8160 40
81 21 25390 245
24 74 45850 149
6 63 81363 207
1 64 6361 233
61 65 27673 142
86 49 24788 161
83 9 57624 180
88 76 42612 44
67 97 4756 240
61 80 29149 188
79 61 133609 64
81 82 19081 149
78 9 19393 148
44 45 11357 127
42 5 9882 159
36 25 27012 169
100 57 44034 406
6 50 119041 475
27 5 22576 111
34 31 22974 131
72 6 55493 50
17 50 6445 90
97 25 24381 15
76 29 61502 84
89 3 53603 122
20 45 5650 97
18 14 42353 39
49 84 21747 99
44 10 7035 278
77 54 36998 174
41 39 27543 102
39 95 6990 97
34 2 111386 368
48 81 9870 183
13 72 34785 201
39 7 28374 379
97 90 28262 271
72 99 24598 627
26 38 16294 114
71 1 27181 394
77 62 28125 218
10 83 33610 161
52 95 6860 254
56 19 27661 299
91 28 52009 87
35 99 19041 158
83 4 15703 121
38 74 67059 517
54 96 3281 1042
100 38 18034 52
93 66 26269 258
43 63 9918 75
88 68 5096 190
58 54 80515 46
68 59 13428 136
70 32 18116 142
76 57 74663 258
81 71 6272 476
76 25 4433 151
17 27 21806 50
97 49 81424 78
19 22 8119 19
87 70 10456 59
100 10 12060 26
63 99 13546 165
69 8 2906 536
44 8 17734 458
46 20 35873 85
4 73 6835 34
48 87 80582 31
24 57 5567 106
58 20 89926 371
70 96 50538 205
35 62 195263 100
48 77 8379 368
77 63 15964 79
82 1 10979 76
34 49 20072 42
80 4 37978 149
77 20 16711 328
24 99 56452 112
3 20 139873 9
46 40 40905 76
80 17 47032 1812
33 61 21700 291
31 48 20493 331
32 12 37601 340
76 73 17593 182
42 68 26790 710
65 92 21454 76
46 18 72237 236
3 74 6276 275
26 98 64837 240
21 62 17996 124
67 82 58713 50
47 9 11636 94
62 35 55137 133
39 60 12697 86
75 18 18048 266
13 34 2815 201
29 47 12367 171
43 62 11925 61
3 13 75275 831
77 49 21914 645
72 11 18429 126
70 35 44829 191
82 55 73092 64
96 67 9850 359
12 32 8611 846
90 49 28787 675
67 26 15765 150
9 14 12240 174
58 75 20246 154
30 4 408987 150
43 53 18591 263
75 95 19912 482
100 63 17438 52
39 93 13540 523
93 51 33882 184
60 16 53816 608
32 51 5726 213
31 80 58461 168
27 84 31747 166
40 75 5639 253
79 46 12713 157
90 19 29766 226
66 23 15396 346
64 88 93892 56
30 70 2890 70
65 90 23956 96
87 74 155449 33
22 36 11381 470
94 49 20116 45
3 4 12987 124
55 20 23824 197
81 2 86155 128
67 42 40693 143
45 95 10323 126
49 37 22008 138
76 36 50551 508
54 23 84191 359
54 77 25662 25
53 91 23677 52
58 56 128079 113
26 62 9205 70
93 33 45605 41
36 49 13257 162
95 11 3100 20
10 40 10402 325
9 63 45591 416
54 73 7512 144
20 10 221240 50
45 46 21770 71
48 23 21623 134
34 85 38598 117
15 45 19854 80
37 9 45429 24
87 1 6089 201
43 25 94642 99
7 99 36018 1051
88 66 34018 275
54 19 42261 206
34 5 5032 144
27 46 20507 231
37 95 3025 66
22 9 6518 196
20 66 24298 49
98 594
67 11
65 120
99 49
49 14
95 130

2666460
