100 499 3 3
4 90 5107 220
4 50 80086 110
4 78 31947 285
4 70 7032 136
4 84 15386 135
4 58 29806 151
4 6 42949 286
4 16 72526 113
4 3 28852 66
4 53 23280 468
4 67 32090 233
4 9 20108 716
4 20 5906 168
4 30 31311 133
4 69 16904 142
4 88 28835 267
4 96 27680 173
4 35 33486 505
4 47 12239 150
4 71 8250 133
4 64 11754 60
4 19 6805 126
4 21 14710 337
4 99 8362 48
4 59 159743 296
4 49 5413 73
4 60 51053 163
4 100 6796 119
4 57 18712 86
4 13 18541 170
4 76 21867 135
4 44 5122 292
4 52 43524 328
4 55 18449 330
4 77 19928 113
4 10 52560 525
4 56 46121 329
4 33 12256 164
4 66 14199 105
4 24 9407 416
4 14 29179 92
4 91 16638 108
4 74 18892 469
4 5 52886 370
4 29 26184 100
4 65 4244 164
4 61 20635 233
4 89 31157 124
4 1 7071 321
4 12 36323 184
4 27 74370 135
4 94 1500 210
4 11 18371 99
4 54 16792 199
4 95 20969 299
4 18 31036 252
4 36 26942 153
4 80 16347 99
4 15 123224 186
4 31 24489 121
4 97 12166 77
4 17 9404 262
4 85 17389 334
4 51 10346 952
4 73 37983 411
4 75 53247 500
4 86 11086 182
4 41 64490 153
4 72 57282 138
4 98 19642 979
4 25 11238 233
4 22 314232 96
4 26 21913 35
4 45 10783 52
4 34 10880 145
4 7 37464 51
4 48 7506 144
4 63 27181 117
4 93 32154 46
4 43 30095 303
4 68 21195 91
4 40 80809 37
4 83 13264 334
4 92 16594 43
4 28 9253 209
4 32 91818 155
4 8 30141 472
4 37 1000000 2006
4 62 17074 120
4 79 152788 702
4 42 18784 125
4 87 63918 346
4 81 47782 66
4 46 13111 776
4 82 22683 193
4 39 4089 134
4 2 49975 275
4 23 33975 29
4 38 19334 1859
18 84 7260 101
77 48 86792 344
33 91 57732 348
81 56 30521 146
23 81 14791 318
83 71 13761 117
52 48 39504 274
47 54 23649 113
9 14 34395 142
60 38 14044 350
31 92 12111 193
81 86 40331 354
64 16 24927 179
38 21 5314 377
12 24 10664 45
94 15 17354 126
93 24 16078 428
53 97 6315 153
65 11 10012 83
55 90 12377 115
44 48 100128 2025
2 79 21609 162
54 28 21357 174
82 83 25249 104
11 70 8455 190
93 72 15529 406
35 37 4006 87
24 2 5334 136
82 44 3570 152
76 59 125917 116
74 92 30935 396
28 87 9489 25
17 79 16522 82
94 99 9866 52
75 55 35990 87
22 98 9182 28
62 29 10378 864
44 68 36928 67
50 52 54490 23
82 96 10346 40
65 41 17431 52
31 55 10864 50
6 32 27519 104
47 50 4699 60
12 32 8455 398
6 72 14974 582
71 55 44067 77
75 29 11198 361
72 84 26504 262
19 38 9888 33
68 5 18029 129
5 27 20583 268
85 93 39526 72
36 41 38083 465
25 61 19806 9
14 30 25637 31
100 79 252246 70
16 52 38076 42
10 52 17656 187
7 50 27912 122
50 82 56957 201
88 32 35348 198
64 94 35575 36
51 100 38867 137
98 61 32751 99
24 75 11688 713
69 67 17243 52
26 45 7867 194
62 77 21437 195
92 40 41792 39
96 94 48082 131
7 57 22589 229
40 19 9045 34
96 68 8428 370
46 92 19563 316
91 93 19938 342
43 37 11342 300
26 78 17238 171
49 2 6818 47
52 59 128073 66
25 93 3304 409
82 100 30883 95
53 41 4050 44
22 77 54217 192
21 57 18079 1378
71 67 10321 106
30 43 47586 99
92 48 24531 139
47 78 29348 183
45 1 8943 348
42 28 4070 161
35 3 32446 130
23 62 4654 287
91 14 24322 130
55 6 78868 332
25 65 8104 446
55 9 23198 250
20 12 14973 207
35 36 8837 1102
39 50 31822 147
86 40 63986 51
89 58 22583 458
60 2 10567 293
63 52 114957 52
33 68 50652 145
67 72 17371 99
16 39 39047 483
74 9 8100 59
73 77 3680 18
85 80 11146 43
100 96 25814 1444
39 83 145858 245
49 50 6912 137
37 97 18997 369
71 93 6095 164
60 28 1902 112
41 27 11589 112
76 5 108115 57
64 13 3286 71
48 93 31452 9
93 14 28988 345
27 8 4883 211
97 62 6615 88
85 62 38756 530
38 11 24248 377
88 95 23326 53
45 41 23315 131
92 27 45553 177
82 90 27433 88
64 66 12459 88
83 27 19603 541
94 90 21248 118
95 69 2415 278
70 9 43088 69
77 55 8364 95
87 5 64111 221
56 95 14605 27
59 33 15789 49
62 3 82892 187
6 36 48662 174
99 58 23788 118
92 31 27261 125
57 10 7302 197
78 99 7163 117
46 42 101283 890
87 23 19426 170
81 66 42655 48
31 32 3008 62
22 4 22913 100
2 48 21544 132
37 40 297071 49
19 53 36287 1210
8 16 65775 181
39 76 58194 105
5 75 8070 461
54 26 7927 237
63 58 88589 401
2 82 1517 710
52 6 9161 243
99 15 34382 72
7 88 19086 15
99 76 10132 152
98 19 20375 220
39 54 27430 39
31 1 39329 46
40 33 21612 79
96 80 18742 68
21 16 103337 164
54 14 9568 139
30 74 17685 726
6 38 11440 116
43 11 21211 320
14 29 10949 328
70 72 1906 131
2 62 19190 180
32 53 19122 133
32 35 98900 38
27 96 9731 254
70 60 21859 394
13 36 6509 111
75 52 25745 68
20 89 9692 81
20 100 48004 433
82 64 25424 37
59 82 34151 494
91 43 40253 194
36 89 8410 69
85 40 69602 676
18 95 41200 239
28 49 13581 211
57 75 199737 47
59 12 3690 46
63 39 21341 151
19 85 44878 830
48 76 102079 236
87 32 14226 39
36 96 21421 274
20 69 36242 26
42 25 14078 378
16 36 90284 1100
66 64 28715 426
36 24 27099 33
42 88 13630 412
37 83 183879 1045
94 30 17740 68
52 35 5503 229
21 30 169861 37
37 85 7014 310
53 48 30579 183
90 8 25500 108
93 2 12206 260
43 2 78842 131
66 46 14802 755
27 17 52587 99
37 99 9968 238
72 82 26045 15
74 27 41908 164
6 59 8762 93
20 3 19357 209
29 44 5822 55
55 66 114446 32
17 67 16437 471
28 79 30378 1005
84 45 29492 74
43 27 38397 410
2 15 12387 277
80 45 10531 737
84 90 9327 193
56 90 258449 472
33 73 5701 58
84 43 29237 483
41 92 14863 66
33 32 117016 64
28 10 25178 17
88 30 56417 168
20 2 35212 232
68 3 30141 292
67 20 34136 334
56 62 65080 145
32 2 16531 252
97 5 65904 246
82 15 29040 335
71 79 47099 110
89 50 23802 429
37 74 42858 166
3 64 7664 2897
30 23 22161 138
66 23 21343 53
77 4 12652 261
9 65 16298 162
1 76 9540 62
65 46 34059 252
11 77 17924 383
79 8 24031 475
57 89 42896 103
3 42 28357 654
71 25 28726 66
22 34 14008 36
99 40 43104 240
49 84 54015 112
28 3 30997 42
26 30 2595 77
62 60 36801 109
54 36 16984 104
54 7 7817 48
38 69 16026 106
67 82 7491 28
49 26 35308 70
80 63 11339 541
9 18 8830 54
90 52 54321 103
58 72 10971 137
99 61 57810 108
29 69 38764 315
84 8 38975 87
24 30 2210 1488
38 79 69125 1308
52 29 57723 143
69 78 47272 45
20 14 71560 291
40 89 94811 91
51 82 48087 162
24 26 7409 38
73 67 22718 674
32 83 14893 46
31 96 14195 107
97 34 59650 139
41 4 25167 88
66 69 43758 51
35 53 10661 139
86 99 2850 947
72 36 50303 291
77 24 13528 46
77 62 15909 150
68 100 23860 61
99 60 35963 321
50 9 62746 56
58 38 23717 49
65 5 23147 272
73 81 69918 1168
76 29 96172 214
30 42 19346 89
7 35 27168 105
51 39 42613 127
78 56 8662 29
92 41 6912 226
98 85 47621 40
11 45 36880 27
33 13 11257 147
13 35 38820 292
7 27 10820 109
1 87 14676 45
87 66 48823 74
55 20 4888 190
45 3 553278 44
92 67 18668 231
6 42 25343 332
8 23 35209 18
76 61 10324 185
59 1 34575 91
9 20 139730 232
99 25 47863 118
93 35 7380 129
46 3 432877 22
69 49 13525 106
71 72 13359 133
82 55 61115 256
27 54 78427 96
23 69 17996 216
47 81 68059 51
62 30 19263 126
92 1 4105 99
57 33 16329 225
99 69 53714 261
23 4 29999 907
7 90 19992 203
98 24 61736 264
7 66 20907 443
73 95 10310 476
31 89 18357 187
77 51 36428 100
60 20 149638 89
36 32 7984 26
65 86 10887 76
7 19 6729 495
20 7 82702 172
9 41 60664 338
48 16 14966 73
64 61 40758 339
35 63 20478 329
19 29 7954 127
24 78 12295 294
76 52 13878 137
53 79 14125 105
73 9 26160 281
26 94 33737 163
98 74 9990 190
38 3 22502 29
39 47 6047 111
51 90 76638 163
79 33 8247 146
14 87 13180 169
65 9 5955 894
10 55 53583 151
20 56 143600 29
88 80 27897 33
71 52 50558 164
54 97 173129 44
30 3 27585 146
41 18 28920 635
89 38 18647 357
65 25 53019 157
87 45 6189 199
96 56 5316 1754
65 87 39687 167
38 48 76123 61
38 31 13660 215
18 42 10830 236
96 57 15854 497
33 23 15303 625
87 7 30742 300
49 22 16228 32
89 87 19597 68
13 76 37851 112
43 25 15001 85
97 27 12276 79
38 29 11078 135
62 38 20765 151
28 25 27507 517
82 56 34508 248
9 69 4098 291
34 91 5178 67
8 75 7723 124
14 9 6880 141
8 96 62218 116
41 64 44288 82
77 41 9088 27
33 11 6815 264
8 52 3610 555
25 13 7578 259
4 396
82 72
20 36
52 130
3 215
69 75

10433557
