100 499 3 3
28 36 40832 51
28 13 24094 86
28 100 58684 285
28 46 13045 102
28 84 6379 600
28 66 13176 394
28 17 22436 369
28 42 53343 150
28 20 31624 425
28 80 3690 163
28 82 16802 242
28 95 32551 205
28 32 2116 27
28 3 6256 116
28 81 6322 1557
28 10 26290 43
28 97 12590 154
28 75 104703 268
28 7 11514 791
28 87 11906 100
28 44 7958 67
28 91 63805 213
28 83 34957 555
28 53 73740 42
28 45 37046 26
28 22 4124 57
28 47 43408 297
28 58 73614 65
28 31 158702 157
28 71 31632 82
28 15 33436 2429
28 56 129766 373
28 6 30467 44
28 77 38459 172
28 9 2207 36
28 92 8576 134
28 55 3429 80
28 19 6653 50
28 33 6333 85
28 70 8968 81
28 89 22310 2007
28 43 38939 24
28 68 4762 137
28 93 33865 17
28 67 43283 207
28 37 6894 201
28 50 36777 99
28 12 10733 665
28 90 20572 460
28 11 1812 66
28 25 11075 126
28 38 27907 488
28 49 18916 92
28 79 6574 159
28 86 33666 228
28 74 49251 66
28 51 41289 38
28 63 45598 77
28 16 9947 29
28 72 18822 628
28 26 29824 589
28 64 93165 208
28 99 22511 31
28 94 20483 966
28 78 83402 186
28 23 44921 269
28 29 15677 160
28 61 11474 459
28 39 80476 88
28 73 16424 67
28 4 40745 246
28 21 95193 209
28 35 11360 576
28 98 21317 284
28 41 13600 54
28 54 5498 781
28 65 292381 148
28 85 5253 177
28 48 21181 107
28 14 33012 171
28 1 3545 669
28 76 46587 79
28 57 43174 701
28 30 11383 36
28 8 88616 103
28 18 5095 170
28 2 9408 55
28 52 36953 2124
28 40 7389 77
28 24 23823 55
28 96 43808 157
28 62 22692 114
28 27 15480 54
28 34 121768 1015
28 69 15834 53
28 60 11167 955
28 5 65901 143
28 88 77290 284
28 59 23566 496
20 1 275702 270
37 16 11544 92
44 50 22445 434
70 76 28746 144
41 81 19252 75
96 94 40317 420
38 6 10013 89
20 80 57326 652
92 55 60238 162
8 12 15824 150
26 70 54502 283
88 15 62563 284
14 74 46787 276
35 3 32090 35
2 12 20053 186
3 39 72208 184
46 100 28319 196
51 82 10276 582
34 45 23275 315
60 13 92754 267
54 73 3682 514
91 1 8554 377
58 91 8272 22
42 91 29323 443
21 18 14692 79
26 41 9119 702
49 19 35256 236
14 67 41035 113
87 7 38075 391
76 59 8778 273
90 82 69257 189
49 84 15976 90
72 93 12867 256
18 93 206349 320
100 76 39420 189
23 57 28576 679
88 69 20057 43
55 4 2706 264
67 100 9070 36
47 64 25310 41
5 77 31712 57
29 26 13422 183
36 61 20320 214
91 16 122589 54
3 55 10639 358
50 34 9713 153
82 69 21924 2006
53 92 6961 327
3 65 55890 120
67 6 28457 151
33 72 9686 317
54 30 11422 90
68 60 65593 70
38 51 41395 107
47 76 55882 526
58 80 22841 102
45 51 64697 186
26 83 16237 236
43 4 13967 131
62 42 136232 47
16 5 11736 69
22 80 4901 79
3 81 4933 700
30 28 4372 23
97 93 9157 188
84 53 40365 196
72 99 36472 371
10 77 50673 141
13 88 10919 120
21 7 14109 375
53 22 84503 1121
65 80 16908 56
51 9 18613 472
47 24 29771 630
76 67 16559 268
45 15 136571 81
62 36 2511 92
37 55 38025 168
40 48 6497 73
37 52 79043 82
23 95 5444 212
73 52 34490 217
72 1 10605 320
62 55 21707 232
73 99 70275 632
95 25 23293 1236
11 63 8667 100
75 76 5723 76
90 51 47064 102
92 63 21707 97
68 84 40452 129
71 62 81522 700
21 53 25036 188
42 74 17406 1078
89 20 65306 1196
89 58 2765 258
95 48 23476 139
77 92 25198 137
73 91 7162 91
20 74 9869 35
40 11 25099 64
98 60 1675 41
1 17 8716 24
97 80 163092 161
60 74 103922 89
54 21 2053 84
16 53 22531 231
12 93 16283 82
69 73 2204 100
38 95 51347 48
31 35 25413 194
96 19 5018 326
96 92 32816 667
66 69 40703 51
47 56 22466 89
14 41 10375 587
26 74 145197 587
64 99 4701 153
35 68 15110 90
76 77 12738 79
27 67 25039 140
74 52 21445 4013
57 56 5457 29
53 87 33178 330
70 6 91332 58
43 46 20112 278
21 26 38683 15
54 13 23624 107
67 96 5002 71
40 4 21854 98
35 53 31906 219
41 37 12163 193
57 89 40219 88
33 20 40120 63
56 84 88578 318
51 95 13626 228
21 32 15859 186
66 83 49765 122
88 52 17765 263
46 97 15646 50
50 7 10593 30
96 76 33465 263
88 59 24801 114
88 56 5635 63
89 27 27061 412
13 41 12575 166
75 89 45792 106
56 68 31006 55
15 1 56488 91
97 62 48545 822
56 98 27629 94
91 15 41166 777
1 33 48940 120
46 44 16840 88
87 32 40300 136
16 15 7264 285
98 88 9989 50
25 55 145235 65
9 22 117179 99
21 23 163565 158
11 10 4482 29
19 75 82338 81
5 14 77044 1448
97 63 61562 317
61 41 29032 291
81 11 10880 91
12 92 48810 29
11 27 27080 83
79 17 12263 79
83 31 21174 467
87 68 10733 427
74 67 39270 200
63 67 4937 166
92 4 69331 391
2 41 20397 56
81 45 202438 27
81 33 31961 308
91 96 16180 1832
34 48 11987 41
35 49 7926 273
23 93 41657 54
41 97 12089 94
56 83 94116 245
17 48 37386 52
31 6 8290 164
69 10 222434 22
61 36 93356 65
88 78 110839 100
38 72 482687 254
15 32 15891 29
74 100 11836 134
12 50 9830 129
12 42 6945 324
91 33 25127 149
93 27 3967 107
57 48 54844 98
68 23 9628 106
2 69 2209 325
36 65 6755 126
63 80 8293 1020
73 87 47330 123
69 51 13812 46
68 75 28753 643
46 55 26328 869
51 29 149877 482
91 6 11843 604
11 81 75425 34
61 47 33609 26
69 57 16113 80
38 26 14197 136
59 96 8429 347
42 99 143530 139
75 18 48207 127
41 1 6883 43
12 32 26988 195
48 26 5128 197
49 10 4171 638
49 15 23869 658
52 34 33086 21
61 99 7072 156
50 88 36462 228
42 8 28683 191
24 9 66631 158
100 68 10731 25
6 100 3383 110
61 5 142608 43
3 16 17615 108
34 74 32573 131
17 8 51155 10
29 42 19771 177
75 86 11326 127
16 94 11588 91
81 26 32712 81
1 31 13092 642
44 18 9577 91
95 22 187446 78
43 89 23482 439
80 58 33786 66
98 85 16590 568
90 79 11030 174
1 96 9319 180
94 67 71717 121
98 13 29245 24
41 75 45950 1166
79 1 23919 287
25 73 12352 97
17 19 41767 1747
30 43 13946 954
6 42 17448 531
64 37 18675 78
45 18 10241 135
45 73 20163 89
2 98 13410 171
71 53 25419 367
99 10 22802 149
38 67 13378 44
50 32 69922 234
5 95 48707 169
29 78 2504 152
40 31 20839 81
69 74 211483 33
53 90 47069 178
78 90 8189 99
51 69 36933 98
15 18 7814 29
35 10 10679 383
52 16 66701 887
4 89 18307 274
35 20 19946 94
75 15 13306 73
8 62 31357 33
40 41 39466 519
4 76 13683 113
81 68 23098 90
48 42 29855 250
71 26 35092 376
77 28 33832 593
57 43 37559 179
51 55 39122 100
51 19 16719 98
41 33 12494 84
99 96 22971 285
74 85 11609 45
46 87 18668 89
58 79 127699 68
100 44 34782 378
84 52 21744 172
68 12 23966 108
55 88 8788 199
86 29 8056 325
82 13 15952 357
41 25 2749 64
98 91 97176 79
15 17 57099 29
89 57 530419 588
3 71 6858 36
19 47 64360 207
2 18 35527 149
8 63 33709 195
21 40 20790 132
60 76 8575 41
59 26 6833 245
89 59 28759 415
89 56 19933 226
21 4 18621 103
54 70 12509 227
81 67 19371 483
23 56 49255 152
20 92 10234 227
50 4 24873 92
75 17 9895 144
53 83 5789 331
21 56 38562 150
79 30 3925 129
85 36 6615 64
60 20 10834 42
98 29 7332 65
98 12 9828 220
75 43 4511 134
13 9 36629 68
68 57 14401 323
54 55 9562 38
41 87 15192 185
86 22 136035 652
90 32 12555 72
96 53 39454 199
96 81 60877 109
5 74 24080 166
9 87 23680 95
8 4 1412 319
34 99 19328 62
35 65 7915 198
55 51 42211 217
11 79 9392 109
95 59 45397 27
17 52 66061 92
48 66 49223 40
62 83 14808 45
70 100 19142 572
96 36 56813 70
5 96 6648 95
99 52 10267 218
41 76 11661 492
36 64 5726 43
41 49 19788 812
34 65 141509 67
11 46 12110 7
88 13 171559 48
19 1 48146 162
32 82 21241 166
5 50 10509 152
47 6 9684 207
29 100 4891 74
12 51 165307 28
100 90 8950 173
93 10 24291 172
37 17 20398 275
82 95 12522 55
40 2 4786 373
96 30 24903 100
42 62 38144 493
54 71 18088 47
49 47 98740 210
54 2 102161 224
46 56 11738 58
16 88 25762 27
37 96 100493 143
99 95 23234 290
81 66 12570 126
47 20 24007 1134
22 37 48115 62
55 45 73387 45
32 26 97879 122
95 76 14972 547
91 85 10810 412
16 41 27390 1112
26 4 37690 131
38 82 3456 58
56 97 7473 355
26 65 8315 105
35 72 18618 112
64 84 90723 479
3 83 36540 42
95 55 232481 127
93 63 8166 213
22 50 4101 221
94 75 7861 142
94 83 14969 224
14 89 49407 125
38 39 3031 446
56 54 3968 112
87 45 30152 936
92 10 106766 96
71 34 120022 458
52 90 1630 40
72 73 34233 18
60 31 13739 233
53 34 14689 35
5 73 96818 169
55 99 36786 174
28 891
41 70
21 396
76 366
55 162
74 53

12993644
