100 499 3 3
61 51 100891 64
61 14 11894 732
61 90 31697 141
61 57 34877 153
61 92 10090 84
61 45 50036 25
61 26 28838 92
61 56 13128 316
61 77 14901 134
61 88 26918 110
61 25 27126 128
61 35 12549 138
61 41 130073 366
61 54 24217 410
61 59 67806 204
61 15 7320 234
61 2 15255 47
61 85 29519 19
61 52 28816 318
61 23 4229 488
61 86 10333 160
61 79 61154 226
61 73 78178 71
61 42 23037 303
61 87 31577 20
61 84 6694 67
61 46 15446 426
61 18 120705 441
61 94 27808 65
61 40 33464 108
61 63 33484 91
61 97 35937 507
61 39 13175 87
61 67 158256 77
61 37 53095 363
61 62 38026 822
61 7 78404 25
61 75 2619 62
61 66 40226 348
61 100 31085 87
61 69 62482 59
61 8 7703 133
61 43 19122 186
61 68 1884 67
61 10 7503 348
61 32 57754 243
61 53 123899 165
61 22 112327 110
61 95 148285 132
61 21 35400 56
61 11 13976 248
61 64 22179 77
61 76 15866 198
61 4 9257 82
61 80 40618 114
61 49 24030 75
61 16 24923 259
61 1 168278 437
61 74 13522 56
61 71 8097 35
61 98 17204 846
61 93 6714 261
61 27 18118 61
61 83 59496 476
61 55 9681 98
61 12 19320 145
61 3 5839 530
61 70 27409 9
61 82 17873 175
61 31 9474 36
61 5 15111 77
61 29 2246 350
61 78 50164 144
61 36 31438 341
61 65 8459 171
61 48 30534 15
61 13 5489 140
61 17 38453 238
61 44 9438 64
61 89 51168 196
61 28 13177 123
61 72 26861 195
61 6 29045 132
61 19 174175 507
61 91 11492 374
61 58 17217 93
61 50 50060 403
61 34 12656 293
61 96 4622 15
61 24 17183 326
61 30 22697 1371
61 47 16914 92
61 60 2732 93
61 99 22254 839
61 38 14720 19
61 33 38017 129
61 20 53242 54
61 9 15438 70
61 81 58780 116
23 13 2898 176
41 100 17611 353
65 21 11388 158
63 14 104395 480
89 96 55163 48
29 10 78302 1020
50 36 13235 48
6 62 6277 71
46 43 6613 529
34 9 31319 254
51 30 2434 244
23 32 26059 284
4 46 80565 23
57 22 33474 172
88 58 15788 61
39 22 41529 74
47 21 37305 302
53 40 19327 32
76 88 125168 894
23 53 7230 53
22 84 11220 86
85 6 9481 43
88 51 6209 500
3 40 24785 288
11 42 21290 115
63 1 32320 637
45 30 8901 292
62 50 25581 389
30 14 36965 385
79 97 16251 358
3 43 3530 227
63 46 26773 114
73 85 27386 153
44 27 4465 199
97 47 30361 287
11 38 94292 33
44 71 8973 80
8 52 7813 74
66 51 19659 242
5 17 22100 171
82 25 12301 165
49 82 33737 766
9 72 19728 131
85 31 33683 118
16 86 8816 67
10 38 22019 97
74 72 70684 424
98 72 108798 58
11 26 20098 173
53 97 8723 157
71 59 61842 204
86 18 57646 1804
4 98 4530 1135
84 3 255417 417
50 24 10760 533
91 35 8165 32
49 97 21875 136
8 69 5933 79
88 29 39470 227
45 47 23925 204
86 39 16374 30
34 3 2837 395
64 39 144998 529
55 91 109594 357
25 54 44060 92
34 38 1561 173
31 51 9517 139
83 48 4628 456
31 62 6647 621
69 41 19013 1159
9 41 21803 31
41 81 25928 158
49 60 11281 141
39 3 74238 104
98 39 44167 55
40 46 966 27
23 36 23875 247
79 24 7885 181
53 100 8641 249
36 43 87721 120
50 27 10227 330
89 93 80025 80
43 24 83415 381
19 6 8304 309
64 73 68427 206
41 1 6654 811
28 79 187244 100
31 46 3093 117
17 54 11929 1217
47 7 19115 280
36 7 23235 71
52 74 188322 337
50 91 33525 603
30 16 22468 144
10 74 18021 1335
49 30 9359 138
1 98 6102 172
75 91 8434 47
7 53 131881 190
15 9 33489 48
64 21 59601 179
95 42 65471 11
96 18 13185 319
82 37 23445 234
72 6 4703 123
62 20 107771 221
76 7 17106 189
33 64 20808 203
13 57 15135 79
96 8 8029 170
95 68 20548 217
44 50 4832 138
47 5 6064 136
26 33 168953 68
13 20 29858 235
53 1 13393 52
30 43 269631 265
27 87 23065 28
17 39 35807 60
79 64 66054 170
75 78 6965 18
13 39 16589 162
53 74 51650 543
96 24 55864 107
70 4 51733 222
81 10 5801 479
55 29 75141 361
74 46 11978 93
71 38 98878 257
27 67 7953 1792
82 13 28801 136
6 50 34577 40
40 57 39241 205
28 84 25905 24
79 66 2656 97
1 83 50871 764
64 16 18261 265
10 89 9723 14
100 27 20999 294
71 67 151267 116
74 9 11168 367
69 76 4105 93
6 39 4730 92
43 78 4930 24
29 89 25532 456
89 28 10162 234
2 85 34102 113
100 44 28814 55
1 72 13364 92
35 52 22865 711
77 42 44824 124
21 94 11079 23
36 70 17303 277
86 65 28420 229
77 85 74903 782
84 46 34089 97
33 25 6885 147
3 84 92923 36
92 98 42506 483
66 32 34595 438
62 43 161860 115
23 56 28788 321
93 23 57175 88
83 45 43695 198
70 13 79333 135
67 88 55023 475
63 71 13935 241
51 59 27707 26
60 55 12620 70
53 51 40493 72
26 94 42245 755
64 54 23666 58
27 17 26624 181
99 5 24277 365
26 22 8597 285
12 94 24233 373
90 45 34322 254
57 85 17858 90
62 15 69146 177
79 91 7647 492
83 17 13973 146
14 20 66240 56
32 5 53180 127
92 9 38242 1121
5 83 25216 246
62 73 55881 19
83 93 23461 139
31 49 563 87
26 38 104026 58
97 42 27697 422
28 43 20129 310
28 4 12836 29
18 92 35325 510
9 39 14629 116
73 45 120013 235
74 59 27915 31
34 55 30728 290
60 52 7731 121
76 20 40839 189
49 36 33781 263
20 5 48681 205
54 77 13640 707
27 40 7269 525
41 91 13538 166
83 91 1467 233
60 50 12254 132
46 82 22441 172
19 18 9693 1168
54 58 33028 575
85 79 42085 155
95 85 22583 27
12 74 26793 57
33 60 50110 101
11 86 7111 217
93 21 4266 156
100 41 4367 26
8 72 25909 87
67 58 81960 179
93 1 9758 73
18 73 3903 351
48 58 57574 188
2 74 54842 64
31 14 37216 141
46 9 9421 227
62 8 10552 17
5 15 23190 77
89 26 9867 77
24 75 236270 18
55 88 23689 93
40 78 14680 361
18 97 19679 26
56 35 8679 412
46 58 15643 165
67 8 3118 152
99 8 15215 155
86 60 16214 64
15 12 3657 23
8 6 7298 46
67 46 1441 334
53 91 79676 77
47 84 21563 125
48 100 33899 64
32 54 5293 95
13 26 73911 25
40 89 23008 497
21 85 10257 11
90 7 29041 73
16 37 36213 184
69 51 22705 74
72 66 18248 204
28 56 47825 91
38 95 59134 469
56 41 19075 44
28 95 9791 87
76 94 1038 267
94 83 111594 158
51 7 3187 261
45 38 35975 94
41 66 24034 401
99 23 26462 11
36 87 4734 315
89 64 39095 101
90 69 71134 102
1 43 21826 29
20 30 18559 328
62 22 55481 134
64 17 10321 679
33 55 31434 165
19 11 17806 90
19 55 25555 347
35 22 22139 50
19 77 65369 146
13 62 9363 141
76 9 35331 34
11 82 21540 444
94 71 8728 172
55 5 6319 164
60 13 15636 105
4 23 47758 139
24 70 7379 87
68 25 20802 100
38 67 23380 429
47 20 30746 99
41 13 200466 63
93 22 33773 82
82 79 114964 211
37 33 70316 1950
96 43 11192 28
3 38 27956 101
89 39 20576 205
80 97 4386 97
68 73 71623 296
47 38 61024 71
50 8 2173 254
43 28 3749 492
93 69 26420 57
55 14 7114 948
52 3 6169 159
97 52 125998 751
84 83 30284 333
89 7 9520 33
7 43 11283 355
50 1 43861 33
44 15 4353 26
30 61 5697 272
63 12 6892 481
90 92 32358 21
74 6 70094 137
48 67 21903 413
16 61 85147 24
74 85 10391 173
53 12 42924 151
85 34 93483 35
42 55 9143 395
22 76 21915 92
94 86 39733 266
18 72 16662 23
12 87 19510 58
90 58 94359 187
96 59 7293 275
41 14 21647 72
84 33 11127 338
21 22 58864 106
12 25 40461 316
18 16 14567 593
3 55 6231 51
36 39 25580 400
44 74 96418 305
32 99 38306 123
26 30 14100 103
24 52 75464 133
36 35 13986 40
44 14 7561 212
70 31 3207 242
72 17 15627 108
80 67 178315 32
69 46 19735 113
83 29 15976 51
11 75 25612 34
77 1 264708 283
22 97 12523 81
10 35 15920 162
31 5 10170 113
39 44 5073 74
95 23 22160 127
85 42 25392 160
78 62 23787 107
18 69 14116 643
54 1 96058 144
43 53 11672 417
100 33 55204 108
62 99 248448 152
77 86 1239 248
6 25 25361 57
83 67 20266 187
82 36 10298 63
93 97 43462 460
6 85 70901 709
89 8 4921 328
35 16 20603 171
42 68 41695 90
7 58 6149 332
27 99 2654 209
99 55 8439 205
35 9 9988 82
77 15 6997 94
4 3 7453 268
29 62 19960 202
98 93 25357 388
74 49 118713 193
60 43 18308 88
62 69 8695 149
9 90 2798 83
80 30 44206 298
27 78 5898 32
68 63 37193 136
11 36 3390 140
24 14 113090 830
24 66 7440 164
52 41 68718 152
46 19 18217 16
1 42 2337 45
5 53 24188 163
74 41 18343 684
40 86 16851 116
76 87 22142 253
48 41 34463 118
49 63 24343 113
55 45 8396 319
94 62 15651 360
78 95 36902 45
46 24 21426 235
83 41 19558 283
92 35 41766 33
5 48 5439 32
79 11 18390 10
19 67 174698 99
72 97 9059 85
28 100 15826 330
53 99 81793 2527
61 693
62 108
53 135
43 222
39 381
97 266

16153661
