100 499 3 3
4 63 11445 40
4 28 12722 270
4 24 17635 613
4 10 12715 318
4 77 39910 249
4 38 42718 40
4 36 12052 672
4 73 12731 60
4 46 30978 376
4 33 55033 125
4 90 11187 286
4 76 49918 215
4 85 86224 161
4 60 2878 395
4 22 5909 233
4 58 4810 67
4 23 6396 121
4 16 10682 51
4 67 14977 594
4 20 55615 74
4 18 12234 250
4 74 54324 765
4 37 54590 231
4 50 45463 40
4 91 4312 722
4 92 13781 452
4 65 75929 192
4 71 30170 82
4 34 20000 626
4 41 38704 903
4 1 4912 293
4 55 3692 966
4 66 25982 83
4 49 22000 30
4 57 108099 164
4 75 18490 408
4 9 7520 435
4 15 14481 147
4 44 22233 355
4 6 60678 837
4 64 43411 49
4 89 32770 153
4 19 33927 249
4 11 45960 148
4 40 18763 175
4 53 22075 135
4 62 19404 55
4 95 16789 257
4 31 63273 53
4 79 4297 416
4 84 37777 255
4 69 29335 93
4 94 18938 220
4 32 8710 519
4 86 33629 21
4 42 88614 44
4 47 47707 124
4 8 17502 1000
4 48 34580 720
4 81 4768 30
4 54 44908 48
4 83 36661 249
4 17 3121 66
4 88 32598 416
4 97 97616 180
4 82 34167 973
4 78 4384 94
4 3 25812 77
4 13 12947 93
4 21 34613 112
4 51 133165 729
4 29 19883 743
4 93 50200 88
4 72 15494 218
4 12 9059 40
4 70 127474 89
4 45 62796 212
4 27 43109 28
4 2 19560 634
4 39 5047 129
4 26 40071 88
4 98 11019 89
4 61 2074 566
4 14 2567 441
4 87 6065 408
4 5 16117 142
4 80 66989 96
4 7 36997 45
4 25 33230 24
4 35 149482 157
4 56 29265 45
4 96 45132 187
4 59 29287 25
4 43 24775 252
4 30 20368 381
4 99 41774 28
4 68 12653 340
4 52 7802 121
4 100 38251 73
80 58 24412 49
66 75 7523 1260
27 36 30312 596
43 83 4117 59
27 25 2843 417
63 18 10552 442
49 80 27376 300
1 9 32120 50
2 85 3883 46
11 8 42452 380
54 81 13043 95
2 52 28071 490
11 58 10238 29
36 87 832 220
90 36 12295 269
33 32 5932 90
66 92 35644 62
86 89 3637 515
14 27 16991 130
25 27 117789 397
22 87 3542 115
16 5 9267 324
75 34 9824 216
68 93 76500 65
95 79 10915 30
89 26 28975 205
48 86 10964 124
36 85 57979 17
44 59 33114 246
85 3 16684 53
64 77 73769 136
22 38 2919 218
76 56 7045 113
2 22 14965 65
29 68 28941 168
31 42 91934 266
7 17 39726 233
56 99 8689 569
56 52 11344 81
56 36 10900 113
18 33 19875 86
64 30 49735 531
18 34 31276 103
25 9 5385 203
51 28 49517 108
96 49 15558 537
63 42 104091 455
80 50 9877 54
6 15 38745 142
61 60 29786 200
95 31 4768 684
58 49 18683 37
61 28 105817 81
99 73 17036 296
72 36 8866 149
33 60 4740 226
11 95 15959 214
6 80 1475 121
96 73 24403 26
88 44 42656 182
48 44 92897 52
37 69 3604 58
90 31 118875 95
51 37 25979 138
57 20 4469 63
25 50 12296 62
27 88 13163 129
23 18 13239 197
98 56 28615 75
31 73 4378 86
67 64 3949 106
74 81 11196 285
95 14 27230 350
15 49 51426 259
53 38 30483 37
9 52 14762 176
83 3 33152 312
3 39 7474 150
60 4 1885 68
51 93 20836 164
6 42 10434 51
62 44 8249 219
42 2 23945 104
53 46 82818 99
94 9 23434 258
29 62 3783 77
52 4 91608 281
68 21 7968 324
40 41 33137 148
73 91 24739 504
26 61 60622 97
12 91 9785 666
80 22 190672 231
94 77 33070 825
90 21 91867 136
94 71 113442 143
45 16 38872 137
27 68 22395 62
84 2 176273 30
56 2 38296 321
29 6 9979 148
97 66 101977 31
24 72 57693 74
63 61 31233 365
65 87 4778 34
51 65 9213 193
5 32 44946 102
73 75 41536 127
50 74 18382 24
96 40 40134 152
33 3 18906 133
23 4 67925 87
85 81 34912 1374
62 1 9429 127
85 72 14213 295
100 69 7062 128
57 41 5551 579
49 77 3790 103
90 32 11690 141
28 80 10271 104
32 18 7049 417
88 19 15469 49
6 90 9574 1043
43 3 15911 136
30 66 25792 295
80 84 20059 373
16 69 94850 215
19 35 67874 66
16 74 2249 62
74 88 52920 772
47 58 52430 152
32 24 23509 98
8 50 17357 296
81 83 11137 243
10 43 11028 37
40 65 9118 76
91 59 58340 730
52 44 9506 227
59 80 60866 36
2 99 130023 301
76 38 19930 218
49 18 18258 259
33 62 12255 97
96 23 38698 207
90 22 4262 139
98 27 25563 43
73 72 18652 303
50 42 54554 12
11 65 66690 267
32 65 48222 29
58 26 59573 50
23 16 44377 422
97 47 93365 125
100 35 9602 127
64 21 13376 37
61 85 12130 810
91 6 11296 83
58 54 43872 71
92 13 95925 398
22 50 9242 136
15 68 121007 127
42 47 27915 46
51 20 124067 25
93 18 7538 108
31 26 45992 355
18 72 30228 175
29 74 31481 851
24 51 9735 27
71 9 11057 166
99 76 67579 94
75 56 15353 256
96 74 28832 77
82 56 7066 100
66 83 52408 217
17 91 25470 51
67 20 60388 473
60 72 30327 200
9 68 9509 435
37 60 10403 68
45 13 26037 453
41 30 47109 29
57 52 11446 296
35 60 25253 200
22 94 42583 991
28 20 2683 148
46 13 22508 66
43 16 10168 122
52 85 6326 203
7 98 144635 58
59 19 17204 95
91 57 11737 241
6 54 28718 151
22 59 430799 106
17 18 32097 17
91 21 44976 227
37 72 23862 122
87 88 52790 90
7 61 8180 235
43 10 21193 105
6 2 9547 358
87 37 35522 216
46 4 34507 462
89 15 10543 78
72 98 8734 747
78 73 11270 29
73 8 11263 203
51 92 31983 237
69 23 14401 48
85 7 17442 361
84 7 110480 96
25 96 27747 91
58 6 4011 24
49 53 24479 60
87 55 19505 352
100 85 8729 316
30 27 2676 393
54 33 39748 777
47 39 43243 816
70 59 23685 26
47 42 33666 478
17 93 17517 44
18 78 22287 656
92 19 32248 257
65 49 8533 178
22 28 3706 648
39 83 2039 40
22 70 24704 104
32 100 42207 394
25 41 3840 372
14 89 24805 270
82 44 36384 108
9 22 17480 259
37 89 34447 73
44 92 9752 87
9 16 142792 68
85 44 39024 89
42 69 19047 366
1 63 20925 125
43 78 6643 199
98 7 6374 90
56 71 35102 90
53 22 5160 909
37 68 19923 558
66 49 21375 133
43 5 12483 112
76 28 38495 88
70 68 23025 264
36 11 12233 87
65 26 11695 216
15 83 37414 81
73 30 60092 30
83 85 53390 27
61 77 18607 77
18 89 83210 606
89 58 9117 305
63 35 65557 440
3 57 24969 107
55 51 22183 28
6 82 8533 39
1 25 7008 262
38 59 29394 62
1 32 1739 275
84 26 454214 380
40 4 34026 418
6 69 47163 358
29 48 10423 647
34 48 19646 80
29 1 29686 214
37 36 33016 205
7 8 42198 91
58 52 108161 218
63 11 19198 50
92 16 14112 92
17 45 41702 723
78 50 16707 121
87 54 3324 75
26 96 36641 103
89 84 73780 49
54 49 71379 139
60 39 17235 82
45 42 49240 254
29 24 8093 30
16 90 151110 123
71 94 2953 54
62 80 12153 220
57 81 54092 1297
35 97 56052 133
47 22 6109 394
2 17 114436 83
39 82 9424 26
50 86 30295 80
21 76 18722 300
91 37 5657 119
62 68 39535 364
60 99 17363 349
28 62 13097 242
56 60 6735 664
21 55 15851 105
86 32 85265 143
91 1 16261 768
81 26 50117 475
90 19 12772 185
73 56 14676 130
61 34 7018 75
80 65 42650 110
51 14 20365 165
12 64 16419 60
84 46 3855 87
17 38 6292 237
71 19 5189 741
49 60 5906 59
75 53 5464 56
51 53 14219 515
79 4 55277 105
16 42 35001 580
43 26 59008 38
2 15 3404 11063
59 89 100372 151
68 61 44450 32
78 28 61828 344
57 2 62936 73
20 38 8315 73
29 73 8960 146
59 35 4425 75
32 7 9417 45
17 65 36821 69
100 67 3702 52
12 45 98285 109
63 88 194785 114
26 62 22859 475
63 69 10647 183
89 47 108456 174
50 33 31273 112
84 6 60690 514
64 99 6536 101
9 19 60960 637
53 39 37234 103
28 39 29544 62
35 56 54990 216
70 80 93659 324
51 39 12901 83
16 31 8283 347
65 40 19129 389
57 23 36359 55
20 13 14704 108
85 29 23455 83
53 93 37147 193
25 17 6617 147
92 52 39118 248
2 81 19011 189
83 43 9838 82
92 28 6648 537
26 99 35398 124
77 46 17854 416
21 11 37601 110
98 95 6733 82
28 99 33002 108
17 51 13184 258
45 59 18315 119
95 24 24056 975
85 76 29517 288
68 4 4022 150
73 20 206453 94
1 43 14087 1361
98 2 27177 547
61 18 30541 192
15 30 9330 465
90 26 35451 182
8 66 4742 94
51 44 31913 221
83 28 3640 372
74 86 25501 54
32 74 77418 63
87 35 46091 246
34 94 28326 206
70 95 2743 133
32 10 19160 805
83 20 13844 23
100 95 16681 567
23 17 25246 22
76 48 37352 148
94 49 95172 160
85 36 23081 44
65 80 15919 104
18 64 14717 165
42 48 5737 337
75 8 10391 82
7 100 6998 35
97 32 23168 1738
82 60 76342 696
67 84 21679 95
20 69 31337 305
41 60 48126 313
10 52 14358 106
1 69 5335 350
15 58 53555 52
65 33 186091 247
8 28 45130 38
24 17 3703 149
58 81 38742 238
4 594
51 100
85 288
69 268
60 504
28 170

15151374
