100 499 3 3
17 36 73507 41
17 34 6309 73
17 46 59964 290
17 23 3043 71
17 55 61827 94
17 39 12067 51
17 64 42779 17
17 14 17157 428
17 79 63877 46
17 29 7112 134
17 56 30350 135
17 59 17340 297
17 76 12044 706
17 50 24790 1708
17 16 35629 204
17 47 8207 146
17 90 6690 578
17 83 27426 378
17 68 25556 44
17 100 22015 43
17 49 11712 288
17 81 8968 120
17 52 14153 314
17 95 26907 115
17 37 31358 247
17 1 60628 46
17 7 11547 664
17 84 34223 395
17 28 29143 287
17 22 6908 295
17 58 12872 119
17 98 9124 462
17 71 14857 1444
17 69 31923 26
17 93 5678 53
17 89 29333 85
17 65 9506 229
17 32 27695 180
17 96 18002 126
17 18 13398 113
17 11 4440 67
17 31 39087 29
17 73 5655 357
17 42 16653 132
17 80 49298 120
17 6 108255 163
17 48 8628 44
17 61 56907 26
17 87 33193 271
17 77 6317 42
17 27 53137 175
17 53 8689 205
17 86 21959 169
17 66 48345 385
17 35 30149 1003
17 20 28713 142
17 85 13655 167
17 54 21812 82
17 78 12328 77
17 72 19848 119
17 43 17105 258
17 12 23482 242
17 97 12752 231
17 9 3198 407
17 40 38521 152
17 8 7910 46
17 5 65758 170
17 70 17908 112
17 88 16441 93
17 60 9185 57
17 62 2774 22
17 44 56116 122
17 94 10207 352
17 33 15038 55
17 19 35429 66
17 45 13933 93
17 4 23654 675
17 38 59861 340
17 24 24027 250
17 57 8106 505
17 75 10301 81
17 92 57748 417
17 67 43723 179
17 21 22624 212
17 51 13436 157
17 91 67260 269
17 63 20308 256
17 15 26698 212
17 99 34442 221
17 25 15230 413
17 30 6649 186
17 13 32584 71
17 74 2466 294
17 3 10519 67
17 82 58213 453
17 2 18864 210
17 10 4582 39
17 26 32992 61
17 41 7190 534
80 2 24261 67
31 81 37957 344
15 11 85200 105
1 5 3505 592
16 68 23503 141
21 88 82278 105
71 19 19880 145
30 7 3406 260
37 73 20681 132
40 60 18203 443
33 10 60358 127
46 66 42804 217
77 82 209263 501
65 77 14505 34
46 100 145192 306
31 50 20427 294
88 87 9331 843
78 31 23873 41
84 49 86838 347
77 12 70806 16
24 15 26184 816
83 91 33980 87
61 59 103798 2014
21 91 20072 218
5 4 54942 53
6 19 11241 387
80 93 209459 215
39 10 60216 48
14 90 96849 849
15 88 52436 346
99 42 44099 444
99 38 8431 176
74 7 13018 315
34 44 31796 204
66 46 4411 119
44 91 19560 87
8 55 22367 525
23 3 19446 129
42 96 26004 163
70 93 39386 472
24 33 944987 116
92 24 110651 48
15 56 9850 115
24 30 19404 132
72 57 221746 267
75 23 16823 221
84 33 12478 124
1 35 1370 32
28 60 11029 643
16 74 16417 148
40 36 300162 114
61 42 14498 158
69 89 35551 145
19 72 7338 160
83 9 12390 157
73 82 10571 93
74 2 15346 73
44 65 126071 27
22 81 37484 156
89 58 10695 123
78 72 8085 152
100 75 37899 100
24 72 15214 26
74 71 29914 31
9 78 12579 52
55 98 39432 155
98 19 24679 288
29 61 58294 599
39 69 18567 474
82 60 12906 435
80 33 7725 45
1 60 24536 152
67 90 71049 45
61 100 78878 92
48 44 34693 286
67 36 32807 1347
20 6 16798 209
84 8 46505 128
37 93 8704 53
70 18 24181 98
27 4 17513 247
60 84 6313 399
52 14 31836 80
44 69 4958 118
19 21 6276 33
80 22 18035 247
34 51 10151 903
15 58 25963 115
41 36 72717 138
41 64 29921 138
6 44 40810 171
50 44 9750 239
62 78 20331 190
23 90 15369 52
97 14 48143 52
49 59 9905 214
11 23 7092 224
5 65 4724 102
52 63 34227 107
90 27 30675 199
15 4 40330 464
62 97 4171 616
14 74 54762 42
3 99 6168 35
94 42 8279 109
35 8 80196 262
54 86 4011 502
40 75 17486 810
97 24 8215 203
35 67 47108 4103
36 88 215602 103
65 92 14517 119
39 28 54369 103
14 81 15058 73
33 35 7361 55
63 46 154379 172
81 59 75202 760
90 29 154201 242
21 83 28794 77
70 90 7139 104
81 4 86194 196
33 69 30283 648
47 56 13022 228
61 73 3869 96
71 28 104272 288
1 4 4418 104
36 96 36054 173
4 82 15931 226
66 67 22361 134
74 40 8651 131
84 36 13261 35
92 42 28447 98
22 59 9160 94
60 8 8963 56
92 85 33324 65
77 65 9810 250
42 32 47911 97
98 65 18129 300
95 44 18757 23
55 6 11268 117
6 69 12150 70
73 92 55035 49
39 59 2187 1207
73 59 11344 301
7 49 14530 384
60 18 22661 182
1 55 52854 90
78 86 38288 129
62 13 62163 108
7 4 15777 31
51 26 16728 2078
3 82 9395 113
65 55 14975 92
89 98 5065 32
61 16 30106 1175
81 31 5292 24
40 54 6588 59
92 81 177921 23
53 51 117436 136
10 80 79333 145
74 12 9230 171
91 49 35036 85
50 14 3782 80
22 66 38614 272
1 22 70355 18
4 40 25445 1199
50 51 17160 57
4 96 17769 386
29 92 27224 33
76 19 59977 78
60 95 65645 261
93 25 13196 863
29 93 2054 88
13 18 20268 54
25 82 38442 261
27 68 27637 140
74 10 51368 41
77 92 6445 425
74 54 8145 293
1 71 21160 122
9 90 23400 123
29 1 374621 395
83 27 76101 371
6 11 37945 93
88 66 21524 358
21 58 8588 111
39 46 27108 186
41 82 61137 70
55 52 37462 83
99 72 2678 584
4 34 50641 178
82 75 3475 30
66 39 42975 43
49 18 10511 32
81 34 20473 110
16 11 19790 1206
72 86 33168 435
79 68 3020 37
67 97 10668 133
20 61 51903 298
44 78 12514 208
53 85 73469 49
16 94 4270 473
53 26 8700 596
7 65 56467 20
57 94 14438 352
14 8 40040 31
92 66 28408 308
9 99 11935 99
16 95 24615 104
66 12 25908 209
48 74 9472 299
93 26 17546 373
27 91 18862 199
91 84 8405 54
10 47 17654 112
20 68 7128 119
96 93 16091 51
81 7 50421 115
35 7 31856 615
86 75 82795 522
1 89 51222 77
18 43 53330 562
48 19 4683 51
79 81 12022 665
11 53 29445 360
24 13 53145 197
55 56 3679 155
8 38 3495 342
24 77 61072 32
30 74 16268 55
74 48 18956 131
56 71 23434 55
90 23 17888 156
1 24 22264 123
90 35 12299 39
5 9 20755 17
95 61 5453 89
60 79 6851 443
70 62 8087 81
78 87 13284 20
69 98 20615 672
93 55 14460 191
14 59 9635 467
31 44 7334 1095
52 25 11155 42
3 11 30749 127
26 5 7476 324
12 44 3027 209
99 12 28394 642
75 63 7157 242
93 50 9752 94
49 29 312351 116
78 89 11772 582
29 85 8127 486
22 2 25976 245
100 34 9354 39
1 64 33625 122
38 22 24081 93
30 24 107196 6
21 77 8685 71
68 59 35901 332
36 63 81673 185
71 95 90115 62
80 71 40146 37
73 74 11836 423
81 32 43765 75
85 52 19548 258
70 41 10748 132
67 71 37973 323
9 38 63796 53
48 42 86507 283
49 63 7662 85
7 18 24684 311
52 12 29278 58
76 66 14348 203
36 54 5666 626
19 75 12024 19
22 75 158653 527
92 40 8207 107
45 26 7294 184
10 35 38864 49
1 84 35368 176
100 18 192233 1168
10 57 11917 321
76 39 10546 19
48 89 58459 198
24 54 20364 146
64 42 39097 50
56 22 7209 36
10 46 19460 339
79 33 8961 255
96 56 8646 110
65 32 71150 444
86 5 9894 223
77 75 46944 137
37 18 24747 147
22 18 66993 535
57 19 49357 239
79 5 28539 339
83 43 100034 524
33 88 100035 24
59 77 39283 119
58 86 25074 413
68 49 4960 162
84 11 86158 178
68 25 31945 280
6 10 70369 386
41 19 87588 46
9 22 6992 156
71 20 13218 173
96 73 19574 93
7 19 78519 60
31 100 69799 105
52 80 23439 462
1 92 161618 118
91 36 8745 210
18 90 13866 63
5 45 10061 199
20 76 26301 155
75 30 12056 268
66 47 16279 111
59 78 62092 431
7 64 10260 54
19 6 6034 160
70 91 6750 97
84 50 25645 44
95 22 77084 197
65 26 20753 52
62 39 57632 271
90 60 10833 31
31 2 40364 171
12 42 24771 32
63 36 99886 48
69 37 8880 536
27 12 39972 292
85 7 2204 43
6 83 46339 131
3 14 4020 958
8 100 10836 173
47 27 9637 250
74 34 20310 46
25 68 8145 414
85 57 41956 403
9 73 28709 35
29 14 10843 434
44 98 9420 348
8 1 12350 440
62 12 30495 316
27 61 11471 42
87 34 12213 65
20 2 7506 148
60 29 29435 61
2 94 4175 90
35 63 9140 61
67 87 5976 1063
36 85 12650 88
85 29 20506 4
98 61 23972 1230
7 44 11715 1160
8 93 9249 22
29 62 141878 589
83 2 14034 122
80 68 127392 194
50 29 178059 225
55 37 28829 627
11 48 49413 116
59 92 10395 162
32 67 51312 116
19 84 15580 91
77 98 7224 214
58 42 4150 29
13 72 66049 443
31 27 7273 198
50 12 7491 102
38 2 185976 201
31 93 19318 70
49 16 23009 154
49 47 25020 216
95 94 2796 9
8 13 21635 541
91 42 49163 352
19 80 21929 474
73 63 4383 273
36 39 7361 500
78 100 17838 72
68 55 12205 185
60 2 27570 117
80 18 48062 96
49 22 29426 44
52 89 44108 135
78 38 4106 143
64 46 15681 9
40 35 1275 30
76 63 26418 345
34 62 22990 11
63 86 11652 30
21 74 41366 1320
88 79 98985 51
4 88 33364 75
17 5049
1 120
74 81
42 809
18 217
59 810

52109838
