100 499 3 3
70 34 122751 40
70 50 1859 269
70 74 29890 10
70 47 3938 677
70 38 98379 105
70 56 16491 127
70 90 19453 1122
70 87 12455 52
70 36 21772 34
70 62 13073 220
70 13 27281 128
70 28 12538 1286
70 49 16650 204
70 18 10612 43
70 22 9738 95
70 39 5076 18
70 43 25239 116
70 92 15164 51
70 71 16233 36
70 64 6478 61
70 91 4770 520
70 96 6538 31
70 75 110267 7
70 80 14085 88
70 3 12249 47
70 51 14553 21
70 98 85084 190
70 76 9356 180
70 59 10269 134
70 89 23240 152
70 97 19167 562
70 29 53166 200
70 78 44342 82
70 40 17518 81
70 19 5995 67
70 94 4291 139
70 20 145291 460
70 7 57502 144
70 55 31009 173
70 24 6352 852
70 86 24340 364
70 46 14882 318
70 32 26169 160
70 58 37267 133
70 23 7325 156
70 17 2988 565
70 53 9999 90
70 60 33093 63
70 37 3433 22
70 14 38810 291
70 33 54223 339
70 100 52619 187
70 4 28703 53
70 66 10244 64
70 5 29464 14
70 25 61240 625
70 61 51034 178
70 85 236147 195
70 77 53085 415
70 21 132249 463
70 88 30605 248
70 6 5260 28
70 82 80647 12
70 12 52414 304
70 95 57979 280
70 15 35941 209
70 48 68215 48
70 2 11009 27
70 84 72109 637
70 11 24048 764
70 41 18337 66
70 35 52169 485
70 57 10399 185
70 45 17779 46
70 27 3272 1411
70 72 4732 1008
70 9 20780 293
70 67 2362 275
70 44 53466 39
70 79 25517 25
70 65 14518 962
70 68 15886 112
70 93 44599 168
70 52 202490 63
70 26 20087 113
70 69 17881 97
70 73 22411 54
70 30 16213 159
70 81 7036 60
70 16 76428 22
70 99 17348 58
70 83 17573 105
70 8 19541 356
70 31 120098 226
70 10 13084 234
70 1 37362 560
70 42 91683 1171
70 63 11101 133
70 54 197779 300
35 97 100757 125
73 74 106292 154
12 97 11574 188
37 23 33999 69
54 87 95372 125
15 67 11225 57
76 57 3473 66
27 17 22938 58
75 81 8890 484
31 92 20870 55
66 83 11868 153
85 78 26901 626
69 1 21943 206
58 27 231621 63
3 90 68002 252
32 63 19760 50
9 87 29578 42
53 26 43513 37
52 34 59293 581
87 100 14292 349
89 80 35282 996
34 51 12474 413
40 18 25251 656
24 55 9673 143
1 40 97737 20
50 64 8865 153
96 2 19200 247
10 56 77561 39
5 62 11291 183
27 33 13801 97
52 45 16233 30
2 65 38071 131
21 50 44607 103
6 14 34755 253
85 20 38390 242
31 59 8309 369
98 96 7393 78
51 95 23459 118
15 64 10727 307
68 67 24605 202
17 69 51718 606
76 8 32690 99
98 53 113400 154
86 22 52221 189
23 36 18409 205
79 51 51533 124
80 24 40409 48
33 55 13753 132
90 32 5090 88
59 75 21112 26
53 65 11242 1340
24 60 31824 85
97 30 23815 77
47 37 103918 35
18 34 136062 165
32 18 13777 491
47 24 48189 335
28 57 18569 346
61 62 66931 90
87 64 8305 483
71 47 23140 115
37 97 24333 109
4 60 11046 539
77 7 8207 36
77 83 26304 81
7 83 17278 38
39 35 18543 127
100 41 20022 343
92 64 18142 171
96 23 5779 14
50 27 20378 16
94 79 15634 141
89 77 47616 86
30 56 10758 242
82 43 1522 129
65 83 22951 2043
86 2 86101 632
77 27 22200 60
81 21 23845 404
99 16 23456 93
75 82 122676 600
78 39 8174 115
75 80 17664 32
48 41 3568 80
42 16 25124 180
10 64 10305 129
68 65 20917 98
85 91 23439 270
13 20 13660 140
63 79 7530 159
46 38 27598 627
19 46 6480 927
94 10 26860 136
39 68 11473 537
39 38 17295 194
96 74 5670 56
69 47 33743 1677
65 100 71929 80
93 14 18327 135
86 95 4057 160
17 57 10371 241
81 46 62978 104
19 66 26143 70
58 36 39127 1415
85 70 15798 176
99 45 89906 303
43 97 40589 363
81 99 56019 700
71 61 21455 168
22 73 7352 162
24 84 4509 174
93 49 5996 366
30 7 22520 134
33 80 19808 194
61 76 19653 49
41 66 102242 246
65 31 54881 349
18 44 2548 542
3 49 28645 360
71 26 26308 226
5 81 25756 203
52 63 7999 67
84 5 31109 76
23 73 124868 226
26 63 19111 39
25 41 26550 272
94 91 7759 97
58 45 55864 192
28 51 47125 113
88 43 18421 131
84 49 20108 478
100 98 68402 78
41 83 35329 209
41 90 5861 38
44 13 204985 25
71 92 17314 52
20 100 35532 185
67 75 5052 265
58 6 46697 8
46 78 46548 62
42 58 21951 65
22 43 6187 80
33 88 9586 88
92 90 24457 124
98 16 224897 63
83 28 40383 142
73 62 91183 184
41 37 27479 74
47 58 48509 177
9 3 11029 52
85 93 80900 151
1 92 46206 251
25 47 33573 45
37 58 4189 94
97 57 3083 646
80 69 8596 214
88 34 21434 249
15 28 27120 104
99 90 16802 137
24 28 22094 71
32 75 314397 120
32 3 46928 19
24 30 12366 31
63 13 57908 56
7 93 34524 280
84 24 13837 181
71 1 83147 35
90 66 22054 224
68 48 23691 157
34 71 3952 201
23 83 51683 228
86 51 89935 159
61 32 4451 369
28 82 30635 493
59 18 18389 96
93 33 29263 119
63 65 140686 129
48 78 15101 51
58 60 45140 54
82 27 18546 137
4 39 3316 67
54 52 50742 669
21 65 6861 141
16 75 15491 832
50 75 57592 262
41 31 19502 263
66 65 10392 817
86 25 45148 202
92 76 12831 319
84 63 24511 60
75 79 10415 326
78 22 10854 667
81 89 11136 69
55 43 25614 179
58 89 11692 34
60 12 6215 150
19 99 6864 643
96 70 47149 35
41 47 18644 75
46 59 89165 249
71 94 9384 27
67 92 14348 37
34 45 10568 183
23 47 16373 854
76 19 73293 175
66 25 3155 537
50 26 27625 1196
12 24 63584 50
1 90 18910 236
25 42 19137 628
19 48 39294 242
43 72 13531 95
20 15 24955 155
63 94 15856 131
6 12 9154 378
25 13 97869 274
76 82 27811 154
75 5 3410 184
63 19 11885 193
49 52 3354 27
42 25 4008 73
93 8 2936 118
66 97 97314 86
74 28 15653 57
69 74 31726 42
99 86 49418 190
79 11 151378 61
13 21 55400 2152
4 75 62323 52
64 32 46138 168
28 45 12835 184
24 39 35115 243
36 27 22945 86
49 23 16538 23
100 17 6824 36
4 9 41112 224
43 29 56071 143
34 23 13846 83
100 3 9962 521
25 97 26730 103
96 97 219659 168
85 11 27426 264
88 74 62376 366
79 86 18242 183
36 42 21055 275
4 69 35341 305
53 66 30078 1174
62 85 6901 153
54 6 78393 122
53 46 9395 65
55 45 5853 194
50 23 22012 58
33 38 10398 128
78 98 11858 340
59 27 15109 523
61 12 53737 258
62 19 10753 31
77 72 112851 99
65 85 15448 167
19 36 67662 459
30 77 40528 29
57 80 17067 21
8 35 10553 105
67 80 9694 450
24 72 14610 166
83 87 37758 67
84 48 23225 65
23 82 3551 176
55 31 44309 36
41 81 11779 6
85 95 10039 230
92 5 12579 56
27 67 84549 73
88 31 55951 139
78 89 14949 392
94 68 5490 108
10 47 28377 840
6 21 8348 72
26 65 42864 45
54 10 2628 193
41 51 109416 333
93 29 23798 127
65 66 13918 117
67 34 6995 153
71 82 8003 410
93 52 5848 55
35 86 19309 133
18 10 69207 1174
15 81 17839 131
85 10 15097 27
25 7 21644 176
92 37 8296 89
67 30 7300 46
73 52 11078 119
48 70 85687 231
60 34 69104 175
62 71 17929 358
99 76 8622 29
77 70 86974 249
45 65 4385 172
18 60 20658 885
14 26 199075 14
22 89 67642 211
65 19 20505 188
93 42 102905 43
8 20 20269 990
54 9 15547 50
86 75 156039 52
54 67 85900 471
17 23 247463 37
3 100 86020 144
88 78 71409 16
76 36 55025 49
65 45 52322 234
30 79 95103 752
56 80 77902 121
63 77 58521 280
77 30 29798 44
100 72 21475 307
29 60 5739 73
79 80 18514 110
29 86 47364 188
82 1 47744 125
85 31 4782 82
2 14 47243 438
11 64 44645 375
28 32 38698 1365
40 96 7972 29
15 78 54085 85
4 89 25541 95
33 85 13867 109
19 27 31448 128
42 15 136531 406
19 53 14622 119
49 38 9465 29
53 50 81944 59
34 56 137312 356
88 12 10050 113
91 46 44607 103
58 39 32839 132
42 71 76973 32
48 42 65660 405
45 39 35172 109
72 86 115388 72
47 14 1871 265
38 80 66326 15
17 93 56509 364
48 34 18674 405
30 48 33606 350
88 2 6547 62
84 40 19874 289
5 11 29195 169
98 51 198046 54
69 12 4996 332
6 54 60875 220
75 44 3066 47
17 84 63132 112
10 50 26371 208
52 25 32320 403
59 86 27436 582
86 36 12529 362
82 25 9089 685
36 88 1820 214
74 77 9305 252
59 12 49006 62
47 19 52547 99
5 88 12293 100
1 11 15082 162
7 27 20091 126
43 38 46428 37
33 23 37057 126
76 94 1792 81
16 73 30968 117
48 99 11432 332
96 44 17553 18
50 43 26104 63
36 92 76541 161
5 61 26324 205
34 78 18232 63
35 76 39842 122
22 41 7847 98
42 89 24466 244
91 1 20747 447
17 72 6388 208
33 74 13370 179
44 41 92058 333
39 56 28563 51
14 75 75071 191
9 52 35535 228
55 59 4216 113
49 67 25670 208
47 18 7717 123
72 19 15228 153
67 71 14678 270
93 41 40878 122
64 97 5381 69
91 70 23934 133
89 55 64797 151
100 58 13653 89
13 26 6800 322
70 495
85 162
93 48
97 92
80 42
75 484

17107266
