100 499 3 3
53 59 14569 332
53 70 13308 162
53 34 8636 275
53 41 21088 19
53 40 40100 179
53 80 23720 188
53 84 22382 498
53 49 10626 86
53 28 22241 235
53 8 45186 123
53 88 8892 410
53 13 21043 134
53 46 36360 83
53 99 9288 125
53 29 30411 699
53 78 5448 25
53 54 39218 83
53 57 38896 86
53 16 4188 131
53 44 31387 105
53 9 8327 264
53 69 19105 58
53 25 49701 146
53 36 39436 449
53 76 35759 568
53 81 63218 63
53 48 243257 1923
53 6 2353 200
53 65 7950 461
53 72 25808 116
53 75 44960 124
53 77 19124 107
53 91 13914 231
53 79 71256 52
53 37 7137 71
53 92 20350 201
53 90 18537 136
53 74 7975 210
53 55 23915 1301
53 87 20751 40
53 82 25072 261
53 83 28331 188
53 22 28982 47
53 97 16852 254
53 96 11710 33
53 21 5078 56
53 3 21480 91
53 38 26505 163
53 66 39679 61
53 50 10212 104
53 7 9224 576
53 23 6376 65
53 5 27589 172
53 60 22179 488
53 62 15421 1013
53 63 10088 387
53 86 22205 160
53 39 45992 44
53 2 16403 562
53 47 8450 153
53 26 8917 51
53 93 65293 62
53 98 150111 99
53 32 36087 233
53 56 25712 91
53 100 44441 140
53 95 19307 643
53 15 8299 144
53 68 3295 13
53 64 17713 392
53 30 114477 108
53 20 20404 217
53 85 53628 63
53 27 70875 50
53 89 7965 72
53 73 33987 38
53 24 14413 319
53 58 9742 143
53 11 12714 309
53 33 41234 47
53 1 7362 441
53 71 5226 51
53 45 12938 50
53 35 132312 115
53 18 14830 160
53 43 24501 148
53 94 17165 162
53 12 10512 25
53 19 17173 221
53 67 29453 118
53 61 6673 64
53 42 23153 239
53 31 32860 1306
53 52 17225 38
53 51 15732 691
53 4 45385 131
53 17 42136 305
53 14 24120 234
53 10 59260 103
59 40 27443 646
83 72 25959 11
74 25 27493 251
68 78 53555 73
10 22 68003 18
7 11 10631 41
4 21 30795 72
68 79 6853 71
15 73 73397 304
78 26 69415 364
52 55 11344 752
97 48 21068 587
94 30 18264 266
24 52 15327 59
43 82 27485 67
50 30 4174 138
95 64 153449 51
81 96 19088 71
12 18 45962 272
24 20 6474 270
58 66 47898 14
61 75 32934 321
23 50 70925 67
62 32 7881 238
56 90 5211 502
5 18 28225 575
81 65 35818 10
15 53 12717 208
2 73 74524 115
7 35 17380 824
24 94 46845 228
34 82 5599 266
7 59 32458 103
18 7 11737 22
21 71 2282 93
20 93 11105 190
67 42 974 163
66 85 8469 166
19 83 2277 452
6 11 90861 313
93 50 2820 318
88 74 25322 163
73 87 10866 127
14 100 3027 256
5 65 28730 341
48 26 7722 92
88 28 7688 230
31 62 43572 668
88 46 22073 33
4 42 1444 27
63 86 49694 113
20 52 47848 456
84 5 8180 193
66 1 44781 108
33 93 9546 180
80 93 34012 158
44 11 46082 35
45 44 58200 33
75 79 19744 169
86 36 8768 492
38 73 9377 82
23 29 41430 59
66 29 9566 44
42 28 70056 121
21 32 37036 249
73 36 13029 262
54 21 5469 879
30 17 13717 54
100 36 18231 279
47 5 22368 527
36 45 46730 37
34 95 29252 292
19 11 11198 290
28 66 36620 150
61 6 31288 225
64 56 4504 306
8 56 2487 196
4 61 2946 76
8 16 66324 256
67 71 47713 172
2 39 79767 107
22 97 14417 338
94 41 39980 98
31 42 2816 111
5 28 32833 628
57 62 38841 2093
77 39 46133 76
77 29 10033 93
61 8 118313 827
24 69 26712 145
47 33 14132 99
71 83 49817 305
97 98 17976 307
56 63 46006 424
44 22 302606 74
11 91 19619 76
60 61 44035 708
3 96 21233 94
1 51 21050 63
6 56 9984 422
28 99 5128 90
66 53 45332 124
38 69 12084 160
21 73 13957 96
48 74 15424 163
64 15 4263 188
44 91 3844 584
85 64 49647 432
12 64 27424 346
49 99 9405 263
16 41 23084 55
55 32 31334 257
86 88 132529 124
79 17 26808 197
37 100 40066 61
41 12 14580 185
72 21 2426 19
82 8 44789 86
33 29 103366 194
52 35 17725 404
6 44 13739 67
55 14 40162 1408
79 11 29973 86
90 7 10774 289
9 4 24608 390
58 80 7585 24
63 25 45270 178
31 66 4899 27
73 65 47337 369
98 60 34514 137
88 25 17596 291
52 20 12209 188
85 12 3055 72
25 1 16634 87
81 62 329808 101
43 46 86755 39
98 6 59914 54
26 32 22365 277
35 16 23403 424
24 27 6860 83
68 4 8514 466
3 85 6212 39
7 24 21790 211
1 22 9712 167
24 28 29434 89
29 10 5653 82
88 48 5678 157
95 76 21231 63
67 52 37974 447
19 30 46619 23
57 44 11935 144
11 56 12448 132
86 80 2361 248
43 17 22923 725
66 17 10045 156
84 50 21328 68
85 4 7763 393
67 92 8535 439
98 1 8667 218
18 91 3898 42
26 17 51119 237
50 64 62094 224
49 88 13821 67
24 7 13340 243
76 17 58229 638
49 84 52927 165
31 77 27420 13
67 19 90859 99
50 93 5079 97
85 3 31609 88
88 17 18172 155
29 43 16673 58
59 89 392030 2382
91 39 8963 35
71 6 13005 659
11 59 7116 18
93 28 4347 240
13 57 8754 29
83 11 27889 629
85 16 7884 73
30 56 7143 147
31 33 32884 45
88 2 5751 227
93 82 14305 109
61 86 32710 476
39 2 14581 199
34 86 39126 44
15 75 77128 144
40 58 29547 464
9 60 17781 163
76 91 19745 128
22 77 36445 109
79 80 9280 303
22 42 14939 222
39 15 27862 134
76 68 43149 99
18 62 57432 193
95 34 15614 320
91 20 59314 93
25 70 152696 128
48 37 54457 610
13 4 111326 162
74 64 6405 51
47 34 48121 219
40 84 7752 139
21 19 104976 106
32 69 100845 211
19 34 11855 685
76 69 15976 348
69 72 9153 26
17 30 38280 858
26 67 2481 199
71 77 7055 82
34 99 41778 101
73 35 19081 264
31 35 16946 170
38 34 4974 1307
3 40 24921 54
74 60 48379 354
82 17 3981 342
69 90 2282 69
36 65 31147 421
34 3 80090 152
64 35 117585 16
41 49 103278 21
92 16 9750 537
94 36 10931 284
91 55 17745 206
23 15 170902 36
17 51 62098 76
47 48 5996 191
47 14 56018 107
85 83 23701 506
91 33 20057 89
78 6 14952 210
71 60 38168 127
70 47 6979 94
57 56 17580 50
83 50 145446 156
74 18 13614 418
9 14 7530 551
64 68 58038 168
19 76 43231 1012
97 94 36737 166
98 47 7967 100
14 23 14567 289
7 6 4562 214
92 94 25055 604
16 18 11448 80
51 61 69466 969
14 61 6657 49
15 83 25514 74
8 47 10687 816
87 36 10806 224
8 34 23569 405
25 8 13748 179
11 68 142995 36
81 80 17368 86
29 9 26579 131
70 74 16951 91
84 25 99957 242
43 71 19494 168
75 67 2687 312
17 11 47933 302
30 43 55173 504
21 26 42424 838
24 58 26167 49
70 71 41242 77
3 93 19342 24
91 69 43792 77
38 49 10615 541
2 78 10376 235
49 80 1189 163
65 30 6003 440
58 8 67034 102
34 25 4137 56
86 58 5643 58
36 7 136331 294
83 33 12685 46
40 83 25259 20
9 33 5353 279
42 4 10813 181
25 6 31569 507
29 56 22307 83
5 100 6776 66
100 46 54153 76
22 3 4581 309
37 1 3739 69
35 93 19694 172
58 42 12226 642
83 56 30890 1062
20 43 7233 233
4 34 54887 113
62 67 49063 460
70 72 65981 33
74 27 23601 25
98 53 70493 127
1 4 25358 16
20 63 87645 84
63 42 876 74
82 68 209929 195
4 88 19116 46
64 72 27227 356
66 34 11756 277
26 52 39426 139
91 4 20241 244
44 67 14618 635
84 80 15958 230
85 88 12426 180
54 29 32587 222
92 13 33085 79
8 90 16922 260
47 75 5223 355
46 91 8701 1132
21 53 7840 112
1 42 14994 121
75 78 84008 83
93 13 15718 54
30 51 27706 80
99 29 59618 402
16 39 15653 120
90 70 55790 53
67 93 46227 69
90 39 37975 189
31 87 58239 108
33 28 12813 36
29 86 52151 147
94 29 6520 123
50 1 63653 216
58 1 63502 209
34 63 19298 57
18 52 18608 343
58 51 13325 247
41 10 25696 266
98 64 78474 78
5 70 9926 80
4 96 37471 36
39 97 9666 20
62 93 36349 466
68 93 9136 1165
69 67 8439 165
52 56 37993 73
40 13 20753 40
10 82 8478 24
8 14 23503 196
67 100 12703 824
74 33 26416 736
82 96 15352 151
33 38 14396 350
5 36 12137 941
71 51 122258 92
59 33 5966 147
46 1 48605 382
72 14 32548 136
98 9 44972 520
81 42 53111 57
29 45 17242 744
80 10 3362 1471
33 53 1799 206
66 44 38072 377
65 60 12911 49
62 44 72030 423
42 5 31512 231
25 51 39034 210
85 86 31387 90
10 40 7245 53
51 23 56970 7
11 40 43300 110
32 12 23016 748
89 76 50416 24
4 18 17454 42
22 37 20260 285
77 42 2970 172
40 53 36088 372
65 75 8899 473
73 6 24564 184
85 99 21818 292
81 82 52928 312
87 86 15712 223
16 72 6389 36
1 54 15354 306
5 90 33000 638
77 10 40330 260
8 65 10838 498
94 45 30178 76
86 74 27204 266
88 13 7084 65
99 8 23708 336
18 11 5778 188
62 11 42044 307
96 99 27617 51
86 66 15018 296
35 13 60768 206
33 27 30970 596
5 1 10841 42
56 40 12703 144
31 63 9243 256
92 65 49881 2332
63 89 94837 654
90 1 51487 465
53 792
85 45
88 88
93 133
56 130
42 97

4798907
