100 499 3 3
20 1 13277 452
20 28 26873 18
20 78 12014 42
20 82 11454 1199
20 83 11521 54
20 65 13506 156
20 59 22179 543
20 60 53578 107
20 4 4070 128
20 95 5841 172
20 10 4509 301
20 81 1631 296
20 86 14920 212
20 35 14530 199
20 9 3171 212
20 57 42103 417
20 98 78813 752
20 2 22454 66
20 40 6304 59
20 68 3173 1133
20 76 7407 405
20 45 7678 136
20 6 7544 28
20 34 10485 17
20 97 18765 23
20 58 33636 46
20 38 15456 144
20 22 16198 174
20 25 22295 96
20 64 39222 60
20 24 3460 124
20 5 4133 277
20 11 12042 163
20 88 15792 329
20 79 7317 578
20 62 46043 284
20 26 8641 24
20 33 68091 161
20 72 24143 520
20 46 16982 681
20 14 154175 31
20 73 11937 481
20 32 2453 67
20 36 91824 58
20 77 7491 192
20 51 26695 170
20 96 13614 391
20 84 46407 47
20 27 14212 690
20 3 23009 128
20 92 8057 174
20 52 33757 263
20 16 143385 108
20 75 25350 51
20 7 76670 600
20 30 15805 303
20 39 32075 170
20 93 11195 459
20 23 27865 1424
20 71 114910 112
20 94 29570 137
20 54 32645 1805
20 70 74481 31
20 53 7558 495
20 44 471216 144
20 50 8502 41
20 63 3121 453
20 89 70987 89
20 85 73650 117
20 91 111774 19
20 31 43026 199
20 67 33148 170
20 55 49500 46
20 42 27200 276
20 37 13290 357
20 29 29817 110
20 100 5155 107
20 12 18639 38
20 66 4156 482
20 8 11654 167
20 74 32107 88
20 41 49809 157
20 13 51720 306
20 90 11551 481
20 69 19121 92
20 56 24773 84
20 21 12183 80
20 87 69653 247
20 48 29154 227
20 17 24199 276
20 80 21962 156
20 99 33108 173
20 18 62321 614
20 15 30460 316
20 49 26575 57
20 19 8018 36
20 43 35372 112
20 47 45511 177
20 61 14601 45
41 76 38235 275
74 11 24454 35
83 57 11519 401
26 5 47455 92
77 12 47738 150
16 95 35118 126
91 82 23677 65
3 32 18104 79
39 44 41667 857
57 32 17477 29
80 18 70762 104
54 83 19950 292
96 91 44735 680
15 65 15722 230
31 52 84623 168
29 27 14218 58
93 38 3034 48
22 47 53853 66
53 97 67091 201
17 19 174665 199
1 51 19919 202
72 79 27151 314
51 27 8533 113
16 99 56318 522
64 2 23944 317
37 28 3582 29
21 96 102881 53
2 56 22377 621
11 66 2893 398
84 31 8207 159
95 76 28817 166
63 87 32959 204
74 9 39366 190
45 56 3927 1570
69 14 7074 6
11 16 167156 364
89 35 7097 84
22 11 66097 156
41 60 36038 57
21 5 6129 126
54 50 18752 82
45 69 11959 491
86 35 34631 209
58 63 26779 140
14 68 37017 468
12 37 2247 72
88 37 66165 162
93 26 55406 54
24 93 9850 526
95 48 21339 58
92 67 183803 134
45 48 33775 93
93 87 52618 36
76 29 14055 236
91 50 53773 43
12 4 15014 289
23 62 5153 44
94 9 22286 56
63 47 123460 227
96 30 1104 238
9 87 7041 156
12 42 11497 157
3 82 26901 245
100 46 7810 461
36 70 32184 59
1 23 67058 27
80 5 40086 197
81 28 87921 87
58 41 27064 76
68 18 2179 390
62 67 22541 1041
70 20 6387 95
26 14 6537 146
92 41 12003 64
56 3 97834 26
24 44 41421 13
40 76 31145 33
51 6 10262 157
45 47 73001 69
22 10 7464 228
25 19 46294 451
68 83 12039 128
68 23 44198 98
72 15 50781 60
61 19 13195 152
97 33 21920 97
15 35 29175 68
10 27 18374 127
9 80 12019 710
3 24 44881 83
77 79 26534 332
99 13 62795 317
48 13 24728 18
64 19 16184 166
88 80 29640 528
1 33 325642 80
24 76 16521 1933
34 56 28199 437
65 35 25138 639
17 68 90065 328
78 48 49067 36
50 93 16462 318
21 33 12359 48
89 43 30532 282
58 84 30234 180
87 57 22006 116
29 89 11196 44
8 79 22180 329
38 49 92555 279
47 92 14151 1017
17 40 32963 211
43 77 32903 255
46 93 4928 45
18 85 13511 663
88 48 30902 45
61 25 7075 344
15 90 18855 436
58 66 6505 142
85 46 19110 684
2 86 37971 169
35 98 78825 166
76 56 51770 379
40 45 9782 91
95 83 12405 240
41 33 13555 201
32 39 39154 112
18 35 31583 400
68 7 113961 48
58 83 52391 314
19 78 47824 513
44 89 10259 70
14 63 64625 243
79 53 48192 1025
78 63 11866 68
19 94 45013 375
32 9 4368 373
49 33 50023 270
88 23 100616 105
32 71 20962 270
6 61 24564 126
98 8 12030 635
41 7 6603 45
21 25 4448 396
79 52 10694 98
99 100 14216 140
75 89 7364 171
61 73 13906 409
63 20 143681 98
97 96 42756 80
44 34 29300 192
39 90 22972 210
12 41 9864 218
73 87 57785 63
69 90 67394 124
69 6 57207 508
21 26 21334 135
8 15 9719 496
62 15 18749 41
8 22 9293 65
59 42 26338 139
1 41 4878 828
42 47 20639 256
41 89 11813 461
78 2 6830 549
49 1 18862 201
14 86 126670 112
33 97 105652 63
64 15 38856 142
70 76 16857 113
92 55 43121 78
54 64 72095 82
36 42 10759 55
44 91 19233 156
97 59 24506 185
32 5 23420 344
55 75 40257 197
100 49 6464 102
100 84 49133 140
85 52 39409 492
58 44 132036 69
3 63 11135 764
78 33 24338 12
78 5 37001 465
79 75 56960 105
66 65 12010 129
81 43 13117 122
33 65 9167 30
86 99 18161 112
54 95 15148 50
10 68 37781 61
82 78 53980 132
32 13 70689 459
69 41 98336 38
90 97 19866 107
1 49 47510 62
37 81 44084 81
92 33 42981 38
18 62 34854 30
1 64 15786 168
34 43 22481 26
8 14 113193 66
81 1 10319 126
48 40 9107 137
49 80 16971 141
16 65 8743 296
82 55 2709 117
92 13 15251 1184
35 24 27348 158
76 33 3384 352
64 22 62103 143
53 73 1942 64
62 42 3269 1441
6 22 6169 614
50 54 64882 870
83 47 17059 300
15 92 14275 134
45 92 29236 131
4 26 10657 490
5 1 34726 97
30 52 49332 90
51 68 8799 419
40 57 49434 90
35 99 33200 178
66 44 35719 241
75 46 14450 84
30 70 10766 60
3 85 94680 390
87 65 31854 797
55 40 8215 1154
7 59 83696 249
49 100 1656 152
94 34 81204 43
13 1 70248 49
67 2 45823 399
5 74 23364 366
17 25 64623 151
94 6 4477 90
38 45 12300 607
96 59 24480 310
100 73 218533 72
41 83 34960 179
60 1 8382 163
58 75 91940 393
13 64 20635 14
11 27 5677 112
82 94 8442 156
74 15 84637 105
100 40 20365 124
15 74 29862 113
95 16 14250 21
2 50 10551 783
93 70 42689 35
96 73 8819 521
10 66 8066 259
63 18 38681 441
86 64 39204 62
53 51 22962 138
62 63 7608 183
50 94 11877 334
70 16 32860 116
85 5 41798 186
66 21 29657 9
26 35 14806 268
13 38 9915 374
53 52 161287 32
29 96 26419 160
17 27 15111 227
37 79 16961 99
95 73 16828 160
97 38 41015 110
43 46 5458 28
65 14 34060 588
80 15 80452 75
78 17 28156 191
3 98 117814 50
81 71 13792 118
60 49 327014 271
81 2 10376 129
61 27 76352 158
38 97 66847 159
50 18 55138 32
82 97 32224 413
35 84 10994 138
15 71 16773 685
98 40 6371 556
67 48 17129 336
14 99 17706 13
87 8 26539 751
64 26 26279 520
88 73 10614 230
14 44 100162 227
99 75 32097 282
9 5 21998 64
69 4 9458 178
77 6 72719 176
87 19 11228 48
78 9 43320 118
23 99 3364 107
27 48 4683 183
90 59 32626 263
24 63 44728 173
91 95 122487 125
31 18 10123 268
11 45 4379 744
1 25 23936 150
5 60 15241 1409
77 23 27224 12
89 72 2648 1021
73 69 33134 737
89 82 82868 115
37 18 12831 173
41 47 13175 75
24 97 8139 140
59 43 11477 82
69 75 84553 201
64 88 32633 17
95 39 5090 90
16 73 68637 238
95 21 15662 274
14 96 6543 73
36 32 8286 503
90 78 71798 55
22 56 36582 50
44 77 5404 267
22 100 32313 58
54 8 26501 57
61 58 15887 386
28 50 20413 36
56 32 12868 50
16 85 14576 714
79 100 4473 39
11 20 11076 667
95 60 5264 947
39 43 36695 306
1 67 22498 289
91 99 58148 450
94 67 24909 106
80 71 11360 336
44 82 8252 55
24 61 19626 138
24 88 5584 293
29 17 4736 14
55 37 31907 240
60 93 19193 402
94 45 3122 83
52 10 12196 189
90 100 14795 58
26 72 21896 497
59 52 58972 142
35 53 19166 51
27 58 43441 88
27 83 12786 463
92 3 14244 65
19 55 32356 549
4 27 10657 646
87 53 1647 288
83 4 42752 335
49 11 17636 233
86 19 23081 343
99 69 19914 257
34 87 34467 60
16 22 60851 1602
66 75 19246 15
59 47 5695 79
70 51 16125 169
43 81 2524 476
85 26 20868 1037
19 22 9794 245
58 16 3867 56
46 3 19525 70
9 42 34463 65
21 71 12074 43
70 17 23628 217
37 39 27004 38
76 98 10344 215
14 35 46158 110
66 89 20372 331
97 4 72929 94
34 79 10751 944
26 13 25502 130
67 84 61868 78
40 91 39956 106
35 73 18604 144
52 31 100490 221
37 97 24754 302
84 52 36670 194
45 72 29069 58
50 100 11629 615
2 71 11478 625
43 30 45571 77
73 45 35877 42
48 95 34260 34
64 33 11615 1093
54 92 8936 434
35 34 10334 171
98 63 37880 370
90 91 11596 55
21 45 6919 176
76 94 19046 98
55 13 46057 55
20 198
95 16
58 128
33 9
73 23
97 179

3286098
