100 499 3 3
63 35 11307 313
63 22 24739 119
63 18 56877 127
63 47 11886 497
63 4 58609 30
63 29 13052 16
63 96 5353 140
63 30 13399 119
63 3 16379 65
63 86 7276 1010
63 45 14120 92
63 49 97742 15
63 16 105951 83
63 32 23573 152
63 41 137252 101
63 100 50628 120
63 14 172570 420
63 92 14911 125
63 38 33992 39
63 68 6332 108
63 84 52777 88
63 60 14529 1022
63 70 20561 125
63 36 29128 475
63 75 11244 193
63 72 66275 170
63 21 32897 439
63 28 7301 220
63 69 13283 74
63 73 25121 77
63 1 8419 460
63 2 13963 277
63 5 9318 240
63 8 22364 54
63 44 89442 218
63 94 51503 51
63 55 3597 268
63 66 5543 279
63 25 68355 730
63 97 43388 27
63 74 24500 131
63 40 114990 71
63 23 1889 59
63 13 25257 61
63 17 107270 320
63 57 143956 357
63 67 8247 355
63 56 40624 58
63 81 55363 116
63 82 8912 48
63 53 2626 94
63 34 9276 156
63 90 16185 210
63 6 20269 48
63 61 80677 24
63 64 11090 88
63 79 17256 414
63 39 15293 26
63 95 14349 110
63 59 13326 364
63 31 25842 103
63 50 7091 76
63 91 4302 228
63 33 2119 164
63 11 42151 151
63 88 31691 42
63 27 32699 217
63 52 23980 221
63 65 21424 122
63 89 50895 60
63 77 106471 174
63 20 18904 112
63 26 28469 150
63 76 56366 53
63 15 84008 364
63 46 4877 66
63 19 19366 291
63 71 11579 158
63 24 30575 57
63 48 33338 964
63 9 13760 442
63 51 43441 34
63 85 10363 315
63 78 1105 121
63 43 7152 1085
63 99 26921 114
63 87 30309 384
63 58 21355 63
63 10 23308 91
63 98 6278 252
63 37 1394 93
63 12 9632 34
63 83 15691 78
63 42 17222 81
63 93 7752 772
63 54 23378 60
63 7 23050 92
63 80 39892 29
63 62 19666 272
35 94 96505 806
1 8 104119 428
91 92 6692 57
91 87 5842 35
77 85 15376 168
96 24 57966 77
60 57 5817 202
79 9 54795 128
51 49 88365 241
7 26 11372 841
28 83 12895 228
23 24 45624 22
40 29 8879 72
59 11 9906 165
95 71 33440 386
40 14 77496 13
78 19 67349 124
57 20 9400 53
78 77 28401 128
81 48 56051 92
66 86 56175 475
81 27 72939 61
53 97 8271 284
67 31 978 378
82 30 15333 51
5 94 49151 229
48 94 27094 227
82 43 16761 252
55 80 21029 553
89 83 6372 75
35 2 68977 150
99 93 14727 1564
95 48 6365 31
34 38 24625 862
73 52 10856 79
78 70 1290 147
56 34 5713 259
59 9 2901 87
92 90 8339 286
43 30 26544 241
84 6 1099 77
5 83 7712 236
40 31 152884 343
10 29 28631 5
72 54 81911 116
80 27 57495 60
40 64 12248 368
83 58 22303 510
68 30 54649 106
8 23 3151 56
15 79 6945 95
24 66 7316 55
23 61 50533 128
27 45 30264 188
92 21 943 70
40 35 5563 230
20 27 18676 185
62 13 9873 237
54 11 11245 142
84 90 9928 134
18 27 21919 63
53 71 126512 166
36 56 52956 832
35 14 6205 146
20 87 17462 64
41 94 6581 100
61 47 28231 342
49 87 8724 325
14 45 71798 118
53 44 12239 57
20 63 26944 179
30 73 24607 82
2 81 24330 138
99 54 6464 41
45 39 6025 763
5 80 821963 345
84 51 7764 183
51 90 12495 267
87 21 34290 351
70 44 17239 32
11 45 159718 154
16 30 19825 34
38 89 44955 181
89 17 147987 281
16 18 16781 28
26 23 8737 90
1 49 6557 961
32 6 37330 154
79 43 5136 343
39 44 21705 133
64 47 29834 308
41 1 68812 179
85 19 15443 161
62 42 25568 431
93 95 11030 340
60 47 35759 487
100 81 22136 66
74 49 9077 202
81 22 101254 109
59 58 25174 264
37 63 10595 51
35 19 12975 48
3 54 35372 175
6 67 215732 162
58 87 10608 332
59 17 64951 244
24 76 138251 589
52 6 6763 256
26 31 169432 24
51 18 40179 85
58 75 22323 23
67 91 90587 281
45 70 3699 349
41 59 15057 127
79 81 59892 128
37 19 24010 421
89 82 22070 341
85 68 4691 330
47 87 18244 95
98 13 12835 128
72 49 36269 31
3 68 10028 33
90 81 23696 146
18 67 24214 1060
34 89 6146 147
91 64 15860 482
3 98 14992 340
22 62 33121 348
99 70 42999 407
1 88 4168 257
53 13 30787 113
39 22 90793 235
31 29 35426 96
84 79 7695 67
22 89 51758 1047
66 19 18119 477
97 16 39351 112
65 30 10601 553
54 90 17324 10
59 1 6407 150
51 84 31278 69
51 83 102447 42
62 92 8849 772
26 9 46419 240
22 30 116245 535
98 84 6538 367
50 1 38279 240
93 73 88841 211
52 76 34339 190
14 42 5937 197
24 90 8169 32
87 81 23745 81
46 2 40940 825
19 17 15759 365
4 81 74686 27
45 17 63856 622
100 83 90051 57
45 87 3902 240
74 45 18319 122
89 59 9950 200
83 87 14030 180
27 44 2501 166
100 21 21533 123
7 8 8818 514
89 44 17279 271
66 41 26879 261
91 40 5024 31
44 5 116193 42
66 25 42185 179
75 16 62140 457
74 30 16398 138
59 96 19793 28
59 98 52366 28
84 91 94686 252
9 54 131244 179
77 96 5601 76
32 51 72432 291
13 49 12500 97
48 10 16191 286
20 53 15582 416
35 90 121149 701
29 43 18411 447
20 42 857 390
48 34 6567 146
18 77 36212 167
12 66 6906 214
80 86 8248 430
7 60 40891 1729
24 25 21280 63
60 16 36277 51
55 36 10014 45
33 31 29959 46
38 8 49939 103
34 41 77440 305
97 43 9788 56
81 64 83154 204
17 63 278532 217
83 48 19297 119
98 68 28003 160
70 2 2167 98
25 21 99533 253
31 34 13535 165
15 5 3947 65
24 37 96152 233
64 36 144425 209
4 49 100800 101
50 34 38932 60
18 14 4565 78
40 74 65346 265
12 40 4839 365
5 50 20010 365
17 67 31648 720
59 99 91375 21
16 81 53434 8
21 93 11011 358
31 9 67803 239
1 3 64357 297
81 73 22068 202
88 65 7621 1474
64 84 9847 48
74 69 37543 350
87 42 27288 15
17 53 26332 424
82 24 183733 260
78 62 30179 215
31 58 3510 111
13 87 15485 125
71 54 29578 123
10 28 74148 407
61 17 16023 499
49 93 16302 664
68 93 10012 52
3 64 12414 773
19 66 7283 101
30 54 10168 95
20 94 14499 372
88 49 104252 64
10 69 4339 1167
94 85 10862 16
86 31 25757 33
98 39 26729 237
95 78 14144 153
80 54 11254 1187
41 51 5273 83
77 94 17194 230
100 92 51773 203
13 70 73839 206
60 12 83805 212
1 54 43397 19
18 17 69101 197
70 20 25061 51
36 43 1942 284
60 52 20608 138
75 65 18812 426
15 56 40025 251
13 77 16331 44
77 58 188780 37
94 18 104480 1050
80 41 33868 181
22 47 16917 17
37 26 22030 806
89 96 67672 51
82 85 38140 135
40 26 31854 176
86 34 15935 141
50 87 11352 1237
45 54 42415 500
94 67 2979 106
100 26 11008 166
49 58 25183 145
98 79 6894 286
21 77 32339 394
10 25 22103 255
45 60 8120 333
86 39 5827 464
62 40 16203 302
16 73 7410 157
73 36 8283 120
26 19 12740 137
66 60 25245 51
24 42 60720 111
20 99 60603 67
79 10 53351 664
99 18 93340 445
91 11 3211 105
43 23 5496 152
62 75 2110 336
67 80 31678 42
73 24 10042 587
35 30 16438 102
91 68 10635 100
28 55 104686 186
87 59 68580 100
8 10 79604 29
41 20 32957 20
55 63 17435 286
82 2 12152 710
82 9 6653 71
76 81 14696 734
90 29 25213 201
74 92 16128 156
62 69 12694 85
34 29 29485 488
98 8 14451 776
85 37 36384 544
39 42 20260 53
38 48 7382 179
97 5 48449 135
47 78 10944 353
52 51 39401 128
59 71 10885 300
85 11 200604 87
74 33 240501 109
34 91 11434 35
85 73 5251 326
31 59 12584 163
89 39 96307 115
67 87 12979 193
59 15 20846 83
52 11 211511 90
89 31 8700 402
13 64 130280 53
38 70 15181 506
88 100 11121 155
35 73 3964 203
39 6 16701 104
73 65 21754 128
70 76 29029 52
74 93 46745 48
57 2 35368 342
56 79 14838 156
15 85 24559 87
42 70 9749 56
44 38 12830 119
9 47 179687 1188
40 79 26379 556
65 53 19311 106
51 36 40487 117
52 65 99544 113
85 96 12819 131
7 36 24823 119
99 4 14603 114
6 49 14150 96
97 40 18736 199
89 92 207642 217
10 18 10615 254
94 9 9108 146
50 86 11181 24
3 33 10286 79
74 56 4564 96
72 13 6979 215
22 1 1487 41
40 16 24531 338
25 52 4254 64
89 32 37905 224
59 18 19242 314
66 55 3262 104
2 58 19935 66
45 72 24503 656
98 48 23532 70
89 100 90147 129
82 51 46619 254
12 8 50055 263
100 51 13539 156
38 50 32306 155
95 2 12364 181
78 63 74516 602
18 13 2138 63
22 59 4214 152
9 23 16769 47
30 23 6023 310
84 28 42027 555
50 24 73368 220
12 25 56548 528
28 36 72304 817
70 51 59867 148
32 13 52225 104
46 6 26516 300
13 61 16227 81
96 22 87900 550
43 46 1386 354
2 30 32172 1029
98 20 3433 271
57 7 14175 148
85 33 5928 16
90 22 53234 79
28 19 10992 85
57 41 86820 180
47 13 32712 53
17 1 66358 224
88 6 14062 117
11 26 22155 67
52 99 17934 156
22 14 30806 246
37 87 8274 801
53 14 15129 39
55 5 87023 226
71 26 11568 29
6 51 14971 104
35 63 6224 159
63 2772
89 22
59 264
87 168
54 461
30 659

35566995
