100 499 3 3
30 69 29649 774
30 83 43920 243
30 70 16463 138
30 49 765 189
30 15 24152 32
30 46 21520 791
30 35 10338 118
30 44 52279 86
30 45 6411 200
30 21 53488 162
30 24 11142 957
30 50 26414 461
30 2 64730 62
30 6 6046 37
30 28 13647 362
30 51 20376 41
30 10 7057 211
30 48 82637 39
30 78 9057 718
30 16 6368 246
30 90 10488 172
30 4 215008 15
30 81 70283 125
30 36 75281 196
30 91 77507 771
30 72 25539 74
30 39 95376 186
30 58 19894 968
30 86 11752 66
30 22 12273 93
30 54 54924 151
30 17 13724 415
30 31 15547 142
30 52 34201 339
30 11 71629 144
30 95 26630 50
30 74 117402 92
30 89 1636 122
30 92 17565 96
30 84 29853 535
30 88 39897 90
30 66 80263 279
30 85 33602 84
30 57 13694 12
30 79 31087 562
30 7 50088 168
30 27 6354 135
30 82 20757 45
30 13 17728 46
30 40 53615 588
30 19 51313 81
30 56 48886 148
30 68 46742 46
30 33 48508 99
30 61 6498 481
30 53 3977 88
30 98 7441 329
30 1 5611 30
30 99 35087 75
30 14 9196 406
30 93 17947 118
30 63 19950 166
30 96 24524 1485
30 76 5317 901
30 42 25402 3446
30 62 16570 66
30 9 8325 235
30 47 99501 179
30 71 15386 1317
30 80 6937 759
30 60 30341 109
30 59 14517 147
30 12 29749 110
30 25 13835 79
30 43 5182 61
30 38 91078 145
30 32 1179 151
30 18 62098 283
30 34 9069 199
30 75 33104 627
30 41 28977 477
30 8 69912 383
30 37 19304 888
30 20 16636 102
30 87 21736 191
30 29 27010 404
30 26 10073 49
30 23 15991 122
30 65 87805 93
30 3 9990 88
30 73 8579 162
30 100 41990 94
30 94 19234 139
30 77 39532 267
30 97 86698 36
30 55 17063 72
30 67 2454 42
30 5 59376 276
30 64 66579 576
93 15 9648 111
88 13 45944 41
55 1 16901 274
78 17 6321 156
25 47 19989 200
48 57 10868 71
13 53 63925 88
71 29 11786 200
82 85 3591 446
78 68 12568 624
6 73 30648 131
25 73 31700 212
19 86 15062 62
71 39 8393 165
17 56 44567 102
49 98 35469 816
85 21 3140 272
60 70 47132 120
27 42 41453 30
73 79 50182 81
29 36 17259 116
29 44 7772 36
59 79 3822 112
85 1 34821 57
75 82 13844 107
45 55 41337 207
97 17 3661 184
99 48 13807 51
78 32 33612 194
73 65 5776 166
51 59 3579 59
100 82 14732 63
70 34 36422 163
70 60 7818 610
74 41 353020 74
58 62 30953 18
4 66 9515 530
16 79 21937 1174
94 13 50096 121
2 32 71250 57
57 78 7368 58
23 89 71152 914
15 75 16024 210
91 39 116781 37
97 79 75078 52
97 25 23668 55
95 76 2776 667
73 2 44112 52
42 21 7952 99
49 81 12007 143
62 33 42446 39
96 65 26107 132
3 77 27374 585
64 1 13406 86
93 66 12347 345
40 14 16290 89
25 57 141545 137
23 79 53365 577
96 19 20494 163
44 74 101729 76
21 24 20557 25
57 19 17937 222
81 23 16079 350
80 97 19924 117
29 99 4020 120
64 98 51308 159
86 92 16486 157
17 10 30084 121
89 88 18467 849
99 66 64391 43
55 29 11683 115
89 31 80849 54
88 68 18002 72
62 66 20614 213
75 87 46802 123
98 16 50377 11
67 49 22721 56
31 95 15719 49
73 41 62862 46
31 87 29199 74
49 58 13397 464
23 12 10908 1484
58 96 176821 77
91 61 25889 119
59 71 53360 606
1 77 32686 257
53 63 57264 64
6 33 12660 309
73 56 37437 1082
81 29 11874 684
34 74 15956 58
49 75 5733 378
49 4 34512 414
77 70 6380 101
81 99 9514 250
100 34 8819 242
42 71 20221 41
53 40 28098 19
35 98 69672 240
26 22 6036 44
66 71 72500 151
65 33 1050 31
68 62 25430 13
6 13 77438 315
72 43 16014 68
85 7 23075 155
80 36 34162 47
92 13 30142 462
99 12 166549 114
98 88 27632 359
54 91 32943 313
69 2 51483 432
35 16 16174 141
39 47 32723 88
79 22 2558 20
18 64 177301 211
87 26 54345 192
99 18 4623 196
53 72 16635 45
99 78 22330 15
60 35 5145 75
34 90 15568 27
56 81 11559 134
52 43 16071 171
83 94 80236 92
94 85 51159 175
93 67 7700 1029
73 95 43204 318
36 22 3779 271
33 74 9232 107
45 21 2654 107
95 86 11799 247
31 66 15597 265
4 44 27995 321
31 36 20843 187
61 28 7913 151
19 20 62551 52
75 16 8846 115
11 27 22733 117
75 69 63274 77
31 59 2785 218
94 21 18959 113
35 79 9810 169
29 52 11408 1736
56 1 151715 799
59 46 8093 164
67 50 52901 165
99 84 74801 76
34 77 110927 102
54 27 31803 78
83 95 79739 667
51 50 24371 115
94 79 38058 14
62 42 27961 407
60 40 38967 90
57 54 9123 681
65 2 17378 482
70 1 46412 131
84 18 7493 105
35 58 53195 948
50 56 2843 584
62 79 169260 47
14 20 57938 31
74 67 10470 243
98 57 29027 265
21 7 6575 50
48 15 25162 601
63 42 12419 442
17 57 11766 202
89 34 2649 321
53 12 25381 45
52 54 34150 34
53 21 27736 88
51 49 40343 66
24 21 49129 361
40 60 6350 311
42 22 12128 92
32 92 8415 209
50 23 260035 55
57 31 4863 54
54 68 20459 357
54 29 4421 523
86 25 8654 112
91 62 15656 108
43 35 27484 60
28 46 6169 156
90 81 95566 212
76 75 23793 101
8 92 3252 83
14 65 4690 513
47 64 17794 22
71 77 5575 104
50 16 18711 39
83 35 139879 469
83 25 9797 85
46 8 49566 373
26 51 30800 52
80 52 29850 95
94 75 92270 143
62 41 15257 58
19 82 19694 70
70 46 35834 340
66 63 26590 14
55 53 25922 212
95 28 67413 113
7 26 36794 26
86 57 207009 196
24 11 47402 77
6 63 36881 299
72 82 27391 367
61 94 7477 658
33 95 23957 24
26 63 61796 255
24 61 158024 155
89 3 21952 196
71 33 60784 157
63 98 6420 371
20 64 4063 30
28 29 27249 542
97 49 8986 129
92 29 10139 58
1 83 68115 99
8 48 4203 313
18 53 83654 159
66 25 11571 389
60 57 128027 150
1 67 14742 103
83 82 2293 632
41 79 3475 69
25 88 51046 71
95 73 24979 235
37 8 17855 73
79 46 10585 206
40 81 12988 352
48 31 20327 118
54 22 131598 174
80 88 17259 82
88 95 66135 93
4 56 10636 90
73 81 13658 207
97 71 5969 291
42 35 129740 453
94 8 26100 1483
68 88 162837 339
34 54 5699 605
33 87 72701 290
48 55 15387 99
10 14 7052 482
16 33 23216 653
65 13 9356 43
27 63 9920 101
100 16 29931 188
32 28 11452 125
21 87 76665 50
55 91 11672 72
41 35 50141 82
94 14 23792 135
55 11 29491 22
35 86 10582 285
63 87 32733 43
20 60 13023 423
48 88 25053 59
58 61 41761 80
15 50 9007 703
42 50 45640 37
39 92 83900 538
44 68 13773 51
12 18 89244 197
44 67 9923 329
96 22 29097 73
9 90 18823 297
83 92 65236 89
100 9 11905 25
25 66 13939 99
99 81 13139 50
52 2 10525 355
97 26 11569 58
55 89 18417 148
95 14 7445 43
6 40 15152 372
89 84 3764 100
96 84 30068 87
94 62 8239 10
48 5 48450 167
40 57 22577 499
11 13 12766 373
83 97 13958 153
94 1 208397 89
32 44 13346 380
89 13 4407 157
60 71 29432 67
48 85 13501 325
72 73 32370 197
35 28 16042 168
93 53 5661 588
19 38 100234 501
42 32 48356 12
25 15 12341 336
65 77 9698 85
59 40 12315 115
34 31 18556 181
72 77 4303 65
48 61 57401 109
69 90 164913 33
13 36 43891 83
99 36 21850 283
44 57 54660 135
18 84 29733 96
79 69 14321 35
62 1 21424 286
35 11 10716 244
59 37 48831 173
14 48 11966 129
68 44 9115 2324
29 16 54723 84
60 4 10227 223
24 20 14057 51
91 50 14361 204
6 56 7198 373
24 26 9052 1179
58 65 11493 333
15 54 31517 144
15 96 40369 95
98 18 6736 95
76 97 17716 118
31 9 58029 217
22 80 44908 155
92 72 12635 562
92 70 23125 63
6 94 7857 290
36 29 91293 312
66 34 60306 199
89 48 12549 363
23 36 103173 216
57 24 22973 255
68 39 2357 99
95 63 23964 272
3 95 19318 39
57 45 3036 39
54 34 5689 51
24 67 6569 741
5 2 6547 72
84 83 10366 198
20 42 26589 167
96 58 120568 42
73 13 4444 258
67 90 156280 60
12 48 17782 201
51 4 58306 42
67 91 17206 141
23 32 50011 131
96 28 17377 189
41 83 10259 357
51 97 11782 135
12 68 12010 185
77 6 20888 141
71 58 39559 1044
87 18 13539 302
75 14 7289 336
40 80 37640 345
43 85 16400 45
65 43 14825 328
45 68 5906 26
2 27 5699 470
95 26 62200 196
33 31 22848 242
87 11 29035 173
82 48 43244 131
69 76 34816 160
48 70 20860 52
20 62 16078 21
44 96 6048 244
19 94 5722 137
1 56 12743 42
75 20 26741 32
31 52 59877 187
43 31 15689 86
80 27 15734 123
37 64 8602 215
89 81 28401 157
86 90 33334 718
63 56 7656 360
70 50 101411 52
41 98 12847 56
71 7 12971 47
93 13 12397 403
70 99 8882 113
16 48 32734 37
78 56 3581 43
8 39 14150 253
82 65 10145 134
34 73 6060 38
44 84 52410 74
20 10 13376 111
33 12 29709 935
52 6 9857 343
51 32 62506 271
11 75 24841 259
23 98 8827 95
46 86 7372 51
30 594
94 162
48 45
79 127
13 352
57 90

7943812
