100 499 3 3
3 52 157046 199
3 29 20764 117
3 37 206373 156
3 77 30747 254
3 38 39520 526
3 17 17550 30
3 100 12102 225
3 30 12727 41
3 48 38150 87
3 86 11404 165
3 18 7085 13
3 40 10776 291
3 42 17871 72
3 55 12884 75
3 91 120738 150
3 36 25625 57
3 49 1818 1150
3 35 19206 1776
3 96 4780 40
3 71 38895 91
3 24 46707 189
3 88 8172 98
3 62 34912 89
3 13 56298 223
3 21 24420 262
3 54 28984 116
3 79 64347 205
3 61 4962 278
3 63 9917 24
3 94 124575 206
3 27 3841 74
3 68 5161 83
3 72 27346 154
3 66 68050 125
3 45 15646 164
3 95 18878 148
3 39 14319 186
3 6 68608 219
3 99 2113 78
3 44 223351 121
3 12 182579 551
3 9 8990 571
3 11 10963 184
3 51 21672 58
3 47 62495 61
3 60 47235 32
3 73 102636 24
3 7 57115 71
3 56 57372 1050
3 5 13199 375
3 34 132249 22
3 78 21660 95
3 46 23383 150
3 74 124040 114
3 57 9218 281
3 76 11719 214
3 70 82056 432
3 33 23086 78
3 15 42017 118
3 84 4833 187
3 19 96460 161
3 43 830 298
3 93 79045 197
3 31 32204 53
3 53 43181 581
3 58 105571 116
3 25 19904 105
3 2 16793 454
3 59 42254 930
3 65 7435 25
3 1 49663 28
3 22 27078 26
3 41 16132 577
3 16 6786 609
3 67 50369 159
3 23 15029 58
3 81 6076 82
3 32 18175 196
3 80 28230 198
3 28 77171 52
3 97 12464 69
3 75 254917 118
3 10 49531 221
3 83 6686 219
3 92 138001 459
3 4 95973 52
3 14 34970 75
3 82 8365 270
3 85 24412 1127
3 8 6941 189
3 98 5881 140
3 50 4754 117
3 87 53587 96
3 89 40001 165
3 69 15125 155
3 64 29294 211
3 90 51171 171
3 20 21955 171
3 26 189796 77
66 46 9570 114
29 47 13788 189
43 1 24982 250
98 82 9575 96
14 45 5900 156
12 96 12577 113
10 43 18061 129
66 54 22791 178
67 6 147243 29
73 4 6739 347
94 13 3201 308
47 71 16950 22
61 39 17467 167
70 81 28682 56
48 54 3613 157
92 57 59402 108
85 87 28818 51
60 92 37211 137
17 78 23855 952
21 90 26675 1252
82 55 12972 252
71 15 64387 66
5 9 114225 7
11 2 2662 48
9 79 30128 122
96 15 22493 220
12 93 4839 199
84 43 27893 650
30 66 4520 54
67 65 11030 80
56 6 16778 43
28 52 82337 60
40 90 41852 122
78 22 9070 87
32 62 35040 11
74 7 91749 117
50 66 38021 1289
95 3 164869 338
8 20 26045 347
87 82 26207 204
10 20 8197 530
38 57 40264 159
67 1 34835 56
11 100 11039 185
98 9 21245 1290
9 8 8329 124
14 32 30307 44
94 58 19526 251
82 3 28925 162
53 21 21570 53
31 35 39184 128
8 64 92507 190
28 36 20121 72
1 70 53435 92
18 91 7620 3095
76 56 12924 54
64 99 38987 66
98 14 20722 344
41 87 35237 41
44 63 13423 517
19 18 31229 56
30 65 15899 35
44 19 105556 495
45 53 31270 43
16 48 38791 43
16 2 80376 65
19 79 36728 36
38 79 24567 62
37 25 9535 357
14 26 11726 788
45 40 12252 339
69 62 19661 36
17 87 6214 120
97 51 22930 63
26 100 15435 51
37 26 9256 596
41 75 137375 292
45 63 19831 372
33 34 9070 77
85 18 4814 66
35 84 100709 181
75 8 5133 76
90 31 115163 299
54 17 25116 84
58 32 42707 323
33 100 129876 49
52 12 16207 271
29 91 9810 66
80 93 21398 57
67 49 34745 128
78 17 32465 213
62 95 1218 210
16 55 10162 104
99 14 30855 31
95 46 55360 41
56 63 8855 132
32 48 2268 293
35 1 22200 147
37 36 4643 91
13 34 23239 1292
76 96 4215 131
46 79 4775 190
37 52 26852 201
98 25 17923 139
18 15 15160 73
59 29 12222 58
27 33 29678 189
36 84 4630 218
95 29 12075 248
71 11 26460 69
52 3 35291 701
85 1 20976 210
25 46 3434 59
52 17 56735 125
83 26 9035 118
52 46 7183 67
86 14 39726 118
36 66 40249 84
85 25 104674 178
31 15 91209 111
43 49 26990 114
18 24 13670 129
34 30 33268 79
49 75 60724 103
6 8 30356 69
79 65 17524 830
57 79 73006 174
82 16 23459 393
15 33 26264 110
28 9 7943 511
55 9 46445 200
92 58 111634 493
49 59 59904 119
99 33 102558 266
58 96 67882 96
74 76 54774 190
75 50 13130 156
72 91 13647 201
41 79 46461 172
57 97 9895 247
58 55 59208 28
88 89 22299 137
47 94 16448 59
61 45 38065 176
77 51 11564 151
44 71 187770 26
59 28 103792 42
32 81 33733 142
69 56 34819 29
27 24 20313 160
66 94 61007 249
1 83 420770 98
55 95 15639 29
82 4 53868 75
88 16 119681 180
55 65 57588 163
96 36 71545 84
46 19 43353 1016
97 59 136007 461
21 83 110362 256
75 23 34572 279
61 21 49161 119
65 40 13281 1400
71 22 50627 197
70 33 12359 112
34 63 73495 153
8 83 40843 119
59 41 45860 151
81 67 3748 28
63 30 37078 32
88 30 16652 558
85 32 46023 68
16 100 69204 475
10 48 41046 159
48 47 23318 65
70 36 7715 256
46 16 55108 192
21 99 70980 79
41 67 5817 391
14 38 12924 90
62 8 22850 80
90 36 143494 154
89 86 6215 94
9 4 42516 193
69 43 43206 131
90 70 53903 62
81 43 25206 377
66 6 6654 155
87 19 27063 47
69 16 4608 75
94 29 39638 166
84 7 18699 121
40 31 64766 277
1 80 83027 314
55 3 6670 60
75 67 12336 136
14 43 9628 719
30 51 19096 171
41 19 15096 225
56 60 48716 282
20 52 17889 58
94 34 1203 24
85 100 10388 236
58 39 43277 31
37 100 88366 166
49 38 4040 251
90 72 40890 145
73 34 43072 259
76 38 7308 84
35 70 4283 120
19 32 80957 69
4 1 15668 248
52 88 8745 413
7 18 92065 94
78 48 45548 174
71 51 13668 41
50 63 13474 76
41 81 2863 265
53 43 33885 139
75 38 25906 486
13 7 18815 612
65 11 11886 103
42 76 21577 124
43 42 4121 47
45 18 28837 540
81 52 9350 168
41 76 5898 57
74 91 5202 278
36 63 50544 207
49 15 21633 486
94 56 5756 74
71 79 265848 123
44 57 7369 520
26 51 31049 348
58 70 9099 24
11 5 19063 206
10 83 8398 195
95 93 13354 272
9 2 2126 740
69 61 49229 73
83 19 48694 2375
33 43 31265 250
35 71 10561 401
35 57 18585 136
69 23 7454 251
38 52 79747 59
77 6 575 341
88 62 19477 401
6 92 7187 134
50 16 32493 622
66 9 15561 228
45 93 69819 33
35 100 8381 80
64 100 102004 164
13 12 141882 317
82 34 200643 1497
71 35 49005 114
49 51 16855 237
4 62 46695 153
12 48 55048 125
11 13 6030 64
73 82 33264 145
7 66 1589 100
38 3 34224 110
63 80 27914 62
89 78 18580 76
97 12 138999 117
80 8 3609 41
54 83 39878 131
1 2 94991 90
32 59 44321 1755
22 26 25858 101
86 7 28741 118
8 78 20434 128
9 51 35042 110
63 19 47637 107
100 13 7666 96
79 100 41597 632
5 54 15342 372
23 77 47545 128
15 83 21291 64
81 34 62676 504
9 72 25731 214
38 68 64849 263
70 83 22769 553
31 19 11724 427
46 21 4540 47
29 43 14778 287
96 47 29179 104
68 6 14873 140
28 56 51273 125
39 22 62690 201
38 77 139451 341
42 44 36854 62
33 16 22716 55
83 38 19473 120
21 74 2908 305
75 46 162412 379
68 42 45274 398
32 25 326653 434
50 26 24463 137
34 22 17989 372
71 83 7245 191
2 7 4463 91
96 40 5785 231
41 71 58553 454
57 96 34516 427
27 67 2878 112
92 47 13780 274
48 23 74810 146
2 75 18267 2055
43 30 37229 450
92 15 121668 62
57 53 50701 126
92 18 25062 7
78 29 179357 188
85 53 100679 151
53 57 13322 49
75 37 44717 71
53 3 9242 134
40 99 10136 17
39 68 40017 105
25 66 10288 96
82 11 22080 59
69 94 52443 423
14 86 25461 118
99 1 173815 147
78 3 75851 46
5 64 9193 308
94 76 130703 73
78 35 91697 128
32 82 42590 167
88 56 3993 45
71 3 40097 386
97 18 49221 392
15 95 20679 1082
47 98 13347 76
57 88 26888 142
46 49 178725 101
17 63 8446 236
91 100 27653 50
13 100 102728 47
22 91 48374 35
37 83 20668 120
43 60 30188 72
100 54 43888 48
44 49 3696 233
66 61 27251 258
76 42 36798 198
95 100 23147 131
47 79 9901 127
20 24 20026 3327
14 30 25152 90
72 74 99251 125
10 39 17955 244
30 63 33110 3041
38 11 50765 144
14 62 4219 151
2 81 56830 104
100 55 18100 327
38 64 14814 115
62 20 33889 341
15 90 8890 98
54 44 7659 328
75 20 47352 25
100 74 8255 294
59 87 342935 118
84 69 4722 262
18 59 19600 1405
37 14 13548 23
59 43 59943 470
68 95 11941 72
41 62 96565 44
27 80 51247 520
48 22 30924 30
93 36 1625 84
48 55 10386 203
86 20 52717 134
33 32 6880 204
46 81 29077 190
84 63 27932 67
45 95 20060 48
31 87 111659 218
70 23 228263 194
78 90 4744 81
88 42 94027 116
74 86 6307 72
51 69 38819 436
17 18 11118 117
92 67 12170 187
13 78 32932 141
7 1 16180 187
20 93 43453 212
36 5 22046 123
39 11 72043 193
97 43 7096 1017
85 61 35595 185
42 13 27479 1175
71 13 10516 1054
33 77 26355 124
3 99
71 45
41 63
100 47
43 27
83 67

1062644
