100 499 3 3
32 71 17330 89
32 30 20082 1283
32 68 23713 119
32 79 22183 47
32 56 14739 273
32 34 32852 181
32 11 277120 54
32 22 152224 221
32 83 24487 227
32 87 38490 280
32 51 4550 404
32 14 2408 78
32 39 2613 173
32 53 39921 462
32 26 114746 74
32 88 6517 199
32 18 15314 157
32 62 48016 181
32 99 23892 955
32 7 22540 760
32 72 217979 50
32 54 10403 134
32 80 44463 139
32 65 19358 53
32 8 41262 54
32 40 13840 86
32 63 32174 392
32 69 44619 128
32 98 8455 41
32 67 19771 150
32 73 16594 62
32 85 10490 396
32 82 10758 62
32 2 43303 243
32 12 37808 159
32 77 8529 71
32 60 27260 216
32 58 95814 213
32 46 28371 263
32 45 143121 136
32 52 6542 298
32 15 3614 116
32 6 13507 1114
32 84 11051 68
32 96 27094 65
32 59 20956 101
32 64 13530 42
32 9 60396 37
32 90 4730 65
32 78 23901 222
32 13 9695 67
32 16 6446 169
32 41 11792 588
32 89 52999 183
32 38 26989 56
32 57 18616 227
32 5 17774 107
32 81 9714 80
32 95 68969 229
32 100 20037 54
32 28 21395 25
32 44 33479 165
32 93 65909 56
32 25 16455 1011
32 97 14308 237
32 3 24561 105
32 1 29664 446
32 42 9103 246
32 48 52714 199
32 19 12950 130
32 33 22774 93
32 86 45786 126
32 27 57205 62
32 47 68385 29
32 20 22541 115
32 10 13360 45
32 43 12341 327
32 29 49427 203
32 70 121388 137
32 35 56848 175
32 21 75864 235
32 37 32296 69
32 31 8964 983
32 50 82842 238
32 23 25088 127
32 61 35971 61
32 55 28592 28
32 91 67680 133
32 94 79313 261
32 17 26592 125
32 36 7361 253
32 4 13892 118
32 24 38330 97
32 49 34317 129
32 92 17304 215
32 76 13620 30
32 66 33012 311
32 75 99810 99
32 74 74522 1194
62 48 22552 304
56 42 4658 134
59 8 10213 4603
93 15 28833 241
6 78 27252 206
70 5 25870 159
89 92 27976 76
28 8 21067 200
12 39 47598 243
86 91 3237 225
48 85 7265 170
86 61 30880 129
56 96 50862 72
38 36 6468 192
94 40 77612 55
6 31 25844 165
89 3 4570 165
87 71 91464 267
48 64 10368 100
18 49 90229 63
14 10 15664 398
97 86 5873 273
93 68 18774 252
88 39 14811 119
39 32 17535 53
35 22 257060 127
76 84 16891 57
98 24 5261 201
56 4 14521 188
20 75 86059 286
65 96 24151 249
82 56 18363 959
74 27 4063 95
69 21 1889 195
39 48 5389 73
25 66 32215 335
13 37 46641 71
70 53 33304 43
44 90 12015 1066
29 58 43836 185
49 21 18204 347
62 96 12492 79
57 36 5345 116
2 14 109457 47
2 19 9255 51
17 37 6569 29
45 87 15524 158
6 75 19773 255
6 23 39489 179
23 96 74748 55
11 58 49217 354
14 6 10923 42
29 12 10226 36
68 60 46527 62
37 98 26701 32
10 75 62433 82
92 48 35162 20
100 67 153092 374
36 87 23430 268
26 89 34091 121
52 19 27788 934
94 75 91944 42
26 98 23686 245
58 22 3812 226
8 46 9413 168
83 57 65484 63
2 3 7101 59
31 37 14521 52
49 76 11347 70
79 24 6135 2591
7 57 45376 114
63 37 93507 354
95 58 9029 132
51 12 16628 182
68 24 7971 61
90 22 101313 413
77 61 23785 102
39 64 4319 404
41 91 11656 81
39 14 8199 21
56 65 4359 329
81 87 8236 76
63 30 139318 26
89 16 34406 192
96 63 12880 23
37 59 128487 180
45 36 39875 52
56 82 10692 188
54 97 34234 26
17 45 31459 66
71 30 264498 239
99 9 42304 15
47 65 52759 174
77 51 12480 239
85 39 9828 120
93 95 13403 225
74 34 4254 236
15 51 20472 395
31 87 35560 994
65 68 32403 50
49 88 28631 183
83 58 8108 72
19 25 15579 283
41 45 14603 215
19 76 11560 457
11 67 50018 155
13 15 33524 125
58 19 10452 144
71 93 13749 172
60 99 80973 206
100 6 34742 64
93 62 36147 53
64 18 29035 501
13 52 12123 213
77 79 48402 75
96 13 40561 72
91 73 31274 231
68 48 163797 129
26 28 15155 533
44 1 6369 1151
51 68 65951 19
91 89 25067 49
51 54 38540 699
6 88 19111 20
33 1 42982 53
44 96 38779 113
62 26 4474 112
97 28 258302 406
52 69 9665 126
24 51 19549 105
4 47 8259 58
7 83 2871 661
37 4 85292 53
80 94 86618 124
90 55 20937 469
41 88 68861 41
37 75 24411 266
22 41 50377 321
53 74 24063 273
56 37 123225 121
21 4 17949 466
71 14 230432 44
90 96 65113 1086
87 27 12438 58
29 18 55261 148
61 96 10945 133
12 69 9221 60
38 88 12705 237
15 91 3762 132
64 84 20062 367
73 24 14704 53
13 6 10298 101
45 37 6585 86
8 72 9415 85
89 78 41577 458
9 65 4598 338
8 67 18054 153
19 82 52448 216
31 39 40364 366
93 5 5658 229
49 46 48536 17
68 20 9096 25
72 51 44721 324
29 73 10306 155
66 4 6561 710
74 1 13758 77
85 19 15325 23
46 13 13922 185
97 91 20749 380
75 20 7438 33
94 44 3004 278
82 50 95358 150
16 36 39906 379
64 38 17917 73
28 92 29302 629
4 86 8669 206
93 48 41428 90
30 36 10046 576
61 63 17735 435
50 21 86064 68
92 57 17499 78
46 20 49287 102
94 93 37980 686
71 51 10366 228
29 25 8850 166
100 81 8119 318
87 98 34516 481
7 16 37687 77
21 9 46745 130
48 19 11908 413
79 78 72719 53
52 51 44531 213
46 9 80458 230
92 42 31521 195
13 91 21581 306
91 94 14001 2852
15 60 46710 739
64 88 10048 90
81 38 6577 71
98 95 14900 90
83 7 5669 111
99 6 19563 252
87 33 5073 87
50 74 2386 281
17 86 5279 215
52 63 59697 152
95 18 54117 142
77 74 38999 85
78 93 4154 97
93 77 29946 471
48 27 8764 290
74 47 14682 71
28 76 66412 272
16 94 30343 284
12 47 10225 194
11 95 49663 176
57 46 16135 142
42 89 15868 276
41 31 96825 25
75 18 46793 331
24 2 15064 229
25 31 3005 58
76 28 8688 198
12 81 10175 103
95 67 14483 798
46 5 4158 112
63 79 40311 236
84 83 21363 187
2 37 55880 72
61 51 103278 67
86 50 44598 124
41 26 16603 38
10 82 4224 57
43 7 18565 236
25 49 24788 394
85 73 18754 63
99 50 15405 40
40 83 16733 185
41 47 31225 176
18 59 11091 26
89 34 29006 57
3 50 94502 601
25 90 8520 179
100 43 12569 51
81 98 22783 288
72 43 19640 222
87 78 48961 50
35 83 8389 46
7 24 8697 257
48 49 127423 68
92 37 11111 72
86 28 38421 143
57 81 70650 53
7 31 5420 244
21 64 47409 183
63 32 7376 70
66 91 31956 79
78 77 46938 375
90 100 5183 593
11 26 4853 1776
83 78 30490 90
1 56 28916 390
70 26 16218 86
52 54 48652 62
99 20 11745 125
44 68 12720 62
50 94 14543 17
83 6 5314 94
91 99 147874 46
9 31 21585 487
62 66 1170 261
83 45 18772 233
45 65 12009 180
9 3 29699 152
13 67 13966 728
53 85 7742 182
70 90 6415 122
57 44 18900 248
82 19 9368 262
11 90 35432 81
57 34 122279 146
74 40 29922 27
30 77 46045 262
73 85 15015 153
25 72 8319 80
78 76 25005 79
93 25 32149 227
88 49 2511 208
30 73 7041 103
75 99 45479 317
44 77 32049 275
61 69 10941 209
42 84 13998 868
85 80 15465 70
17 36 31939 356
61 13 14454 146
45 27 28241 14
16 21 26599 18
15 74 13621 119
68 10 29896 159
19 28 24048 151
55 22 24178 372
60 20 30683 56
64 22 75508 28
98 42 47197 229
50 25 13053 307
63 40 13435 187
35 58 11797 496
35 29 12816 149
93 40 17758 542
18 71 30727 133
68 21 85876 58
48 61 16133 194
70 1 3741 40
65 2 110106 148
96 69 78719 20
72 46 5090 87
57 64 4204 93
39 38 60803 134
59 97 222472 96
21 53 32810 63
99 67 48804 503
43 49 64509 46
77 20 14850 62
61 31 16574 161
92 87 12858 90
51 50 39467 184
20 68 23189 108
65 72 10635 138
98 13 19520 54
77 56 87125 78
31 29 7971 279
92 58 125596 171
24 23 16117 239
95 66 9434 225
23 58 4608 116
44 79 12132 86
97 53 13232 286
28 5 63266 26
53 44 4933 139
67 11 40260 49
54 91 32656 457
67 52 11637 40
69 92 31353 698
98 46 9510 292
6 92 7072 762
92 74 82752 65
45 91 9894 86
17 29 7844 312
38 69 26354 140
95 27 18076 204
2 76 4937 222
36 47 101601 254
73 82 15107 498
61 24 3491 71
33 64 60657 488
3 100 24449 22
2 25 5920 29
61 90 12840 198
55 60 30201 48
17 34 13836 109
90 37 35946 443
94 15 18362 2321
84 17 51935 2207
84 9 7032 131
12 13 12603 274
64 1 25849 133
46 94 4467 27
74 51 28352 149
67 32 20172 162
52 86 33604 1031
12 31 4046 196
41 65 57460 174
29 50 11230 280
40 69 37769 16
89 79 18179 202
29 87 86738 254
38 55 14170 33
1 33 47067 22
63 9 48550 336
35 53 15587 459
70 12 116500 266
5 74 19627 291
89 12 73022 75
8 84 37421 183
80 87 9699 25
100 74 33704 29
44 93 76679 241
73 55 15251 232
97 68 24031 88
64 70 43543 41
76 48 27084 67
2 66 292740 104
5 94 29976 1555
27 80 4051 181
47 6 22669 15
45 80 44937 111
30 64 7699 498
98 70 49727 243
96 87 8268 625
32 594
93 198
61 176
37 409
91 101
87 40

15156685
