100 499 3 3
26 54 15185 141
26 30 32391 919
26 48 8540 598
26 93 7909 174
26 64 38509 532
26 28 2949 1208
26 65 9736 768
26 79 20932 813
26 25 9974 308
26 12 8524 427
26 27 30658 115
26 62 2678 199
26 57 28232 99
26 19 16235 159
26 9 152739 106
26 89 92832 250
26 13 45008 612
26 50 103567 166
26 16 25721 96
26 91 11054 474
26 14 11468 124
26 41 111433 169
26 68 18371 334
26 72 24727 37
26 38 10626 447
26 18 21591 226
26 75 10410 147
26 31 19535 54
26 43 19141 25
26 52 55024 148
26 67 38837 374
26 34 86617 74
26 86 34950 202
26 1 29689 71
26 96 37310 60
26 58 17323 8
26 94 8391 418
26 8 11355 62
26 35 12443 1148
26 80 36230 202
26 87 6495 504
26 45 10229 388
26 83 14232 269
26 39 21971 69
26 21 22841 23
26 22 9890 569
26 32 29358 61
26 56 43688 892
26 74 17907 387
26 49 16125 167
26 81 5583 39
26 37 29551 119
26 82 42151 104
26 99 36596 23
26 95 8045 106
26 97 27444 600
26 5 6156 58
26 76 14423 148
26 77 28524 113
26 60 188757 65
26 71 58198 194
26 90 16155 86
26 69 32859 83
26 23 36111 1418
26 85 4471 668
26 24 61855 144
26 53 13442 643
26 61 100110 154
26 100 23004 97
26 17 20501 351
26 40 7159 602
26 44 23910 42
26 47 16821 38
26 7 5549 259
26 3 19502 63
26 73 69713 49
26 46 9083 226
26 92 16362 498
26 36 34888 49
26 15 122112 91
26 42 11361 246
26 55 54532 36
26 88 33998 317
26 84 48394 133
26 4 79795 182
26 2 73453 282
26 29 21350 330
26 51 15370 2107
26 59 15436 55
26 98 23691 303
26 63 12007 46
26 10 3682 56
26 20 15230 32
26 33 37161 133
26 70 7184 990
26 11 32390 17
26 78 11557 103
26 66 11135 1943
26 6 12779 149
60 69 13311 231
68 33 2179 557
97 72 15978 124
36 61 142933 47
97 63 4726 24
60 21 93040 172
1 7 13120 41
75 66 20515 274
60 71 83173 137
8 78 6541 102
38 74 47515 243
27 59 6133 478
96 65 13617 84
17 28 22306 87
100 65 32877 104
100 10 6137 344
23 96 15470 1560
37 31 5833 38
52 55 14383 305
71 9 48563 60
33 23 57837 62
83 17 74249 434
60 14 8944 55
11 49 23423 16
6 9 64706 81
91 40 8485 322
38 16 54513 84
45 31 9365 21
10 49 17303 65
42 50 30022 38
71 63 4386 74
90 50 12152 20
40 22 28368 24
25 69 21203 71
52 69 23497 16
57 63 16177 40
32 15 66443 193
37 58 46778 142
35 84 8249 222
76 27 89977 221
21 48 20432 58
30 28 82834 1403
21 73 33436 26
80 71 14877 537
72 95 32991 159
33 30 39497 1589
37 87 8153 64
8 95 13019 295
98 76 32982 12
27 20 13181 162
18 27 13286 223
73 53 7166 210
63 86 20921 577
27 87 48255 172
46 23 11267 466
76 40 17761 71
98 27 28918 636
53 5 35002 128
56 62 9529 404
58 63 6268 145
52 77 6985 165
7 50 5417 176
56 37 20308 37
60 56 29289 183
80 50 37205 129
99 42 10120 195
85 66 73543 151
80 83 61093 65
25 14 28792 94
15 35 13684 428
20 17 23262 66
47 73 28793 158
71 85 63598 340
68 20 223668 58
63 50 33773 213
82 98 23435 316
43 30 99669 146
32 44 4945 82
50 74 33588 77
21 90 18255 75
67 35 49610 509
81 74 54964 139
80 51 11054 485
70 81 2451 53
65 19 19806 256
8 10 42465 38
16 62 36322 221
81 42 21375 32
64 57 23308 785
17 67 17374 635
91 63 100574 932
24 82 9077 156
57 100 4331 38
18 83 16962 77
91 4 51170 69
45 76 12574 107
14 6 16757 165
41 64 36811 202
90 76 74673 247
92 26 17597 117
55 47 38679 297
43 83 13616 35
29 91 18539 194
59 6 6239 64
95 86 23114 26
78 44 19024 98
81 67 12801 161
61 41 75142 552
35 57 7653 285
5 48 97910 259
1 39 48297 138
88 74 23147 112
92 32 42649 129
97 40 28791 76
72 15 35701 140
91 75 41357 93
32 63 12709 12
63 7 13256 1227
9 68 39947 106
60 30 15474 230
41 19 28906 105
99 84 39990 105
60 77 23291 30
94 41 32199 204
8 99 24186 296
12 96 24413 228
28 41 12043 61
55 16 53729 141
47 93 53082 135
80 85 45429 373
92 65 22478 104
8 34 6952 32
99 65 26576 200
49 29 103188 983
24 98 11808 1480
46 20 51331 29
4 54 52459 500
44 8 67863 257
70 92 67564 181
96 93 2816 433
12 86 14168 99
43 45 85021 340
80 65 34339 26
5 1 15840 162
49 44 16948 193
15 1 3397 243
10 95 10447 273
45 16 26358 108
18 94 203001 125
60 20 12716 426
99 69 63626 121
1 97 21950 352
53 8 9128 101
43 17 15821 471
15 18 140273 438
77 72 21029 56
80 18 19248 68
1 77 22648 110
70 6 22273 182
15 97 11114 417
31 6 2316 98
55 42 7546 653
40 36 21602 241
30 16 4623 854
89 85 5507 32
34 42 8045 41
83 48 41882 120
96 51 40876 141
2 7 74872 36
12 77 43263 30
10 90 9940 237
96 71 50392 130
81 80 17556 1276
55 76 30600 888
72 77 18204 142
99 75 16759 57
16 66 57804 54
76 46 23531 94
12 38 4573 555
90 91 88355 2048
89 68 42518 65
87 80 12742 821
45 7 11060 194
49 35 20954 34
54 73 25528 608
16 37 3182 20
12 49 7595 34
100 60 44199 28
13 65 42297 74
91 8 21082 37
25 34 4102 140
49 83 21783 122
76 96 34444 133
88 14 437438 104
5 84 19520 19
70 40 16631 935
99 79 2933 87
12 71 30665 64
74 91 64543 145
4 8 77096 237
19 72 73323 71
55 65 7392 42
49 78 25003 495
65 15 87154 96
25 49 51766 197
14 67 45517 194
37 50 56881 563
83 81 3550 288
24 17 4952 842
35 86 22748 133
78 56 61504 105
31 70 1783 77
16 74 3793 119
15 58 42061 317
24 68 3790 138
91 82 11855 898
4 19 6780 608
98 64 4243 75
23 1 4458 72
89 76 16845 162
56 34 48858 180
28 85 111701 177
88 25 87750 324
31 15 16091 523
61 74 99558 829
41 38 6203 375
9 64 10124 153
45 26 4168 652
92 50 32356 132
80 33 1910 257
39 17 21016 316
5 60 9622 101
35 24 34466 285
15 69 56365 104
41 37 3550 1086
17 97 27711 71
18 73 41444 362
34 45 23452 169
34 16 58292 83
20 58 22974 38
81 54 11856 326
25 98 1323 112
86 82 80880 64
32 43 5002 46
62 17 14148 445
62 99 36326 99
20 2 3543 28
32 1 3566 92
16 21 236452 61
47 96 96549 128
44 78 42518 387
52 8 2919 153
19 30 5102 122
36 66 24164 164
46 1 103461 513
94 74 11671 21
94 11 9817 92
35 82 100438 579
40 48 30806 37
10 50 34117 1402
98 61 49693 112
99 86 82825 667
89 49 20686 124
23 22 30546 40
90 67 3249 35
86 61 20272 179
61 94 16918 467
46 92 4710 219
55 8 96480 315
30 39 13103 176
12 15 152950 199
33 63 51574 94
89 7 30063 205
35 47 106361 116
80 70 2564 59
52 57 6951 309
36 4 27221 329
94 32 149052 290
97 52 38400 420
30 88 8682 80
59 41 12095 113
55 97 29060 138
99 23 2433 138
38 63 9284 189
69 79 14291 88
65 95 43860 910
35 66 55227 147
59 17 79427 188
17 62 8987 34
59 3 3718 14
41 26 15068 143
47 31 9095 89
27 74 5392 179
86 51 237571 65
38 37 23775 80
40 21 74477 116
78 74 115765 291
90 3 13645 140
41 49 15995 938
10 2 11527 72
11 27 19216 79
6 84 12065 137
15 11 51417 166
75 50 14173 262
14 82 18523 376
42 71 38082 74
77 75 103534 392
59 67 54872 62
24 87 5540 319
44 28 5730 151
75 99 20981 784
52 48 55079 174
86 30 45318 59
85 97 847 67
87 34 18949 695
52 98 3603 246
67 30 31121 144
93 6 30143 92
50 73 24461 90
62 30 8922 39
22 85 30701 165
10 33 75934 283
38 83 20529 63
61 54 17937 226
88 80 138870 29
3 20 11662 345
88 36 33818 425
92 2 34990 111
49 16 100679 21
70 47 50620 215
60 93 49510 281
92 9 25658 461
68 4 56359 123
59 35 35327 61
100 14 66898 688
29 65 31867 284
32 14 9152 94
89 97 53990 1523
88 35 5581 125
100 50 16081 482
72 8 22473 222
71 55 26672 125
41 92 30637 27
77 52 23598 264
27 40 28515 122
5 21 7334 18
29 8 9839 102
40 67 35013 65
64 33 7093 21
30 100 5994 51
33 8 4033 137
4 66 6583 36
96 25 44618 44
54 8 23014 297
64 52 15531 16
27 98 7888 418
82 14 49140 193
81 29 48500 197
20 55 10595 3560
60 16 4786 372
81 69 1252 59
88 99 88276 44
92 49 10684 254
57 30 8945 236
47 17 5807 461
20 30 20580 395
5 13 16712 131
7 19 26656 434
56 52 13119 71
40 29 5670 1348
100 19 7786 452
71 26 79117 162
40 31 13316 358
62 69 52558 84
74 16 10979 45
68 41 17979 288
23 58 107466 78
68 70 29454 573
57 27 37524 54
6 13 76981 128
41 51 143847 280
45 71 47871 40
83 73 31858 313
77 2 27560 355
88 28 76559 162
13 56 13527 229
54 29 42228 61
62 74 8767 65
58 38 7150 55
67 23 4829 374
4 51 8696 164
49 7 27183 128
98 50 47938 212
41 1 33948 159
28 27 20527 743
82 54 19531 65
20 39 23669 21
78 54 104529 65
22 76 1641 325
8 74 6246 76
26 495
60 590
80 45
74 177
50 579
8 349

35818418
