100 499 3 3
34 81 15759 236
34 27 2712 244
34 6 6014 157
34 99 10794 99
34 79 29543 302
34 29 44168 22
34 1 9737 177
34 96 18230 73
34 37 3958 190
34 88 15512 125
34 25 30335 328
34 42 69048 215
34 75 54615 114
34 95 17776 141
34 9 19401 252
34 24 49290 58
34 12 25503 164
34 5 52880 103
34 77 29566 25
34 60 13386 97
34 39 22304 455
34 87 6584 368
34 58 8753 289
34 53 27521 226
34 91 32081 82
34 63 24437 498
34 97 14759 118
34 32 19504 574
34 38 72606 39
34 15 13020 193
34 56 83923 55
34 93 239122 35
34 67 40934 245
34 64 11575 2324
34 70 50138 210
34 57 77787 104
34 46 136645 284
34 14 111146 73
34 16 11634 113
34 10 84123 109
34 61 95095 82
34 86 26618 112
34 94 5783 125
34 35 40446 69
34 19 22445 776
34 26 62547 389
34 22 32882 2086
34 80 2954 97
34 51 25640 175
34 18 30000 1158
34 83 4965 165
34 43 10300 262
34 20 40691 114
34 90 43365 166
34 59 7780 70
34 100 7613 345
34 11 29691 73
34 3 67031 272
34 50 19156 599
34 66 11988 47
34 73 23857 108
34 33 81501 2009
34 23 7244 116
34 49 21602 26
34 92 3555 632
34 84 19280 1673
34 28 14289 96
34 48 13730 873
34 21 35674 434
34 40 29974 70
34 8 21479 227
34 76 26790 48
34 71 15395 675
34 82 39781 84
34 72 11669 245
34 74 70821 910
34 45 10279 86
34 78 28849 320
34 47 69253 172
34 54 9074 81
34 62 26697 194
34 7 40814 137
34 17 7834 243
34 98 45002 142
34 68 39545 302
34 13 15462 99
34 55 15773 155
34 89 1651 80
34 36 14711 222
34 30 44918 215
34 41 3895 193
34 52 5558 313
34 65 6359 42
34 85 10576 158
34 31 3827 211
34 2 63238 113
34 69 77536 70
34 4 115968 128
34 44 71650 84
68 61 47509 363
6 13 19487 302
60 90 8977 328
95 82 6975 281
50 100 8524 335
28 4 36438 216
4 22 57427 178
41 4 16243 98
84 27 20490 268
100 98 20652 74
60 2 53440 139
68 83 10205 82
59 3 10823 226
4 87 6978 64
86 51 43319 62
96 12 9091 1048
72 60 20184 111
30 93 10087 168
24 59 103434 120
64 25 13882 185
59 91 25415 341
43 98 17210 230
54 74 14615 431
90 87 4316 61
54 24 182125 120
59 92 11987 54
87 65 12992 142
3 46 32304 278
48 70 23685 428
92 48 15618 68
96 10 11089 103
86 17 27833 50
62 82 52107 38
16 6 52945 66
76 43 34288 717
40 19 8349 265
65 53 8937 205
91 69 38910 1393
36 40 33777 554
39 59 8643 1723
45 66 144521 307
11 17 46506 223
5 89 7262 190
87 84 7063 1175
62 73 35736 19
83 80 30468 42
79 3 91072 164
54 48 71763 40
22 41 22591 108
45 60 15217 1272
64 58 2170 176
61 3 2981 61
4 7 8065 163
29 52 69564 93
84 3 45673 136
78 36 23145 224
7 40 65872 97
9 94 3587 167
87 45 19050 120
45 82 15984 418
9 99 131759 148
86 65 6021 162
93 69 19879 788
39 5 20150 264
80 27 9981 171
16 64 11241 133
45 59 52320 360
7 31 14173 106
68 25 2333 35
84 98 15660 112
43 84 17091 125
16 3 66390 121
29 68 21747 201
30 96 9509 64
15 27 11325 92
97 48 31045 65
75 95 3658 48
60 97 45904 759
72 85 10386 109
94 93 6758 156
24 65 17464 73
17 9 23885 329
1 23 15789 297
76 16 100984 45
71 68 111800 226
82 34 7616 301
89 50 21020 78
1 2 7686 183
79 16 17212 461
47 76 49257 304
84 62 64847 210
49 85 20138 249
24 85 16232 116
71 23 2202 185
82 21 42573 262
31 22 4888 503
99 1 25882 531
84 5 12335 62
30 57 8755 397
93 35 21648 39
21 69 2291 146
80 56 31629 106
15 55 10676 119
32 95 13632 80
21 37 169077 40
77 51 20090 167
78 7 7686 111
24 10 5450 172
33 96 14986 48
27 95 57860 66
22 76 39527 130
66 33 44549 490
25 23 66246 48
70 65 10909 515
75 87 7383 57
37 54 43259 668
30 3 23782 88
96 84 158742 243
47 56 162748 69
93 83 17630 208
60 14 74359 326
78 6 41926 72
75 81 13769 57
58 30 65087 150
9 73 210994 342
64 14 4840 59
65 3 21618 40
46 38 79961 94
73 52 74175 365
75 48 38266 35
22 80 45943 418
25 5 7263 47
9 57 55547 106
14 97 24635 2078
16 65 22574 343
87 52 10302 250
48 72 364121 27
26 71 4740 75
56 61 20483 27
41 28 10292 251
65 98 45758 105
13 36 23426 206
94 81 16726 117
36 3 3257 456
30 100 144185 39
83 46 31347 78
4 48 11019 471
24 9 30154 97
72 7 3843 52
93 75 18511 71
63 30 31317 226
91 11 5109 787
2 83 45914 48
16 25 18423 354
60 81 78590 70
67 38 17166 36
42 26 74843 14
41 21 40298 311
85 95 101937 68
90 74 1922 535
22 11 49906 563
100 29 10391 215
85 34 47383 346
78 9 130380 819
28 12 23284 86
6 26 5930 207
66 62 29281 78
62 71 8013 126
41 68 126065 50
32 59 76413 149
16 51 28271 98
6 74 13100 242
83 16 12975 96
72 20 17901 41
97 20 26536 502
14 95 71958 33
73 34 9364 20
64 23 8241 182
74 34 20940 211
96 2 3192 737
80 5 9939 175
89 93 19828 488
80 35 7351 233
22 98 27905 169
87 23 52148 430
6 16 34183 502
49 54 41447 396
47 20 3366 235
18 90 21608 129
81 96 76428 225
45 30 9981 399
11 3 117574 265
30 35 4905 30
57 74 95039 179
24 8 4037 340
89 71 1789 101
69 19 23038 80
9 85 13393 183
5 11 14128 360
33 5 45441 115
43 13 17641 72
96 37 10341 273
81 76 57279 9
37 10 54407 96
76 69 23192 205
33 3 7008 201
86 43 14722 643
84 32 25686 108
6 11 15889 182
71 31 41741 293
62 13 10822 253
2 27 11334 321
79 32 6979 389
68 98 23743 130
79 49 25625 140
27 73 50047 74
100 85 14894 47
99 2 14360 303
18 52 45015 150
21 46 14214 195
84 36 16799 54
1 39 53489 1380
7 15 17454 32
3 85 69638 829
97 13 213256 40
96 89 46597 131
75 50 16368 101
27 63 4257 217
85 83 23322 244
98 41 24078 171
16 98 208653 215
68 34 35618 193
25 93 59491 166
38 35 64573 260
53 1 15719 124
88 18 26191 428
32 67 3097 112
95 36 12286 67
35 96 22864 175
64 50 11688 66
40 56 42563 264
11 13 37514 153
83 78 18928 129
56 27 32051 30
95 8 35294 43
5 74 27509 37
78 59 8049 91
93 73 11589 134
76 60 43689 19
66 5 37107 170
22 2 6100 265
60 42 144566 27
20 76 14818 399
94 61 15003 62
16 42 56096 21
46 33 97325 78
96 77 7385 239
16 8 9484 110
12 36 5049 135
52 15 7154 197
68 29 19065 592
39 47 9638 390
30 36 75166 36
94 99 53121 36
62 2 14117 86
40 35 5237 138
94 63 1671 388
71 19 192075 159
59 72 12761 49
27 80 19153 507
95 89 33345 51
48 99 11100 26
91 73 2602 102
62 54 14073 130
48 4 9297 84
4 51 23851 37
71 83 53490 36
38 2 3823 150
35 56 29940 299
11 42 83447 138
30 92 280574 613
4 13 29051 181
93 8 4515 115
22 25 12328 101
64 55 12654 115
30 33 13228 116
93 34 5275 65
28 81 90136 127
92 13 89295 150
64 80 74632 201
37 80 7070 774
27 39 8381 122
23 38 13862 187
1 94 121707 26
96 1 3207 12
65 73 15337 176
7 94 25223 351
96 65 98427 150
5 59 9062 156
98 40 25787 456
19 83 27794 94
88 25 20595 305
21 99 15464 515
36 4 68288 675
81 94 17154 94
46 34 2924 239
26 4 57527 29
92 58 56051 96
77 24 2364 107
15 73 90708 71
37 85 11787 65
1 35 25119 36
14 81 37727 445
36 83 23686 163
48 79 14516 180
100 81 26744 92
44 12 10579 356
35 34 110316 135
19 85 7192 146
26 97 10248 128
20 64 174147 43
30 22 39558 163
55 24 24872 49
51 43 14942 40
73 38 6588 225
68 27 31168 315
91 30 8417 824
28 38 23603 118
66 7 14420 72
33 99 19138 913
63 67 124113 791
52 1 30909 331
96 52 32884 642
3 71 7776 469
18 75 10076 484
60 89 90744 501
48 90 9272 53
75 62 67206 80
82 11 40026 71
44 23 33343 776
32 81 224583 309
71 17 29880 145
36 12 35132 457
80 21 16414 78
71 65 15500 25
48 91 7748 119
32 27 7081 350
52 13 24079 23
27 72 22837 351
4 93 11499 298
74 71 12042 89
71 45 16770 284
53 57 11673 137
54 19 8699 227
37 2 16883 667
85 55 5312 224
43 63 23454 131
11 37 91774 86
87 24 12224 1040
59 67 9785 255
99 58 17241 159
77 5 45123 58
92 91 6997 597
33 22 1000000 53
84 88 348586 69
4 15 12522 218
89 72 42909 261
39 52 113450 146
22 67 3239 28
100 34 46563 108
71 40 24499 165
73 33 29176 95
99 56 25496 133
82 84 6209 52
88 46 15010 30
40 38 30813 185
14 67 8460 149
31 16 131533 212
7 22 5235 21
66 54 103646 63
30 38 43982 279
74 85 42188 42
71 10 25126 202
7 33 12504 122
26 10 3477 112
42 69 17553 169
23 74 233536 100
79 28 10796 99
81 13 39061 29
20 61 16157 97
58 13 23698 376
37 74 11587 52
65 56 32941 85
75 20 32588 493
11 77 16428 261
91 8 47686 446
60 54 30711 200
28 64 22269 127
16 37 14310 284
8 94 51656 43
34 297
30 55
96 230
13 221
3 70
85 71

6610546
