100 499 3 3
8 55 11145 271
8 41 27164 50
8 12 41091 535
8 30 32096 178
8 17 43253 223
8 4 11251 38
8 45 20442 151
8 80 23495 38
8 3 40486 38
8 58 9430 120
8 21 342105 181
8 56 12751 54
8 98 17294 20
8 5 3866 34
8 1 41258 62
8 18 20161 170
8 74 27514 654
8 38 22550 235
8 9 11106 43
8 84 221558 35
8 29 235593 196
8 44 77957 69
8 51 27157 316
8 31 25072 94
8 53 28347 233
8 81 4473 65
8 13 23133 117
8 99 55578 209
8 76 9571 547
8 60 19881 75
8 46 15089 176
8 100 77328 33
8 40 36913 56
8 92 19091 289
8 88 14444 29
8 68 23467 628
8 95 5214 84
8 86 12466 122
8 36 5975 69
8 26 1546 94
8 22 12059 248
8 34 27163 153
8 93 5445 60
8 70 14141 137
8 72 25449 23
8 78 25046 133
8 90 25078 268
8 11 7158 39
8 61 32782 67
8 89 60758 167
8 33 57900 25
8 62 93192 516
8 64 21182 44
8 49 12627 37
8 39 3597 71
8 67 14792 181
8 75 23295 260
8 25 128557 163
8 65 22167 42
8 87 22119 441
8 2 9708 155
8 96 40129 46
8 37 146522 376
8 57 51827 81
8 73 31686 125
8 69 15069 192
8 16 36664 130
8 97 54089 319
8 85 4018 34
8 47 39872 289
8 43 113920 181
8 14 18709 60
8 52 137035 444
8 77 27252 367
8 15 99784 98
8 28 8656 182
8 59 47524 44
8 82 103494 190
8 54 22008 222
8 63 5005 407
8 48 6834 116
8 27 75456 17
8 7 55687 304
8 10 18472 131
8 6 12519 63
8 94 17758 261
8 20 2735 394
8 24 26043 111
8 66 869 83
8 79 108841 38
8 23 48184 213
8 19 44055 167
8 83 15737 32
8 42 32776 86
8 50 45901 364
8 35 11460 22
8 91 11808 131
8 71 69486 14
8 32 39847 51
51 40 89740 322
7 49 36725 106
98 19 13611 182
89 94 26995 75
49 40 5782 67
72 77 36317 145
96 31 8975 90
87 46 12944 114
54 9 158967 103
1 24 12259 200
58 49 1436 64
5 9 6898 130
43 92 105543 48
14 74 50725 64
32 36 3808 166
1 60 97928 1037
44 59 29694 363
21 45 15596 299
64 30 17294 157
19 98 35570 535
72 52 11001 95
84 51 9840 205
15 30 34572 325
92 84 29476 235
12 71 5486 198
39 65 5877 377
45 52 50812 82
26 92 82692 39
100 26 3627 74
59 40 45804 193
51 99 71701 231
21 15 38400 153
28 3 8549 509
95 93 12388 42
29 11 19431 133
23 93 5856 18
25 47 41613 478
98 49 12293 87
7 68 12315 101
68 5 4533 167
88 29 17192 90
56 51 13024 945
62 64 41321 223
37 54 66818 91
19 41 70612 93
28 42 33768 159
74 26 64812 71
29 84 16477 312
76 84 33323 389
62 47 58506 59
89 46 6240 172
20 5 22122 103
93 31 9959 160
27 33 38224 128
4 96 209704 290
32 23 1375 341
22 29 23628 78
93 37 28601 147
84 29 20314 103
55 62 102816 112
72 27 17195 32
76 44 68653 33
20 69 11198 57
45 47 129693 165
7 63 20067 1072
53 69 23949 106
26 31 19794 293
31 29 15944 28
49 31 33865 115
82 78 11331 27
75 69 4013 193
73 79 16648 80
81 38 26960 116
47 69 62029 661
85 21 40244 17
73 66 6897 328
14 75 85282 527
93 95 23803 516
70 66 7822 2058
36 25 11780 45
21 60 5930 143
88 9 10629 236
95 90 11758 231
58 73 16832 537
57 68 80117 42
93 81 64126 225
34 78 11433 29
39 37 42379 249
65 26 19059 25
13 82 44297 117
93 44 65857 501
20 71 22345 55
22 41 11476 30
75 61 26290 84
83 23 56170 95
18 61 55591 219
12 99 51907 111
14 73 13613 630
51 59 12353 35
80 92 26020 135
96 98 124318 66
64 99 10727 164
28 78 6517 255
76 78 6328 258
52 59 30017 210
98 94 25230 131
56 40 50633 139
73 67 49017 308
7 86 42716 358
99 95 16919 60
100 94 21499 52
85 1 13961 53
3 76 3862 100
12 18 3413 404
35 2 14099 458
34 4 21151 134
53 28 2719 31
1 73 50818 70
86 47 29406 1187
64 88 15384 35
90 67 35671 700
4 16 4637 39
67 48 24855 214
65 24 64732 292
58 41 74104 74
93 22 10557 141
4 31 59919 196
16 12 5719 102
30 52 26746 219
30 84 10526 540
51 26 11457 847
94 100 12608 148
1 50 11308 69
52 47 16048 137
57 14 31898 188
66 47 219349 213
47 79 59655 167
58 42 24401 280
99 28 62444 173
35 90 20229 920
34 53 28935 363
31 46 13676 200
93 7 77484 92
99 68 90526 271
81 17 43607 46
81 59 57570 15
16 70 19939 188
43 37 26592 182
61 55 7673 85
33 49 95584 70
4 32 21385 464
82 90 10643 52
91 37 44923 709
71 57 60677 105
26 79 24260 148
58 65 19184 200
28 41 96568 87
68 82 20002 34
69 54 67711 441
37 62 30096 100
52 72 30210 170
27 79 22880 131
68 74 16029 50
50 54 101329 29
90 1 47760 342
11 48 25909 235
65 37 49043 89
21 24 64366 82
64 2 110513 221
73 84 17155 125
40 22 8161 67
63 18 18648 57
88 92 13081 56
57 58 49845 20
14 87 9515 557
61 18 16386 83
9 41 10210 93
55 93 31568 235
13 81 48435 95
50 24 26057 101
41 40 226031 186
29 30 1688 187
97 29 131641 131
35 86 15481 114
38 51 2617 589
7 46 43408 163
2 85 15192 89
54 45 73924 381
13 22 52008 228
12 33 38476 12
95 74 19981 32
74 15 6757 36
5 56 13253 256
85 79 26589 251
12 100 9538 85
25 31 6385 87
83 39 11844 188
96 35 20614 122
16 29 29053 263
94 95 15817 855
16 2 4572 40
23 74 79854 148
49 96 2915 792
9 8 5977 139
4 80 30233 98
71 69 21924 46
47 65 7141 391
59 46 17129 140
25 57 99880 146
70 54 22263 43
100 78 41955 130
72 83 26772 96
4 3 46973 9
39 60 131789 116
20 68 8108 62
69 27 9661 203
95 39 124649 119
82 97 17797 230
21 53 12730 66
66 77 17553 213
57 92 18486 155
54 60 8619 499
94 74 52204 86
30 15 25395 146
26 25 63408 160
83 11 10564 69
35 39 35539 26
27 54 27239 1036
5 63 31325 121
77 84 12986 67
1 17 5408 525
49 91 26629 190
98 82 18125 191
53 72 13990 66
97 80 32452 609
37 33 8814 118
52 18 60931 558
56 8 13177 86
49 50 45392 177
1 82 26984 134
13 46 88114 52
92 41 15045 93
30 83 27852 68
53 86 106922 289
16 76 18412 260
78 29 16822 606
92 71 21237 31
40 11 95934 166
25 7 10018 138
80 9 11343 1054
65 74 10206 416
16 90 6562 26
36 16 148982 244
68 13 5172 101
3 11 7238 31
13 73 26958 392
44 65 30958 219
63 60 7322 60
68 39 30490 1122
19 29 19384 141
55 83 5679 67
56 5 4657 197
75 20 7480 90
55 94 49677 30
92 85 28452 397
61 8 4394 1202
67 63 30520 103
63 96 22525 386
6 89 12025 156
11 51 9251 346
48 98 11575 65
58 6 12146 111
38 53 217864 26
38 81 14638 97
7 55 3364 698
21 44 366367 27
17 51 323817 439
53 27 55452 69
77 73 27839 113
15 70 10846 221
66 60 15413 79
72 58 45693 34
99 67 3620 18
32 60 22543 61
68 54 57394 135
87 84 5911 201
46 13 135782 35
70 89 7124 426
21 83 14473 445
97 14 150864 87
65 84 291336 121
27 13 22011 300
86 87 51398 117
46 37 12409 261
71 47 74475 74
67 42 38938 42
54 15 39083 440
51 47 11164 31
26 34 8471 74
60 38 11582 76
56 85 27468 150
27 80 98426 106
61 9 19849 146
37 11 2760 101
14 21 14657 137
91 24 22992 1160
39 11 38534 209
78 1 10438 89
95 45 3822 1640
32 63 8371 111
87 57 65623 218
69 68 57124 53
50 49 18879 456
44 79 35526 206
20 78 8553 423
42 32 10856 187
11 18 20786 347
16 48 8527 5
82 64 2073 158
79 96 11061 59
24 40 35207 58
12 66 8143 496
21 90 76071 48
46 53 2497 76
56 97 14566 57
11 22 26293 297
5 94 34915 113
68 23 10488 69
48 84 15144 445
71 34 26746 218
23 16 177216 55
44 86 15661 231
84 81 33167 166
1 11 4378 55
25 93 25274 102
91 98 15548 115
59 65 33131 681
80 5 29786 637
12 72 16167 110
68 45 29762 290
16 66 19538 47
14 48 40399 173
58 64 42362 228
22 11 11251 179
11 71 72779 95
33 48 37915 174
95 6 35728 79
16 97 44647 815
41 14 13002 261
94 44 34358 572
84 68 49927 192
54 28 9005 1373
59 21 7103 288
34 93 12354 171
74 24 45782 621
58 62 155534 224
12 7 19660 104
23 40 12671 196
64 18 67197 32
61 91 18331 61
4 85 34858 46
1 97 24740 31
79 41 24995 224
81 97 110699 82
20 83 5008 54
82 76 92622 810
99 88 1841 55
4 79 6294 61
69 2 28467 56
51 36 10873 38
91 16 2074 175
84 31 5576 332
29 61 41688 90
68 20 10150 120
89 34 33209 425
38 97 6346 35
77 88 4284 53
2 80 4671 107
81 11 29829 331
19 26 38870 54
93 15 49194 174
24 90 26258 312
51 61 33486 64
96 17 12136 152
32 78 18680 18
66 59 33134 295
96 26 46471 170
4 84 4388 180
47 77 55469 25
58 31 30557 311
32 68 1470 48
33 63 26122 320
5 1 13460 150
25 5 53845 103
52 20 7865 63
15 84 14420 45
85 69 5131 84
91 49 15660 193
32 48 13827 685
76 7 3461 285
8 198
68 261
58 99
84 142
11 20
47 29

3910351
