100 499 3 3
79 54 17609 53
79 58 6474 736
79 23 34746 575
79 40 1394 43
79 77 31042 63
79 61 2011 81
79 56 96104 88
79 72 49849 222
79 3 45728 70
79 6 2003 193
79 13 65443 353
79 70 7288 12
79 76 51692 384
79 32 49348 1288
79 82 14685 257
79 59 10564 321
79 21 9914 253
79 99 6390 239
79 50 23404 82
79 12 10219 71
79 73 13245 270
79 85 11681 178
79 19 43682 30
79 97 28074 244
79 14 20072 216
79 52 66068 178
79 49 28323 68
79 88 12475 219
79 29 53663 284
79 37 3257 677
79 28 17779 1158
79 51 24665 65
79 71 8343 81
79 65 16983 228
79 98 58838 78
79 26 30398 70
79 18 41680 508
79 31 26479 230
79 90 10406 73
79 34 120303 166
79 95 18516 36
79 100 11102 27
79 27 10343 486
79 60 36750 137
79 17 4476 1835
79 62 77707 108
79 48 17959 166
79 35 21614 200
79 9 16055 251
79 87 16444 104
79 45 14738 121
79 86 48777 57
79 25 39407 116
79 67 57510 258
79 89 30659 116
79 38 101683 180
79 16 28990 553
79 74 4067 239
79 53 20657 275
79 8 21261 269
79 63 17693 134
79 2 14359 209
79 92 12052 328
79 7 502441 58
79 10 9223 252
79 30 54902 53
79 15 15431 124
79 93 81787 183
79 43 31480 269
79 1 14879 116
79 75 2791 59
79 68 62176 462
79 47 22255 117
79 20 30098 273
79 41 23393 159
79 39 5185 162
79 55 32733 1654
79 57 28503 261
79 5 50816 720
79 94 1128 158
79 22 44672 79
79 80 7844 53
79 78 18213 186
79 33 3970 179
79 64 27534 94
79 91 5663 142
79 66 27154 73
79 46 22575 112
79 96 65482 477
79 24 33359 132
79 69 13252 130
79 84 68369 60
79 44 39734 306
79 83 27246 17
79 11 23461 1391
79 42 4090 30
79 81 12129 191
79 4 136764 69
79 36 21624 89
39 80 17238 604
60 12 21411 40
55 40 41832 203
6 58 9733 7
31 6 28347 386
46 77 105696 17
59 16 143262 427
48 65 60010 69
42 17 24437 324
91 95 8207 157
14 41 47407 89
44 75 7398 316
33 82 25868 553
75 19 4688 713
95 65 44160 531
57 23 21138 176
40 79 71163 245
100 38 20784 52
86 35 23803 26
36 12 8924 153
68 91 82147 102
85 98 49108 102
96 53 58799 444
66 60 16110 183
46 93 4241 605
21 41 21074 107
31 65 59087 210
93 20 6834 31
28 38 195476 1036
68 40 6493 202
7 68 18574 93
75 22 16719 225
27 54 5540 125
55 39 32370 114
65 73 8444 161
41 86 35769 84
40 52 30295 319
82 79 33658 86
2 97 56642 204
41 83 27539 992
55 91 25476 72
60 14 30075 34
38 15 3909 407
36 56 21051 750
52 95 38511 204
27 23 23452 188
56 95 15960 88
20 92 6976 114
49 36 41349 51
52 69 18862 498
69 37 14167 297
42 49 13578 169
19 93 6459 60
14 86 23349 211
87 62 36892 103
38 11 151629 159
22 60 13764 61
51 23 38765 59
99 24 22287 94
3 66 20234 129
70 99 8829 55
90 16 48492 160
17 25 16520 222
83 20 81860 171
8 88 20597 59
64 36 51398 114
7 5 38836 920
50 73 17408 581
23 54 17310 509
67 95 18783 225
61 4 36274 296
86 11 2025 425
3 86 4669 42
13 34 64001 381
59 89 42733 20
12 77 12249 449
80 48 3775 121
83 97 40051 257
33 48 3081 34
76 67 6879 141
63 98 31919 64
67 42 14863 183
27 62 34637 387
39 10 59285 76
73 85 1156 648
78 66 9860 289
85 72 86878 25
16 56 2638 556
23 2 61030 40
61 89 16010 207
74 96 21740 74
28 30 3600 120
33 22 11214 561
29 84 39924 85
33 25 254617 31
30 58 51912 58
45 81 22619 79
88 41 20418 82
74 22 12442 56
53 75 5518 35
63 22 22041 340
33 67 51411 140
52 88 27477 194
6 11 47861 31
19 86 46727 496
66 23 9443 44
14 59 180595 1102
77 73 11941 247
86 77 9441 74
74 39 26596 162
70 98 49513 67
22 82 19307 120
13 57 18487 52
91 46 60403 1184
5 26 10563 35
73 75 24756 511
99 54 10445 21
19 32 69253 124
14 90 6276 88
98 22 3979 150
47 50 150514 41
52 85 32244 254
47 15 13473 427
44 18 18775 189
71 21 35590 133
23 67 97812 301
22 100 2683 10
92 99 3652 103
44 90 24929 16
8 45 86378 244
53 14 19845 116
59 64 11938 746
25 57 20437 320
31 51 24034 82
28 11 8551 544
72 15 6652 212
50 65 12163 255
47 78 40184 187
92 81 17189 23
45 86 11458 104
58 89 11494 33
72 86 15641 93
56 78 17427 49
18 57 10363 522
97 39 84373 81
85 63 47211 133
54 68 57624 108
10 51 21341 11
59 23 55496 626
29 37 33490 188
9 42 4737 29
24 13 5561 286
4 30 23977 94
63 33 15777 98
53 39 64561 152
89 15 76638 153
98 49 129753 834
91 53 11267 79
88 98 26318 302
23 49 44419 293
60 78 4142 240
76 83 32931 203
64 52 4380 462
64 89 49213 790
13 4 27230 203
32 24 37996 106
26 20 14829 91
7 28 15057 58
97 99 23293 248
22 68 60465 203
100 10 45999 53
76 37 102463 257
66 35 3857 75
67 55 35293 96
32 17 10751 62
95 83 87595 275
40 23 21953 208
91 99 6365 52
1 99 12704 125
62 28 15597 81
69 9 7563 97
89 97 18062 172
10 90 13718 77
13 77 5913 24
67 82 44509 569
5 34 11077 411
84 100 5472 178
95 90 25152 173
15 22 4905 269
16 85 45381 67
22 78 18760 123
26 18 19672 691
70 8 37660 105
75 91 20743 297
40 2 12117 354
30 99 19387 156
96 1 19110 119
27 22 15336 769
24 58 9754 278
56 30 43165 491
20 11 19945 640
26 50 11884 154
60 27 43089 39
6 24 37221 95
93 91 117981 298
53 95 21144 82
51 41 38836 320
72 74 12290 102
43 29 44243 27
70 45 29537 18
73 18 142586 310
72 51 27615 48
62 76 155668 119
61 10 82739 133
90 5 45801 236
62 12 8218 28
78 58 6027 439
42 94 13273 151
54 64 36745 232
10 5 45391 51
16 20 74669 287
39 62 27051 183
43 13 14029 242
57 9 31239 268
78 70 2150 95
61 79 47512 256
85 2 154694 168
13 49 32182 41
31 32 1168 242
40 15 9269 85
89 48 15067 572
64 84 36611 224
44 17 18149 976
89 95 14860 260
97 88 144074 96
69 76 73777 37
84 94 20336 117
28 64 62250 90
89 83 5149 41
83 49 8100 428
14 48 32968 178
31 13 13537 104
11 62 53692 55
24 88 21340 561
15 1 95782 160
68 55 6889 221
2 57 25133 438
36 84 9761 247
19 15 44979 316
8 74 74083 387
22 5 27232 33
20 56 2316 1355
46 8 9008 186
80 1 8040 150
21 25 16430 83
54 70 85439 501
61 12 30336 117
1 40 30221 376
98 88 21294 53
98 46 30164 97
47 5 39661 1276
18 28 1738 826
93 10 31757 450
14 4 30102 112
89 60 34264 199
46 1 27869 95
55 18 62414 123
27 52 33187 32
5 36 10830 188
78 1 17772 299
36 10 9790 1185
75 23 30423 142
63 56 6644 381
94 71 31627 292
69 50 125773 280
12 66 53940 504
78 55 48416 264
30 7 29907 10
89 77 12490 164
69 63 24789 110
97 8 6521 104
29 48 92044 91
86 50 23799 416
50 5 72824 247
85 4 31458 83
54 71 105029 176
33 73 25002 69
99 58 15927 82
11 53 2560 92
11 32 71252 26
24 41 62626 224
60 65 13254 101
98 21 198845 282
96 90 13460 460
34 1 4580 105
37 9 77409 78
17 76 72844 41
35 50 13843 251
78 22 5444 254
98 10 16596 3133
81 94 3008 367
66 41 6870 86
50 34 5695 100
27 76 9878 576
90 56 28441 244
28 97 17176 63
67 38 25584 59
92 47 22820 107
46 36 71165 29
82 15 16646 145
75 85 35375 283
80 83 33632 58
61 95 52554 215
84 96 38216 132
9 89 51884 94
18 50 55429 883
45 85 39878 201
32 57 10833 307
56 42 29912 61
87 86 6881 251
96 12 8091 87
93 71 35131 48
53 18 44485 467
55 65 1898 479
9 11 82417 30
57 91 21260 138
88 28 21330 189
100 97 10599 26
74 43 1624 54
41 90 444900 804
21 27 34559 461
35 80 20008 119
100 23 6738 583
95 91 24637 110
95 92 37268 398
18 20 2653 14
37 16 26953 134
33 14 13044 24
68 95 27665 23
53 11 15946 685
81 38 24851 111
94 15 8118 232
25 56 55762 15
19 54 50119 227
21 76 21694 117
16 7 16827 546
51 47 135528 81
96 52 44255 480
75 51 4123 69
24 92 11758 110
55 100 136315 144
7 17 8305 145
8 21 13430 187
58 28 5469 391
82 39 15497 26
50 56 37360 148
37 66 14690 93
67 13 82745 56
99 64 48051 277
59 56 7250 1094
18 86 11388 231
7 25 18523 339
3 25 24962 57
88 72 79456 227
63 8 4752 194
94 79 11090 43
4 86 3594 89
76 89 10679 31
24 94 17792 122
11 36 16853 19
4 44 9917 244
34 95 3662 119
88 82 32802 366
7 38 32257 701
97 52 6187 172
57 38 42600 67
12 46 35552 429
85 87 13894 342
56 38 16493 140
8 11 45504 860
32 3 61364 343
11 66 35511 70
31 97 15538 71
47 74 4896 338
64 40 22208 126
87 81 15591 315
81 99 14444 83
98 37 3778 96
68 96 34335 240
33 30 14817 127
91 63 32281 86
60 24 5013 96
82 74 13700 152
4 9 175192 192
27 39 108504 110
94 85 41716 12
80 28 23062 36
38 70 18507 94
9 14 29473 284
3 23 18597 43
79 792
33 32
98 42
95 60
86 312
23 98

11470429
