100 499 3 3
73 40 66100 282
73 53 118722 104
73 8 4191 1540
73 5 10329 38
73 87 34553 28
73 68 18985 380
73 88 15258 30
73 84 4229 568
73 94 102633 140
73 24 12655 133
73 12 11991 256
73 26 72708 227
73 60 7225 1523
73 35 87527 58
73 34 10518 108
73 48 34803 57
73 83 39370 15
73 77 22818 137
73 29 17818 197
73 17 23565 288
73 49 7357 539
73 32 14225 72
73 50 42667 40
73 52 2316 97
73 41 68398 19
73 92 23475 57
73 15 15273 352
73 59 1453 62
73 91 47537 116
73 21 41895 270
73 58 10606 166
73 82 41508 85
73 25 22291 430
73 39 3224 12
73 93 60348 637
73 3 181798 261
73 85 160872 77
73 43 45356 87
73 98 15605 142
73 9 7242 454
73 64 39696 35
73 89 52008 178
73 100 93739 73
73 62 155794 1132
73 13 34607 213
73 56 38877 776
73 1 59864 162
73 67 21650 24
73 23 5442 582
73 37 5904 36
73 71 7601 121
73 2 18084 121
73 7 9822 1094
73 45 109509 73
73 90 14421 87
73 74 14814 736
73 10 7786 128
73 47 22221 142
73 57 15602 188
73 79 18938 28
73 27 68132 56
73 6 64206 233
73 63 8582 100
73 66 10705 515
73 75 44983 934
73 38 16680 257
73 51 35313 108
73 97 22560 84
73 14 9870 215
73 11 59986 30
73 72 22389 177
73 65 6353 102
73 31 38387 28
73 4 17299 73
73 19 9629 144
73 78 52273 13
73 36 41541 191
73 16 10857 181
73 22 27806 38
73 33 35596 127
73 20 41045 142
73 76 8262 589
73 30 11771 49
73 69 41183 124
73 99 25750 271
73 18 30284 403
73 28 6164 131
73 42 50718 12
73 55 45687 36
73 70 28600 517
73 96 24191 164
73 81 6305 145
73 54 11532 64
73 80 14082 231
73 95 15036 332
73 46 16886 236
73 44 14551 82
73 86 73921 76
73 61 81832 233
30 44 73731 101
56 9 54859 80
43 32 8637 474
42 5 21938 1056
29 60 28603 780
100 99 2835 117
40 37 8831 203
43 86 40853 82
84 59 9181 154
3 32 83163 219
70 92 3929 278
24 43 12773 235
85 86 18042 376
49 86 13371 70
9 43 5176 384
51 27 31430 160
26 22 21967 83
72 93 18018 322
66 29 23771 115
51 44 8872 62
36 85 17039 56
77 46 26999 608
14 34 20657 91
11 4 5514 37
91 60 25409 142
47 16 49286 256
26 96 29783 105
8 72 12323 251
31 10 11196 44
7 64 13817 510
76 5 3571 157
47 23 32215 68
27 45 5796 706
16 96 34255 56
13 96 28339 121
76 79 5725 63
100 67 19096 341
48 63 6415 121
78 30 7585 292
19 3 27772 564
35 65 29036 119
71 90 3573 1061
8 68 12954 49
60 62 21732 349
45 25 10666 172
30 83 19646 166
30 33 18690 160
54 62 103282 52
45 4 8574 212
11 92 3187 61
22 46 25200 384
86 46 4786 169
62 79 35437 351
80 36 75876 157
16 18 21743 120
79 63 11585 112
19 92 6033 65
13 10 20759 48
47 80 7439 85
55 54 26491 731
78 10 10214 91
37 3 27788 156
11 65 45196 212
9 51 6719 122
82 99 33670 563
49 11 42862 89
18 68 112027 182
21 40 26005 561
53 27 9683 62
96 71 28897 135
99 9 7063 51
6 67 35108 346
95 5 19435 434
68 21 13800 186
27 85 70970 1944
56 52 5263 36
34 48 58404 378
52 19 86166 38
39 37 19937 350
49 13 3335 384
34 15 8567 64
23 69 6682 44
2 18 6073 44
58 68 39741 334
45 35 16412 75
14 8 8932 37
89 74 22517 70
79 57 55170 95
65 97 20046 95
16 92 43506 179
43 99 52766 83
6 9 6205 163
29 32 3529 108
44 27 99847 134
7 57 11763 385
19 5 41639 261
20 62 26448 239
36 80 65174 116
31 30 53527 220
7 11 21269 162
58 24 14425 325
13 53 8099 47
34 31 18075 50
42 53 12928 716
72 25 10398 43
28 86 40987 39
55 29 21614 151
24 26 10802 390
23 95 32521 252
44 16 50563 3200
70 15 52292 54
54 34 37160 138
59 49 5950 215
63 10 10568 121
89 58 11934 29
96 8 27301 85
99 44 44355 45
93 61 99923 186
4 31 75234 80
31 19 19673 276
45 27 325761 270
56 95 2333 157
88 26 15269 425
17 14 9390 125
17 69 91990 103
81 25 41797 91
14 41 15554 115
91 78 19693 24
7 48 10815 86
17 79 8420 2468
11 88 21391 44
11 75 7756 276
27 17 97509 328
12 35 20972 658
89 66 26230 33
32 90 18817 567
64 94 29238 118
50 29 24347 138
82 59 69890 391
75 96 16414 117
42 80 9313 305
82 27 8661 61
71 100 7206 31
30 89 5303 35
81 79 20039 115
57 64 32251 175
40 14 9008 40
42 93 8558 779
76 80 64518 61
75 29 46205 441
95 92 27113 33
61 11 9459 527
29 57 59627 132
36 48 57553 42
68 19 16421 449
51 67 19246 212
81 51 54673 39
8 46 49528 119
19 58 5910 219
95 18 25628 167
22 61 12550 663
76 63 22227 254
22 33 6180 34
63 20 28103 274
42 49 140514 96
61 15 139921 44
68 15 29585 49
11 25 26152 23
81 80 22871 314
40 81 21714 70
42 28 49244 35
16 95 42002 204
40 49 36246 453
19 18 12880 288
41 38 51110 213
16 34 55619 115
91 88 56197 57
62 80 21636 44
28 66 73589 290
47 32 58975 69
17 64 7512 2047
93 86 22593 522
72 61 31050 73
15 61 33602 32
10 79 17698 54
28 83 12534 480
91 36 43166 99
86 14 4808 59
88 14 28562 106
30 99 77398 29
15 75 92959 25
92 58 17638 65
17 6 9961 244
25 84 30711 124
18 94 10409 324
84 48 64449 45
79 18 22445 13
57 41 12565 321
19 85 43512 137
19 65 3718 253
76 36 61508 260
8 7 18396 181
65 29 16582 33
10 71 26652 167
62 32 129587 431
87 81 21073 24
27 81 18700 12
41 54 21631 41
60 84 11740 307
26 8 9596 1017
67 71 27083 92
75 20 20629 187
28 8 26035 66
34 78 11441 69
87 11 13073 40
13 97 27704 66
20 19 75934 79
31 59 18369 41
59 80 34564 87
45 29 7427 111
38 7 26063 978
61 55 14189 1011
76 90 10446 209
9 77 24190 146
57 97 61994 320
93 32 8612 186
72 44 15717 181
53 6 19348 374
20 85 6864 508
14 56 38945 117
48 82 42326 208
56 92 55578 105
72 83 93210 43
82 79 12527 514
41 96 21941 276
100 60 17413 160
51 4 44988 51
75 92 102949 206
54 78 25392 134
82 51 18019 39
96 89 58204 291
77 50 18241 38
55 92 12047 288
40 25 41586 298
15 1 20927 344
20 92 31316 197
39 31 245276 647
64 77 11008 96
70 71 63553 81
33 19 16517 42
97 16 15507 458
62 34 3944 341
8 91 161192 101
77 35 44097 73
60 12 57716 107
35 38 9346 96
47 59 43010 227
52 1 12462 259
84 57 88224 434
97 71 36412 23
31 14 15420 584
44 83 121430 34
11 7 17416 30
18 79 25258 183
41 90 15682 706
10 90 9246 580
5 57 27150 100
42 87 211896 70
2 38 21223 24
94 64 31743 114
81 2 44718 277
28 16 24769 277
83 48 16230 250
93 44 9925 144
32 100 17660 110
37 85 4510 136
32 77 20102 55
2 17 33211 67
29 15 122577 46
48 46 65152 558
98 39 15270 42
69 36 25878 544
7 40 47050 37
13 51 26887 82
76 75 53353 56
40 3 40990 184
78 28 177328 1000
87 74 37606 111
93 49 261186 44
14 47 2663 140
2 4 141437 367
88 48 106331 226
57 78 17293 298
85 51 32675 146
4 51 19002 93
36 52 13676 383
61 68 26410 26
29 5 64340 132
39 78 7387 196
61 13 15211 49
48 65 22878 147
32 65 5560 62
44 28 17544 646
13 91 24798 107
29 84 4770 2608
90 11 34592 783
62 72 61997 351
50 25 25897 370
72 88 7659 1438
80 13 71621 72
25 51 26728 268
10 43 17621 59
51 10 10655 536
27 74 5333 28
49 50 26806 105
10 36 21325 25
35 30 6905 25
72 33 12473 306
28 77 8016 1161
15 99 8693 69
70 24 200451 108
64 95 16100 109
65 32 34346 56
87 100 91074 1128
37 34 52507 92
19 37 2915 822
68 31 28241 71
20 17 13304 1105
82 52 27805 45
86 93 138963 182
63 4 9152 71
21 30 18400 40
83 69 17405 260
67 39 29097 39
52 56 14837 169
21 89 117745 413
66 3 15446 300
10 85 13619 448
66 58 31323 64
90 81 72529 59
78 91 31540 243
36 54 21636 481
18 60 24828 123
64 62 14517 126
15 67 54498 88
17 52 14405 17
45 96 79882 207
4 8 22852 162
11 45 13041 476
54 72 81256 44
72 35 12952 150
4 23 149547 157
5 75 45508 177
93 55 8792 345
93 34 4668 752
11 3 89818 46
53 92 22512 461
10 93 21337 36
67 21 15697 28
68 13 80072 245
82 25 112754 305
24 99 13305 240
22 20 4577 155
45 84 23154 110
5 93 30162 305
86 39 3730 19
15 68 8123 485
75 100 23052 189
26 45 72279 32
33 62 9104 220
46 61 17902 355
29 17 48890 71
37 24 13133 225
65 70 47884 57
46 54 3237 184
46 18 10632 26
96 2 10777 372
31 12 18902 210
86 5 16753 38
98 84 37979 94
16 13 28724 228
42 72 109426 109
88 47 11654 51
26 95 22099 26
83 97 108376 49
72 52 38555 31
91 2 37670 242
40 6 58046 49
83 30 11346 95
65 36 17469 77
33 18 23730 58
54 66 74460 222
62 1 27525 1788
64 75 18868 59
97 93 20154 97
58 95 7156 342
23 18 5057 541
70 16 12189 200
22 3 214477 144
3 85 42765 107
73 2079
72 45
11 117
92 217
18 133
85 964

40013426
