100 499 3 3
29 33 2852 226
29 1 51918 35
29 46 14996 401
29 2 11397 137
29 45 40872 93
29 81 9651 353
29 58 35499 137
29 44 72058 146
29 82 24429 116
29 6 12833 35
29 93 262817 53
29 31 31496 166
29 48 26586 145
29 85 14839 45
29 8 143240 347
29 10 25155 183
29 15 31754 33
29 98 16373 308
29 79 143004 59
29 69 20889 145
29 53 11785 35
29 60 14529 46
29 90 40845 447
29 52 6355 63
29 28 221683 370
29 80 7581 5
29 55 15699 97
29 3 164073 40
29 94 10732 219
29 40 23147 1582
29 87 32549 74
29 14 12487 185
29 73 16403 120
29 21 38809 400
29 17 10544 97
29 7 322051 498
29 89 32750 394
29 88 22234 50
29 78 31028 33
29 20 10877 26
29 49 7354 162
29 37 74703 90
29 25 57409 180
29 76 9617 5
29 5 56276 159
29 11 12719 909
29 41 7027 492
29 51 15812 59
29 16 2008 56
29 9 33636 610
29 64 58247 199
29 32 11482 143
29 59 17086 161
29 95 14850 69
29 43 62762 127
29 23 47952 73
29 34 7447 116
29 100 5759 121
29 66 119756 108
29 24 25629 395
29 71 69698 50
29 50 9965 329
29 19 16910 132
29 22 41738 128
29 54 19969 49
29 97 40883 67
29 38 50330 354
29 84 6549 274
29 65 7160 103
29 99 28088 184
29 86 24183 77
29 47 12000 507
29 77 47879 123
29 62 32576 51
29 18 21584 149
29 30 42298 371
29 56 5419 133
29 91 12761 241
29 63 19167 62
29 75 11396 162
29 4 15101 34
29 67 34569 174
29 70 30268 71
29 13 9292 128
29 35 321742 69
29 27 4324 126
29 68 85723 60
29 36 6985 408
29 72 17139 41
29 96 60759 88
29 57 41091 283
29 61 80672 1217
29 26 200958 220
29 39 12738 109
29 42 31428 68
29 12 30438 84
29 83 10074 113
29 74 7401 234
29 92 9086 1223
10 60 20656 42
54 29 10029 350
55 60 4331 67
21 37 1044 22
100 68 61307 257
7 59 82970 127
91 66 31995 303
5 40 18106 272
73 18 21787 54
46 96 37055 433
24 95 11660 147
13 30 8083 220
22 36 40549 1252
33 43 86300 92
63 14 23802 177
61 4 50056 57
58 70 2485 65
1 24 6024 807
14 5 52183 42
59 12 56584 168
95 17 46802 452
54 27 39473 2289
71 20 84290 723
63 44 15488 138
83 89 11615 444
75 54 20339 103
70 38 62133 13
28 1 37077 476
44 14 21816 384
22 46 48394 77
15 71 7354 81
35 47 11304 801
35 28 64021 361
76 83 11841 175
23 96 9819 87
52 1 93896 48
3 57 62312 254
12 82 35506 239
41 1 30341 47
10 78 67612 104
60 77 43988 34
81 47 23988 103
4 78 27574 64
24 91 12145 137
28 32 29014 32
41 32 78892 246
1 77 18128 204
97 2 6410 48
71 33 11085 198
12 73 21847 131
28 55 10316 117
2 70 26136 75
39 67 5485 24
32 64 25727 190
18 10 27442 49
1 44 105980 21
9 61 22090 141
30 25 1238 581
25 44 27456 21
91 70 4857 135
16 50 24075 77
100 55 9788 31
34 97 3094 130
97 13 40027 67
20 56 16294 1198
57 82 8695 183
47 36 86673 44
33 2 17165 47
49 96 5723 304
65 25 19764 303
44 69 10110 87
95 72 43137 458
26 43 31918 607
45 26 71455 141
54 42 85675 203
8 34 21854 513
4 26 24692 121
77 76 6306 248
77 46 47819 146
99 68 27341 260
87 74 32653 948
75 99 110950 333
82 7 1100 191
28 20 26873 781
39 4 16968 83
39 12 28253 53
62 49 34237 179
3 91 28137 540
23 89 9743 145
57 34 8544 60
31 26 5328 79
86 56 3586 158
100 51 12714 82
10 30 19107 37
84 49 10999 69
11 94 29185 266
74 62 5100 36
65 26 25945 40
12 52 19992 444
85 41 65389 425
90 32 20697 19
36 56 47213 127
9 56 6410 897
63 11 46872 53
5 17 21137 67
15 83 2795 137
86 53 5937 123
67 8 7021 181
41 52 13980 107
83 10 13104 120
1 54 9802 162
75 8 41742 31
12 38 12807 148
99 5 27448 181
83 51 16802 306
36 45 4314 158
56 51 13876 112
83 34 77304 357
95 80 2119 287
57 31 10809 208
14 36 33935 45
11 99 11397 82
34 17 28161 552
53 84 6197 48
67 23 30320 606
72 49 19343 405
82 70 128419 38
6 73 22343 134
97 95 63453 181
43 29 40962 108
97 6 5914 242
85 10 12811 146
64 83 51206 1381
81 67 153794 292
23 4 212161 105
97 26 84844 48
19 44 40834 158
25 85 27439 87
36 73 37849 97
70 17 4043 875
85 26 223154 189
41 35 11008 583
79 45 22122 116
43 25 37054 990
33 38 25577 102
67 16 6745 70
9 57 7620 89
5 61 170015 9
27 22 21654 304
56 96 12573 48
6 100 58230 69
98 16 42830 64
61 29 11764 261
69 5 11818 74
25 48 12683 100
62 81 3660 200
54 84 32495 79
99 2 15166 382
91 1 17526 157
89 54 30933 91
13 47 4319 359
17 40 22455 14
60 47 41963 28
13 21 34036 99
13 51 18724 82
90 73 170901 346
70 47 25371 169
90 87 12221 23
72 74 25062 155
19 28 15433 223
83 24 25284 323
74 35 21371 162
88 69 31487 345
44 59 14369 60
32 24 15404 720
49 48 5742 144
20 78 52417 119
30 6 110015 291
50 52 59399 172
14 70 3588 56
13 22 11976 47
68 89 67412 44
47 64 47707 52
83 41 3665 671
92 50 10773 607
100 85 31783 82
93 96 19520 530
1 38 34277 142
28 67 62765 1516
4 37 64257 464
100 20 56919 86
33 89 20590 54
66 68 2746 57
86 73 11125 172
55 93 19487 183
83 65 11082 147
16 78 39571 113
21 11 29149 181
90 78 17101 467
52 16 7860 230
75 12 38732 270
44 8 40688 579
4 60 11328 110
52 89 10157 74
25 88 38901 148
53 48 19207 69
76 36 107303 100
51 15 74751 178
97 24 1581 406
67 6 9444 61
81 86 23814 42
73 72 14791 105
80 30 28947 31
76 84 74782 499
52 44 76937 274
26 61 8377 23
89 58 30042 64
23 73 8717 110
69 10 421553 136
30 58 33521 251
62 99 7580 67
62 82 56715 54
6 26 31005 83
62 37 24821 106
14 95 23988 242
52 54 21449 428
52 57 33854 26
53 82 39255 94
82 34 27278 54
48 42 23273 127
5 15 65655 20
27 44 16624 208
38 13 9304 205
67 41 13927 924
79 68 110021 145
62 14 16448 485
69 64 4177 365
23 51 30757 82
88 14 63561 302
98 70 42084 79
61 16 34242 153
95 86 35769 1098
10 45 32869 232
83 75 11633 116
43 71 77487 251
21 4 3970 91
79 6 9744 88
50 63 56005 389
42 9 11468 39
12 42 267699 101
78 28 27000 617
98 3 11283 404
35 4 34153 164
91 89 7658 92
40 92 49698 112
14 41 9639 21
11 46 8622 169
53 44 28680 62
15 94 5668 189
37 46 33042 194
53 18 3833 196
65 10 24364 80
25 7 38451 435
30 57 13364 45
92 45 10419 252
17 95 13169 238
64 73 17006 43
33 28 4339 64
86 44 16380 228
54 52 64798 146
18 93 16023 139
17 97 143359 139
6 47 36935 313
51 91 939 170
45 27 2906 43
22 88 15598 476
8 95 127982 31
54 62 9285 115
19 2 5969 98
82 60 73468 154
42 40 6443 48
40 73 8473 310
51 6 48687 62
59 46 10056 68
82 83 59645 90
66 15 3799 89
41 64 27785 125
46 75 62656 158
30 63 23344 36
91 6 28315 82
64 51 49472 262
46 86 42815 298
79 63 7948 194
98 97 18354 245
95 29 29400 121
85 11 4813 267
82 73 5403 293
47 93 37389 22
36 37 36273 71
84 92 11096 92
2 46 7623 97
50 32 67289 177
67 17 32951 13
5 76 5816 180
77 8 78211 410
35 68 27442 129
59 53 14512 143
64 82 48466 207
38 47 19567 24
100 74 29338 48
41 84 27626 303
24 20 12033 49
3 55 134605 57
25 74 66486 288
38 35 110632 165
12 94 12294 477
76 31 80234 148
99 91 17532 1464
2 36 13543 108
47 33 687775 137
83 98 27309 100
25 93 95142 35
50 83 19998 46
44 62 13141 294
26 8 19796 45
69 23 16613 511
96 81 14124 400
15 9 15181 327
11 30 15025 301
50 68 17793 173
37 51 12707 766
96 79 63153 136
99 90 17820 580
31 37 50778 244
22 62 24094 359
31 51 13136 80
24 92 118220 255
34 38 38387 5
45 66 7937 140
78 68 12053 1267
91 61 13473 255
74 79 24155 85
45 46 7845 72
83 54 42853 290
99 27 158364 240
18 94 59852 72
21 3 12568 23
48 62 6986 80
38 1 23076 34
54 69 63019 50
37 60 57548 43
11 39 9916 58
85 99 8285 1304
80 84 51369 79
49 92 25247 126
44 47 32045 38
48 2 115366 263
100 52 43027 316
82 38 4409 277
48 66 17959 82
77 19 142604 486
45 62 9574 349
8 39 7425 128
52 92 51726 46
89 40 46364 18
3 82 33204 47
47 23 40447 474
37 97 7157 95
14 54 17356 65
72 35 66537 249
89 86 16468 234
1 83 7412 424
98 8 50977 65
84 18 178172 312
5 9 12704 205
96 46 73019 67
89 29 43900 39
99 79 9523 391
91 73 14290 57
15 55 13789 452
60 33 21392 175
32 97 5949 658
49 9 58878 110
65 3 2786 182
54 5 4983 91
88 20 32433 167
34 54 11361 36
37 32 32137 261
73 70 9198 289
28 77 81064 130
11 26 3389 26
87 68 8203 52
16 38 8296 130
68 16 2487 276
46 62 54075 175
16 32 9000 1204
12 31 91716 379
55 96 12049 76
64 70 4590 109
13 18 28004 111
29 2178
83 20
54 64
73 1578
70 233
68 436

98345608
