100 499 3 3
51 60 18660 42
51 30 137232 65
51 88 40998 120
51 74 19187 385
51 7 40794 80
51 3 15681 365
51 33 55627 27
51 75 38142 202
51 72 8516 145
51 1 17851 51
51 17 7735 211
51 98 45502 43
51 24 54814 184
51 9 30254 28
51 11 49533 204
51 92 5579 205
51 48 14469 93
51 95 32226 58
51 16 67673 212
51 49 62126 358
51 22 55766 42
51 67 20734 62
51 54 69077 40
51 41 17841 175
51 23 26526 604
51 29 1909 123
51 69 26840 23
51 61 12544 49
51 5 84666 65
51 78 16262 70
51 47 53750 26
51 55 874 271
51 19 38392 39
51 87 9903 143
51 59 8000 46
51 35 12468 46
51 93 45805 307
51 12 23254 572
51 6 43808 84
51 40 33769 263
51 25 7831 137
51 81 4430 71
51 46 6366 118
51 39 73724 845
51 80 25050 91
51 68 16196 224
51 86 26556 125
51 38 23751 49
51 15 24877 56
51 42 4965 446
51 100 73596 1646
51 90 6321 133
51 8 70120 66
51 50 6710 638
51 45 15531 192
51 18 30023 163
51 32 25970 251
51 97 32942 493
51 37 18735 135
51 27 22738 74
51 63 9075 321
51 14 109677 54
51 31 12314 38
51 43 9699 98
51 82 4195 452
51 94 33326 403
51 76 11371 182
51 71 17892 44
51 28 39623 299
51 84 16332 95
51 26 6693 116
51 36 8289 935
51 21 96353 297
51 58 82680 221
51 77 12562 306
51 96 6224 61
51 79 6182 115
51 70 36307 249
51 66 9667 27
51 64 36576 105
51 57 8412 292
51 53 35242 212
51 20 29927 63
51 52 25366 359
51 2 3038 545
51 13 40329 164
51 89 17710 148
51 85 20700 138
51 56 6136 186
51 73 24674 66
51 99 38755 243
51 44 10001 159
51 62 23662 228
51 65 30440 127
51 91 91657 243
51 10 2330 167
51 83 25575 85
51 4 21578 56
51 34 56276 79
84 14 32184 263
25 23 5671 218
90 24 20443 85
6 11 47333 365
11 25 28341 75
6 12 11978 1197
25 97 23075 144
22 82 22716 623
60 64 6029 326
63 35 87332 98
28 5 19935 58
90 56 2289 443
54 37 40310 13
71 46 69099 93
80 30 19579 123
16 53 7687 232
18 78 25322 58
43 65 25769 366
34 87 10812 891
99 42 3955 329
90 54 12853 251
13 74 36787 34
94 30 10701 421
96 99 112700 25
10 30 5574 1974
33 61 5333 42
35 46 31169 52
38 36 112583 88
54 92 38000 1177
8 43 23649 71
40 5 12453 97
68 41 3846 173
25 71 29244 97
74 94 2938 46
11 72 35583 708
22 36 6549 46
39 17 47238 30
100 70 41975 327
34 39 18976 730
6 19 4342 107
54 38 53952 118
60 48 6448 400
5 22 7578 32
43 19 43661 29
28 44 43570 172
19 73 8527 25
54 16 19007 64
16 12 45993 46
92 100 36983 741
21 59 35537 319
65 75 25187 319
15 39 17934 172
9 18 18902 23
59 77 6380 367
79 9 5564 343
34 95 9439 69
68 93 15378 52
24 59 17867 228
78 13 29693 353
81 26 11324 681
88 18 7469 90
65 97 6818 109
6 27 42101 300
60 72 34893 61
47 87 122039 71
67 76 11388 78
24 26 17581 65
49 83 52610 61
90 86 9083 172
18 65 17932 48
72 76 17182 58
77 13 22343 254
85 33 49833 289
28 37 12784 66
24 78 16909 69
17 12 30567 251
50 20 13344 60
19 37 14968 524
78 84 10191 380
83 41 117965 65
57 24 14847 128
21 56 40431 282
21 99 183632 433
33 85 4523 785
71 2 236709 107
29 34 36960 147
19 72 33076 48
3 1 60492 129
15 1 13059 38
11 13 11645 97
19 58 24240 304
66 98 1593 523
69 49 66379 58
2 100 120796 125
91 9 13141 63
100 57 18382 17
42 30 9352 53
75 18 74678 287
92 58 12630 258
29 4 31040 95
28 98 40775 633
59 70 5893 174
24 39 8584 89
88 5 89617 192
100 69 38197 246
48 19 31355 179
78 95 5422 111
50 45 13088 50
53 21 19384 336
74 53 9582 163
77 12 8805 69
94 69 62059 79
26 25 30320 142
66 18 26890 265
58 18 39857 41
12 22 152614 169
98 35 92949 288
19 17 16046 89
85 18 32107 193
76 39 14421 485
13 1 169545 63
79 52 42500 96
99 84 44313 139
72 35 31404 283
4 27 94243 39
11 83 16020 115
66 22 19139 25
40 82 34795 258
90 96 4161 34
71 80 31426 26
95 91 18722 471
82 10 252415 175
91 77 22188 3171
86 26 28394 207
3 91 4444 136
96 70 6219 153
81 88 62797 325
58 66 9538 199
50 3 19224 34
35 25 48102 1347
42 26 57663 1144
79 69 51264 37
95 27 20491 37
40 83 48342 397
43 40 47356 155
4 89 49272 293
65 60 6562 240
72 60 16183 102
64 47 5287 227
2 56 17511 249
42 19 16575 207
86 25 118518 398
77 93 78885 159
4 73 92599 60
71 53 25132 457
73 30 13492 60
87 92 33050 19
92 52 21326 115
73 56 33826 126
37 28 51439 243
57 50 10539 59
79 71 24952 925
3 77 46679 841
6 68 14016 478
82 52 4481 234
35 43 3898 36
69 10 12078 37
42 44 35008 145
22 55 4487 498
32 42 27691 31
83 82 10754 187
82 70 46162 80
57 45 65061 681
32 46 67068 28
74 2 44740 270
44 71 41805 36
45 58 22289 26
92 4 110439 170
47 97 64574 282
23 100 12506 507
93 3 331929 374
95 15 71497 404
93 57 25325 298
12 36 27480 41
67 54 22472 134
66 60 6867 274
11 78 31857 825
33 68 5384 533
24 20 147335 158
97 68 9655 114
94 41 16568 167
70 79 17570 229
98 19 4298 40
35 52 27259 94
19 18 29026 66
17 100 20547 274
17 77 205476 209
59 35 4347 267
31 78 16777 113
58 28 13937 96
72 95 13428 439
28 17 18745 615
11 46 5776 58
18 44 57719 7
81 20 2989 8
94 62 10683 463
98 16 17917 240
65 39 27153 57
76 74 45868 131
2 52 14809 69
38 65 19298 297
9 21 1881 49
70 74 29355 24
91 38 29254 255
55 69 105590 93
64 4 14944 35
5 51 47211 159
62 92 43623 37
5 82 48977 125
41 100 11399 90
61 82 14517 148
38 84 24647 363
7 35 45089 606
34 31 49875 244
2 19 14620 62
45 92 11167 32
18 45 8624 74
35 11 43848 764
24 73 20443 32
78 71 15711 505
12 92 46272 283
98 41 11899 184
27 17 224487 301
63 90 14406 594
15 97 3866 100
69 90 34800 74
93 18 25416 70
20 46 21278 226
21 79 6311 179
54 22 19915 599
83 40 34160 274
79 8 21065 333
34 45 64526 91
48 92 34414 43
31 21 12490 546
40 60 19011 181
31 60 25109 294
85 49 40485 133
4 21 15356 21
75 33 48672 81
5 43 17460 251
94 64 395228 165
83 86 94318 409
18 97 15200 121
4 50 26841 66
57 34 22739 242
74 47 24348 112
81 70 38655 111
60 49 123160 151
29 98 16113 57
9 84 31646 83
42 15 32678 52
95 84 8714 162
32 89 23784 192
35 94 19088 85
39 64 2779 114
64 72 36088 59
29 27 15030 150
8 84 15266 205
21 97 27399 424
95 63 11446 115
34 1 11197 74
61 99 19814 54
24 54 34922 3825
98 73 21291 134
44 40 25635 436
47 5 17198 90
2 83 52726 268
1 63 91407 399
61 10 30981 207
79 27 23831 176
97 17 14350 95
24 66 12995 94
84 39 242449 176
33 1 6134 425
69 29 9377 345
7 79 24448 94
68 3 13814 188
22 42 7476 340
100 49 16030 86
8 51 51982 789
31 5 10631 84
10 23 8254 131
1 22 4678 283
6 49 15198 182
42 75 29451 64
82 37 18619 204
97 64 251156 225
41 11 160630 428
99 54 21677 226
85 97 11106 225
48 61 10666 386
2 74 2629 131
84 21 85353 100
47 77 14853 275
3 57 12118 33
9 27 70727 392
28 25 6949 83
25 61 7503 366
32 84 22473 192
93 62 134527 94
56 4 8802 192
28 92 19983 124
78 39 56091 368
75 78 78646 119
21 89 5064 395
2 99 3904 62
48 52 36488 341
14 82 109261 26
76 92 31562 47
4 16 58178 63
58 5 19248 122
80 9 46727 165
35 20 24878 29
17 26 29853 61
36 68 52082 287
23 36 3370 3006
96 60 33899 60
48 81 14304 64
24 15 9881 980
1 39 15943 472
79 67 119429 116
44 28 83097 350
24 72 4420 240
91 56 6590 84
68 32 24378 199
3 46 13687 149
76 59 100124 359
97 72 16399 102
92 72 24885 72
8 94 15154 66
72 51 37543 187
84 86 33098 276
60 70 53999 22
54 4 29461 32
77 42 39431 122
78 34 228400 47
84 41 38087 5418
8 59 4431 542
54 84 32260 235
62 40 18738 136
49 4 73767 612
36 60 27442 207
74 29 10312 26
77 50 55471 207
91 60 20456 204
65 86 50668 268
66 26 112361 148
82 74 8582 68
87 96 16753 413
5 1 36523 612
45 26 78349 135
63 18 8012 418
45 16 14349 130
87 84 39383 133
83 8 27289 94
25 46 27974 184
55 92 7605 328
97 82 24717 234
90 34 48351 198
72 34 11517 97
56 45 5169 19
36 89 12173 675
32 90 72179 63
100 3 5415 672
73 52 38945 112
96 84 74271 21
6 34 134165 69
56 86 75123 14
99 55 28085 69
1 5 6255 290
63 44 55958 119
66 96 33250 476
21 44 6189 232
49 43 2654 100
50 89 5887 36
76 17 19345 89
63 3 16789 166
7 91 12022 130
100 44 22139 911
45 64 110934 300
50 14 13337 61
58 7 45160 95
17 94 24445 465
57 71 58404 59
21 81 181705 132
62 37 24378 41
47 49 7525 30
44 87 27781 32
59 27 26837 387
51 1980
24 60
21 96
84 63
92 140
18 268

6389292
