100 499 3 3
38 75 37403 99
38 41 58551 195
38 63 6657 896
38 86 27914 369
38 84 114135 197
38 32 5858 101
38 76 5041 273
38 35 16006 126
38 100 289522 96
38 68 5938 87
38 16 74148 529
38 62 29740 97
38 36 35234 633
38 53 5801 2368
38 11 61619 107
38 13 19715 44
38 61 6137 2158
38 88 149456 173
38 25 21135 705
38 51 35188 81
38 94 47407 270
38 67 11382 103
38 98 51209 39
38 92 42176 405
38 6 20608 149
38 79 10971 184
38 74 27430 119
38 10 5270 135
38 48 45070 156
38 39 160811 255
38 1 13819 191
38 9 20573 69
38 90 35676 132
38 8 14957 2406
38 93 8417 145
38 26 10045 115
38 54 9113 352
38 40 29314 206
38 7 4958 37
38 3 52398 130
38 70 12839 127
38 50 14962 227
38 47 32202 165
38 14 40606 51
38 58 5862 49
38 4 5569 101
38 71 6856 52
38 42 33205 70
38 49 18206 417
38 5 115613 371
38 33 16358 135
38 87 51819 48
38 23 67606 206
38 72 15599 367
38 12 85910 117
38 18 36058 25
38 89 260492 73
38 65 19446 41
38 46 10845 92
38 2 11486 269
38 44 54423 116
38 37 22280 40
38 21 86978 24
38 55 2065 86
38 95 135465 215
38 29 26029 34
38 43 25240 308
38 73 31931 102
38 80 51339 42
38 77 19090 172
38 19 6291 723
38 56 31653 58
38 64 33719 213
38 83 19222 15
38 34 22304 487
38 59 52394 101
38 66 18757 44
38 97 48912 66
38 30 38587 377
38 69 29700 231
38 17 5703 170
38 99 100391 221
38 96 36510 78
38 82 6716 337
38 15 26368 153
38 91 8814 96
38 45 8278 460
38 57 22653 117
38 85 37462 37
38 31 20983 262
38 20 18397 83
38 27 23150 583
38 22 30332 111
38 81 21620 124
38 78 9435 141
38 28 40360 99
38 60 43595 273
38 24 240958 247
38 52 3609 672
64 87 16881 82
80 92 11385 252
60 99 30211 20
81 76 27586 794
19 24 52611 863
33 34 34517 643
82 24 22091 280
87 91 24502 144
53 58 12986 80
75 99 5737 173
70 92 9506 171
42 4 30957 26
23 18 9912 285
13 25 30904 132
76 67 18309 1064
9 23 85429 75
20 83 4255 82
50 48 37713 261
7 96 22573 44
9 33 9782 88
37 1 24728 663
77 44 12677 216
13 73 93017 155
96 51 47227 38
76 88 29651 361
3 62 139812 757
94 57 51061 143
57 86 26375 236
4 41 48620 31
50 64 8612 23
28 79 15548 2978
71 80 4015 338
48 44 1843 362
23 65 43423 129
19 78 96674 285
21 29 6904 77
49 51 9193 147
92 48 88302 214
13 2 13996 167
86 18 43683 67
7 62 10869 18
68 25 19784 186
43 60 82262 467
91 54 83503 86
14 58 42427 57
93 23 11248 47
37 27 2254 126
39 36 64928 73
80 42 17359 131
27 55 34054 38
2 58 8201 246
74 73 43597 510
68 58 35526 160
74 24 24772 195
55 78 29485 136
61 22 7251 287
77 24 12301 89
74 49 35576 192
98 66 26175 39
92 1 71686 111
54 39 18619 129
9 55 47996 253
56 37 12953 29
31 70 61986 36
7 59 151052 92
14 94 90984 149
69 60 8287 378
37 84 5707 80
58 88 10172 17
13 97 60924 198
72 14 19392 44
52 87 52330 133
94 74 94274 133
89 8 106716 328
73 36 5681 143
29 95 7658 286
8 12 38024 653
1 77 11052 20
34 54 9455 698
61 18 13004 298
90 13 8211 693
40 27 17007 158
22 84 29661 355
94 54 12124 148
3 93 12636 63
47 59 16368 66
41 22 9066 451
18 26 35192 17
50 89 13539 49
99 91 29614 461
11 2 42922 135
44 61 31875 379
55 2 79745 81
8 78 38403 371
93 6 24837 271
27 59 23960 28
88 83 5798 42
15 67 88375 179
56 69 24614 1487
3 52 14284 719
52 60 26021 30
99 84 148542 49
40 87 10622 66
34 52 19104 518
44 5 27375 74
87 22 65418 290
81 94 54111 103
19 91 18631 23
58 91 2512 145
13 61 100090 276
73 18 176279 187
50 8 9976 270
81 86 139138 290
46 66 21546 61
89 100 32298 50
79 51 24590 64
7 90 6808 106
78 12 9314 499
41 68 43145 331
9 43 3154 52
100 52 8314 152
92 68 11570 55
12 32 28564 30
40 60 30394 18
54 24 5108 27
23 77 23280 38
58 24 35271 76
87 36 43333 359
36 1 137851 313
85 16 2147 80
21 67 10113 82
5 47 20593 253
17 94 2118 318
2 82 16528 228
7 3 30929 244
86 31 36465 113
48 90 20361 46
90 56 122850 192
87 18 47845 113
55 29 17069 125
72 51 2161 101
99 26 2433 43
18 64 44226 101
22 18 115453 309
51 29 21179 37
62 98 14669 31
49 100 61189 271
39 92 23798 455
18 69 66365 85
93 49 4908 661
52 36 34753 27
1 2 24221 105
74 48 57504 69
32 29 22437 54
54 68 81426 307
78 37 45175 150
70 84 5429 36
57 52 10936 62
12 49 52487 450
96 13 10136 1420
17 54 8304 210
86 29 55217 52
81 59 34468 394
67 17 16899 100
74 81 17468 1184
48 8 5207 54
10 62 15950 44
81 89 122720 367
99 8 38848 60
44 12 42493 393
67 1 14763 228
71 29 127735 362
91 59 32555 508
9 84 14493 96
58 43 15172 205
25 45 34706 20
12 57 56888 103
49 57 25205 104
89 91 60847 188
98 25 12801 159
89 4 23621 150
27 66 7487 288
20 22 8198 330
66 52 23183 33
81 47 16340 463
36 50 2527 556
76 53 10882 180
49 14 6686 117
25 16 21558 183
39 4 27999 27
67 29 34231 1835
33 38 87382 137
85 68 58149 145
56 4 97828 340
58 67 11965 88
86 5 10877 77
27 13 15344 73
3 2 16927 223
39 42 6874 22
82 88 36894 224
74 8 37927 69
32 97 26933 114
94 76 50461 62
72 91 9855 180
52 41 21384 181
23 32 49167 573
6 92 27074 109
58 52 16546 145
25 52 69693 90
83 49 7054 116
83 95 15752 208
44 59 2696 72
49 85 53096 105
47 97 113688 15
51 40 21433 16
69 58 8411 264
87 64 108597 445
78 65 81947 83
90 39 10542 126
20 35 28816 154
17 38 66655 127
15 21 24024 68
72 89 12546 205
55 58 15869 105
80 66 60035 4371
80 43 13348 4638
34 43 43924 32
51 18 9636 6
68 57 20031 90
74 4 7035 128
8 42 29196 62
61 17 3449 62
45 50 2319 100
84 5 63276 181
20 86 41762 111
26 82 29399 1495
72 71 18979 105
60 31 47952 65
34 40 12249 599
41 70 78560 221
22 11 19872 296
79 83 15508 130
30 78 17242 34
49 78 15834 321
95 69 89628 289
4 64 108867 89
29 93 19210 839
96 94 6421 106
30 53 14689 129
8 54 85802 156
85 46 23944 82
76 32 59123 204
60 53 26057 241
30 28 5255 162
63 54 43949 101
25 62 14365 88
26 16 38195 215
85 84 16025 960
65 56 20583 127
2 22 54490 56
53 75 17064 83
21 63 343206 165
66 87 4695 323
60 95 18032 53
72 24 59923 121
92 67 89314 119
58 75 10039 188
50 54 24047 39
46 5 28144 184
29 59 22957 383
80 91 10344 288
86 23 11468 199
48 95 6567 402
4 22 25639 151
49 76 29813 69
69 3 41314 478
56 26 35036 265
11 93 90265 57
26 23 26636 164
99 29 29027 295
75 51 15228 372
88 15 14944 95
80 50 89443 192
64 49 8607 169
16 12 17675 1261
12 24 133996 618
41 13 12789 50
47 18 55773 589
33 27 10130 117
61 40 13646 235
21 56 154456 510
72 67 29598 135
18 9 24569 159
13 48 13806 133
35 45 11474 179
22 91 41616 893
24 74 12856 122
58 51 6174 233
34 17 6193 405
44 55 69549 666
50 27 22256 295
25 41 36870 553
24 30 9620 67
23 75 21269 944
63 85 33023 291
79 85 27271 186
82 29 20835 233
15 42 22953 250
8 68 70571 131
27 41 4444 142
75 19 12363 335
57 40 241303 119
55 77 21530 949
97 67 26375 385
72 25 74629 167
6 51 12153 135
27 3 2543 845
47 48 299551 93
81 87 28383 498
99 39 60662 441
33 25 108844 94
82 30 44321 292
90 7 27663 767
51 83 15997 279
2 67 6405 892
82 8 20722 127
83 13 51637 129
93 91 15216 736
22 17 22587 186
91 49 32490 25
4 76 33544 400
19 84 46889 97
52 65 31891 51
80 33 9102 124
60 12 21311 172
94 16 61905 558
58 3 15366 13
69 48 46419 1941
99 68 20270 179
47 42 38206 562
71 47 131911 911
94 83 19168 56
43 61 75297 86
31 45 9353 538
12 38 66583 28
56 62 50191 51
64 63 13798 73
51 85 26842 166
17 76 13861 808
78 77 16522 74
66 72 12235 368
32 43 13858 51
21 77 3039 125
49 36 7433 459
64 81 61193 41
83 29 61529 612
95 54 20639 284
82 15 93425 245
51 80 433330 339
6 23 66680 143
16 48 5459 321
11 76 147504 18
61 100 27044 340
22 52 26747 267
75 60 4070 64
11 67 6405 40
23 8 12614 250
60 33 28557 76
54 66 74368 77
64 61 10294 181
21 27 40767 255
94 100 34833 155
31 86 27321 159
4 5 53132 617
19 8 53055 41
74 77 5974 340
25 90 11793 50
73 77 12608 375
78 45 68112 94
32 44 36584 85
27 30 9696 330
11 14 26331 240
83 23 54647 433
70 28 20858 165
2 75 21063 118
65 45 2016 202
66 49 64311 470
2 94 64468 30
7 48 17706 153
35 57 18852 99
63 13 45694 8
97 28 15231 29
65 99 49301 41
7 64 48862 344
19 63 42539 156
21 15 8167 646
91 84 5236 210
85 67 10472 87
34 79 22684 492
62 44 12878 135
38 891
58 18
74 336
67 121
29 191
91 148

7150491
