100 499 3 3
19 79 24793 360
19 46 12615 228
19 64 24016 42
19 58 21292 158
19 23 9369 109
19 36 3189 233
19 92 34211 533
19 47 112546 132
19 41 10230 158
19 49 51112 68
19 4 5923 36
19 75 3685 52
19 40 31176 48
19 35 40026 106
19 43 24483 92
19 52 16525 23
19 61 105794 112
19 74 16354 50
19 27 23466 50
19 7 28061 30
19 89 60854 248
19 91 18458 117
19 18 20680 147
19 24 24488 390
19 10 20167 159
19 2 3892 245
19 26 3892 807
19 25 33690 114
19 42 16149 129
19 94 3619 82
19 96 31656 25
19 98 22256 35
19 72 32098 139
19 62 11615 132
19 28 14759 77
19 77 22375 68
19 80 64584 215
19 30 3364 145
19 14 19238 385
19 70 14157 274
19 57 55962 220
19 84 15033 586
19 37 7899 59
19 15 16492 40
19 32 57184 27
19 69 6969 478
19 6 14366 594
19 29 184967 55
19 12 114815 247
19 95 18300 55
19 82 10159 25
19 87 25957 245
19 39 4379 63
19 54 11429 96
19 81 173546 23
19 33 39045 447
19 93 21805 59
19 67 31936 76
19 99 31347 109
19 73 2306 154
19 90 9178 55
19 45 10589 42
19 1 23097 48
19 16 46885 563
19 83 38991 144
19 71 31363 839
19 20 13378 305
19 65 21823 54
19 22 8244 398
19 50 17691 890
19 66 54018 164
19 51 28242 219
19 17 78032 308
19 97 4799 187
19 8 38849 19
19 56 133912 95
19 5 34812 144
19 86 17068 144
19 68 93060 342
19 76 5219 377
19 11 1602 71
19 48 2999 146
19 53 32270 176
19 60 24016 339
19 44 22549 126
19 31 20945 412
19 63 26503 51
19 9 15809 121
19 13 55269 129
19 3 7816 122
19 21 13901 459
19 78 8990 265
19 38 4697 60
19 85 61855 9
19 34 23633 575
19 100 8365 119
19 59 20018 74
19 55 12337 30
19 88 7414 135
82 84 6581 132
43 39 10632 816
98 91 53536 39
73 44 27444 363
69 2 37520 108
45 10 9297 93
98 53 44124 386
60 72 11022 91
37 17 11301 46
3 77 3054 161
11 59 23748 168
46 9 56047 87
100 91 39169 131
90 39 9896 48
93 90 8635 125
38 55 26750 78
17 47 8399 812
58 90 20216 258
100 42 16719 465
63 99 29417 34
65 35 12544 482
96 50 26144 52
58 10 30987 350
54 52 27483 152
40 18 3748 250
98 65 18474 172
2 29 23738 75
91 87 4778 1318
80 4 14950 96
85 79 10152 30
76 51 7025 374
26 78 9269 313
74 31 32462 240
39 1 39932 51
26 75 28280 486
28 38 14862 216
50 55 8929 563
21 27 3414 29
86 30 10974 831
12 39 54051 206
55 58 32668 247
41 91 14432 534
13 89 4285 74
70 17 291311 68
48 36 19972 1179
18 78 7210 48
57 56 42658 90
60 29 8696 80
81 88 23212 83
51 36 83506 294
50 32 71547 78
77 14 41940 263
97 47 2487 220
96 62 28144 856
8 33 9691 235
15 35 53203 193
84 42 5724 238
29 85 38660 49
91 50 121338 62
18 70 25300 126
83 52 8908 556
14 28 58447 1456
91 40 17043 140
73 33 29602 154
4 32 40557 470
51 81 62992 143
55 53 3793 111
73 87 5813 201
75 53 135878 94
98 67 9705 29
49 44 24629 67
49 36 58413 28
9 92 17803 540
79 33 15392 132
38 69 4967 354
37 82 14370 787
62 29 32959 117
60 78 17431 17
24 42 14375 83
30 67 3576 409
30 52 12940 237
86 33 7633 324
66 40 16532 19
20 80 27195 151
91 5 6735 362
20 67 17453 1738
63 17 130420 146
59 85 34430 163
46 93 93554 914
22 31 25952 154
33 24 71650 13
6 71 8343 434
1 19 18896 541
11 85 26756 38
6 63 315975 90
93 63 6174 169
70 56 17545 42
99 73 16027 2542
65 54 10080 1185
58 9 68078 259
9 83 41537 242
40 44 171774 11
66 25 12076 42
87 34 19860 277
30 1 14612 102
35 14 38988 83
38 24 14152 36
61 15 20470 184
12 47 19929 80
33 31 11695 263
46 51 11279 157
66 67 47388 425
23 93 54652 23
97 86 12436 49
100 1 22497 1286
32 80 15563 224
89 26 43230 714
66 71 34533 203
98 23 6948 86
96 92 15154 137
10 99 103515 190
64 44 20155 398
88 3 22550 204
2 61 18575 125
10 86 81722 300
27 57 14954 281
80 97 45468 95
78 35 23514 476
34 28 17808 68
50 25 18960 56
48 56 3036 38
72 51 15311 72
37 33 92512 496
45 17 18669 22
36 100 29848 440
23 99 28412 207
93 91 21854 60
72 5 7670 178
94 6 12496 231
97 76 247712 51
33 34 11501 69
10 81 4160 174
13 67 1828 117
50 97 81930 149
79 90 15465 339
65 60 49783 155
38 84 2046 38
71 34 24408 809
12 43 39685 80
36 46 7308 78
42 80 9733 54
62 47 48758 332
63 70 113038 151
5 39 15321 133
79 97 51852 393
31 35 12955 329
24 78 18141 266
70 47 5757 115
82 87 7948 116
8 13 10519 169
40 99 13288 301
32 47 6088 216
43 85 13705 216
73 34 28175 435
41 95 22060 436
92 42 63407 789
28 74 17266 91
2 25 111942 325
94 19 6562 116
3 54 6771 108
48 61 16078 141
64 75 9455 704
2 3 190778 62
25 70 20309 28
99 81 21692 191
5 61 15239 69
25 4 5740 251
100 47 17447 314
40 96 6911 28
39 20 6221 390
93 33 4171 39
39 74 83035 91
92 12 58628 388
90 19 22874 69
84 20 12117 776
53 5 10071 649
79 16 22526 64
45 95 12472 259
36 54 49582 138
64 99 23949 263
43 45 15777 220
9 88 9655 37
48 41 17113 156
42 40 22381 29
31 20 29737 30
64 95 96165 221
45 72 9215 1734
100 82 10594 142
47 100 22884 513
82 85 22269 207
69 7 25574 284
40 10 62689 186
11 93 78743 49
3 80 17406 128
49 30 31366 193
7 9 23832 364
88 4 36713 215
55 85 74544 354
37 32 34149 235
1 79 9751 112
17 70 102462 257
48 51 19792 184
57 89 93874 343
56 9 9745 810
51 50 16613 154
16 80 19830 2740
42 10 47141 812
78 68 67118 473
68 53 59687 22
33 35 9338 231
70 57 8835 16
79 52 17099 495
100 97 126425 259
16 23 36381 49
63 60 29020 529
25 51 17855 322
64 82 13256 87
55 18 107825 28
67 69 16644 127
91 24 25320 230
31 69 51487 31
69 50 94671 182
84 49 11001 219
39 89 39014 112
61 6 4205 15
25 72 9623 27
22 89 27129 170
2 20 245894 693
22 62 4370 54
69 4 3672 123
39 76 14578 52
39 95 19260 133
14 35 31759 46
73 51 39479 71
55 59 23756 1019
53 63 9372 217
33 10 39301 35
15 94 9289 1106
52 61 4876 405
7 53 6984 523
96 7 15655 1565
18 82 8304 311
31 19 23658 103
88 34 50577 1677
47 19 16098 156
4 68 27691 76
69 12 18748 109
41 92 2633 299
71 22 9689 68
57 74 11096 168
91 6 9412 33
23 33 28988 81
71 87 61846 523
3 43 21279 78
41 88 64324 25
88 69 22252 154
48 65 4131 80
28 27 20839 319
71 95 12695 189
17 78 37340 120
46 4 23318 83
76 81 53004 162
13 2 6826 15
99 15 16910 155
34 8 56917 179
96 35 15074 123
42 72 12714 90
29 15 30774 32
89 20 38941 152
99 4 15413 16
12 54 173195 77
22 78 60810 96
48 33 2819 71
93 10 27962 239
29 25 4086 59
8 35 20629 49
24 16 19196 58
56 7 45831 650
26 70 2495 82
2 75 32282 194
55 82 29236 40
33 96 22832 34
16 37 35638 202
92 65 20064 97
20 81 17040 100
87 26 47462 55
75 60 18299 64
36 67 42211 436
75 92 23493 138
78 70 31074 295
61 41 8821 248
78 11 133233 90
70 93 27939 187
49 66 24964 32
18 34 4871 289
62 38 1994 257
82 16 24195 94
18 69 12519 188
6 75 4008 315
58 13 52959 150
36 25 20032 34
61 21 8678 219
95 60 25652 492
68 41 26792 389
79 44 50284 42
32 20 45515 133
69 84 31162 48
48 88 25439 85
27 5 8028 639
70 4 4401 175
96 67 13809 66
21 51 46926 99
100 90 26323 217
68 25 11545 837
40 20 10925 210
64 53 7682 411
13 94 6408 349
70 55 100922 13
8 5 40808 356
61 11 14764 122
38 91 42581 466
60 77 22110 207
8 22 23985 138
79 82 13157 198
79 96 13285 322
71 88 19436 30
70 13 50627 215
55 38 21603 28
1 36 11602 211
51 5 13900 1069
89 9 82502 234
48 24 6621 38
32 95 36040 316
18 67 38139 41
94 40 60796 118
72 15 62435 344
31 14 17419 52
70 7 6595 192
52 57 12689 242
90 26 24726 76
21 38 11264 75
53 99 10462 257
10 44 30112 167
20 4 18644 215
34 67 97383 457
76 29 35086 372
94 83 28518 38
16 63 13929 136
11 19 10564 104
91 99 248917 88
43 44 66962 70
1 74 68150 114
10 5 23728 63
70 88 212283 337
78 29 21597 110
53 45 16322 139
63 2 89425 22
11 53 239697 279
82 61 11732 881
29 35 50640 109
37 92 119598 198
94 29 24296 198
97 60 18001 212
97 68 15599 402
83 28 19039 254
36 28 7273 358
31 43 2162 946
29 19 10088 302
46 13 14467 833
20 12 43274 270
33 41 4841 39
32 99 9055 47
25 28 14124 48
96 1 15261 501
35 19 47207 91
12 2 64301 290
81 64 87072 111
80 20 56289 87
59 21 848 174
85 39 55627 54
50 24 159689 112
49 75 10647 17
82 10 22010 89
80 7 31286 985
81 60 12966 29
4 51 9005 249
77 45 27479 89
71 84 87891 121
21 58 38238 325
39 43 24905 895
19 297
70 110
48 45
67 29
35 49
99 64

2347573
