100 499 3 3
92 71 27838 87
92 88 2941 355
92 18 8196 304
92 1 218702 43
92 40 15959 866
92 59 92905 56
92 32 34697 484
92 35 38927 144
92 78 16967 336
92 26 53841 63
92 36 32343 71
92 95 8884 196
92 6 7995 211
92 4 50455 180
92 43 17721 80
92 64 40774 49
92 85 30346 155
92 89 32574 575
92 76 49925 260
92 75 4252 123
92 74 29243 136
92 99 34267 137
92 30 32974 24
92 67 19978 75
92 38 77391 75
92 73 9070 364
92 62 21588 44
92 22 7124 61
92 86 20128 193
92 42 8699 203
92 16 32965 252
92 34 27081 344
92 97 32132 367
92 58 44250 42
92 93 206746 121
92 33 9916 100
92 77 4707 536
92 24 5995 154
92 56 23459 37
92 49 22491 175
92 25 63335 60
92 51 17914 40
92 96 6313 215
92 90 1636 550
92 45 13993 440
92 7 7442 125
92 79 36589 29
92 54 54066 30
92 82 197430 22
92 84 50469 170
92 72 20752 667
92 21 46651 67
92 70 32371 1168
92 68 45943 101
92 69 7133 134
92 55 10390 204
92 3 12935 192
92 39 14263 335
92 53 2965 156
92 80 9979 147
92 66 45630 26
92 60 4749 172
92 12 3342 50
92 28 50244 88
92 2 36362 321
92 5 88672 190
92 41 5031 849
92 31 39784 47
92 94 18851 57
92 19 26715 686
92 63 36696 10
92 37 42964 48
92 15 117865 3226
92 10 22523 28
92 81 20150 224
92 11 15446 122
92 8 44081 72
92 20 11085 180
92 98 18771 40
92 29 23451 170
92 100 17350 111
92 17 6518 333
92 44 34079 87
92 61 8868 30
92 50 12602 386
92 52 31233 254
92 9 113643 566
92 57 45496 168
92 48 17212 79
92 87 37550 125
92 14 43504 167
92 47 67962 384
92 83 9175 177
92 46 44991 88
92 27 64637 251
92 23 6627 299
92 65 19680 185
92 91 168862 129
92 13 9797 64
60 71 34647 379
18 92 34197 35
1 70 19304 374
8 5 25402 109
93 5 5665 495
35 14 11794 331
56 20 21551 89
75 76 38958 235
18 9 7020 58
91 49 9937 94
57 1 30952 83
57 74 15992 110
15 23 25234 155
12 98 51131 65
64 98 3370 210
59 69 8335 253
50 91 8070 924
29 24 12467 229
95 52 29553 47
11 78 65373 12
58 71 29966 127
84 11 72698 137
4 91 124362 210
50 93 11763 668
64 96 16631 90
19 12 48106 296
6 59 11765 99
28 34 71269 16
71 98 102112 329
36 6 18447 262
65 31 39365 235
75 68 83484 108
14 74 15067 105
28 61 9340 47
67 14 15109 76
67 54 9052 61
50 71 23895 245
52 75 32176 239
80 77 5998 329
97 64 4881 71
1 48 26520 63
22 39 53390 56
88 36 17290 37
85 24 19863 131
9 24 8431 1372
73 43 78280 128
79 52 30438 26
41 80 26950 187
61 100 2760 598
38 15 54184 72
53 86 20025 641
75 78 6438 214
95 60 2404 367
73 39 13427 75
54 99 22048 370
22 77 8293 85
14 45 8474 78
57 5 258252 414
18 81 35831 632
27 93 10332 97
27 70 61149 507
59 3 43440 312
35 4 8274 91
88 61 3926 70
23 54 44261 272
43 91 27520 194
73 11 114179 98
59 6 35327 284
3 45 26721 241
77 22 57585 299
14 62 4816 61
14 25 8166 128
22 47 37576 45
4 50 13974 129
87 28 20624 693
2 6 25760 310
42 72 12759 39
20 80 3938 161
21 87 21389 89
100 99 103361 107
14 49 129364 114
87 60 24064 138
80 100 9451 203
19 73 35832 238
39 57 52469 50
28 97 35150 118
84 39 1747 71
14 76 13422 538
67 37 16342 143
97 27 4963 47
21 74 46639 17
62 36 9536 200
9 66 38645 327
46 29 72475 370
76 80 9959 127
8 75 59476 155
99 100 4160 50
95 94 6647 253
68 61 31121 383
34 30 31229 85
18 85 25258 189
43 81 17723 225
72 77 5083 31
43 49 111957 348
63 86 2285 528
14 57 22698 782
95 34 61097 254
32 79 30603 104
91 86 49109 447
63 36 35785 64
73 24 33370 35
98 6 3802 2375
41 56 53824 105
80 5 26548 56
71 52 19977 133
82 6 13564 598
100 45 19380 72
27 9 166258 68
75 71 16212 47
95 5 2336 149
13 56 89749 94
25 70 29428 193
38 47 32251 1001
88 30 25731 44
67 28 27907 469
99 16 19210 250
12 30 9293 585
42 70 96572 1039
61 67 7016 680
78 45 40837 223
61 22 30700 168
57 66 21855 269
38 39 4715 228
19 21 1884 249
66 96 5867 72
7 27 32402 329
52 28 6307 74
32 70 2510 41
28 100 56979 70
21 82 38844 212
88 64 8060 357
85 80 50770 9
23 51 81253 153
58 8 63124 351
47 25 22285 203
47 97 7994 350
94 82 107956 35
35 24 97458 152
90 13 33451 54
74 49 63986 425
96 2 60949 25
38 25 25114 109
61 33 6366 258
83 7 41202 65
62 88 16105 143
90 42 31829 141
91 18 23169 59
77 81 10295 95
21 31 23453 95
14 26 16963 84
50 16 37340 224
96 57 51451 613
93 77 3917 32
30 24 37730 36
48 22 7386 150
9 27 157542 194
77 43 16147 220
91 67 42995 28
88 33 15097 20
67 3 38426 27
72 34 41000 55
46 61 21624 451
40 35 107942 41
96 72 62102 245
77 55 30482 211
91 69 20529 69
80 14 1858 96
69 13 11058 56
87 65 10993 25
47 11 48424 1371
27 76 34915 176
28 12 32643 319
89 94 22455 467
66 72 6257 137
70 46 40814 284
34 28 19960 93
51 26 292179 38
26 37 24661 18
91 78 27510 38
31 23 17918 76
13 71 4389 228
89 52 26202 35
38 98 25194 157
78 35 97372 78
55 59 19586 133
13 66 28139 94
32 5 85227 53
81 50 3490 769
71 48 74550 377
47 82 37139 41
51 91 7874 459
87 48 66294 122
67 23 9990 29
28 79 11761 305
58 50 39129 15
83 14 6456 125
70 13 13128 341
96 99 6675 31
30 82 13110 105
83 45 860 245
65 76 19147 190
21 41 61016 231
17 21 18191 18
3 24 28127 60
21 32 79183 94
75 59 42283 316
41 19 29203 110
74 99 7905 23
59 88 67581 110
3 7 22743 145
56 61 8305 571
59 81 5038 238
33 27 52181 176
82 11 47161 58
13 65 82881 372
91 66 7774 101
48 87 22789 141
27 10 14052 168
99 41 4878 424
74 31 65234 353
53 50 62998 66
83 44 2343 271
73 1 26276 29
39 83 13662 230
26 23 3565 440
53 94 16023 561
44 76 15262 56
15 48 52776 60
45 61 40373 206
61 44 6893 122
66 53 63528 196
36 25 19708 412
21 33 76178 29
37 84 9384 94
39 99 3633 91
41 88 25916 69
16 4 41735 65
5 11 39238 1443
97 96 20385 354
22 21 69181 531
88 95 30429 46
72 1 14667 182
63 80 10657 74
63 56 7985 174
97 71 10411 99
78 47 6860 1265
60 36 43921 156
52 39 23579 13
69 48 35541 116
10 63 32574 111
42 43 12768 115
52 42 22423 560
62 76 50738 184
12 87 36801 131
45 67 25460 159
45 68 25681 317
35 43 4415 36
57 56 25840 258
32 81 23970 94
20 12 40827 55
61 27 14120 1002
70 91 35108 40
93 80 27684 775
60 33 46164 740
3 75 49423 104
95 4 4712 584
3 90 10988 372
56 98 10575 183
80 89 3777 763
48 75 23279 139
80 9 5133 45
23 49 18310 172
28 50 7900 1833
85 74 10695 109
88 32 6531 747
22 46 5898 600
26 81 17748 2087
77 28 7712 193
19 39 12221 1062
79 92 4768 231
76 72 74539 121
64 76 25946 119
63 45 39631 155
1 13 24935 125
24 91 13332 139
8 92 19622 573
89 73 5623 88
94 100 7357 112
4 9 43901 126
71 10 25264 79
22 59 11022 470
87 84 38201 375
53 62 42509 92
68 85 8557 423
26 56 4131 171
26 57 87127 61
33 95 8348 173
36 78 6567 277
9 54 52052 199
98 25 30640 132
44 68 6636 355
30 86 109950 125
27 89 24055 114
6 77 13583 82
26 65 22367 97
22 43 6248 10
23 66 41269 1690
43 71 46424 224
90 45 7795 177
89 37 112021 163
66 37 4568 141
99 46 4369 219
73 47 22893 33
25 96 3844 625
33 23 60024 85
94 32 23142 24
4 13 12419 48
71 25 15865 321
75 77 18963 52
37 55 36663 344
91 97 2532 77
56 42 17642 33
14 54 32334 81
75 94 93931 178
35 13 33276 597
87 63 11886 222
13 18 2960 83
66 85 36251 389
37 90 25442 174
89 58 16609 921
59 21 13367 218
87 40 25652 105
58 56 16354 88
79 96 20171 379
75 87 27343 236
80 67 284147 25
59 60 9234 803
67 99 2992 600
7 58 13377 6
36 70 12398 101
50 45 161000 70
6 27 19092 505
95 29 54889 29
95 15 5178 627
50 40 66830 108
68 81 2918 101
91 87 8039 46
11 71 34840 47
69 10 26157 549
61 75 6331 121
19 27 34514 233
41 74 12265 81
64 77 27299 209
53 19 14184 126
63 44 1205 191
19 64 20117 1408
84 87 30951 1047
47 61 15497 92
47 14 235580 305
43 44 29115 762
61 73 37719 353
67 22 10869 119
8 86 11117 340
13 9 1336 261
79 22 45105 98
4 28 59614 53
85 14 23643 160
19 29 43494 195
79 75 11940 190
84 47 37727 47
89 43 7123 87
11 87 12354 1102
62 21 213996 20
72 10 96836 123
48 31 41454 305
62 40 4841 64
5 75 121293 858
33 3 31049 168
26 15 159066 52
97 15 58755 227
29 92 172607 522
25 34 4632 234
61 26 27191 55
71 92 11365 88
79 48 26385 121
64 27 15592 19
94 37 11610 247
58 35 45304 24
47 12 32388 1041
78 36 2685 691
92 2178
91 45
61 162
71 330
45 395
27 304

16557469
