100 499 3 3
83 39 26258 532
83 45 15420 56
83 65 4800 38
83 99 4282 954
83 54 29167 196
83 91 89554 114
83 48 8959 140
83 76 40917 188
83 25 36655 246
83 3 14050 265
83 62 4333 167
83 9 130517 83
83 100 9697 55
83 23 33935 104
83 72 44985 625
83 42 17882 234
83 29 11448 41
83 5 33513 147
83 8 2903 356
83 68 13641 174
83 56 4998 200
83 57 13247 215
83 7 59044 125
83 92 2058 249
83 11 21367 82
83 81 11353 65
83 15 14474 156
83 47 11602 173
83 63 53517 53
83 14 35607 311
83 21 59517 623
83 17 47057 74
83 87 14853 171
83 67 8962 306
83 13 65221 134
83 37 61159 31
83 60 22140 234
83 28 17717 139
83 19 115836 65
83 69 21622 609
83 27 30716 259
83 33 14976 209
83 1 32907 69
83 73 11210 54
83 46 12053 152
83 97 15450 118
83 61 73156 185
83 86 84063 174
83 66 17585 82
83 75 64438 564
83 80 17886 75
83 85 11346 78
83 32 26840 79
83 84 96453 91
83 74 37433 523
83 16 83349 337
83 31 3198 61
83 30 6019 224
83 6 76586 127
83 44 34036 35
83 70 88487 173
83 41 21875 490
83 35 13910 114
83 95 60900 822
83 78 7510 68
83 18 26950 241
83 10 21219 107
83 77 7565 1830
83 59 5625 65
83 43 32040 105
83 55 44544 297
83 88 7284 454
83 82 16300 135
83 20 7338 107
83 96 4295 223
83 64 26794 277
83 98 4836 546
83 40 24829 263
83 38 85510 349
83 26 3435 143
83 4 16705 546
83 36 4833 331
83 79 20955 324
83 2 7055 116
83 34 5301 75
83 51 27216 33
83 49 128900 392
83 90 12450 44
83 71 15289 57
83 58 33949 25
83 12 198492 245
83 93 26193 124
83 89 20150 36
83 24 30803 234
83 50 63862 134
83 94 22325 63
83 22 197019 232
83 52 65676 106
83 53 6120 115
75 20 34562 52
24 16 26943 124
9 20 20766 48
23 9 27115 36
92 20 17307 267
22 52 10250 45
91 51 20451 28
92 91 32676 131
26 39 42498 257
64 57 51641 31
1 47 17614 50
73 15 16364 300
8 73 16270 22
5 32 42589 293
7 77 19978 70
3 40 12682 456
26 92 156481 43
29 90 5214 92
79 7 35787 37
86 85 27450 285
30 25 32692 104
33 24 84877 205
50 96 77544 27
69 86 20894 131
8 60 33647 546
62 41 4799 217
50 40 176982 46
79 99 193522 264
40 68 5216 150
85 54 23072 36
28 37 29151 36
98 13 17881 221
13 75 10945 500
26 21 43863 334
91 32 27265 298
13 39 16094 98
98 93 8428 32
79 41 28676 120
20 15 10897 521
17 39 43392 112
30 3 9747 54
44 96 6821 116
6 32 22549 118
86 40 37617 37
59 60 38978 193
76 85 42264 145
52 45 14647 224
50 41 37117 71
75 45 12195 62
82 48 31014 75
22 39 24925 267
33 99 10293 59
65 85 201478 106
38 61 53615 318
95 89 19789 859
70 55 20852 192
84 9 10873 50
87 79 37074 110
33 98 23201 275
34 49 5090 144
97 64 7152 641
81 24 72403 376
55 41 40373 49
65 58 35459 79
21 73 12571 344
67 47 20167 612
99 100 1000000 72
9 23 15554 138
28 82 14910 56
17 57 23765 14
68 11 27991 274
23 62 4189 619
35 43 12563 118
58 25 19722 562
30 77 21495 108
58 62 14263 1689
60 92 1093 127
18 73 12883 255
26 98 45253 295
22 94 13357 73
80 54 51152 129
4 91 18368 401
85 64 34613 101
88 58 17996 436
15 47 32314 266
3 12 55428 215
68 65 18855 42
24 44 122232 97
16 32 113032 135
50 15 55299 71
64 18 132850 197
78 71 28810 16
80 84 22988 48
7 79 19129 57
36 85 55257 18
64 60 21253 425
93 78 28856 141
54 31 13254 94
95 13 118400 24
57 90 29338 29
14 32 10209 37
1 80 66136 1105
90 30 96122 219
65 55 32070 994
36 41 102718 72
37 29 109584 479
86 76 44370 406
78 45 10064 1244
8 5 11385 584
45 60 125000 44
81 75 27744 96
56 36 74984 62
94 79 36139 58
47 5 10136 406
4 70 11570 65
100 9 9779 36
60 6 20339 43
77 39 19185 152
22 78 8966 156
86 64 32130 273
9 97 8484 24
42 89 7605 53
10 56 55754 129
40 65 34845 142
41 67 52180 30
9 85 4338 295
59 51 26763 39
32 44 2093 347
55 46 12098 96
43 38 3613 271
59 28 66020 181
49 25 24602 112
42 87 15849 547
11 94 46955 163
36 100 12759 171
9 70 234336 319
54 17 78442 446
45 58 27510 255
20 10 3428 77
75 21 82798 249
52 98 31163 140
88 48 50516 18
95 22 16650 209
73 33 15653 62
8 34 9263 181
44 77 53175 161
70 26 14928 55
86 93 23520 14
9 6 9020 171
85 25 50632 86
14 18 29052 707
40 91 47830 86
82 53 18565 298
60 17 27998 485
51 6 97205 71
56 24 46519 104
48 60 12833 67
59 23 26743 150
97 4 6305 80
20 38 19690 538
43 66 31263 52
26 36 31089 691
65 4 38160 149
67 64 11699 1040
20 59 12316 57
74 81 4524 32
60 87 14650 319
29 10 62682 182
60 20 29946 111
67 72 51716 88
26 80 19921 76
30 89 82556 426
90 75 23260 86
98 12 7251 80
11 7 11306 128
24 86 24045 131
79 64 30131 152
2 74 37260 124
55 17 22387 360
50 4 5370 31
1 3 74205 63
46 73 37518 198
43 100 49684 935
38 57 6026 157
42 86 3769 90
49 72 11955 38
12 78 18531 32
39 26 20327 1005
63 28 64188 337
87 13 24486 134
36 62 13661 53
55 11 16407 78
41 75 14703 27
79 59 14937 159
89 87 15590 13
37 46 5822 775
17 65 32068 397
34 98 23227 101
72 73 84733 167
36 50 33864 171
30 57 21001 48
82 73 13027 2441
8 31 23141 217
5 16 10263 116
80 21 21735 273
38 5 2791 266
31 93 45494 62
94 72 2473 86
92 49 36555 47
63 69 32190 404
46 18 20125 553
26 49 61192 200
3 21 23203 497
56 92 6721 587
46 100 19706 974
33 41 29247 84
16 95 48667 192
32 83 13330 154
46 27 4491 228
80 35 6457 588
98 50 25807 120
9 12 50123 53
82 40 29057 66
62 20 7007 235
4 32 17526 358
29 83 16204 10
3 16 21521 47
29 68 27767 171
73 76 10464 64
67 49 13143 109
42 6 8564 204
82 88 13204 445
28 15 90087 694
35 69 4048 57
17 61 87152 488
57 37 59776 172
42 3 28522 386
12 46 46568 288
48 85 13012 105
47 71 83676 40
44 1 19584 185
11 27 38523 256
72 51 11878 453
61 17 10518 167
87 100 28227 68
31 46 10222 584
55 45 1871 58
70 39 4525 867
84 40 32767 31
58 38 31704 258
73 1 8083 226
41 1 5162 712
93 91 12009 225
97 5 56845 20
44 2 38284 49
21 29 32992 26
54 61 11523 70
48 4 16493 303
1 61 36817 56
63 74 16697 146
81 18 22467 225
19 57 104979 131
19 85 30152 294
21 94 65921 138
48 67 88677 822
97 25 18241 24
80 98 5291 57
37 65 34395 158
69 21 6231 330
12 64 76192 36
65 91 18050 54
90 2 4335 401
49 100 190687 97
17 87 48903 216
82 47 17617 68
7 28 21236 86
96 68 11316 191
68 83 12174 144
30 53 45081 164
63 94 411874 188
37 6 25936 55
77 90 21388 261
59 35 18158 82
82 97 16641 200
30 23 13479 386
93 65 15670 494
31 21 45926 286
86 72 48714 51
2 25 27926 115
60 2 50720 20
61 7 34679 153
85 98 38984 95
16 35 38366 123
11 36 57841 1188
42 38 43728 143
35 54 23797 75
17 16 32862 1127
56 60 101621 194
71 61 24848 193
48 57 6959 102
21 90 23259 90
62 22 35203 623
90 92 6033 576
72 78 25049 344
13 93 4786 99
57 59 9700 673
8 84 9440 97
84 77 71524 147
19 55 16002 274
54 11 11290 96
14 24 69507 311
86 77 59678 99
47 79 31628 48
23 16 20222 139
53 91 53726 513
44 73 24935 298
77 43 10403 187
59 75 58461 62
32 38 25431 47
90 20 19445 293
96 90 8270 38
76 57 102367 77
52 43 12016 483
87 42 4310 241
53 9 15626 165
86 14 9191 200
95 62 41434 605
62 90 70157 2056
87 80 25699 136
90 72 97858 101
42 77 7461 77
86 55 55302 49
33 31 131045 115
17 60 11870 139
25 57 8992 234
92 4 21475 80
73 100 110066 87
6 25 55205 54
76 35 11675 189
47 38 84228 66
44 49 3088 28
54 96 65656 1772
20 64 22203 80
29 30 24729 98
74 40 23234 192
18 61 6433 159
65 84 77467 31
82 98 1887 55
59 42 5614 572
23 2 34997 54
12 15 6976 180
13 66 11379 140
27 32 5337 164
21 70 29342 165
4 14 15254 261
69 64 5394 92
10 43 56077 290
38 62 6322 81
15 90 16784 170
7 5 45683 452
7 100 120508 471
18 22 111566 123
62 100 52206 54
91 70 19441 1129
25 50 4953 264
30 13 20932 33
5 89 24461 352
71 41 17755 18
32 51 43759 44
85 63 31918 239
18 33 1910 135
40 52 25759 31
64 80 7696 39
80 25 7617 289
88 3 40873 126
58 96 3665 141
100 77 36598 245
32 93 5821 15
87 26 9002 191
30 32 39934 134
94 13 27425 128
54 89 18874 224
75 99 191554 442
17 36 11413 74
98 21 21586 402
86 21 73187 474
63 67 61795 218
15 6 54731 77
78 89 21868 132
17 76 59339 166
35 3 3130 428
9 3 2941 147
39 20 28140 116
47 3 6050 41
24 64 64600 91
49 2 24007 1129
1 35 6115 472
29 47 26426 44
16 85 50718 49
49 65 73372 287
83 297
86 60
30 387
100 401
64 160
85 46

21519422
