100 499 3 3
42 30 6999 16
42 50 5191 50
42 99 30626 644
42 22 17337 90
42 8 28005 101
42 48 18429 81
42 59 2179 33
42 95 23855 115
42 28 20937 545
42 53 81500 111
42 96 60974 51
42 56 5458 94
42 46 5175 168
42 7 16165 286
42 11 12321 165
42 85 2939 581
42 66 92422 245
42 94 37214 82
42 32 26119 231
42 31 7430 182
42 44 49625 42
42 45 10469 152
42 6 83808 88
42 12 10424 102
42 76 24146 90
42 69 8738 121
42 36 22793 86
42 58 182516 87
42 91 40479 71
42 84 8792 2225
42 87 15637 238
42 18 21528 221
42 2 17472 47
42 23 33525 66
42 37 46532 1184
42 25 143111 291
42 62 17698 143
42 83 13768 100
42 27 6305 288
42 19 51233 345
42 21 38580 30
42 40 36386 73
42 13 4794 577
42 24 31877 232
42 98 23622 759
42 55 29644 214
42 43 33733 347
42 82 21185 56
42 52 17056 84
42 90 4674 121
42 65 138111 369
42 88 26017 87
42 92 23488 140
42 57 42847 40
42 10 64681 255
42 41 29135 952
42 68 8616 100
42 9 20723 144
42 81 26128 25
42 97 51137 134
42 38 7319 309
42 86 39741 60
42 15 25608 101
42 80 7720 253
42 26 49209 82
42 20 24742 190
42 35 28489 75
42 75 16397 47
42 14 59122 224
42 29 4307 392
42 71 12876 185
42 5 7739 94
42 77 10619 346
42 1 15682 322
42 17 36356 551
42 74 62127 12
42 54 6037 878
42 73 33445 350
42 51 18749 208
42 4 43664 97
42 16 83606 540
42 93 14931 172
42 60 13149 357
42 33 17656 2432
42 61 17915 654
42 100 22103 58
42 34 10400 23
42 89 72046 93
42 39 26886 98
42 79 21591 252
42 70 26007 1227
42 49 136986 256
42 78 12167 134
42 64 11867 42
42 47 217686 167
42 67 8604 63
42 72 4214 184
42 63 23486 117
42 3 3743 222
68 8 26911 256
66 98 21357 188
64 16 20263 64
46 20 22838 133
18 39 73791 188
91 9 47980 176
61 82 9809 272
84 70 6850 100
35 37 9159 324
67 1 147647 103
11 29 15330 1519
49 36 26339 194
4 52 45573 170
56 14 3784 87
30 84 12123 98
41 69 29102 1061
100 33 77128 56
70 75 15140 91
52 21 29413 98
40 14 6453 121
1 2 17647 97
21 89 27954 280
14 47 28293 53
43 44 2592 236
46 25 21602 17
94 59 10614 38
36 79 178213 459
48 19 75812 280
87 22 38629 35
37 94 7625 65
52 57 14169 775
5 53 90661 315
24 83 33379 508
71 6 40469 77
11 50 24516 687
2 17 13202 66
57 33 5016 1929
100 41 22758 485
46 56 60382 111
59 97 23150 35
73 55 59156 26
46 43 23881 417
44 20 9131 111
79 9 16107 845
1 38 18521 85
7 70 24074 136
23 64 25632 124
6 27 17672 414
15 89 19415 207
77 40 11923 313
68 92 10159 613
56 34 13050 74
39 15 35981 169
21 70 93638 137
58 95 2018 177
95 13 110409 2585
16 82 61393 80
38 84 11961 740
51 19 29744 95
50 94 20751 210
16 76 18884 1229
51 11 14261 40
67 63 21942 32
83 10 22143 224
66 92 6599 87
9 18 8427 2155
15 93 18173 197
27 9 87407 35
72 51 6379 349
66 3 32028 29
36 77 10777 50
69 63 41333 85
44 70 9654 937
18 60 26998 51
90 67 4017 307
34 63 32253 567
100 80 32208 254
63 26 20571 116
48 39 38219 22
27 50 5063 20
38 43 12261 43
73 46 252539 615
59 81 214700 64
23 21 42446 242
6 96 107049 259
52 63 31960 508
36 37 20751 129
64 44 6769 942
72 99 66161 24
52 30 30957 123
94 13 23161 123
86 48 25805 146
74 94 20111 1387
11 82 31091 295
66 31 16617 410
93 55 11095 559
80 95 1015 80
18 23 67391 142
55 3 6416 73
48 75 211041 174
25 92 69934 547
14 6 31741 80
87 37 79523 36
68 59 28757 105
35 16 11732 616
69 57 4122 450
49 70 19675 259
97 53 48359 220
37 42 15482 174
3 43 8632 43
76 6 39897 69
15 23 5624 136
65 8 13017 619
72 28 22333 51
88 92 12190 81
53 9 11151 90
83 76 81499 128
13 20 32575 86
80 9 20336 98
44 71 23425 1061
50 53 11607 50
55 6 21264 60
78 81 30195 293
61 60 56628 203
63 62 97014 93
38 94 108942 57
61 54 39271 18
38 19 7953 93
70 59 33841 160
28 58 11453 258
91 45 8786 156
82 67 21990 90
13 84 6071 110
14 59 8436 103
6 45 5221 185
4 86 16437 195
70 76 13451 43
24 57 13372 382
48 42 12354 153
28 62 27372 117
52 29 55549 47
98 79 35767 784
24 58 22267 443
55 60 11912 140
91 57 8049 120
49 30 234571 35
94 34 7224 613
87 3 29516 37
58 59 32415 35
56 4 12171 720
39 85 8387 55
90 44 45905 71
98 56 70180 325
30 85 22972 35
1 35 20281 275
58 7 21723 127
32 76 73828 120
16 34 18447 339
57 81 34177 166
46 72 87586 128
23 63 20614 195
4 12 20960 598
19 43 15726 155
54 5 22126 67
46 29 37939 20
81 65 16046 33
92 54 13810 53
46 69 4727 406
24 94 48344 69
2 57 61237 42
14 37 35889 509
62 39 65985 201
23 75 9667 158
88 95 73240 50
82 2 13440 113
35 28 19294 284
50 87 13496 208
13 36 16336 61
88 47 9168 17
49 57 2718 21
87 43 61133 658
100 63 32045 1186
27 52 32120 78
25 31 21166 74
30 76 8631 178
89 74 1533 302
58 2 29910 133
75 40 10563 182
36 69 353745 123
15 43 29297 131
4 69 34491 207
44 90 6723 333
68 47 47872 267
39 14 24942 10
33 46 11328 32
38 63 117731 52
24 69 63376 143
66 60 88906 159
56 100 31078 73
29 13 75453 112
98 46 12697 186
24 91 16050 118
88 90 15384 54
25 54 63132 79
87 89 13532 303
50 96 33312 289
11 16 7207 94
12 6 8087 176
32 43 58608 69
64 52 42533 435
45 13 73796 74
54 91 117891 691
78 94 3574 110
8 27 9107 182
84 56 29989 490
68 5 26515 8
16 26 63096 56
30 61 29114 124
96 38 8465 40
26 63 15626 390
100 4 32446 99
74 69 19425 105
30 44 98685 390
4 49 111423 125
14 33 12976 674
5 41 158465 150
58 15 71345 98
72 81 21635 73
37 45 7179 1493
96 29 37632 156
77 93 6703 115
26 93 6842 42
81 82 16204 275
72 9 8026 68
100 47 24790 104
82 40 129936 450
55 91 76846 277
92 11 8064 137
60 31 34001 25
63 75 51197 897
52 65 43072 192
3 75 25783 78
95 57 16614 87
70 71 5518 605
31 80 24665 150
60 45 18393 74
61 65 36689 159
91 49 74744 101
44 78 42048 75
83 86 41566 122
51 95 20323 58
55 69 47547 358
34 82 20354 165
22 39 24762 801
16 32 87429 107
21 77 10851 520
16 18 6807 112
4 42 31859 427
98 37 7862 280
34 50 80429 43
48 93 13188 118
93 50 46841 289
86 64 55241 178
12 90 31145 134
12 55 107329 225
2 80 12266 44
4 70 7299 139
93 41 13353 365
67 65 8739 128
87 52 53687 64
61 9 18620 53
18 22 9143 55
32 47 106863 304
55 64 68810 238
56 91 3424 336
36 5 14344 49
92 27 10343 912
51 92 23268 429
61 83 166304 138
31 59 164201 43
79 44 10217 93
52 41 16519 189
30 27 21218 661
6 21 27101 61
7 71 10235 120
51 12 9148 95
51 78 110993 31
100 11 4055 173
21 87 44008 555
66 77 70459 141
14 74 1744 179
45 82 15967 698
5 80 9546 279
34 58 10725 171
86 88 34038 255
28 9 9069 25
78 91 16038 66
47 95 8824 203
56 12 17656 3390
57 29 17895 218
24 54 6031 95
58 9 32868 108
63 61 81429 198
92 9 14758 65
59 48 11226 263
13 37 55609 902
52 55 28302 174
84 87 69132 104
100 43 6504 86
100 23 29334 57
82 87 18731 193
95 79 26414 382
47 91 61504 138
82 80 21139 100
33 40 56714 329
83 98 115754 363
50 73 21579 69
36 86 22882 456
47 93 23704 12
57 86 67909 97
27 26 58319 315
41 58 52301 110
80 3 43050 72
17 79 26995 257
88 40 31808 236
90 65 14792 237
35 96 53708 59
57 66 28463 109
23 1 17552 105
31 27 30583 27
91 36 26933 28
55 38 23412 75
13 45 41452 85
3 2 25597 537
44 25 21268 538
55 31 18370 87
83 2 62576 275
45 42 20121 89
22 1 83409 18
89 98 64364 150
57 30 55057 386
59 42 34329 196
18 26 159456 171
21 10 27397 795
39 23 10656 100
19 64 105030 108
16 48 53061 57
2 68 13342 327
12 82 88548 23
63 37 96698 258
38 26 13448 52
62 22 60304 155
5 90 54211 119
20 52 112748 403
60 38 27426 12
57 4 50144 26
94 81 30202 88
28 32 120554 144
91 70 144833 20
82 12 94074 125
63 88 2101 155
5 70 13006 188
54 55 103704 319
47 25 7714 363
71 15 5657 266
38 1 58646 368
100 32 48012 663
89 90 6069 478
94 98 10258 58
36 73 75693 173
70 9 13400 345
18 62 2992 122
79 78 5091 164
77 64 70549 70
53 7 13650 226
26 76 68086 305
90 16 20198 133
37 50 47431 564
51 83 8367 212
72 87 10520 296
44 13 36549 53
89 7 21055 24
25 66 25412 320
6 61 113697 437
43 60 8990 289
53 25 95578 707
25 93 11207 60
89 20 18504 220
16 21 23047 402
45 19 2800 229
29 38 36448 167
55 62 28885 51
39 38 115750 805
68 88 26924 237
10 23 36666 193
100 70 102037 125
10 58 16998 1063
59 46 15239 227
35 77 13820 556
87 57 10902 52
42 396
100 55
55 81
9 31
70 219
63 28

4960178
