100 499 3 3
58 46 13359 57
58 33 34480 102
58 10 60531 196
58 71 37788 116
58 74 8015 119
58 81 19496 388
58 85 12337 147
58 86 53462 77
58 87 17062 76
58 40 26269 289
58 39 11197 27
58 19 17254 284
58 5 67762 146
58 20 25234 248
58 57 15375 98
58 93 24825 3882
58 75 9673 467
58 62 58463 132
58 48 9481 262
58 15 13458 582
58 77 54882 125
58 41 46840 85
58 31 17706 161
58 56 3886 290
58 66 5398 204
58 2 25199 654
58 55 123630 139
58 96 91142 1301
58 92 24331 267
58 76 19905 12
58 53 13033 221
58 14 58271 460
58 84 19964 93
58 68 15109 156
58 7 38744 269
58 27 8817 167
58 90 33440 261
58 23 45365 226
58 38 79171 100
58 29 10052 639
58 1 9166 63
58 100 99954 947
58 4 14899 194
58 72 26276 428
58 30 48848 574
58 78 15560 232
58 61 23286 190
58 24 5831 202
58 16 114713 369
58 32 32006 31
58 22 5683 187
58 65 6809 37
58 89 69045 473
58 36 33421 107
58 8 8657 119
58 51 30942 74
58 45 6688 86
58 6 30071 119
58 42 7433 81
58 28 28165 628
58 67 8757 138
58 80 5600 211
58 83 26428 90
58 9 67742 64
58 82 44065 62
58 73 13957 10
58 98 3501 108
58 12 22015 215
58 21 13004 54
58 88 14078 1002
58 95 18387 563
58 17 8052 598
58 99 35040 138
58 18 13924 109
58 44 10136 20
58 11 6083 303
58 54 4028 470
58 25 9350 50
58 26 28339 426
58 43 39297 873
58 69 22869 55
58 59 110369 81
58 13 33665 109
58 64 2821 165
58 52 5592 304
58 37 39223 64
58 79 11645 199
58 91 274658 523
58 3 41855 273
58 50 26461 573
58 94 22292 115
58 97 64501 23
58 70 19400 36
58 63 53845 129
58 35 5508 286
58 60 8160 896
58 34 210336 193
58 47 19105 76
58 49 24399 332
52 27 15103 166
40 55 13500 233
79 48 128542 22
18 98 31535 466
27 35 11500 1008
10 13 29298 124
45 64 17035 452
59 8 30809 594
72 57 58204 57
9 23 142004 186
93 49 6980 324
25 100 34246 1642
38 83 16027 102
29 65 9096 141
62 57 25455 57
6 79 6309 287
11 28 14991 124
81 58 48248 175
15 64 25547 210
100 9 7870 88
59 62 13419 116
93 74 48824 1101
14 70 16677 671
35 73 16054 145
52 55 4479 31
36 64 16256 257
66 100 19186 131
79 59 6261 246
29 91 98114 34
69 77 40351 100
50 75 22400 78
76 8 8193 56
44 14 18472 333
23 4 59234 52
66 31 37005 891
100 83 147438 48
37 66 13466 277
5 57 9543 305
38 99 6014 196
38 31 5778 39
5 52 74974 543
37 82 8169 91
16 57 18998 158
10 72 30299 1184
94 62 54888 1049
26 30 33114 194
74 4 25818 369
64 97 45759 208
45 28 86113 25
52 44 14550 92
29 68 6865 288
62 48 34757 1119
31 58 14310 204
94 9 42311 153
92 48 46187 102
60 62 7183 363
19 57 8168 109
26 67 1270 52
55 62 45301 50
20 47 59303 24
96 100 27233 300
43 12 8856 122
32 48 10095 59
1 21 98567 259
57 71 30937 45
17 48 15665 215
16 75 20012 100
60 43 2034 106
34 23 6258 76
69 46 98298 585
56 38 30515 110
80 15 35236 59
87 71 6108 218
25 20 5118 156
76 86 55924 41
18 48 24206 223
25 59 21667 157
5 98 7544 373
34 56 10771 81
57 60 5596 314
83 18 17411 112
6 46 21884 278
71 11 15378 149
100 90 22342 46
15 4 43557 69
33 91 28075 66
16 27 38498 73
22 8 11310 198
11 32 5597 73
2 54 10421 395
37 64 29981 204
22 91 28541 220
63 66 3534 153
77 53 5276 215
41 50 38289 370
49 32 46707 111
50 16 7560 54
82 57 17064 329
43 29 21137 338
16 17 14013 65
93 85 28125 37
30 7 4441 587
91 64 7948 237
77 58 7692 42
60 71 18410 42
32 89 78706 18
96 69 27282 132
99 10 29566 18
38 13 28378 37
24 91 2708 355
91 41 67674 206
86 28 42361 78
92 51 7302 129
14 2 44456 118
23 30 10343 294
4 19 11964 292
35 86 93774 103
89 26 33253 33
39 51 60243 326
38 4 21747 715
23 43 8496 204
57 82 7410 22
96 36 26649 400
39 28 19146 386
62 85 8776 429
63 73 6482 1082
54 18 131364 305
92 29 22627 18
81 92 10537 114
9 16 6609 291
66 71 21478 118
90 38 14370 122
64 17 23505 85
91 94 40752 24
42 76 10074 995
39 24 5721 149
8 4 15111 268
46 96 9015 114
100 53 19729 445
19 98 65476 161
97 73 34923 245
76 64 46780 50
90 41 13623 104
97 83 51412 73
93 48 72644 18
57 53 16878 112
65 33 8916 212
44 99 6560 175
96 80 85886 103
73 91 23110 567
40 34 9749 146
53 93 7623 67
21 33 13410 175
53 43 11661 82
77 62 9327 147
51 25 512893 116
93 78 42305 59
87 51 421552 128
42 1 11251 111
46 78 4232 20
78 52 120427 229
57 12 21248 169
61 14 16706 21
86 26 12096 49
90 20 3991 186
11 63 18368 88
91 57 52679 39
5 8 15458 15
47 78 7714 92
66 34 46664 118
27 79 53230 285
68 3 8292 152
60 9 17275 39
14 61 14457 46
21 91 14948 102
50 17 45479 335
50 19 16345 80
2 39 7804 1019
77 8 20591 210
75 6 3234 58
59 77 130615 22
59 15 6444 167
27 99 33820 34
83 56 41548 41
23 12 74303 1896
33 36 8710 96
48 78 16272 16
29 42 44618 34
24 82 27768 174
81 12 36027 335
37 1 10242 39
89 44 42004 149
19 35 25744 67
66 70 3547 91
47 81 32827 110
28 50 71378 123
48 37 6401 187
37 15 12795 173
47 69 4828 68
19 87 81111 34
40 36 6833 21
48 17 3400 142
57 79 8225 19
99 35 35612 191
83 50 37339 272
62 92 3281 139
52 81 1803 169
38 39 50809 60
91 28 53948 281
92 99 9434 61
7 21 17683 115
44 4 21592 479
6 31 138911 156
17 1 69491 455
27 23 31609 163
31 63 14130 88
70 21 43615 437
4 2 33463 179
38 15 88073 239
48 3 93010 29
39 56 9016 118
94 83 3591 46
15 11 84171 101
25 84 30527 267
42 17 18667 138
76 13 123731 56
66 10 4597 126
68 21 5652 253
11 42 10847 129
25 53 16605 106
52 14 46375 24
4 26 38673 44
60 78 15068 29
26 73 3844 56
14 19 3314 355
67 89 5934 493
43 72 183420 136
14 98 13760 726
36 18 23372 99
26 58 31191 72
66 68 31545 349
61 19 20009 120
93 67 8660 102
6 76 23543 1131
13 21 47902 94
41 85 82556 347
26 61 32466 185
56 64 26289 153
45 22 27155 199
67 90 35417 156
56 43 9156 29
2 6 27270 98
38 57 52016 128
39 17 17459 847
66 17 3254 53
43 62 14820 153
11 84 37571 345
88 20 21258 127
49 29 25899 112
70 83 12308 137
27 15 17826 446
93 59 25396 480
38 54 22881 267
88 4 16897 194
9 53 6846 67
11 47 9982 662
99 4 16149 128
65 35 3355 74
1 82 63858 57
65 6 10360 218
30 84 5863 41
94 18 4709 10
5 68 5123 101
43 39 69561 402
71 80 5593 567
42 10 80094 60
44 48 50614 496
43 46 17845 86
9 19 37505 113
78 43 37094 163
25 65 14170 424
76 37 23617 261
89 40 32877 271
53 79 13995 87
96 87 18978 239
26 94 34928 23
11 43 13459 104
76 60 29017 74
82 77 69255 188
93 54 29045 114
27 14 72990 62
43 7 21570 6656
38 88 85305 83
47 71 127405 76
2 17 37529 63
92 4 10613 140
11 22 48057 72
18 32 16653 43
30 60 41198 108
47 93 89077 145
68 83 29470 786
23 95 18729 148
100 29 109419 1042
81 67 127300 233
92 62 15638 32
73 7 4104 83
21 34 25741 42
35 66 7701 31
41 68 21718 87
59 5 42746 98
60 36 17092 65
40 79 8376 100
14 31 78464 32
53 54 39834 118
35 38 15346 444
89 30 59505 256
92 5 111229 207
88 16 8656 62
63 92 25074 93
43 33 92251 55
22 25 13508 15
13 50 4653 107
60 48 31970 163
77 19 38632 57
77 47 9058 29
32 61 42263 81
64 83 24118 162
17 47 2393 153
90 55 68043 267
62 96 17755 197
78 10 12623 145
94 92 46126 70
38 32 26275 139
19 53 24798 423
17 87 125840 177
74 26 9622 267
39 29 10986 23
93 73 32139 388
65 80 3367 236
12 31 7420 256
41 22 10835 589
35 78 74509 149
14 67 86561 66
49 83 34696 68
23 99 46074 202
5 97 5768 87
7 49 80951 67
59 81 16626 71
29 5 33716 239
74 78 12276 107
28 38 7597 711
5 12 9755 34
90 4 63447 237
60 85 12499 113
20 32 49020 42
5 60 11707 95
17 9 83857 43
46 39 23605 83
62 86 3582 1696
80 77 30089 164
5 69 7388 113
6 68 38567 51
57 2 10826 52
19 1 8004 329
89 52 15803 116
93 91 12404 1004
79 6 43318 1522
21 72 2241 96
55 77 65658 443
10 69 42467 405
3 60 11087 86
63 70 19125 41
18 9 9363 53
98 77 1299 100
57 47 9501 636
91 11 40011 87
12 88 22530 63
65 91 13281 230
48 46 12360 48
56 44 27114 260
47 22 7821 172
21 65 5828 42
65 93 31602 43
84 66 45925 249
21 27 401715 45
89 82 19370 51
63 5 135019 277
37 84 16246 180
84 91 40564 202
68 97 15656 285
70 25 27594 76
23 73 56965 64
42 66 78551 24
44 35 9304 72
71 85 119968 265
4 38 68752 29
62 66 21329 236
68 17 6218 428
1 45 7081 452
76 94 21777 224
58 5148
38 1188
93 40
4 125
91 2812
48 1117

164397831
