100 499 3 3
100 12 55314 904
100 16 56389 53
100 20 48342 77
100 76 24101 223
100 4 16814 96
100 18 13144 81
100 70 59072 1245
100 63 11471 352
100 9 10128 92
100 11 35405 85
100 27 26998 214
100 19 19772 506
100 98 11416 52
100 52 4356 441
100 89 104471 76
100 26 12018 178
100 37 28359 488
100 66 5544 68
100 31 101940 188
100 3 10356 1331
100 1 12637 88
100 30 15637 240
100 74 17883 770
100 40 5504 59
100 49 12123 474
100 34 58097 843
100 67 10459 162
100 91 21529 196
100 79 14679 65
100 97 15351 121
100 50 2531 87
100 39 29980 185
100 90 17202 27
100 10 13251 156
100 61 113633 80
100 99 1068 31
100 23 22115 60
100 82 71244 62
100 72 515031 160
100 51 34661 15
100 71 25464 136
100 83 10765 130
100 2 30450 160
100 78 11154 368
100 5 6541 74
100 68 31881 40
100 38 29473 75
100 44 40445 466
100 77 71717 113
100 93 8039 110
100 33 32981 184
100 46 27722 282
100 88 53649 100
100 56 19573 60
100 54 9937 814
100 80 136907 59
100 57 22464 212
100 55 7205 98
100 43 63808 470
100 42 28516 205
100 64 2247 497
100 45 16120 106
100 53 5092 135
100 7 17515 393
100 65 9127 133
100 87 20741 681
100 94 27310 392
100 14 12534 773
100 48 33659 270
100 17 76067 56
100 24 32344 240
100 62 43584 327
100 32 18885 131
100 36 14796 208
100 75 52323 305
100 21 21354 220
100 84 22131 316
100 15 35244 72
100 95 63014 213
100 25 11438 584
100 22 126949 247
100 41 182693 142
100 96 30742 97
100 86 13297 308
100 47 4493 236
100 69 11765 26
100 73 18458 25
100 85 6462 505
100 81 14345 208
100 28 18917 520
100 60 76239 61
100 92 13965 210
100 58 33953 118
100 59 16067 532
100 6 22365 109
100 13 25360 158
100 8 21452 26
100 35 46668 139
100 29 40297 169
50 71 26471 202
65 16 44527 42
62 81 64204 71
52 42 44748 40
94 1 42463 179
65 40 12259 158
16 38 46794 30
57 56 35971 1037
68 75 10450 270
59 51 34479 119
67 60 40333 250
72 91 31779 512
85 60 12687 145
75 88 8929 57
12 55 18576 69
37 4 21482 100
66 35 25331 1070
52 21 12601 209
98 42 18673 123
29 17 36322 44
40 16 3939 448
33 58 36243 310
20 58 7979 249
74 93 21759 239
31 99 13786 801
18 71 6439 176
73 37 21881 303
55 34 48709 222
65 87 24571 100
69 54 17891 87
29 42 7067 84
12 25 42830 119
46 40 12252 130
48 88 34436 260
16 59 23304 141
29 18 46243 26
50 79 19380 71
56 30 19563 175
58 34 8862 221
8 14 13243 829
86 75 67362 94
69 92 259913 139
99 65 18103 55
98 62 160941 384
18 33 21144 171
40 41 25059 250
26 51 13402 89
94 66 35277 55
18 28 20754 24
64 71 46972 471
14 56 20602 480
62 84 25870 625
65 44 27167 167
9 40 11330 139
46 14 38138 122
4 13 15673 684
20 32 14324 171
59 39 24601 149
42 3 58804 114
61 10 34163 493
94 3 25365 124
50 96 62575 186
54 64 33696 236
34 55 7943 272
89 77 42401 231
54 76 173206 82
18 90 11576 99
24 50 4355 653
67 84 71564 185
5 37 85082 342
13 25 13516 327
7 41 118497 1112
12 21 27549 279
21 17 11189 120
82 42 119697 63
65 76 65831 103
59 1 61042 36
61 84 4159 37
41 35 8593 44
13 42 11372 110
43 49 12600 687
57 95 38528 279
87 31 41454 516
8 56 11542 142
53 10 3380 76
75 14 5615 31
31 78 17840 81
41 47 9262 211
87 79 20955 27
71 52 13117 79
57 92 54333 292
65 85 3711 187
85 40 13841 128
44 79 27054 134
38 100 196190 811
13 72 3302 158
31 95 52681 1060
16 34 117873 196
14 57 29201 317
46 80 45301 161
41 82 74194 134
64 16 42528 466
23 30 18503 129
13 71 26176 299
33 23 28041 244
58 70 118021 8
99 22 7449 70
31 17 4098 81
8 47 39520 397
39 24 21605 146
79 51 21420 26
50 62 8353 289
73 76 19124 114
95 97 61094 766
41 34 56289 51
71 8 6068 22
97 17 16662 244
1 47 10177 113
75 54 9088 591
44 12 18619 93
12 91 30082 57
17 54 3857 882
30 5 7788 294
66 27 31671 442
22 27 15697 456
57 53 15923 82
33 92 34651 142
56 96 14822 311
36 55 68683 203
81 24 47560 58
20 68 15372 68
15 19 124671 160
8 100 11296 31
92 12 6342 153
64 55 11961 328
85 10 36552 562
31 23 14430 106
26 82 6094 224
16 21 30056 181
5 26 14929 165
16 41 1944 75
50 53 16394 49
92 51 82829 63
96 77 17806 95
65 94 13430 849
92 76 13050 297
5 39 49368 468
31 13 9085 61
42 74 6476 99
4 26 16345 38
67 42 8048 207
5 41 15545 29
72 43 4261 535
81 70 4559 66
2 54 22376 177
5 92 8491 91
64 70 24712 13
7 39 85421 207
26 64 122349 52
12 40 14880 78
30 35 4210 78
43 56 3874 73
15 94 53935 237
62 12 10939 24
84 33 8218 256
49 25 42234 254
44 2 46557 209
24 39 11706 90
13 70 15136 47
45 58 74613 108
53 6 140983 79
58 42 135698 51
82 3 62168 650
15 77 8870 303
76 30 37389 160
16 45 20523 152
3 97 22328 426
12 51 49943 70
7 88 24208 387
30 73 28223 107
56 1 32346 459
29 91 57483 108
80 2 16232 2022
50 92 49111 89
38 33 4010 616
21 100 10768 78
15 76 13473 225
41 27 1033 156
96 23 17845 353
79 77 42057 352
84 87 92027 106
3 16 36110 140
72 58 5271 50
83 84 13486 366
74 88 16199 369
42 96 34227 287
87 81 25738 36
78 59 10303 279
90 94 134584 338
55 48 13376 60
45 67 32896 379
30 63 38945 86
32 64 7207 93
7 51 11577 127
48 89 16923 194
99 89 5133 207
79 100 3331 440
68 100 14359 92
52 46 37463 36
20 96 15376 231
99 88 46638 150
24 59 6784 37
34 17 21877 974
36 18 11110 797
13 64 2792 56
73 51 20416 118
49 31 44170 892
5 16 85720 364
67 97 89083 51
53 37 118394 66
78 84 37602 74
25 50 26253 153
72 85 48964 40
69 21 125162 362
58 80 47507 237
40 54 28168 26
70 14 8995 779
35 40 5730 116
48 58 7259 202
51 99 26416 391
76 54 17137 106
26 75 80797 282
48 60 13378 58
22 4 13576 66
10 47 11030 207
12 35 8369 412
83 11 68128 99
23 92 37126 134
55 4 12049 398
24 44 45611 39
79 22 5182 165
40 42 31061 420
69 51 64807 155
95 26 18035 349
41 39 55770 219
74 42 21184 114
60 15 27372 45
19 69 16322 32
63 6 51044 125
32 2 21912 82
13 55 58992 280
69 22 26077 59
11 60 7031 183
89 71 5796 165
78 40 119148 220
15 60 86908 136
53 46 5845 35
4 2 2856 97
95 30 2595 180
95 52 84359 117
95 27 11391 651
17 38 98958 116
45 14 10344 162
72 2 6988 1088
87 62 36043 72
55 13 23883 138
11 59 7811 132
85 71 38677 369
50 15 52359 103
28 88 4317 406
67 73 58348 460
28 82 1964 136
79 55 14685 39
80 73 39662 40
21 1 17583 251
25 33 47008 376
90 31 29130 181
14 12 24830 127
16 50 55445 174
94 69 22663 153
18 50 11077 221
14 63 81943 118
37 19 8521 339
2 91 12757 150
8 54 2514 31
14 19 55208 166
60 49 36874 59
41 30 12481 47
48 87 11913 76
12 22 23221 426
90 50 117514 100
65 5 40036 109
12 99 193600 112
16 4 6066 85
89 41 4042 636
32 41 25091 458
81 34 5419 329
86 22 7362 110
37 64 75786 203
80 21 71298 73
44 49 20122 56
71 40 38603 167
83 28 38020 57
21 57 59967 140
11 89 3279 67
22 8 8899 468
79 29 17222 52
35 64 87028 753
21 7 45806 106
87 26 24665 187
63 5 27165 259
78 35 71725 95
92 42 29883 225
85 81 8824 30
19 97 12410 60
40 69 75946 14
1 86 90108 402
73 1 77417 23
62 18 86707 555
71 84 19458 210
5 93 60695 61
70 62 6681 320
38 71 29666 37
81 23 12861 26
8 32 59488 307
39 79 42452 167
77 53 78916 107
26 90 13979 127
67 82 23614 240
98 68 15351 52
20 92 36034 139
71 98 163977 112
21 40 18801 32
90 69 8725 71
43 34 15208 62
37 83 35772 158
65 61 143871 51
15 13 8685 365
85 5 7869 171
42 23 31040 238
50 5 13305 545
11 80 39154 184
60 76 303951 87
1 14 23597 219
35 68 2458 29
78 55 20837 549
34 72 36623 46
66 81 90167 76
34 92 42047 260
85 86 13204 56
81 74 29917 132
16 31 25645 144
85 76 28405 85
15 45 14975 249
30 96 29719 463
7 53 13557 35
52 43 8522 50
58 33 119717 649
3 46 70946 41
44 74 22053 140
80 28 44070 34
70 6 7856 293
60 20 17502 211
91 28 7624 530
96 65 33416 245
16 65 16705 325
36 21 4068 226
14 85 15600 582
84 74 27724 287
69 64 40913 194
6 53 82827 138
89 38 15724 92
26 81 39964 323
26 52 14321 39
20 28 33942 130
86 44 42281 31
76 68 34957 220
64 60 23434 305
83 9 2630 105
72 11 73196 341
91 42 19761 95
75 47 22544 124
90 10 28142 66
56 88 17574 97
34 64 12409 424
70 56 77167 54
66 23 27166 805
95 64 10485 139
94 82 12894 211
54 59 75996 135
30 6 45975 295
60 55 24129 381
72 52 11118 56
24 99 20245 515
7 6 5603 241
19 72 23013 46
59 14 13978 44
40 80 15636 385
28 47 4996 1074
55 19 121757 170
100 99
16 110
65 162
42 95
64 105
40 34

4064500
