100 499 3 3
29 80 3504 402
29 5 45754 88
29 3 20050 13
29 83 7903 257
29 37 1833 182
29 51 34492 178
29 26 106829 156
29 36 15698 465
29 96 69315 268
29 25 3834 210
29 49 8136 175
29 47 164955 230
29 7 33173 546
29 90 34008 37
29 44 27692 119
29 31 26634 200
29 67 5927 32
29 22 24239 21
29 19 43384 826
29 95 32734 53
29 66 13637 22
29 28 15449 112
29 75 75204 319
29 24 20898 148
29 63 3191 91
29 97 6985 207
29 81 8277 158
29 34 4128 150
29 56 49495 54
29 15 47344 354
29 10 11692 507
29 84 7833 625
29 9 9987 80
29 72 4151 149
29 88 5187 66
29 74 48987 268
29 46 34118 110
29 92 4863 310
29 54 46714 183
29 100 48523 42
29 55 4052 102
29 99 7503 517
29 57 20337 121
29 35 178803 217
29 65 41717 163
29 59 36701 203
29 68 23145 99
29 40 9634 108
29 4 16549 112
29 48 8034 117
29 14 12006 87
29 17 7516 524
29 16 26886 37
29 77 42788 42
29 42 6076 379
29 79 37488 218
29 33 36555 89
29 89 12551 378
29 86 16671 72
29 6 15661 492
29 87 22055 187
29 52 10978 109
29 73 45517 66
29 93 49369 152
29 94 6630 59
29 82 16852 62
29 76 14675 127
29 58 18835 143
29 12 59130 52
29 20 6048 140
29 71 3634 121
29 13 34386 243
29 41 30396 190
29 98 23071 74
29 8 71885 793
29 23 22959 122
29 1 2899 634
29 91 59043 147
29 39 22234 245
29 60 31560 38
29 50 24041 52
29 45 26305 416
29 27 75166 55
29 78 24207 564
29 85 14538 70
29 11 6094 130
29 43 18079 411
29 30 65545 350
29 32 3785 221
29 61 5714 488
29 2 81423 123
29 18 10663 1123
29 21 23721 110
29 53 72061 333
29 64 24293 68
29 69 19169 259
29 70 69964 58
29 38 13339 17
29 62 12006 58
85 61 15406 230
13 4 59712 60
99 28 39740 667
85 45 8400 215
63 2 224014 275
2 36 10456 57
73 82 19844 67
30 31 28299 876
13 81 15359 296
90 69 5605 443
39 88 18408 51
68 3 53378 84
89 59 14739 380
31 96 32132 135
100 73 26557 58
26 23 104595 150
44 74 5944 80
53 72 110035 105
93 98 25723 385
100 51 15424 104
60 64 14813 98
86 80 16355 914
71 40 9950 78
44 98 43245 39
85 44 23282 512
86 45 24146 879
32 91 10072 144
30 3 9632 446
10 90 88753 311
84 72 41862 28
62 52 6625 111
5 82 45164 54
41 39 24105 156
68 25 18053 127
68 64 52645 380
17 93 4439 61
20 8 66759 68
90 1 21809 83
96 73 39191 97
65 19 17653 10
55 95 33348 409
23 59 43845 193
88 64 44954 114
80 75 5093 73
71 14 12735 69
6 46 19477 291
49 20 215542 184
52 65 35625 856
92 1 9305 215
53 100 17356 213
70 78 19292 104
54 72 134985 91
66 60 20713 47
52 91 14399 206
60 62 5754 268
61 83 16176 45
61 15 80763 141
93 46 21481 811
2 43 34442 177
97 6 28704 81
100 89 18873 185
76 51 16617 46
21 9 50170 468
71 2 31972 181
48 88 12775 265
28 80 24741 713
60 47 91828 23
68 54 38018 67
100 76 9279 225
98 72 17817 18
73 7 86667 379
9 58 17154 175
88 76 186776 91
28 36 26430 142
74 33 64885 40
62 14 4951 25
74 15 11257 126
64 40 19437 147
86 74 47544 147
27 73 31721 423
86 31 4662 348
50 75 24041 87
64 38 12056 66
47 99 73970 349
100 71 46726 155
92 88 32518 47
6 71 39395 480
92 24 294772 299
90 15 9618 86
77 6 3325 70
88 77 123240 711
20 53 42537 130
83 91 51397 173
86 1 11413 289
65 44 43970 2935
9 15 25808 250
14 50 6220 159
72 14 20552 159
41 51 17978 191
13 20 95044 172
85 28 13814 80
71 34 40476 508
22 79 31951 683
60 95 23938 166
82 70 84477 165
28 64 7041 167
1 25 100015 209
10 25 85120 222
72 49 17653 167
30 85 23810 383
88 52 18985 398
49 48 28195 152
17 9 20422 263
56 68 13635 31
7 49 36116 1027
46 98 4414 258
18 98 27713 641
45 65 6855 58
17 55 21948 92
16 96 6818 48
90 10 54812 76
75 89 112550 251
48 53 42184 83
78 74 24210 115
21 46 7655 213
38 87 12276 157
34 36 58774 203
40 97 15381 408
47 81 1992 180
55 51 46062 140
37 40 48185 287
72 79 49171 287
49 23 87857 304
61 25 11701 73
46 15 31849 113
26 18 32653 177
90 11 16557 79
35 14 14701 73
84 70 47838 331
94 52 5915 14811
53 90 32220 93
63 71 15727 116
50 61 22705 111
78 86 9438 291
41 5 17143 452
52 99 23050 269
44 97 7773 239
25 47 16872 250
27 57 9861 287
35 70 11447 209
8 97 18344 74
60 84 13628 20
69 84 31851 214
97 43 15773 501
30 43 37572 162
16 75 88885 169
53 35 8100 85
37 33 19599 557
81 68 42090 212
28 94 49947 126
21 26 53804 464
35 80 18822 212
44 13 9537 1286
99 76 5467 463
31 57 4111 115
44 42 152763 38
22 53 25826 121
66 50 28162 1385
27 81 31246 515
65 21 90753 202
62 91 86146 74
42 35 5418 358
16 99 11983 624
44 77 11581 96
39 23 27729 180
19 54 11022 214
77 75 9394 243
7 97 118981 286
45 42 8852 393
65 40 59754 195
82 56 90600 147
53 73 52826 554
73 76 21449 78
49 21 18024 1567
86 23 12132 85
7 66 42386 214
15 72 1638 80
79 36 14275 182
91 84 18107 202
24 25 15954 508
54 30 15492 372
91 53 32761 688
12 83 222900 193
87 99 101373 129
37 90 118178 400
81 21 56782 46
93 81 238751 44
82 13 24211 177
32 58 67393 123
41 58 41710 18
86 57 3980 132
96 28 39399 56
60 42 7015 94
59 25 1663 127
53 78 49545 387
89 49 6188 28
83 65 37231 82
99 24 50002 22
10 7 3440 127
47 13 62542 71
82 34 23746 31
3 36 14708 34
83 23 10376 1325
47 5 42138 246
100 77 14463 57
62 23 97978 198
97 2 10950 48
28 90 20530 81
39 9 25236 490
74 61 84512 250
52 97 12069 76
74 47 14030 237
49 41 24398 66
83 48 66848 127
84 22 9782 874
31 79 25326 335
92 30 23735 98
16 31 10131 195
67 25 7620 645
85 26 58604 134
97 62 137171 67
85 72 29266 69
41 55 28799 63
68 83 25791 138
57 43 4170 339
88 38 15334 38
48 86 19099 293
1 79 7935 166
70 74 82259 69
1 73 55661 515
99 26 7367 533
67 62 111130 33
67 94 12632 364
14 23 42885 93
33 26 4185 61
37 55 14981 156
40 17 15072 145
73 52 7395 313
71 56 13441 144
45 77 63172 317
60 92 25373 100
15 61 6459 44
78 26 7003 35
81 45 77339 31
30 59 10164 121
98 16 28205 43
70 92 10155 129
68 62 3482 87
15 35 19795 173
84 68 4837 67
67 84 301045 48
85 59 49190 28
75 36 10950 115
42 6 12731 128
76 24 3357 301
13 28 32889 127
54 32 8029 61
24 85 51691 554
74 25 3514 981
84 11 24737 97
67 18 15394 144
65 6 6018 130
45 16 31256 748
72 27 11660 35
23 32 34697 280
89 71 27953 481
75 7 62584 227
12 76 17156 320
22 57 34089 233
48 36 8718 1534
7 86 48084 279
32 75 4639 179
60 8 45388 83
3 13 32976 246
98 30 78963 276
27 11 10199 166
65 32 17813 174
43 70 49245 154
100 59 29321 443
99 54 32082 122
45 35 35916 30
14 62 66185 493
41 19 42805 18
95 70 7749 210
88 71 75621 201
77 11 6380 250
79 34 18864 51
17 97 20893 53
99 31 11660 366
77 16 31410 194
43 29 89555 225
99 72 27432 118
98 67 59460 190
30 21 8624 94
43 77 37600 25
64 83 22800 63
15 12 52045 231
43 36 24104 77
53 46 6163 170
95 55 42064 88
49 100 179416 94
47 1 6017 219
70 9 10673 53
87 49 9547 294
20 1 8275 285
86 38 23870 48
6 38 5541 85
30 56 19437 272
6 17 14531 98
14 17 4893 1091
35 76 52769 975
41 62 125727 97
85 78 31443 56
11 96 25001 83
73 65 21343 129
24 76 20281 116
79 65 12904 324
40 62 14352 27
94 13 143898 92
67 64 25372 337
11 63 20673 47
13 79 17874 137
27 88 11426 45
69 32 63703 142
89 30 19193 498
46 64 12905 333
46 47 6233 252
1 13 24798 105
93 97 191641 133
64 25 16438 69
60 55 66808 212
39 66 31456 527
20 78 7676 86
94 83 30367 135
1 51 38964 14
63 24 19035 104
92 7 32808 561
88 90 73939 222
18 25 14996 197
40 99 6008 651
46 5 19263 292
13 45 11582 527
90 72 30072 107
86 11 145724 262
85 21 190988 140
51 97 20162 336
96 38 105268 253
82 33 6082 229
14 86 10893 613
70 89 9130 16
92 41 38820 187
28 97 61832 283
24 28 19980 17
66 34 19139 600
70 12 30617 76
46 99 30419 137
86 99 34323 120
65 83 4787 10
20 73 23793 135
13 23 91883 94
73 88 31429 28
66 69 101675 936
30 18 8641 438
37 7 66622 411
41 98 26129 109
39 64 6534 523
64 43 25906 101
78 44 101490 53
91 50 33611 57
59 36 15208 384
45 57 5564 63
26 88 23752 608
41 74 16046 29
65 35 4308 341
71 43 35484 42
77 54 21675 27
14 61 9745 154
92 90 10463 156
9 18 109303 106
36 58 75847 41
75 22 33825 68
58 71 11298 90
11 78 9372 189
52 13 61453 150
37 97 35320 104
35 59 14395 208
82 74 49358 43
53 7 12386 40
23 39 34491 167
64 99 20396 112
29 198
86 40
85 135
97 105
25 98
36 52

2983334
