100 499 3 3
47 33 6686 910
47 99 31674 402
47 29 28676 32
47 46 9370 640
47 89 12162 80
47 19 5033 124
47 5 35632 151
47 41 15897 183
47 98 8715 198
47 11 77363 217
47 30 8182 737
47 13 8164 33
47 85 20219 17
47 35 65009 76
47 75 3684 25
47 27 10262 37
47 3 5509 325
47 70 77938 147
47 10 7513 106
47 37 102562 22
47 77 19173 76
47 94 22274 36
47 44 54468 91
47 86 63274 387
47 95 37678 171
47 9 30106 111
47 76 20994 235
47 2 32621 29
47 60 52019 392
47 1 15918 148
47 26 9392 403
47 83 15429 47
47 18 25499 67
47 73 50088 75
47 82 19105 139
47 14 19362 60
47 71 5363 124
47 92 21053 48
47 54 13755 355
47 39 23800 864
47 96 11575 98
47 62 13624 423
47 57 19295 1727
47 43 29608 128
47 51 52440 212
47 65 22362 118
47 6 20328 94
47 90 10991 343
47 31 18544 358
47 80 8013 111
47 91 5943 199
47 22 60471 318
47 84 11123 1215
47 63 19524 496
47 61 33388 90
47 66 95642 177
47 64 26484 44
47 81 14353 683
47 24 2291 687
47 21 44578 160
47 50 2766 65
47 55 94320 217
47 59 24384 36
47 20 9022 536
47 69 17781 52
47 34 17714 109
47 17 28865 211
47 67 76954 210
47 42 3054 124
47 100 43167 258
47 36 35309 206
47 49 8211 690
47 28 107164 172
47 78 91331 348
47 4 13358 117
47 53 84671 73
47 23 38920 68
47 72 3965 428
47 97 20232 52
47 40 15266 138
47 58 51527 546
47 16 5221 93
47 38 17855 38
47 87 34845 618
47 79 12860 328
47 48 27724 438
47 68 73540 34
47 56 18531 115
47 32 23583 91
47 74 10079 353
47 93 31335 97
47 12 45873 401
47 25 50065 281
47 7 144468 115
47 88 44172 100
47 8 36509 106
47 15 27338 77
47 52 14856 180
47 45 26824 287
24 88 36623 12
96 50 12315 592
58 62 8490 177
41 74 40886 88
57 40 104958 37
4 41 10792 62
15 92 50766 454
22 44 90495 390
4 14 14194 704
40 100 11332 73
30 37 11745 597
92 7 50042 1098
8 25 65318 332
32 97 18951 371
73 13 22148 155
53 51 40552 215
78 15 65820 1162
85 81 4383 59
36 86 8159 83
76 6 13167 188
40 85 60380 57
49 14 59044 131
36 10 20677 673
52 3 22812 193
93 67 36677 443
15 61 66885 36
88 56 17211 89
11 72 170753 173
10 69 102040 19
74 44 2518 49
55 28 65618 97
35 11 17109 87
83 57 5885 473
96 3 36448 238
99 67 50615 360
67 12 38806 922
48 4 49058 68
13 50 21773 702
42 15 5774 146
72 54 65386 210
83 52 14919 58
75 9 43445 389
100 88 21868 30
96 86 2689 110
34 15 16808 298
57 33 29490 916
50 97 12208 263
83 82 26385 206
100 1 27278 151
41 18 15991 348
71 62 6686 161
12 8 42354 58
77 56 14752 32
60 68 135593 119
23 7 7488 70
81 88 10917 177
91 38 2776 570
100 83 31390 478
34 100 3432 312
69 48 8176 433
78 5 6470 302
86 85 8308 134
23 14 104845 150
32 66 31918 931
42 12 8657 58
65 45 120074 31
57 32 16374 174
45 7 21607 30
94 79 19951 193
72 67 7146 122
31 17 14302 100
70 94 3226 313
7 37 4213 182
40 73 44102 42
17 20 56901 100
27 83 30357 256
90 47 3270 268
31 51 19033 109
39 70 35038 593
54 64 61667 182
27 38 17762 63
67 24 24925 681
54 66 11828 186
59 8 28098 34
75 47 2454 1817
78 34 42088 55
59 13 53079 162
9 42 26383 508
37 82 18042 313
25 70 21579 42
20 25 8144 499
55 24 41655 469
27 21 29673 436
92 43 46138 135
62 92 7513 109
8 28 23189 111
63 93 12612 115
12 79 71316 146
71 77 98944 180
1 62 7641 299
66 15 8967 186
46 15 35439 156
10 34 4626 94
94 77 10292 346
75 30 115811 180
42 21 20418 129
74 87 33755 612
4 9 30379 320
53 42 61366 183
74 90 17647 472
84 31 21731 133
90 29 28497 85
24 31 15127 69
42 27 14431 71
57 45 15388 533
100 68 28700 41
59 89 49398 79
100 41 10865 85
68 51 20897 198
48 24 56792 61
50 9 9476 116
97 36 67533 69
41 87 25269 88
34 85 56208 219
13 30 85853 123
41 24 29362 146
6 17 37581 105
16 66 6988 616
42 59 45593 68
49 48 11272 286
38 58 4547 233
96 36 18742 107
89 55 98465 182
79 52 20765 135
43 97 28363 21
27 64 40267 38
96 77 11203 129
81 34 3378 45
26 45 37621 43
74 83 6071 190
45 35 15437 289
68 12 82458 613
81 19 142946 220
70 65 62645 110
84 21 5568 109
31 3 19346 89
45 12 244714 33
49 71 19811 136
80 47 8151 391
41 27 81122 56
39 75 11023 192
3 97 33156 119
49 69 26690 235
82 79 28392 108
81 38 14709 104
59 76 33033 57
96 75 33057 743
35 29 33523 104
40 16 26487 430
39 41 17075 249
98 46 28606 100
64 11 24298 101
35 67 14242 181
52 68 14545 43
15 45 31336 104
89 6 2346 263
33 18 8446 38
63 92 58806 332
54 21 58680 65
42 36 33127 474
22 28 10264 63
37 29 51420 478
59 38 22039 20
2 17 9830 619
95 50 13349 151
11 94 10700 408
65 4 13260 139
91 35 55794 105
98 65 67381 317
17 64 21514 100
90 53 50334 153
99 34 36018 19
84 77 24431 714
98 64 52656 128
6 5 272182 137
20 71 37290 1160
89 26 18754 26
63 15 50625 1085
20 17 3168 118
6 62 132920 171
62 2 13707 189
15 72 83626 51
30 47 17770 156
67 55 52078 150
51 80 16995 45
46 77 16793 160
49 75 33522 118
38 97 13438 928
42 84 6521 535
81 57 44521 83
96 57 101829 60
36 40 20967 299
76 82 14564 35
90 71 33651 1262
10 35 13882 107
97 38 9854 61
65 80 8745 104
76 73 16435 76
1 7 22534 25
68 70 32453 446
15 59 22223 293
36 4 26877 42
80 79 3424 42
17 26 19182 129
38 62 23388 2050
43 26 12924 180
84 90 50856 460
36 26 17314 99
96 6 33097 201
57 10 9972 291
3 80 7436 134
18 88 70113 34
85 28 46480 292
63 16 7188 131
17 24 88509 1170
57 89 15562 132
2 87 30205 776
85 90 46074 81
56 89 44367 532
39 59 13554 88
94 19 9845 80
48 8 19550 74
73 95 35745 554
75 25 70664 245
90 50 19518 90
30 69 8672 61
30 15 4457 76
45 24 18062 37
52 91 116805 54
85 59 50357 75
14 48 21344 63
1 36 51768 70
77 65 21377 103
54 71 46466 263
12 32 42183 56
9 61 17609 187
48 39 40390 320
13 17 13034 45
23 58 9186 397
57 35 7843 450
14 43 22915 49
35 94 6393 119
10 17 4738 198
12 97 7062 236
51 68 23031 170
92 49 18251 482
80 85 17898 551
64 72 33718 53
13 74 20352 109
11 43 13470 267
9 63 5808 202
15 100 89486 541
72 48 21485 299
59 74 8118 214
28 19 84849 280
5 44 53571 124
88 82 36705 28
56 80 31052 72
1 61 3458 121
95 38 10555 203
54 30 29510 296
18 44 5493 331
53 15 11424 333
3 66 214344 29
8 98 16091 95
20 77 25471 214
57 28 30451 92
19 93 6853 60
19 46 37134 634
61 46 55303 575
22 40 33884 267
58 33 27227 244
8 97 9983 114
43 76 30434 170
78 72 86527 545
58 35 100262 34
42 17 154985 267
40 78 37057 24
86 70 16816 743
4 28 24991 180
65 50 13321 172
35 42 107943 839
20 58 33256 171
80 100 6671 99
56 66 217738 18
50 16 1902 158
43 50 7313 637
2 85 14242 122
69 50 187597 875
51 83 13031 170
16 77 19596 62
31 89 97302 29
41 71 42258 89
84 7 12346 927
63 38 11950 145
25 45 25669 14
91 69 26279 112
97 68 19000 110
71 13 24158 66
86 48 82376 790
4 86 18121 137
74 3 55883 77
33 66 7608 33
69 53 89589 108
58 97 41459 46
35 72 109896 128
87 80 8980 84
8 74 89900 355
76 53 25409 188
56 25 34222 343
34 12 3858 43
54 38 12816 701
76 39 41605 461
87 67 17252 90
91 61 52659 334
40 92 13308 126
66 77 14275 268
23 96 8831 22
11 80 6763 124
91 41 35728 151
4 49 7012 123
60 9 33661 264
91 46 29104 137
73 12 94429 24
4 99 3630 424
83 70 6113 1227
90 45 11318 138
54 39 10515 150
44 23 22861 88
70 31 17877 68
24 98 19521 376
83 35 7357 248
76 98 8181 118
70 81 43492 107
65 96 14339 212
45 99 15511 39
26 5 8450 53
26 15 25322 512
85 8 100657 1065
60 56 30423 333
61 85 21815 143
83 81 13235 170
46 35 21325 163
72 42 85767 451
31 98 11577 69
89 58 2444 46
55 43 130807 151
98 6 49341 257
63 8 14694 271
4 92 204089 579
63 14 34097 141
88 15 64773 50
23 49 16918 283
79 56 75786 122
60 83 17465 587
99 21 15419 161
93 36 51238 173
4 19 36935 49
22 85 42817 61
25 20 7306 243
57 47 20068 64
19 40 37241 35
26 50 45583 275
30 54 20081 167
46 34 12982 326
24 26 24104 1228
17 32 33036 87
69 7 86946 405
5 76 20053 267
27 45 29163 215
38 96 3180 104
69 59 59720 35
25 52 25230 73
24 2 40295 38
31 90 6545 628
68 36 17970 50
68 83 21000 831
64 22 68468 96
6 31 10632 246
31 53 17473 149
21 79 5786 132
82 41 11945 45
31 23 14287 93
4 84 40592 13
7 35 20655 337
51 33 7562 107
67 78 52972 583
33 87 108811 59
19 77 18087 80
68 61 32234 46
47 3762
4 40
57 90
15 703
77 521
97 1852

101358074
