100 499 3 3
50 62 86475 1284
50 2 36737 36
50 79 15892 68
50 43 50571 63
50 15 46987 682
50 83 34640 89
50 48 18466 398
50 84 30218 197
50 57 38664 1203
50 25 21403 129
50 100 10654 81
50 56 8955 219
50 55 22027 231
50 98 45964 201
50 45 6050 29
50 16 2165 268
50 37 14894 196
50 40 12903 749
50 91 11149 437
50 92 14686 49
50 97 12757 244
50 41 17275 24
50 82 8567 61
50 86 6137 78
50 58 3217 91
50 21 13981 308
50 75 5876 60
50 42 15513 142
50 78 24780 191
50 96 92296 51
50 11 12481 1025
50 52 28468 221
50 14 18919 12
50 19 16519 140
50 64 8271 252
50 24 41529 123
50 29 8507 234
50 38 28179 143
50 65 63923 86
50 69 11371 101
50 35 68436 28
50 72 38486 126
50 51 58021 33
50 93 26387 124
50 80 63240 173
50 63 4865 517
50 6 12608 110
50 54 121852 132
50 8 11605 67
50 87 7389 762
50 88 50808 674
50 36 44633 414
50 49 8553 115
50 99 10796 88
50 70 12183 196
50 17 5530 362
50 46 14439 95
50 39 15043 288
50 9 52187 138
50 5 19943 116
50 68 23396 164
50 10 47092 12
50 71 39745 195
50 47 31417 53
50 66 14755 599
50 32 14287 393
50 85 19848 69
50 90 12381 142
50 27 29301 266
50 3 12900 70
50 89 331829 396
50 44 12440 106
50 61 11078 503
50 31 18027 129
50 13 20018 528
50 20 26232 24
50 4 21691 391
50 30 31899 125
50 77 14946 37
50 94 37786 78
50 53 13524 292
50 34 25476 21
50 60 45750 40
50 12 75683 304
50 59 34795 132
50 74 77736 221
50 76 60638 106
50 33 17079 232
50 26 60272 152
50 73 37172 1362
50 23 18895 1040
50 18 4799 161
50 22 35925 544
50 1 67451 85
50 67 29014 561
50 95 16775 156
50 7 17181 606
50 81 2909 120
50 28 29335 56
84 35 21489 302
93 76 25661 129
80 66 6719 157
40 27 10426 69
27 88 8110 41
54 3 20425 120
73 86 8122 447
84 38 20842 210
25 58 31727 681
18 58 14070 841
21 53 13189 355
43 40 18662 61
35 32 16098 155
14 74 12804 173
92 82 62904 264
18 77 13659 682
93 29 28202 233
5 40 28833 31
56 18 6375 111
73 95 56997 27
79 48 60354 100
4 21 114478 340
20 56 17327 22
33 40 25238 83
39 97 18964 72
29 14 12756 48
32 100 36625 336
32 18 39904 44
34 64 66026 136
11 89 42954 208
54 30 13806 371
73 5 2742 753
74 68 49892 44
53 22 7694 78
99 56 1383 120
26 85 52323 99
11 83 26763 187
85 15 68351 120
77 27 11886 113
60 69 41184 126
7 70 5323 740
14 83 12036 72
56 87 48185 109
38 83 6945 351
15 77 11496 92
56 89 23841 691
32 71 86278 425
26 23 60998 144
95 29 5242 31
4 74 11474 52
95 58 15746 592
60 77 23333 52
53 70 22345 243
4 24 64326 333
64 31 17229 217
39 19 297311 280
81 99 19919 120
93 58 25044 121
98 4 86134 105
11 7 28982 71
73 83 45832 1287
82 99 30119 126
43 20 8770 114
31 17 13113 178
58 61 18764 110
98 78 37125 137
97 20 22857 288
89 59 47641 291
33 59 21662 214
84 80 44201 121
59 96 16073 976
29 66 162386 326
44 65 18195 72
95 1 22744 525
94 100 15968 240
86 49 16741 597
45 1 21848 427
96 37 8470 120
38 57 20744 151
46 72 53583 42
53 96 12902 94
5 57 16977 84
90 66 85766 199
48 14 77968 121
99 35 67876 166
44 70 56071 389
92 32 32479 235
23 77 10787 311
79 64 18669 194
28 63 8772 845
31 82 11237 224
12 17 26887 192
44 85 17733 1367
100 91 23997 473
14 29 14458 325
88 23 21291 203
76 68 27698 159
45 4 11512 112
81 20 11052 190
25 53 41039 159
27 23 126215 46
88 37 47365 380
43 1 7630 86
67 69 14326 121
96 17 18481 154
96 19 18862 118
4 22 16465 123
53 47 5323 499
52 72 2138 630
3 61 25169 151
49 52 6943 233
21 22 10351 169
22 26 7286 652
21 32 24463 118
45 36 34570 12
81 97 16048 75
36 8 36288 83
17 72 76190 334
53 19 7726 190
91 35 15399 970
26 97 16645 282
31 6 12815 116
56 24 57947 38
70 46 34775 184
86 39 13545 711
20 57 11306 210
33 24 12097 311
91 54 26303 46
5 48 27168 64
11 96 15484 94
71 16 69461 215
76 100 36579 1240
37 99 11963 454
9 55 43068 152
75 74 1845 31
38 59 39586 378
65 82 5677 530
11 5 4347 113
67 49 21884 316
39 11 5203 156
71 60 99557 162
87 97 92359 74
10 88 95005 201
59 68 9558 58
48 37 33017 244
65 13 12035 202
27 76 25377 29
63 50 104571 66
15 24 85873 458
51 27 2851 1257
58 74 27050 248
80 86 32557 130
25 100 17285 229
78 71 5189 501
100 22 26960 121
81 51 5835 50
3 4 18005 61
19 50 34740 60
46 31 55568 116
43 84 61571 366
45 98 7377 486
25 42 51506 294
11 92 34249 84
81 64 13760 68
92 26 10251 162
2 16 15093 161
14 20 56493 150
34 44 15200 191
38 9 79646 112
27 36 11184 401
74 92 74134 87
22 35 12967 245
59 2 13112 147
79 97 22958 202
14 56 17761 154
51 43 18163 217
96 13 19967 341
52 80 11452 95
29 69 2152 196
61 96 24450 65
79 72 22714 53
82 17 29893 48
99 40 41424 623
16 67 81592 38
21 10 34744 25
47 6 30247 786
59 99 4493 336
96 90 2988 69
16 59 6069 62
83 16 18189 272
15 53 30440 55
1 10 149487 13
11 60 26830 899
92 49 5066 153
75 49 467497 328
32 38 21516 55
81 45 9771 67
78 86 64439 351
82 70 18179 506
21 59 2749 256
64 8 23233 315
98 36 3661 827
77 99 267352 1609
68 90 37569 404
42 17 32233 595
2 79 36422 44
60 4 8374 48
44 77 33779 82
47 43 15221 231
83 85 13657 105
84 19 26869 72
57 84 4442 499
67 81 18277 482
14 59 17087 106
71 74 18615 1006
37 47 13981 362
63 77 58073 350
33 55 14851 84
28 95 46213 183
97 11 9285 201
6 3 40658 562
79 18 38964 105
31 74 22573 29
83 11 13611 60
75 7 27681 263
88 8 6205 80
82 61 7275 192
5 17 23130 122
83 51 10016 153
56 59 8815 260
31 37 17320 115
27 67 10217 403
61 22 77689 486
56 86 37498 267
31 45 46822 179
79 57 23975 77
69 20 27613 120
3 90 31385 160
38 95 26577 122
61 45 58384 24
38 92 9364 202
35 45 22262 178
76 70 48933 190
95 6 25685 118
10 94 8275 573
5 20 37520 192
75 29 41657 82
22 99 108620 73
25 82 45090 442
22 7 38810 180
84 93 8927 115
24 41 46567 94
19 63 39058 194
51 17 23584 55
62 61 16388 464
31 60 112748 505
12 58 26599 367
92 30 125616 42
10 47 98474 66
83 43 11333 211
8 26 13010 381
30 60 13388 410
13 14 20462 29
92 83 10382 113
29 92 17036 119
72 62 10034 259
75 88 12948 51
24 64 212884 66
35 66 10184 1521
27 21 228987 292
28 32 4043 921
56 36 61811 40
90 40 12481 477
19 49 14149 220
21 12 13097 120
35 73 17924 25
35 49 60136 116
64 42 4479 170
15 63 14983 421
43 74 9908 94
11 82 35914 130
62 26 16883 152
10 50 3132 249
40 53 32220 522
51 42 21664 44
54 47 4277 140
65 91 37476 69
1 8 49589 98
58 96 5690 170
89 92 15398 160
66 32 50577 1343
71 68 10109 27
36 77 2145 185
30 86 12187 50
44 93 53933 24
53 27 10741 142
36 30 13910 126
89 32 20238 74
68 51 13678 129
33 57 19002 218
96 6 21408 217
45 83 46781 106
92 59 94131 31
69 33 25242 143
1 11 52674 39
70 4 16016 8
74 51 16829 71
51 73 16171 341
29 27 14100 59
65 85 8514 147
31 10 21342 163
24 90 13996 139
67 17 25083 355
37 81 14301 63
96 69 34774 60
17 52 23937 217
20 2 46899 162
18 43 19531 68
48 7 2530 321
42 33 56362 816
17 25 18559 41
10 71 196539 101
85 10 27129 128
83 45 59867 141
54 11 26702 153
5 29 163762 21
99 82 70256 209
94 64 108854 155
84 86 29725 981
46 92 64302 164
38 45 5563 581
3 72 17547 232
24 94 524393 59
93 47 55906 94
11 21 15076 221
2 96 147889 110
11 26 24824 178
86 37 6492 13
31 24 14577 339
63 95 19912 26
12 75 19261 33
63 74 26401 319
49 10 7128 55
90 26 4658 333
63 31 5943 208
5 67 8794 26
33 31 2799 175
58 9 18426 81
37 73 76919 42
100 10 8222 41
42 36 74607 211
3 50 43279 158
33 19 15230 110
25 84 17170 86
8 57 26379 208
41 8 18268 263
56 20 11350 116
66 14 21584 134
81 68 53533 93
55 68 22872 160
53 38 15845 751
39 38 7755 86
70 25 12070 80
36 63 15910 99
62 79 50854 19
40 69 35827 132
20 5 12544 305
57 16 13316 150
53 52 36689 152
98 55 10135 62
66 3 10653 75
36 26 86413 84
62 70 12990 125
94 70 17165 346
43 66 8908 62
86 95 54568 142
11 36 51109 174
78 49 29866 29
47 89 11661 53
60 16 73925 130
84 23 11231 147
8 70 14876 333
48 5 21013 25
56 96 28575 194
93 16 1573 32
11 1 71371 370
47 38 16390 214
80 22 14534 12
41 77 2412 516
55 83 20554 133
14 6 41797 10
3 20 219048 70
23 65 18834 321
72 54 22672 159
80 70 28808 267
67 92 58245 35
37 29 4523 120
89 62 28618 94
99 16 5719 45
52 27 18951 430
50 297
11 60
56 324
70 153
77 131
74 53

5093236
