100 499 3 3
49 25 100970 580
49 6 159185 130
49 29 13508 266
49 40 7550 135
49 91 10265 1621
49 3 29321 102
49 78 14334 343
49 44 72966 37
49 99 42287 76
49 30 3840 170
49 37 46243 104
49 34 80268 210
49 7 23470 61
49 83 20443 93
49 68 63430 65
49 72 56906 123
49 13 34962 598
49 82 79154 403
49 93 76165 114
49 90 39687 474
49 38 22865 312
49 10 3807 313
49 58 103696 500
49 76 37354 60
49 20 8159 119
49 4 12113 312
49 45 45207 94
49 88 10240 415
49 17 49107 218
49 9 29360 200
49 57 17551 184
49 69 21289 130
49 21 161353 109
49 24 63893 75
49 86 196748 225
49 75 32746 151
49 87 18117 211
49 61 1687 224
49 36 69432 119
49 54 95991 722
49 100 108020 319
49 19 36149 28
49 85 32368 248
49 48 12761 419
49 8 14226 172
49 32 11760 138
49 92 15297 170
49 56 37634 103
49 22 28254 107
49 73 49439 1583
49 46 747 560
49 64 5088 116
49 52 28009 570
49 15 1691 63
49 33 82599 77
49 1 57600 37
49 41 25709 67
49 74 44833 174
49 96 43979 33
49 67 16034 102
49 89 56501 346
49 59 133068 36
49 60 28828 21
49 50 19251 57
49 55 8233 466
49 2 21189 144
49 27 18828 227
49 98 14766 391
49 94 47459 31
49 31 13508 515
49 23 8630 294
49 18 16899 25
49 70 31838 343
49 16 13755 61
49 43 41151 95
49 5 27816 151
49 47 7973 62
49 77 1943 769
49 95 5672 367
49 71 4164 237
49 11 4620 153
49 79 6034 75
49 66 26244 81
49 14 11920 59
49 62 6882 200
49 53 110570 165
49 39 25924 290
49 12 38391 109
49 28 83349 88
49 42 24361 98
49 35 46273 380
49 65 18202 119
49 97 124371 79
49 51 115676 419
49 80 18363 102
49 84 45680 94
49 63 21482 44
49 81 23272 279
49 26 21319 499
38 6 5594 148
17 32 64923 86
98 76 24746 124
76 67 7401 72
25 6 9378 611
29 94 37293 28
75 37 5904 261
32 50 4852 93
78 28 46761 78
13 46 5647 95
83 92 36924 779
33 38 93673 193
72 39 19460 84
100 16 2367 112
70 30 42198 56
97 73 6678 34
4 63 37337 172
47 36 29540 445
26 91 54796 430
60 85 42459 72
34 67 11116 71
88 19 22145 96
19 15 15452 67
83 19 4882 232
50 69 28357 72
41 89 9352 89
53 72 8526 79
87 27 34947 70
21 10 25822 1079
53 18 13153 272
82 28 36466 171
76 88 15414 375
79 100 14525 64
39 57 54047 127
4 96 20174 109
27 41 188568 128
82 16 24653 252
16 24 29959 635
86 41 23212 397
51 81 7201 459
76 55 17102 814
11 96 5939 105
1 81 14472 54
31 11 26349 162
65 94 57013 33
34 48 11960 151
58 35 31564 45
50 64 2727 65
82 35 21422 955
90 64 20836 49
14 27 21508 444
90 56 12543 401
87 1 13335 177
97 49 54285 61
42 41 149312 356
32 55 18461 51
75 45 54369 225
5 64 161609 1136
38 88 37540 80
96 48 52258 124
35 33 26555 90
93 23 41578 441
38 55 98801 150
13 62 55219 155
76 16 6772 86
45 6 19077 174
46 73 26143 86
24 7 35973 115
94 45 30264 147
99 12 11430 177
83 61 27362 28
77 54 8806 103
54 48 7209 66
65 35 67585 1778
46 24 32447 48
7 96 17217 103
92 28 26821 1042
2 68 16807 165
34 6 38303 58
75 59 71281 73
84 80 33371 282
45 91 25878 219
77 36 42363 143
96 33 21456 230
90 86 25564 58
16 85 11621 103
86 40 14731 60
31 71 9252 78
73 37 21288 270
41 48 3448 353
52 12 11438 332
1 32 17163 416
75 95 14925 89
100 51 15837 116
55 23 6407 577
2 52 22445 251
67 70 119285 140
77 40 24362 317
83 46 13613 340
91 14 89979 44
57 13 9706 224
34 100 1587 1411
79 12 2257 191
14 61 14886 260
12 59 19597 224
77 38 8555 208
4 89 23571 254
54 55 9949 61
64 29 8983 53
85 60 66352 26
58 14 152268 860
33 65 10685 475
30 73 9640 480
38 56 22282 201
4 49 7496 102
67 92 36544 345
73 49 16887 441
12 24 5542 509
100 39 18941 218
73 36 8840 185
58 38 84482 607
83 32 15161 38
3 58 67084 651
2 42 5673 661
41 78 14699 108
88 36 28812 107
94 75 38203 155
95 3 24541 66
40 57 46338 743
96 2 7897 64
33 64 7518 37
21 93 18757 189
50 39 596 4
30 57 17704 45
98 71 158673 172
83 5 11648 249
71 7 21440 169
62 43 14165 2361
59 80 6026 481
87 75 41548 293
41 80 25132 9
52 31 11019 184
88 91 11076 83
92 14 9985 169
87 86 23669 66
18 21 9994 70
62 21 37862 199
38 35 100364 221
43 46 6856 170
12 20 37838 19
14 90 74088 106
48 100 11210 202
20 86 9566 12
94 16 56314 386
84 83 16436 106
6 61 70752 26
34 59 4828 178
2 76 15984 235
37 49 44290 358
86 77 95771 63
91 18 86816 59
52 36 172240 91
62 51 41335 442
28 40 38878 192
39 4 5906 200
98 75 11233 85
15 59 70022 115
14 5 39587 298
21 8 14040 23
29 88 126030 131
25 76 31419 376
78 87 61407 538
30 52 51432 139
17 87 38430 37
10 36 23059 130
22 94 7407 137
21 34 94645 111
29 79 75975 161
61 39 17898 167
43 24 15554 349
71 67 46496 28
78 63 17686 128
89 87 25936 593
69 25 28866 172
60 80 3230 720
40 34 100364 2574
53 4 16752 32
68 30 8999 296
25 33 8103 125
42 36 3730 495
55 74 22435 41
65 74 9269 166
13 95 3438 200
7 91 12687 194
84 66 54937 44
44 99 46877 74
58 52 40639 138
14 60 64297 55
76 100 229821 252
62 2 17451 32
88 90 23620 257
55 40 35585 110
9 4 10914 204
40 100 22587 222
29 54 11093 76
39 28 59154 164
7 48 122311 35
20 46 31140 62
93 48 41898 11
36 15 29628 116
99 48 30268 58
22 34 33187 92
62 76 37054 105
92 54 10259 45
9 77 7319 30
10 7 15157 38
85 81 33512 19
77 26 23452 2131
89 16 3369 1778
68 74 24350 3934
43 7 20220 515
21 64 9564 157
15 2 19792 437
40 29 9202 72
51 83 112183 44
63 67 39841 19
90 88 8901 273
100 78 11704 447
100 95 6809 492
92 58 124617 1386
47 51 60411 241
32 87 35949 123
17 97 10434 233
26 97 115657 116
74 45 20872 193
95 79 57839 150
80 89 13015 41
98 80 85527 106
12 15 2879 1213
50 81 39526 32
98 32 31848 23
13 22 6665 229
80 29 7130 18
73 17 15569 289
65 46 88853 132
100 32 27902 60
59 55 28373 340
73 51 12002 261
75 100 37061 563
8 17 67556 324
45 14 20316 330
7 79 37787 722
5 28 17935 67
7 13 9558 292
31 79 14155 508
62 65 40723 188
89 77 49911 95
90 99 36879 64
2 94 41565 553
51 20 157216 87
92 25 62209 34
61 25 55278 72
99 23 19741 249
78 24 118014 100
3 53 7321 118
39 15 4427 78
96 75 12711 197
15 20 108485 78
47 90 6225 151
13 49 12104 868
53 52 33065 75
10 4 6407 49
21 65 34765 253
69 65 17745 216
98 68 46001 108
40 65 5725 128
60 67 32071 72
74 33 32023 201
80 86 61025 295
97 57 45425 168
77 89 22102 113
41 40 52341 12
63 66 24993 406
46 96 39995 133
8 80 11722 794
40 7 10551 8
48 20 10719 172
4 39 5208 201
93 97 78402 133
64 23 23287 1130
39 65 41284 122
2 58 32624 129
18 87 7156 123
13 64 91801 114
9 20 4359 186
96 19 19226 55
2 30 87679 229
77 48 9800 221
95 82 8129 177
78 19 9860 112
23 60 29506 147
23 32 54843 263
10 13 2848 118
88 75 9834 692
51 10 27591 88
15 17 37075 117
6 52 23187 1011
66 31 20202 415
70 81 10767 17
79 52 85677 53
29 56 34382 92
43 48 8738 84
59 10 102197 110
4 68 110450 456
28 86 36334 40
12 23 15017 133
43 62 14258 83
87 68 14350 59
93 57 24521 47
30 13 16691 224
21 39 16700 139
46 29 51345 90
70 19 32769 962
93 21 3677 401
81 10 13506 153
13 74 17492 327
2 88 4811 417
25 97 67286 71
79 89 13909 186
7 36 7016 81
32 77 27425 223
82 72 40074 80
59 61 25232 82
94 48 8304 670
43 21 10424 194
41 25 111096 24
40 73 22098 263
14 81 12190 235
64 91 84494 177
55 60 41438 40
10 78 20875 292
91 17 19575 272
27 8 38985 980
63 29 8925 118
91 32 9152 378
83 15 66611 69
52 58 72638 107
25 90 39536 186
22 72 41125 460
7 15 9170 427
93 42 8785 371
80 38 35786 103
44 15 13333 483
45 86 4146 569
7 10 28674 170
70 82 1277 867
32 93 29600 103
97 84 27589 585
18 40 1648 962
14 1 163355 177
7 2 33687 181
6 64 133249 56
8 9 114573 107
23 17 6874 805
69 5 4176 525
2 24 41476 272
46 58 33265 215
47 60 140993 56
47 37 98223 64
2 5 14756 32
36 63 10416 1270
56 65 20696 175
48 93 44318 111
58 70 4094 86
17 64 4226 131
93 92 37364 122
13 68 7336 30
24 92 11084 121
41 71 23714 13
69 13 17039 182
62 95 5955 162
1 6 107618 244
79 39 67323 87
25 74 5764 25
84 82 33629 58
96 62 24556 90
9 60 1171 263
20 48 16800 2236
66 8 67664 197
45 18 16845 98
85 40 34443 405
78 10 12584 56
26 1 44748 102
20 75 15086 134
36 2 6369 534
1 2 31113 1011
81 49 24834 23
10 92 16957 702
16 34 15407 41
40 56 36092 249
49 1188
2 50
7 45
48 129
64 280
36 119

6636910
