100 499 3 3
26 85 40575 430
26 56 39000 162
26 32 11339 22
26 82 6465 160
26 98 65324 201
26 60 43053 123
26 13 51992 257
26 90 60560 22
26 80 7102 66
26 99 46315 392
26 81 10755 202
26 66 49415 118
26 18 8372 1259
26 24 2554 119
26 2 25417 212
26 47 156477 48
26 16 16128 127
26 86 64185 276
26 55 13500 112
26 63 25461 92
26 73 132586 172
26 27 58138 81
26 6 38008 450
26 62 48258 82
26 42 36982 87
26 64 23785 55
26 65 2377 94
26 87 11909 123
26 72 16049 157
26 84 46134 189
26 35 14837 14
26 43 5367 172
26 7 7452 153
26 33 48956 125
26 15 7855 38
26 74 10403 280
26 93 24560 232
26 28 132366 68
26 19 41505 19
26 59 3255 141
26 70 25691 98
26 46 8582 375
26 75 32900 151
26 17 7088 106
26 12 12186 239
26 68 46282 464
26 100 15448 26
26 30 52713 142
26 1 9936 356
26 11 40792 133
26 29 68420 107
26 89 32846 54
26 49 45193 31
26 97 15945 235
26 39 14637 158
26 21 12298 275
26 76 26938 521
26 57 21761 89
26 22 20710 145
26 10 24195 102
26 94 14180 179
26 83 6422 454
26 61 14531 89
26 14 30415 46
26 77 37977 75
26 20 105914 117
26 3 102853 86
26 44 10431 124
26 38 4761 82
26 54 8935 296
26 9 12809 22
26 40 21307 182
26 78 39792 98
26 53 54168 64
26 91 29772 79
26 37 51224 106
26 23 76637 35
26 4 332566 115
26 79 18489 234
26 50 38827 166
26 25 159563 300
26 36 60703 86
26 88 5512 474
26 69 37853 99
26 5 115597 93
26 92 60903 71
26 67 22245 141
26 8 15153 83
26 41 29376 113
26 52 9537 35
26 96 48190 1339
26 58 8455 81
26 95 21220 91
26 48 4687 125
26 31 18480 64
26 71 82805 206
26 34 12662 353
26 51 12848 927
26 45 54981 135
95 54 29677 638
47 25 116812 321
58 94 42406 105
78 92 14060 365
95 26 6781 1192
27 22 47967 131
88 89 38855 84
21 58 35886 364
76 14 2076 65
99 100 4308 11
16 91 6084 36
89 18 25884 100
73 12 16264 1035
97 53 70048 271
27 13 55720 39
96 79 31598 51
60 79 95402 265
27 43 2389 306
40 10 11107 1070
32 36 26135 78
64 33 35457 90
22 28 55920 144
66 57 4390 608
35 61 44557 75
63 27 34219 107
3 61 18302 314
57 5 68725 39
42 3 6009 2353
32 3 4237 189
93 16 18612 196
32 81 10211 641
89 88 28082 274
80 62 22891 59
72 9 31145 938
67 70 25961 25
23 61 14369 38
28 83 26382 184
61 80 1882 2399
33 88 5823 217
89 23 44257 738
97 79 14985 165
27 2 4077 75
28 1 12913 760
62 27 31854 142
96 81 24808 211
33 52 4894 247
31 35 31522 19
58 40 22499 72
47 62 15351 219
96 63 124886 46
87 76 19633 329
69 85 10721 789
41 26 10260 155
48 61 81195 120
22 5 7276 54
91 22 10347 656
55 25 8802 95
69 49 6923 326
93 63 17114 398
68 44 10771 60
13 66 17388 83
91 23 35359 457
99 63 17231 284
60 93 5500 173
6 46 17284 76
94 81 12395 163
8 42 4987 181
71 97 46846 101
86 53 35309 64
66 31 23876 79
88 99 94381 407
4 15 41998 34
63 99 191772 614
92 98 22197 534
94 65 48631 808
43 39 10101 459
35 77 86758 194
38 93 116162 735
84 50 24456 101
82 99 33054 215
27 54 56105 444
74 2 19329 266
98 41 4960 213
20 13 4394 239
53 92 7073 89
30 34 2768 171
16 52 10916 219
20 30 21625 241
68 6 9795 442
92 93 44385 46
4 61 18849 102
39 68 20721 222
23 69 34510 51
84 41 9414 623
32 82 65185 231
3 94 10100 297
88 45 65348 611
40 36 4785 229
83 94 29191 23
71 100 76592 136
80 32 1690 147
51 64 42618 41
98 55 19554 359
52 41 25776 34
43 55 81142 72
4 14 33951 164
97 30 13685 57
82 85 4757 138
84 40 4831 683
17 96 48224 76
1 87 49046 258
1 73 42036 215
67 46 50672 56
91 78 5508 2103
70 37 27456 243
7 15 33161 1044
53 90 128799 202
62 93 11360 80
77 3 46398 14
34 32 28394 156
49 79 51074 707
11 95 20617 70
57 17 7745 210
62 72 152117 134
32 19 38606 82
69 7 7064 293
17 51 27019 187
4 11 13415 22
76 77 72900 677
24 39 23322 49
47 66 57437 134
99 67 18513 138
93 35 4303 119
34 98 60517 219
10 75 24576 134
10 94 41280 1149
14 98 15460 89
96 85 7486 158
100 36 7913 113
90 26 15302 40
39 33 8098 34
74 82 30286 22
23 38 48437 2026
78 75 10035 281
98 61 30590 186
92 29 25855 32
55 78 20603 154
62 70 37880 137
43 82 70072 1101
88 62 5856 184
43 84 21991 353
40 93 136082 66
81 98 2091 33
29 63 20815 55
81 53 21580 128
71 50 138302 147
58 88 15616 201
5 6 12099 7
33 29 6967 50
42 77 18878 46
30 36 63596 352
11 64 39687 245
33 38 18545 304
20 46 19223 169
52 36 39038 75
51 74 28256 148
50 51 11107 154
18 88 16415 202
17 18 8265 151
13 49 84030 323
9 77 2614 26
42 8 80430 297
3 70 6097 50
14 34 5066 109
91 94 23797 139
46 94 75150 87
49 44 294451 614
87 16 23051 1653
99 19 12045 93
48 10 19580 150
43 41 4795 125
10 3 13144 330
96 3 135394 42
80 17 11692 88
82 75 15474 114
58 13 17812 65
47 40 29203 189
77 17 30577 185
4 31 16525 106
69 53 134117 170
35 89 10725 50
2 31 80631 351
46 95 8503 59
21 29 376989 364
85 82 6836 439
91 58 21335 177
12 74 61339 178
69 73 28582 102
83 84 67672 931
91 37 51562 32
1 53 46143 190
31 44 12365 264
85 23 5623 19
68 39 15889 130
38 76 2498 61
96 36 11296 67
8 32 7251 126
86 12 22918 45
25 24 4666 547
11 27 53631 719
39 34 18260 445
75 83 11932 59
59 91 14677 223
53 43 142769 131
34 96 38095 58
98 70 12327 60
49 46 9468 418
93 49 22426 226
4 52 75763 45
54 77 33170 43
72 45 2666 316
65 53 36312 104
61 85 2284 258
81 58 62972 3865
15 84 6474 142
42 79 39342 115
23 33 27265 55
19 42 5534 82
44 6 51913 144
79 23 64875 382
84 3 3156 36
7 74 8656 606
65 20 24379 176
15 10 46994 139
56 97 163878 59
17 34 14484 108
25 23 41339 378
45 13 41344 103
80 44 84594 735
38 56 89436 159
24 12 13487 138
81 89 18011 227
6 27 63385 156
98 13 12467 242
21 65 52446 69
68 64 7221 250
53 59 16835 212
3 85 7675 220
99 50 16794 328
93 5 25085 165
63 91 41781 372
93 58 14176 500
97 36 7176 54
17 22 6875 283
68 88 18844 59
62 60 20306 67
55 93 30200 381
62 45 36503 71
23 54 47921 247
8 14 79503 5040
80 25 24058 46
92 61 316842 53
12 7 33268 21
22 23 9392 2108
70 6 20545 449
68 36 6834 103
43 31 29642 367
94 33 18074 53
9 73 160615 48
21 87 123335 199
45 63 36966 75
40 7 24508 430
62 38 20774 159
19 99 39019 166
47 64 91372 800
56 40 2398 72
92 26 33790 114
6 96 25330 3346
25 55 51199 66
27 66 8487 127
76 25 15495 89
39 72 38998 322
9 10 28705 38
72 10 35867 324
73 37 57017 644
69 19 12848 166
77 80 18078 28
66 38 57421 295
60 44 103367 136
45 11 82492 55
46 9 13714 662
40 97 121518 30
24 47 49158 166
80 68 61255 96
66 52 7222 72
60 24 34100 80
95 14 24437 166
62 3 53690 37
34 59 2749 44
4 58 39520 134
13 99 7397 2265
61 93 32419 1276
85 96 14549 233
100 45 23742 169
18 59 33582 172
98 2 6451 140
97 74 41086 163
38 15 14740 154
87 47 56416 213
89 28 11895 57
89 98 9936 198
36 49 12439 307
57 12 6635 233
72 58 29761 99
53 20 14260 50
71 53 23712 240
79 75 9896 209
41 6 6418 206
75 25 29162 138
23 11 7327 155
45 98 46234 70
1 84 18452 103
45 7 13865 32
14 49 31137 152
62 9 71447 198
54 90 24263 177
17 1 21968 371
16 99 126051 1162
20 1 2119 779
78 74 104424 1400
80 29 16632 350
43 33 8033 16
19 34 72956 109
76 61 12260 106
41 85 27226 453
84 24 53481 45
40 77 25340 1609
66 41 32006 50
89 45 3920 108
5 33 38294 145
63 22 48313 75
83 14 7465 98
37 71 9961 147
9 84 65204 111
1 68 27571 85
24 79 6140 588
5 85 6122 29
43 61 28470 33
25 42 4100 144
1 56 9450 37
12 28 3839 70
81 36 39239 94
55 89 18297 112
84 57 74303 405
48 45 46613 50
56 55 28707 119
57 45 83797 19
68 66 14548 113
54 14 102851 165
27 53 78373 1134
72 23 28322 95
59 26 24165 222
87 34 61470 187
86 10 4487 610
58 66 28339 1062
55 82 47983 138
68 7 28453 306
52 74 5063 78
28 96 16758 36
61 94 13703 125
60 27 74885 655
77 55 15549 356
54 94 7346 229
56 8 101718 109
36 98 3434 264
37 7 22897 192
24 93 29483 194
33 64 24710 294
72 25 15107 140
50 25 32444 55
21 34 5517 55
16 15 28224 18
51 50 29752 297
72 96 24137 541
36 45 69406 87
94 26 79075 107
52 64 14928 121
88 57 33435 238
56 39 18671 254
49 31 1359 342
53 63 11083 225
66 1 19745 378
23 95 31318 60
77 29 16374 180
31 30 27122 119
7 4 46450 532
48 99 31884 178
56 45 18670 156
89 78 105828 25
25 83 53534 796
26 198
62 45
68 160
61 33
45 36
36 131

2504553
