100 499 3 3
92 94 108247 128
92 14 45109 91
92 84 32950 793
92 26 38731 136
92 80 36254 281
92 1 14441 383
92 55 134839 302
92 56 10919 42
92 35 42740 27
92 13 4363 74
92 50 45915 509
92 18 28856 522
92 96 16012 493
92 7 30022 116
92 75 6589 222
92 74 18725 43
92 24 44556 322
92 31 29310 35
92 83 8738 302
92 27 16315 794
92 67 11496 90
92 57 6883 638
92 65 6633 180
92 93 15884 80
92 3 8674 151
92 29 120881 608
92 68 20020 78
92 60 36430 15
92 46 49688 78
92 88 36594 78
92 98 6699 101
92 48 19806 44
92 79 43515 781
92 71 64766 984
92 23 119785 198
92 43 37241 43
92 85 4361 49
92 41 18703 84
92 89 50109 58
92 82 4136 250
92 58 21219 80
92 40 9249 51
92 77 21561 45
92 36 34533 228
92 37 6437 464
92 30 57230 58
92 52 23224 183
92 59 41028 258
92 38 14277 225
92 62 9251 8
92 22 17920 98
92 5 9976 171
92 15 57942 111
92 9 7876 835
92 76 16617 145
92 16 34805 1122
92 49 3253 408
92 61 85077 496
92 70 79342 305
92 72 17478 586
92 64 125920 1404
92 47 10888 112
92 100 25113 77
92 21 14419 215
92 44 10940 195
92 12 24815 84
92 19 29998 149
92 20 67263 188
92 32 5376 192
92 73 22196 58
92 51 35986 153
92 97 29391 61
92 90 5966 212
92 78 67786 31
92 42 40928 47
92 10 11407 133
92 53 30773 223
92 91 6704 114
92 66 28571 1026
92 87 10187 282
92 45 42500 17
92 69 265089 121
92 99 75386 180
92 17 12810 154
92 33 38922 103
92 8 40398 121
92 95 27954 239
92 2 79918 77
92 25 24772 49
92 63 198447 401
92 86 25571 51
92 4 8476 233
92 81 2300 277
92 28 6610 1754
92 54 12880 101
92 39 65001 306
92 6 5274 436
92 11 16562 34
92 34 2381 618
77 35 37570 299
69 2 29672 30
78 27 27296 350
87 53 70619 61
99 94 6423 52
5 13 28065 27
99 92 70723 11
27 61 8241 216
31 60 9885 61
43 35 27351 137
9 12 2239 82
61 65 12551 1019
55 64 12451 134
69 85 37051 260
49 57 56726 199
98 71 13483 162
41 51 18571 95
43 76 16931 49
60 17 102067 732
42 16 190802 123
56 91 8198 30
51 66 38091 60
2 41 13957 357
99 91 33173 247
39 15 5665 277
93 39 12139 261
12 26 108303 416
31 22 29389 56
99 16 15354 49
35 44 12458 29
78 29 24832 119
87 95 27301 37
63 67 42716 178
12 80 23670 466
2 28 17120 46
64 1 8211 351
12 41 390871 15
67 69 30497 151
48 44 122590 47
100 11 16305 515
64 6 4107 150
7 93 12441 128
46 93 14303 235
51 69 37201 76
78 86 6812 565
85 86 97656 30
95 79 41077 118
42 74 10446 37
5 66 7177 568
45 70 33627 523
64 46 29887 305
75 52 10241 185
6 7 10047 90
19 82 110831 146
89 10 35569 86
81 51 27231 76
53 91 64104 478
55 94 31762 258
40 24 17732 320
78 1 26738 213
58 56 26920 69
89 42 74010 96
47 32 51339 291
70 34 20224 92
51 11 19916 177
94 9 31456 69
77 32 34420 175
19 100 51541 60
25 36 15781 178
37 90 280401 44
50 94 3739 86
89 15 59213 23
3 17 9033 14
16 4 53460 422
11 7 5399 470
22 62 63364 169
14 15 3513 41
47 50 27111 127
70 94 12308 66
96 86 3911 184
62 70 13451 154
53 16 21531 158
76 4 5404 548
40 45 40065 180
43 54 7055 161
35 1 15853 137
45 78 8131 202
11 1 31067 494
14 9 11662 277
89 94 35977 32
15 94 79714 67
17 64 52717 309
88 32 69036 279
29 45 26645 124
32 63 67959 125
64 97 76029 79
41 77 1712 533
34 15 8976 82
39 37 36699 32
25 55 20690 22
88 4 6933 234
7 25 31035 182
12 64 108381 78
60 97 61735 573
90 33 12032 485
77 74 12272 85
19 9 18192 110
8 41 6540 64
28 53 42887 264
64 41 43179 198
22 71 7659 177
28 30 6421 64
2 47 12839 243
25 84 12232 188
44 69 33407 142
91 79 2402 588
13 78 56169 215
62 35 8352 216
31 69 3106 166
40 64 46126 129
94 1 10725 403
65 12 8106 126
79 38 20226 83
45 13 76826 46
50 81 5542 239
95 86 98723 461
45 48 7263 128
35 63 10109 333
20 87 43074 43
18 80 82438 246
20 79 60908 79
36 31 9277 65
78 2 7366 103
6 18 6291 170
58 63 25695 43
40 5 25087 277
37 33 24928 140
58 4 77831 188
51 52 27906 202
81 64 32352 56
93 1 5285 264
17 55 152195 604
37 84 40968 95
12 100 14685 504
76 32 26033 63
18 47 4718 70
64 73 14711 98
6 54 20068 36
56 50 7353 27
94 66 7996 35
81 72 31221 62
19 72 22486 230
18 20 102334 196
24 33 19490 130
5 32 28613 109
60 4 44604 85
66 19 199915 130
7 76 42630 80
46 26 17685 167
38 9 1114 1202
36 56 50901 48
6 95 13263 98
22 20 73728 17
85 98 7579 310
62 85 26120 88
55 87 3930 467
36 62 12290 60
94 12 48803 116
69 63 39896 12
27 93 49529 59
63 25 75628 89
53 55 21605 323
58 29 41029 267
87 92 35571 168
69 17 75054 145
5 31 65471 319
17 4 14982 129
77 26 34038 171
67 91 9860 36
65 81 21674 260
36 58 79456 510
72 98 37032 55
45 46 90305 83
97 25 36636 121
36 55 40559 51
3 7 25726 49
25 73 33765 230
47 6 5188 59
89 26 18383 333
81 5 20886 67
55 76 15122 99
94 48 7424 1604
4 27 41452 121
36 90 7100 423
9 37 38147 218
78 3 132753 25
67 72 8575 217
5 73 35413 698
58 52 4870 628
91 69 37883 64
8 20 29806 224
87 31 24967 169
41 7 12128 117
17 45 10315 128
4 13 7162 22
25 76 85282 87
58 35 11844 20
95 63 19552 259
71 92 35712 467
44 93 6437 237
59 81 35438 194
37 41 17799 287
5 93 64236 197
88 80 48772 123
32 45 17043 43
89 54 19533 852
37 80 22524 135
72 29 5890 119
53 23 25076 1505
74 71 102064 222
52 25 6151 154
1 80 70484 129
83 78 7473 227
79 24 62148 12
44 46 65133 207
70 56 30673 209
43 11 27398 87
25 6 14936 67
71 72 7733 117
11 70 41424 20
99 14 39811 34
80 11 10678 47
99 19 25303 83
58 89 76300 43
21 53 48926 25
24 99 9409 152
20 18 5142 417
20 7 15961 297
71 10 21369 39
69 14 37350 59
6 12 6990 218
52 56 63375 396
25 44 123466 385
17 42 26369 187
44 74 5507 503
76 9 56513 208
49 39 21634 61
18 38 15598 12
47 11 14232 94
54 17 105003 67
26 31 32041 91
68 65 109669 168
51 87 61062 25
59 90 11117 59
38 48 23891 125
11 85 131696 733
60 92 11683 56
28 69 17207 114
17 35 89570 293
67 26 118117 689
95 41 23589 116
79 97 5303 402
97 39 8143 910
47 87 40118 41
40 89 23411 123
66 28 30174 116
79 43 74148 478
13 23 132233 279
50 87 21311 223
5 2 23773 173
56 45 58877 247
95 29 12693 38
37 68 46503 140
53 83 51205 365
88 21 370386 3438
88 96 13345 246
40 57 7727 62
26 33 34657 269
72 32 30963 24
84 61 2676 236
79 7 16469 112
21 14 8068 72
21 6 23168 100
88 48 11856 147
29 68 28011 253
88 35 28348 81
60 65 34737 450
86 72 21837 171
50 23 16190 118
81 71 5456 44
43 26 14176 221
70 7 34067 160
72 99 42651 26
66 93 29878 1153
45 31 11439 167
26 95 90366 707
39 89 152128 33
17 12 2913 186
91 66 17439 77
25 53 21136 2494
21 59 69751 567
61 60 22122 217
30 43 15581 378
77 4 4448 122
17 1 1389 170
1 63 47214 321
7 37 53375 93
31 65 54921 149
46 76 34748 112
63 80 2660 288
32 66 10758 380
31 4 5550 264
30 81 22702 217
10 55 290456 342
15 18 6647 44
22 51 11069 122
78 70 17945 97
33 69 13877 257
33 43 28586 800
6 38 25599 266
28 12 18709 164
100 3 26976 101
70 100 24634 542
3 11 5361 304
82 83 9029 137
68 17 133601 401
36 50 31957 136
74 79 2899 63
73 62 43018 113
41 42 14436 29
36 57 25592 196
57 23 22857 83
12 13 17477 28
2 60 28693 182
35 31 33348 231
76 13 47687 787
35 64 25416 74
52 40 28404 465
78 13 21016 400
78 43 14667 153
30 98 12089 90
78 36 4426 54
98 48 37466 116
87 6 96733 125
52 80 9931 108
60 29 10884 65
48 91 27303 105
6 21 8879 216
26 37 64191 269
88 15 74868 132
60 64 20587 372
30 19 36249 67
42 15 169439 561
7 85 26677 377
75 91 11785 266
24 45 14736 127
35 75 134921 267
22 88 64527 480
81 46 7815 508
94 67 38119 33
75 69 45424 100
48 68 56040 150
56 42 37852 449
6 66 10876 37
71 28 137174 87
85 26 37919 325
96 12 4803 536
74 41 8689 48
51 3 39339 749
38 77 40903 148
67 76 36982 158
67 87 26657 147
72 5 54095 27
61 3 10594 207
19 30 7051 61
84 12 5666 27
84 34 6765 114
50 51 10110 395
89 3 5532 99
68 8 27531 218
94 82 68851 103
86 79 4814 130
57 95 10257 56
89 23 14223 891
64 82 15215 199
14 16 21521 114
3 75 24787 199
76 29 20913 231
69 20 14763 94
47 85 11910 125
83 74 9767 67
16 81 60174 139
56 88 61332 411
55 93 9177 20
44 78 119823 35
18 70 3038 168
42 47 15059 77
53 30 60799 313
88 11 27451 198
45 11 10527 54
92 990
78 100
88 54
69 106
12 289
11 343

12369735
