100 499 3 3
27 69 165589 284
27 15 32488 143
27 64 57072 90
27 74 37809 759
27 31 4015 580
27 52 41211 141
27 62 28283 164
27 25 10073 56
27 18 132542 375
27 63 80715 122
27 53 10523 267
27 26 46207 78
27 19 246253 65
27 87 24272 174
27 16 17066 228
27 72 24677 269
27 3 2726 240
27 45 31282 426
27 33 80324 184
27 48 14401 48
27 91 119703 291
27 46 33613 857
27 20 22019 139
27 57 95087 22
27 4 64083 110
27 59 16642 107
27 17 9969 836
27 93 3430 19
27 50 4844 635
27 41 65533 188
27 81 14030 207
27 37 2232 212
27 67 42732 78
27 97 11859 249
27 58 50045 151
27 95 36417 474
27 68 10610 155
27 1 68512 216
27 73 95193 323
27 24 92251 205
27 99 1640 44
27 80 25915 176
27 55 4931 99
27 75 81767 135
27 85 35751 38
27 49 50834 58
27 76 15587 163
27 9 14990 12
27 23 51178 49
27 10 14503 112
27 100 21988 102
27 40 52998 707
27 98 12694 1253
27 13 14521 107
27 79 16050 101
27 38 31322 29
27 71 24973 243
27 5 234302 109
27 88 36279 770
27 86 11713 613
27 54 15242 29
27 65 5980 829
27 8 17418 45
27 42 16135 242
27 92 33667 1032
27 66 46924 393
27 7 21715 36
27 22 33054 112
27 44 11577 31
27 89 4776 915
27 29 1763 137
27 84 11369 71
27 36 12158 532
27 34 7507 131
27 70 8385 183
27 60 5815 176
27 21 20720 133
27 94 33087 709
27 82 7794 98
27 51 21855 163
27 32 47635 102
27 83 15093 80
27 28 103773 107
27 78 8348 26
27 47 14633 238
27 96 11280 210
27 39 17948 310
27 90 36938 183
27 56 62283 251
27 2 14607 185
27 61 9994 328
27 30 9476 137
27 35 18754 213
27 12 10529 175
27 43 45297 111
27 11 14161 394
27 6 22586 60
27 14 51500 131
27 77 11772 98
91 3 8700 229
96 64 22420 348
65 23 228831 138
34 12 49726 222
31 72 5815 57
41 18 74675 78
31 57 33905 129
76 41 7286 202
70 30 87068 17
30 47 57313 147
18 33 10060 132
87 67 10452 231
16 15 7805 381
25 82 267782 208
78 46 11368 176
26 84 154255 318
46 31 112533 102
49 55 57485 121
99 92 16799 44
91 28 231039 308
39 67 30473 47
97 35 54338 310
50 56 4511 201
66 91 43532 28
2 77 40349 337
88 69 17262 430
19 36 41255 215
98 77 10569 157
84 50 12740 495
56 47 81341 382
75 10 46214 617
32 88 113474 109
41 71 6850 578
1 10 17621 170
39 48 86101 52
43 49 16122 118
99 49 121280 310
39 82 28027 765
80 56 76250 644
95 62 8847 190
48 67 14606 134
9 87 38437 262
29 87 319574 121
83 1 121179 305
8 2 37096 187
36 96 91207 50
97 77 12337 24
34 35 37867 785
40 17 23701 34
23 13 55170 49
98 3 21118 344
44 92 23658 93
1 84 16032 41
5 19 38793 147
13 10 75655 182
55 94 10537 199
95 81 34779 204
54 78 34251 126
9 35 140554 142
57 82 23904 538
18 46 14226 93
37 49 7644 912
83 86 34442 102
82 84 42295 93
6 83 12114 46
22 48 51176 288
95 23 9921 167
86 57 8913 17
3 45 20314 1528
63 15 26930 275
28 2 4435 160
80 77 29366 125
23 31 44288 177
34 72 15770 331
19 64 36384 237
73 82 13481 79
40 55 158530 94
55 95 13359 104
11 19 24386 96
65 2 9081 60
33 50 31979 209
9 6 37447 396
68 16 45460 42
62 96 74196 385
43 73 53431 140
25 57 21753 91
23 75 15177 273
52 44 42856 60
86 31 68241 95
37 77 40318 292
7 4 12120 63
45 75 10111 108
87 19 88317 62
15 38 6763 216
6 38 6051 55
77 73 33800 598
46 67 26954 54
35 80 210876 171
33 69 325827 172
72 85 17614 30
36 15 100514 39
9 77 12069 185
34 90 13488 211
94 49 42768 693
46 64 44658 236
90 15 3007 42
79 52 44791 262
19 5 6194 15
72 80 10050 472
9 40 11492 404
44 5 62195 568
35 70 82246 171
11 99 12377 152
36 73 11649 39
45 4 31637 335
19 43 41711 1035
31 32 46338 265
95 76 74407 156
62 49 49867 631
35 15 39487 281
82 14 23221 141
80 12 38824 125
92 39 11368 10
1 32 55856 43
72 9 26221 1524
88 31 12262 221
47 20 418501 28
49 78 11050 82
61 31 43501 200
29 83 82753 229
10 62 26422 497
9 38 25711 973
21 82 19396 550
40 22 21264 7
55 25 23826 157
18 90 10296 65
65 69 11963 375
62 8 127479 819
16 31 17407 101
6 44 3511 138
66 50 18313 279
66 48 15046 239
40 36 5441 60
70 7 32399 136
60 45 26967 129
62 26 34497 230
35 95 9421 59
29 5 150697 1728
81 19 136709 557
38 77 23314 39
18 13 73363 182
1 68 15955 65
64 83 44631 392
15 91 26941 23
91 65 32109 41
35 16 87925 204
50 70 39023 97
43 92 30511 205
94 16 12464 129
53 8 16387 199
1 33 3699 339
10 46 14130 580
21 62 42129 124
29 55 5818 228
52 21 29194 110
79 86 24477 353
22 60 43611 290
41 50 14620 52
83 60 25122 106
65 91 6502 109
8 43 19306 199
4 68 18691 99
99 37 22799 15
67 48 22168 81
84 96 12297 187
70 23 134985 50
69 30 20111 91
75 28 46049 487
11 61 8817 134
21 78 138823 132
94 92 96111 161
64 46 29361 46
48 18 5298 186
55 63 86937 137
58 41 148499 165
17 72 40121 212
45 44 23975 299
24 10 39467 277
75 1 128869 7
41 16 17664 12
56 97 74551 91
23 43 39116 271
89 47 85193 66
16 7 23755 23
41 11 58554 100
41 59 63688 122
16 38 35320 84
81 53 6814 234
87 55 9350 155
37 95 44632 148
70 72 36153 43
7 47 8975 505
95 92 3676 73
54 29 8568 93
6 26 17096 455
4 98 23004 292
13 81 9731 258
99 20 9307 90
95 42 19800 321
22 12 38213 476
72 45 6194 48
71 97 10275 478
51 14 5903 108
5 12 69851 283
69 55 34019 65
33 70 18110 86
3 30 14799 75
79 98 60247 47
80 45 7912 79
75 61 2821 326
44 7 21899 157
43 7 14741 92
33 82 5106 149
65 47 26185 1060
85 74 44206 170
40 96 2432 167
58 71 23809 127
55 92 17188 23
13 6 7813 84
97 43 53344 194
87 74 4982 26
65 4 18416 162
40 21 52597 77
85 95 26757 267
76 36 40719 62
67 6 21443 79
61 19 35233 217
10 66 5014 173
44 57 13364 5
72 34 120229 963
84 61 19548 27
23 5 124333 300
1 42 27583 491
53 84 114228 115
51 24 16330 53
2 89 10783 50
73 7 16921 344
26 56 18855 68
99 28 46251 365
92 45 6036 418
2 60 14654 164
76 52 44822 33
65 7 7541 105
5 64 16487 145
97 91 54170 351
3 60 17045 935
64 22 78253 85
98 91 49887 104
74 18 10757 333
89 48 6187 61
100 32 12318 88
88 76 30684 73
88 53 4694 525
76 81 23263 189
87 34 147285 138
100 15 54878 227
83 39 10772 62
94 99 47580 85
7 59 10085 55
23 21 20535 29
88 26 47344 699
83 30 20945 81
54 4 1194 31
75 42 67511 214
22 99 14743 38
60 39 34013 917
84 74 2368 344
15 62 8845 170
7 61 17536 65
45 21 10685 354
51 64 3139 78
34 56 48337 272
72 61 36251 524
90 75 2007 193
47 55 25229 196
64 92 38710 219
3 67 25764 844
19 17 6027 190
15 4 7299 179
15 83 25726 62
18 44 6380 28
3 1 17546 32
29 48 19990 63
36 21 7600 226
76 35 16396 356
93 35 6767 866
36 27 7589 138
9 23 6823 450
87 48 22586 16
38 54 40086 255
40 34 24110 208
56 11 12344 99
12 53 9123 93
24 97 10855 150
17 42 18268 113
30 52 34591 157
84 40 23417 214
4 3 68710 175
84 15 145277 164
37 40 35656 107
82 98 38961 223
99 63 20815 280
37 100 8574 11
53 18 13226 310
11 13 7014 512
8 45 6843 58
16 91 10915 34
6 92 1762 1158
20 76 2745 42
96 49 48860 636
11 48 39504 111
58 43 6242 333
88 72 22540 149
82 26 12369 30
60 52 5823 142
72 66 44566 32
41 7 38640 226
46 36 7382 490
44 26 2211 577
79 87 31041 40
59 29 8229 1126
46 6 15356 321
39 77 7055 239
91 53 45609 505
14 31 8132 49
4 37 183445 94
12 27 135414 380
19 82 7299 31
93 24 42337 291
41 100 3642 47
69 4 34283 171
94 8 3669 173
22 14 41701 246
44 74 17611 151
78 17 4082 110
99 90 8021 63
73 11 13865 323
91 88 55528 522
38 81 8896 65
58 69 23336 86
1 61 20090 58
9 62 8501 575
35 55 12897 752
8 77 65892 249
25 31 48057 537
15 16 42507 464
22 31 48925 116
63 88 28575 229
33 56 20526 89
67 7 16718 27
99 74 4697 498
22 72 43923 72
49 18 28791 104
94 61 6881 281
48 54 40741 157
63 33 6955 460
97 25 12136 161
36 26 8351 309
2 48 121101 138
61 37 7818 109
19 79 39192 329
94 26 19118 412
62 16 14868 462
26 63 30026 50
93 40 19863 201
22 3 5844 48
59 67 36692 48
9 16 43485 328
9 76 101961 681
66 68 49984 104
20 18 9901 357
57 84 23061 136
3 18 117983 386
59 95 17715 389
46 66 17019 42
83 17 8295 132
16 40 35558 181
74 81 22720 43
42 89 134752 73
63 22 40322 121
62 36 18131 262
38 93 45558 141
99 81 9235 193
57 95 39817 216
43 54 88120 437
53 66 46681 460
47 90 18000 687
88 99 18760 53
64 100 60320 114
79 47 464181 112
27 792
9 20
99 99
77 122
48 129
31 140

3845239
