100 499 3 3
90 88 7842 56
90 52 3604 121
90 2 52020 307
90 5 26697 117
90 84 97284 152
90 54 35936 45
90 64 157824 40
90 6 13237 78
90 57 8355 664
90 34 27318 76
90 10 2902 709
90 24 66975 150
90 13 11311 166
90 12 12401 119
90 60 6640 96
90 3 4723 159
90 82 28178 134
90 18 37697 383
90 66 44927 30
90 86 281871 57
90 98 41752 143
90 33 24341 190
90 65 22885 133
90 49 32430 480
90 55 6701 431
90 46 7289 166
90 21 2047 159
90 72 51032 110
90 73 9874 12
90 79 143961 102
90 19 110893 100
90 14 2846 126
90 61 97094 250
90 29 17484 40
90 9 24692 57
90 22 8757 105
90 87 100181 576
90 15 61034 35
90 17 28894 153
90 41 50369 76
90 58 15063 51
90 96 9056 256
90 83 47897 279
90 75 23977 187
90 85 26156 271
90 45 7924 22
90 77 24702 22
90 42 24776 144
90 48 123289 716
90 63 33543 49
90 39 15837 89
90 68 16203 14
90 62 32561 42
90 20 2083 119
90 80 21590 61
90 26 6714 435
90 50 42613 114
90 37 291935 56
90 38 35391 205
90 69 77313 110
90 4 5129 80
90 7 6665 221
90 44 37599 167
90 8 11425 108
90 94 116521 42
90 28 11292 230
90 40 21010 444
90 27 10139 260
90 74 7866 288
90 92 3785 87
90 95 84596 1295
90 32 34994 767
90 93 227646 207
90 97 14912 520
90 23 116203 46
90 36 36299 448
90 31 73248 321
90 99 16057 59
90 51 113062 223
90 70 6914 53
90 53 11218 158
90 56 121902 345
90 91 11868 190
90 81 8060 151
90 47 41434 476
90 16 41117 639
90 67 18165 638
90 43 10369 129
90 1 29694 100
90 11 54910 308
90 76 21885 773
90 100 29969 140
90 71 55182 380
90 35 30795 121
90 30 70427 36
90 78 45888 161
90 89 13086 156
90 25 15754 65
90 59 24120 21
8 99 17461 77
99 96 162201 227
55 14 12149 645
44 91 136993 207
4 13 46092 262
47 43 3791 164
47 15 32560 288
31 96 8301 198
45 91 18450 137
31 54 29812 556
19 20 8753 72
71 31 9508 42
55 80 8258 41
64 95 79263 674
70 1 33404 45
99 26 21914 132
7 47 5249 499
87 53 11813 197
32 59 21798 398
63 93 31363 170
44 88 63048 178
11 12 66862 1309
88 75 3261 68
43 65 3922 100
50 28 63968 236
25 15 31586 287
14 80 68720 154
13 53 52833 101
32 99 16597 109
81 33 17623 221
2 83 16903 217
97 29 20133 327
42 8 6985 24
51 90 35575 425
51 93 79878 173
36 64 42129 101
95 100 11207 1209
99 89 68134 68
40 61 11477 17
22 96 8609 256
88 32 5853 500
8 6 14709 260
65 59 50360 1164
51 52 24920 266
80 96 18835 286
6 48 29825 159
41 63 6076 241
96 84 32548 67
38 84 65363 18
8 29 82246 191
40 60 139013 901
35 11 41609 146
16 48 40328 85
4 45 5073 92
75 96 74617 310
89 28 168800 14
87 80 8295 82
58 57 12241 87
96 56 6485 157
60 81 58463 380
54 66 65515 83
10 40 12784 128
98 77 7676 140
88 56 8678 150
88 26 23837 231
77 96 37942 36
12 48 128738 43
94 55 184482 287
13 99 25100 136
19 46 33186 301
53 83 25864 47
63 31 15967 507
65 99 17334 62
40 38 25790 241
40 18 26541 76
21 59 12780 152
50 76 9586 92
100 17 15661 38
73 61 29049 1176
29 52 13952 487
100 11 27968 146
42 81 3048 235
84 13 13295 175
32 75 5920 168
92 18 21248 465
17 57 43241 150
36 73 190875 1231
76 21 6790 20
61 27 6459 172
52 47 12307 92
94 42 59549 62
1 75 6541 152
58 59 11849 50
92 37 17883 287
26 34 61816 3229
54 29 15669 79
20 72 30110 50
42 18 23478 33
73 70 73835 181
11 88 41094 128
72 41 5599 172
98 76 7592 364
57 77 20326 65
13 96 17518 628
69 72 74750 133
98 84 5053 205
87 58 4882 348
56 36 172757 84
41 60 38059 123
54 92 25421 127
55 75 18672 791
2 39 23859 355
89 74 47020 470
14 81 11984 613
61 57 16472 66
97 2 32658 101
59 2 42252 174
29 23 4828 26
42 31 27765 49
71 24 19765 84
37 80 88448 1176
61 65 2425 306
39 76 20950 46
23 46 81707 74
9 97 51472 283
72 82 5313 694
9 37 9262 129
61 55 9837 443
46 87 44264 550
50 40 36993 76
75 86 4050 316
54 97 3374 36
44 25 14313 312
81 60 20152 822
64 40 59390 61
94 8 10789 517
11 34 45741 349
8 31 17942 1113
56 73 20748 27
67 89 3276 215
67 82 8139 267
32 94 112011 279
32 100 12574 237
69 16 31419 128
81 77 17976 59
39 33 10749 60
76 10 11104 406
84 97 13215 122
19 31 12909 56
94 83 51895 106
89 34 24612 41
43 61 26183 482
55 3 5952 396
73 6 21556 439
72 69 3853 137
76 97 11884 211
37 2 9640 213
41 26 84171 216
12 26 188427 403
25 73 11067 743
92 65 7357 115
86 52 18852 97
4 62 19772 329
24 81 24553 102
20 70 29287 201
56 80 28535 183
2 31 21049 199
79 62 35098 213
50 17 23761 468
94 43 24965 185
5 31 5416 160
98 11 5944 130
76 84 17992 424
64 37 41190 94
10 74 41053 78
26 44 10604 59
4 98 56053 43
26 77 20379 466
91 78 17416 47
2 93 30099 121
33 50 24044 429
83 35 29670 78
51 32 8572 75
70 38 30641 24
67 21 11960 130
27 52 87443 115
44 41 6612 285
47 39 30742 272
61 20 48560 172
97 52 72756 413
36 97 140284 289
64 1 103738 326
65 4 10642 30
27 41 31936 52
51 14 76595 356
50 98 21699 71
88 37 8449 37
98 42 20312 1925
52 14 7924 103
76 52 45002 90
76 45 32981 63
40 67 12145 92
3 55 26212 140
6 1 6372 244
69 55 12943 189
10 12 9075 32
77 55 37111 94
23 98 3171 210
93 61 7921 73
100 47 15836 243
45 95 9633 30
37 54 44884 416
3 31 5466 32
78 83 16043 34
43 50 2613 222
55 43 32188 62
46 12 9290 117
40 25 24093 171
47 100 9172 102
12 51 27349 687
1 96 42458 126
39 94 24483 859
79 2 11753 14
77 34 8894 269
87 66 2911 21
46 71 94408 274
99 11 26533 515
61 54 59815 63
37 61 18931 134
49 45 245011 18
70 28 7365 394
55 8 23956 30
62 85 47528 353
12 17 12736 79
45 62 31622 113
43 21 67465 265
57 70 68113 58
91 35 11369 93
73 98 14074 17
8 94 12684 39
60 34 40906 74
52 34 45151 245
7 18 43592 268
36 24 2427 25
84 96 10514 66
46 82 16798 486
51 79 45220 33
29 14 13612 400
40 32 82155 56
62 46 23217 16
1 81 17772 60
79 99 18432 90
83 46 15239 87
35 84 131618 45
99 41 23098 217
24 44 25971 124
29 54 93613 913
76 1 4628 504
21 38 28674 135
17 50 91971 352
44 5 49542 538
41 38 28299 352
72 70 102331 466
50 58 15667 187
99 9 32041 188
13 30 4192 191
25 97 34181 426
67 36 36265 469
98 5 177452 61
50 77 6143 374
89 63 69839 1539
60 68 64068 130
1 14 26210 96
64 91 53038 12
22 94 8687 86
67 6 63263 751
9 17 45056 16
17 100 19328 161
45 71 11888 369
12 3 29518 313
73 11 17348 110
84 42 31563 110
89 97 9121 195
35 72 210768 576
22 1 38587 276
18 61 30642 44
3 22 11728 193
60 2 10457 154
69 74 7411 280
20 60 25195 547
19 4 9033 69
16 46 20749 282
75 24 24534 28
16 40 11716 43
51 87 180959 678
47 54 31317 488
9 73 31733 251
31 40 75296 633
30 21 46688 437
16 10 66599 187
80 13 3995 95
51 74 18762 122
84 34 9618 84
4 5 14824 240
71 86 32133 210
51 84 16935 409
95 31 4765 370
82 62 38364 170
81 67 155902 410
94 48 54318 314
96 89 6872 709
44 31 10623 120
36 61 5464 346
87 30 13736 497
61 96 15889 933
54 15 36872 41
30 88 25011 144
84 39 55014 101
28 88 95962 345
74 6 25180 130
56 84 14268 33
65 30 67503 102
40 51 77323 30
95 47 25523 555
35 75 34798 34
61 70 27882 137
20 82 188875 134
65 44 9206 211
60 50 94450 240
65 14 5646 130
92 56 9965 230
93 16 21246 327
82 38 28573 120
91 99 77283 243
11 92 6002 43
49 69 33673 37
17 2 31576 415
64 53 14515 533
12 71 23210 184
10 78 44474 511
74 70 7052 106
84 58 26174 187
7 69 135027 148
76 58 62722 132
33 43 5406 97
2 74 19500 102
93 87 47601 72
22 73 18103 141
3 87 59181 110
67 58 132769 183
49 79 28285 34
15 66 36623 255
69 95 86192 212
95 85 8991 291
57 41 17674 192
86 100 12051 239
51 98 20225 424
91 56 17283 472
56 14 46117 98
79 25 14479 754
23 83 20927 50
11 43 6634 290
17 74 12207 106
70 12 92074 287
57 95 8388 86
30 62 5865 60
94 17 6152 123
37 30 88190 146
100 86 13444 70
25 69 15033 61
85 12 5047 228
34 22 31800 1362
30 40 4634 13
7 29 27931 267
44 86 22433 2326
57 39 108189 1476
44 17 13205 525
67 57 8533 134
88 83 47921 83
24 76 9182 727
33 100 11599 194
57 80 18947 144
100 20 3856 200
66 96 15079 47
27 100 12196 561
48 40 15205 660
30 98 27368 47
63 52 38561 125
11 27 10088 582
74 52 9624 122
66 97 38689 34
36 82 26891 80
74 58 13688 209
16 97 16689 454
47 14 26623 84
99 39 17183 133
24 16 14067 95
34 9 115599 353
56 95 43524 111
67 75 46341 27
90 396
51 190
76 56
96 60
31 56
97 104

2766880
